Hist	Tr_Tot	Tr_in	DSBs	DSBt	RIFs	NComb	PSurv	lPSurv	PMut*	PMut
1	564	462	167	170	92	134	0.1736	1.751	2.90189e-06	1.67159e-05
2	560	440	183	188	93	210	0.105227	2.25164	2.29079e-06	2.17701e-05
3	556	449	187	194	97	194	0.109951	2.20772	2.33741e-06	2.12587e-05
4	553	431	176	179	93	160	0.143687	1.94012	2.67335e-06	1.86054e-05
5	550	441	170	171	90	139	0.16817	1.78278	2.86529e-06	1.70381e-05
6	547	421	183	189	95	224	0.0973619	2.32932	2.1975e-06	2.25704e-05
7	544	427	166	169	87	146	0.164323	1.80592	2.84231e-06	1.72971e-05
8	541	423	185	192	97	207	0.104198	2.26146	2.27533e-06	2.18365e-05
9	538	415	200	204	102	200	0.100147	2.30112	2.21744e-06	2.2142e-05
10	556	443	179	190	99	172	0.126135	2.0704	2.50555e-06	1.9864e-05
11	532	409	171	174	84	206	0.117265	2.14332	2.43528e-06	2.07673e-05
12	529	418	193	198	95	221	0.0934303	2.37054	2.14133e-06	2.29191e-05
13	526	420	157	162	75	183	0.14218	1.95066	2.68264e-06	1.88679e-05
14	522	424	154	160	94	105	0.214317	1.5403	3.1313e-06	1.46106e-05
15	537	423	166	171	97	133	0.173396	1.75218	2.89904e-06	1.67193e-05
16	586	473	186	189	95	183	0.120005	2.12022	2.44714e-06	2.0392e-05
17	509	405	179	186	100	177	0.126087	2.07078	2.50962e-06	1.99038e-05
18	502	404	179	185	90	168	0.132841	2.0186	2.57303e-06	1.93692e-05
19	528	413	172	173	92	155	0.153058	1.87694	2.7552e-06	1.80011e-05
20	549	438	177	183	94	228	0.099059	2.31204	2.22331e-06	2.24443e-05
21	553	434	156	161	89	118	0.199313	1.61288	3.061e-06	1.53578e-05
22	549	444	151	153	88	105	0.223948	1.49634	3.18353e-06	1.42155e-05
23	559	433	200	203	105	199	0.101293	2.28974	2.23172e-06	2.20324e-05
24	525	409	182	192	99	174	0.123297	2.09316	2.47619e-06	2.00831e-05
25	537	405	186	193	97	180	0.118833	2.13004	2.43112e-06	2.04584e-05
26	506	399	154	160	90	118	0.200568	1.6066	3.06896e-06	1.53013e-05
27	535	432	156	161	86	127	0.190371	1.65878	3.01471e-06	1.5836e-05
28	562	427	163	170	83	190	0.130472	2.0366	2.56917e-06	1.96914e-05
29	564	441	186	190	105	154	0.138263	1.9786	2.61421e-06	1.89076e-05
30	543	448	185	187	92	174	0.12723	2.06176	2.51926e-06	1.98009e-05
31	526	421	185	193	96	182	0.117627	2.14024	2.41895e-06	2.05646e-05
32	515	400	172	179	97	143	0.1567	1.85342	2.77394e-06	1.77022e-05
33	552	423	181	183	94	164	0.137293	1.98564	2.61457e-06	1.90438e-05
34	582	470	199	203	105	194	0.103909	2.26424	2.26176e-06	2.17667e-05
35	575	433	183	187	100	152	0.142337	1.94956	2.65201e-06	1.86319e-05
36	570	446	176	177	89	208	0.113908	2.17236	2.39697e-06	2.10429e-05
37	565	418	177	180	99	143	0.155719	1.8597	2.76536e-06	1.77586e-05
38	561	447	170	173	95	122	0.181112	1.70864	2.94265e-06	1.62477e-05
39	557	426	141	143	89	107	0.236043	1.44374	3.24731e-06	1.37573e-05
40	554	440	208	217	96	264	0.0665927	2.70916	1.74981e-06	2.62763e-05
41	551	452	163	170	93	129	0.178084	1.7255	2.92953e-06	1.64503e-05
42	548	433	193	196	101	184	0.11426	2.16928	2.3812e-06	2.08402e-05
43	545	427	197	205	103	187	0.106341	2.2411	2.28716e-06	2.15077e-05
44	542	418	195	203	94	225	0.0887138	2.42234	2.07713e-06	2.34138e-05
45	539	406	169	172	99	147	0.160436	1.82986	2.81077e-06	1.75196e-05
46	536	423	137	139	81	110	0.238373	1.43392	3.26353e-06	1.36909e-05
47	533	413	174	178	102	125	0.172848	1.75534	2.88472e-06	1.66893e-05
48	530	429	179	186	87	249	0.0873371	2.43798	2.07246e-06	2.37294e-05
49	527	418	172	181	89	195	0.118697	2.13118	2.44255e-06	2.0578e-05
50	536	423	201	205	102	193	0.103137	2.2717	2.25111e-06	2.18265e-05
51	519	414	181	185	97	155	0.141947	1.9523	2.65135e-06	1.86785e-05
52	515	408	144	149	82	114	0.219343	1.51712	3.17342e-06	1.44679e-05
53	510	408	172	176	93	165	0.142733	1.94678	2.66936e-06	1.87018e-05
54	557	431	229	234	107	281	0.0548792	2.90262	1.54426e-06	2.81392e-05
55	564	448	198	204	100	241	0.0812504	2.51022	1.97604e-06	2.43204e-05
56	487	389	151	157	87	114	0.208595	1.56736	3.11213e-06	1.49195e-05
57	512	393	132	133	84	89	0.275508	1.28914	3.37122e-06	1.22364e-05
58	570	448	198	206	102	179	0.110076	2.20658	2.32691e-06	2.1139e-05
59	559	434	187	190	111	150	0.141112	1.9582	2.6381e-06	1.8695e-05
60	524	419	160	164	86	148	0.167844	1.78472	2.87368e-06	1.71211e-05
61	566	439	194	199	100	214	0.0962198	2.34112	2.17491e-06	2.26036e-05
62	548	435	202	206	94	274	0.0678077	2.69108	1.77566e-06	2.61867e-05
63	535	421	149	154	88	117	0.209335	1.56382	3.12108e-06	1.49095e-05
64	513	394	152	160	97	96	0.224383	1.4944	3.17107e-06	1.41324e-05
65	543	433	190	191	106	163	0.131233	2.03078	2.55146e-06	1.94422e-05
66	543	423	167	170	92	170	0.144482	1.9346	2.69152e-06	1.86287e-05
67	500	387	180	185	94	179	0.125594	2.0747	2.50606e-06	1.99536e-05
68	603	472	208	217	113	251	0.0711575	2.64286	1.8206e-06	2.55856e-05
69	592	465	191	200	100	216	0.0946471	2.3576	2.15476e-06	2.27663e-05
70	583	468	204	210	102	204	0.0944958	2.3592	2.14441e-06	2.26932e-05
71	576	460	177	181	102	140	0.15713	1.85068	2.77424e-06	1.76557e-05
72	563	432	142	149	88	97	0.239208	1.43042	3.24477e-06	1.35646e-05
73	529	410	152	153	87	96	0.234467	1.45044	3.22094e-06	1.37373e-05
74	562	453	179	186	98	158	0.138917	1.97388	2.62474e-06	1.88943e-05
75	558	435	181	185	101	150	0.145613	1.9268	2.68115e-06	1.84128e-05
76	555	437	164	168	86	166	0.149324	1.90164	2.73311e-06	1.83033e-05
77	551	451	170	179	98	150	0.151205	1.88912	2.73289e-06	1.80741e-05
78	548	422	187	192	97	175	0.12267	2.09826	2.47011e-06	2.01362e-05
79	545	441	198	211	103	262	0.0698587	2.66128	1.80455e-06	2.58313e-05
80	543	440	154	156	89	107	0.217538	1.52538	3.15237e-06	1.44911e-05
81	540	405	193	201	101	247	0.0803005	2.52198	1.96494e-06	2.44699e-05
82	537	432	191	196	99	191	0.110253	2.20498	2.3387e-06	2.12122e-05
83	534	424	198	201	99	210	0.0969771	2.33328	2.18237e-06	2.25039e-05
84	499	390	167	170	98	117	0.189323	1.6643	2.99371e-06	1.58127e-05
85	528	408	154	160	88	153	0.16778	1.7851	2.87928e-06	1.7161e-05
86	524	399	169	176	98	137	0.164642	1.80398	2.83416e-06	1.7214e-05
87	520	409	168	172	96	160	0.150144	1.89616	2.73417e-06	1.82103e-05
88	516	410	163	169	91	148	0.162656	1.81612	2.83075e-06	1.74034e-05
89	541	411	183	185	89	191	0.118138	2.1359	2.43261e-06	2.05912e-05
90	492	393	173	178	87	246	0.0932529	2.37244	2.15586e-06	2.31184e-05
91	498	397	141	146	81	117	0.220121	1.51358	3.18249e-06	1.44579e-05
92	549	457	195	199	100	194	0.106552	2.23912	2.29523e-06	2.15409e-05
93	538	437	187	194	91	205	0.103953	2.26382	2.27065e-06	2.18431e-05
94	496	394	131	132	83	71	0.303899	1.19106	3.41082e-06	1.12235e-05
95	559	437	197	201	104	167	0.120756	2.11398	2.4416e-06	2.02192e-05
96	525	407	186	193	94	197	0.108964	2.21674	2.32764e-06	2.13616e-05
97	530	423	154	159	85	123	0.19675	1.62582	3.05171e-06	1.55106e-05
98	560	442	161	166	94	121	0.190219	1.65958	3.00535e-06	1.57994e-05
99	535	418	161	164	92	121	0.192623	1.64702	3.02159e-06	1.56865e-05
100	550	430	170	176	91	170	0.139139	1.97228	2.63911e-06	1.89674e-05
101	520	416	158	164	82	164	0.154692	1.86632	2.78001e-06	1.79713e-05
102	548	426	162	163	90	121	0.193837	1.64074	3.02968e-06	1.56301e-05
103	581	477	179	186	97	154	0.14178	1.95348	2.6487e-06	1.86818e-05
104	542	417	155	156	91	102	0.223157	1.49988	3.1745e-06	1.42254e-05
105	553	440	185	190	97	204	0.107142	2.2336	2.31043e-06	2.15642e-05
106	517	407	159	164	91	149	0.16699	1.78982	2.86793e-06	1.71743e-05
107	566	462	207	217	104	239	0.0756483	2.58166	1.88727e-06	2.4948e-05
108	572	450	158	165	86	155	0.160944	1.8267	2.82448e-06	1.75495e-05
109	567	443	165	170	99	120	0.186449	1.6796	2.97797e-06	1.59721e-05
110	563	443	167	173	91	148	0.158621	1.84124	2.79635e-06	1.76291e-05
111	559	438	167	172	94	128	0.17676	1.73296	2.91832e-06	1.651e-05
112	555	423	171	175	94	171	0.139304	1.9711	2.64177e-06	1.89641e-05
113	552	437	180	185	96	167	0.133521	2.0135	2.57909e-06	1.93161e-05
114	549	416	167	172	79	191	0.128188	2.05426	2.54548e-06	1.98574e-05
115	546	420	176	180	91	175	0.132271	2.0229	2.57385e-06	1.94589e-05
116	543	433	178	182	98	152	0.146877	1.91816	2.69515e-06	1.83497e-05
117	540	413	186	190	101	162	0.132735	2.0194	2.56612e-06	1.93326e-05
118	538	436	191	198	102	165	0.124315	2.08494	2.47928e-06	1.99436e-05
119	535	426	183	191	98	193	0.112615	2.18378	2.36899e-06	2.10362e-05
120	532	428	151	153	88	106	0.222809	1.50144	3.17917e-06	1.42686e-05
121	528	421	169	172	91	156	0.153238	1.87576	2.75795e-06	1.79978e-05
122	525	398	178	187	108	148	0.14527	1.92916	2.67579e-06	1.84194e-05
123	521	408	176	182	99	159	0.141726	1.95386	2.65334e-06	1.87216e-05
124	519	404	169	174	93	143	0.161699	1.82202	2.81678e-06	1.74199e-05
125	512	392	196	202	92	246	0.0802058	2.52316	1.96289e-06	2.44732e-05
126	507	406	178	180	91	152	0.148733	1.9056	2.71242e-06	1.82368e-05
127	578	442	166	169	98	154	0.157754	1.84672	2.79574e-06	1.77222e-05
128	550	427	161	162	93	120	0.196055	1.62936	3.04287e-06	1.55205e-05
129	513	398	156	158	81	126	0.194984	1.63484	3.04438e-06	1.56135e-05
130	565	433	176	186	88	229	0.0967157	2.33598	2.19223e-06	2.26668e-05
131	560	451	169	178	98	139	0.160937	1.82674	2.80565e-06	1.74332e-05
132	544	421	149	154	89	113	0.213649	1.54342	3.14e-06	1.4697e-05
133	566	442	172	177	96	169	0.138975	1.97346	2.63646e-06	1.89707e-05
134	535	422	160	167	93	139	0.172448	1.75766	2.89924e-06	1.68123e-05
135	535	419	173	177	96	139	0.161951	1.82046	2.81418e-06	1.73767e-05
136	545	418	139	141	82	115	0.229471	1.47198	3.22852e-06	1.40694e-05
137	556	415	158	163	89	137	0.178648	1.72234	2.94415e-06	1.64802e-05
138	544	415	155	160	94	109	0.209989	1.5607	3.1127e-06	1.48231e-05
139	501	395	165	169	98	119	0.188582	1.66822	2.99139e-06	1.58625e-05
140	595	463	226	237	102	272	0.0563846	2.87556	1.5692e-06	2.78303e-05
141	553	417	164	169	95	133	0.175587	1.73962	2.91586e-06	1.66064e-05
142	587	462	187	191	95	201	0.108113	2.22458	2.32024e-06	2.14613e-05
143	580	460	205	217	108	255	0.0697206	2.66326	1.79866e-06	2.57981e-05
144	573	453	183	186	102	149	0.145442	1.92798	2.67847e-06	1.84161e-05
145	568	439	186	191	99	158	0.134623	2.00528	2.5816e-06	1.91765e-05
146	564	449	176	181	97	152	0.147802	1.91188	2.70379e-06	1.82933e-05
147	579	463	160	165	92	135	0.178227	1.7247	2.93839e-06	1.64868e-05
148	556	416	200	202	104	182	0.111163	2.19676	2.34249e-06	2.10727e-05
149	553	444	177	180	93	159	0.143517	1.9413	2.67068e-06	1.86087e-05
150	550	437	151	157	88	112	0.210734	1.55716	3.12164e-06	1.48132e-05
151	547	432	183	194	87	212	0.100307	2.29952	2.22833e-06	2.22151e-05
152	544	451	191	197	101	185	0.112967	2.18066	2.36664e-06	2.09498e-05
153	541	438	171	177	101	129	0.170425	1.76946	2.87088e-06	1.68454e-05
154	538	425	169	174	94	153	0.153659	1.87302	2.75837e-06	1.79513e-05
155	535	415	148	151	84	118	0.212231	1.55008	3.1396e-06	1.47933e-05
156	532	418	151	156	84	151	0.173812	1.74978	2.92507e-06	1.68289e-05
157	529	410	181	186	93	168	0.13201	2.02488	2.56437e-06	1.94256e-05
158	532	415	202	208	105	287	0.0626658	2.76994	1.69137e-06	2.69903e-05
159	522	388	171	180	100	152	0.148733	1.9056	2.71242e-06	1.82368e-05
160	518	408	176	181	92	152	0.147802	1.91188	2.70379e-06	1.82933e-05
161	514	413	152	157	91	99	0.225179	1.49086	3.18008e-06	1.41225e-05
162	508	401	179	187	92	213	0.104282	2.26066	2.28096e-06	2.18731e-05
163	556	439	173	176	104	117	0.182322	1.70198	2.94475e-06	1.61514e-05
164	550	426	171	178	89	168	0.138811	1.97464	2.63381e-06	1.89741e-05
165	484	374	157	161	92	155	0.165038	1.80158	2.85907e-06	1.73237e-05
166	567	442	168	172	97	115	0.188877	1.66666	2.9879e-06	1.58193e-05
167	560	431	160	163	86	157	0.161324	1.82434	2.83009e-06	1.75429e-05
168	525	425	169	173	88	174	0.138922	1.97384	2.641e-06	1.90106e-05
169	485	372	145	146	91	86	0.257824	1.35548	3.30293e-06	1.28108e-05
170	573	444	199	204	105	180	0.110901	2.19912	2.33771e-06	2.10793e-05
171	530	418	161	162	92	119	0.197057	1.62426	3.04796e-06	1.54674e-05
172	555	433	162	165	86	143	0.171101	1.7655	2.89365e-06	1.69119e-05
173	596	467	169	174	93	142	0.162526	1.81692	2.82255e-06	1.73668e-05
174	539	419	193	198	101	162	0.126231	2.06964	2.49738e-06	1.97842e-05
175	527	426	166	171	85	165	0.147286	1.91538	2.71293e-06	1.84195e-05
176	470	378	136	143	80	105	0.238463	1.43354	3.25526e-06	1.3651e-05
177	553	429	185	189	101	156	0.137722	1.98252	2.61084e-06	1.89574e-05
178	518	396	193	200	104	189	0.10862	2.2199	2.31705e-06	2.13317e-05
179	522	411	176	178	101	128	0.170224	1.77064	2.86806e-06	1.68487e-05
180	564	438	184	185	103	165	0.134889	2.0033	2.5912e-06	1.92098e-05
181	529	407	174	177	98	132	0.167837	1.78476	2.85404e-06	1.70048e-05
182	565	440	162	165	87	136	0.17732	1.7298	2.93287e-06	1.654e-05
183	561	435	195	203	104	215	0.0933555	2.37134	2.13621e-06	2.28825e-05
184	557	447	152	158	88	132	0.189107	1.66544	3.01292e-06	1.59323e-05
185	554	424	210	220	109	223	0.0805482	2.5189	1.95468e-06	2.42672e-05
186	551	430	167	170	98	156	0.155175	1.8632	2.77529e-06	1.78849e-05
187	548	442	152	155	89	92	0.236313	1.4426	3.22274e-06	1.36376e-05
188	545	428	156	160	86	134	0.184852	1.6882	2.98563e-06	1.61515e-05
189	542	431	166	171	104	111	0.193984	1.63998	3.01651e-06	1.55503e-05
190	539	416	166	174	90	167	0.14307	1.94442	2.67472e-06	1.86951e-05
191	536	408	154	159	98	103	0.217878	1.52382	3.14788e-06	1.44479e-05
192	533	437	155	159	86	134	0.186016	1.68192	2.99394e-06	1.6095e-05
193	530	410	176	181	102	140	0.15713	1.85068	2.77424e-06	1.76557e-05
194	527	412	183	192	109	183	0.117765	2.13906	2.42141e-06	2.05613e-05
195	523	421	145	145	80	117	0.221507	1.5073	3.19003e-06	1.44015e-05
196	519	412	180	185	83	276	0.0765815	2.5694	1.92277e-06	2.51076e-05
197	515	404	172	177	90	189	0.125499	2.07546	2.51417e-06	2.00334e-05
198	551	434	179	185	93	204	0.11056	2.2022	2.35293e-06	2.1282e-05
199	504	384	178	181	94	141	0.156331	1.85578	2.76843e-06	1.77088e-05
200	496	401	164	167	92	125	0.185211	1.68626	2.97604e-06	1.60684e-05
201	513	388	178	182	85	209	0.109826	2.20886	2.34789e-06	2.13783e-05
202	554	426	185	187	94	183	0.121522	2.10766	2.46435e-06	2.02791e-05
203	560	425	176	178	97	130	0.168497	1.78084	2.85686e-06	1.6955e-05
204	525	425	164	167	93	134	0.176902	1.73216	2.92712e-06	1.65466e-05
205	523	421	170	174	94	151	0.155234	1.86282	2.77015e-06	1.7845e-05
206	580	461	169	176	90	155	0.150201	1.89578	2.72922e-06	1.81704e-05
207	535	411	203	206	93	277	0.0667781	2.70638	1.75934e-06	2.63461e-05
208	544	422	205	210	96	268	0.0681803	2.6856	1.77908e-06	2.60937e-05
209	511	388	142	149	87	102	0.233186	1.45592	3.22502e-06	1.38303e-05
210	544	425	144	151	84	117	0.213316	1.54498	3.14432e-06	1.47402e-05
211	501	390	172	179	94	142	0.157502	1.84832	2.77975e-06	1.7649e-05
212	536	425	158	161	94	136	0.181831	1.70468	2.96642e-06	1.63142e-05
213	553	432	164	170	94	127	0.17991	1.7153	2.94045e-06	1.6344e-05
214	518	424	171	175	93	179	0.133734	2.0119	2.593e-06	1.93892e-05
215	557	426	157	164	98	118	0.195593	1.63172	3.03699e-06	1.55271e-05
216	576	465	206	210	105	206	0.0935368	2.3694	2.13259e-06	2.27994e-05
217	571	451	188	195	97	197	0.107604	2.2293	2.31074e-06	2.14745e-05
218	566	436	166	169	99	127	0.181043	1.70902	2.94875e-06	1.62876e-05
219	562	449	154	156	90	116	0.207779	1.57128	3.1103e-06	1.49693e-05
220	558	433	183	188	99	165	0.132372	2.02214	2.56525e-06	1.93791e-05
221	517	399	164	167	89	136	0.175107	1.74236	2.91603e-06	1.66529e-05
222	551	437	188	189	94	179	0.122478	2.09982	2.47155e-06	2.01794e-05
223	548	443	172	178	91	183	0.128588	2.05114	2.54232e-06	1.9771e-05
224	545	421	175	183	86	176	0.129142	2.04684	2.5417e-06	1.96814e-05
225	542	421	162	166	96	153	0.161576	1.82278	2.82753e-06	1.74997e-05
226	540	431	166	167	90	152	0.161385	1.82396	2.82473e-06	1.7503e-05
227	537	424	216	223	113	235	0.0743523	2.59894	1.86432e-06	2.50741e-05
228	534	399	144	146	85	108	0.23046	1.46768	3.22176e-06	1.39797e-05
229	531	413	203	211	95	247	0.0754127	2.58478	1.88791e-06	2.50343e-05
230	527	433	163	166	93	124	0.187331	1.67488	2.98958e-06	1.59588e-05
231	524	403	146	148	84	123	0.210822	1.55674	3.13906e-06	1.48896e-05
232	587	466	193	196	108	147	0.137989	1.98058	2.60445e-06	1.88743e-05
233	516	406	165	168	93	177	0.141177	1.95774	2.66652e-06	1.88878e-05
234	511	386	181	189	101	165	0.131543	2.02842	2.55662e-06	1.94356e-05
235	505	389	173	176	106	129	0.171499	1.76318	2.87928e-06	1.6789e-05
236	550	442	174	184	99	164	0.136433	1.99192	2.6059e-06	1.91002e-05
237	570	448	182	184	98	151	0.145785	1.92562	2.68383e-06	1.84095e-05
238	537	414	155	158	91	104	0.218135	1.52264	3.15087e-06	1.44446e-05
239	560	446	160	167	89	153	0.160564	1.82906	2.81889e-06	1.75561e-05
240	526	414	196	204	95	230	0.0859388	2.45412	2.03984e-06	2.37359e-05
241	558	452	196	206	101	184	0.107305	2.23208	2.29683e-06	2.14047e-05
242	574	444	207	209	103	231	0.0828586	2.49062	1.99452e-06	2.40713e-05
243	568	421	197	202	102	231	0.0865823	2.44666	2.04994e-06	2.36762e-05
244	520	396	191	200	98	230	0.0881249	2.429	2.07183e-06	2.35102e-05
245	597	466	190	195	100	187	0.113234	2.1783	2.37148e-06	2.09432e-05
246	518	401	180	184	91	234	0.0954722	2.34892	2.17863e-06	2.28195e-05
247	553	452	188	193	102	188	0.114082	2.17084	2.38242e-06	2.08834e-05
248	578	463	181	187	99	179	0.124027	2.08726	2.48878e-06	2.00665e-05
249	553	416	169	174	96	141	0.163357	1.81182	2.8283e-06	1.73137e-05
250	593	464	175	177	95	159	0.146247	1.92246	2.6967e-06	1.84394e-05
251	585	457	172	174	104	113	0.188432	1.66902	2.98211e-06	1.58259e-05
252	578	463	179	181	96	162	0.140453	1.96288	2.64398e-06	1.88246e-05
253	572	436	172	175	96	150	0.155051	1.864	2.7674e-06	1.78483e-05
254	567	452	177	182	90	209	0.109826	2.20886	2.34789e-06	2.13783e-05
255	580	457	204	212	103	238	0.0784605	2.54516	1.93112e-06	2.46126e-05
256	559	428	193	196	105	153	0.133831	2.01118	2.56863e-06	1.91931e-05
257	555	442	180	184	103	157	0.141392	1.95622	2.64803e-06	1.87283e-05
258	552	428	195	203	99	213	0.0943126	2.36114	2.14809e-06	2.27762e-05
259	549	427	162	170	101	103	0.203335	1.5929	3.06402e-06	1.50688e-05
260	546	440	181	191	103	191	0.11377	2.17358	2.38119e-06	2.09299e-05
261	493	369	162	165	88	157	0.159311	1.8369	2.81275e-06	1.76558e-05
262	540	437	178	189	96	199	0.110602	2.20182	2.34941e-06	2.12421e-05
263	537	427	152	154	90	101	0.227133	1.48222	3.19335e-06	1.40594e-05
264	534	427	179	183	95	169	0.133836	2.01114	2.5843e-06	1.93094e-05
265	531	414	171	177	90	169	0.138975	1.97346	2.63646e-06	1.89707e-05
266	528	405	165	167	92	129	0.181471	1.70666	2.95452e-06	1.62809e-05
267	525	419	159	163	92	147	0.169765	1.77334	2.88796e-06	1.70115e-05
268	521	401	159	161	86	120	0.19729	1.62308	3.0509e-06	1.5464e-05
269	517	411	153	155	97	82	0.248677	1.3916	3.25924e-06	1.31063e-05
270	512	395	145	155	91	105	0.221153	1.5089	3.16876e-06	1.43284e-05
271	550	443	184	188	99	196	0.113014	2.18024	2.37627e-06	2.10263e-05
272	550	440	153	157	96	84	0.243081	1.41436	3.23917e-06	1.33255e-05
273	491	383	194	196	96	212	0.099055	2.31208	2.2117e-06	2.2328e-05
274	579	462	186	190	106	148	0.142559	1.948	2.64999e-06	1.85888e-05
275	560	435	154	161	82	155	0.165038	1.80158	2.85907e-06	1.73237e-05
276	526	417	154	155	94	96	0.231541	1.463	3.20688e-06	1.38502e-05
277	556	437	184	193	99	148	0.139898	1.96684	2.62423e-06	1.87581e-05
278	564	429	163	167	87	136	0.175107	1.74236	2.91603e-06	1.66529e-05
279	535	429	153	160	86	139	0.180198	1.7137	2.95833e-06	1.64171e-05
280	524	407	164	175	92	157	0.149613	1.8997	2.72599e-06	1.82202e-05
281	506	392	159	161	101	93	0.226416	1.48538	3.1765e-06	1.40295e-05
282	544	430	192	196	109	165	0.125886	2.07238	2.4964e-06	1.98307e-05
283	501	378	146	157	81	122	0.200256	1.60816	3.07283e-06	1.53445e-05
284	565	444	200	204	104	169	0.1173	2.14302	2.40404e-06	2.04948e-05
285	553	430	155	161	86	149	0.170166	1.77098	2.89366e-06	1.70049e-05
286	518	407	171	176	92	153	0.151741	1.88558	2.74107e-06	1.80642e-05
287	513	416	160	160	94	106	0.213227	1.5454	3.1267e-06	1.46637e-05
288	534	415	159	163	97	139	0.176835	1.73254	2.93306e-06	1.65865e-05
289	529	417	160	166	80	183	0.138653	1.97578	2.6474e-06	1.90937e-05
290	568	444	215	221	110	207	0.0868494	2.44358	2.03866e-06	2.34735e-05
291	564	440	178	184	99	161	0.138537	1.97662	2.624e-06	1.89408e-05
292	560	435	177	179	101	120	0.176203	1.73612	2.90384e-06	1.64801e-05
293	556	441	185	195	110	142	0.142445	1.9488	2.64267e-06	1.85522e-05
294	553	431	174	176	89	179	0.132897	2.01818	2.58427e-06	1.94456e-05
295	547	444	187	192	99	171	0.125198	2.07786	2.49441e-06	1.99237e-05
296	547	425	170	177	87	175	0.134787	2.00406	2.59998e-06	1.92895e-05
297	544	439	170	176	93	178	0.133577	2.01308	2.59038e-06	1.93925e-05
298	541	411	172	176	96	127	0.173257	1.75298	2.89039e-06	1.66827e-05
299	538	420	183	191	97	183	0.118507	2.13278	2.42998e-06	2.05049e-05
300	535	429	199	203	105	167	0.119249	2.12654	2.42459e-06	2.03321e-05
301	532	434	178	185	93	164	0.135579	1.9982	2.59724e-06	1.91567e-05
302	529	414	152	159	82	153	0.168837	1.77882	2.88788e-06	1.71045e-05
303	526	411	162	166	87	165	0.151984	1.88398	2.75658e-06	1.81373e-05
304	522	408	146	147	87	89	0.252319	1.37706	3.28688e-06	1.30267e-05
305	518	398	173	174	97	133	0.170159	1.77102	2.87375e-06	1.68886e-05
306	494	384	149	153	85	130	0.19714	1.62384	3.06431e-06	1.55438e-05
307	508	410	157	163	83	156	0.162149	1.81924	2.83594e-06	1.74897e-05
308	502	400	161	167	86	161	0.154145	1.86986	2.77172e-06	1.79812e-05
309	542	432	153	156	83	126	0.197448	1.62228	3.06056e-06	1.55006e-05
310	560	446	163	167	91	120	0.189995	1.66076	3.00243e-06	1.58027e-05
311	560	426	174	179	100	118	0.178009	1.72592	2.91469e-06	1.63738e-05
312	526	407	140	143	73	133	0.20673	1.57634	3.12963e-06	1.51387e-05
313	514	392	193	202	96	236	0.0844024	2.47216	2.02075e-06	2.39419e-05
314	574	454	176	184	98	166	0.135049	2.00212	2.59381e-06	1.92065e-05
315	535	419	183	188	105	180	0.122623	2.09864	2.47406e-06	2.01761e-05
316	538	406	179	184	100	123	0.168163	1.78282	2.84562e-06	1.69217e-05
317	598	464	160	164	94	111	0.202702	1.59602	3.07198e-06	1.51552e-05
318	520	404	163	164	96	110	0.203738	1.59092	3.07686e-06	1.51021e-05
319	560	451	175	182	93	188	0.122241	2.10176	2.47691e-06	2.02625e-05
320	530	433	168	169	99	108	0.199464	1.61212	3.04742e-06	1.5278e-05
321	553	441	202	211	97	268	0.0677534	2.69188	1.77176e-06	2.61501e-05
322	518	422	156	160	103	96	0.224383	1.4944	3.17107e-06	1.41324e-05
323	551	446	189	195	103	192	0.110383	2.2038	2.3411e-06	2.12089e-05
324	581	459	161	161	93	108	0.209741	1.56188	3.10972e-06	1.48264e-05
325	574	466	187	190	104	175	0.12422	2.0857	2.4873e-06	2.00234e-05
326	569	462	198	206	98	208	0.0949429	2.35448	2.1533e-06	2.26799e-05
327	565	464	190	195	95	201	0.105431	2.2497	2.28648e-06	2.16871e-05
328	561	436	174	179	95	132	0.165742	1.79732	2.83713e-06	1.71177e-05
329	547	439	172	178	90	146	0.155293	1.86244	2.76501e-06	1.78051e-05
330	554	434	197	203	110	169	0.118039	2.13674	2.41253e-06	2.04384e-05
331	550	452	167	170	85	180	0.137298	1.9856	2.63064e-06	1.91601e-05
332	547	434	176	180	97	146	0.153355	1.875	2.74782e-06	1.7918e-05
333	544	418	220	231	112	252	0.0648369	2.73588	1.71357e-06	2.6429e-05
334	542	422	160	163	93	117	0.197831	1.62034	3.05007e-06	1.54175e-05
335	522	396	138	148	85	129	0.204469	1.58734	3.10965e-06	1.52084e-05
336	536	415	178	183	97	175	0.129803	2.04174	2.5478e-06	1.96282e-05
337	533	421	168	176	85	211	0.112886	2.18138	2.38707e-06	2.11459e-05
338	530	413	188	194	104	177	0.119909	2.12102	2.4408e-06	2.03554e-05
339	526	400	173	176	94	140	0.162142	1.81928	2.81697e-06	1.73734e-05
340	533	417	172	177	94	136	0.164448	1.80516	2.83136e-06	1.72173e-05
341	519	401	180	187	104	171	0.129191	2.04646	2.53751e-06	1.96415e-05
342	514	405	171	175	92	145	0.159056	1.8385	2.79662e-06	1.75826e-05
343	509	417	160	162	91	120	0.196055	1.62936	3.04287e-06	1.55205e-05
344	550	452	170	177	98	132	0.167837	1.78476	2.85404e-06	1.70048e-05
345	514	405	174	180	98	160	0.142787	1.9464	2.66468e-06	1.86619e-05
346	531	429	172	177	97	149	0.153899	1.87146	2.75603e-06	1.79081e-05
347	560	464	165	169	91	158	0.154568	1.86712	2.77213e-06	1.79347e-05
348	526	418	174	178	93	151	0.151383	1.88794	2.73562e-06	1.80708e-05
349	551	436	167	169	85	157	0.155358	1.86202	2.77805e-06	1.78816e-05
350	521	426	173	177	94	151	0.152337	1.88166	2.74425e-06	1.80143e-05
351	535	424	156	159	91	109	0.211312	1.55442	3.12038e-06	1.47667e-05
352	539	437	176	180	92	161	0.142061	1.9515	2.65867e-06	1.8715e-05
353	543	425	146	151	88	108	0.223336	1.49908	3.18521e-06	1.4262e-05
354	544	417	167	172	104	123	0.181326	1.70746	2.94552e-06	1.62444e-05
355	502	380	168	173	96	136	0.168631	1.78004	2.86531e-06	1.69916e-05
356	561	417	156	162	83	126	0.190147	1.65996	3.01179e-06	1.58393e-05
357	553	431	163	169	86	162	0.151447	1.88752	2.74834e-06	1.81472e-05
358	601	480	217	226	102	253	0.0665648	2.70958	1.74399e-06	2.61999e-05
359	591	462	192	199	102	190	0.108748	2.21872	2.31942e-06	2.13284e-05
360	582	456	174	179	96	136	0.162396	1.81772	2.81435e-06	1.73302e-05
361	576	473	170	175	98	144	0.159869	1.8334	2.80243e-06	1.75295e-05
362	570	458	174	181	97	150	0.149318	1.90168	2.71564e-06	1.8187e-05
363	595	480	210	215	101	278	0.0627875	2.768	1.68944e-06	2.69073e-05
364	561	455	188	196	100	160	0.129137	2.04688	2.52657e-06	1.9565e-05
365	558	443	181	184	105	143	0.151856	1.88482	2.73105e-06	1.79844e-05
366	554	428	196	202	105	186	0.108918	2.21716	2.31834e-06	2.12852e-05
367	551	426	172	178	93	169	0.138105	1.97974	2.62775e-06	1.90272e-05
368	548	438	185	189	100	178	0.123105	2.09472	2.47764e-06	2.01263e-05
369	499	380	172	180	94	155	0.146475	1.9209	2.69459e-06	1.83962e-05
370	542	418	189	192	99	170	0.125838	2.07276	2.50047e-06	1.98706e-05
371	539	438	155	157	79	155	0.169236	1.77646	2.89359e-06	1.70979e-05
372	537	419	176	181	90	197	0.117493	2.14138	2.43025e-06	2.06843e-05
373	534	427	169	175	91	162	0.145847	1.9252	2.69611e-06	1.84859e-05
374	530	411	158	162	95	116	0.200096	1.60896	3.06306e-06	1.5308e-05
375	527	418	153	158	78	141	0.180624	1.71134	2.96412e-06	1.64105e-05
376	524	415	147	150	88	98	0.236502	1.4418	3.23397e-06	1.36742e-05
377	520	401	187	191	97	201	0.108113	2.22458	2.32024e-06	2.14613e-05
378	516	419	180	184	93	167	0.134362	2.00722	2.58775e-06	1.92596e-05
379	543	431	164	168	88	178	0.140459	1.96284	2.66042e-06	1.89409e-05
380	509	401	174	185	84	216	0.103996	2.2634	2.27955e-06	2.19196e-05
381	498	391	156	158	85	138	0.183408	1.69604	2.98059e-06	1.62511e-05
382	567	447	209	213	108	202	0.0936829	2.36784	2.13187e-06	2.27562e-05
383	560	442	183	189	94	200	0.110039	2.20692	2.34331e-06	2.12952e-05
384	526	429	159	162	94	101	0.216004	1.53246	3.13442e-06	1.4511e-05
385	545	422	139	148	82	126	0.207621	1.57204	3.1245e-06	1.5049e-05
386	574	450	175	180	98	144	0.154927	1.8648	2.75952e-06	1.78117e-05
387	536	426	182	187	94	217	0.102176	2.28106	2.25662e-06	2.20856e-05
388	557	450	198	203	94	203	0.0992474	2.31014	2.20775e-06	2.22449e-05
389	598	469	191	195	104	163	0.127978	2.0559	2.51706e-06	1.9668e-05
390	548	413	171	178	91	203	0.116119	2.15314	2.41919e-06	2.08337e-05
391	516	403	159	163	85	150	0.167187	1.78864	2.87076e-06	1.71709e-05
392	515	403	195	204	97	278	0.0672781	2.69892	1.7685e-06	2.62863e-05
393	553	450	186	188	87	193	0.114757	2.16494	2.39461e-06	2.08669e-05
394	518	384	153	157	79	167	0.159189	1.83766	2.82331e-06	1.77355e-05
395	554	436	183	189	106	145	0.145669	1.92642	2.67636e-06	1.83729e-05
396	564	444	169	175	95	144	0.159869	1.8334	2.80243e-06	1.75295e-05
397	529	408	181	189	89	206	0.106723	2.23752	2.30671e-06	2.1614e-05
398	572	459	187	196	98	211	0.0995615	2.30698	2.21772e-06	2.22748e-05
399	567	444	171	173	92	149	0.157814	1.84634	2.79051e-06	1.76823e-05
400	562	427	182	187	90	225	0.098091	2.32186	2.20809e-06	2.25107e-05
401	559	452	168	174	87	171	0.140181	1.96482	2.6505e-06	1.89077e-05
402	555	447	164	171	92	145	0.163102	1.81338	2.83094e-06	1.73569e-05
403	547	424	170	174	96	127	0.175447	1.74042	2.90712e-06	1.65698e-05
404	549	436	182	185	98	153	0.143402	1.9421	2.6633e-06	1.85722e-05
405	546	428	189	193	106	156	0.134305	2.00764	2.5764e-06	1.91832e-05
406	543	436	161	164	88	137	0.177529	1.72862	2.93574e-06	1.65367e-05
407	540	415	159	165	91	136	0.17732	1.7298	2.93287e-06	1.654e-05
408	537	423	167	171	90	153	0.156581	1.85418	2.78432e-06	1.77819e-05
409	569	454	189	194	98	213	0.0997967	2.30462	2.22229e-06	2.22682e-05
410	531	425	182	184	82	229	0.0979381	2.32342	2.20888e-06	2.25539e-05
411	528	425	184	193	91	214	0.0999145	2.30344	2.22459e-06	2.22649e-05
412	525	409	176	182	93	156	0.143911	1.93856	2.67131e-06	1.85622e-05
413	521	428	201	204	115	176	0.113186	2.17872	2.36183e-06	2.08668e-05
414	543	438	149	152	92	93	0.239582	1.42886	3.23949e-06	1.35214e-05
415	512	400	168	177	95	151	0.152337	1.88166	2.74425e-06	1.80143e-05
416	506	390	159	169	91	181	0.13746	1.98442	2.63329e-06	1.91568e-05
417	499	388	188	194	100	176	0.120522	2.11592	2.44688e-06	2.03023e-05
418	527	423	170	174	86	163	0.146019	1.92402	2.69881e-06	1.84826e-05
419	560	440	187	190	98	182	0.119864	2.1214	2.44465e-06	2.03953e-05
420	526	408	194	202	94	205	0.0988591	2.31406	2.20404e-06	2.22947e-05
421	502	392	190	192	91	186	0.115977	2.15436	2.40313e-06	2.07207e-05
422	545	430	148	154	93	92	0.237801	1.43632	3.22962e-06	1.35812e-05
423	536	424	164	171	86	172	0.14212	1.95108	2.67065e-06	1.87915e-05
424	503	389	159	162	86	144	0.173468	1.75176	2.91352e-06	1.67957e-05
425	540	405	202	210	100	261	0.0706583	2.6499	1.81746e-06	2.57218e-05
426	544	428	208	215	110	212	0.0879137	2.4314	2.05722e-06	2.34005e-05
427	502	397	163	164	93	115	0.198608	1.61642	3.05216e-06	1.53677e-05
428	523	403	195	200	100	186	0.110295	2.2046	2.33519e-06	2.11723e-05
429	553	447	186	192	96	234	0.0907942	2.39916	2.11288e-06	2.32711e-05
430	518	424	167	174	88	159	0.149028	1.90362	2.72275e-06	1.82701e-05
431	538	429	175	179	97	134	0.164061	1.80752	2.82577e-06	1.7224e-05
432	586	454	199	204	96	249	0.0780021	2.55102	1.9302e-06	2.47455e-05
433	579	455	170	178	98	150	0.152157	1.88284	2.74152e-06	1.80177e-05
434	573	447	169	173	93	139	0.166071	1.79534	2.84827e-06	1.71509e-05
435	568	440	193	202	95	232	0.0861418	2.45176	2.04409e-06	2.37293e-05
436	563	463	172	180	102	142	0.156516	1.8546	2.77118e-06	1.77055e-05
437	549	426	176	184	80	239	0.0930685	2.37442	2.1485e-06	2.30852e-05
438	556	430	156	160	90	113	0.205749	1.5811	3.09357e-06	1.50357e-05
439	553	434	164	169	91	124	0.183834	1.69372	2.96491e-06	1.61282e-05
440	549	442	171	176	97	132	0.168895	1.77848	2.86249e-06	1.69484e-05
441	547	431	152	154	80	150	0.176909	1.73212	2.94782e-06	1.66629e-05
442	544	434	158	159	93	112	0.208103	1.56972	3.10617e-06	1.49261e-05
443	522	415	172	181	94	149	0.150081	1.89658	2.72155e-06	1.81339e-05
444	538	420	150	155	78	160	0.16706	1.7894	2.88191e-06	1.72507e-05
445	535	424	182	184	97	173	0.130312	2.03782	2.55131e-06	1.95784e-05
446	532	420	199	201	104	185	0.110165	2.20578	2.3328e-06	2.11756e-05
447	529	405	212	216	108	218	0.0847305	2.46828	2.01453e-06	2.37757e-05
448	525	395	176	179	98	143	0.1567	1.85342	2.77394e-06	1.77022e-05
449	522	406	168	173	88	175	0.138216	1.97894	2.63491e-06	1.90637e-05
450	518	402	160	162	94	102	0.214905	1.53756	3.12989e-06	1.45641e-05
451	513	386	170	175	95	148	0.156641	1.8538	2.77913e-06	1.7742e-05
452	508	388	177	184	93	171	0.131648	2.02762	2.56348e-06	1.94721e-05
453	553	440	159	164	96	106	0.207937	1.57052	3.09608e-06	1.48895e-05
454	523	408	164	171	92	140	0.167315	1.78788	2.8596e-06	1.70912e-05
455	483	370	166	170	85	177	0.139415	1.9703	2.64898e-06	1.90007e-05
456	526	405	177	184	106	134	0.158989	1.83892	2.7833e-06	1.75062e-05
457	545	423	168	170	88	184	0.134526	2.006	2.60611e-06	1.93726e-05
458	575	444	209	214	105	248	0.0736287	2.60872	1.85963e-06	2.52568e-05
459	536	409	169	175	86	162	0.145847	1.9252	2.69611e-06	1.84859e-05
460	570	450	199	202	96	238	0.0835458	2.48236	2.00912e-06	2.40481e-05
461	599	461	204	209	96	226	0.0849986	2.46512	2.02345e-06	2.38057e-05
462	493	376	158	159	89	134	0.186016	1.68192	2.99394e-06	1.6095e-05
463	526	422	154	157	94	99	0.225179	1.49086	3.18008e-06	1.41225e-05
464	558	419	196	198	101	190	0.109433	2.21244	2.32786e-06	2.12719e-05
465	554	448	179	181	90	182	0.126834	2.06488	2.52237e-06	1.98873e-05
466	519	409	168	170	92	133	0.174488	1.7459	2.90746e-06	1.66628e-05
467	598	463	197	200	103	172	0.118458	2.1332	2.4199e-06	2.04284e-05
468	588	453	188	193	94	188	0.114082	2.17084	2.38242e-06	2.08834e-05
469	580	450	188	193	106	171	0.124414	2.08414	2.48581e-06	1.99802e-05
470	539	428	189	196	105	197	0.10693	2.23558	2.30231e-06	2.1531e-05
471	581	456	204	215	101	299	0.0564105	2.8751	1.58079e-06	2.80231e-05
472	564	436	207	214	109	179	0.104683	2.25682	2.26017e-06	2.15906e-05
473	560	437	165	170	92	139	0.169229	1.7765	2.87379e-06	1.69816e-05
474	557	438	165	168	89	211	0.118702	2.13114	2.45645e-06	2.06943e-05
475	553	443	155	161	94	114	0.203421	1.59248	3.08085e-06	1.51452e-05
476	550	412	180	187	103	129	0.160051	1.83226	2.78648e-06	1.74099e-05
477	553	459	154	159	86	126	0.193763	1.64112	3.03626e-06	1.567e-05
478	544	440	158	165	97	116	0.196361	1.6278	3.03914e-06	1.54773e-05
479	541	419	175	177	94	148	0.154686	1.86636	2.7619e-06	1.78549e-05
480	539	408	196	207	101	239	0.0805514	2.51886	1.96412e-06	2.43835e-05
481	536	420	168	172	90	165	0.146364	1.92166	2.70421e-06	1.8476e-05
482	533	437	168	173	98	120	0.182969	1.69844	2.95337e-06	1.61414e-05
483	545	436	166	171	88	174	0.140678	1.96128	2.6585e-06	1.88977e-05
484	526	416	187	193	98	176	0.121282	2.10964	2.45545e-06	2.02458e-05
485	523	400	156	161	83	147	0.171911	1.76078	2.90506e-06	1.68986e-05
486	519	417	183	192	102	161	0.131749	2.02686	2.55492e-06	1.93924e-05
487	514	405	159	163	87	125	0.189922	1.66114	3.00887e-06	1.58426e-05
488	550	427	167	176	91	152	0.152517	1.88048	2.74699e-06	1.8011e-05
489	503	387	170	176	96	130	0.170626	1.76828	2.8737e-06	1.68421e-05
490	495	388	175	183	98	156	0.14301	1.94484	2.66266e-06	1.86187e-05
491	561	460	195	206	93	227	0.0861746	2.45138	2.04143e-06	2.36894e-05
492	526	395	174	182	100	180	0.127332	2.06096	2.52593e-06	1.98374e-05
493	547	437	180	186	93	162	0.136112	1.99428	2.60066e-06	1.91068e-05
494	550	430	159	162	95	129	0.187259	1.67526	2.99591e-06	1.59987e-05
495	536	421	182	185	103	143	0.150906	1.8911	2.72247e-06	1.80409e-05
496	524	399	199	206	101	228	0.0857362	2.45648	2.0356e-06	2.37426e-05
497	549	424	186	188	101	174	0.126433	2.06804	2.51063e-06	1.98573e-05
498	544	434	156	162	90	123	0.193078	1.64466	3.02745e-06	1.56799e-05
499	503	365	157	158	96	120	0.201042	1.60424	3.07488e-06	1.52947e-05
500	555	426	186	189	95	182	0.120619	2.11512	2.45325e-06	2.03388e-05
501	554	426	188	197	95	224	0.0925913	2.37956	2.13164e-06	2.3022e-05
502	519	405	165	169	95	130	0.178294	1.72432	2.9324e-06	1.6447e-05
503	539	426	177	183	93	153	0.145215	1.92954	2.68057e-06	1.84593e-05
504	505	381	169	180	92	171	0.134997	2.0025	2.59821e-06	1.92463e-05
505	530	415	168	171	92	130	0.176069	1.73688	2.91568e-06	1.65599e-05
506	575	445	182	188	109	142	0.148846	1.90484	2.70261e-06	1.81571e-05
507	570	441	149	152	92	96	0.235944	1.44416	3.22791e-06	1.36808e-05
508	565	438	182	187	95	160	0.136646	1.99036	2.60407e-06	1.9057e-05
509	561	424	175	181	96	165	0.138321	1.97818	2.62588e-06	1.8984e-05
510	558	432	193	198	99	188	0.110555	2.20224	2.33998e-06	2.11657e-05
511	554	437	184	189	96	165	0.131543	2.02842	2.55662e-06	1.94356e-05
512	551	425	175	182	92	185	0.124126	2.08646	2.49531e-06	2.01031e-05
513	548	428	170	173	98	132	0.172107	1.75964	2.88778e-06	1.6779e-05
514	545	429	163	166	90	137	0.175313	1.74118	2.91889e-06	1.66496e-05
515	542	429	188	194	102	164	0.128129	2.05472	2.51961e-06	1.96647e-05
516	539	413	169	176	100	128	0.172376	1.75808	2.88485e-06	1.67358e-05
517	569	436	185	189	95	216	0.101416	2.28852	2.2459e-06	2.21454e-05
518	533	411	153	163	76	175	0.147174	1.91614	2.72261e-06	1.84993e-05
519	530	428	156	158	88	138	0.183408	1.69604	2.98059e-06	1.62511e-05
520	527	400	181	184	100	153	0.144306	1.93582	2.67193e-06	1.85157e-05
521	523	421	160	164	96	113	0.200645	1.60622	3.06213e-06	1.52615e-05
522	520	402	192	198	99	222	0.092955	2.37564	2.13538e-06	2.29722e-05
523	535	425	202	203	105	173	0.115655	2.15714	2.38839e-06	2.06509e-05
524	510	389	178	180	96	175	0.132271	2.0229	2.57385e-06	1.94589e-05
525	504	384	171	178	99	126	0.171969	1.76044	2.87919e-06	1.67425e-05
526	574	463	183	187	94	175	0.126583	2.06686	2.51317e-06	1.9854e-05
527	561	443	192	195	102	174	0.120996	2.112	2.45046e-06	2.02525e-05
528	526	421	185	188	103	153	0.140726	1.96094	2.63742e-06	1.87415e-05
529	566	441	161	164	84	149	0.16699	1.78982	2.86793e-06	1.71743e-05
530	575	451	190	196	87	219	0.0955811	2.34778	2.16968e-06	2.26999e-05
531	536	409	163	169	87	166	0.148389	1.90792	2.72438e-06	1.83598e-05
532	525	415	153	159	86	132	0.187924	1.67172	3.00466e-06	1.59888e-05
533	509	404	182	186	97	169	0.131338	2.02998	2.5583e-06	1.94788e-05
534	588	482	198	202	101	195	0.104032	2.26306	2.26408e-06	2.17634e-05
535	554	413	165	172	85	153	0.155601	1.86046	2.77567e-06	1.78384e-05
536	550	436	194	201	93	209	0.097473	2.32818	2.18835e-06	2.24508e-05
537	554	428	158	161	89	152	0.167582	1.78628	2.87644e-06	1.71643e-05
538	519	414	162	168	90	205	0.12239	2.10054	2.49376e-06	2.03755e-05
539	541	428	169	172	93	147	0.160436	1.82986	2.81077e-06	1.75196e-05
540	565	442	194	200	103	195	0.105347	2.2505	2.2808e-06	2.16505e-05
541	584	452	163	164	95	110	0.203738	1.59092	3.07686e-06	1.51021e-05
542	577	461	172	177	98	159	0.146247	1.92246	2.6967e-06	1.84394e-05
543	571	457	213	222	113	203	0.0880844	2.42946	2.0539e-06	2.33174e-05
544	566	443	185	188	99	177	0.124514	2.08334	2.49236e-06	2.00167e-05
545	539	429	177	180	94	158	0.144251	1.9362	2.67667e-06	1.85556e-05
546	558	426	188	194	83	245	0.0847695	2.46782	2.03179e-06	2.39685e-05
547	555	435	179	183	93	185	0.123349	2.09274	2.48665e-06	2.01596e-05
548	552	436	170	178	95	160	0.144592	1.93384	2.68203e-06	1.8549e-05
549	549	414	173	177	86	190	0.12486	2.08056	2.50801e-06	2.00865e-05
550	546	425	162	169	84	159	0.153782	1.87222	2.7662e-06	1.79878e-05
551	523	424	175	182	96	159	0.141726	1.95386	2.65334e-06	1.87216e-05
552	540	427	149	155	93	114	0.211232	1.5548	3.12761e-06	1.48066e-05
553	537	428	196	205	97	219	0.0903287	2.4043	2.09634e-06	2.32079e-05
554	534	420	195	196	106	199	0.105845	2.24578	2.29019e-06	2.16372e-05
555	531	431	148	154	85	93	0.236592	1.44142	3.22576e-06	1.36343e-05
556	528	423	174	177	103	144	0.157874	1.84596	2.78527e-06	1.76424e-05
557	542	427	154	156	84	131	0.192477	1.64778	3.03464e-06	1.57663e-05
558	521	401	181	188	94	181	0.121999	2.10374	2.46796e-06	2.02293e-05
559	516	393	165	174	94	151	0.155234	1.86282	2.77015e-06	1.7845e-05
560	511	408	165	172	88	169	0.143408	1.94206	2.68008e-06	1.86885e-05
561	514	414	162	163	98	108	0.207124	1.57444	3.09429e-06	1.49393e-05
562	515	407	180	187	83	215	0.103223	2.27086	2.26878e-06	2.19793e-05
563	490	373	179	188	92	235	0.0926302	2.37914	2.13961e-06	2.30985e-05
564	526	429	178	182	91	169	0.134679	2.00486	2.59297e-06	1.9253e-05
565	539	412	146	148	86	90	0.249464	1.38844	3.27702e-06	1.31362e-05
566	563	443	204	208	99	218	0.0890961	2.41804	2.07809e-06	2.33241e-05
567	536	429	182	189	102	151	0.141279	1.95702	2.64074e-06	1.86917e-05
568	561	452	197	201	105	148	0.133043	2.01708	2.55572e-06	1.92097e-05
569	549	424	156	158	82	153	0.169901	1.77254	2.89649e-06	1.70481e-05
570	545	413	169	172	91	160	0.150144	1.89616	2.73417e-06	1.82103e-05
571	503	382	158	162	95	129	0.187259	1.67526	2.99591e-06	1.59987e-05
572	551	443	206	213	97	255	0.0714941	2.63814	1.82827e-06	2.55723e-05
573	554	412	154	155	95	100	0.226865	1.4834	3.19033e-06	1.40627e-05
574	519	396	155	160	92	112	0.206801	1.576	3.0984e-06	1.49825e-05
575	541	414	180	184	99	204	0.111256	2.19592	2.36147e-06	2.12255e-05
576	543	417	185	190	93	170	0.127428	2.0602	2.51769e-06	1.97577e-05
577	530	424	209	217	103	217	0.0846305	2.46946	2.01243e-06	2.3779e-05
578	543	417	176	182	96	157	0.143179	1.94366	2.66533e-06	1.86154e-05
579	530	409	176	184	91	176	0.128334	2.05312	2.53303e-06	1.97378e-05
580	567	438	170	175	89	171	0.139304	1.9711	2.64177e-06	1.89641e-05
581	563	436	166	168	95	144	0.167054	1.78944	2.86236e-06	1.71344e-05
582	559	428	181	189	88	230	0.0944278	2.35992	2.16138e-06	2.28892e-05
583	556	436	168	171	97	122	0.183401	1.69608	2.95914e-06	1.61348e-05
584	552	433	196	202	98	233	0.0857036	2.45686	2.03824e-06	2.37825e-05
585	549	441	169	171	94	172	0.14212	1.95108	2.67065e-06	1.87915e-05
586	546	430	190	197	92	217	0.0959565	2.34386	2.17342e-06	2.26501e-05
587	543	427	142	145	77	125	0.212652	1.5481	3.15289e-06	1.48266e-05
588	541	432	195	196	104	173	0.120853	2.11318	2.44797e-06	2.02558e-05
589	538	414	179	180	90	184	0.126337	2.0688	2.5188e-06	1.99371e-05
590	535	423	152	155	89	108	0.217795	1.5242	3.15537e-06	1.44878e-05
591	539	408	189	196	101	172	0.121471	2.10808	2.45403e-06	2.02026e-05
592	529	419	161	168	89	156	0.157137	1.85064	2.79263e-06	1.7772e-05
593	525	410	169	172	99	122	0.182253	1.70236	2.9509e-06	1.61912e-05
594	521	401	161	165	89	146	0.168503	1.7808	2.87657e-06	1.70713e-05
595	517	398	176	180	96	140	0.15812	1.8444	2.78279e-06	1.75992e-05
596	510	386	170	174	90	167	0.14307	1.94442	2.67472e-06	1.86951e-05
597	532	420	174	178	94	148	0.153717	1.87264	2.75329e-06	1.79114e-05
598	501	380	187	195	96	200	0.10597	2.2446	2.29254e-06	2.16339e-05
599	561	429	181	186	102	146	0.147684	1.91268	2.69622e-06	1.82567e-05
600	527	416	190	191	91	208	0.104321	2.26028	2.27767e-06	2.18332e-05
601	584	473	194	201	104	193	0.10576	2.24658	2.28449e-06	2.16007e-05
602	575	451	187	192	99	186	0.115977	2.15436	2.40313e-06	2.07207e-05
603	536	429	176	187	102	146	0.14676	1.91896	2.68763e-06	1.83131e-05
604	539	429	174	179	88	174	0.133785	2.01152	2.58865e-06	1.93493e-05
605	600	457	184	192	105	153	0.137235	1.98606	2.60298e-06	1.89673e-05
606	536	423	164	170	89	209	0.118422	2.1335	2.45145e-06	2.07009e-05
607	545	430	169	173	93	159	0.149967	1.89734	2.73144e-06	1.82136e-05
608	522	412	141	144	88	91	0.254509	1.36842	3.29934e-06	1.29636e-05
609	554	429	175	181	98	150	0.149318	1.90168	2.71564e-06	1.8187e-05
610	519	408	155	161	91	144	0.174561	1.74548	2.92202e-06	1.67392e-05
611	526	414	122	126	72	102	0.269421	1.31148	3.37638e-06	1.2532e-05
612	565	452	201	207	94	288	0.0627398	2.76876	1.69316e-06	2.6987e-05
613	530	421	196	199	108	147	0.135414	1.99942	2.57877e-06	1.90437e-05
614	516	401	148	150	87	125	0.206078	1.5795	3.11359e-06	1.51088e-05
615	574	444	193	196	102	177	0.118413	2.13358	2.42371e-06	2.04683e-05
616	569	452	194	196	99	174	0.120238	2.11828	2.44191e-06	2.03089e-05
617	564	446	179	187	98	192	0.11607	2.15356	2.4093e-06	2.07573e-05
618	560	444	198	202	105	175	0.115203	2.16106	2.38478e-06	2.07007e-05
619	556	423	148	152	83	122	0.206644	1.57676	3.11252e-06	1.50623e-05
620	553	434	193	197	95	194	0.107899	2.22656	2.31206e-06	2.1428e-05
621	550	428	177	180	93	168	0.137079	1.9872	2.61641e-06	1.90869e-05
622	547	428	192	200	102	173	0.117855	2.1383	2.41386e-06	2.04816e-05
623	544	454	205	210	100	236	0.0802667	2.5224	1.95798e-06	2.43934e-05
624	541	428	169	172	93	157	0.152459	1.88086	2.75202e-06	1.80509e-05
625	570	438	170	174	92	163	0.146019	1.92402	2.69881e-06	1.84826e-05
626	536	415	168	171	94	131	0.175173	1.74198	2.91015e-06	1.6613e-05
627	533	436	188	192	109	140	0.146642	1.91976	2.68012e-06	1.82766e-05
628	529	407	173	177	93	167	0.1404	1.96326	2.64857e-06	1.88645e-05
629	526	409	169	173	95	157	0.151504	1.88714	2.74334e-06	1.81073e-05
630	522	410	171	178	88	193	0.122195	2.10214	2.48084e-06	2.03024e-05
631	568	432	178	184	95	166	0.135049	2.00212	2.59381e-06	1.92065e-05
632	514	385	136	138	81	100	0.252425	1.37664	3.30755e-06	1.31031e-05
633	509	404	188	194	98	188	0.113368	2.17712	2.3739e-06	2.09399e-05
634	502	396	169	173	89	149	0.157814	1.84634	2.79051e-06	1.76823e-05
635	561	434	187	192	99	194	0.111341	2.19516	2.35439e-06	2.11458e-05
636	527	418	188	195	97	191	0.110947	2.1987	2.34717e-06	2.11557e-05
637	472	372	149	153	89	112	0.216094	1.53204	3.15226e-06	1.45874e-05
638	599	473	195	203	99	193	0.10444	2.25914	2.26777e-06	2.17136e-05
639	536	428	159	162	87	111	0.205264	1.58346	3.08764e-06	1.50423e-05
640	517	402	180	185	102	168	0.132841	2.0186	2.57303e-06	1.93692e-05
641	565	445	177	186	100	142	0.150728	1.89228	2.71976e-06	1.80442e-05
642	529	406	173	176	94	130	0.170626	1.76828	2.8737e-06	1.68421e-05
643	503	385	158	160	89	119	0.199548	1.6117	3.06395e-06	1.53545e-05
644	502	400	145	149	92	93	0.244138	1.41002	3.25976e-06	1.33521e-05
645	554	437	185	189	104	160	0.134941	2.00292	2.5868e-06	1.91699e-05
646	519	422	166	169	94	123	0.184774	1.68862	2.97025e-06	1.6075e-05
647	532	417	174	179	98	167	0.138648	1.97582	2.63117e-06	1.89774e-05
648	564	439	187	190	96	199	0.109909	2.2081	2.34091e-06	2.12986e-05
649	590	464	177	183	100	139	0.155962	1.85814	2.76294e-06	1.77154e-05
650	582	447	176	181	95	165	0.138321	1.97818	2.62588e-06	1.8984e-05
651	575	450	210	214	114	183	0.102569	2.27722	2.23633e-06	2.18032e-05
652	570	451	179	187	93	196	0.113726	2.17396	2.38482e-06	2.09698e-05
653	565	453	176	185	87	231	0.0963373	2.3399	2.18845e-06	2.27166e-05
654	545	432	191	196	101	185	0.113679	2.17438	2.37513e-06	2.08934e-05
655	557	439	173	180	98	155	0.146475	1.9209	2.69459e-06	1.83962e-05
656	554	418	166	171	90	170	0.143578	1.94088	2.68277e-06	1.86852e-05
657	551	436	182	190	92	167	0.129393	2.0449	2.53588e-06	1.95983e-05
658	548	430	205	209	106	207	0.0936473	2.36822	2.13479e-06	2.27961e-05
659	545	429	178	179	103	129	0.168298	1.78202	2.85405e-06	1.69583e-05
660	542	440	148	152	86	111	0.218568	1.52066	3.16438e-06	1.44778e-05
661	539	419	162	166	95	132	0.179841	1.71568	2.9465e-06	1.63839e-05
662	536	418	178	182	99	182	0.126039	2.07116	2.51369e-06	1.99437e-05
663	533	412	165	168	90	139	0.171368	1.76394	2.89076e-06	1.68687e-05
664	530	407	176	181	96	174	0.132115	2.02408	2.57125e-06	1.94622e-05
665	542	426	172	176	99	142	0.160497	1.82948	2.80544e-06	1.74797e-05
666	523	400	165	168	92	132	0.177597	1.72824	2.92977e-06	1.64968e-05
667	519	399	190	197	98	199	0.105182	2.25206	2.28179e-06	2.16937e-05
668	515	411	161	167	93	127	0.183331	1.69646	2.96532e-06	1.61747e-05
669	510	408	168	175	97	139	0.163998	1.8079	2.83124e-06	1.72638e-05
670	545	427	184	190	96	183	0.119254	2.1265	2.43855e-06	2.04484e-05
671	561	447	164	171	90	161	0.150321	1.89498	2.7369e-06	1.8207e-05
672	487	391	164	168	80	263	0.0910506	2.39634	2.13579e-06	2.34572e-05
673	498	384	157	160	85	126	0.19255	1.6474	3.02812e-06	1.57264e-05
674	576	454	175	180	107	122	0.173323	1.7526	2.88458e-06	1.66428e-05
675	536	420	172	178	96	157	0.146821	1.91854	2.69998e-06	1.83896e-05
676	553	437	184	188	100	185	0.119536	2.12414	2.44352e-06	2.04418e-05
677	601	449	218	225	100	250	0.0680168	2.688	1.76735e-06	2.5984e-05
678	566	446	187	191	100	191	0.11377	2.17358	2.38119e-06	2.09299e-05
679	588	461	176	183	95	171	0.132478	2.02134	2.57215e-06	1.94157e-05
680	545	429	160	167	93	162	0.153361	1.87496	2.76576e-06	1.80343e-05
681	554	444	192	200	109	163	0.124022	2.0873	2.47426e-06	1.99502e-05
682	519	401	192	193	101	168	0.126332	2.06884	2.504e-06	1.98208e-05
683	570	439	165	168	96	108	0.200721	1.60584	3.05529e-06	1.52216e-05
684	565	450	167	173	94	133	0.171231	1.76474	2.88219e-06	1.68322e-05
685	530	417	172	179	92	191	0.122675	2.09822	2.48447e-06	2.02526e-05
686	543	430	198	205	103	194	0.102612	2.2768	2.24511e-06	2.18796e-05
687	582	468	188	193	104	178	0.120051	2.11984	2.44329e-06	2.03521e-05
688	539	416	146	147	86	95	0.244715	1.40766	3.26584e-06	1.33455e-05
689	566	437	178	180	96	159	0.143517	1.9413	2.67068e-06	1.86087e-05
690	562	443	211	219	108	217	0.0835742	2.48202	1.99675e-06	2.38919e-05
691	558	423	194	202	100	200	0.101412	2.28856	2.23402e-06	2.20291e-05
692	555	435	183	185	93	166	0.134203	2.0084	2.58515e-06	1.92629e-05
693	551	425	158	164	88	121	0.192623	1.64702	3.02159e-06	1.56865e-05
694	548	436	184	190	100	167	0.129393	2.0449	2.53588e-06	1.95983e-05
695	546	430	185	187	101	159	0.137345	1.98526	2.61009e-06	1.90039e-05
696	543	441	172	174	97	144	0.160876	1.82712	2.811e-06	1.74731e-05
697	540	425	174	180	98	163	0.140619	1.9617	2.64663e-06	1.88213e-05
698	537	434	181	188	94	228	0.0959968	2.34344	2.18167e-06	2.27265e-05
699	534	413	168	171	88	157	0.153419	1.87458	2.7607e-06	1.79945e-05
700	531	417	183	186	97	161	0.136808	1.98918	2.60669e-06	1.90537e-05
701	528	413	171	176	102	115	0.184191	1.69178	2.95537e-06	1.60451e-05
702	524	423	195	199	101	185	0.111557	2.19322	2.34969e-06	2.10627e-05
703	520	421	171	175	90	143	0.160687	1.8283	2.80822e-06	1.74764e-05
704	516	404	192	198	96	247	0.0818277	2.50314	1.98846e-06	2.43005e-05
705	515	420	161	167	92	133	0.177806	1.72706	2.93264e-06	1.64935e-05
706	505	381	159	160	91	117	0.201594	1.6015	3.07394e-06	1.52482e-05
707	499	384	147	149	87	105	0.229645	1.47122	3.21266e-06	1.39897e-05
708	527	421	196	201	102	169	0.119531	2.12418	2.42952e-06	2.03255e-05
709	539	427	153	156	92	115	0.208841	1.56618	3.11511e-06	1.49161e-05
710	538	429	176	184	98	178	0.127032	2.06332	2.52082e-06	1.98441e-05
711	536	416	175	179	97	134	0.164061	1.80752	2.82577e-06	1.7224e-05
712	515	410	151	155	86	133	0.191724	1.6517	3.03232e-06	1.58161e-05
713	559	440	180	193	104	177	0.120665	2.11474	2.44937e-06	2.0299e-05
714	529	423	150	151	84	146	0.183989	1.69288	2.99553e-06	1.6281e-05
715	504	385	152	154	86	110	0.216943	1.52812	3.15383e-06	1.45376e-05
716	546	434	170	175	91	170	0.140016	1.966	2.64784e-06	1.8911e-05
717	554	441	203	211	104	218	0.0874332	2.43688	2.05411e-06	2.34935e-05
718	519	391	165	171	91	165	0.147286	1.91538	2.71293e-06	1.84195e-05
719	543	423	161	162	96	120	0.196055	1.62936	3.04287e-06	1.55205e-05
720	553	424	190	197	106	169	0.122572	2.09906	2.46365e-06	2.00997e-05
721	530	411	170	171	102	101	0.204134	1.58898	3.06588e-06	1.5019e-05
722	505	402	155	159	89	116	0.203901	1.59012	3.08678e-06	1.51386e-05
723	578	457	191	197	104	173	0.120096	2.11946	2.43943e-06	2.03122e-05
724	572	461	175	178	96	145	0.156087	1.85734	2.77086e-06	1.7752e-05
725	567	456	175	177	87	157	0.147746	1.91226	2.70865e-06	1.83331e-05
726	563	438	172	179	97	134	0.164061	1.80752	2.82577e-06	1.7224e-05
727	559	429	168	170	95	116	0.190291	1.6592	2.9989e-06	1.57595e-05
728	510	403	170	177	100	131	0.168695	1.77966	2.85967e-06	1.69517e-05
729	552	435	184	189	99	160	0.134941	2.00292	2.5868e-06	1.91699e-05
730	549	434	175	179	93	158	0.14516	1.92992	2.68534e-06	1.84992e-05
731	546	422	167	168	99	125	0.184051	1.69254	2.9678e-06	1.61248e-05
732	543	414	186	198	92	237	0.0861091	2.45214	2.04674e-06	2.37692e-05
733	540	413	151	157	92	123	0.199237	1.61326	3.06778e-06	1.53977e-05
734	538	425	204	207	95	268	0.069477	2.66676	1.80115e-06	2.59244e-05
735	535	416	206	210	104	202	0.0954646	2.349	2.15625e-06	2.25869e-05
736	532	424	216	218	109	268	0.0648395	2.73584	1.72118e-06	2.65453e-05
737	528	422	153	159	84	142	0.17858	1.72272	2.95015e-06	1.65201e-05
738	525	413	153	158	81	150	0.17252	1.75724	2.91364e-06	1.68887e-05
739	560	435	199	210	103	198	0.0974321	2.3286	2.17998e-06	2.23744e-05
740	517	414	175	184	99	163	0.137131	1.98682	2.61194e-06	1.90471e-05
741	512	395	151	153	90	90	0.241753	1.41984	3.24395e-06	1.34185e-05
742	507	398	169	175	91	157	0.149613	1.8997	2.72599e-06	1.82202e-05
743	561	456	170	176	80	243	0.0958875	2.34458	2.19066e-06	2.28461e-05
744	527	424	190	191	97	186	0.116708	2.14808	2.41169e-06	2.06643e-05
745	557	444	184	186	90	208	0.107649	2.22888	2.31994e-06	2.1551e-05
746	576	459	177	180	98	145	0.154139	1.8699	2.75368e-06	1.78649e-05
747	536	414	154	157	90	120	0.202309	1.59796	3.08283e-06	1.52383e-05
748	533	431	171	173	89	225	0.107106	2.23394	2.32638e-06	2.17204e-05
749	602	461	204	209	102	229	0.0837081	2.48042	2.00607e-06	2.39651e-05
750	545	423	161	166	89	148	0.165749	1.79728	2.85652e-06	1.7234e-05
751	534	400	189	196	90	251	0.0811886	2.51098	1.98102e-06	2.44002e-05
752	518	407	168	177	86	207	0.114491	2.16726	2.40314e-06	2.09898e-05
753	554	437	164	173	90	144	0.16189	1.82084	2.81957e-06	1.74166e-05
754	519	406	160	166	96	112	0.199153	1.61368	3.05127e-06	1.53212e-05
755	553	441	198	202	107	174	0.115792	2.15596	2.39083e-06	2.06476e-05
756	566	446	197	203	92	234	0.0847339	2.46824	2.02446e-06	2.3892e-05
757	597	460	192	197	107	184	0.113545	2.17556	2.3727e-06	2.08967e-05
758	587	463	220	223	108	222	0.079449	2.53264	1.93724e-06	2.43834e-05
759	580	464	164	168	85	162	0.152401	1.88124	2.75705e-06	1.80908e-05
760	573	459	215	218	103	236	0.0763338	2.57264	1.89651e-06	2.4845e-05
761	568	425	184	193	104	182	0.117627	2.14024	2.41895e-06	2.05646e-05
762	548	440	178	179	98	134	0.164061	1.80752	2.82577e-06	1.7224e-05
763	560	442	199	204	90	241	0.0812504	2.51022	1.97604e-06	2.43204e-05
764	556	437	180	184	89	168	0.133678	2.01232	2.58169e-06	1.93127e-05
765	553	431	164	166	93	134	0.178016	1.72588	2.93552e-06	1.64902e-05
766	550	429	163	168	88	143	0.167908	1.78434	2.86807e-06	1.70812e-05
767	547	441	165	169	90	149	0.161828	1.82122	2.82495e-06	1.74565e-05
768	544	430	176	184	89	179	0.126385	2.06842	2.51471e-06	1.98972e-05
769	541	423	159	160	85	126	0.19255	1.6474	3.02812e-06	1.57264e-05
770	538	430	182	186	99	179	0.124808	2.08098	2.49742e-06	2.00101e-05
771	535	414	205	210	114	179	0.107346	2.2317	2.29343e-06	2.13648e-05
772	532	422	194	202	104	202	0.100383	2.29876	2.22202e-06	2.21353e-05
773	529	423	175	180	99	146	0.153355	1.875	2.74782e-06	1.7918e-05
774	526	408	139	142	85	90	0.259043	1.35076	3.31512e-06	1.27975e-05
775	522	414	165	174	94	165	0.144537	1.93422	2.68678e-06	1.85889e-05
776	518	425	188	191	96	166	0.129241	2.04608	2.53332e-06	1.96016e-05
777	514	410	174	179	91	161	0.142956	1.94522	2.66735e-06	1.86586e-05
778	528	427	170	175	91	167	0.142175	1.9507	2.666e-06	1.87516e-05
779	562	431	166	172	102	118	0.186009	1.68196	2.97218e-06	1.59787e-05
780	494	384	141	143	83	95	0.25094	1.38254	3.29225e-06	1.31197e-05
781	526	425	181	187	99	160	0.136646	1.99036	2.60407e-06	1.9057e-05
782	553	417	189	195	97	191	0.110947	2.1987	2.34717e-06	2.11557e-05
783	536	426	148	150	86	101	0.232911	1.4571	3.22199e-06	1.38336e-05
784	547	415	162	166	92	147	0.166597	1.79218	2.86228e-06	1.71809e-05
785	515	406	165	174	84	175	0.13735	1.98522	2.62617e-06	1.91202e-05
786	545	423	173	176	98	131	0.169758	1.77338	2.8681e-06	1.68952e-05
787	547	428	181	190	101	175	0.12422	2.0857	2.4873e-06	2.00234e-05
788	539	435	177	182	95	175	0.13062	2.03546	2.55647e-06	1.95718e-05
789	554	437	193	197	106	182	0.114709	2.16536	2.38484e-06	2.07904e-05
790	520	411	175	177	94	152	0.151562	1.88676	2.73834e-06	1.80675e-05
791	544	425	168	171	94	167	0.145791	1.92558	2.7009e-06	1.85258e-05
792	531	424	202	205	96	271	0.0692869	2.6695	1.79944e-06	2.59709e-05
793	530	412	181	188	94	195	0.113592	2.17514	2.38238e-06	2.09731e-05
794	535	422	159	165	95	126	0.186598	1.6788	2.98718e-06	1.60086e-05
795	551	418	183	186	101	139	0.153052	1.87698	2.73729e-06	1.78848e-05
796	539	424	183	187	96	185	0.120289	2.11786	2.45213e-06	2.03853e-05
797	569	449	202	208	103	212	0.0918646	2.38744	2.11338e-06	2.30053e-05
798	565	424	197	205	101	210	0.0945714	2.3584	2.14958e-06	2.27297e-05
799	561	463	154	157	85	120	0.202309	1.59796	3.08283e-06	1.52383e-05
800	557	436	226	230	114	232	0.0722517	2.6276	1.82868e-06	2.53099e-05
801	554	446	175	184	93	170	0.132322	2.02252	2.56955e-06	1.9419e-05
802	567	449	164	164	91	141	0.173944	1.74902	2.91343e-06	1.67492e-05
803	548	430	205	214	98	250	0.0728815	2.61892	1.8485e-06	2.53631e-05
804	545	418	209	215	97	245	0.0742959	2.5997	1.86883e-06	2.51539e-05
805	542	430	167	175	94	146	0.158247	1.8436	2.7908e-06	1.76358e-05
806	539	418	192	200	100	181	0.113143	2.1791	2.36545e-06	2.09066e-05
807	536	399	173	176	96	143	0.159681	1.83458	2.79965e-06	1.75328e-05
808	533	409	185	190	97	194	0.112748	2.1826	2.37142e-06	2.10329e-05
809	530	420	152	157	88	123	0.199237	1.61326	3.06778e-06	1.53977e-05
810	527	413	182	187	104	143	0.149022	1.90366	2.70531e-06	1.81537e-05
811	523	404	157	159	95	96	0.225797	1.48812	3.17831e-06	1.4076e-05
812	519	409	133	135	76	139	0.210831	1.5567	3.16371e-06	1.50059e-05
813	575	437	197	204	95	259	0.0741237	2.60202	1.87361e-06	2.52768e-05
814	510	391	168	175	88	173	0.13789	1.9813	2.62961e-06	1.90704e-05
815	504	397	165	171	87	191	0.128995	2.04798	2.55423e-06	1.9801e-05
816	527	412	163	170	89	130	0.177178	1.7306	2.92404e-06	1.65034e-05
817	562	441	197	206	100	227	0.0861746	2.45138	2.04143e-06	2.36894e-05
818	576	461	190	194	112	138	0.146296	1.92212	2.67477e-06	1.82832e-05
819	537	422	161	168	92	136	0.17401	1.74864	2.90759e-06	1.67093e-05
820	531	409	201	206	104	181	0.108959	2.21678	2.31488e-06	2.12453e-05
821	602	478	168	169	100	103	0.204616	1.58662	3.07177e-06	1.50124e-05
822	545	423	193	201	96	208	0.0979714	2.32308	2.19433e-06	2.23977e-05
823	533	422	184	189	90	221	0.098863	2.31402	2.21562e-06	2.2411e-05
824	584	452	220	223	105	266	0.0634794	2.75704	1.69625e-06	2.67212e-05
825	554	445	177	186	87	233	0.0947626	2.35638	2.1681e-06	2.28793e-05
826	520	405	180	185	94	174	0.128838	2.0492	2.53656e-06	1.9688e-05
827	517	421	130	132	85	79	0.291749	1.23186	3.39847e-06	1.16486e-05
828	566	439	190	196	94	210	0.100071	2.30188	2.22374e-06	2.22217e-05
829	530	421	166	172	92	135	0.170561	1.76866	2.87941e-06	1.6882e-05
830	542	420	198	204	104	214	0.0932455	2.37252	2.134e-06	2.28858e-05
831	583	448	199	202	102	202	0.100383	2.29876	2.22202e-06	2.21353e-05
832	576	448	198	202	98	230	0.087025	2.44156	2.0558e-06	2.36231e-05
833	571	451	197	203	106	190	0.10605	2.24384	2.28583e-06	2.15542e-05
834	566	456	148	150	88	110	0.222462	1.503	3.18383e-06	1.43118e-05
835	562	431	198	204	104	183	0.109217	2.21442	2.31962e-06	2.12387e-05
836	510	398	151	152	87	119	0.209829	1.56146	3.12707e-06	1.49029e-05
837	555	443	184	189	101	156	0.137722	1.98252	2.61084e-06	1.89574e-05
838	551	427	168	170	95	151	0.159183	1.8377	2.80468e-06	1.76192e-05
839	548	423	169	172	94	165	0.146364	1.92166	2.70421e-06	1.8476e-05
840	545	436	208	213	107	227	0.0824684	2.49534	1.98622e-06	2.40846e-05
841	542	423	133	134	88	67	0.306291	1.18322	3.40715e-06	1.11239e-05
842	534	417	208	211	110	206	0.0929513	2.37568	2.12448e-06	2.28559e-05
843	537	429	151	153	85	120	0.207455	1.57284	3.11441e-06	1.50125e-05
844	534	398	172	177	94	181	0.130725	2.03466	2.5633e-06	1.96083e-05
845	531	419	193	198	103	166	0.123682	2.09004	2.47324e-06	1.99967e-05
846	527	401	180	182	102	138	0.157747	1.84676	2.77728e-06	1.76058e-05
847	552	454	176	182	95	210	0.109267	2.21396	2.34175e-06	2.14314e-05
848	520	395	180	185	93	163	0.136272	1.9931	2.60328e-06	1.91035e-05
849	516	409	157	159	91	97	0.224648	1.49322	3.17407e-06	1.41291e-05
850	511	407	163	170	92	120	0.186449	1.6796	2.97797e-06	1.59721e-05
851	562	450	164	170	95	125	0.181754	1.7051	2.95128e-06	1.62377e-05
852	527	438	168	170	83	186	0.133161	2.0162	2.59382e-06	1.94789e-05
853	534	422	169	171	91	152	0.157382	1.84908	2.79019e-06	1.77288e-05
854	550	430	148	148	96	70	0.276252	1.28644	3.33535e-06	1.20736e-05
855	537	405	212	222	92	306	0.0520912	2.95476	1.49971e-06	2.87901e-05
856	507	406	149	154	82	147	0.179636	1.71682	2.96463e-06	1.65035e-05
857	560	430	163	169	98	113	0.194442	1.63762	3.02235e-06	1.55437e-05
858	545	426	186	191	98	188	0.115524	2.15828	2.39949e-06	2.07705e-05
859	540	412	199	203	103	200	0.100778	2.29484	2.22572e-06	2.20855e-05
860	541	429	167	173	92	136	0.168631	1.78004	2.86531e-06	1.69916e-05
861	555	432	159	160	85	142	0.177462	1.729	2.9417e-06	1.65765e-05
862	520	408	187	190	99	192	0.113904	2.1724	2.38362e-06	2.09266e-05
863	545	439	160	168	95	146	0.165358	1.79964	2.85089e-06	1.72406e-05
864	556	441	168	173	102	110	0.192542	1.64744	3.0056e-06	1.56101e-05
865	605	478	179	184	95	143	0.151856	1.88482	2.73105e-06	1.79844e-05
866	593	478	208	216	109	204	0.0910014	2.39688	2.09593e-06	2.30319e-05
867	585	459	181	183	104	179	0.127182	2.06214	2.52338e-06	1.98408e-05
868	578	440	165	170	88	174	0.141564	1.955	2.66725e-06	1.88413e-05
869	563	425	192	197	107	160	0.128329	2.05316	2.518e-06	1.96215e-05
870	532	426	158	163	82	143	0.173264	1.75294	2.91066e-06	1.6799e-05
871	563	440	180	186	85	200	0.112132	2.18808	2.36889e-06	2.11259e-05
872	559	436	201	209	108	208	0.0931709	2.37332	2.12889e-06	2.28493e-05
873	555	423	187	195	94	235	0.0886464	2.4231	2.08262e-06	2.34936e-05
874	552	435	194	200	105	184	0.111425	2.1944	2.34729e-06	2.1066e-05
875	549	426	151	154	89	113	0.213649	1.54342	3.14e-06	1.4697e-05
876	561	447	199	207	103	186	0.105551	2.24856	2.27647e-06	2.15674e-05
877	543	440	165	171	95	138	0.16903	1.77768	2.87096e-06	1.69849e-05
878	540	422	199	205	99	211	0.0940903	2.3635	2.14365e-06	2.27829e-05
879	537	406	176	178	93	163	0.142396	1.94914	2.66401e-06	1.87084e-05
880	534	424	179	182	92	161	0.140288	1.96406	2.64132e-06	1.88279e-05
881	531	405	177	180	102	148	0.151799	1.8852	2.73606e-06	1.80243e-05
882	528	413	160	161	91	152	0.167582	1.78628	2.87644e-06	1.71643e-05
883	525	421	138	140	81	106	0.241762	1.4198	3.2722e-06	1.35348e-05
884	521	406	156	163	87	138	0.177739	1.72744	2.93862e-06	1.65333e-05
885	517	408	148	149	87	105	0.229645	1.47122	3.21266e-06	1.39897e-05
886	537	421	191	195	105	213	0.099172	2.3109	2.21398e-06	2.23247e-05
887	562	444	176	181	88	198	0.116895	2.14648	2.4241e-06	2.07374e-05
888	500	393	140	144	82	101	0.241854	1.41942	3.2638e-06	1.34949e-05
889	492	388	140	143	79	101	0.243378	1.41314	3.27062e-06	1.34385e-05
890	577	455	178	179	95	163	0.141505	1.95542	2.65532e-06	1.87648e-05
891	537	428	174	183	91	195	0.117216	2.14374	2.4253e-06	2.06909e-05
892	541	420	169	174	91	158	0.14979	1.89852	2.72872e-06	1.82169e-05
893	603	466	201	205	106	180	0.110206	2.2054	2.32929e-06	2.11357e-05
894	545	422	159	162	94	115	0.201119	1.60386	3.06803e-06	1.52548e-05
895	498	384	135	138	84	109	0.241101	1.42254	3.27446e-06	1.35813e-05
896	533	428	160	166	88	127	0.184486	1.69018	2.97359e-06	1.61182e-05
897	555	446	178	186	94	179	0.124808	2.08098	2.49742e-06	2.00101e-05
898	520	405	155	162	88	146	0.171708	1.76196	2.9022e-06	1.6902e-05
899	528	408	189	192	97	216	0.0995236	2.30736	2.22084e-06	2.23147e-05
900	566	456	196	203	107	237	0.0834473	2.48354	2.00703e-06	2.40514e-05
901	531	430	156	160	86	133	0.185797	1.6831	2.99102e-06	1.60983e-05
902	561	438	204	208	104	246	0.0772398	2.56084	1.91646e-06	2.48119e-05
903	583	449	180	183	97	173	0.131133	2.03154	2.55998e-06	1.9522e-05
904	540	410	156	156	89	116	0.207779	1.57128	3.1103e-06	1.49693e-05
905	573	464	196	204	103	187	0.107011	2.23482	2.29552e-06	2.14512e-05
906	568	444	171	176	90	168	0.140566	1.96208	2.65123e-06	1.88612e-05
907	564	424	207	211	102	220	0.0865459	2.44708	2.04246e-06	2.35997e-05
908	560	440	167	170	95	142	0.16666	1.7918	2.85672e-06	1.7141e-05
909	556	445	195	203	104	197	0.102331	2.27954	2.24373e-06	2.19261e-05
910	558	433	178	184	93	176	0.128334	2.05312	2.53303e-06	1.97378e-05
911	550	428	203	208	103	200	0.0976623	2.32624	2.18448e-06	2.23677e-05
912	547	420	156	162	96	138	0.178859	1.72116	2.94703e-06	1.64769e-05
913	544	411	174	178	93	157	0.146821	1.91854	2.69998e-06	1.83896e-05
914	541	435	184	187	87	177	0.125298	2.07706	2.50098e-06	1.99603e-05
915	538	412	181	187	98	175	0.126583	2.06686	2.51317e-06	1.9854e-05
916	549	435	178	182	91	186	0.123494	2.09156	2.48918e-06	2.01562e-05
917	532	427	138	139	79	105	0.244529	1.40842	3.28286e-06	1.34252e-05
918	529	418	169	172	94	141	0.165421	1.79926	2.84537e-06	1.72008e-05
919	526	424	167	170	94	134	0.1736	1.751	2.90189e-06	1.67159e-05
920	522	409	172	177	94	145	0.157071	1.85106	2.77945e-06	1.76955e-05
921	516	402	199	201	97	188	0.108492	2.22108	2.31468e-06	2.1335e-05
922	513	398	166	172	94	137	0.168831	1.77886	2.86813e-06	1.69882e-05
923	508	407	166	173	95	170	0.141785	1.95344	2.66529e-06	1.87981e-05
924	502	388	164	167	91	148	0.164711	1.80356	2.84794e-06	1.72905e-05
925	554	427	184	195	94	204	0.10383	2.265	2.26832e-06	2.18465e-05
926	524	414	153	156	84	165	0.161835	1.82118	2.84389e-06	1.75728e-05
927	537	428	182	188	97	192	0.115344	2.15984	2.40073e-06	2.08137e-05
928	572	442	141	143	86	90	0.257422	1.35704	3.3089e-06	1.2854e-05
929	546	427	190	197	98	212	0.0984349	2.31836	2.20341e-06	2.23844e-05
930	545	432	195	198	97	200	0.103992	2.26344	2.26737e-06	2.18033e-05
931	505	404	151	154	89	113	0.213649	1.54342	3.14e-06	1.4697e-05
932	571	447	187	191	104	151	0.139515	1.96958	2.62353e-06	1.88046e-05
933	555	436	183	187	101	155	0.140176	1.96486	2.63409e-06	1.87913e-05
934	520	416	179	181	98	154	0.146302	1.92208	2.69189e-06	1.83995e-05
935	547	416	171	174	85	177	0.135957	1.99542	2.61396e-06	1.92265e-05
936	559	452	160	165	91	130	0.18283	1.6992	2.96571e-06	1.62212e-05
937	531	415	153	163	87	150	0.167187	1.78864	2.87076e-06	1.71709e-05
938	529	422	139	145	81	112	0.227228	1.4818	3.21206e-06	1.41358e-05
939	589	457	174	184	94	163	0.137131	1.98682	2.61194e-06	1.90471e-05
940	581	466	179	184	97	169	0.132998	2.01742	2.57562e-06	1.93659e-05
941	574	464	201	203	108	166	0.119859	2.12144	2.43062e-06	2.0279e-05
942	569	459	205	210	108	217	0.0884339	2.4255	2.06793e-06	2.33839e-05
943	565	436	169	171	105	91	0.214815	1.53798	3.11216e-06	1.44877e-05
944	511	391	152	160	86	140	0.179281	1.7188	2.95281e-06	1.64703e-05
945	557	447	186	193	89	205	0.104608	2.25754	2.27905e-06	2.17867e-05
946	554	445	171	174	92	156	0.151326	1.88832	2.74061e-06	1.81107e-05
947	550	447	169	173	98	122	0.181112	1.70864	2.94265e-06	1.62477e-05
948	547	441	165	168	98	120	0.188805	1.66704	2.99429e-06	1.58592e-05
949	544	434	173	174	100	116	0.185571	1.68432	2.96641e-06	1.59853e-05
950	534	417	152	157	83	132	0.190299	1.65916	3.02116e-06	1.58759e-05
951	539	437	187	189	96	204	0.107817	2.22732	2.3189e-06	2.15078e-05
952	536	434	166	171	94	153	0.156581	1.85418	2.78432e-06	1.77819e-05
953	533	415	162	164	90	152	0.164455	1.80512	2.8506e-06	1.73337e-05
954	530	402	177	180	99	158	0.144251	1.9362	2.67667e-06	1.85556e-05
955	526	433	165	169	92	159	0.153782	1.87222	2.7662e-06	1.79878e-05
956	523	403	184	189	96	162	0.133571	2.01312	2.57474e-06	1.92762e-05
957	519	424	186	193	87	203	0.10568	2.24734	2.29119e-06	2.16804e-05
958	514	393	176	180	96	151	0.149494	1.9005	2.71835e-06	1.81837e-05
959	509	397	148	150	91	99	0.235299	1.4469	3.23002e-06	1.37273e-05
960	528	423	151	156	94	122	0.201517	1.60188	3.08081e-06	1.52881e-05
961	495	378	144	149	93	95	0.241661	1.42022	3.25236e-06	1.34583e-05
962	486	378	152	160	78	161	0.161073	1.8259	2.83263e-06	1.75861e-05
963	537	417	191	198	101	199	0.104524	2.25834	2.27341e-06	2.17501e-05
964	525	427	174	178	95	145	0.156087	1.85734	2.77086e-06	1.7752e-05
965	542	426	182	184	96	180	0.125742	2.07352	2.5086e-06	1.99503e-05
966	546	416	193	200	98	245	0.0816348	2.5055	1.98431e-06	2.43072e-05
967	520	407	190	196	108	158	0.130461	2.03668	2.53861e-06	1.94588e-05
968	554	440	177	183	98	142	0.153594	1.87344	2.74547e-06	1.78748e-05
969	555	424	168	173	95	162	0.14769	1.91264	2.71351e-06	1.8373e-05
970	520	413	139	143	88	79	0.272276	1.30094	3.3407e-06	1.22695e-05
971	533	427	179	187	103	144	0.148264	1.90876	2.69943e-06	1.82069e-05
972	566	436	187	195	98	174	0.120996	2.112	2.45046e-06	2.02525e-05
973	531	427	193	200	99	215	0.095131	2.3525	2.16073e-06	2.27132e-05
974	534	425	164	167	83	195	0.129606	2.04326	2.5646e-06	1.97877e-05
975	584	456	225	236	121	216	0.0754957	2.58368	1.87217e-06	2.47984e-05
976	540	424	215	221	114	188	0.0956863	2.34668	2.14949e-06	2.2464e-05
977	555	428	196	203	107	171	0.116841	2.14694	2.40046e-06	2.05446e-05
978	526	405	171	178	87	157	0.146821	1.91854	2.69998e-06	1.83896e-05
979	566	443	196	202	105	208	0.097358	2.32936	2.18609e-06	2.24541e-05
980	561	441	207	211	104	196	0.0978147	2.32468	2.18367e-06	2.23246e-05
981	558	433	143	148	81	110	0.225274	1.49044	3.19864e-06	1.41989e-05
982	554	425	196	200	105	175	0.116659	2.1485	2.40176e-06	2.05878e-05
983	551	427	173	176	97	132	0.168895	1.77848	2.86249e-06	1.69484e-05
984	531	410	184	189	100	165	0.131543	2.02842	2.55662e-06	1.94356e-05
985	545	431	184	194	96	203	0.105018	2.25362	2.28277e-06	2.17369e-05
986	542	432	186	194	94	209	0.101853	2.28422	2.24645e-06	2.20557e-05
987	539	429	174	185	93	189	0.119349	2.1257	2.44487e-06	2.0485e-05
988	537	432	169	175	98	147	0.157442	1.8487	2.78497e-06	1.76889e-05
989	534	407	172	175	95	128	0.173461	1.7518	2.89323e-06	1.66794e-05
990	520	424	172	182	90	182	0.126039	2.07116	2.51369e-06	1.99437e-05
991	527	422	160	166	94	130	0.181685	1.70548	2.9574e-06	1.62776e-05
992	524	405	142	144	87	83	0.265107	1.32762	3.32405e-06	1.25385e-05
993	520	408	168	171	95	151	0.158187	1.84398	2.79605e-06	1.76757e-05
994	516	414	158	158	101	93	0.230722	1.46654	3.19784e-06	1.38601e-05
995	562	431	165	170	93	128	0.178995	1.7204	2.935e-06	1.63971e-05
996	505	388	139	144	83	87	0.259754	1.34802	3.31214e-06	1.2751e-05
997	498	408	160	164	102	99	0.215494	1.53482	3.12846e-06	1.45176e-05
998	545	413	180	184	101	164	0.136433	1.99192	2.6059e-06	1.91002e-05
999	537	428	173	184	88	172	0.130979	2.03272	2.5574e-06	1.95253e-05
1000	535	420	166	170	93	138	0.170095	1.7714	2.87944e-06	1.69285e-05