Hist	Tr_Tot	Tr_in	DSBs	DSBt	RIFs	NComb	PSurv	lPSurv	PMut*	PMut
1	202	159	71	73	34	86	0.407775	0.89704	3.54362e-06	8.69013e-06
2	170	136	58	61	29	60	0.502038	0.68908	3.32916e-06	6.6313e-06
3	220	176	87	87	37	110	0.33043	1.10736	3.55397e-06	1.07556e-05
4	179	133	46	49	27	34	0.618091	0.48112	2.8262e-06	4.57246e-06
5	181	142	83	85	39	110	0.334607	1.0948	3.56112e-06	1.06427e-05
6	194	150	75	78	40	75	0.417972	0.87234	3.50591e-06	8.3879e-06
7	181	139	68	72	38	66	0.454408	0.78876	3.44033e-06	7.57102e-06
8	161	127	55	58	28	57	0.519473	0.65494	3.27401e-06	6.30255e-06
9	153	123	56	56	29	50	0.545158	0.60668	3.17158e-06	5.81773e-06
10	211	160	80	83	34	115	0.330305	1.10774	3.56579e-06	1.07955e-05
11	191	148	63	63	34	55	0.508576	0.67614	3.29482e-06	6.47852e-06
12	177	137	65	66	29	81	0.437106	0.82758	3.50967e-06	8.02933e-06
13	180	153	97	99	41	148	0.252456	1.37652	3.39604e-06	1.3452e-05
14	174	130	53	53	30	36	0.596641	0.51644	2.92624e-06	4.90452e-06
15	187	144	76	77	31	87	0.395636	0.92726	3.54848e-06	8.96905e-06
16	188	137	75	76	31	109	0.355873	1.03318	3.58775e-06	1.00815e-05
17	195	160	57	59	36	46	0.546009	0.60512	3.15295e-06	5.77454e-06
18	180	144	56	58	32	41	0.56364	0.57334	3.0732e-06	5.45242e-06
19	206	156	79	80	33	98	0.367071	1.0022	3.56898e-06	9.72286e-06
20	173	132	61	63	31	61	0.49325	0.70674	3.35278e-06	6.79732e-06
21	184	148	83	84	35	111	0.335002	1.09362	3.56421e-06	1.06394e-05
22	181	135	64	64	31	73	0.461063	0.77422	3.454e-06	7.49137e-06
23	192	154	84	84	40	98	0.357965	1.02732	3.56127e-06	9.94865e-06
24	188	162	78	80	37	86	0.390237	0.941	3.54541e-06	9.08526e-06
25	194	148	73	74	42	99	0.379227	0.96962	3.57888e-06	9.43731e-06
26	196	156	78	79	38	87	0.390698	0.93982	3.5483e-06	9.08195e-06
27	162	122	61	64	33	74	0.458718	0.77932	3.4608e-06	7.5445e-06
28	208	160	82	83	31	109	0.340568	1.07714	3.56802e-06	1.04767e-05
29	174	141	89	91	37	122	0.303104	1.19368	3.52176e-06	1.1619e-05
30	191	156	64	65	33	60	0.489584	0.7142	3.35712e-06	6.85709e-06
31	182	143	76	78	30	104	0.360508	1.02024	3.5794e-06	9.92877e-06
32	187	146	85	90	30	187	0.218953	1.5189	3.28783e-06	1.50162e-05
33	183	139	78	81	37	141	0.292942	1.22778	3.53407e-06	1.2064e-05
34	163	138	51	51	30	31	0.619787	0.47838	2.80513e-06	4.52596e-06
35	188	144	56	57	31	47	0.550097	0.59766	3.14368e-06	5.71477e-06
36	173	134	53	56	26	83	0.460713	0.77498	3.48811e-06	7.57112e-06
37	191	156	92	94	37	162	0.242557	1.41652	3.37485e-06	1.39137e-05
38	176	136	53	55	30	53	0.540263	0.6157	3.19872e-06	5.92068e-06
39	199	156	66	68	40	49	0.50817	0.67694	3.27361e-06	6.44196e-06
40	184	144	60	62	31	72	0.469278	0.75656	3.43762e-06	7.32534e-06
41	195	152	63	65	37	42	0.536655	0.6224	3.16663e-06	5.90069e-06
42	191	150	58	58	30	56	0.522129	0.64984	3.26301e-06	6.24942e-06
43	222	176	97	98	37	225	0.17154	1.76294	2.99969e-06	1.74868e-05
44	199	150	63	64	37	36	0.556816	0.58552	3.07666e-06	5.52544e-06
45	166	123	53	53	25	55	0.541539	0.61334	3.20269e-06	5.91405e-06
46	175	138	53	53	30	42	0.57866	0.54704	3.02253e-06	5.22332e-06
47	177	141	71	72	35	73	0.438472	0.82446	3.48276e-06	7.94295e-06
48	182	136	65	65	24	108	0.383276	0.959	3.60566e-06	9.40748e-06
49	185	146	63	67	35	57	0.490927	0.71146	3.3435e-06	6.81058e-06
50	178	140	63	64	36	47	0.526439	0.64162	3.21649e-06	6.10991e-06
51	192	153	92	96	32	217	0.180942	1.70958	3.06676e-06	1.69489e-05
52	200	151	67	73	36	74	0.43351	0.83584	3.49085e-06	8.05253e-06
53	201	150	77	77	37	72	0.42709	0.85076	3.49021e-06	8.17206e-06
54	168	124	67	68	32	55	0.492855	0.70754	3.33208e-06	6.76076e-06
55	217	161	121	124	49	187	0.176856	1.73242	2.99513e-06	1.69354e-05
56	178	136	76	79	38	103	0.360083	1.02142	3.57638e-06	9.93208e-06
57	180	145	51	51	30	34	0.610376	0.49368	2.85983e-06	4.68536e-06
58	186	142	68	70	40	55	0.486704	0.7201	3.34543e-06	6.87366e-06
59	184	141	89	92	40	88	0.358237	1.02656	3.53541e-06	9.8689e-06
60	168	122	76	78	36	88	0.391159	0.93864	3.55119e-06	9.07863e-06
61	182	142	85	87	36	114	0.323758	1.12776	3.55101e-06	1.09681e-05
62	182	150	78	80	41	77	0.408567	0.8951	3.51656e-06	8.60706e-06
63	195	145	76	79	33	108	0.351017	1.04692	3.57958e-06	1.01977e-05
64	181	141	55	56	31	35	0.588499	0.53018	2.95469e-06	5.02073e-06
65	180	143	88	90	46	110	0.324263	1.1262	3.54255e-06	1.09249e-05
66	203	171	90	91	38	105	0.330556	1.10698	3.54214e-06	1.07157e-05
67	187	134	83	85	39	87	0.376251	0.9775	3.54452e-06	9.42063e-06
68	191	150	75	75	37	79	0.417321	0.8739	3.51847e-06	8.43109e-06
69	194	154	75	75	40	56	0.469259	0.7566	3.3829e-06	7.20903e-06
70	166	127	67	68	26	139	0.32112	1.13594	3.60424e-06	1.1224e-05
71	204	159	69	70	37	60	0.47445	0.7456	3.38725e-06	7.13932e-06
72	172	128	45	45	27	31	0.643586	0.4407	2.69487e-06	4.18727e-06
73	188	135	69	72	32	89	0.404113	0.90606	3.5534e-06	8.79308e-06
74	181	136	82	84	35	146	0.280237	1.27212	3.50269e-06	1.2499e-05
75	182	148	88	89	32	122	0.306935	1.18112	3.53162e-06	1.15061e-05
76	188	155	63	64	30	61	0.490162	0.71302	3.35946e-06	6.85377e-06
77	199	154	93	95	40	156	0.248528	1.3922	3.39273e-06	1.36513e-05
78	195	144	81	81	36	102	0.357407	1.02888	3.57115e-06	9.99184e-06
79	160	124	68	68	29	71	0.454235	0.78914	3.45714e-06	7.61089e-06
80	207	159	84	86	38	107	0.337638	1.08578	3.55862e-06	1.05397e-05
81	174	133	57	60	26	64	0.494999	0.7032	3.35975e-06	6.78738e-06
82	198	156	66	69	38	58	0.482333	0.72912	3.36505e-06	6.97661e-06
83	182	143	56	56	29	58	0.523363	0.64748	3.26725e-06	6.24279e-06
84	163	117	73	77	30	123	0.329276	1.11086	3.58313e-06	1.08818e-05
85	189	152	74	75	35	86	0.402685	0.9096	3.54485e-06	8.80303e-06
86	178	145	56	56	29	39	0.576615	0.55058	3.01758e-06	5.23326e-06
87	191	149	70	71	33	88	0.408738	0.89468	3.54928e-06	8.6835e-06
88	178	146	70	72	35	72	0.440714	0.81936	3.47715e-06	7.88982e-06
89	182	132	67	71	38	54	0.48613	0.72128	3.3431e-06	6.87697e-06
90	182	143	66	67	35	54	0.498496	0.69616	3.31559e-06	6.65118e-06
91	204	165	87	94	40	131	0.284103	1.25842	3.48495e-06	1.22665e-05
92	183	133	55	57	30	52	0.536247	0.62316	3.20699e-06	5.98044e-06
93	210	170	76	83	39	85	0.384912	0.95474	3.54176e-06	9.20147e-06
94	190	145	77	77	31	112	0.348276	1.05476	3.58633e-06	1.02974e-05
95	182	155	70	72	30	81	0.420942	0.86526	3.52245e-06	8.36802e-06
96	198	153	64	66	34	58	0.491507	0.71028	3.34582e-06	6.80727e-06
97	185	144	61	64	26	107	0.387663	0.94762	3.60445e-06	9.2979e-06
98	169	136	44	48	27	30	0.634803	0.45444	2.73186e-06	4.30348e-06
99	176	135	72	74	33	87	0.403161	0.90842	3.5477e-06	8.79971e-06
100	185	135	63	65	36	43	0.533925	0.6275	3.17889e-06	5.95382e-06
101	184	143	74	76	34	77	0.41896	0.86998	3.51142e-06	8.38127e-06
102	200	151	63	64	33	55	0.505392	0.68242	3.30273e-06	6.53497e-06
103	191	156	83	85	33	141	0.285675	1.2529	3.5109e-06	1.22898e-05
104	186	142	66	67	36	61	0.481013	0.73186	3.37821e-06	7.02311e-06
105	200	154	76	77	33	92	0.385675	0.95276	3.5616e-06	9.23472e-06
106	167	132	53	56	30	41	0.570764	0.56078	3.04761e-06	5.33953e-06
107	215	172	103	105	46	161	0.227524	1.4805	3.29487e-06	1.44814e-05
108	178	144	69	69	39	55	0.48977	0.71382	3.33886e-06	6.81721e-06
109	182	153	92	93	38	130	0.287354	1.24704	3.49335e-06	1.21569e-05
110	185	149	72	72	37	65	0.456731	0.78366	3.43365e-06	7.51789e-06
111	182	147	49	50	27	33	0.617362	0.4823	2.82491e-06	4.57578e-06
112	192	145	70	73	30	103	0.37391	0.98374	3.58707e-06	9.59339e-06
113	151	119	44	45	25	37	0.62419	0.4713	2.81265e-06	4.50607e-06
114	184	147	82	83	38	98	0.36022	1.02104	3.56337e-06	9.8922e-06
115	193	156	60	61	31	57	0.509778	0.67378	3.29923e-06	6.4719e-06
116	185	143	54	55	28	41	0.574359	0.5545	3.03439e-06	5.28308e-06
117	179	145	61	63	33	58	0.500854	0.69144	3.32463e-06	6.63792e-06
118	174	134	61	64	32	69	0.470566	0.75382	3.42517e-06	7.27884e-06
119	186	147	71	74	36	68	0.444182	0.81152	3.46026e-06	7.79018e-06
120	195	153	79	80	40	77	0.408567	0.8951	3.51656e-06	8.60706e-06
121	193	157	62	62	28	71	0.471677	0.75146	3.43014e-06	7.27221e-06
122	162	126	49	51	26	46	0.574141	0.55488	3.05613e-06	5.32295e-06
123	203	156	83	85	36	130	0.30216	1.1968	3.53689e-06	1.17054e-05
124	171	125	54	54	26	49	0.554871	0.58902	3.13596e-06	5.6517e-06
125	191	158	59	62	31	59	0.501446	0.69026	3.3269e-06	6.63461e-06
126	180	154	83	85	35	112	0.331211	1.105	3.56017e-06	1.0749e-05
127	193	144	72	77	34	128	0.320985	1.13636	3.57819e-06	1.11475e-05
128	187	141	65	67	33	74	0.450156	0.79816	3.47244e-06	7.71385e-06
129	204	159	82	82	34	107	0.346227	1.06066	3.57097e-06	1.0314e-05
130	195	159	60	61	27	63	0.494415	0.70438	3.35742e-06	6.7907e-06
131	174	138	39	40	25	24	0.688252	0.3736	2.43166e-06	3.5331e-06
132	205	166	93	96	42	104	0.321975	1.13328	3.52396e-06	1.09448e-05
133	173	137	80	81	35	104	0.35378	1.03908	3.57251e-06	1.00981e-05
134	199	162	105	105	41	143	0.249399	1.3887	3.37314e-06	1.3525e-05
135	181	151	76	77	37	84	0.401736	0.91196	3.53916e-06	8.80965e-06
136	169	118	55	56	27	54	0.534149	0.62708	3.22106e-06	6.03026e-06
137	188	150	70	73	32	114	0.353511	1.03984	3.59799e-06	1.01779e-05
138	224	183	118	123	41	248	0.130388	2.03724	2.62342e-06	2.01201e-05
139	196	148	78	79	37	96	0.37317	0.98572	3.56756e-06	9.56015e-06
140	161	125	60	61	37	45	0.541951	0.61258	3.1619e-06	5.8343e-06
141	170	124	75	79	32	121	0.328499	1.11322	3.57686e-06	1.08885e-05
142	178	145	76	77	40	64	0.444876	0.80996	3.44645e-06	7.74699e-06
143	190	152	77	79	36	96	0.37317	0.98572	3.56756e-06	9.56015e-06
144	182	138	64	67	28	95	0.404437	0.90526	3.57103e-06	8.82964e-06
145	179	134	53	54	29	59	0.527282	0.64002	3.2602e-06	6.18303e-06
146	189	153	75	77	32	95	0.379819	0.96806	3.56807e-06	9.39412e-06
147	183	147	60	62	29	69	0.476513	0.74126	3.41467e-06	7.16594e-06
148	197	163	69	70	37	60	0.47445	0.7456	3.38725e-06	7.13932e-06
149	188	148	80	82	33	109	0.342714	1.07086	3.57115e-06	1.04202e-05
150	174	144	71	74	37	85	0.407294	0.89822	3.54079e-06	8.69344e-06
151	176	125	66	69	33	76	0.440027	0.82092	3.49073e-06	7.93301e-06
152	179	148	59	61	32	53	0.520284	0.65338	3.25665e-06	6.25936e-06
153	183	147	95	96	40	161	0.240754	1.42398	3.36415e-06	1.39734e-05
154	169	127	55	55	33	28	0.61373	0.4882	2.81846e-06	4.59235e-06
155	190	154	85	89	36	119	0.311667	1.16582	3.53639e-06	1.13467e-05
156	180	143	62	63	35	39	0.551816	0.59454	3.10584e-06	5.62839e-06
157	199	150	80	83	37	85	0.384912	0.95474	3.54176e-06	9.20147e-06
158	166	127	65	67	30	92	0.410672	0.88996	3.56063e-06	8.67024e-06
159	213	174	73	75	32	89	0.396571	0.9249	3.55424e-06	8.96242e-06
160	177	136	67	70	27	93	0.400957	0.9139	3.5656e-06	8.89272e-06
161	196	152	81	84	37	100	0.354332	1.03752	3.56278e-06	1.00549e-05
162	184	153	75	79	31	109	0.349232	1.05202	3.57993e-06	1.02509e-05
163	191	151	84	85	37	104	0.345004	1.0642	3.56178e-06	1.03239e-05
164	192	155	74	75	31	89	0.396571	0.9249	3.55424e-06	8.96242e-06
165	152	122	63	66	32	77	0.446114	0.80718	3.48719e-06	7.8168e-06
166	201	158	81	82	35	113	0.335793	1.09126	3.57041e-06	1.06328e-05
167	168	140	60	60	28	65	0.492481	0.7083	3.36882e-06	6.84051e-06
168	188	149	65	65	35	61	0.487093	0.7193	3.36592e-06	6.91022e-06
169	174	131	61	63	27	84	0.438656	0.82404	3.51775e-06	8.01939e-06
170	179	141	73	73	36	79	0.422595	0.86134	3.51523e-06	8.3182e-06
171	186	152	69	70	32	110	0.367659	1.0006	3.60158e-06	9.79598e-06
172	199	149	56	57	26	64	0.504413	0.68436	3.33822e-06	6.61804e-06
173	193	148	63	63	30	76	0.456923	0.78324	3.47002e-06	7.59432e-06
174	169	129	73	75	38	83	0.408894	0.8943	3.53432e-06	8.64363e-06
175	202	160	76	79	36	80	0.404898	0.90412	3.52667e-06	8.71002e-06
176	170	129	57	59	26	93	0.429635	0.84482	3.55385e-06	8.2718e-06
177	178	145	94	96	39	114	0.305966	1.18428	3.51132e-06	1.14762e-05
178	179	141	71	71	36	72	0.44349	0.81308	3.47402e-06	7.83337e-06
179	196	157	84	84	34	112	0.333297	1.09872	3.56379e-06	1.06925e-05
180	187	146	88	89	38	110	0.326306	1.11992	3.54645e-06	1.08685e-05
181	183	150	59	59	36	33	0.583436	0.53882	2.96608e-06	5.0838e-06
182	194	158	74	74	37	63	0.455655	0.78602	3.42858e-06	7.52451e-06
183	178	141	57	59	33	43	0.554427	0.58982	3.11318e-06	5.61514e-06
184	204	150	76	77	35	77	0.416337	0.87626	3.51294e-06	8.43772e-06
185	172	131	48	49	26	44	0.587358	0.53212	2.99776e-06	5.10379e-06
186	205	166	65	66	37	49	0.514592	0.66438	3.25689e-06	6.32907e-06
187	181	145	74	74	32	86	0.405222	0.90332	3.54431e-06	8.74658e-06
188	174	130	59	67	33	72	0.454772	0.78796	3.45971e-06	7.60758e-06
189	188	157	61	66	30	84	0.430469	0.84288	3.52499e-06	8.18873e-06
190	162	130	62	62	26	100	0.40683	0.89936	3.58542e-06	8.81307e-06
191	195	151	73	73	38	65	0.453872	0.78994	3.43778e-06	7.57433e-06
192	160	127	52	54	27	60	0.5246	0.64512	3.27149e-06	6.23616e-06
193	206	172	83	85	36	117	0.322872	1.1305	3.55631e-06	1.10146e-05
194	209	158	79	82	38	81	0.39532	0.92806	3.53119e-06	8.93249e-06
195	191	158	78	81	34	178	0.242566	1.41648	3.4032e-06	1.403e-05
196	195	145	73	74	34	72	0.435213	0.83192	3.48288e-06	8.00271e-06
197	182	151	75	82	33	150	0.278048	1.27996	3.50304e-06	1.25987e-05
198	189	146	54	55	28	47	0.55705	0.5851	3.12053e-06	5.60188e-06
199	198	147	77	78	36	82	0.403314	0.90804	3.53296e-06	8.75984e-06
200	197	151	92	97	37	196	0.200136	1.60876	3.18006e-06	1.58895e-05
201	191	154	75	76	40	75	0.423255	0.85978	3.50244e-06	8.27501e-06
202	183	145	57	59	29	53	0.52686	0.64082	3.23833e-06	6.14647e-06
203	175	134	66	68	41	53	0.497908	0.69734	3.31333e-06	6.6545e-06
204	183	143	83	87	41	121	0.312403	1.16346	3.54267e-06	1.13401e-05
205	183	151	67	68	34	68	0.461239	0.77384	3.43692e-06	7.45149e-06
206	193	147	67	71	36	70	0.448037	0.80288	3.46203e-06	7.7271e-06
207	190	149	82	83	37	108	0.342309	1.07204	3.56808e-06	1.04235e-05
208	206	165	68	69	34	56	0.487278	0.71892	3.34777e-06	6.87034e-06
209	198	143	72	74	31	109	0.360371	1.02062	3.59241e-06	9.96864e-06
210	165	136	47	47	26	35	0.622719	0.47366	2.81014e-06	4.5127e-06
211	212	167	91	93	44	122	0.299321	1.20624	3.51159e-06	1.17319e-05
212	176	137	70	70	41	43	0.51742	0.6589	3.22666e-06	6.23606e-06
213	206	152	67	68	33	64	0.470744	0.75344	3.4077e-06	7.23896e-06
214	184	149	91	93	36	128	0.2903	1.23684	3.49831e-06	1.20507e-05
215	201	153	58	61	30	56	0.512384	0.66868	3.28887e-06	6.41876e-06
216	191	158	104	107	38	218	0.168005	1.78376	2.96075e-06	1.76229e-05
217	163	114	53	54	29	66	0.50879	0.67572	3.3351e-06	6.55496e-06
218	200	161	59	61	29	63	0.494415	0.70438	3.35742e-06	6.7907e-06
219	167	138	73	76	33	91	0.390089	0.94138	3.55962e-06	9.12514e-06
220	215	172	99	101	39	191	0.200212	1.60838	3.17329e-06	1.58496e-05
221	178	139	51	51	28	40	0.591981	0.52428	2.96237e-06	5.00416e-06
222	176	150	68	69	38	56	0.487278	0.71892	3.34777e-06	6.87034e-06
223	187	148	65	68	34	92	0.408101	0.89624	3.56137e-06	8.72669e-06
224	205	159	83	88	42	91	0.361772	1.01674	3.54628e-06	9.80251e-06
225	192	150	104	108	43	152	0.233765	1.45344	3.31305e-06	1.41726e-05
226	174	145	67	68	35	79	0.436075	0.82994	3.50428e-06	8.03596e-06
227	201	151	57	58	34	36	0.578197	0.54784	2.99897e-06	5.18676e-06
228	191	147	87	89	35	135	0.287245	1.24742	3.50347e-06	1.21968e-05
229	199	161	88	92	42	108	0.323499	1.12856	3.53635e-06	1.09316e-05
230	179	144	79	83	31	123	0.317099	1.14854	3.55802e-06	1.12205e-05
231	169	121	71	76	35	80	0.412599	0.88528	3.52387e-06	8.54067e-06
232	186	146	65	65	37	65	0.477257	0.7397	3.39938e-06	7.12275e-06
233	171	122	52	53	25	60	0.527904	0.63884	3.2623e-06	6.17971e-06
234	193	157	76	80	39	94	0.374636	0.9818	3.56291e-06	9.51033e-06
235	191	148	73	80	33	97	0.368948	0.9971	3.56763e-06	9.66973e-06
236	203	167	70	72	39	54	0.483086	0.72756	3.34944e-06	6.93342e-06
237	171	141	66	69	36	60	0.477438	0.73932	3.38164e-06	7.08288e-06
238	213	170	86	87	42	85	0.375364	0.97986	3.53865e-06	9.42726e-06
239	180	141	53	55	26	48	0.554216	0.5902	3.1341e-06	5.65501e-06
240	178	143	79	80	39	99	0.365204	1.0073	3.57023e-06	9.77599e-06
241	187	150	61	61	32	62	0.496943	0.69928	3.34818e-06	6.73756e-06
242	190	156	67	68	34	68	0.461239	0.77384	3.43692e-06	7.45149e-06
243	195	156	69	69	34	61	0.47501	0.74442	3.38967e-06	7.13601e-06
244	158	127	60	61	28	65	0.489398	0.71458	3.37536e-06	6.89696e-06
245	205	161	76	78	36	117	0.337382	1.08654	3.58283e-06	1.06195e-05
246	173	135	73	75	38	72	0.432488	0.8382	3.48549e-06	8.05916e-06
247	229	187	65	65	37	56	0.499674	0.6938	3.32011e-06	6.64455e-06
248	200	154	91	92	42	114	0.31375	1.15916	3.5298e-06	1.12504e-05
249	185	144	55	56	28	55	0.531432	0.63218	3.23291e-06	6.08339e-06
250	169	134	51	54	25	49	0.554871	0.58902	3.13596e-06	5.6517e-06
251	183	149	90	93	38	133	0.282991	1.26234	3.48541e-06	1.23163e-05
252	196	152	75	78	32	115	0.340841	1.07634	3.58334e-06	1.05132e-05
253	195	164	70	70	35	62	0.469635	0.7558	3.40278e-06	7.24559e-06
254	182	143	57	59	30	47	0.543231	0.61022	3.16577e-06	5.82767e-06
255	174	146	58	60	24	72	0.475209	0.744	3.42742e-06	7.21245e-06
256	192	152	67	70	29	111	0.365788	1.0057	3.60269e-06	9.84912e-06
257	182	144	67	68	30	94	0.40396	0.90644	3.56816e-06	8.83296e-06
258	192	151	76	80	33	110	0.34528	1.0634	3.57726e-06	1.03605e-05
259	189	156	59	62	31	52	0.519671	0.65456	3.25453e-06	6.26268e-06
260	153	123	61	62	30	62	0.493832	0.70556	3.3551e-06	6.79401e-06
261	197	153	87	90	39	128	0.295821	1.218	3.51475e-06	1.18813e-05
262	164	140	72	73	38	78	0.424756	0.85624	3.51064e-06	8.26506e-06
263	210	174	87	91	38	151	0.261432	1.34158	3.44041e-06	1.31598e-05
264	175	136	59	60	35	42	0.553773	0.591	3.11135e-06	5.61845e-06
265	184	149	77	79	36	116	0.336984	1.08772	3.57972e-06	1.06228e-05
266	183	148	78	84	33	125	0.311916	1.16502	3.55062e-06	1.13832e-05
267	209	173	86	86	37	128	0.303346	1.19288	3.53567e-06	1.16555e-05
268	190	145	68	73	34	91	0.397508	0.92254	3.56e-06	8.9558e-06
269	170	130	60	60	35	46	0.542591	0.6114	3.16384e-06	5.83098e-06
270	199	155	60	62	30	70	0.474089	0.74636	3.42248e-06	7.21908e-06
271	166	127	50	52	30	44	0.576396	0.55096	3.03942e-06	5.27314e-06
272	213	160	90	93	36	143	0.26892	1.31334	3.455e-06	1.28477e-05
273	177	141	67	68	32	74	0.447338	0.80444	3.47595e-06	7.77029e-06
274	186	151	64	67	32	82	0.43216	0.83896	3.51731e-06	8.13891e-06
275	181	145	48	48	28	33	0.625165	0.46974	2.79004e-06	4.46288e-06
276	178	136	63	66	30	82	0.434882	0.83268	3.51492e-06	8.08246e-06
277	191	159	81	82	36	123	0.319097	1.14226	3.56243e-06	1.11641e-05
278	178	133	60	63	31	48	0.52706	0.64044	3.21854e-06	6.10659e-06
279	212	160	71	74	31	86	0.405222	0.90332	3.54431e-06	8.74658e-06
280	190	151	64	64	34	72	0.463421	0.76912	3.44703e-06	7.43824e-06
281	205	156	78	79	37	125	0.321866	1.13362	3.57304e-06	1.1101e-05
282	178	137	64	65	29	92	0.415863	0.8774	3.55868e-06	8.55735e-06
283	174	126	56	56	31	43	0.564971	0.57098	3.07672e-06	5.44579e-06
284	185	147	66	66	29	93	0.411157	0.88878	3.56347e-06	8.66693e-06
285	195	141	55	57	32	35	0.584815	0.53646	2.96921e-06	5.07718e-06
286	193	164	75	77	36	111	0.350057	1.04966	3.58607e-06	1.02443e-05
287	185	144	69	71	37	58	0.476313	0.74168	3.37682e-06	7.08951e-06
288	202	161	74	75	39	83	0.408894	0.8943	3.53432e-06	8.64363e-06
289	170	126	61	63	30	60	0.495772	0.70164	3.34358e-06	6.74419e-06
290	176	136	65	68	29	83	0.42727	0.85034	3.52433e-06	8.24849e-06
291	179	144	46	47	29	29	0.642069	0.44306	2.69277e-06	4.1939e-06
292	182	149	67	69	31	67	0.460695	0.77502	3.43439e-06	7.45481e-06
293	186	146	58	61	31	53	0.520284	0.65338	3.25665e-06	6.25936e-06
294	204	156	64	67	31	78	0.441066	0.81856	3.49606e-06	7.92638e-06
295	194	159	70	71	32	71	0.445758	0.80798	3.4681e-06	7.78024e-06
296	156	123	46	49	25	38	0.605609	0.50152	2.89784e-06	4.78499e-06
297	204	156	57	58	34	42	0.560772	0.57844	3.08736e-06	5.50556e-06
298	172	135	86	88	35	168	0.24428	1.40944	3.39397e-06	1.38938e-05
299	225	183	86	91	39	139	0.277932	1.28038	3.48033e-06	1.25222e-05
300	180	143	60	61	29	78	0.458003	0.78088	3.47518e-06	7.58769e-06
301	188	139	69	71	38	53	0.488615	0.71618	3.33423e-06	6.82384e-06
302	174	130	52	53	28	54	0.544308	0.60824	3.19014e-06	5.86092e-06
303	193	144	53	56	33	35	0.588499	0.53018	2.95469e-06	5.02073e-06
304	175	137	75	79	34	81	0.402838	0.90922	3.53013e-06	8.76315e-06
305	200	161	81	82	40	91	0.375664	0.97906	3.55522e-06	9.46382e-06
306	185	147	76	81	37	110	0.343118	1.06968	3.57423e-06	1.04169e-05
307	173	132	55	55	28	58	0.52666	0.6412	3.2581e-06	6.18634e-06
308	186	143	65	66	30	71	0.459976	0.77658	3.4489e-06	7.498e-06
309	182	139	71	73	39	57	0.472773	0.74914	3.37998e-06	7.14927e-06
310	195	151	76	76	36	89	0.394088	0.93118	3.55423e-06	9.01887e-06
311	189	141	51	51	28	36	0.604182	0.50388	2.89501e-06	4.79162e-06
312	163	124	38	41	24	32	0.6566	0.42068	2.636e-06	4.01461e-06
313	196	152	86	89	38	95	0.352248	1.04342	3.54766e-06	1.00715e-05
314	213	171	89	93	43	134	0.281551	1.26744	3.48264e-06	1.23695e-05
315	209	154	95	96	49	91	0.344046	1.06698	3.52788e-06	1.02541e-05
316	175	132	70	71	34	86	0.412929	0.88448	3.54179e-06	8.57723e-06
317	153	118	73	76	33	80	0.412599	0.88528	3.52387e-06	8.54067e-06
318	183	149	63	65	29	75	0.453527	0.7907	3.47134e-06	7.65408e-06
319	191	153	68	71	38	72	0.44349	0.81308	3.47402e-06	7.83337e-06
320	190	144	64	66	29	91	0.415372	0.87858	3.55586e-06	8.56066e-06
321	175	144	75	80	36	92	0.378477	0.9716	3.55922e-06	9.40406e-06
322	198	158	59	60	34	47	0.539831	0.6165	3.17643e-06	5.88412e-06
323	165	131	58	58	26	56	0.522129	0.64984	3.26301e-06	6.24942e-06
324	211	161	62	64	26	86	0.431486	0.84052	3.53046e-06	8.1821e-06
325	176	136	66	69	41	47	0.510166	0.67302	3.26105e-06	6.39214e-06
326	182	142	51	54	27	48	0.557708	0.58392	3.12236e-06	5.59856e-06
327	184	146	83	87	32	161	0.254753	1.36746	3.43035e-06	1.34654e-05
328	186	155	99	102	36	215	0.176037	1.73706	3.02455e-06	1.71813e-05
329	196	156	72	74	33	74	0.430796	0.84212	3.49332e-06	8.10898e-06
330	182	140	80	83	37	98	0.36022	1.02104	3.56337e-06	9.8922e-06
331	164	122	47	47	25	49	0.579807	0.54506	3.04779e-06	5.25656e-06
332	175	131	83	90	38	106	0.330946	1.1058	3.54523e-06	1.07124e-05
333	214	177	89	91	36	131	0.289506	1.23958	3.5022e-06	1.20972e-05
334	177	139	70	71	32	81	0.423594	0.85898	3.52073e-06	8.31157e-06
335	179	144	41	41	27	19	0.701608	0.35438	2.33206e-06	3.32388e-06
336	185	149	63	64	33	53	0.510574	0.67222	3.28233e-06	6.42871e-06
337	239	193	114	118	43	248	0.134547	2.00584	2.66913e-06	1.98379e-05
338	192	154	62	64	31	65	0.480264	0.73342	3.39369e-06	7.0663e-06
339	188	139	62	66	31	65	0.474269	0.74598	3.40487e-06	7.1792e-06
340	201	157	66	70	35	91	0.405068	0.9037	3.55911e-06	8.78645e-06
341	169	126	64	65	32	58	0.494603	0.704	3.33898e-06	6.75082e-06
342	200	164	81	81	36	117	0.331085	1.10538	3.57202e-06	1.07888e-05
343	179	140	77	82	41	76	0.40553	0.90256	3.51466e-06	8.66683e-06
344	185	143	84	92	36	123	0.299674	1.20506	3.51475e-06	1.17286e-05
345	186	133	79	81	36	119	0.327725	1.11558	3.5706e-06	1.08951e-05
346	158	121	69	72	37	67	0.452096	0.79386	3.44685e-06	7.62415e-06
347	193	147	80	81	36	90	0.379964	0.96768	3.55427e-06	9.35424e-06
348	196	157	98	99	37	133	0.272526	1.30002	3.44883e-06	1.2655e-05
349	203	156	73	74	34	85	0.407294	0.89822	3.54079e-06	8.69344e-06
350	171	133	75	76	35	87	0.398129	0.92098	3.54836e-06	8.91261e-06
351	187	146	75	79	36	107	0.352812	1.04182	3.57914e-06	1.01446e-05
352	180	139	87	88	41	96	0.352664	1.04224	3.55068e-06	1.00682e-05
353	168	124	53	54	28	47	0.560559	0.57882	3.10854e-06	5.54543e-06
354	187	146	53	53	29	32	0.608937	0.49604	2.85712e-06	4.69199e-06
355	188	152	68	68	35	64	0.470744	0.75344	3.4077e-06	7.23896e-06
356	198	146	68	68	35	63	0.473151	0.74834	3.39998e-06	7.18583e-06
357	185	151	62	66	30	72	0.457637	0.78168	3.45567e-06	7.55113e-06
358	189	154	74	75	29	107	0.361787	1.0167	3.5885e-06	9.91882e-06
359	185	140	81	82	43	84	0.389318	0.94336	3.53963e-06	9.09189e-06
360	196	159	64	65	32	69	0.46762	0.7601	3.43012e-06	7.33528e-06
361	181	131	71	73	34	95	0.389481	0.94294	3.57089e-06	9.16833e-06
362	200	152	67	70	39	66	0.460151	0.7762	3.43186e-06	7.45812e-06
363	188	151	61	61	29	58	0.507185	0.67888	3.3094e-06	6.52503e-06
364	170	128	56	59	30	52	0.529554	0.63572	3.22675e-06	6.09333e-06
365	196	154	64	65	31	64	0.479697	0.7346	3.39128e-06	7.06962e-06
366	201	160	83	86	40	84	0.37966	0.96848	3.53755e-06	9.31768e-06
367	207	170	82	83	36	106	0.345819	1.06184	3.56791e-06	1.03173e-05
368	174	134	48	48	29	31	0.631574	0.45954	2.75152e-06	4.35661e-06
369	187	157	82	83	36	108	0.342309	1.07204	3.56808e-06	1.04235e-05
370	182	143	65	66	30	79	0.441587	0.81738	3.49872e-06	7.92306e-06
371	192	139	52	54	27	68	0.503627	0.68592	3.35477e-06	6.66123e-06
372	189	145	71	74	38	87	0.403161	0.90842	3.5477e-06	8.79971e-06
373	179	153	76	77	30	109	0.353646	1.03946	3.58525e-06	1.0138e-05
374	197	162	82	84	35	119	0.321609	1.13442	3.55842e-06	1.10644e-05
375	163	127	52	54	24	86	0.459452	0.77772	3.49994e-06	7.61763e-06
376	210	169	93	95	37	175	0.225576	1.4891	3.30713e-06	1.46608e-05
377	175	133	79	81	35	86	0.387794	0.94728	3.5451e-06	9.14171e-06
378	175	137	71	73	35	75	0.431305	0.84094	3.49601e-06	8.10566e-06
379	183	151	82	85	34	114	0.32785	1.1152	3.55888e-06	1.08552e-05
380	191	163	64	65	36	45	0.528507	0.6377	3.2028e-06	6.06009e-06
381	190	138	79	80	37	115	0.336587	1.0889	3.57661e-06	1.06261e-05
382	141	112	46	46	25	64	0.54049	0.61528	3.24138e-06	5.99711e-06
383	170	130	73	75	30	154	0.284677	1.2564	3.53457e-06	1.24161e-05
384	195	148	74	75	34	100	0.374936	0.981	3.57947e-06	9.54689e-06
385	210	160	102	104	38	200	0.187661	1.67312	3.09587e-06	1.64972e-05
386	177	133	66	67	31	66	0.468903	0.75736	3.41773e-06	7.28878e-06
387	182	142	95	99	40	167	0.22914	1.47342	3.31373e-06	1.44616e-05
388	184	143	68	70	35	72	0.446284	0.8068	3.47072e-06	7.77692e-06
389	165	129	54	55	32	40	0.577296	0.5494	3.01923e-06	5.22995e-06
390	191	152	57	58	35	35	0.581154	0.54274	2.98342e-06	5.13362e-06
391	192	149	51	53	28	43	0.575716	0.55214	3.03774e-06	5.27645e-06
392	200	162	81	82	38	86	0.385367	0.95356	3.54466e-06	9.19816e-06
393	168	120	61	61	29	73	0.469832	0.75538	3.44012e-06	7.32203e-06
394	196	151	99	99	38	200	0.193647	1.64172	3.13997e-06	1.6215e-05
395	178	132	75	79	34	125	0.321866	1.13362	3.57304e-06	1.1101e-05
396	189	146	71	71	32	74	0.438989	0.82328	3.48542e-06	7.93964e-06
397	185	140	63	66	30	75	0.450688	0.79698	3.47504e-06	7.71053e-06
398	194	139	82	86	34	139	0.286797	1.24898	3.5104e-06	1.224e-05
399	192	148	66	66	35	47	0.519868	0.65418	3.23504e-06	6.2228e-06
400	200	151	73	79	37	82	0.400789	0.91432	3.53347e-06	8.81628e-06
401	202	152	82	82	38	91	0.375664	0.97906	3.55522e-06	9.46382e-06
402	170	136	56	58	27	60	0.511586	0.67024	3.30584e-06	6.46195e-06
403	174	131	60	61	37	44	0.544722	0.60748	3.14913e-06	5.78116e-06
404	179	139	63	64	35	63	0.485187	0.72322	3.37692e-06	6.96004e-06
405	196	149	83	85	37	93	0.364912	1.0081	3.55403e-06	9.73943e-06
406	186	147	76	78	43	62	0.446623	0.80604	3.43774e-06	7.69717e-06
407	164	138	79	81	34	102	0.357407	1.02888	3.57115e-06	9.99184e-06
408	194	155	80	81	35	118	0.329401	1.11048	3.57135e-06	1.0842e-05
409	214	166	96	100	44	98	0.323745	1.1278	3.51322e-06	1.08518e-05
410	192	154	85	85	34	116	0.324523	1.1254	3.55725e-06	1.09615e-05
411	179	134	69	69	32	62	0.472593	0.74952	3.39754e-06	7.18914e-06
412	192	142	65	65	33	54	0.504796	0.6836	3.3005e-06	6.53829e-06
413	180	136	67	68	30	84	0.425096	0.85544	3.52899e-06	8.30163e-06
414	206	157	76	76	40	73	0.427594	0.84958	3.49291e-06	8.16874e-06
415	187	148	58	58	28	60	0.511586	0.67024	3.30584e-06	6.46195e-06
416	175	140	76	79	38	85	0.394704	0.92962	3.54273e-06	8.97568e-06
417	195	152	84	85	29	187	0.225937	1.4875	3.32894e-06	1.4734e-05
418	183	146	65	67	29	84	0.427774	0.84916	3.52707e-06	8.24518e-06
419	206	168	79	83	36	112	0.335397	1.09244	3.56731e-06	1.06361e-05
420	173	139	55	57	27	58	0.520087	0.65376	3.27615e-06	6.29924e-06
421	186	145	52	55	30	43	0.568531	0.5647	3.06401e-06	5.38935e-06
422	181	147	65	68	31	96	0.39986	0.91664	3.57444e-06	8.93922e-06
423	150	120	60	62	31	88	0.432506	0.83816	3.53594e-06	8.17547e-06
424	188	144	65	67	31	69	0.461783	0.77266	3.43944e-06	7.44818e-06
425	182	152	85	88	38	132	0.293511	1.22584	3.51655e-06	1.1981e-05
426	196	156	80	82	36	121	0.322368	1.13206	3.56469e-06	1.10578e-05
427	162	131	59	61	31	66	0.486908	0.71968	3.38406e-06	6.95009e-06
428	208	163	77	78	36	89	0.38917	0.94374	3.55381e-06	9.13177e-06
429	174	130	64	64	32	57	0.500264	0.69262	3.32237e-06	6.64124e-06
430	179	136	58	59	35	56	0.518861	0.65612	3.27187e-06	6.30587e-06
431	183	146	77	78	38	83	0.401262	0.91314	3.53631e-06	8.81297e-06
432	195	139	68	69	31	76	0.440027	0.82092	3.49073e-06	7.93301e-06
433	190	141	52	53	26	62	0.522547	0.64904	3.28472e-06	6.28598e-06
434	189	146	68	71	35	103	0.378636	0.97118	3.58966e-06	9.4805e-06
435	198	156	74	76	34	86	0.400164	0.91588	3.54524e-06	8.85947e-06
436	186	152	77	78	35	108	0.353229	1.04064	3.5822e-06	1.01413e-05
437	186	146	72	74	33	98	0.381166	0.96452	3.57693e-06	9.38418e-06
438	200	158	72	74	33	95	0.387043	0.94922	3.57038e-06	9.22478e-06
439	186	145	78	79	32	104	0.358252	1.02652	3.57722e-06	9.98521e-06
440	184	141	62	62	32	53	0.517027	0.65966	3.26545e-06	6.31581e-06
441	172	143	59	61	30	66	0.486908	0.71968	3.38406e-06	6.95009e-06
442	191	142	80	85	31	142	0.284222	1.258	3.50814e-06	1.2343e-05
443	196	149	77	78	35	81	0.405376	0.90294	3.52949e-06	8.7067e-06
444	199	157	77	81	35	99	0.362917	1.01358	3.56836e-06	9.83244e-06
445	167	128	82	83	33	138	0.293746	1.22504	3.5301e-06	1.20175e-05
446	175	145	64	66	34	68	0.467068	0.76128	3.42763e-06	7.3386e-06
447	177	146	54	55	28	47	0.55705	0.5851	3.12053e-06	5.60188e-06
448	199	150	82	85	38	86	0.378174	0.9724	3.54255e-06	9.3675e-06
449	185	151	85	89	38	111	0.324646	1.12502	3.54566e-06	1.09216e-05
450	187	146	62	63	34	69	0.47353	0.74754	3.42002e-06	7.22239e-06
451	192	154	81	86	40	105	0.3411	1.07558	3.55886e-06	1.04335e-05
452	186	144	80	85	34	130	0.30216	1.1968	3.53689e-06	1.17054e-05
453	201	158	78	80	33	122	0.324782	1.1246	3.57198e-06	1.09981e-05
454	169	134	80	84	41	78	0.396405	0.92532	3.52245e-06	8.88599e-06
455	179	142	75	77	34	103	0.364634	1.00886	3.58041e-06	9.81918e-06
456	178	140	78	80	35	114	0.338308	1.0838	3.57692e-06	1.0573e-05
457	200	161	78	80	37	92	0.378477	0.9716	3.55922e-06	9.40406e-06
458	186	140	64	66	29	101	0.394719	0.92958	3.58879e-06	9.09199e-06
459	170	135	63	65	34	57	0.497132	0.6989	3.32963e-06	6.69769e-06
460	193	150	80	80	39	100	0.363346	1.0124	3.57137e-06	9.82913e-06
461	153	123	75	76	37	72	0.429781	0.84448	3.48793e-06	8.11561e-06
462	203	166	74	76	30	120	0.336459	1.08928	3.58867e-06	1.0666e-05
463	182	145	76	77	35	82	0.405855	0.90176	3.53231e-06	8.70339e-06
464	163	126	60	60	31	50	0.531634	0.6318	3.21294e-06	6.04352e-06
465	195	148	66	68	32	62	0.475571	0.74324	3.3921e-06	7.1327e-06
466	175	129	69	71	30	80	0.42576	0.85388	3.51611e-06	8.25844e-06
467	187	156	58	60	32	60	0.5052	0.6828	3.32162e-06	6.57485e-06
468	179	142	47	47	29	32	0.63232	0.45836	2.75268e-06	4.3533e-06
469	194	151	74	77	34	118	0.33778	1.08536	3.58594e-06	1.06162e-05
470	186	136	84	87	38	117	0.318842	1.14306	3.54792e-06	1.11275e-05
471	206	164	96	99	40	197	0.196632	1.62642	3.15704e-06	1.60556e-05
472	172	134	77	77	38	70	0.431469	0.84056	3.48014e-06	8.06579e-06
473	175	140	73	73	31	76	0.429111	0.84604	3.50103e-06	8.1588e-06
474	181	131	56	58	28	57	0.519473	0.65494	3.27401e-06	6.30255e-06
475	186	148	75	78	37	92	0.383261	0.95904	3.56094e-06	9.29117e-06
476	188	143	102	105	44	181	0.205461	1.5825	3.1937e-06	1.55441e-05
477	211	168	102	105	39	139	0.254539	1.3683	3.38856e-06	1.33125e-05
478	196	147	67	67	37	54	0.498496	0.69616	3.31559e-06	6.65118e-06
479	194	147	88	93	42	102	0.331463	1.10424	3.53645e-06	1.06692e-05
480	207	158	73	74	36	81	0.415688	0.87782	3.52541e-06	8.48091e-06
481	174	123	48	50	24	46	0.577758	0.5486	3.04277e-06	5.26651e-06
482	182	138	70	74	33	79	0.41995	0.86762	3.51693e-06	8.37465e-06
483	182	146	61	63	32	52	0.516417	0.66084	3.26331e-06	6.31913e-06
484	160	119	83	84	33	94	0.365343	1.00692	3.55702e-06	9.73612e-06
485	189	149	85	86	42	90	0.368218	0.99908	3.54833e-06	9.63648e-06
486	192	146	60	63	28	71	0.468725	0.75774	3.43512e-06	7.32866e-06
487	197	155	79	81	37	88	0.383859	0.95748	3.54992e-06	9.24798e-06
488	163	134	64	65	32	82	0.437622	0.8264	3.51236e-06	8.02602e-06
489	209	164	79	81	36	130	0.309846	1.17168	3.5569e-06	1.14796e-05
490	207	173	81	85	34	138	0.29008	1.2376	3.51879e-06	1.21304e-05
491	189	139	52	55	32	49	0.551397	0.5953	3.14745e-06	5.70814e-06
492	175	143	65	68	40	40	0.532038	0.63104	3.17295e-06	5.96376e-06
493	178	141	93	94	40	124	0.294428	1.22272	3.5021e-06	1.18946e-05
494	190	157	102	103	40	181	0.208058	1.56994	3.21058e-06	1.54312e-05
495	201	160	83	87	41	96	0.354886	1.03596	3.55302e-06	1.00117e-05
496	198	155	53	54	28	44	0.569202	0.56352	3.06574e-06	5.38603e-06
497	171	135	75	81	38	104	0.35378	1.03908	3.57251e-06	1.00981e-05
498	207	168	86	89	37	118	0.313261	1.16072	3.53782e-06	1.12936e-05
499	176	143	66	70	26	110	0.367659	1.0006	3.60158e-06	9.79598e-06
500	196	152	70	72	38	60	0.468528	0.75816	3.39787e-06	7.25222e-06
501	184	149	67	69	34	70	0.4537	0.79032	3.45456e-06	7.61421e-06
502	188	137	62	63	31	61	0.49325	0.70674	3.35278e-06	6.79732e-06
503	191	156	63	65	35	57	0.497132	0.6989	3.32963e-06	6.69769e-06
504	215	164	93	98	39	163	0.235336	1.44674	3.34003e-06	1.41926e-05
505	200	158	71	74	34	64	0.453337	0.79112	3.43523e-06	7.57765e-06
506	168	125	65	65	31	75	0.453527	0.7907	3.47134e-06	7.65408e-06
507	189	140	51	51	23	53	0.554006	0.59058	3.155e-06	5.69489e-06
508	178	145	77	79	37	81	0.402838	0.90922	3.53013e-06	8.76315e-06
509	207	166	106	108	43	131	0.260191	1.34634	3.39726e-06	1.30568e-05
510	185	139	96	98	39	132	0.275645	1.28864	3.45809e-06	1.25454e-05
511	175	134	64	66	32	100	0.396738	0.92448	3.58606e-06	9.03886e-06
512	192	149	66	68	37	64	0.470744	0.75344	3.4077e-06	7.23896e-06
513	193	155	63	63	31	71	0.468725	0.75774	3.43512e-06	7.32866e-06
514	202	174	111	115	46	168	0.206181	1.579	3.17887e-06	1.54179e-05
515	169	129	67	68	34	68	0.461239	0.77384	3.43692e-06	7.45149e-06
516	219	162	78	83	37	110	0.338836	1.08224	3.56787e-06	1.05298e-05
517	183	141	76	81	36	91	0.378031	0.97278	3.55628e-06	9.40738e-06
518	191	156	61	61	35	39	0.558791	0.58198	3.08201e-06	5.5155e-06
519	196	164	89	90	35	117	0.312891	1.1619	3.53469e-06	1.12969e-05
520	183	149	63	65	37	48	0.520482	0.653	3.23713e-06	6.21949e-06
521	194	163	82	87	38	101	0.34595	1.06146	3.55547e-06	1.02774e-05
522	191	147	58	59	32	44	0.551607	0.59492	3.12666e-06	5.66827e-06
523	215	168	67	71	36	71	0.445758	0.80798	3.4681e-06	7.78024e-06
524	171	129	63	65	34	62	0.484615	0.7244	3.37455e-06	6.96335e-06
525	179	136	75	77	36	90	0.389629	0.94256	3.55671e-06	9.12845e-06
526	180	144	82	84	35	119	0.321609	1.13442	3.55842e-06	1.10644e-05
527	187	146	48	49	28	27	0.640555	0.44542	2.69067e-06	4.20053e-06
528	187	147	65	66	28	86	0.426101	0.85308	3.5345e-06	8.295e-06
529	189	146	80	80	34	126	0.318224	1.145	3.56748e-06	1.12106e-05
530	195	153	66	67	35	96	0.402379	0.91036	3.57425e-06	8.88278e-06
531	181	149	68	69	38	71	0.451392	0.79542	3.46097e-06	7.66734e-06
532	206	166	94	99	44	154	0.244847	1.40712	3.37175e-06	1.37708e-05
533	173	136	68	70	28	81	0.426262	0.8527	3.51885e-06	8.25512e-06
534	186	142	82	82	31	126	0.314252	1.15756	3.55843e-06	1.13235e-05
535	181	141	61	64	32	56	0.502822	0.68752	3.31264e-06	6.58811e-06
536	197	153	80	80	44	56	0.454753	0.788	3.40668e-06	7.49127e-06
537	188	149	107	110	38	229	0.155875	1.8587	2.86448e-06	1.83767e-05
538	196	165	76	79	37	98	0.369383	0.99592	3.57061e-06	9.66641e-06
539	196	163	74	76	34	83	0.406334	0.90058	3.53513e-06	8.70007e-06
540	162	134	82	86	34	132	0.297221	1.21328	3.52744e-06	1.18681e-05
541	208	164	65	68	31	62	0.475571	0.74324	3.3921e-06	7.1327e-06
542	174	142	59	63	25	150	0.313286	1.16064	3.61099e-06	1.15262e-05
543	192	156	67	70	38	59	0.476875	0.7405	3.37923e-06	7.08619e-06
544	179	139	45	48	26	30	0.634803	0.45444	2.73186e-06	4.30348e-06
545	182	144	64	66	34	60	0.486519	0.72048	3.36356e-06	6.91353e-06
546	189	154	76	78	40	84	0.399221	0.91824	3.53953e-06	8.8661e-06
547	199	159	86	87	38	92	0.3622	1.01556	3.54926e-06	9.7992e-06
548	198	152	76	78	30	142	0.296995	1.21404	3.54844e-06	1.19478e-05
549	175	134	68	70	35	69	0.453165	0.7915	3.45199e-06	7.61752e-06
550	187	156	60	62	32	63	0.49132	0.71066	3.36414e-06	6.84714e-06
551	176	148	82	83	37	115	0.330305	1.10774	3.56579e-06	1.07955e-05
552	201	150	65	66	35	51	0.50937	0.67458	3.27797e-06	6.43533e-06
553	183	139	76	79	39	81	0.402838	0.90922	3.53013e-06	8.76315e-06
554	198	151	78	79	35	102	0.361924	1.01632	3.57543e-06	9.87895e-06
555	191	148	71	71	37	61	0.469081	0.75698	3.40032e-06	7.2489e-06
556	187	139	115	118	42	257	0.128511	2.05174	2.61084e-06	2.0316e-05
557	199	150	92	94	40	149	0.259183	1.35022	3.42716e-06	1.32229e-05
558	166	132	91	94	38	129	0.287015	1.24822	3.49018e-06	1.21603e-05
559	179	143	68	68	31	77	0.440546	0.81974	3.4934e-06	7.92969e-06
560	177	137	70	72	37	57	0.475751	0.74286	3.37442e-06	7.09282e-06
561	197	151	81	82	32	163	0.260212	1.34626	3.45806e-06	1.32894e-05
562	185	159	63	64	28	141	0.325947	1.12102	3.61946e-06	1.11044e-05
563	179	146	49	49	33	19	0.66723	0.40462	2.5191e-06	3.77546e-06
564	192	146	79	81	33	109	0.344873	1.06458	3.57418e-06	1.03638e-05
565	165	124	71	73	29	123	0.337652	1.08574	3.59804e-06	1.06561e-05
566	201	157	89	92	34	194	0.208637	1.56716	3.23408e-06	1.5501e-05
567	168	130	68	71	33	80	0.42576	0.85388	3.51611e-06	8.25844e-06
568	217	175	68	72	33	115	0.353929	1.03866	3.60106e-06	1.01745e-05
569	178	137	81	87	32	125	0.306095	1.18386	3.53619e-06	1.15526e-05
570	196	152	94	97	36	181	0.216047	1.53226	3.26069e-06	1.50925e-05
571	201	154	77	79	36	97	0.371272	0.99082	3.56914e-06	9.61328e-06
572	186	148	70	72	33	95	0.391935	0.93666	3.57126e-06	9.11188e-06
573	171	134	55	56	32	39	0.576615	0.55058	3.01758e-06	5.23326e-06
574	186	147	62	65	35	63	0.48215	0.7295	3.383e-06	7.01649e-06
575	196	160	99	99	35	199	0.194637	1.63662	3.14568e-06	1.61618e-05
576	196	161	62	62	38	36	0.563854	0.57296	3.05189e-06	5.41255e-06
577	183	142	69	72	33	65	0.456731	0.78366	3.43365e-06	7.51789e-06
578	179	140	70	70	32	74	0.441755	0.817	3.48244e-06	7.88319e-06
579	178	139	55	58	30	61	0.508983	0.67534	3.31607e-06	6.51509e-06
580	187	144	80	84	35	132	0.300977	1.20072	3.53804e-06	1.17552e-05
581	193	139	76	77	34	116	0.341243	1.07516	3.58644e-06	1.05099e-05
582	194	150	72	72	34	66	0.454408	0.78876	3.44033e-06	7.57102e-06
583	157	121	85	90	38	108	0.327588	1.116	3.54406e-06	1.08187e-05
584	204	149	85	86	30	180	0.232683	1.45808	3.35493e-06	1.44185e-05
585	172	139	75	76	32	99	0.374494	0.98218	3.57649e-06	9.5502e-06
586	189	139	67	67	34	81	0.434369	0.83386	3.51221e-06	8.08578e-06
587	181	148	67	69	30	108	0.373768	0.98412	3.60061e-06	9.63327e-06
588	187	151	69	71	27	138	0.316738	1.14968	3.59186e-06	1.13402e-05
589	188	146	73	75	39	64	0.450499	0.7974	3.43915e-06	7.63409e-06
590	201	159	94	95	36	147	0.260201	1.3463	3.42766e-06	1.31731e-05
591	195	155	82	83	36	110	0.338836	1.08224	3.56787e-06	1.05298e-05
592	160	125	55	59	30	56	0.518861	0.65612	3.27187e-06	6.30587e-06
593	207	169	64	66	36	57	0.49402	0.70518	3.33667e-06	6.75413e-06
594	173	141	73	77	31	158	0.275447	1.28936	3.50961e-06	1.27415e-05
595	184	139	61	63	31	52	0.516417	0.66084	3.26331e-06	6.31913e-06
596	182	144	79	82	32	131	0.30634	1.18306	3.55022e-06	1.15892e-05
597	181	146	66	67	28	97	0.400332	0.91546	3.57733e-06	8.93591e-06
598	215	172	67	67	36	49	0.511371	0.67066	3.26537e-06	6.38552e-06
599	208	170	59	61	37	63	0.494415	0.70438	3.35742e-06	6.7907e-06
600	193	148	77	81	30	120	0.326058	1.12068	3.56976e-06	1.09482e-05
601	174	132	70	74	34	102	0.373469	0.98492	3.58407e-06	9.59671e-06
602	184	148	65	68	33	73	0.449626	0.79934	3.46983e-06	7.71716e-06
603	175	133	62	65	37	82	0.437622	0.8264	3.51236e-06	8.02602e-06
604	207	173	84	85	34	152	0.27009	1.309	3.47722e-06	1.28743e-05
605	183	145	74	77	36	92	0.385675	0.95276	3.5616e-06	9.23472e-06
606	187	142	56	57	31	46	0.55291	0.59256	3.13038e-06	5.66164e-06
607	190	149	83	84	34	131	0.302516	1.19562	3.54006e-06	1.1702e-05
608	173	138	56	59	24	81	0.45675	0.78362	3.48692e-06	7.6342e-06
609	198	163	75	79	36	74	0.417479	0.87352	3.50316e-06	8.39122e-06
610	165	126	67	71	30	151	0.296419	1.21598	3.56619e-06	1.20309e-05
611	171	135	78	81	37	90	0.379964	0.96768	3.55427e-06	9.35424e-06
612	176	140	69	71	36	60	0.471479	0.75188	3.39266e-06	7.19577e-06
613	168	135	67	68	32	81	0.43165	0.84014	3.51459e-06	8.14223e-06
614	184	139	63	66	37	54	0.501636	0.68988	3.30816e-06	6.59473e-06
615	190	144	72	76	31	122	0.333044	1.09948	3.58764e-06	1.07723e-05
616	191	157	87	87	45	86	0.373454	0.98496	3.54049e-06	9.4804e-06
617	167	135	85	87	42	119	0.315606	1.15326	3.54545e-06	1.12338e-05
618	200	155	63	66	29	89	0.419631	0.86838	3.54773e-06	8.4544e-06
619	167	134	59	60	29	59	0.507784	0.6777	3.31162e-06	6.52171e-06
620	215	165	75	75	37	64	0.450499	0.7974	3.43915e-06	7.63409e-06
621	178	139	73	78	42	72	0.424416	0.85704	3.49231e-06	8.2285e-06
622	171	130	61	61	32	51	0.525618	0.64318	3.23418e-06	6.1531e-06
623	185	148	88	90	36	157	0.255151	1.3659	3.42469e-06	1.34222e-05
624	189	157	79	82	31	137	0.297108	1.21366	3.53795e-06	1.1908e-05
625	176	139	71	72	35	67	0.452096	0.79386	3.44685e-06	7.62415e-06
626	187	149	87	89	40	111	0.324646	1.12502	3.54566e-06	1.09216e-05
627	195	159	62	64	39	37	0.553984	0.59062	3.09044e-06	5.57857e-06
628	188	145	72	74	34	108	0.362214	1.01552	3.59154e-06	9.91551e-06
629	186	151	67	68	34	66	0.465967	0.76364	3.42264e-06	7.34523e-06
630	179	140	76	77	32	85	0.399692	0.91706	3.54239e-06	8.86279e-06
631	190	152	85	93	35	148	0.26215	1.33884	3.43766e-06	1.31133e-05
632	186	150	96	101	41	148	0.249305	1.38908	3.3818e-06	1.35649e-05
633	197	147	92	97	40	128	0.283099	1.26196	3.47545e-06	1.22765e-05
634	193	157	69	72	28	163	0.277077	1.28346	3.52579e-06	1.27249e-05
635	165	131	49	51	28	35	0.607271	0.49878	2.87755e-06	4.73849e-06
636	203	160	71	75	38	60	0.459783	0.777	3.41231e-06	7.42156e-06
637	171	128	72	72	34	95	0.391935	0.93666	3.57126e-06	9.11188e-06
638	193	149	74	76	33	139	0.305386	1.18618	3.56554e-06	1.16755e-05
639	180	141	81	83	41	83	0.388858	0.94454	3.53675e-06	9.09521e-06
640	188	147	70	73	30	103	0.37391	0.98374	3.58707e-06	9.59339e-06
641	187	140	69	70	38	68	0.455482	0.7864	3.44544e-06	7.56439e-06
642	188	154	55	56	34	40	0.573682	0.55568	3.03271e-06	5.28639e-06
643	195	158	79	80	42	68	0.427757	0.8492	3.47718e-06	8.12887e-06
644	158	131	50	51	32	26	0.635794	0.45288	2.70867e-06	4.26029e-06
645	205	159	79	79	34	101	0.363775	1.01122	3.57438e-06	9.82581e-06
646	173	132	66	67	35	46	0.519255	0.65536	3.23294e-06	6.22612e-06
647	201	152	70	73	32	118	0.346373	1.06024	3.59895e-06	1.03904e-05
648	181	143	63	63	28	61	0.49325	0.70674	3.35278e-06	6.79732e-06
649	171	131	62	62	31	73	0.466891	0.76166	3.44494e-06	7.37847e-06
650	188	149	78	80	39	86	0.390237	0.941	3.54541e-06	9.08526e-06
651	179	134	57	59	29	67	0.490554	0.71222	3.38008e-06	6.89033e-06
652	197	153	67	71	35	61	0.469081	0.75698	3.40032e-06	7.2489e-06
653	183	144	68	70	35	55	0.486704	0.7201	3.34543e-06	6.87366e-06
654	166	129	71	74	35	73	0.432999	0.83702	3.48817e-06	8.05585e-06
655	186	151	57	61	30	52	0.522944	0.64828	3.24551e-06	6.20623e-06
656	188	155	62	64	24	128	0.34829	1.05472	3.62699e-06	1.04137e-05
657	182	141	61	64	35	59	0.495187	0.70282	3.34128e-06	6.74751e-06
658	180	135	71	72	30	111	0.361223	1.01826	3.59851e-06	9.96201e-06
659	189	153	88	93	33	165	0.240379	1.42554	3.36929e-06	1.40166e-05
660	197	147	48	50	32	27	0.636545	0.4517	2.70976e-06	4.25698e-06
661	197	148	62	64	34	57	0.500264	0.69262	3.32237e-06	6.64124e-06
662	189	153	91	98	31	248	0.152553	1.88024	2.85411e-06	1.87089e-05
663	176	135	77	80	33	109	0.347045	1.0583	3.57711e-06	1.03073e-05
664	176	140	87	88	44	83	0.376838	0.97594	3.53378e-06	9.37744e-06
665	178	148	90	92	39	151	0.259796	1.34786	3.43353e-06	1.32163e-05
666	183	138	76	78	35	98	0.37171	0.98964	3.57213e-06	9.60997e-06
667	173	133	68	69	34	62	0.472593	0.74952	3.39754e-06	7.18914e-06
668	190	155	72	73	38	86	0.407775	0.89704	3.54362e-06	8.69013e-06
669	188	149	79	80	37	89	0.384312	0.9563	3.55284e-06	9.24466e-06
670	199	147	71	75	36	93	0.388563	0.9453	3.56505e-06	9.17496e-06
671	166	123	64	64	35	51	0.515808	0.66202	3.26117e-06	6.32244e-06
672	213	173	72	72	29	97	0.387957	0.94686	3.57625e-06	9.21815e-06
673	177	142	79	81	32	129	0.31143	1.16658	3.55854e-06	1.14264e-05
674	195	152	93	95	42	124	0.292585	1.229	3.49669e-06	1.1951e-05
675	184	154	73	73	38	50	0.489956	0.71344	3.32059e-06	6.77733e-06
676	193	156	72	74	36	69	0.441923	0.81662	3.46614e-06	7.84331e-06
677	192	145	75	78	27	146	0.290998	1.23444	3.53864e-06	1.21604e-05
678	158	125	43	43	23	37	0.63208	0.45874	2.77684e-06	4.39318e-06
679	176	135	79	81	37	120	0.326058	1.12068	3.56976e-06	1.09482e-05
680	208	174	72	75	34	86	0.402685	0.9096	3.54485e-06	8.80303e-06
681	189	147	58	61	33	56	0.512384	0.66868	3.28887e-06	6.41876e-06
682	178	146	58	59	29	56	0.518861	0.65612	3.27187e-06	6.30587e-06
683	190	152	72	73	33	90	0.399541	0.91744	3.55697e-06	8.90266e-06
684	185	148	75	78	32	168	0.260113	1.34664	3.46712e-06	1.33293e-05
685	202	158	81	83	39	83	0.388858	0.94454	3.53675e-06	9.09521e-06
686	193	156	68	71	33	76	0.434534	0.83348	3.49622e-06	8.0459e-06
687	171	139	62	62	34	41	0.549657	0.59846	3.12107e-06	5.67821e-06
688	202	150	82	82	40	75	0.407604	0.89746	3.51097e-06	8.61369e-06
689	170	133	79	82	34	160	0.264223	1.33096	3.46926e-06	1.313e-05
690	189	144	89	93	37	131	0.285892	1.25214	3.49077e-06	1.22101e-05
691	179	148	60	63	33	48	0.52706	0.64044	3.21854e-06	6.10659e-06
692	158	129	86	88	37	108	0.331728	1.10344	3.5514e-06	1.07058e-05
693	187	151	69	71	39	59	0.47389	0.74678	3.38483e-06	7.14264e-06
694	184	150	60	62	28	77	0.457463	0.78206	3.4726e-06	7.59101e-06
695	194	155	66	67	36	59	0.485945	0.72166	3.36121e-06	6.91685e-06
696	180	139	56	59	33	50	0.534983	0.62552	3.20298e-06	5.98707e-06
697	204	155	63	64	34	49	0.521097	0.65182	3.23923e-06	6.21617e-06
698	172	138	70	71	30	99	0.386439	0.95078	3.58151e-06	9.26797e-06
699	208	171	95	97	38	163	0.236819	1.44046	3.3477e-06	1.41361e-05
700	180	131	62	64	28	70	0.468172	0.75892	3.43262e-06	7.33197e-06
701	176	148	60	64	31	58	0.497719	0.69772	3.33191e-06	6.69437e-06
702	188	151	67	67	29	74	0.450156	0.79816	3.47244e-06	7.71385e-06
703	189	142	70	70	32	69	0.453165	0.7915	3.45199e-06	7.61752e-06
704	195	152	66	68	29	67	0.463597	0.76874	3.42986e-06	7.39836e-06
705	186	145	65	68	37	53	0.497908	0.69734	3.31333e-06	6.6545e-06
706	172	134	59	61	26	66	0.486908	0.71968	3.38406e-06	6.95009e-06
707	173	137	65	65	35	47	0.523143	0.6479	3.22589e-06	6.16635e-06
708	183	147	60	60	26	67	0.487483	0.7185	3.38644e-06	6.94678e-06
709	182	135	81	81	32	131	0.30827	1.17678	3.55518e-06	1.15327e-05
710	183	146	63	65	34	55	0.502229	0.6887	3.3104e-06	6.59142e-06
711	189	140	65	65	32	73	0.458177	0.7805	3.45824e-06	7.54782e-06
712	181	150	75	76	32	118	0.339908	1.07908	3.58934e-06	1.05597e-05
713	197	156	84	88	40	127	0.301092	1.20034	3.52738e-06	1.17153e-05
714	193	145	85	86	39	109	0.334212	1.09598	3.55802e-06	1.0646e-05
715	180	139	72	75	36	110	0.356294	1.032	3.59081e-06	1.00782e-05
716	175	130	58	58	30	45	0.552258	0.59374	3.12852e-06	5.66495e-06
717	202	158	99	106	44	149	0.240369	1.42558	3.3412e-06	1.39003e-05
718	183	139	68	69	30	106	0.3776	0.97392	3.5974e-06	9.527e-06
719	183	146	66	68	32	80	0.433857	0.83504	3.50951e-06	8.08909e-06
720	190	154	57	59	25	68	0.488059	0.71732	3.38882e-06	6.94347e-06
721	168	137	41	41	26	19	0.701608	0.35438	2.33206e-06	3.32388e-06
722	198	152	82	83	39	85	0.384912	0.95474	3.54176e-06	9.20147e-06
723	165	128	70	74	34	107	0.364066	1.01042	3.59056e-06	9.86237e-06
724	211	162	61	61	36	51	0.525618	0.64318	3.23418e-06	6.1531e-06
725	176	148	65	65	24	98	0.40333	0.908	3.58002e-06	8.87615e-06
726	189	144	70	70	38	56	0.484228	0.7252	3.35414e-06	6.92679e-06
727	184	134	54	55	31	45	0.562761	0.5749	3.09272e-06	5.49561e-06
728	194	156	91	94	38	126	0.29144	1.23292	3.49753e-06	1.20009e-05
729	191	142	56	57	37	26	0.612283	0.49056	2.81588e-06	4.59898e-06
730	166	140	58	61	28	75	0.465064	0.76558	3.45463e-06	7.42829e-06
731	200	162	80	81	34	89	0.381906	0.96258	3.55215e-06	9.30111e-06
732	217	165	71	72	34	88	0.40618	0.90096	3.54999e-06	8.73995e-06
733	193	148	75	76	31	133	0.314875	1.15558	3.57595e-06	1.13567e-05
734	180	140	57	61	30	66	0.486908	0.71968	3.38406e-06	6.95009e-06
735	169	134	72	73	33	79	0.422595	0.86134	3.51523e-06	8.3182e-06
736	185	152	51	53	24	52	0.549888	0.59804	3.16441e-06	5.75465e-06
737	189	139	74	79	33	101	0.363775	1.01122	3.57438e-06	9.82581e-06
738	192	143	76	80	39	73	0.416987	0.8747	3.50041e-06	8.39453e-06
739	176	135	77	83	34	114	0.331993	1.10264	3.56639e-06	1.07423e-05
740	201	164	78	79	37	94	0.376996	0.97552	3.56408e-06	9.45388e-06
741	169	133	90	95	42	148	0.258878	1.3514	3.42398e-06	1.32262e-05
742	202	160	81	84	39	86	0.380557	0.96612	3.54338e-06	9.31105e-06
743	179	143	55	56	32	36	0.585505	0.53528	2.97077e-06	5.07386e-06
744	172	130	48	48	25	41	0.600171	0.51054	2.93361e-06	4.88795e-06
745	186	142	52	54	29	44	0.569202	0.56352	3.06574e-06	5.38603e-06
746	234	188	105	109	46	153	0.23112	1.46482	3.30089e-06	1.42822e-05
747	193	149	70	72	35	87	0.408256	0.89586	3.54645e-06	8.68682e-06
748	162	119	43	43	26	32	0.648405	0.43324	2.6763e-06	4.12751e-06
749	203	157	78	80	33	114	0.338308	1.0838	3.57692e-06	1.0573e-05
750	171	137	73	73	36	71	0.440194	0.82054	3.47451e-06	7.89313e-06
751	188	148	86	88	47	83	0.376838	0.97594	3.53378e-06	9.37744e-06
752	180	141	66	68	30	69	0.458892	0.77894	3.44381e-06	7.50463e-06
753	180	143	60	63	28	98	0.408428	0.89544	3.57916e-06	8.76325e-06
754	187	150	59	62	26	84	0.441419	0.81776	3.515e-06	7.96294e-06
755	167	134	61	63	31	66	0.480831	0.73224	3.3961e-06	7.06299e-06
756	195	155	66	67	43	38	0.540879	0.61456	3.13767e-06	5.80105e-06
757	158	129	55	58	25	104	0.408755	0.89464	3.59697e-06	8.79981e-06
758	205	169	84	89	35	132	0.291674	1.23212	3.511e-06	1.20374e-05
759	197	151	90	91	39	145	0.269556	1.31098	3.46138e-06	1.2841e-05
760	213	170	83	84	40	150	0.274578	1.29252	3.49032e-06	1.27116e-05
761	202	160	92	95	38	139	0.271037	1.3055	3.45519e-06	1.2748e-05
762	186	139	98	99	41	145	0.256348	1.36122	3.40754e-06	1.32926e-05
763	188	147	72	75	36	70	0.436922	0.828	3.4748e-06	7.95289e-06
764	178	144	60	61	31	51	0.525618	0.64318	3.23418e-06	6.1531e-06
765	196	154	61	64	33	61	0.490162	0.71302	3.35946e-06	6.85377e-06
766	197	145	80	81	30	111	0.341373	1.07478	3.57419e-06	1.047e-05
767	183	155	81	84	32	158	0.263601	1.33332	3.46283e-06	1.31366e-05
768	174	140	63	66	33	75	0.450688	0.79698	3.47504e-06	7.71053e-06
769	202	162	53	56	32	34	0.591508	0.52508	2.93837e-06	4.96759e-06
770	182	139	71	74	39	71	0.437438	0.82682	3.47745e-06	7.94958e-06
771	193	158	57	59	30	55	0.521514	0.65102	3.26089e-06	6.25273e-06
772	189	151	92	92	38	188	0.21512	1.53656	3.266e-06	1.51822e-05
773	158	132	70	74	32	128	0.32709	1.11752	3.59085e-06	1.09782e-05
774	197	146	71	74	37	67	0.446454	0.80642	3.45423e-06	7.73705e-06
775	164	126	62	64	29	107	0.387663	0.94762	3.60445e-06	9.2979e-06
776	210	153	60	63	26	95	0.414725	0.88014	3.56823e-06	8.60385e-06
777	175	134	88	90	36	143	0.274035	1.2945	3.4743e-06	1.26783e-05
778	176	137	78	80	38	91	0.380412	0.9665	3.55721e-06	9.35093e-06
779	183	150	64	67	35	48	0.513986	0.66556	3.25475e-06	6.33238e-06
780	200	139	62	62	27	80	0.450517	0.79736	3.49169e-06	7.75041e-06
781	190	151	64	65	27	80	0.442108	0.8162	3.50139e-06	7.91975e-06
782	172	131	48	49	23	51	0.56676	0.56782	3.10342e-06	5.47573e-06
783	199	153	82	85	32	122	0.314743	1.156	3.55039e-06	1.12803e-05
784	166	136	70	72	35	67	0.452096	0.79386	3.44685e-06	7.62415e-06
785	213	181	79	80	43	68	0.427757	0.8492	3.47718e-06	8.12887e-06
786	183	145	57	57	33	41	0.567191	0.56706	3.06055e-06	5.39597e-06
787	194	151	74	75	34	80	0.415198	0.879	3.52263e-06	8.48423e-06
788	190	154	62	65	33	48	0.520482	0.653	3.23713e-06	6.21949e-06
789	177	140	63	63	27	100	0.404283	0.90564	3.5858e-06	8.86952e-06
790	191	143	73	74	35	83	0.41147	0.88802	3.53336e-06	8.58718e-06
791	180	144	46	47	33	21	0.668807	0.40226	2.52062e-06	3.76883e-06
792	200	163	86	88	40	80	0.382648	0.96064	3.52727e-06	9.21804e-06
793	184	154	52	52	29	35	0.603469	0.50506	2.8936e-06	4.79494e-06
794	208	165	85	87	35	97	0.35308	1.04106	3.5537e-06	1.00649e-05
795	178	139	66	68	39	63	0.473151	0.74834	3.39998e-06	7.18583e-06
796	176	138	85	87	33	151	0.268083	1.31646	3.4674e-06	1.29341e-05
797	185	153	75	78	38	91	0.38522	0.95394	3.55868e-06	9.23803e-06
798	155	125	64	67	32	80	0.43659	0.82876	3.50698e-06	8.03265e-06
799	193	162	69	70	34	102	0.382969	0.9598	3.58878e-06	9.37092e-06
800	187	146	66	68	34	71	0.454235	0.78914	3.45714e-06	7.61089e-06
801	202	158	78	80	35	91	0.380412	0.9665	3.55721e-06	9.35093e-06
802	170	132	51	52	30	34	0.606555	0.49996	2.87616e-06	4.7418e-06
803	201	151	68	72	39	61	0.466144	0.76326	3.40535e-06	7.30535e-06
804	179	156	64	66	33	60	0.486519	0.72048	3.36356e-06	6.91353e-06
805	183	149	85	87	35	157	0.260004	1.34706	3.44579e-06	1.32529e-05
806	186	142	57	58	30	57	0.519473	0.65494	3.27401e-06	6.30255e-06
807	183	146	90	92	37	163	0.244373	1.40906	3.38552e-06	1.38539e-05
808	194	153	50	51	25	76	0.492688	0.70788	3.4079e-06	6.91695e-06
809	156	125	73	75	36	80	0.415198	0.879	3.52263e-06	8.48423e-06
810	204	159	78	79	36	88	0.388711	0.94492	3.5509e-06	9.13508e-06
811	172	137	77	78	37	85	0.39719	0.92334	3.54263e-06	8.91923e-06
812	225	188	68	70	34	100	0.386896	0.9496	3.58445e-06	9.26465e-06
813	209	166	71	76	37	72	0.429781	0.84448	3.48793e-06	8.11561e-06
814	190	157	93	94	37	127	0.289958	1.23802	3.49515e-06	1.2054e-05
815	187	149	95	97	37	191	0.205305	1.58326	3.20765e-06	1.56239e-05
816	202	158	67	69	32	80	0.431141	0.84132	3.51188e-06	8.14554e-06
817	195	148	71	74	37	69	0.441923	0.81662	3.46614e-06	7.84331e-06
818	176	128	75	76	35	84	0.404267	0.90568	3.53863e-06	8.75321e-06
819	187	149	73	73	32	81	0.418307	0.87154	3.52401e-06	8.42446e-06
820	173	121	53	54	26	50	0.552048	0.59412	3.14934e-06	5.70483e-06
821	182	139	83	86	36	100	0.34991	1.05008	3.55782e-06	1.01678e-05
822	181	141	53	54	27	51	0.54924	0.59922	3.1625e-06	5.75796e-06
823	197	160	76	78	35	94	0.379371	0.96924	3.56512e-06	9.39743e-06
824	189	152	87	90	39	156	0.256456	1.3608	3.42857e-06	1.33691e-05
825	167	115	53	55	31	44	0.565639	0.5698	3.07848e-06	5.44248e-06
826	196	150	65	66	33	52	0.506779	0.67968	3.28822e-06	6.48847e-06
827	162	125	68	72	32	106	0.370553	0.99276	3.59301e-06	9.69635e-06
828	208	174	80	86	37	99	0.351699	1.04498	3.55732e-06	1.01147e-05
829	175	147	52	55	30	39	0.580248	0.5443	3.00383e-06	5.17681e-06
830	184	151	58	58	29	70	0.486149	0.72124	3.39978e-06	6.99328e-06
831	183	143	65	66	39	50	0.511975	0.66948	3.26753e-06	6.3822e-06
832	207	150	69	72	36	71	0.442967	0.81426	3.47139e-06	7.83668e-06
833	190	146	69	72	34	83	0.41667	0.87546	3.53098e-06	8.47428e-06
834	176	142	64	65	29	91	0.417989	0.8723	3.55467e-06	8.50422e-06
835	198	156	75	77	36	74	0.422756	0.86096	3.49971e-06	8.27832e-06
836	165	136	62	63	31	58	0.500854	0.69144	3.32463e-06	6.63792e-06
837	211	168	92	96	43	119	0.298263	1.20978	3.50215e-06	1.17418e-05
838	176	142	74	76	32	137	0.308516	1.17598	3.56931e-06	1.15693e-05
839	190	151	77	82	35	103	0.353363	1.04026	3.56947e-06	1.01014e-05
840	164	135	71	72	34	85	0.412442	0.88566	3.53898e-06	8.58055e-06
841	181	139	96	100	39	163	0.232399	1.4593	3.32458e-06	1.43055e-05
842	191	148	79	82	42	72	0.413888	0.88216	3.49913e-06	8.45429e-06
843	188	149	68	70	39	53	0.491693	0.7099	3.32748e-06	6.76739e-06
844	199	158	86	86	36	114	0.325797	1.12148	3.55499e-06	1.09117e-05
845	190	146	86	90	39	96	0.348262	1.0548	3.54568e-06	1.01811e-05
846	190	142	68	70	34	62	0.469635	0.7558	3.40278e-06	7.24559e-06
847	177	139	43	43	26	28	0.661768	0.41284	2.59081e-06	3.91498e-06
848	180	154	80	82	32	109	0.342714	1.07086	3.57115e-06	1.04202e-05
849	185	149	65	67	32	71	0.457097	0.78286	3.45311e-06	7.55445e-06
850	188	144	64	69	30	70	0.4537	0.79032	3.45456e-06	7.61421e-06
851	192	151	93	94	39	123	0.295934	1.21762	3.50429e-06	1.18415e-05
852	190	149	79	80	37	111	0.343523	1.0685	3.57731e-06	1.04136e-05
853	201	159	77	82	34	132	0.304782	1.18816	3.54835e-06	1.16423e-05
854	169	130	74	75	27	119	0.340309	1.0779	3.59245e-06	1.05564e-05
855	165	133	73	76	35	95	0.382212	0.96178	3.56897e-06	9.33767e-06
856	179	146	52	53	33	29	0.618326	0.48074	2.80261e-06	4.53259e-06
857	187	146	57	57	34	40	0.570091	0.56196	3.0459e-06	5.34284e-06
858	186	142	78	80	34	88	0.386277	0.9512	3.55048e-06	9.19153e-06
859	191	151	76	78	35	108	0.353229	1.04064	3.5822e-06	1.01413e-05
860	193	154	72	73	32	79	0.422595	0.86134	3.51523e-06	8.3182e-06
861	154	124	68	68	27	108	0.376123	0.97784	3.60206e-06	9.57682e-06
862	203	161	52	54	27	48	0.557708	0.58392	3.12236e-06	5.59856e-06
863	171	136	42	44	27	28	0.657625	0.41912	2.61171e-06	3.97142e-06
864	222	168	73	75	38	74	0.428099	0.8484	3.49561e-06	8.16543e-06
865	180	147	56	59	32	52	0.529554	0.63572	3.22675e-06	6.09333e-06
866	194	159	62	63	28	108	0.38812	0.94644	3.60742e-06	9.29458e-06
867	180	137	59	61	31	69	0.479515	0.73498	3.40911e-06	7.10949e-06
868	191	152	72	75	37	74	0.428099	0.8484	3.49561e-06	8.16543e-06
869	194	149	81	84	35	155	0.267665	1.31802	3.47355e-06	1.29772e-05
870	177	144	74	74	39	77	0.424255	0.85742	3.5079e-06	8.26838e-06
871	190	159	74	77	37	77	0.416337	0.87626	3.51294e-06	8.43772e-06
872	172	135	66	68	36	64	0.470744	0.75344	3.4077e-06	7.23896e-06
873	210	155	69	72	37	64	0.459067	0.77856	3.42682e-06	7.46475e-06
874	181	143	55	56	29	60	0.518052	0.65768	3.28914e-06	6.34906e-06
875	202	164	96	98	38	137	0.268705	1.31414	3.44241e-06	1.28111e-05
876	188	134	50	54	30	41	0.577978	0.54822	3.02088e-06	5.22663e-06
877	172	149	83	85	41	89	0.372432	0.9877	3.54813e-06	9.5269e-06
878	196	161	72	74	39	61	0.460326	0.77582	3.41481e-06	7.41825e-06
879	194	154	68	70	31	78	0.432834	0.8374	3.50411e-06	8.09572e-06
880	207	164	87	91	38	144	0.270934	1.30588	3.46468e-06	1.27879e-05
881	174	144	79	79	39	83	0.39875	0.91942	3.53668e-06	8.86942e-06
882	194	152	64	67	34	75	0.447867	0.80326	3.47857e-06	7.76698e-06
883	182	143	95	100	39	177	0.216384	1.5307	3.25644e-06	1.50493e-05
884	175	140	53	54	24	50	0.552048	0.59412	3.14934e-06	5.70483e-06
885	189	153	55	56	32	36	0.585505	0.53528	2.97077e-06	5.07386e-06
886	180	143	74	77	40	83	0.40379	0.90686	3.5358e-06	8.75652e-06
887	197	157	61	63	30	89	0.427612	0.84954	3.54278e-06	8.28505e-06
888	163	135	54	55	28	46	0.559898	0.58	3.10673e-06	5.54875e-06
889	210	170	75	78	33	120	0.332259	1.10184	3.58139e-06	1.07789e-05
890	175	140	61	63	27	62	0.49074	0.71184	3.3618e-06	6.85046e-06
891	177	131	68	71	30	81	0.423594	0.85898	3.52073e-06	8.31157e-06
892	183	142	71	75	39	77	0.421599	0.8637	3.50974e-06	8.32483e-06
893	185	146	101	104	40	150	0.242169	1.41812	3.35175e-06	1.38405e-05
894	203	155	73	73	39	62	0.46087	0.77464	3.41732e-06	7.41493e-06
895	187	140	67	67	33	66	0.468903	0.75736	3.41773e-06	7.28878e-06
896	172	135	64	65	32	102	0.395186	0.9284	3.59171e-06	9.08868e-06
897	169	139	58	60	28	63	0.49753	0.6981	3.35049e-06	6.73425e-06
898	183	155	94	97	40	127	0.284546	1.25686	3.4781e-06	1.22233e-05
899	177	143	51	52	23	56	0.542178	0.61216	3.20467e-06	5.91073e-06
900	184	153	61	62	26	85	0.439174	0.82286	3.52045e-06	8.01607e-06
901	184	152	80	82	40	110	0.34097	1.07596	3.5711e-06	1.04734e-05
902	171	138	58	60	32	46	0.542591	0.6114	3.16384e-06	5.83098e-06
903	191	151	56	58	27	54	0.527482	0.63964	3.2404e-06	6.14315e-06
904	194	150	75	76	31	110	0.354063	1.03828	3.58831e-06	1.01347e-05
905	200	165	73	75	37	64	0.450499	0.7974	3.43915e-06	7.63409e-06
906	168	140	74	74	37	73	0.432999	0.83702	3.48817e-06	8.05585e-06
907	191	147	83	86	35	120	0.315979	1.15208	3.54859e-06	1.12305e-05
908	178	138	61	61	34	50	0.528306	0.63808	3.22265e-06	6.09996e-06
909	190	150	90	91	37	114	0.315726	1.15288	3.53421e-06	1.11939e-05
910	185	144	92	98	39	148	0.254046	1.37024	3.40309e-06	1.33956e-05
911	204	157	71	77	33	105	0.360934	1.01906	3.58243e-06	9.92545e-06
912	192	157	67	67	33	57	0.490927	0.71146	3.3435e-06	6.81058e-06
913	191	149	67	69	32	65	0.465418	0.76482	3.42014e-06	7.34854e-06
914	202	161	63	63	33	57	0.503415	0.68634	3.31488e-06	6.58479e-06
915	170	133	62	62	27	84	0.441419	0.81776	3.515e-06	7.96294e-06
916	220	179	102	106	47	136	0.256846	1.35928	3.39282e-06	1.32096e-05
917	179	141	49	52	29	41	0.585283	0.53566	2.99298e-06	5.11374e-06
918	198	153	81	83	29	182	0.234702	1.44944	3.36923e-06	1.43554e-05
919	186	144	51	51	26	46	0.574141	0.55488	3.05613e-06	5.32295e-06
920	167	130	73	76	33	94	0.384166	0.95668	3.56681e-06	9.28454e-06
921	190	149	89	93	39	138	0.275866	1.28784	3.47095e-06	1.2582e-05
922	219	171	95	97	45	98	0.329902	1.10896	3.52417e-06	1.06825e-05
923	194	149	77	81	30	149	0.281231	1.26858	3.51232e-06	1.24891e-05
924	180	146	70	74	39	62	0.457984	0.78092	3.42178e-06	7.47138e-06
925	191	146	69	71	34	69	0.450328	0.79778	3.4558e-06	7.67397e-06
926	180	142	53	54	30	41	0.577978	0.54822	3.02088e-06	5.22663e-06
927	209	163	68	68	34	85	0.422934	0.86054	3.53351e-06	8.35476e-06
928	187	143	71	73	35	95	0.389481	0.94294	3.57089e-06	9.16833e-06
929	177	144	69	70	35	82	0.424094	0.8578	3.52348e-06	8.30825e-06
930	195	152	98	100	38	205	0.187589	1.6735	3.10218e-06	1.65371e-05
931	168	128	71	73	35	77	0.426928	0.85114	3.5059e-06	8.21193e-06
932	206	165	97	100	41	136	0.266708	1.3216	3.43277e-06	1.28709e-05
933	173	138	85	86	37	121	0.314371	1.15718	3.54725e-06	1.12836e-05
934	180	148	79	80	37	97	0.368948	0.9971	3.56763e-06	9.66973e-06
935	181	152	75	75	34	80	0.415198	0.879	3.52263e-06	8.48423e-06
936	199	144	85	88	34	213	0.194186	1.63894	3.16227e-06	1.62848e-05
937	188	155	85	86	39	91	0.366345	1.00418	3.54974e-06	9.68961e-06
938	184	147	70	71	32	111	0.363499	1.01198	3.60066e-06	9.90556e-06
939	196	149	96	99	36	194	0.199664	1.61112	3.17389e-06	1.58962e-05
940	162	130	55	56	30	50	0.545158	0.60668	3.17158e-06	5.81773e-06
941	208	171	70	71	30	81	0.423594	0.85898	3.52073e-06	8.31157e-06
942	174	139	68	68	38	51	0.503013	0.68714	3.29384e-06	6.54823e-06
943	180	141	85	86	33	106	0.339365	1.08068	3.55879e-06	1.04866e-05
944	182	137	61	61	33	56	0.512384	0.66868	3.28887e-06	6.41876e-06
945	189	152	72	75	38	75	0.425922	0.8535	3.50046e-06	8.21856e-06
946	190	142	60	61	28	69	0.479515	0.73498	3.40911e-06	7.10949e-06
947	190	149	72	74	32	88	0.40111	0.91352	3.55096e-06	8.85284e-06
948	177	139	52	53	24	67	0.509391	0.67454	3.33735e-06	6.55165e-06
949	188	154	78	78	36	87	0.393159	0.93354	3.54846e-06	9.0255e-06
950	197	156	67	68	32	78	0.438305	0.82484	3.49891e-06	7.98283e-06
951	176	127	49	50	26	39	0.598757	0.5129	2.93066e-06	4.89457e-06
952	187	140	77	82	39	75	0.407604	0.89746	3.51097e-06	8.61369e-06
953	184	145	59	59	34	40	0.562975	0.57452	3.07144e-06	5.45574e-06
954	179	140	53	54	27	65	0.511391	0.67062	3.32498e-06	6.50183e-06
955	191	155	96	99	39	133	0.272526	1.30002	3.44883e-06	1.2655e-05
956	198	164	85	88	33	122	0.308868	1.17484	3.53643e-06	1.14496e-05
957	199	167	88	88	44	95	0.354467	1.03714	3.55e-06	1.0015e-05
958	167	126	67	71	32	100	0.384474	0.95588	3.58372e-06	9.3211e-06
959	192	151	60	61	30	56	0.512384	0.66868	3.28887e-06	6.41876e-06
960	177	129	66	67	38	76	0.445588	0.80836	3.48455e-06	7.82011e-06
961	163	119	62	63	33	57	0.503415	0.68634	3.31488e-06	6.58479e-06
962	185	140	35	35	23	16	0.739782	0.3014	2.09047e-06	2.8258e-06
963	177	130	62	63	33	49	0.524379	0.64554	3.23003e-06	6.15973e-06
964	192	154	79	81	35	91	0.378031	0.97278	3.55628e-06	9.40738e-06
965	167	134	68	74	37	72	0.435213	0.83192	3.48288e-06	8.00271e-06
966	201	150	75	80	40	65	0.434352	0.8339	3.46155e-06	7.96947e-06
967	169	135	47	49	23	47	0.57844	0.54742	3.04444e-06	5.26319e-06
968	217	176	86	90	33	124	0.301918	1.1976	3.52302e-06	1.16688e-05
969	178	140	51	53	32	33	0.60584	0.50114	2.87478e-06	4.74512e-06
970	203	163	101	102	42	129	0.272952	1.29846	3.44242e-06	1.26118e-05
971	186	145	66	68	39	44	0.521295	0.65144	3.21967e-06	6.1763e-06
972	173	145	72	75	34	75	0.425922	0.8535	3.50046e-06	8.21856e-06
973	193	149	83	84	33	113	0.331602	1.10382	3.56328e-06	1.07457e-05
974	182	144	52	54	29	49	0.554871	0.58902	3.13596e-06	5.6517e-06
975	198	145	70	72	33	86	0.410344	0.89076	3.54278e-06	8.63368e-06
976	184	153	60	62	31	58	0.50401	0.68516	3.31713e-06	6.58148e-06
977	185	144	68	70	40	48	0.504393	0.6844	3.27942e-06	6.50173e-06
978	180	149	54	57	27	59	0.517441	0.65886	3.28698e-06	6.35237e-06
979	208	157	83	85	36	97	0.357543	1.0285	3.55825e-06	9.95197e-06
980	187	145	61	63	35	44	0.537923	0.62004	3.17055e-06	5.89406e-06
981	181	137	84	86	36	121	0.314371	1.15718	3.54725e-06	1.12836e-05
982	194	152	79	80	30	122	0.324782	1.1246	3.57198e-06	1.09981e-05
983	175	140	49	52	28	36	0.6004	0.51016	2.91078e-06	4.84807e-06
984	205	165	83	91	39	154	0.257463	1.35688	3.42921e-06	1.33192e-05
985	172	133	56	57	36	33	0.59081	0.52626	2.93686e-06	4.97091e-06
986	177	128	71	72	32	83	0.41667	0.87546	3.53098e-06	8.47428e-06
987	181	146	77	80	43	97	0.368948	0.9971	3.56763e-06	9.66973e-06
988	172	134	57	62	28	73	0.466891	0.76166	3.44494e-06	7.37847e-06
989	188	140	86	88	43	99	0.347309	1.05754	3.55213e-06	1.02276e-05
990	174	133	82	83	38	113	0.333691	1.09754	3.56689e-06	1.06892e-05
991	195	153	80	82	35	120	0.324017	1.12696	3.5657e-06	1.10047e-05
992	160	123	53	54	27	51	0.54924	0.59922	3.1625e-06	5.75796e-06
993	207	154	71	72	30	96	0.389941	0.94176	3.57381e-06	9.16501e-06
994	174	136	65	65	34	59	0.492087	0.7091	3.34814e-06	6.80395e-06
995	184	143	64	69	33	57	0.484799	0.72402	3.3565e-06	6.92348e-06
996	182	132	70	70	38	56	0.484228	0.7252	3.35414e-06	6.92679e-06
997	173	146	64	65	31	77	0.448925	0.8009	3.48381e-06	7.76035e-06
998	189	148	73	75	38	69	0.439156	0.8229	3.46923e-06	7.89976e-06
999	194	154	72	74	31	113	0.353094	1.04102	3.59491e-06	1.01812e-05
1000	197	163	101	102	40	147	0.249011	1.39026	3.37863e-06	1.35682e-05