Hist	Tr_Tot	Tr_in	DSBs	DSBt	RIFs	NComb	PSurv	lPSurv	PMut*	PMut
1	57	51	25	26	14	26	0.743877	0.29588	2.11938e-06	2.8491e-06
2	40	34	26	27	16	17	0.773941	0.25626	1.87862e-06	2.42735e-06
3	66	54	13	14	10	5	0.892776	0.11342	9.42711e-07	1.05593e-06
4	45	29	11	11	7	5	0.909755	0.09458	8.06579e-07	8.8659e-07
5	43	34	17	17	10	13	0.841087	0.17306	1.38808e-06	1.65034e-06
6	53	43	9	9	8	1	0.94024	0.06162	5.27627e-07	5.61162e-07
7	46	31	9	9	5	7	0.911905	0.09222	8.0244e-07	8.79961e-07
8	36	31	7	7	5	2	0.947281	0.05416	4.74966e-07	5.014e-07
9	32	27	4	4	4	0	0.975193	0.02512	2.20189e-07	2.2579e-07
10	62	52	14	15	9	9	0.869271	0.1401	1.15171e-06	1.32491e-06
11	51	31	9	9	8	1	0.94024	0.06162	5.27627e-07	5.61162e-07
12	44	36	14	15	7	15	0.843074	0.1707	1.38577e-06	1.64371e-06
13	46	37	19	20	10	17	0.808722	0.2123	1.6435e-06	2.03222e-06
14	43	32	13	13	8	9	0.880258	0.12754	1.06689e-06	1.21202e-06
15	49	36	17	18	5	31	0.76251	0.27114	2.03071e-06	2.66319e-06
16	50	38	26	27	13	22	0.754455	0.28176	2.03176e-06	2.69302e-06
17	53	45	11	13	9	7	0.889283	0.11734	9.83326e-07	1.10575e-06
18	46	36	14	14	9	5	0.892776	0.11342	9.42711e-07	1.05593e-06
19	59	49	34	35	19	25	0.706593	0.3473	2.33458e-06	3.304e-06
20	42	28	13	13	9	7	0.889283	0.11734	9.83326e-07	1.10575e-06
21	48	39	12	13	9	5	0.8984	0.10714	8.97937e-07	9.99485e-07
22	46	32	14	14	9	6	0.888234	0.11852	9.8511e-07	1.10907e-06
23	39	31	15	16	9	9	0.863829	0.14638	1.19326e-06	1.38136e-06
24	50	45	10	10	6	5	0.915486	0.0883	7.59984e-07	8.30142e-07
25	53	36	13	13	10	4	0.902993	0.10204	8.54549e-07	9.46352e-07
26	54	43	19	19	12	9	0.847707	0.16522	1.31454e-06	1.5507e-06
27	36	29	26	27	15	20	0.76219	0.27156	1.97159e-06	2.58675e-06
28	60	47	21	21	11	16	0.807768	0.21348	1.64424e-06	2.03553e-06
29	43	33	13	14	8	8	0.87922	0.12872	1.06854e-06	1.21533e-06
30	51	45	14	14	10	7	0.883716	0.12362	1.02705e-06	1.1622e-06
31	47	38	23	25	13	19	0.775769	0.2539	1.87792e-06	2.42072e-06
32	49	41	12	13	7	10	0.87578	0.13264	1.10799e-06	1.26515e-06
33	47	37	30	31	14	51	0.634588	0.45478	2.83005e-06	4.45967e-06
34	37	31	11	11	5	21	0.838467	0.17618	1.45618e-06	1.73672e-06
35	50	36	25	26	14	22	0.759208	0.27548	2.0017e-06	2.63657e-06
36	42	34	15	16	10	10	0.859435	0.15148	1.23285e-06	1.43449e-06
37	51	42	16	16	11	5	0.881632	0.12598	1.03048e-06	1.16883e-06
38	44	34	17	17	9	12	0.845388	0.16796	1.35026e-06	1.59721e-06
39	55	40	13	16	7	25	0.79614	0.22798	1.77658e-06	2.23149e-06
40	47	36	22	23	10	26	0.758024	0.27704	2.03132e-06	2.67976e-06
41	53	41	27	27	14	22	0.754455	0.28176	2.03176e-06	2.69302e-06
42	51	40	15	15	8	11	0.86045	0.1503	1.23146e-06	1.43118e-06
43	67	53	14	14	11	4	0.89734	0.10832	8.99852e-07	1.0028e-06
44	56	43	31	31	15	40	0.671205	0.39868	2.60106e-06	3.8752e-06
45	39	27	18	19	11	10	0.843395	0.17032	1.35267e-06	1.60384e-06
46	43	30	2	2	1	1	0.982495	0.01766	1.63122e-07	1.66028e-07
47	44	34	9	9	5	6	0.916567	0.08712	7.57843e-07	8.26828e-07
48	47	36	22	24	8	37	0.712183	0.33942	2.36493e-06	3.32067e-06
49	48	36	19	20	10	15	0.817013	0.2021	1.57353e-06	1.92595e-06
50	51	41	29	32	19	21	0.734871	0.30806	2.14738e-06	2.92212e-06
51	52	45	14	15	7	17	0.834519	0.1809	1.46039e-06	1.74998e-06
52	56	45	13	14	8	10	0.870298	0.13892	1.15018e-06	1.3216e-06
53	56	40	21	21	11	14	0.81605	0.20328	1.57438e-06	1.92926e-06
54	40	24	9	9	6	3	0.930698	0.07182	6.21174e-07	6.67428e-07
55	65	51	19	20	10	21	0.792391	0.2327	1.77872e-06	2.24475e-06
56	45	33	18	20	10	17	0.808722	0.2123	1.6435e-06	2.03222e-06
57	46	39	8	8	6	2	0.94135	0.06044	5.2513e-07	5.57847e-07
58	49	39	13	13	9	4	0.902993	0.10204	8.54549e-07	9.46352e-07
59	43	34	13	14	9	6	0.888234	0.11852	9.8511e-07	1.10907e-06
60	40	27	7	7	6	1	0.952124	0.04906	4.26805e-07	4.48266e-07
61	42	35	14	14	8	10	0.870298	0.13892	1.15018e-06	1.3216e-06
62	47	39	7	7	6	1	0.952124	0.04906	4.26805e-07	4.48266e-07
63	53	39	24	27	11	40	0.68828	0.37356	2.51182e-06	3.64941e-06
64	46	39	15	15	9	7	0.878183	0.1299	1.07019e-06	1.21865e-06
65	45	35	16	16	10	10	0.859435	0.15148	1.23285e-06	1.43449e-06
66	57	53	30	31	15	46	0.650978	0.42928	2.7302e-06	4.194e-06
67	49	35	19	19	12	9	0.847707	0.16522	1.31454e-06	1.5507e-06
68	51	40	12	12	7	11	0.876814	0.13146	1.1064e-06	1.26184e-06
69	53	37	7	7	5	3	0.942462	0.05926	5.22626e-07	5.54533e-07
70	39	30	6	6	6	0	0.963021	0.03768	3.26161e-07	3.38686e-07
71	58	46	19	21	11	15	0.811898	0.20838	1.60951e-06	1.9824e-06
72	42	30	11	12	7	8	0.890333	0.11616	9.81536e-07	1.10244e-06
73	50	34	11	11	9	2	0.923781	0.07928	6.71764e-07	7.2719e-07
74	46	39	25	28	14	37	0.694516	0.36454	2.46307e-06	3.54646e-06
75	47	40	28	28	12	29	0.723438	0.32374	2.25814e-06	3.1214e-06
76	50	39	14	15	11	5	0.887187	0.1197	9.86889e-07	1.11238e-06
77	55	42	16	16	13	3	0.890671	0.11578	9.46393e-07	1.06256e-06
78	54	40	17	18	14	5	0.870628	0.13854	1.1159e-06	1.28172e-06
79	35	28	13	13	8	6	0.89383	0.11224	9.40861e-07	1.05262e-06
80	59	38	14	14	8	8	0.87922	0.12872	1.06854e-06	1.21533e-06
81	42	29	12	12	8	6	0.899461	0.10596	8.96016e-07	9.9617e-07
82	55	44	9	10	7	4	0.920167	0.0832	7.14978e-07	7.77009e-07
83	47	37	26	26	15	16	0.782798	0.24488	1.81435e-06	2.31777e-06
84	37	26	12	14	7	11	0.86587	0.14402	1.19034e-06	1.37473e-06
85	50	40	15	15	9	16	0.838786	0.1758	1.42329e-06	1.69685e-06
86	45	34	7	7	6	1	0.952124	0.04906	4.26805e-07	4.48266e-07
87	51	35	7	7	4	6	0.928152	0.07456	6.62638e-07	7.13932e-07
88	45	36	17	17	12	11	0.84971	0.16286	1.31202e-06	1.54407e-06
89	47	34	14	14	9	6	0.888234	0.11852	9.8511e-07	1.10907e-06
90	47	37	11	11	8	4	0.914407	0.08948	7.62118e-07	8.33456e-07
91	58	40	22	25	13	17	0.783723	0.2437	1.81389e-06	2.31445e-06
92	47	39	21	21	11	14	0.81605	0.20328	1.57438e-06	1.92926e-06
93	61	45	28	29	17	24	0.737477	0.30452	2.14766e-06	2.91218e-06
94	51	37	10	10	5	9	0.896999	0.1087	9.35279e-07	1.04267e-06
95	47	37	25	25	10	30	0.733447	0.31	2.20414e-06	3.00519e-06
96	55	46	10	10	7	3	0.924872	0.0781	6.69492e-07	7.23876e-07
97	48	36	8	9	6	4	0.925964	0.07692	6.67214e-07	7.20561e-07
98	40	31	12	14	10	4	0.89734	0.10832	8.99852e-07	1.0028e-06
99	44	31	19	19	10	20	0.80146	0.22132	1.71125e-06	2.13517e-06
100	48	33	26	27	12	29	0.727996	0.31746	2.23127e-06	3.06495e-06
101	48	37	8	8	6	2	0.94135	0.06044	5.2513e-07	5.57847e-07
102	56	39	17	18	11	13	0.835822	0.17934	1.42657e-06	1.70679e-06
103	51	45	17	18	9	14	0.83157	0.18444	1.4635e-06	1.75992e-06
104	49	39	13	13	10	3	0.90761	0.09694	8.10694e-07	8.93218e-07
105	56	44	27	27	13	28	0.731718	0.31236	2.2038e-06	3.01181e-06
106	39	30	11	11	8	3	0.919082	0.08438	7.17181e-07	7.80323e-07
107	64	46	29	30	17	49	0.645132	0.4383	2.7721e-06	4.29695e-06
108	44	34	12	13	9	5	0.8984	0.10714	8.97937e-07	9.99485e-07
109	59	46	28	30	14	24	0.73286	0.3108	2.17559e-06	2.96862e-06
110	48	37	19	19	11	15	0.82216	0.19582	1.53703e-06	1.8695e-06
111	51	42	18	18	8	16	0.823131	0.19464	1.53612e-06	1.86619e-06
112	52	45	16	16	10	7	0.872686	0.13618	1.11276e-06	1.27509e-06
113	31	24	8	9	7	2	0.935457	0.06672	5.74646e-07	6.14295e-07
114	48	38	10	10	7	4	0.920167	0.0832	7.14978e-07	7.77009e-07
115	52	43	14	14	9	7	0.883716	0.12362	1.02705e-06	1.1622e-06
116	48	36	9	9	7	2	0.935457	0.06672	5.74646e-07	6.14295e-07
117	45	38	6	6	5	1	0.958122	0.04278	3.7541e-07	3.91819e-07
118	39	29	12	13	6	11	0.871325	0.13774	1.14865e-06	1.31828e-06
119	49	39	19	20	9	18	0.804608	0.2174	1.67789e-06	2.08535e-06
120	39	28	10	10	7	3	0.924872	0.0781	6.69492e-07	7.23876e-07
121	53	42	13	14	8	13	0.857083	0.15422	1.26934e-06	1.481e-06
122	36	27	9	9	5	6	0.916567	0.08712	7.57843e-07	8.26828e-07
123	58	44	23	23	12	22	0.773647	0.25664	1.90876e-06	2.46723e-06
124	41	29	4	4	4	0	0.975193	0.02512	2.20189e-07	2.2579e-07
125	51	44	21	21	13	10	0.832868	0.18288	1.42981e-06	1.71673e-06
126	46	38	22	22	11	19	0.790523	0.23506	1.77977e-06	2.25138e-06
127	42	32	7	7	4	4	0.937667	0.06436	5.69789e-07	6.07666e-07
128	49	39	15	15	9	16	0.838786	0.1758	1.42329e-06	1.69685e-06
129	58	47	26	27	15	24	0.746798	0.29196	2.0905e-06	2.79928e-06
130	53	45	26	26	17	15	0.786801	0.23978	1.78182e-06	2.26464e-06
131	43	35	13	13	7	9	0.880258	0.12754	1.06689e-06	1.21202e-06
132	59	48	24	24	12	20	0.776685	0.25272	1.87756e-06	2.41741e-06
133	42	33	18	18	11	8	0.857409	0.15384	1.23563e-06	1.44112e-06
134	55	46	18	19	9	17	0.813817	0.20602	1.60791e-06	1.97577e-06
135	46	40	26	27	14	21	0.758312	0.27666	2.00186e-06	2.63988e-06
136	40	27	19	20	12	12	0.82961	0.1868	1.46555e-06	1.76655e-06
137	50	43	21	23	11	30	0.742717	0.29744	2.14815e-06	2.89229e-06
138	68	58	22	23	13	14	0.805864	0.21584	1.6457e-06	2.04216e-06
139	54	40	20	21	11	17	0.803659	0.21858	1.67857e-06	2.08866e-06
140	36	27	8	8	5	3	0.936562	0.06554	5.72221e-07	6.1098e-07
141	37	25	15	15	8	8	0.873716	0.135	1.11117e-06	1.27178e-06
142	45	37	20	20	13	17	0.808722	0.2123	1.6435e-06	2.03222e-06
143	62	48	16	17	13	4	0.880593	0.12716	1.03218e-06	1.17214e-06
144	47	37	27	28	17	20	0.757418	0.27784	2.002e-06	2.6432e-06
145	45	31	9	9	7	2	0.935457	0.06672	5.74646e-07	6.14295e-07
146	50	42	22	23	13	16	0.797686	0.22604	1.71377e-06	2.14843e-06
147	47	36	9	10	8	2	0.929601	0.073	6.23523e-07	6.70742e-07
148	55	46	12	12	10	2	0.917998	0.08556	7.19378e-07	7.83638e-07
149	50	40	11	11	7	7	0.900523	0.10478	8.94089e-07	9.92856e-07
150	43	36	20	20	9	20	0.796443	0.2276	1.7455e-06	2.19162e-06
151	43	36	30	31	16	26	0.720882	0.32728	2.25733e-06	3.13134e-06
152	45	38	6	7	5	2	0.947281	0.05416	4.74966e-07	5.014e-07
153	47	35	7	8	7	1	0.946163	0.05534	4.77542e-07	5.04714e-07
154	40	30	14	14	9	8	0.87922	0.12872	1.06854e-06	1.21533e-06
155	51	38	15	16	8	11	0.855063	0.15658	1.27201e-06	1.48763e-06
156	53	41	14	14	10	5	0.892776	0.11342	9.42711e-07	1.05593e-06
157	55	43	27	29	16	23	0.741248	0.29942	2.11926e-06	2.85904e-06
158	39	30	16	17	12	5	0.876113	0.13226	1.07348e-06	1.22528e-06
159	63	50	19	19	8	24	0.785276	0.24172	1.84359e-06	2.3477e-06
160	44	33	17	18	10	11	0.844391	0.16914	1.35147e-06	1.60052e-06
161	54	41	19	19	6	47	0.69836	0.35902	2.49298e-06	3.56976e-06
162	48	39	15	15	12	6	0.882673	0.1248	1.02877e-06	1.16551e-06
163	54	39	17	17	9	18	0.819911	0.19856	1.57095e-06	1.91601e-06
164	52	40	17	18	10	23	0.794264	0.23034	1.77766e-06	2.23812e-06
165	32	26	15	16	7	21	0.812548	0.20758	1.6405e-06	2.01896e-06
166	56	48	31	32	19	25	0.720032	0.32846	2.25705e-06	3.13465e-06
167	40	33	7	7	5	3	0.942462	0.05926	5.22626e-07	5.54533e-07
168	50	40	20	20	14	8	0.846707	0.1664	1.3158e-06	1.55402e-06
169	43	33	10	11	7	10	0.886849	0.12008	1.02188e-06	1.15226e-06
170	45	34	3	3	3	0	0.981336	0.01884	1.66182e-07	1.69343e-07
171	49	37	7	7	5	2	0.947281	0.05416	4.74966e-07	5.014e-07
172	42	32	14	14	6	12	0.861466	0.14912	1.23006e-06	1.42786e-06
173	52	38	10	10	7	4	0.920167	0.0832	7.14978e-07	7.77009e-07
174	40	24	20	20	14	7	0.851037	0.1613	1.27731e-06	1.50088e-06
175	57	42	23	25	12	25	0.75239	0.2845	2.06119e-06	2.73952e-06
176	41	32	11	12	7	11	0.876814	0.13146	1.1064e-06	1.26184e-06
177	53	43	14	15	8	8	0.873716	0.135	1.11117e-06	1.27178e-06
178	45	36	18	18	7	21	0.802406	0.22014	1.71061e-06	2.13185e-06
179	54	43	22	22	14	9	0.831886	0.18406	1.43088e-06	1.72005e-06
180	49	41	27	30	14	39	0.678887	0.3873	2.55643e-06	3.76562e-06
181	47	36	14	14	9	7	0.883716	0.12362	1.02705e-06	1.1622e-06
182	53	40	10	10	7	3	0.924872	0.0781	6.69492e-07	7.23876e-07
183	45	36	20	21	10	16	0.807768	0.21348	1.64424e-06	2.03553e-06
184	58	40	32	32	16	38	0.673842	0.39476	2.5777e-06	3.82538e-06
185	41	32	21	21	9	21	0.787431	0.23898	1.81203e-06	2.3012e-06
186	58	50	25	25	17	12	0.803965	0.2182	1.64715e-06	2.04879e-06
187	46	37	17	17	12	7	0.867222	0.14246	1.15474e-06	1.33154e-06
188	43	35	12	13	8	7	0.889283	0.11734	9.83326e-07	1.10575e-06
189	50	42	21	22	11	20	0.786502	0.24016	1.8125e-06	2.30451e-06
190	36	28	8	9	5	5	0.921254	0.08202	7.12769e-07	7.73694e-07
191	54	43	24	25	13	28	0.740966	0.2998	2.148e-06	2.89892e-06
192	35	29	12	12	5	14	0.863501	0.14676	1.22724e-06	1.42124e-06
193	59	51	17	18	14	4	0.87508	0.13344	1.07511e-06	1.22859e-06
194	52	39	35	35	13	93	0.499524	0.6941	3.45523e-06	6.91705e-06
195	51	43	22	22	12	15	0.806816	0.21466	1.64497e-06	2.03885e-06
196	53	37	21	21	10	33	0.740685	0.30018	2.17672e-06	2.9388e-06
197	46	37	12	12	10	2	0.917998	0.08556	7.19378e-07	7.83638e-07
198	50	42	20	20	14	8	0.846707	0.1664	1.3158e-06	1.55402e-06
199	48	38	9	9	8	1	0.94024	0.06162	5.27627e-07	5.61162e-07
200	54	42	26	26	13	22	0.759208	0.27548	2.0017e-06	2.63657e-06
201	52	39	24	27	13	30	0.724292	0.32256	2.2584e-06	3.11808e-06
202	64	52	29	32	16	38	0.673842	0.39476	2.5777e-06	3.82538e-06
203	43	32	22	23	12	23	0.769711	0.26174	1.93995e-06	2.52036e-06
204	47	39	10	10	8	2	0.929601	0.073	6.23523e-07	6.70742e-07
205	47	37	13	14	9	6	0.888234	0.11852	9.8511e-07	1.10907e-06
206	48	40	14	14	7	13	0.857083	0.15422	1.26934e-06	1.481e-06
207	51	38	9	9	8	1	0.94024	0.06162	5.27627e-07	5.61162e-07
208	59	45	17	18	12	7	0.861793	0.14874	1.19616e-06	1.38799e-06
209	55	33	12	13	9	5	0.8984	0.10714	8.97937e-07	9.99485e-07
210	38	30	11	11	8	3	0.919082	0.08438	7.17181e-07	7.80323e-07
211	62	51	25	25	12	35	0.714981	0.3355	2.3386e-06	3.27085e-06
212	44	37	27	27	16	16	0.777898	0.25116	1.8469e-06	2.37422e-06
213	59	48	25	25	12	21	0.767897	0.2641	1.94047e-06	2.52699e-06
214	48	39	24	26	13	28	0.736328	0.30608	2.17612e-06	2.95537e-06
215	57	44	11	11	9	3	0.919082	0.08438	7.17181e-07	7.80323e-07
216	51	42	24	25	10	47	0.672536	0.3967	2.62857e-06	3.90845e-06
217	37	23	12	12	7	5	0.90406	0.10086	8.52562e-07	9.43037e-07
218	56	44	22	23	13	12	0.814126	0.20564	1.57606e-06	1.93589e-06
219	39	35	14	14	9	7	0.883716	0.12362	1.02705e-06	1.1622e-06
220	64	50	19	19	12	11	0.839105	0.17542	1.39037e-06	1.65697e-06
221	45	31	17	19	8	23	0.789291	0.23662	1.81108e-06	2.29457e-06
222	43	35	13	14	7	16	0.84407	0.16952	1.38461e-06	1.6404e-06
223	49	41	15	16	10	10	0.859435	0.15148	1.23285e-06	1.43449e-06
224	45	37	27	29	14	29	0.718909	0.33002	2.28458e-06	3.17784e-06
225	52	41	28	28	18	16	0.773028	0.25744	1.87897e-06	2.43066e-06
226	43	33	12	12	7	8	0.890333	0.11616	9.81536e-07	1.10244e-06
227	47	36	23	23	11	20	0.781578	0.24644	1.84527e-06	2.36096e-06
228	51	42	27	28	14	20	0.757418	0.27784	2.002e-06	2.6432e-06
229	56	46	17	18	12	10	0.848708	0.16404	1.31328e-06	1.54739e-06
230	45	33	13	13	7	12	0.866893	0.14284	1.18887e-06	1.37142e-06
231	40	28	21	21	12	12	0.824416	0.19308	1.50291e-06	1.823e-06
232	49	39	17	18	13	5	0.870628	0.13854	1.1159e-06	1.28172e-06
233	41	30	5	5	5	0	0.969088	0.0314	2.73513e-07	2.82238e-07
234	53	42	14	15	6	14	0.847385	0.1656	1.34783e-06	1.59058e-06
235	51	42	28	28	13	29	0.723438	0.32374	2.25814e-06	3.1214e-06
236	58	46	22	23	14	12	0.814126	0.20564	1.57606e-06	1.93589e-06
237	41	35	11	11	8	4	0.914407	0.08948	7.62118e-07	8.33456e-07
238	62	45	21	22	14	10	0.827654	0.18916	1.46758e-06	1.77318e-06
239	46	36	11	11	7	5	0.909755	0.09458	8.06579e-07	8.8659e-07
240	45	31	23	25	8	38	0.704125	0.3508	2.41532e-06	3.43025e-06
241	49	38	16	16	11	11	0.855063	0.15658	1.27201e-06	1.48763e-06
242	51	44	12	12	7	11	0.876814	0.13146	1.1064e-06	1.26184e-06
243	53	42	15	16	9	9	0.863829	0.14638	1.19326e-06	1.38136e-06
244	34	27	12	12	8	5	0.90406	0.10086	8.52562e-07	9.43037e-07
245	59	47	14	14	11	3	0.901929	0.10322	8.56531e-07	9.49666e-07
246	42	35	30	30	16	20	0.747964	0.2904	2.06146e-06	2.75609e-06
247	71	57	23	23	14	19	0.785574	0.24134	1.81297e-06	2.30783e-06
248	56	42	16	17	9	19	0.81574	0.20366	1.60631e-06	1.96914e-06
249	48	41	16	17	10	9	0.858422	0.15266	1.23425e-06	1.43781e-06
250	40	32	8	8	6	2	0.94135	0.06044	5.2513e-07	5.57847e-07
251	47	39	22	23	10	43	0.695072	0.36374	2.49046e-06	3.58302e-06
252	54	45	16	17	10	10	0.854055	0.15776	1.27335e-06	1.49094e-06
253	54	47	20	20	9	24	0.78036	0.248	1.8761e-06	2.40415e-06
254	47	35	13	13	8	8	0.884759	0.12244	1.02533e-06	1.15888e-06
255	43	36	14	14	7	22	0.818633	0.20012	1.60386e-06	1.9592e-06
256	52	43	24	26	14	18	0.774855	0.25508	1.87827e-06	2.42404e-06
257	47	38	22	22	11	21	0.782501	0.24526	1.84486e-06	2.35764e-06
258	52	40	25	28	11	50	0.649963	0.43084	2.75402e-06	4.23719e-06
259	50	37	12	12	8	7	0.894885	0.11106	9.39006e-07	1.0493e-06
260	32	28	16	16	9	8	0.868246	0.14128	1.15323e-06	1.32823e-06
261	55	48	19	19	14	6	0.860777	0.14992	1.1976e-06	1.3913e-06
262	45	37	20	23	12	19	0.785574	0.24134	1.81297e-06	2.30783e-06
263	61	52	29	29	14	23	0.741248	0.29942	2.11926e-06	2.85904e-06
264	43	35	13	13	8	6	0.89383	0.11224	9.40861e-07	1.05262e-06
265	48	38	17	19	7	20	0.80146	0.22132	1.71125e-06	2.13517e-06
266	47	39	12	12	9	3	0.913328	0.09066	7.64246e-07	8.36771e-07
267	61	53	33	34	16	34	0.679145	0.38692	2.53032e-06	3.72575e-06
268	51	39	29	31	17	22	0.735739	0.30688	2.14748e-06	2.91881e-06
269	40	31	5	5	5	0	0.969088	0.0314	2.73513e-07	2.82238e-07
270	55	43	12	12	11	1	0.922692	0.08046	6.7403e-07	7.30504e-07
271	38	30	10	10	6	5	0.915486	0.0883	7.59984e-07	8.30142e-07
272	63	55	16	18	7	24	0.790223	0.23544	1.8106e-06	2.29125e-06
273	44	31	15	15	10	11	0.86045	0.1503	1.23146e-06	1.43118e-06
274	49	39	16	16	10	9	0.863829	0.14638	1.19326e-06	1.38136e-06
275	46	38	12	12	7	6	0.899461	0.10596	8.96016e-07	9.9617e-07
276	47	40	11	11	9	3	0.919082	0.08438	7.17181e-07	7.80323e-07
277	52	40	11	11	10	1	0.928505	0.07418	6.25865e-07	6.74057e-07
278	45	36	24	24	13	27	0.749447	0.28842	2.09046e-06	2.78934e-06
279	56	49	15	15	11	5	0.887187	0.1197	9.86889e-07	1.11238e-06
280	51	39	12	12	8	5	0.90406	0.10086	8.52562e-07	9.43037e-07
281	59	49	17	18	11	8	0.857409	0.15384	1.23563e-06	1.44112e-06
282	45	37	7	7	6	1	0.952124	0.04906	4.26805e-07	4.48266e-07
283	43	33	15	15	12	3	0.896282	0.1095	9.01762e-07	1.00611e-06
284	48	39	17	17	11	7	0.867222	0.14246	1.15474e-06	1.33154e-06
285	52	37	18	19	9	22	0.793327	0.23152	1.77819e-06	2.24143e-06
286	52	44	16	17	10	9	0.858422	0.15266	1.23425e-06	1.43781e-06
287	48	38	25	26	14	19	0.770913	0.26018	1.90968e-06	2.47717e-06
288	57	44	14	14	6	19	0.831254	0.18482	1.49609e-06	1.7998e-06
289	40	26	10	11	5	13	0.873384	0.13538	1.14558e-06	1.31166e-06
290	44	32	10	10	6	5	0.915486	0.0883	7.59984e-07	8.30142e-07
291	45	38	7	7	6	1	0.952124	0.04906	4.26805e-07	4.48266e-07
292	47	41	26	26	14	20	0.766991	0.26528	1.94072e-06	2.5303e-06
293	49	32	20	20	11	11	0.833851	0.1817	1.42874e-06	1.71342e-06
294	58	37	16	16	13	3	0.890671	0.11578	9.46393e-07	1.06256e-06
295	53	39	18	18	11	9	0.853048	0.15894	1.27467e-06	1.49426e-06
296	52	39	8	9	7	2	0.935457	0.06672	5.74646e-07	6.14295e-07
297	58	42	15	17	8	12	0.845388	0.16796	1.35026e-06	1.59721e-06
298	41	31	16	17	8	25	0.791156	0.23426	1.81012e-06	2.28794e-06
299	69	57	23	24	13	18	0.784648	0.24252	1.81343e-06	2.31114e-06
300	46	39	12	13	8	8	0.884759	0.12244	1.02533e-06	1.15888e-06
301	50	32	5	6	5	1	0.958122	0.04278	3.7541e-07	3.91819e-07
302	43	31	17	17	11	7	0.867222	0.14246	1.15474e-06	1.33154e-06
303	52	37	30	30	14	31	0.707159	0.3465	2.3623e-06	3.34056e-06
304	53	41	27	28	11	34	0.705224	0.34924	2.38864e-06	3.38706e-06
305	56	41	24	24	15	15	0.796745	0.22722	1.71439e-06	2.15174e-06
306	48	39	17	19	10	11	0.839105	0.17542	1.39037e-06	1.65697e-06
307	42	30	12	12	7	7	0.894885	0.11106	9.39006e-07	1.0493e-06
308	49	33	11	11	5	10	0.886849	0.12008	1.02188e-06	1.15226e-06
309	46	37	11	11	7	6	0.905127	0.09968	8.50568e-07	9.39723e-07
310	54	38	12	12	6	8	0.890333	0.11616	9.81536e-07	1.10244e-06
311	50	38	17	17	9	17	0.824103	0.19346	1.5352e-06	1.86287e-06
312	37	27	11	11	7	5	0.909755	0.09458	8.06579e-07	8.8659e-07
313	54	45	26	27	15	20	0.76219	0.27156	1.97159e-06	2.58675e-06
314	63	49	15	15	12	3	0.896282	0.1095	9.01762e-07	1.00611e-06
315	60	45	12	12	9	4	0.908682	0.09576	8.0864e-07	8.89904e-07
316	43	33	19	20	12	12	0.82961	0.1868	1.46555e-06	1.76655e-06
317	48	43	25	27	11	37	0.698891	0.35826	2.43914e-06	3.49001e-06
318	47	38	17	17	10	10	0.854055	0.15776	1.27335e-06	1.49094e-06
319	47	34	13	14	10	4	0.89734	0.10832	8.99852e-07	1.0028e-06
320	51	38	15	15	8	12	0.856073	0.1554	1.27068e-06	1.48431e-06
321	43	34	12	12	8	5	0.90406	0.10086	8.52562e-07	9.43037e-07
322	55	38	14	14	12	2	0.90654	0.09812	8.12743e-07	8.96533e-07
323	38	34	24	26	12	33	0.717789	0.33158	2.31202e-06	3.22103e-06
324	62	45	11	11	6	8	0.895942	0.10988	9.37145e-07	1.04599e-06
325	44	28	16	16	9	9	0.863829	0.14638	1.19326e-06	1.38136e-06
326	47	36	18	18	12	10	0.848708	0.16404	1.31328e-06	1.54739e-06
327	48	38	22	24	10	28	0.745634	0.29352	2.11944e-06	2.84247e-06
328	49	40	13	13	9	7	0.889283	0.11734	9.83326e-07	1.10575e-06
329	54	40	20	20	11	12	0.82961	0.1868	1.46555e-06	1.76655e-06
330	47	38	16	17	11	8	0.862811	0.14756	1.19471e-06	1.38467e-06
331	37	27	13	13	10	4	0.902993	0.10204	8.54549e-07	9.46352e-07
332	43	31	13	14	7	10	0.870298	0.13892	1.15018e-06	1.3216e-06
333	63	55	21	22	11	22	0.77852	0.25036	1.87684e-06	2.41078e-06
334	44	35	11	12	7	6	0.899461	0.10596	8.96016e-07	9.9617e-07
335	45	34	8	8	8	0	0.951001	0.05024	4.29454e-07	4.51581e-07
336	48	33	15	15	6	22	0.813508	0.2064	1.63974e-06	2.01564e-06
337	59	47	19	19	11	9	0.847707	0.16522	1.31454e-06	1.5507e-06
338	52	42	24	25	16	19	0.775769	0.2539	1.87792e-06	2.42072e-06
339	50	37	27	27	17	12	0.79393	0.23076	1.71623e-06	2.16168e-06
340	57	44	8	8	4	7	0.917649	0.08594	7.55696e-07	8.23513e-07
341	40	29	25	25	13	20	0.771823	0.259	1.90938e-06	2.47385e-06
342	56	46	22	22	13	25	0.7667	0.26566	1.97055e-06	2.57018e-06
343	45	36	20	21	11	19	0.795504	0.22878	1.74607e-06	2.19493e-06
344	48	38	19	20	9	24	0.78036	0.248	1.8761e-06	2.40415e-06
345	49	36	15	16	8	15	0.837797	0.17698	1.42439e-06	1.70016e-06
346	48	31	18	18	10	13	0.835822	0.17934	1.42657e-06	1.70679e-06
347	52	42	16	16	11	6	0.877148	0.13108	1.07184e-06	1.22196e-06
348	54	44	36	36	20	31	0.681009	0.38418	2.5056e-06	3.67924e-06
349	57	36	22	24	14	15	0.796745	0.22722	1.71439e-06	2.15174e-06
350	41	29	10	10	7	3	0.924872	0.0781	6.69492e-07	7.23876e-07
351	49	39	14	15	8	9	0.869271	0.1401	1.15171e-06	1.32491e-06
352	46	37	17	18	11	10	0.848708	0.16404	1.31328e-06	1.54739e-06
353	39	31	14	14	8	10	0.870298	0.13892	1.15018e-06	1.3216e-06
354	49	37	16	16	13	3	0.890671	0.11578	9.46393e-07	1.06256e-06
355	50	37	21	23	13	17	0.793628	0.23114	1.74722e-06	2.20156e-06
356	55	36	13	13	8	6	0.89383	0.11224	9.40861e-07	1.05262e-06
357	48	37	10	11	8	4	0.914407	0.08948	7.62118e-07	8.33456e-07
358	50	43	19	19	14	6	0.860777	0.14992	1.1976e-06	1.3913e-06
359	48	36	17	17	8	14	0.836809	0.17816	1.42548e-06	1.70347e-06
360	54	39	18	19	13	6	0.860777	0.14992	1.1976e-06	1.3913e-06
361	46	34	18	18	14	4	0.87508	0.13344	1.07511e-06	1.22859e-06
362	56	38	15	15	10	5	0.887187	0.1197	9.86889e-07	1.11238e-06
363	50	38	8	9	8	1	0.94024	0.06162	5.27627e-07	5.61162e-07
364	41	27	9	10	7	4	0.920167	0.0832	7.14978e-07	7.77009e-07
365	54	45	19	19	14	6	0.860777	0.14992	1.1976e-06	1.3913e-06
366	57	43	23	23	12	19	0.785574	0.24134	1.81297e-06	2.30783e-06
367	60	46	11	11	8	4	0.914407	0.08948	7.62118e-07	8.33456e-07
368	43	32	18	18	9	31	0.76251	0.27114	2.03071e-06	2.66319e-06
369	49	38	16	16	9	12	0.850713	0.16168	1.31075e-06	1.54076e-06
370	47	35	9	9	4	8	0.907266	0.09732	8.46564e-07	9.33094e-07
371	52	34	12	12	5	22	0.828979	0.18756	1.53055e-06	1.8463e-06
372	50	42	18	20	10	15	0.817013	0.2021	1.57353e-06	1.92595e-06
373	45	37	16	16	10	13	0.846386	0.16678	1.34905e-06	1.59389e-06
374	54	48	27	27	13	22	0.754455	0.28176	2.03176e-06	2.69302e-06
375	37	31	13	13	5	13	0.862483	0.14794	1.22865e-06	1.42455e-06
376	61	49	26	26	15	19	0.770913	0.26018	1.90968e-06	2.47717e-06
377	43	31	21	21	8	35	0.733168	0.31038	2.23254e-06	3.04506e-06
378	43	34	9	9	6	4	0.925964	0.07692	6.67214e-07	7.20561e-07
379	47	38	15	15	11	5	0.887187	0.1197	9.86889e-07	1.11238e-06
380	51	38	7	7	6	1	0.952124	0.04906	4.26805e-07	4.48266e-07
381	51	41	27	29	15	27	0.72628	0.31982	2.23082e-06	3.07158e-06
382	25	21	9	9	6	4	0.925964	0.07692	6.67214e-07	7.20561e-07
383	41	36	20	20	10	18	0.804608	0.2174	1.67789e-06	2.08535e-06
384	53	39	13	13	7	10	0.87578	0.13264	1.10799e-06	1.26515e-06
385	61	48	24	25	12	30	0.733447	0.31	2.20414e-06	3.00519e-06
386	44	33	2	2	1	1	0.982495	0.01766	1.63122e-07	1.66028e-07
387	47	41	23	24	14	18	0.784648	0.24252	1.81343e-06	2.31114e-06
388	48	35	20	22	10	19	0.790523	0.23506	1.77977e-06	2.25138e-06
389	38	28	11	11	8	4	0.914407	0.08948	7.62118e-07	8.33456e-07
390	51	43	18	19	11	17	0.813817	0.20602	1.60791e-06	1.97577e-06
391	52	42	12	12	10	2	0.917998	0.08556	7.19378e-07	7.83638e-07
392	56	46	9	9	7	3	0.930698	0.07182	6.21174e-07	6.67428e-07
393	39	29	14	14	9	6	0.888234	0.11852	9.8511e-07	1.10907e-06
394	57	43	22	22	12	26	0.7628	0.27076	2.00106e-06	2.62331e-06
395	45	34	18	18	14	4	0.87508	0.13344	1.07511e-06	1.22859e-06
396	50	40	13	13	11	2	0.912251	0.09184	7.66369e-07	8.40085e-07
397	48	32	15	17	9	11	0.84971	0.16286	1.31202e-06	1.54407e-06
398	39	29	21	21	14	9	0.837127	0.17778	1.39264e-06	1.6636e-06
399	52	42	25	26	11	52	0.651499	0.42848	2.75621e-06	4.23056e-06
400	56	40	18	19	11	19	0.805558	0.21622	1.6772e-06	2.08204e-06
401	57	44	18	18	12	12	0.840095	0.17424	1.38923e-06	1.65366e-06
402	40	34	13	13	9	5	0.8984	0.10714	8.97937e-07	9.99485e-07
403	66	46	20	22	12	18	0.794565	0.22996	1.74665e-06	2.19824e-06
404	45	37	28	28	17	13	0.784946	0.24214	1.78282e-06	2.27126e-06
405	54	42	23	23	13	18	0.789591	0.23624	1.78029e-06	2.25469e-06
406	49	38	18	20	13	11	0.833851	0.1817	1.42874e-06	1.71342e-06
407	37	26	8	9	6	4	0.925964	0.07692	6.67214e-07	7.20561e-07
408	53	41	21	21	13	11	0.828631	0.18798	1.46657e-06	1.76986e-06
409	63	46	25	28	14	19	0.761291	0.27274	1.97179e-06	2.59006e-06
410	52	45	14	15	10	9	0.869271	0.1401	1.15171e-06	1.32491e-06
411	45	27	11	11	6	9	0.891384	0.11498	9.7974e-07	1.09912e-06
412	52	36	16	17	12	8	0.862811	0.14756	1.19471e-06	1.38467e-06
413	46	36	21	21	11	19	0.795504	0.22878	1.74607e-06	2.19493e-06
414	59	41	25	26	13	23	0.755346	0.28058	2.03165e-06	2.6897e-06
415	49	40	16	19	13	9	0.847707	0.16522	1.31454e-06	1.5507e-06
416	43	31	24	24	10	35	0.719485	0.32922	2.31271e-06	3.2144e-06
417	53	33	24	24	13	21	0.772734	0.25782	1.90907e-06	2.47054e-06
418	47	34	13	13	6	14	0.858095	0.15304	1.26799e-06	1.47768e-06
419	59	47	21	22	15	9	0.831886	0.18406	1.43088e-06	1.72005e-06
420	42	32	19	19	10	14	0.826364	0.19072	1.50098e-06	1.81637e-06
421	46	38	15	16	9	10	0.859435	0.15148	1.23285e-06	1.43449e-06
422	46	39	26	27	15	16	0.777898	0.25116	1.8469e-06	2.37422e-06
423	30	22	8	8	6	2	0.94135	0.06044	5.2513e-07	5.57847e-07
424	50	35	9	9	5	5	0.921254	0.08202	7.12769e-07	7.73694e-07
425	47	35	14	15	8	18	0.830274	0.186	1.49708e-06	1.80311e-06
426	54	43	13	13	7	16	0.849387	0.16324	1.34539e-06	1.58395e-06
427	36	25	14	14	6	16	0.84407	0.16952	1.38461e-06	1.6404e-06
428	60	47	24	26	13	20	0.766991	0.26528	1.94072e-06	2.5303e-06
429	43	31	22	23	11	21	0.777602	0.25154	1.8772e-06	2.41409e-06
430	45	30	12	12	8	4	0.908682	0.09576	8.0864e-07	8.89904e-07
431	47	38	15	16	9	11	0.855063	0.15658	1.27201e-06	1.48763e-06
432	53	39	19	19	9	15	0.82216	0.19582	1.53703e-06	1.8695e-06
433	51	37	8	8	7	1	0.946163	0.05534	4.77542e-07	5.04714e-07
434	50	38	11	12	7	6	0.899461	0.10596	8.96016e-07	9.9617e-07
435	55	45	26	27	12	25	0.742999	0.29706	2.11934e-06	2.85242e-06
436	29	21	9	9	5	7	0.911905	0.09222	8.0244e-07	8.79961e-07
437	49	33	6	6	4	2	0.953248	0.04788	4.2415e-07	4.44952e-07
438	56	43	14	14	11	3	0.901929	0.10322	8.56531e-07	9.49666e-07
439	49	38	18	18	11	11	0.844391	0.16914	1.35147e-06	1.60052e-06
440	48	38	16	16	9	11	0.855063	0.15658	1.27201e-06	1.48763e-06
441	42	37	6	7	3	7	0.92343	0.07966	7.08332e-07	7.67066e-07
442	51	35	10	11	4	17	0.855747	0.15578	1.30432e-06	1.52419e-06
443	54	42	17	17	11	6	0.871656	0.13736	1.11433e-06	1.27841e-06
444	56	43	16	17	8	20	0.81159	0.20876	1.64126e-06	2.02227e-06
445	38	28	14	15	9	9	0.869271	0.1401	1.15171e-06	1.32491e-06
446	43	32	18	18	10	18	0.814778	0.20484	1.60711e-06	1.97245e-06
447	44	37	26	26	15	19	0.770913	0.26018	1.90968e-06	2.47717e-06
448	56	41	15	15	10	5	0.887187	0.1197	9.86889e-07	1.11238e-06
449	48	39	12	12	7	6	0.899461	0.10596	8.96016e-07	9.9617e-07
450	45	34	9	9	5	5	0.921254	0.08202	7.12769e-07	7.73694e-07
451	52	41	22	23	11	23	0.769711	0.26174	1.93995e-06	2.52036e-06
452	49	38	14	14	9	7	0.883716	0.12362	1.02705e-06	1.1622e-06
453	56	46	21	21	12	12	0.824416	0.19308	1.50291e-06	1.823e-06
454	40	33	17	17	7	26	0.787131	0.23936	1.84273e-06	2.34107e-06
455	65	48	23	25	13	18	0.779736	0.2488	1.84609e-06	2.36759e-06
456	45	34	11	11	7	5	0.909755	0.09458	8.06579e-07	8.8659e-07
457	56	42	22	23	13	17	0.793628	0.23114	1.74722e-06	2.20156e-06
458	49	40	32	33	12	62	0.592479	0.52344	3.05543e-06	5.15703e-06
459	53	44	32	32	14	47	0.643611	0.44066	2.76984e-06	4.30358e-06
460	52	39	24	26	13	28	0.736328	0.30608	2.17612e-06	2.95537e-06
461	32	23	6	6	4	2	0.953248	0.04788	4.2415e-07	4.44952e-07
462	57	47	23	24	11	17	0.78866	0.23742	1.7808e-06	2.25801e-06
463	47	36	19	19	12	17	0.813817	0.20602	1.60791e-06	1.97577e-06
464	37	30	14	14	8	10	0.870298	0.13892	1.15018e-06	1.3216e-06
465	53	41	12	13	8	6	0.89383	0.11224	9.40861e-07	1.05262e-06
466	43	28	8	8	5	3	0.936562	0.06554	5.72221e-07	6.1098e-07
467	49	41	11	11	8	4	0.914407	0.08948	7.62118e-07	8.33456e-07
468	45	36	6	6	4	3	0.948399	0.05298	4.72383e-07	4.98085e-07
469	53	37	22	25	10	43	0.686396	0.3763	2.53686e-06	3.69592e-06
470	53	43	28	28	13	38	0.690983	0.36964	2.48726e-06	3.59959e-06
471	58	47	20	20	12	9	0.8424	0.1715	1.35386e-06	1.60715e-06
472	42	32	23	24	14	17	0.78866	0.23742	1.7808e-06	2.25801e-06
473	43	33	12	13	7	10	0.87578	0.13264	1.10799e-06	1.26515e-06
474	46	38	23	23	15	11	0.818289	0.20054	1.54064e-06	1.88276e-06
475	49	39	22	23	10	28	0.750332	0.28724	2.09044e-06	2.78602e-06
476	50	34	24	25	10	26	0.748563	0.2896	2.09048e-06	2.79265e-06
477	62	51	34	34	15	32	0.686108	0.37672	2.48336e-06	3.61948e-06
478	54	40	17	18	12	9	0.853048	0.15894	1.27467e-06	1.49426e-06
479	36	26	17	17	9	11	0.84971	0.16286	1.31202e-06	1.54407e-06
480	59	49	24	26	16	18	0.774855	0.25508	1.87827e-06	2.42404e-06
481	42	32	6	7	4	4	0.937667	0.06436	5.69789e-07	6.07666e-07
482	47	36	17	18	9	14	0.83157	0.18444	1.4635e-06	1.75992e-06
483	47	37	14	15	6	14	0.847385	0.1656	1.34783e-06	1.59058e-06
484	65	52	20	20	13	11	0.833851	0.1817	1.42874e-06	1.71342e-06
485	50	43	10	10	6	6	0.910829	0.0934	8.04513e-07	8.83275e-07
486	52	34	10	10	7	6	0.910829	0.0934	8.04513e-07	8.83275e-07
487	54	37	5	6	3	4	0.943574	0.05808	5.20116e-07	5.51218e-07
488	37	31	7	7	6	1	0.952124	0.04906	4.26805e-07	4.48266e-07
489	61	46	26	27	12	32	0.716942	0.33276	2.31167e-06	3.22435e-06
490	59	46	14	14	11	3	0.901929	0.10322	8.56531e-07	9.49666e-07
491	50	37	10	10	9	1	0.934354	0.0679	5.77066e-07	6.17609e-07
492	43	37	20	20	13	11	0.833851	0.1817	1.42874e-06	1.71342e-06
493	44	35	27	27	15	23	0.750617	0.28686	2.06131e-06	2.74615e-06
494	51	46	18	18	11	12	0.840095	0.17424	1.38923e-06	1.65366e-06
495	56	44	18	20	8	25	0.77639	0.2531	1.90781e-06	2.45728e-06
496	55	43	13	14	12	2	0.90654	0.09812	8.12743e-07	8.96533e-07
497	41	33	17	17	9	15	0.832552	0.18326	1.46247e-06	1.75661e-06
498	59	44	9	9	4	9	0.90265	0.10242	8.90218e-07	9.86227e-07
499	44	33	10	10	7	4	0.920167	0.0832	7.14978e-07	7.77009e-07
500	54	42	26	26	15	18	0.774855	0.25508	1.87827e-06	2.42404e-06
501	48	36	10	10	7	6	0.910829	0.0934	8.04513e-07	8.83275e-07
502	38	29	19	19	10	13	0.830589	0.18562	1.46452e-06	1.76324e-06
503	51	42	24	25	10	43	0.686396	0.3763	2.53686e-06	3.69592e-06
504	64	47	22	22	12	17	0.798628	0.22486	1.71315e-06	2.14511e-06
505	56	42	7	7	6	1	0.952124	0.04906	4.26805e-07	4.48266e-07
506	39	29	5	5	5	0	0.969088	0.0314	2.73513e-07	2.82238e-07
507	67	53	24	24	13	25	0.75713	0.27822	2.03144e-06	2.68307e-06
508	45	40	15	15	12	3	0.896282	0.1095	9.01762e-07	1.00611e-06
509	59	43	23	23	16	10	0.822473	0.19544	1.50482e-06	1.82963e-06
510	48	39	26	26	10	36	0.70689	0.34688	2.38959e-06	3.38043e-06
511	44	38	9	10	8	2	0.929601	0.073	6.23523e-07	6.70742e-07
512	52	42	11	11	7	5	0.909755	0.09458	8.06579e-07	8.8659e-07
513	52	40	15	15	8	11	0.86045	0.1503	1.23146e-06	1.43118e-06
514	57	47	17	17	13	4	0.880593	0.12716	1.03218e-06	1.17214e-06
515	40	29	14	14	9	6	0.888234	0.11852	9.8511e-07	1.10907e-06
516	66	45	19	21	9	34	0.736917	0.30528	2.2048e-06	2.99193e-06
517	47	33	12	12	8	4	0.908682	0.09576	8.0864e-07	8.89904e-07
518	52	44	26	26	15	18	0.774855	0.25508	1.87827e-06	2.42404e-06
519	54	45	16	17	12	6	0.871656	0.13736	1.11433e-06	1.27841e-06
520	47	39	15	16	10	7	0.872686	0.13618	1.11276e-06	1.27509e-06
521	53	41	30	30	15	30	0.710775	0.3414	2.33662e-06	3.28742e-06
522	51	40	22	22	11	18	0.794565	0.22996	1.74665e-06	2.19824e-06
523	64	46	16	18	10	14	0.83157	0.18444	1.4635e-06	1.75992e-06
524	41	27	6	6	4	2	0.953248	0.04788	4.2415e-07	4.44952e-07
525	45	38	25	25	13	34	0.718636	0.3304	2.31237e-06	3.21772e-06
526	46	41	15	15	8	10	0.864849	0.1452	1.1918e-06	1.37805e-06
527	49	43	11	11	9	2	0.923781	0.07928	6.71764e-07	7.2719e-07
528	49	41	29	31	18	21	0.739501	0.30178	2.11917e-06	2.86567e-06
529	50	34	12	13	7	10	0.87578	0.13264	1.10799e-06	1.26515e-06
530	53	41	12	12	7	8	0.890333	0.11616	9.81536e-07	1.10244e-06
531	46	38	9	10	7	4	0.920167	0.0832	7.14978e-07	7.77009e-07
532	59	46	22	22	12	17	0.798628	0.22486	1.71315e-06	2.14511e-06
533	42	29	16	17	8	25	0.791156	0.23426	1.81012e-06	2.28794e-06
534	49	38	28	29	8	64	0.601385	0.50852	3.02948e-06	5.03751e-06
535	46	35	20	23	11	19	0.785574	0.24134	1.81297e-06	2.30783e-06
536	54	39	23	24	13	19	0.780657	0.24762	1.84569e-06	2.36427e-06
537	50	40	13	14	9	9	0.874748	0.13382	1.10959e-06	1.26847e-06
538	54	47	13	13	10	4	0.902993	0.10204	8.54549e-07	9.46352e-07
539	54	43	4	4	4	0	0.975193	0.02512	2.20189e-07	2.2579e-07
540	36	30	19	21	11	22	0.783425	0.24408	1.84444e-06	2.35433e-06
541	60	52	19	19	11	11	0.839105	0.17542	1.39037e-06	1.65697e-06
542	43	31	14	14	10	5	0.892776	0.11342	9.42711e-07	1.05593e-06
543	75	57	14	15	14	1	0.905471	0.0993	8.14786e-07	8.99847e-07
544	45	36	5	5	4	1	0.964158	0.0365	3.23351e-07	3.35371e-07
545	47	31	11	13	7	7	0.889283	0.11734	9.83326e-07	1.10575e-06
546	50	34	33	35	18	43	0.644616	0.4391	2.74632e-06	4.26039e-06
547	55	48	18	18	11	17	0.818944	0.19974	1.57182e-06	1.91932e-06
548	55	44	32	35	12	82	0.528348	0.638	3.34581e-06	6.33259e-06
549	43	33	22	22	12	19	0.790523	0.23506	1.77977e-06	2.25138e-06
550	49	38	18	18	11	7	0.861793	0.14874	1.19616e-06	1.38799e-06
551	43	37	11	11	9	3	0.919082	0.08438	7.17181e-07	7.80323e-07
552	56	38	13	13	9	5	0.8984	0.10714	8.97937e-07	9.99485e-07
553	47	38	12	12	11	1	0.922692	0.08046	6.7403e-07	7.30504e-07
554	55	43	21	22	12	18	0.794565	0.22996	1.74665e-06	2.19824e-06
555	51	39	18	18	10	12	0.840095	0.17424	1.38923e-06	1.65366e-06
556	49	39	18	20	9	23	0.78435	0.2429	1.84402e-06	2.35102e-06
557	55	45	34	38	22	24	0.696951	0.36104	2.38372e-06	3.42021e-06
558	39	32	11	11	5	12	0.87785	0.13028	1.10479e-06	1.25852e-06
559	45	35	14	14	10	4	0.89734	0.10832	8.99852e-07	1.0028e-06
560	44	30	15	15	8	13	0.851718	0.1605	1.30947e-06	1.53745e-06
561	55	39	23	23	15	12	0.814126	0.20564	1.57606e-06	1.93589e-06
562	48	41	15	17	7	19	0.81574	0.20366	1.60631e-06	1.96914e-06
563	46	35	23	24	13	18	0.784648	0.24252	1.81343e-06	2.31114e-06
564	52	45	29	29	11	31	0.711614	0.34022	2.33702e-06	3.28411e-06
565	38	28	18	18	7	22	0.798325	0.22524	1.74433e-06	2.18499e-06
566	56	45	15	17	9	23	0.799267	0.22406	1.74374e-06	2.18167e-06
567	40	29	14	15	9	9	0.869271	0.1401	1.15171e-06	1.32491e-06
568	65	53	14	14	11	4	0.89734	0.10832	8.99852e-07	1.0028e-06
569	45	35	36	36	15	44	0.637322	0.45048	2.78508e-06	4.36997e-06
570	54	37	25	27	13	25	0.742999	0.29706	2.11934e-06	2.85242e-06
571	56	44	20	20	10	18	0.804608	0.2174	1.67789e-06	2.08535e-06
572	47	40	3	3	3	0	0.981336	0.01884	1.66182e-07	1.69343e-07
573	52	37	15	16	11	8	0.868246	0.14128	1.15323e-06	1.32823e-06
574	49	39	7	7	5	2	0.947281	0.05416	4.74966e-07	5.014e-07
575	54	41	26	26	14	21	0.763089	0.27038	1.97139e-06	2.58343e-06
576	41	37	19	20	5	48	0.690458	0.3704	2.54043e-06	3.67935e-06
577	47	35	14	16	9	9	0.863829	0.14638	1.19326e-06	1.38136e-06
578	45	35	14	14	9	6	0.888234	0.11852	9.8511e-07	1.10907e-06
579	45	35	15	16	8	14	0.84208	0.17188	1.38693e-06	1.64703e-06
580	49	31	9	11	8	3	0.919082	0.08438	7.17181e-07	7.80323e-07
581	52	41	38	41	12	77	0.521952	0.65018	3.34342e-06	6.40561e-06
582	53	45	14	14	8	9	0.874748	0.13382	1.10959e-06	1.26847e-06
583	34	24	4	4	2	3	0.960386	0.04042	3.69931e-07	3.8519e-07
584	58	39	15	16	11	6	0.877148	0.13108	1.07184e-06	1.22196e-06
585	42	33	9	9	6	3	0.930698	0.07182	6.21174e-07	6.67428e-07
586	50	41	14	14	6	19	0.831254	0.18482	1.49609e-06	1.7998e-06
587	46	37	16	17	10	13	0.841087	0.17306	1.38808e-06	1.65034e-06
588	50	39	16	16	13	3	0.890671	0.11578	9.46393e-07	1.06256e-06
589	50	38	18	18	8	16	0.823131	0.19464	1.53612e-06	1.86619e-06
590	57	46	27	27	11	50	0.654058	0.42456	2.73445e-06	4.18075e-06
591	54	42	21	21	14	11	0.828631	0.18798	1.46657e-06	1.76986e-06
592	35	30	7	7	6	1	0.952124	0.04906	4.26805e-07	4.48266e-07
593	59	51	17	18	11	8	0.857409	0.15384	1.23563e-06	1.44112e-06
594	42	33	35	37	15	58	0.589689	0.52816	3.04886e-06	5.17029e-06
595	48	37	14	15	10	6	0.882673	0.1248	1.02877e-06	1.16551e-06
596	47	39	25	25	17	8	0.820534	0.1978	1.50671e-06	1.83626e-06
597	46	38	33	35	10	61	0.588075	0.5309	3.06787e-06	5.21679e-06
598	64	50	22	22	12	13	0.815087	0.20446	1.57522e-06	1.93258e-06
599	60	51	23	23	17	6	0.839423	0.17504	1.35743e-06	1.61709e-06
600	54	42	13	13	9	5	0.8984	0.10714	8.97937e-07	9.99485e-07
601	43	33	10	10	8	2	0.929601	0.073	6.23523e-07	6.70742e-07
602	48	35	17	19	9	20	0.80146	0.22132	1.71125e-06	2.13517e-06
603	43	33	9	9	8	1	0.94024	0.06162	5.27627e-07	5.61162e-07
604	60	47	10	10	10	0	0.939131	0.0628	5.30117e-07	5.64476e-07
605	47	38	12	13	8	8	0.884759	0.12244	1.02533e-06	1.15888e-06
606	49	36	12	12	7	7	0.894885	0.11106	9.39006e-07	1.0493e-06
607	51	41	14	14	10	5	0.892776	0.11342	9.42711e-07	1.05593e-06
608	42	34	18	18	13	8	0.857409	0.15384	1.23563e-06	1.44112e-06
609	55	44	21	21	13	15	0.811898	0.20838	1.60951e-06	1.9824e-06
610	38	29	18	21	7	31	0.748279	0.28998	2.11952e-06	2.83253e-06
611	41	32	11	11	6	6	0.905127	0.09968	8.50568e-07	9.39723e-07
612	44	38	16	17	10	11	0.84971	0.16286	1.31202e-06	1.54407e-06
613	39	31	14	14	7	16	0.84407	0.16952	1.38461e-06	1.6404e-06
614	48	36	11	11	7	5	0.909755	0.09458	8.06579e-07	8.8659e-07
615	51	37	22	22	13	14	0.810941	0.20956	1.6103e-06	1.98571e-06
616	51	45	20	20	12	14	0.821191	0.197	1.53794e-06	1.87282e-06
617	39	31	11	11	6	8	0.895942	0.10988	9.37145e-07	1.04599e-06
618	56	43	19	20	11	19	0.800515	0.2225	1.71189e-06	2.13848e-06
619	39	32	16	16	12	5	0.881632	0.12598	1.03048e-06	1.16883e-06
620	64	47	18	19	7	22	0.793327	0.23152	1.77819e-06	2.24143e-06
621	44	32	17	17	11	13	0.841087	0.17306	1.38808e-06	1.65034e-06
622	41	27	7	7	4	4	0.937667	0.06436	5.69789e-07	6.07666e-07
623	48	40	18	18	11	10	0.848708	0.16404	1.31328e-06	1.54739e-06
624	49	35	7	7	6	1	0.952124	0.04906	4.26805e-07	4.48266e-07
625	43	36	11	11	7	5	0.909755	0.09458	8.06579e-07	8.8659e-07
626	49	36	23	23	11	20	0.781578	0.24644	1.84527e-06	2.36096e-06
627	53	44	12	13	8	6	0.89383	0.11224	9.40861e-07	1.05262e-06
628	50	40	29	29	10	99	0.503073	0.68702	3.46978e-06	6.89717e-06
629	49	38	12	12	10	2	0.917998	0.08556	7.19378e-07	7.83638e-07
630	45	31	21	23	7	38	0.713024	0.33824	2.36536e-06	3.31736e-06
631	51	43	17	18	12	8	0.857409	0.15384	1.23563e-06	1.44112e-06
632	49	41	38	40	18	38	0.640824	0.445	2.74078e-06	4.27697e-06
633	55	39	30	33	12	56	0.610889	0.49284	2.95562e-06	4.83823e-06
634	53	45	8	8	8	0	0.951001	0.05024	4.29454e-07	4.51581e-07
635	38	27	7	7	3	7	0.92343	0.07966	7.08332e-07	7.67066e-07
636	58	45	15	16	11	5	0.881632	0.12598	1.03048e-06	1.16883e-06
637	41	32	16	16	11	8	0.868246	0.14128	1.15323e-06	1.32823e-06
638	52	38	24	24	11	26	0.753279	0.28332	2.06113e-06	2.73621e-06
639	46	36	24	25	13	23	0.760104	0.2743	2.00155e-06	2.63325e-06
640	50	39	17	17	9	17	0.824103	0.19346	1.5352e-06	1.86287e-06
641	49	36	20	22	10	20	0.786502	0.24016	1.8125e-06	2.30451e-06
642	50	41	11	11	8	3	0.919082	0.08438	7.17181e-07	7.80323e-07
643	53	42	20	21	12	24	0.775475	0.25428	1.90813e-06	2.4606e-06
644	35	34	9	9	6	4	0.925964	0.07692	6.67214e-07	7.20561e-07
645	59	42	20	20	10	32	0.749162	0.2888	2.11954e-06	2.82921e-06
646	42	32	18	19	10	12	0.834836	0.18052	1.42766e-06	1.7101e-06
647	57	45	9	9	8	1	0.94024	0.06162	5.27627e-07	5.61162e-07
648	46	37	13	13	10	3	0.90761	0.09694	8.10694e-07	8.93218e-07
649	41	32	13	13	9	6	0.89383	0.11224	9.40861e-07	1.05262e-06
650	50	42	20	22	9	32	0.739811	0.30136	2.17661e-06	2.94211e-06
651	45	35	16	16	11	6	0.877148	0.13108	1.07184e-06	1.22196e-06
652	54	39	23	29	15	25	0.733726	0.30962	2.17572e-06	2.96531e-06
653	47	37	18	18	9	16	0.823131	0.19464	1.53612e-06	1.86619e-06
654	38	28	19	19	9	25	0.781281	0.24682	1.87573e-06	2.40083e-06
655	43	35	21	21	12	15	0.811898	0.20838	1.60951e-06	1.9824e-06
656	50	43	9	9	6	3	0.930698	0.07182	6.21174e-07	6.67428e-07
657	47	39	27	30	14	34	0.696422	0.3618	2.43745e-06	3.49996e-06
658	45	34	15	16	10	10	0.859435	0.15148	1.23285e-06	1.43449e-06
659	50	41	12	14	8	12	0.861466	0.14912	1.23006e-06	1.42786e-06
660	54	40	20	21	10	29	0.75595	0.27978	2.06092e-06	2.72626e-06
661	55	41	21	22	11	15	0.806816	0.21466	1.64497e-06	2.03885e-06
662	51	42	32	34	12	49	0.629128	0.46342	2.84539e-06	4.52275e-06
663	61	47	15	15	10	6	0.882673	0.1248	1.02877e-06	1.16551e-06
664	43	33	16	16	10	10	0.859435	0.15148	1.23285e-06	1.43449e-06
665	45	40	26	26	9	73	0.58533	0.53558	3.12938e-06	5.34636e-06
666	47	33	16	17	13	5	0.876113	0.13226	1.07348e-06	1.22528e-06
667	42	26	18	18	9	21	0.802406	0.22014	1.71061e-06	2.13185e-06
668	51	43	23	23	14	12	0.814126	0.20564	1.57606e-06	1.93589e-06
669	50	40	20	20	11	20	0.796443	0.2276	1.7455e-06	2.19162e-06
670	55	41	12	12	7	15	0.859109	0.15186	1.26664e-06	1.47437e-06
671	39	32	16	17	9	23	0.799267	0.22406	1.74374e-06	2.18167e-06
672	63	52	21	22	13	11	0.823444	0.19426	1.50387e-06	1.82631e-06
673	44	35	11	11	6	6	0.905127	0.09968	8.50568e-07	9.39723e-07
674	56	47	14	14	9	6	0.888234	0.11852	9.8511e-07	1.10907e-06
675	48	35	9	10	8	2	0.929601	0.073	6.23523e-07	6.70742e-07
676	51	45	41	43	22	39	0.625665	0.46894	2.81514e-06	4.49944e-06
677	52	41	18	19	7	30	0.761611	0.27232	2.03083e-06	2.6665e-06
678	34	29	5	5	4	1	0.964158	0.0365	3.23351e-07	3.35371e-07
679	44	35	15	17	6	19	0.81574	0.20366	1.60631e-06	1.96914e-06
680	60	45	18	19	8	19	0.805558	0.21622	1.6772e-06	2.08204e-06
681	51	43	15	15	10	5	0.887187	0.1197	9.86889e-07	1.11238e-06
682	45	37	12	12	9	4	0.908682	0.09576	8.0864e-07	8.89904e-07
683	51	45	23	23	12	21	0.777602	0.25154	1.8772e-06	2.41409e-06
684	48	36	14	14	8	7	0.883716	0.12362	1.02705e-06	1.1622e-06
685	37	31	11	12	7	8	0.890333	0.11616	9.81536e-07	1.10244e-06
686	52	44	20	20	12	14	0.821191	0.197	1.53794e-06	1.87282e-06
687	41	31	16	17	10	10	0.854055	0.15776	1.27335e-06	1.49094e-06
688	57	44	24	24	13	15	0.796745	0.22722	1.71439e-06	2.15174e-06
689	41	34	22	22	8	59	0.644642	0.43906	2.82141e-06	4.37671e-06
690	50	42	20	20	10	15	0.817013	0.2021	1.57353e-06	1.92595e-06
691	45	37	10	10	8	3	0.924872	0.0781	6.69492e-07	7.23876e-07
692	34	29	11	11	6	6	0.905127	0.09968	8.50568e-07	9.39723e-07
693	49	39	16	16	10	9	0.863829	0.14638	1.19326e-06	1.38136e-06
694	48	41	12	12	7	8	0.890333	0.11616	9.81536e-07	1.10244e-06
695	53	41	19	19	13	8	0.852042	0.16012	1.27599e-06	1.49757e-06
696	46	35	17	17	10	12	0.845388	0.16796	1.35026e-06	1.59721e-06
697	58	41	13	13	9	7	0.889283	0.11734	9.83326e-07	1.10575e-06
698	41	32	14	14	8	13	0.857083	0.15422	1.26934e-06	1.481e-06
699	60	44	16	16	9	11	0.855063	0.15658	1.27201e-06	1.48763e-06
700	46	37	22	24	13	19	0.780657	0.24762	1.84569e-06	2.36427e-06
701	44	38	19	19	13	9	0.847707	0.16522	1.31454e-06	1.5507e-06
702	50	42	17	17	9	11	0.84971	0.16286	1.31202e-06	1.54407e-06
703	50	38	15	15	6	16	0.838786	0.1758	1.42329e-06	1.69685e-06
704	54	41	20	21	13	12	0.824416	0.19308	1.50291e-06	1.823e-06
705	49	42	22	22	10	23	0.77456	0.25546	1.90845e-06	2.46391e-06
706	41	30	10	11	8	4	0.914407	0.08948	7.62118e-07	8.33456e-07
707	42	29	5	5	5	0	0.969088	0.0314	2.73513e-07	2.82238e-07
708	47	36	24	25	11	19	0.775769	0.2539	1.87792e-06	2.42072e-06
709	47	31	20	20	13	13	0.825389	0.1919	1.50195e-06	1.81968e-06
710	47	36	16	16	9	8	0.868246	0.14128	1.15323e-06	1.32823e-06
711	50	35	21	23	10	30	0.742717	0.29744	2.14815e-06	2.89229e-06
712	46	37	5	5	5	0	0.969088	0.0314	2.73513e-07	2.82238e-07
713	54	43	19	20	10	17	0.808722	0.2123	1.6435e-06	2.03222e-06
714	52	35	20	21	8	30	0.752105	0.28488	2.0904e-06	2.7794e-06
715	60	46	12	13	8	8	0.884759	0.12244	1.02533e-06	1.15888e-06
716	43	32	19	19	12	13	0.830589	0.18562	1.46452e-06	1.76324e-06
717	57	46	20	20	11	21	0.792391	0.2327	1.77872e-06	2.24475e-06
718	47	38	16	16	12	5	0.881632	0.12598	1.03048e-06	1.16883e-06
719	47	41	18	19	12	9	0.847707	0.16522	1.31454e-06	1.5507e-06
720	51	42	8	9	4	11	0.89349	0.11262	9.76132e-07	1.09249e-06
721	40	32	13	13	9	5	0.8984	0.10714	8.97937e-07	9.99485e-07
722	55	38	8	8	6	3	0.936562	0.06554	5.72221e-07	6.1098e-07
723	38	31	25	25	13	21	0.767897	0.2641	1.94047e-06	2.52699e-06
724	62	49	20	22	12	17	0.798628	0.22486	1.71315e-06	2.14511e-06
725	44	43	13	13	8	6	0.89383	0.11224	9.40861e-07	1.05262e-06
726	50	41	20	21	13	12	0.824416	0.19308	1.50291e-06	1.823e-06
727	48	35	11	11	7	7	0.900523	0.10478	8.94089e-07	9.92856e-07
728	53	42	22	24	7	60	0.633358	0.45672	2.87718e-06	4.54273e-06
729	51	39	17	17	13	7	0.867222	0.14246	1.15474e-06	1.33154e-06
730	39	32	9	9	7	2	0.935457	0.06672	5.74646e-07	6.14295e-07
731	56	46	12	12	8	5	0.90406	0.10086	8.52562e-07	9.43037e-07
732	65	50	21	21	13	13	0.820222	0.19818	1.53884e-06	1.87613e-06
733	52	45	21	21	9	25	0.77153	0.25938	1.93942e-06	2.51373e-06
734	46	37	14	15	11	5	0.887187	0.1197	9.86889e-07	1.11238e-06
735	57	47	26	28	19	10	0.797048	0.22684	1.68326e-06	2.11186e-06
736	48	39	10	10	6	7	0.906196	0.0985	8.48569e-07	9.36408e-07
737	41	33	16	18	13	7	0.861793	0.14874	1.19616e-06	1.38799e-06
738	52	33	22	23	12	16	0.797686	0.22604	1.71377e-06	2.14843e-06
739	44	37	31	33	15	33	0.686918	0.37554	2.48401e-06	3.61617e-06
740	57	49	12	12	9	4	0.908682	0.09576	8.0864e-07	8.89904e-07
741	40	33	14	14	8	10	0.870298	0.13892	1.15018e-06	1.3216e-06
742	57	43	19	19	13	10	0.843395	0.17032	1.35267e-06	1.60384e-06
743	45	34	16	16	9	9	0.863829	0.14638	1.19326e-06	1.38136e-06
744	41	31	13	13	7	10	0.87578	0.13264	1.10799e-06	1.26515e-06
745	49	38	17	17	11	12	0.845388	0.16796	1.35026e-06	1.59721e-06
746	49	40	32	32	19	21	0.734871	0.30806	2.14738e-06	2.92212e-06
747	52	44	18	18	10	12	0.840095	0.17424	1.38923e-06	1.65366e-06
748	36	25	7	7	6	1	0.952124	0.04906	4.26805e-07	4.48266e-07
749	58	45	24	24	11	26	0.753279	0.28332	2.06113e-06	2.73621e-06
750	41	35	12	12	9	3	0.913328	0.09066	7.64246e-07	8.36771e-07
751	50	38	15	16	8	19	0.820879	0.19738	1.57009e-06	1.91269e-06
752	46	35	16	16	8	14	0.84208	0.17188	1.38693e-06	1.64703e-06
753	46	34	14	14	10	7	0.883716	0.12362	1.02705e-06	1.1622e-06
754	49	38	14	14	9	7	0.883716	0.12362	1.02705e-06	1.1622e-06
755	39	30	19	20	11	16	0.812857	0.2072	1.60871e-06	1.97908e-06
756	53	43	14	14	9	8	0.87922	0.12872	1.06854e-06	1.21533e-06
757	34	28	12	13	10	3	0.90761	0.09694	8.10694e-07	8.93218e-07
758	59	47	21	21	12	10	0.832868	0.18288	1.42981e-06	1.71673e-06
759	54	44	45	46	19	64	0.54049	0.61528	3.24138e-06	5.99711e-06
760	63	51	14	14	11	3	0.901929	0.10322	8.56531e-07	9.49666e-07
761	57	45	16	17	10	13	0.841087	0.17306	1.38808e-06	1.65034e-06
762	49	36	13	13	9	6	0.89383	0.11224	9.40861e-07	1.05262e-06
763	50	39	10	10	9	1	0.934354	0.0679	5.77066e-07	6.17609e-07
764	44	35	16	17	8	12	0.845388	0.16796	1.35026e-06	1.59721e-06
765	54	38	11	12	7	8	0.890333	0.11616	9.81536e-07	1.10244e-06
766	54	43	24	25	15	15	0.791758	0.2335	1.74835e-06	2.20819e-06
767	47	40	21	22	11	16	0.802711	0.21976	1.67925e-06	2.09198e-06
768	43	36	10	10	7	3	0.924872	0.0781	6.69492e-07	7.23876e-07
769	53	42	11	11	7	5	0.909755	0.09458	8.06579e-07	8.8659e-07
770	47	34	17	18	11	11	0.844391	0.16914	1.35147e-06	1.60052e-06
771	52	44	13	14	8	12	0.861466	0.14912	1.23006e-06	1.42786e-06
772	50	43	11	12	9	4	0.908682	0.09576	8.0864e-07	8.89904e-07
773	35	28	9	11	6	8	0.895942	0.10988	9.37145e-07	1.04599e-06
774	55	46	17	20	11	16	0.812857	0.2072	1.60871e-06	1.97908e-06
775	37	26	6	6	5	1	0.958122	0.04278	3.7541e-07	3.91819e-07
776	61	46	14	14	8	13	0.857083	0.15422	1.26934e-06	1.481e-06
777	43	34	13	13	10	3	0.90761	0.09694	8.10694e-07	8.93218e-07
778	44	30	6	6	3	3	0.948399	0.05298	4.72383e-07	4.98085e-07
779	47	36	8	8	6	2	0.94135	0.06044	5.2513e-07	5.57847e-07
780	56	40	15	15	8	12	0.856073	0.1554	1.27068e-06	1.48431e-06
781	51	43	20	20	14	6	0.855388	0.1562	1.23839e-06	1.44775e-06
782	42	34	12	13	7	13	0.862483	0.14794	1.22865e-06	1.42455e-06
783	55	40	5	7	3	7	0.92343	0.07966	7.08332e-07	7.67066e-07
784	38	31	17	20	12	12	0.82961	0.1868	1.46555e-06	1.76655e-06
785	63	57	24	25	17	9	0.81636	0.2029	1.54242e-06	1.88939e-06
786	47	36	11	11	6	6	0.905127	0.09968	8.50568e-07	9.39723e-07
787	53	42	20	21	11	15	0.811898	0.20838	1.60951e-06	1.9824e-06
788	48	36	17	18	13	11	0.844391	0.16914	1.35147e-06	1.60052e-06
789	44	34	15	15	10	6	0.882673	0.1248	1.02877e-06	1.16551e-06
790	52	38	29	32	17	26	0.716369	0.33356	2.28363e-06	3.18779e-06
791	46	30	7	7	6	1	0.952124	0.04906	4.26805e-07	4.48266e-07
792	56	48	13	13	9	6	0.89383	0.11224	9.40861e-07	1.05262e-06
793	48	40	13	13	7	8	0.884759	0.12244	1.02533e-06	1.15888e-06
794	60	47	20	20	9	22	0.78836	0.2378	1.81156e-06	2.29788e-06
795	45	35	11	12	7	8	0.890333	0.11616	9.81536e-07	1.10244e-06
796	44	39	9	10	5	6	0.910829	0.0934	8.04513e-07	8.83275e-07
797	48	40	15	16	8	29	0.780063	0.24838	1.90649e-06	2.44402e-06
798	33	28	6	7	4	4	0.937667	0.06436	5.69789e-07	6.07666e-07
799	52	46	19	20	11	16	0.812857	0.2072	1.60871e-06	1.97908e-06
800	49	32	16	17	9	14	0.836809	0.17816	1.42548e-06	1.70347e-06
801	57	43	22	22	12	17	0.798628	0.22486	1.71315e-06	2.14511e-06
802	40	27	7	7	4	4	0.937667	0.06436	5.69789e-07	6.07666e-07
803	56	42	14	15	11	4	0.891723	0.1146	9.44554e-07	1.05925e-06
804	45	40	9	9	8	1	0.94024	0.06162	5.27627e-07	5.61162e-07
805	47	40	14	15	7	14	0.847385	0.1656	1.34783e-06	1.59058e-06
806	49	39	19	20	11	13	0.825389	0.1919	1.50195e-06	1.81968e-06
807	52	39	14	14	6	23	0.814468	0.20522	1.63898e-06	2.01233e-06
808	53	39	19	19	8	21	0.797383	0.22642	1.74491e-06	2.1883e-06
809	33	26	9	9	8	1	0.94024	0.06162	5.27627e-07	5.61162e-07
810	58	45	16	16	14	2	0.895225	0.11068	9.03665e-07	1.00943e-06
811	41	33	19	20	12	11	0.833851	0.1817	1.42874e-06	1.71342e-06
812	69	58	12	12	7	8	0.890333	0.11616	9.81536e-07	1.10244e-06
813	60	48	12	12	9	3	0.913328	0.09066	7.64246e-07	8.36771e-07
814	51	44	22	22	15	9	0.831886	0.18406	1.43088e-06	1.72005e-06
815	44	36	12	12	8	6	0.899461	0.10596	8.96016e-07	9.9617e-07
816	57	43	24	25	11	50	0.662324	0.412	2.69424e-06	4.06785e-06
817	53	45	16	17	10	8	0.862811	0.14756	1.19471e-06	1.38467e-06
818	43	37	23	24	13	18	0.784648	0.24252	1.81343e-06	2.31114e-06
819	49	40	18	18	11	8	0.857409	0.15384	1.23563e-06	1.44112e-06
820	42	30	24	25	10	35	0.714981	0.3355	2.3386e-06	3.27085e-06
821	46	35	25	26	12	29	0.732582	0.31118	2.20397e-06	3.0085e-06
822	46	38	10	10	8	3	0.924872	0.0781	6.69492e-07	7.23876e-07
823	55	46	17	17	13	4	0.880593	0.12716	1.03218e-06	1.17214e-06
824	50	40	24	25	10	37	0.707725	0.3457	2.39007e-06	3.37712e-06
825	39	27	21	23	12	16	0.797686	0.22604	1.71377e-06	2.14843e-06
826	54	44	25	25	14	15	0.791758	0.2335	1.74835e-06	2.20819e-06
827	65	52	20	20	11	11	0.833851	0.1817	1.42874e-06	1.71342e-06
828	60	46	23	24	17	8	0.825703	0.19152	1.46959e-06	1.77981e-06
829	43	35	27	27	12	31	0.720608	0.32766	2.2852e-06	3.17121e-06
830	48	38	17	18	13	5	0.870628	0.13854	1.1159e-06	1.28172e-06
831	47	38	26	26	12	41	0.689092	0.37238	2.5125e-06	3.6461e-06
832	59	40	26	27	12	28	0.731718	0.31236	2.2038e-06	3.01181e-06
833	51	41	21	21	12	13	0.820222	0.19818	1.53884e-06	1.87613e-06
834	44	33	21	21	10	19	0.795504	0.22878	1.74607e-06	2.19493e-06
835	55	43	24	24	14	13	0.804914	0.21702	1.64643e-06	2.04547e-06
836	38	32	7	7	5	2	0.947281	0.05416	4.74966e-07	5.014e-07
837	62	51	24	25	14	15	0.791758	0.2335	1.74835e-06	2.20819e-06
838	44	41	22	23	11	20	0.781578	0.24644	1.84527e-06	2.36096e-06
839	52	42	20	20	14	7	0.851037	0.1613	1.27731e-06	1.50088e-06
840	38	29	9	9	7	2	0.935457	0.06672	5.74646e-07	6.14295e-07
841	46	37	23	26	13	47	0.668325	0.40298	2.64984e-06	3.9649e-06
842	51	40	15	16	9	9	0.863829	0.14638	1.19326e-06	1.38136e-06
843	50	43	19	19	10	16	0.817978	0.20092	1.57267e-06	1.92264e-06
844	39	34	11	11	7	5	0.909755	0.09458	8.06579e-07	8.8659e-07
845	44	30	10	10	8	3	0.924872	0.0781	6.69492e-07	7.23876e-07
846	51	41	26	26	9	44	0.678629	0.38768	2.58252e-06	3.8055e-06
847	44	32	5	5	4	1	0.964158	0.0365	3.23351e-07	3.35371e-07
848	46	39	12	12	9	4	0.908682	0.09576	8.0864e-07	8.89904e-07
849	48	34	14	14	7	11	0.86587	0.14402	1.19034e-06	1.37473e-06
850	61	51	27	28	13	30	0.719758	0.32884	2.28489e-06	3.17453e-06
851	52	36	11	11	9	2	0.923781	0.07928	6.71764e-07	7.2719e-07
852	51	42	14	14	9	8	0.87922	0.12872	1.06854e-06	1.21533e-06
853	56	46	14	14	12	2	0.90654	0.09812	8.12743e-07	8.96533e-07
854	40	29	17	18	7	28	0.774266	0.25584	1.9386e-06	2.50379e-06
855	38	29	17	17	10	17	0.824103	0.19346	1.5352e-06	1.86287e-06
856	45	36	19	21	9	26	0.767605	0.26448	1.97034e-06	2.56686e-06
857	49	35	29	29	14	26	0.729993	0.31472	2.20344e-06	3.01844e-06
858	49	32	7	8	7	1	0.946163	0.05534	4.77542e-07	5.04714e-07
859	59	43	22	23	13	14	0.805864	0.21584	1.6457e-06	2.04216e-06
860	52	41	19	20	12	14	0.821191	0.197	1.53794e-06	1.87282e-06
861	55	45	13	13	9	5	0.8984	0.10714	8.97937e-07	9.99485e-07
862	57	47	18	18	8	13	0.835822	0.17934	1.42657e-06	1.70679e-06
863	41	32	5	5	4	1	0.964158	0.0365	3.23351e-07	3.35371e-07
864	67	50	22	22	10	18	0.794565	0.22996	1.74665e-06	2.19824e-06
865	46	39	25	25	12	27	0.744755	0.2947	2.11941e-06	2.84579e-06
866	53	38	13	13	6	10	0.87578	0.13264	1.10799e-06	1.26515e-06
867	46	31	7	7	7	0	0.956992	0.04396	3.78139e-07	3.95133e-07
868	51	41	11	11	9	2	0.923781	0.07928	6.71764e-07	7.2719e-07
869	53	37	9	11	5	13	0.873384	0.13538	1.14558e-06	1.31166e-06
870	44	35	16	17	11	6	0.871656	0.13736	1.11433e-06	1.27841e-06
871	51	39	19	19	8	27	0.773353	0.25702	1.93887e-06	2.5071e-06
872	42	32	17	17	10	9	0.858422	0.15266	1.23425e-06	1.43781e-06
873	61	44	9	9	6	3	0.930698	0.07182	6.21174e-07	6.67428e-07
874	46	39	15	15	10	6	0.882673	0.1248	1.02877e-06	1.16551e-06
875	57	43	21	22	8	35	0.728578	0.31666	2.25969e-06	3.10151e-06
876	50	38	17	19	9	31	0.757736	0.27742	2.06076e-06	2.71963e-06
877	42	34	10	10	9	1	0.934354	0.0679	5.77066e-07	6.17609e-07
878	54	41	24	25	13	19	0.775769	0.2539	1.87792e-06	2.42072e-06
879	53	39	15	17	10	22	0.803354	0.21896	1.70997e-06	2.12854e-06
880	60	50	25	26	13	24	0.751503	0.28568	2.06125e-06	2.74283e-06
881	42	35	18	18	11	8	0.857409	0.15384	1.23563e-06	1.44112e-06
882	53	42	16	18	10	17	0.818944	0.19974	1.57182e-06	1.91932e-06
883	47	41	26	27	16	16	0.777898	0.25116	1.8469e-06	2.37422e-06
884	43	36	16	16	5	23	0.804302	0.21778	1.70932e-06	2.12523e-06
885	50	39	5	5	4	1	0.964158	0.0365	3.23351e-07	3.35371e-07
886	46	42	28	29	14	24	0.737477	0.30452	2.14766e-06	2.91218e-06
887	54	38	10	10	6	5	0.915486	0.0883	7.59984e-07	8.30142e-07
888	37	31	12	12	8	5	0.90406	0.10086	8.52562e-07	9.43037e-07
889	61	53	22	22	14	11	0.823444	0.19426	1.50387e-06	1.82631e-06
890	43	35	23	23	15	8	0.830905	0.18524	1.43195e-06	1.72336e-06
891	44	31	8	8	6	2	0.94135	0.06044	5.2513e-07	5.57847e-07
892	47	31	9	9	6	3	0.930698	0.07182	6.21174e-07	6.67428e-07
893	48	38	13	13	7	8	0.884759	0.12244	1.02533e-06	1.15888e-06
894	57	44	13	13	8	6	0.89383	0.11224	9.40861e-07	1.05262e-06
895	49	35	22	24	15	14	0.800819	0.22212	1.68061e-06	2.09861e-06
896	42	33	22	23	8	51	0.667284	0.40454	2.67453e-06	4.00809e-06
897	40	36	8	9	5	6	0.916567	0.08712	7.57843e-07	8.26828e-07
898	47	41	23	23	12	32	0.73518	0.30764	2.20448e-06	2.99856e-06
899	44	35	16	16	9	17	0.829294	0.18718	1.49806e-06	1.80643e-06
900	48	41	24	24	15	24	0.761001	0.27312	2.00139e-06	2.62994e-06
901	48	38	25	25	11	23	0.760104	0.2743	2.00155e-06	2.63325e-06
902	41	34	13	14	8	10	0.870298	0.13892	1.15018e-06	1.3216e-06
903	51	34	20	22	10	28	0.755059	0.28096	2.06099e-06	2.72958e-06
904	53	38	13	14	8	12	0.861466	0.14912	1.23006e-06	1.42786e-06
905	56	46	18	19	11	11	0.839105	0.17542	1.39037e-06	1.65697e-06
906	39	31	18	18	10	12	0.840095	0.17424	1.38923e-06	1.65366e-06
907	50	39	15	16	10	8	0.868246	0.14128	1.15323e-06	1.32823e-06
908	45	34	14	14	11	3	0.901929	0.10322	8.56531e-07	9.49666e-07
909	51	40	24	27	10	43	0.677829	0.38886	2.58172e-06	3.80881e-06
910	48	41	23	25	15	15	0.791758	0.2335	1.74835e-06	2.20819e-06
911	41	32	19	19	12	10	0.843395	0.17032	1.35267e-06	1.60384e-06
912	52	41	21	24	11	25	0.75713	0.27822	2.03144e-06	2.68307e-06
913	57	44	19	19	14	8	0.852042	0.16012	1.27599e-06	1.49757e-06
914	57	47	16	16	8	12	0.850713	0.16168	1.31075e-06	1.54076e-06
915	40	33	15	15	10	8	0.873716	0.135	1.11117e-06	1.27178e-06
916	66	57	19	20	13	9	0.8424	0.1715	1.35386e-06	1.60715e-06
917	45	35	10	11	8	3	0.919082	0.08438	7.17181e-07	7.80323e-07
918	55	38	16	18	9	19	0.810633	0.20994	1.64201e-06	2.02559e-06
919	49	37	14	14	7	9	0.874748	0.13382	1.10959e-06	1.26847e-06
920	39	29	12	14	7	13	0.857083	0.15422	1.26934e-06	1.481e-06
921	36	30	11	11	7	4	0.914407	0.08948	7.62118e-07	8.33456e-07
922	66	50	17	17	12	6	0.871656	0.13736	1.11433e-06	1.27841e-06
923	53	38	22	23	13	14	0.805864	0.21584	1.6457e-06	2.04216e-06
924	46	40	12	12	6	7	0.894885	0.11106	9.39006e-07	1.0493e-06
925	51	41	14	14	10	6	0.888234	0.11852	9.8511e-07	1.10907e-06
926	46	31	4	4	4	0	0.975193	0.02512	2.20189e-07	2.2579e-07
927	61	45	19	19	10	15	0.82216	0.19582	1.53703e-06	1.8695e-06
928	49	35	12	12	8	7	0.894885	0.11106	9.39006e-07	1.0493e-06
929	44	33	25	27	12	30	0.724292	0.32256	2.2584e-06	3.11808e-06
930	53	46	22	24	14	19	0.780657	0.24762	1.84569e-06	2.36427e-06
931	40	33	11	11	6	7	0.900523	0.10478	8.94089e-07	9.92856e-07
932	59	47	21	24	8	31	0.734313	0.30882	2.20431e-06	3.00187e-06
933	42	34	13	14	10	4	0.89734	0.10832	8.99852e-07	1.0028e-06
934	46	39	16	17	10	10	0.854055	0.15776	1.27335e-06	1.49094e-06
935	46	36	16	17	8	14	0.836809	0.17816	1.42548e-06	1.70347e-06
936	55	43	23	25	10	39	0.700543	0.3559	2.44026e-06	3.48338e-06
937	50	43	22	22	9	29	0.751218	0.28606	2.09042e-06	2.78271e-06
938	48	36	16	16	10	9	0.863829	0.14638	1.19326e-06	1.38136e-06
939	54	36	19	19	11	15	0.82216	0.19582	1.53703e-06	1.8695e-06
940	36	29	6	6	4	3	0.948399	0.05298	4.72383e-07	4.98085e-07
941	60	49	10	11	7	7	0.900523	0.10478	8.94089e-07	9.92856e-07
942	43	35	25	27	15	21	0.758312	0.27666	2.00186e-06	2.63988e-06
943	46	32	9	9	5	5	0.921254	0.08202	7.12769e-07	7.73694e-07
944	47	36	12	12	6	12	0.872354	0.13656	1.14712e-06	1.31497e-06
945	51	36	10	10	5	9	0.896999	0.1087	9.35279e-07	1.04267e-06
946	51	41	24	28	12	41	0.680491	0.38494	2.55796e-06	3.75899e-06
947	51	36	12	14	9	6	0.888234	0.11852	9.8511e-07	1.10907e-06
948	44	36	9	10	7	4	0.920167	0.0832	7.14978e-07	7.77009e-07
949	50	44	16	16	9	9	0.863829	0.14638	1.19326e-06	1.38136e-06
950	55	41	14	15	7	12	0.856073	0.1554	1.27068e-06	1.48431e-06
951	44	30	16	18	7	17	0.818944	0.19974	1.57182e-06	1.91932e-06
952	49	37	17	17	10	17	0.824103	0.19346	1.5352e-06	1.86287e-06
953	48	42	22	23	12	17	0.793628	0.23114	1.74722e-06	2.20156e-06
954	45	36	15	15	9	8	0.873716	0.135	1.11117e-06	1.27178e-06
955	51	37	18	18	11	8	0.857409	0.15384	1.23563e-06	1.44112e-06
956	55	46	24	25	8	60	0.629393	0.463	2.89469e-06	4.59918e-06
957	56	45	19	19	11	14	0.826364	0.19072	1.50098e-06	1.81637e-06
958	39	33	9	9	6	4	0.925964	0.07692	6.67214e-07	7.20561e-07
959	48	38	15	16	12	4	0.88614	0.12088	9.88662e-07	1.11569e-06
960	44	28	9	9	5	5	0.921254	0.08202	7.12769e-07	7.73694e-07
961	37	23	24	24	9	35	0.719485	0.32922	2.31271e-06	3.2144e-06
962	48	36	12	13	5	19	0.836491	0.17854	1.4583e-06	1.74335e-06
963	46	34	14	14	9	8	0.87922	0.12872	1.06854e-06	1.21533e-06
964	52	43	24	24	16	12	0.809029	0.21192	1.61186e-06	1.99234e-06
965	39	33	16	16	9	11	0.855063	0.15658	1.27201e-06	1.48763e-06
966	56	43	16	17	10	11	0.84971	0.16286	1.31202e-06	1.54407e-06
967	40	32	3	3	3	0	0.981336	0.01884	1.66182e-07	1.69343e-07
968	65	54	37	38	13	54	0.598074	0.51404	2.99887e-06	5.0142e-06
969	45	36	29	30	15	32	0.703561	0.3516	2.38767e-06	3.39369e-06
970	57	41	7	7	5	3	0.942462	0.05926	5.22626e-07	5.54533e-07
971	49	38	16	18	9	14	0.83157	0.18444	1.4635e-06	1.75992e-06
972	50	41	21	21	15	8	0.841407	0.17268	1.35506e-06	1.61047e-06
973	52	37	18	19	10	11	0.839105	0.17542	1.39037e-06	1.65697e-06
974	47	37	24	25	7	41	0.693433	0.3661	2.48918e-06	3.58965e-06
975	55	35	21	21	10	16	0.807768	0.21348	1.64424e-06	2.03553e-06
976	48	35	20	21	9	24	0.775475	0.25428	1.90813e-06	2.4606e-06
977	48	38	18	19	13	7	0.856398	0.15502	1.23701e-06	1.44444e-06
978	45	37	13	13	7	12	0.866893	0.14284	1.18887e-06	1.37142e-06
979	60	47	20	21	12	11	0.828631	0.18798	1.46657e-06	1.76986e-06
980	49	41	15	15	7	19	0.82605	0.1911	1.53335e-06	1.85624e-06
981	46	37	17	18	12	7	0.861793	0.14874	1.19616e-06	1.38799e-06
982	53	40	21	21	9	24	0.775475	0.25428	1.90813e-06	2.4606e-06
983	43	32	7	7	5	2	0.947281	0.05416	4.74966e-07	5.014e-07
984	58	43	19	20	12	15	0.817013	0.2021	1.57353e-06	1.92595e-06
985	42	32	13	13	6	9	0.880258	0.12754	1.06689e-06	1.21202e-06
986	44	37	12	12	7	6	0.899461	0.10596	8.96016e-07	9.9617e-07
987	46	34	24	26	9	37	0.703294	0.35198	2.41481e-06	3.43357e-06
988	57	44	13	13	9	5	0.8984	0.10714	8.97937e-07	9.99485e-07
989	50	34	26	26	13	21	0.763089	0.27038	1.97139e-06	2.58343e-06
990	43	39	25	25	14	16	0.78773	0.2386	1.78131e-06	2.26132e-06
991	54	44	20	21	12	21	0.787431	0.23898	1.81203e-06	2.3012e-06
992	36	29	6	6	4	2	0.953248	0.04788	4.2415e-07	4.44952e-07
993	59	39	20	20	10	16	0.812857	0.2072	1.60871e-06	1.97908e-06
994	42	31	8	8	7	1	0.946163	0.05534	4.77542e-07	5.04714e-07
995	48	37	33	35	15	55	0.606349	0.5003	2.96989e-06	4.89799e-06
996	47	31	21	23	13	14	0.805864	0.21584	1.6457e-06	2.04216e-06
997	49	38	41	44	17	80	0.504433	0.68432	3.39703e-06	6.73435e-06
998	50	38	19	19	9	19	0.805558	0.21622	1.6772e-06	2.08204e-06
999	53	42	14	16	7	16	0.833535	0.18208	1.46143e-06	1.75329e-06
1000	54	41	12	12	7	9	0.885804	0.12126	1.02361e-06	1.15557e-06