Hist	Tr_Tot	Tr_in	DSBs	DSBt	RIFs	NComb	PSurv	lPSurv	PMut*	PMut
1	57	51	90	93	29	196	0.205227	1.58364	3.21462e-06	1.56637e-05
2	41	35	84	92	29	189	0.214026	1.54166	3.26075e-06	1.52354e-05
3	67	55	69	72	30	196	0.234158	1.45176	3.39022e-06	1.44783e-05
4	46	30	47	52	22	100	0.433198	0.83656	3.57328e-06	8.2486e-06
5	44	35	73	75	22	251	0.173583	1.7511	3.04985e-06	1.757e-05
6	54	44	46	48	27	37	0.612541	0.49014	2.86388e-06	4.67541e-06
7	47	31	58	60	18	322	0.132788	2.019	2.72159e-06	2.04957e-05
8	36	31	56	61	18	173	0.282132	1.26538	3.56484e-06	1.26353e-05
9	32	27	23	26	12	32	0.721459	0.32648	2.28551e-06	3.1679e-06
10	62	52	79	83	26	227	0.186572	1.67894	3.1244e-06	1.67464e-05
11	42	29	34	35	15	41	0.651225	0.4289	2.70527e-06	4.15413e-06
12	45	36	87	88	26	372	0.0863074	2.44984	2.13464e-06	2.47329e-05
13	46	37	93	101	29	264	0.137975	1.98068	2.72203e-06	1.97284e-05
14	43	32	47	48	22	82	0.486928	0.71964	3.44083e-06	7.06641e-06
15	50	36	73	78	23	193	0.228976	1.47414	3.35624e-06	1.46576e-05
16	50	38	52	54	23	89	0.452476	0.79302	3.51892e-06	7.77703e-06
17	54	46	67	72	24	145	0.303717	1.19166	3.5743e-06	1.17685e-05
18	46	36	76	79	32	103	0.360083	1.02142	3.57638e-06	9.93208e-06
19	59	49	117	128	35	349	0.0754911	2.58374	1.94531e-06	2.57688e-05
20	42	28	58	62	21	193	0.253179	1.37366	3.48234e-06	1.37545e-05
21	48	39	63	63	20	108	0.38812	0.94644	3.60742e-06	9.29458e-06
22	47	32	60	63	19	181	0.267472	1.31874	3.52349e-06	1.31733e-05
23	39	31	40	42	19	54	0.583238	0.53916	3.05616e-06	5.23999e-06
24	50	45	61	64	24	96	0.410032	0.89152	3.57279e-06	8.71343e-06
25	54	36	79	83	26	300	0.128575	2.05124	2.65188e-06	2.06251e-05
26	54	43	77	84	27	176	0.24048	1.42512	3.38909e-06	1.4093e-05
27	37	29	87	96	22	330	0.101685	2.28588	2.33396e-06	2.29529e-05
28	61	48	76	81	32	131	0.30827	1.17678	3.55518e-06	1.15327e-05
29	43	33	60	65	22	138	0.328901	1.112	3.61839e-06	1.10015e-05
30	52	46	59	62	26	76	0.459802	0.77696	3.46593e-06	7.53787e-06
31	47	38	78	80	29	177	0.245343	1.4051	3.41526e-06	1.39204e-05
32	50	42	74	79	20	278	0.147501	1.91392	2.8365e-06	1.92304e-05
33	48	38	101	110	28	491	0.0409706	3.1949	1.32325e-06	3.22976e-05
34	58	44	104	109	28	543	0.0316246	3.45382	1.10699e-06	3.50041e-05
35	50	36	58	60	28	83	0.449284	0.8001	3.50303e-06	7.79691e-06
36	43	35	58	61	21	135	0.342467	1.07158	3.63573e-06	1.06163e-05
37	52	43	52	55	25	75	0.482922	0.7279	3.42373e-06	7.08961e-06
38	44	34	71	75	31	119	0.340309	1.0779	3.59245e-06	1.05564e-05
39	56	40	56	60	25	112	0.387515	0.948	3.61853e-06	9.33777e-06
40	48	37	64	71	22	191	0.241719	1.41998	3.42183e-06	1.41562e-05
41	54	42	107	113	30	257	0.13261	2.02034	2.65669e-06	2.00338e-05
42	52	41	56	64	27	99	0.403806	0.90682	3.58291e-06	8.87283e-06
43	68	54	71	75	32	84	0.406814	0.8994	3.53796e-06	8.69676e-06
44	56	43	102	110	25	500	0.0391326	3.2408	1.2826e-06	3.27758e-05
45	39	27	45	47	22	49	0.579807	0.54506	3.04779e-06	5.25656e-06
46	43	30	28	30	15	34	0.696422	0.3618	2.43745e-06	3.49996e-06
47	45	35	53	55	24	65	0.50819	0.6769	3.33285e-06	6.55828e-06
48	47	36	100	112	22	653	0.0177094	4.03366	7.26406e-07	4.10181e-05
49	48	36	55	57	25	71	0.486723	0.72006	3.40218e-06	6.98997e-06
50	51	41	126	132	32	394	0.0585216	2.83836	1.66117e-06	2.83856e-05
51	52	45	63	69	20	179	0.260222	1.34622	3.48847e-06	1.34057e-05
52	56	45	115	122	34	361	0.0737363	2.60726	1.92214e-06	2.60677e-05
53	57	40	85	88	29	237	0.171814	1.76134	3.01705e-06	1.756e-05
54	40	24	44	48	18	71	0.515025	0.66354	3.33836e-06	6.48194e-06
55	65	51	117	120	31	349	0.0793807	2.5335	2.0097e-06	2.53172e-05
56	45	33	74	78	27	169	0.25879	1.35174	3.46323e-06	1.33824e-05
57	46	39	52	54	25	58	0.529978	0.63492	3.24871e-06	6.1299e-06
58	49	39	65	70	27	116	0.356579	1.0312	3.60672e-06	1.01148e-05
59	44	35	61	64	24	101	0.399708	0.91702	3.58902e-06	8.9791e-06
60	40	27	42	46	18	61	0.548823	0.59998	3.20387e-06	5.83771e-06
61	42	35	41	43	20	50	0.591532	0.52504	3.00729e-06	5.08391e-06
62	47	39	47	48	21	59	0.547529	0.60234	3.19995e-06	5.84434e-06
63	54	40	89	92	30	247	0.159221	1.83746	2.91647e-06	1.83171e-05
64	47	40	80	84	30	175	0.241709	1.42002	3.39357e-06	1.40399e-05
65	46	36	65	68	24	157	0.292954	1.22774	3.56828e-06	1.21803e-05
66	58	54	94	100	32	298	0.116741	2.1478	2.50741e-06	2.14785e-05
67	50	35	75	77	31	135	0.309728	1.17206	3.5679e-06	1.15194e-05
68	52	41	44	46	25	40	0.610865	0.49288	2.88445e-06	4.72192e-06
69	53	37	68	71	23	162	0.280248	1.27208	3.53543e-06	1.26154e-05
70	39	30	37	39	16	45	0.622246	0.47442	2.85763e-06	4.59245e-06
71	59	47	86	96	30	210	0.187518	1.67388	3.10848e-06	1.65769e-05
72	42	30	37	40	17	56	0.584616	0.5368	3.05951e-06	5.23336e-06
73	50	34	53	56	27	54	0.534149	0.62708	3.22106e-06	6.03026e-06
74	46	39	83	90	25	318	0.112253	2.187	2.46694e-06	2.19766e-05
75	47	40	109	116	33	373	0.0720223	2.63078	1.89898e-06	2.63666e-05
76	50	39	60	64	23	127	0.350071	1.04962	3.62693e-06	1.03606e-05
77	56	43	62	64	27	81	0.44263	0.81502	3.50406e-06	7.91644e-06
78	54	40	100	103	35	235	0.157972	1.84534	2.89094e-06	1.83004e-05
79	36	28	55	57	21	144	0.335424	1.09236	3.64562e-06	1.08687e-05
80	60	39	45	47	24	51	0.573923	0.55526	3.07785e-06	5.36283e-06
81	43	30	74	80	25	278	0.146578	1.9202	2.82702e-06	1.92868e-05
82	55	44	65	70	23	119	0.351165	1.0465	3.60793e-06	1.02742e-05
83	47	37	74	85	28	178	0.236549	1.4416	3.37218e-06	1.42558e-05
84	38	26	60	63	22	140	0.329678	1.10964	3.62475e-06	1.09948e-05
85	51	41	89	92	29	257	0.151305	1.88846	2.85185e-06	1.88484e-05
86	45	34	61	66	23	141	0.321879	1.13358	3.61062e-06	1.12173e-05
87	52	36	56	57	22	148	0.328651	1.11276	3.64185e-06	1.10812e-05
88	45	36	53	55	25	70	0.495395	0.7024	3.38055e-06	6.82394e-06
89	47	34	51	55	20	101	0.422951	0.8605	3.58284e-06	8.47107e-06
90	44	34	55	59	19	159	0.306843	1.18142	3.61417e-06	1.17786e-05
91	59	40	113	116	38	269	0.12241	2.10038	2.55111e-06	2.08408e-05
92	48	40	68	72	21	176	0.259302	1.34976	3.47872e-06	1.34157e-05
93	61	45	98	103	35	255	0.142653	1.94734	2.7622e-06	1.93631e-05
94	51	37	57	57	19	99	0.421954	0.86286	3.5772e-06	8.4777e-06
95	47	37	103	107	24	397	0.0674304	2.69666	1.82964e-06	2.71338e-05
96	56	46	63	67	21	199	0.237958	1.43566	3.41601e-06	1.43555e-05
97	48	36	36	37	15	56	0.595735	0.51796	3.01681e-06	5.06402e-06
98	49	35	49	55	24	68	0.500474	0.6922	3.36202e-06	6.71768e-06
99	44	31	80	84	26	197	0.216055	1.53222	3.28595e-06	1.52088e-05
100	49	34	84	89	29	219	0.187155	1.67582	3.118e-06	1.666e-05
101	48	37	47	50	25	42	0.589665	0.5282	2.98015e-06	5.05397e-06
102	57	40	71	76	22	208	0.214793	1.53808	3.2953e-06	1.53417e-05
103	52	46	80	83	29	175	0.243232	1.41374	3.40122e-06	1.39835e-05
104	49	39	60	63	24	102	0.40018	0.91584	3.59193e-06	8.97579e-06
105	56	44	88	93	30	198	0.203144	1.59384	3.20358e-06	1.577e-05
106	40	31	47	48	18	70	0.517658	0.65844	3.32793e-06	6.42881e-06
107	64	46	111	119	32	468	0.0435381	3.13412	1.37509e-06	3.15836e-05
108	45	35	57	61	18	155	0.309258	1.17358	3.61181e-06	1.16789e-05
109	47	42	58	60	21	112	0.387515	0.948	3.61853e-06	9.33777e-06
110	49	38	72	77	22	191	0.23278	1.45766	3.37413e-06	1.44949e-05
111	52	42	79	83	23	265	0.153702	1.87274	2.88429e-06	1.87654e-05
112	52	45	100	108	27	454	0.0501047	2.99364	1.51411e-06	3.02188e-05
113	31	24	35	41	16	110	0.441102	0.81848	3.59895e-06	8.159e-06
114	48	38	55	57	19	138	0.345847	1.06176	3.64865e-06	1.05499e-05
115	53	43	52	56	26	70	0.492294	0.70868	3.38717e-06	6.88039e-06
116	48	36	44	47	16	104	0.43799	0.82556	3.58227e-06	8.17889e-06
117	46	39	47	48	22	66	0.528327	0.63804	3.28423e-06	6.21628e-06
118	39	29	53	56	24	81	0.465436	0.76478	3.47441e-06	7.46485e-06
119	49	39	72	72	28	84	0.414551	0.88056	3.53505e-06	8.52742e-06
120	39	28	44	48	18	130	0.381197	0.96444	3.66589e-06	9.6168e-06
121	53	42	74	79	24	210	0.208645	1.56712	3.25848e-06	1.56173e-05
122	37	27	36	37	12	104	0.466377	0.76276	3.55119e-06	7.61441e-06
123	58	44	99	106	28	318	0.101522	2.28748	2.3228e-06	2.28798e-05
124	41	29	29	31	16	27	0.717215	0.33238	2.28395e-06	3.18447e-06
125	52	45	97	104	35	221	0.168601	1.78022	2.96957e-06	1.7613e-05
126	46	38	76	80	23	163	0.263501	1.3337	3.47202e-06	1.31765e-05
127	53	35	51	60	25	105	0.401599	0.9123	3.60068e-06	8.96584e-06
128	50	40	83	87	25	276	0.141712	1.95396	2.77411e-06	1.95757e-05
129	52	24	59	63	23	120	0.36508	1.00764	3.62604e-06	9.93218e-06
130	54	46	108	120	35	310	0.0968492	2.3346	2.25126e-06	2.3245e-05
131	43	35	52	55	23	68	0.500474	0.6922	3.36202e-06	6.71768e-06
132	59	48	94	99	31	278	0.130091	2.03952	2.64857e-06	2.03593e-05
133	42	33	61	65	28	111	0.377456	0.9743	3.61108e-06	9.56688e-06
134	56	47	76	77	30	115	0.342988	1.07006	3.58655e-06	1.04568e-05
135	47	40	81	87	21	233	0.17646	1.73466	3.05117e-06	1.7291e-05
136	40	27	58	63	22	127	0.352276	1.04334	3.62989e-06	1.03041e-05
137	50	43	58	62	23	142	0.328388	1.11356	3.62693e-06	1.10447e-05
138	69	59	141	153	33	574	0.0204814	3.88824	8.01537e-07	3.91349e-05
139	54	40	50	55	24	62	0.516025	0.6616	3.30198e-06	6.39888e-06
140	36	27	46	46	25	35	0.626642	0.46738	2.79247e-06	4.45625e-06
141	41	28	66	71	27	190	0.242955	1.41488	3.42641e-06	1.41031e-05
142	45	37	89	92	25	492	0.0456405	3.08696	1.43013e-06	3.13347e-05
143	51	40	84	90	26	215	0.189816	1.6617	3.13271e-06	1.65039e-05
144	47	37	110	119	27	365	0.0736214	2.60882	1.92232e-06	2.61109e-05
145	46	32	47	50	25	62	0.532485	0.6302	3.25702e-06	6.11664e-06
146	51	43	93	98	25	237	0.161356	1.82414	2.92449e-06	1.81244e-05
147	48	37	63	67	24	150	0.305514	1.18576	3.59039e-06	1.1752e-05
148	55	46	60	69	25	182	0.256271	1.36152	3.47635e-06	1.35651e-05
149	50	40	42	43	20	54	0.579587	0.54544	3.06975e-06	5.29644e-06
150	43	36	70	73	24	132	0.322504	1.13164	3.59084e-06	1.11343e-05
151	44	36	98	106	27	483	0.0437624	3.12898	1.38494e-06	3.16468e-05
152	46	39	45	49	15	191	0.277532	1.28182	3.58415e-06	1.29144e-05
153	48	36	46	47	25	42	0.60088	0.50936	2.93508e-06	4.88463e-06
154	41	31	39	42	23	32	0.65249	0.42696	2.65633e-06	4.07106e-06
155	51	38	64	72	24	152	0.293065	1.22736	3.55795e-06	1.21405e-05
156	53	41	84	92	32	229	0.17453	1.74566	3.02996e-06	1.73607e-05
157	56	44	104	112	39	256	0.134128	2.00896	2.6724e-06	1.99242e-05
158	39	30	44	50	18	95	0.450003	0.7985	3.54154e-06	7.87003e-06
159	63	50	81	83	31	128	0.309116	1.17404	3.55056e-06	1.14862e-05
160	45	34	58	63	23	129	0.348701	1.05354	3.63011e-06	1.04104e-05
161	55	42	85	90	23	257	0.153217	1.8759	2.8706e-06	1.87355e-05
162	48	39	54	62	25	116	0.374951	0.98096	3.62323e-06	9.6632e-06
163	54	39	39	39	22	31	0.668299	0.40302	2.572e-06	3.84859e-06
164	52	40	69	73	28	121	0.341114	1.07554	3.59868e-06	1.05498e-05
165	32	26	50	53	22	83	0.469475	0.75614	3.47495e-06	7.40178e-06
166	57	49	89	95	30	217	0.182082	1.7033	3.0758e-06	1.68924e-05
167	40	33	48	48	21	101	0.441958	0.81654	3.56923e-06	8.07594e-06
168	50	40	82	87	23	262	0.1522	1.88256	2.86621e-06	1.88318e-05
169	43	33	43	48	14	125	0.391042	0.93894	3.65669e-06	9.35113e-06
170	45	34	44	48	18	83	0.484451	0.72474	3.44906e-06	7.11954e-06
171	49	37	65	68	26	106	0.379979	0.96764	3.59861e-06	9.47056e-06
172	43	32	34	35	13	66	0.573269	0.5564	3.14292e-06	5.48246e-06
173	53	38	38	41	22	36	0.643341	0.44108	2.7195e-06	4.22715e-06
174	40	24	66	72	22	246	0.181453	1.70676	3.10919e-06	1.7135e-05
175	58	43	127	140	36	460	0.0397478	3.2252	1.2856e-06	3.23439e-05
176	41	32	45	49	16	103	0.434734	0.83302	3.58163e-06	8.23865e-06
177	45	31	77	79	27	185	0.237018	1.43962	3.38675e-06	1.4289e-05
178	46	37	69	76	21	193	0.23187	1.46158	3.37248e-06	1.45447e-05
179	55	44	93	98	34	169	0.228244	1.47734	3.31213e-06	1.45114e-05
180	49	41	90	94	24	442	0.0581622	2.84452	1.67454e-06	2.87909e-05
181	48	37	76	80	28	179	0.242853	1.4153	3.40641e-06	1.40267e-05
182	53	40	59	62	29	82	0.445945	0.80756	3.50364e-06	7.85667e-06
183	45	36	67	77	23	285	0.144127	1.93706	2.80895e-06	1.94894e-05
184	59	41	84	89	24	272	0.142827	1.94612	2.78171e-06	1.94761e-05
185	42	33	59	63	19	154	0.306959	1.18104	3.60331e-06	1.17387e-05
186	59	51	100	102	35	176	0.214776	1.53816	3.24507e-06	1.51091e-05
187	46	37	81	84	29	167	0.251775	1.37922	3.42788e-06	1.36148e-05
188	43	35	54	61	16	171	0.285025	1.25518	3.5711e-06	1.25291e-05
189	50	42	65	68	22	125	0.344886	1.06454	3.61444e-06	1.04801e-05
190	37	29	63	67	19	205	0.230787	1.46626	3.38664e-06	1.46743e-05
191	54	43	81	84	25	310	0.121418	2.10852	2.57562e-06	2.12129e-05
192	36	30	44	46	14	136	0.374381	0.98248	3.67744e-06	9.8227e-06
193	60	52	100	104	29	279	0.125428	2.07602	2.59571e-06	2.06947e-05
194	53	39	107	115	30	798	0.00829585	4.792	4.05599e-07	4.88918e-05
195	52	44	81	88	23	296	0.127169	2.06224	2.63173e-06	2.06948e-05
196	54	38	50	52	21	100	0.433198	0.83656	3.57328e-06	8.2486e-06
197	47	38	77	80	30	133	0.307064	1.1807	3.55657e-06	1.15825e-05
198	51	43	89	95	29	236	0.165266	1.8002	2.95858e-06	1.7902e-05
199	49	39	58	61	28	78	0.458003	0.78088	3.47518e-06	7.58769e-06
200	55	43	89	97	25	487	0.045372	3.09286	1.42247e-06	3.13513e-05
201	52	39	63	64	24	109	0.383729	0.95782	3.60865e-06	9.40417e-06
202	48	40	63	71	31	90	0.40459	0.90488	3.55626e-06	8.78977e-06
203	43	32	72	77	30	153	0.282561	1.26386	3.52519e-06	1.24758e-05
204	48	40	73	75	29	183	0.245539	1.4043	3.42697e-06	1.39569e-05
205	48	38	41	43	17	67	0.542406	0.61174	3.24748e-06	5.98717e-06
206	48	40	75	78	26	234	0.185771	1.68324	3.12766e-06	1.68361e-05
207	51	38	37	45	15	119	0.410861	0.8895	3.64146e-06	8.86299e-06
208	60	46	96	102	33	291	0.119474	2.12466	2.53516e-06	2.12194e-05
209	55	33	43	43	23	30	0.655052	0.42304	2.63412e-06	4.02124e-06
210	38	30	41	43	19	58	0.567883	0.56584	3.12845e-06	5.50897e-06
211	62	51	80	84	24	232	0.180736	1.71072	3.08489e-06	1.70685e-05
212	44	37	87	92	32	170	0.235803	1.44476	3.35449e-06	1.42258e-05
213	60	48	72	77	27	176	0.251287	1.38116	3.4421e-06	1.36979e-05
214	48	39	91	92	28	353	0.0927303	2.37806	2.22082e-06	2.39492e-05
215	57	44	57	58	22	98	0.421456	0.86404	3.57437e-06	8.48101e-06
216	52	43	74	80	26	326	0.11475	2.165	2.50582e-06	2.18372e-05
217	37	23	66	72	22	181	0.252774	1.37526	3.45828e-06	1.36813e-05
218	56	44	89	92	27	245	0.160854	1.82726	2.92928e-06	1.82108e-05
219	39	35	48	53	23	86	0.462347	0.77144	3.49589e-06	7.56118e-06
220	64	50	94	99	37	277	0.130756	2.03442	2.65516e-06	2.03062e-05
221	45	31	62	67	23	124	0.348834	1.05316	3.61758e-06	1.03705e-05
222	44	36	76	81	25	181	0.238883	1.43178	3.3896e-06	1.41894e-05
223	50	42	87	96	31	226	0.172824	1.75548	3.01182e-06	1.74271e-05
224	45	37	67	68	23	152	0.30052	1.20224	3.5806e-06	1.19147e-05
225	52	41	121	127	30	464	0.0422581	3.16396	1.34476e-06	3.18226e-05
226	43	33	54	58	23	111	0.39442	0.93034	3.61752e-06	9.17175e-06
227	57	40	67	73	26	151	0.29272	1.22854	3.55473e-06	1.21438e-05
228	52	43	113	118	30	382	0.0679325	2.68924	1.83131e-06	2.69577e-05
229	56	46	64	67	21	143	0.316618	1.15006	3.60312e-06	1.138e-05
230	45	33	54	58	28	56	0.522129	0.64984	3.26301e-06	6.24942e-06
231	41	29	76	78	30	156	0.276529	1.28544	3.50962e-06	1.26917e-05
232	49	39	62	65	28	121	0.358689	1.0253	3.62212e-06	1.00982e-05
233	42	31	39	42	20	35	0.642583	0.44226	2.71842e-06	4.23046e-06
234	53	42	50	51	22	57	0.542819	0.61098	3.20666e-06	5.90742e-06
235	52	43	86	97	26	324	0.104188	2.26156	2.36408e-06	2.26906e-05
236	58	46	89	92	33	181	0.222938	1.50086	3.30178e-06	1.48103e-05
237	41	35	35	37	19	59	0.586689	0.53326	3.06452e-06	5.22342e-06
238	63	46	66	69	28	93	0.403483	0.90762	3.56529e-06	8.83627e-06
239	46	36	50	54	17	91	0.447884	0.80322	3.5308e-06	7.88329e-06
240	45	31	78	83	24	306	0.124701	2.08184	2.61172e-06	2.09439e-05
241	50	39	44	47	21	72	0.515633	0.66236	3.34059e-06	6.47863e-06
242	51	44	71	79	29	154	0.277615	1.28152	3.50957e-06	1.26419e-05
243	54	43	70	71	24	121	0.345425	1.06298	3.60516e-06	1.04369e-05
244	35	28	59	63	18	187	0.259411	1.34934	3.50001e-06	1.34921e-05
245	59	47	60	66	21	176	0.269259	1.31208	3.5211e-06	1.3077e-05
246	42	35	88	92	31	173	0.232222	1.46006	3.34057e-06	1.43852e-05
247	71	57	98	103	36	210	0.179453	1.71784	3.0457e-06	1.69721e-05
248	56	42	101	105	28	294	0.115464	2.1588	2.48803e-06	2.15482e-05
249	49	42	49	53	21	70	0.501656	0.68984	3.36664e-06	6.71105e-06
250	41	32	48	52	19	92	0.451238	0.79576	3.53028e-06	7.82353e-06
251	48	40	97	102	28	284	0.123816	2.08896	2.58125e-06	2.08475e-05
252	54	45	81	83	32	164	0.257267	1.35764	3.44712e-06	1.3399e-05
253	54	47	80	85	29	187	0.225937	1.4875	3.32894e-06	1.4734e-05
254	47	35	67	72	29	118	0.348555	1.05396	3.60195e-06	1.03339e-05
255	43	36	37	39	17	57	0.585306	0.53562	3.06118e-06	5.23005e-06
256	52	43	78	81	28	198	0.219045	1.51848	3.30596e-06	1.50926e-05
257	47	38	68	75	21	201	0.224002	1.4961	3.34062e-06	1.49133e-05
258	52	40	70	73	30	111	0.358962	1.02454	3.59624e-06	1.00185e-05
259	51	38	50	51	21	90	0.458736	0.77928	3.51429e-06	7.66082e-06
260	32	28	43	45	19	73	0.519494	0.6549	3.33456e-06	6.41887e-06
261	55	48	73	77	30	151	0.285458	1.25366	3.531e-06	1.23696e-05
262	38	29	46	50	22	82	0.48085	0.7322	3.45217e-06	7.1793e-06
263	62	52	80	88	28	191	0.217243	1.52674	3.2838e-06	1.51158e-05
264	44	36	44	46	27	25	0.65943	0.41638	2.58821e-06	3.92492e-06
265	48	38	81	84	29	328	0.110768	2.20032	2.45564e-06	2.21693e-05
266	48	39	73	79	26	155	0.276203	1.28662	3.5064e-06	1.2695e-05
267	61	53	117	123	30	360	0.0736493	2.60844	1.92011e-06	2.6071e-05
268	51	39	82	85	25	173	0.242659	1.4161	3.39481e-06	1.39901e-05
269	41	32	42	44	20	56	0.570113	0.56192	3.11234e-06	5.45915e-06
270	56	44	73	80	27	187	0.233144	1.4561	3.36933e-06	1.44517e-05
271	39	31	31	31	19	28	0.713566	0.33748	2.31025e-06	3.23761e-06
272	63	55	80	86	30	256	0.157918	1.84568	2.91463e-06	1.84566e-05
273	44	31	68	74	27	166	0.269464	1.31132	3.50229e-06	1.29972e-05
274	49	39	73	78	27	160	0.270945	1.30584	3.49633e-06	1.29042e-05
275	47	39	49	50	23	63	0.529777	0.6353	3.2686e-06	6.16977e-06
276	47	40	62	67	26	100	0.394254	0.93076	3.58586e-06	9.09531e-06
277	52	40	66	68	29	99	0.393789	0.93194	3.58294e-06	9.09862e-06
278	45	36	49	54	24	77	0.481033	0.73182	3.4343e-06	7.13943e-06
279	63	51	104	109	35	227	0.158465	1.84222	2.88629e-06	1.8214e-05
280	51	39	40	41	12	119	0.421313	0.86438	3.63896e-06	8.6372e-06
281	59	49	92	96	31	192	0.205547	1.58208	3.21076e-06	1.56205e-05
282	45	37	75	80	29	160	0.267563	1.3184	3.4829e-06	1.30171e-05
283	43	33	57	59	19	139	0.339793	1.07942	3.64119e-06	1.07159e-05
284	49	39	78	83	28	181	0.235902	1.44434	3.37393e-06	1.43023e-05
285	53	38	77	84	28	227	0.185404	1.68522	3.11531e-06	1.68028e-05
286	53	45	83	86	30	168	0.247368	1.39688	3.40894e-06	1.37809e-05
287	49	39	86	88	31	220	0.187376	1.67464	3.12106e-06	1.66567e-05
288	57	44	52	52	26	110	0.411659	0.88756	3.61434e-06	8.77993e-06
289	41	27	59	65	15	217	0.21983	1.5149	3.3412e-06	1.5199e-05
290	44	32	45	49	20	73	0.506607	0.68002	3.36623e-06	6.64466e-06
291	46	38	37	38	21	31	0.672509	0.39674	2.55025e-06	3.79214e-06
292	47	41	86	92	25	286	0.130503	2.03636	2.66086e-06	2.03893e-05
293	49	32	60	64	21	140	0.327614	1.11592	3.62056e-06	1.10513e-05
294	59	38	80	87	27	289	0.132621	2.02026	2.68775e-06	2.02664e-05
295	53	39	77	85	25	207	0.204028	1.5895	3.22295e-06	1.57966e-05
296	34	27	41	44	16	94	0.469672	0.75572	3.51231e-06	7.47822e-06
297	58	42	72	74	25	175	0.257375	1.35722	3.46824e-06	1.34754e-05
298	42	32	68	73	20	253	0.173993	1.74874	3.0559e-06	1.75634e-05
299	70	58	101	108	31	425	0.0580913	2.84574	1.66594e-06	2.8678e-05
300	46	39	54	57	20	144	0.335424	1.09236	3.64562e-06	1.08687e-05
301	50	32	35	37	18	43	0.636571	0.45166	2.78391e-06	4.37329e-06
302	43	31	55	60	23	85	0.444725	0.8103	3.51474e-06	7.90318e-06
303	53	37	59	63	24	107	0.390105	0.94134	3.60513e-06	9.24145e-06
304	43	33	53	64	22	220	0.217856	1.52392	3.33362e-06	1.5302e-05
305	56	41	57	59	27	99	0.416687	0.87542	3.57959e-06	8.5906e-06
306	49	40	64	70	32	72	0.446284	0.8068	3.47072e-06	7.77692e-06
307	43	31	69	72	18	294	0.142052	1.95156	2.79635e-06	1.96854e-05
308	49	33	38	39	19	50	0.606579	0.49992	2.94683e-06	4.85812e-06
309	47	38	48	52	21	97	0.439877	0.82126	3.55825e-06	8.0892e-06
310	54	38	65	69	26	133	0.329026	1.11162	3.60665e-06	1.09616e-05
311	51	39	66	70	24	110	0.367659	1.0006	3.60158e-06	9.79598e-06
312	38	28	29	34	13	58	0.600904	0.50932	3.00509e-06	5.00094e-06
313	55	45	81	86	26	217	0.192669	1.64678	3.15677e-06	1.63844e-05
314	63	49	58	61	19	136	0.340725	1.07668	3.63534e-06	1.06694e-05
315	61	46	82	84	32	148	0.277393	1.28232	3.49663e-06	1.26053e-05
316	43	33	66	71	21	293	0.143678	1.94018	2.81261e-06	1.95758e-05
317	48	43	96	102	27	358	0.0848933	2.46636	2.1036e-06	2.47793e-05
318	47	38	52	54	27	65	0.511391	0.67062	3.32498e-06	6.50183e-06
319	48	35	55	59	23	94	0.427449	0.84992	3.55848e-06	8.32493e-06
320	51	38	89	91	24	275	0.138903	1.97398	2.74311e-06	1.97484e-05
321	43	34	52	57	21	133	0.354779	1.03626	3.64863e-06	1.02842e-05
322	55	38	61	70	22	152	0.296769	1.2148	3.56942e-06	1.20276e-05
323	38	34	71	72	27	142	0.308399	1.17636	3.58025e-06	1.16091e-05
324	62	45	43	44	23	59	0.561457	0.57722	3.15458e-06	5.61855e-06
325	44	28	67	71	23	147	0.302528	1.19558	3.57539e-06	1.18184e-05
326	47	36	61	62	25	112	0.382679	0.96056	3.61657e-06	9.45067e-06
327	48	38	72	76	18	244	0.178766	1.72168	3.08451e-06	1.72545e-05
328	49	40	80	86	23	549	0.0354377	3.33998	1.20575e-06	3.40246e-05
329	54	40	73	79	24	226	0.192296	1.64872	3.16663e-06	1.64675e-05
330	47	38	74	77	26	192	0.231596	1.46276	3.36927e-06	1.4548e-05
331	38	28	32	37	20	40	0.646385	0.43636	2.72379e-06	4.21389e-06
332	44	32	54	57	22	98	0.424111	0.85776	3.57295e-06	8.42457e-06
333	63	55	63	72	29	111	0.361223	1.01826	3.59851e-06	9.96201e-06
334	45	36	61	66	21	151	0.305875	1.18458	3.59362e-06	1.17487e-05
335	45	34	28	28	15	24	0.742123	0.29824	2.1193e-06	2.85573e-06
336	49	34	63	68	23	125	0.344886	1.06454	3.61444e-06	1.04801e-05
337	59	47	115	122	31	360	0.0741133	2.60216	1.92803e-06	2.60146e-05
338	52	42	80	84	31	167	0.251775	1.37922	3.42788e-06	1.36148e-05
339	50	37	85	90	19	298	0.124307	2.085	2.59976e-06	2.0914e-05
340	57	44	50	52	20	76	0.489603	0.71416	3.4142e-06	6.9734e-06
341	40	29	93	97	25	292	0.122657	2.09836	2.57462e-06	2.09903e-05
342	57	47	74	81	23	274	0.148662	1.90608	2.84402e-06	1.91308e-05
343	45	36	67	75	24	166	0.267777	1.3176	3.49548e-06	1.30537e-05
344	49	38	70	74	28	149	0.293869	1.22462	3.55405e-06	1.2094e-05
345	49	36	68	71	28	203	0.227369	1.48118	3.36366e-06	1.47938e-05
346	48	31	58	59	29	70	0.483106	0.72752	3.40577e-06	7.04973e-06
347	53	43	61	65	24	229	0.20678	1.5761	3.27469e-06	1.58366e-05
348	54	44	147	158	37	601	0.017295	4.05734	7.0653e-07	4.08518e-05
349	58	37	76	83	30	127	0.310696	1.16894	3.55221e-06	1.14331e-05
350	41	29	50	55	20	140	0.346664	1.0594	3.65497e-06	1.05433e-05
351	68	53	88	100	24	371	0.0804516	2.5201	2.04002e-06	2.53572e-05
352	46	37	61	70	21	211	0.219654	1.5157	3.3305e-06	1.51624e-05
353	40	31	52	55	23	77	0.478021	0.7381	3.43978e-06	7.19587e-06
354	50	38	61	63	24	92	0.421119	0.86484	3.55612e-06	8.44445e-06
355	50	37	105	110	33	228	0.156672	1.8536	2.8708e-06	1.83236e-05
356	56	37	49	52	23	56	0.542178	0.61216	3.20467e-06	5.91073e-06
357	49	37	44	46	21	55	0.565876	0.56938	3.12302e-06	5.51892e-06
358	50	43	73	78	28	123	0.327214	1.11714	3.57917e-06	1.09383e-05
359	49	37	73	78	27	259	0.163533	1.81074	2.97048e-06	1.81644e-05
360	55	40	57	58	28	65	0.498705	0.69574	3.3551e-06	6.72762e-06
361	47	34	72	78	33	129	0.317353	1.14774	3.57248e-06	1.12571e-05
362	56	38	59	64	24	108	0.385691	0.95272	3.6066e-06	9.35103e-06
363	50	38	38	40	21	43	0.62469	0.4705	2.83774e-06	4.54263e-06
364	41	27	41	44	19	77	0.51221	0.66902	3.36776e-06	6.57495e-06
365	54	45	68	71	30	99	0.386439	0.95078	3.58151e-06	9.26797e-06
366	57	43	103	110	30	292	0.113042	2.18	2.45573e-06	2.17241e-05
367	60	46	60	63	25	107	0.390105	0.94134	3.60513e-06	9.24145e-06
368	43	32	64	67	19	155	0.297822	1.21126	3.57911e-06	1.20176e-05
369	50	39	88	92	21	296	0.124014	2.08736	2.59445e-06	2.09206e-05
370	47	35	54	57	17	136	0.349392	1.05156	3.64892e-06	1.04436e-05
371	63	43	79	85	31	146	0.278483	1.2784	3.49649e-06	1.25555e-05
372	51	43	63	68	26	100	0.391786	0.93704	3.58553e-06	9.15176e-06
373	45	37	91	96	32	213	0.184671	1.68918	3.09072e-06	1.67363e-05
374	55	49	91	96	22	304	0.116103	2.15328	2.50451e-06	2.15715e-05
375	38	31	47	53	21	142	0.347483	1.05704	3.6613e-06	1.05366e-05
376	61	49	89	95	23	320	0.107679	2.2286	2.40826e-06	2.23651e-05
377	44	32	62	67	22	188	0.251689	1.37956	3.46602e-06	1.3771e-05
378	43	34	59	65	17	198	0.242198	1.418	3.43666e-06	1.41895e-05
379	48	39	76	79	33	126	0.320229	1.13872	3.57188e-06	1.11541e-05
380	52	39	49	51	22	67	0.515829	0.66198	3.32129e-06	6.43875e-06
381	51	41	87	91	33	186	0.218694	1.52008	3.28468e-06	1.50195e-05
382	26	22	37	38	20	30	0.675947	0.39164	2.52737e-06	3.739e-06
383	41	36	71	73	23	224	0.201727	1.60084	3.23217e-06	1.60225e-05
384	54	40	103	107	35	219	0.167151	1.78886	2.95456e-06	1.76761e-05
385	62	49	99	103	29	381	0.0750245	2.58994	1.95498e-06	2.60579e-05
386	39	30	46	50	17	124	0.388136	0.9464	3.65271e-06	9.4109e-06
387	47	41	75	86	25	217	0.192669	1.64678	3.15677e-06	1.63844e-05
388	48	35	62	68	21	171	0.272766	1.29914	3.52529e-06	1.29242e-05
389	39	28	38	40	15	108	0.448431	0.802	3.58579e-06	7.99629e-06
390	52	43	69	72	28	108	0.366792	1.00296	3.59552e-06	9.80261e-06
391	52	42	63	68	23	103	0.385837	0.95234	3.59259e-06	9.31116e-06
392	56	46	60	63	26	144	0.32302	1.13004	3.62021e-06	1.12074e-05
393	40	30	42	47	19	57	0.556627	0.58586	3.16255e-06	5.68163e-06
394	58	44	77	83	32	135	0.298275	1.20974	3.53698e-06	1.18581e-05
395	45	34	64	65	25	114	0.371725	0.9896	3.6155e-06	9.72628e-06
396	51	41	73	76	24	196	0.228349	1.47688	3.35767e-06	1.47041e-05
397	49	32	46	49	23	56	0.55249	0.59332	3.17206e-06	5.74139e-06
398	39	29	76	82	23	228	0.186792	1.67776	3.12747e-06	1.67431e-05
399	53	43	90	96	30	456	0.0534783	2.92848	1.58551e-06	2.96477e-05
400	57	41	70	74	28	136	0.314013	1.15832	3.58077e-06	1.14032e-05
401	57	44	77	84	29	206	0.206363	1.57812	3.23722e-06	1.5687e-05
402	41	34	45	47	21	53	0.568099	0.56546	3.10699e-06	5.4691e-06
403	43	34	47	52	19	74	0.494623	0.70396	3.39664e-06	6.86713e-06
404	46	38	126	131	30	436	0.0475354	3.04628	1.45272e-06	3.05607e-05
405	54	42	98	103	30	374	0.0777513	2.55424	1.99711e-06	2.56859e-05
406	49	38	83	86	27	239	0.17222	1.75898	3.02304e-06	1.75533e-05
407	38	27	50	53	21	94	0.443863	0.81224	3.5448e-06	7.98624e-06
408	53	41	85	90	30	208	0.196715	1.626	3.1734e-06	1.6132e-05
409	64	47	104	114	34	390	0.0668757	2.70492	1.81614e-06	2.7157e-05
410	52	45	74	78	28	163	0.266831	1.32114	3.48578e-06	1.30636e-05
411	45	27	47	48	21	53	0.564542	0.57174	3.1194e-06	5.52554e-06
412	52	36	61	64	20	157	0.300406	1.20262	3.59122e-06	1.19546e-05
413	46	36	76	79	19	375	0.0899393	2.40862	2.19311e-06	2.43843e-05
414	60	42	83	91	27	231	0.173847	1.74958	3.02676e-06	1.74105e-05
415	50	41	67	69	25	150	0.301701	1.19832	3.57964e-06	1.18649e-05
416	43	31	92	95	22	314	0.111025	2.198	2.4477e-06	2.20463e-05
417	54	34	98	105	31	399	0.0675897	2.6943	1.83351e-06	2.71271e-05
418	48	35	69	74	32	124	0.333831	1.09712	3.59391e-06	1.07656e-05
419	59	47	73	73	28	138	0.312785	1.16224	3.58234e-06	1.14531e-05
420	42	32	62	66	26	129	0.342193	1.07238	3.62031e-06	1.05797e-05
421	49	38	100	106	27	302	0.110154	2.20588	2.42665e-06	2.20297e-05
422	47	40	89	95	30	251	0.153094	1.8767	2.86271e-06	1.8699e-05
423	31	23	55	56	21	111	0.399405	0.91778	3.61815e-06	9.05885e-06
424	50	35	62	66	23	171	0.276214	1.28658	3.53866e-06	1.28113e-05
425	47	35	88	92	32	204	0.198263	1.61816	3.17862e-06	1.60324e-05
426	55	44	47	48	19	72	0.512405	0.66864	3.34861e-06	6.53508e-06
427	37	26	46	47	19	81	0.4925	0.70826	3.42624e-06	6.95683e-06
428	61	48	95	102	26	323	0.101483	2.28786	2.32597e-06	2.29197e-05
429	43	31	90	100	26	254	0.146109	1.9234	2.79662e-06	1.91406e-05
430	45	30	42	45	15	87	0.483695	0.7263	3.46458e-06	7.16273e-06
431	47	38	68	71	24	127	0.335015	1.09358	3.60332e-06	1.07557e-05
432	54	40	85	88	31	173	0.23813	1.43494	3.37178e-06	1.41594e-05
433	51	37	46	52	18	147	0.340868	1.07626	3.66292e-06	1.07459e-05
434	51	39	64	69	23	167	0.276645	1.28502	3.53224e-06	1.27681e-05
435	55	45	103	108	29	303	0.108225	2.22354	2.40214e-06	2.21957e-05
436	29	21	46	51	14	129	0.375995	0.97818	3.65956e-06	9.73301e-06
437	49	33	54	57	24	84	0.4555	0.78636	3.49856e-06	7.6807e-06
438	57	44	71	75	28	136	0.312047	1.1646	3.57597e-06	1.14597e-05
439	49	38	99	106	33	227	0.161479	1.82338	2.91384e-06	1.80447e-05
440	48	38	66	67	27	94	0.406505	0.90016	3.56769e-06	8.77651e-06
441	42	37	31	35	11	105	0.46987	0.7553	3.5497e-06	7.55465e-06
442	52	36	78	82	25	300	0.129385	2.04496	2.66128e-06	2.05687e-05
443	54	42	74	80	24	153	0.277288	1.2827	3.50635e-06	1.26452e-05
444	56	43	86	92	31	211	0.19131	1.65386	3.1383e-06	1.64043e-05
445	38	28	29	31	14	31	0.702732	0.35278	2.38718e-06	3.397e-06
446	43	32	43	44	18	70	0.530827	0.63332	3.29273e-06	6.20302e-06
447	45	38	88	93	27	240	0.163975	1.80804	2.95182e-06	1.80016e-05
448	56	41	68	73	25	190	0.239922	1.42744	3.41073e-06	1.4216e-05
449	48	39	76	80	26	175	0.247858	1.3949	3.42394e-06	1.38141e-05
450	46	34	26	28	18	17	0.769096	0.26254	1.91028e-06	2.4838e-06
451	52	41	77	84	25	251	0.164044	1.80762	2.96559e-06	1.8078e-05
452	49	38	70	73	27	125	0.334225	1.09594	3.59704e-06	1.07623e-05
453	57	47	110	117	32	387	0.0666394	2.70846	1.81039e-06	2.71669e-05
454	40	33	56	57	20	158	0.31231	1.16376	3.62671e-06	1.16126e-05
455	65	48	88	92	23	279	0.135246	2.00066	2.70727e-06	2.00173e-05
456	45	34	53	55	27	46	0.559898	0.58	3.10673e-06	5.54875e-06
457	57	43	75	80	26	227	0.19012	1.6601	3.15163e-06	1.6577e-05
458	49	40	73	80	26	161	0.266202	1.3235	3.47933e-06	1.30703e-05
459	54	45	133	139	36	626	0.0171541	4.06552	7.05163e-07	4.11076e-05
460	53	40	79	83	28	178	0.239539	1.42904	3.38776e-06	1.41429e-05
461	32	23	41	42	15	90	0.485411	0.72276	3.47204e-06	7.15279e-06
462	58	48	92	100	28	252	0.147607	1.9132	2.80961e-06	1.90343e-05
463	47	36	91	97	24	303	0.115966	2.15446	2.50194e-06	2.15748e-05
464	37	30	36	37	20	28	0.687179	0.37516	2.45755e-06	3.57629e-06
465	54	41	61	66	18	254	0.180887	1.70988	3.11513e-06	1.72214e-05
466	43	28	35	37	13	116	0.438691	0.82396	3.62008e-06	8.25201e-06
467	50	42	51	54	18	90	0.450174	0.79812	3.52494e-06	7.83016e-06
468	46	37	65	73	23	130	0.32581	1.12144	3.59303e-06	1.1028e-05
469	53	37	118	123	26	488	0.0383408	3.26124	1.26034e-06	3.28721e-05
470	53	43	74	78	24	235	0.184826	1.68834	3.12157e-06	1.68892e-05
471	59	48	77	81	28	153	0.275552	1.28898	3.49996e-06	1.27016e-05
472	42	32	95	103	28	267	0.134184	2.00854	2.68378e-06	2.00007e-05
473	44	33	47	49	22	107	0.425956	0.85342	3.59983e-06	8.45118e-06
474	46	38	85	92	24	350	0.09416	2.36276	2.24005e-06	2.37898e-05
475	49	39	62	66	20	130	0.340452	1.07748	3.61998e-06	1.06329e-05
476	50	34	101	111	31	484	0.0421939	3.16548	1.34945e-06	3.19822e-05
477	62	51	107	112	29	337	0.0887386	2.42206	2.14996e-06	2.4228e-05
478	54	40	63	73	22	203	0.224531	1.49374	3.34702e-06	1.49067e-05
479	53	42	81	83	33	133	0.301333	1.19954	3.54122e-06	1.17519e-05
480	60	49	65	67	27	88	0.419136	0.86956	3.54493e-06	8.45771e-06
481	43	32	38	39	22	26	0.685559	0.37752	2.4563e-06	3.58292e-06
482	47	36	61	64	24	88	0.427107	0.85072	3.54002e-06	8.28837e-06
483	47	37	50	55	18	94	0.438323	0.8248	3.55004e-06	8.09914e-06
484	36	29	64	66	23	134	0.333578	1.09788	3.61778e-06	1.08454e-05
485	51	44	57	61	27	95	0.419967	0.86758	3.56592e-06	8.49096e-06
486	52	34	46	47	26	61	0.545387	0.60626	3.2146e-06	5.89416e-06
487	55	38	53	56	20	175	0.288177	1.24418	3.59051e-06	1.24594e-05
488	37	31	44	46	21	41	0.607757	0.49798	2.90207e-06	4.77505e-06
489	61	46	87	88	26	189	0.21947	1.51654	3.29415e-06	1.50096e-05
490	60	47	69	74	32	102	0.373469	0.98492	3.58407e-06	9.59671e-06
491	51	38	58	63	24	85	0.436424	0.82914	3.52305e-06	8.07252e-06
492	48	41	100	106	35	263	0.134394	2.00698	2.68216e-06	1.99575e-05
493	45	36	111	115	31	284	0.114109	2.1706	2.46262e-06	2.15813e-05
494	51	46	71	74	22	149	0.293869	1.22462	3.55405e-06	1.2094e-05
495	57	45	84	89	34	194	0.212605	1.54832	3.25959e-06	1.53317e-05
496	56	44	50	51	25	53	0.554006	0.59058	3.155e-06	5.69489e-06
497	41	33	76	79	22	240	0.179045	1.72012	3.0816e-06	1.72113e-05
498	60	45	63	68	19	282	0.154859	1.86524	2.91476e-06	1.8822e-05
499	44	33	66	69	20	160	0.2867	1.24932	3.55399e-06	1.23962e-05
500	54	42	73	75	24	183	0.245539	1.4043	3.42697e-06	1.39569e-05
501	48	36	63	66	24	118	0.361939	1.01628	3.61767e-06	9.99526e-06
502	38	29	69	69	24	176	0.264234	1.33092	3.50013e-06	1.32463e-05
503	52	43	68	73	23	197	0.231508	1.46314	3.37722e-06	1.45879e-05
504	64	47	58	63	22	97	0.410516	0.89034	3.57564e-06	8.71012e-06
505	56	42	42	44	22	47	0.596891	0.51602	2.97309e-06	4.98095e-06
506	40	30	36	40	19	63	0.564113	0.5725	3.16202e-06	5.6053e-06
507	64	51	66	68	26	106	0.379979	0.96764	3.59861e-06	9.47056e-06
508	45	40	56	58	20	136	0.347205	1.05784	3.64568e-06	1.05001e-05
509	60	44	86	94	32	312	0.11287	2.18152	2.47e-06	2.18836e-05
510	49	40	77	84	24	342	0.103135	2.27172	2.36314e-06	2.29132e-05
511	56	39	78	84	36	141	0.287475	1.24662	3.51679e-06	1.22334e-05
512	52	42	63	64	21	165	0.288396	1.24342	3.57024e-06	1.23796e-05
513	53	41	52	55	21	168	0.300532	1.2022	3.6157e-06	1.2031e-05
514	57	47	112	121	38	327	0.0882501	2.42758	2.13607e-06	2.42047e-05
515	41	30	57	62	22	201	0.243057	1.41446	3.44643e-06	1.41795e-05
516	66	45	75	84	26	184	0.230865	1.46592	3.35173e-06	1.45181e-05
517	47	33	65	68	22	161	0.287038	1.24814	3.55723e-06	1.23929e-05
518	52	44	94	100	29	196	0.1964	1.6276	3.15397e-06	1.60589e-05
519	54	45	79	82	27	197	0.218786	1.51966	3.30279e-06	1.50959e-05
520	47	39	47	51	19	87	0.465809	0.76398	3.49423e-06	7.50142e-06
521	53	41	73	79	30	137	0.302758	1.19482	3.55396e-06	1.17386e-05
522	52	40	76	82	27	211	0.20371	1.59106	3.22672e-06	1.58398e-05
523	58	46	79	85	22	191	0.221374	1.5079	3.30877e-06	1.49465e-05
524	42	28	33	34	17	32	0.686108	0.37672	2.48336e-06	3.61948e-06
525	46	38	66	71	22	245	0.183529	1.69538	3.12467e-06	1.70254e-05
526	46	41	75	81	24	323	0.11579	2.15598	2.5166e-06	2.17343e-05
527	50	43	55	61	25	95	0.419967	0.86758	3.56592e-06	8.49096e-06
528	50	42	88	91	32	239	0.166897	1.79038	2.9767e-06	1.78356e-05
529	51	34	66	69	21	219	0.212201	1.55022	3.29571e-06	1.55311e-05
530	54	42	43	46	20	59	0.554449	0.58978	3.1778e-06	5.73145e-06
531	47	38	45	47	20	98	0.451599	0.79496	3.54961e-06	7.86009e-06
532	59	46	98	105	36	275	0.127212	2.0619	2.61276e-06	2.05386e-05
533	42	29	42	44	15	121	0.409254	0.89342	3.6476e-06	8.91281e-06
534	49	38	94	95	29	207	0.191609	1.6523	3.13493e-06	1.63611e-05
535	47	36	51	55	20	76	0.480465	0.733	3.43184e-06	7.14274e-06
536	55	39	66	69	27	103	0.383422	0.95862	3.59174e-06	9.3676e-06
537	50	40	84	92	26	328	0.10534	2.25056	2.38289e-06	2.26209e-05
538	54	47	46	49	21	58	0.546883	0.60352	3.19799e-06	5.84766e-06
539	54	43	52	53	26	48	0.561221	0.57764	3.11035e-06	5.54212e-06
540	37	30	81	84	26	173	0.244187	1.40982	3.40242e-06	1.39336e-05
541	60	52	81	87	27	188	0.221982	1.50516	3.30752e-06	1.49e-05
542	43	31	59	62	25	94	0.419471	0.86876	3.5631e-06	8.49427e-06
543	76	58	75	76	29	167	0.264747	1.32898	3.48494e-06	1.31633e-05
544	46	37	24	26	13	52	0.651499	0.42848	2.75621e-06	4.23056e-06
545	47	31	55	58	23	112	0.392413	0.93544	3.61996e-06	9.22488e-06
546	51	35	78	88	28	252	0.159161	1.83784	2.92171e-06	1.8357e-05
547	56	49	80	85	32	142	0.284222	1.258	3.50814e-06	1.2343e-05
548	55	44	87	93	29	200	0.201083	1.60404	3.19244e-06	1.58763e-05
549	44	34	58	62	29	61	0.496357	0.70046	3.34588e-06	6.74088e-06
550	50	39	88	93	24	251	0.155029	1.86414	2.88139e-06	1.85861e-05
551	44	38	87	91	34	192	0.212104	1.55068	3.25331e-06	1.53383e-05
552	57	39	61	65	28	121	0.358689	1.0253	3.62212e-06	1.00982e-05
553	48	39	75	77	23	185	0.240014	1.42706	3.40246e-06	1.41761e-05
554	55	43	69	73	27	163	0.275342	1.28974	3.51926e-06	1.27814e-05
555	52	40	48	50	21	69	0.513811	0.6659	3.3339e-06	6.48857e-06
556	50	39	83	91	26	259	0.150713	1.89238	2.8482e-06	1.88982e-05
557	56	45	112	117	33	330	0.089121	2.41776	2.15123e-06	2.41383e-05
558	39	32	56	61	20	109	0.391026	0.93898	3.61106e-06	9.23482e-06
559	63	51	83	84	27	219	0.193125	1.64442	3.16295e-06	1.63778e-05
560	45	31	50	53	23	78	0.481601	0.73064	3.43676e-06	7.13611e-06
561	55	39	68	69	29	80	0.431141	0.84132	3.51188e-06	8.14554e-06
562	48	41	66	71	24	224	0.204277	1.58828	3.24996e-06	1.59096e-05
563	47	36	65	65	23	156	0.300052	1.2038	3.58798e-06	1.19579e-05
564	52	45	91	98	29	324	0.103536	2.26784	2.35513e-06	2.2747e-05
565	38	28	69	75	20	431	0.0693146	2.6691	1.88078e-06	2.7134e-05
566	57	46	90	94	27	284	0.130195	2.03872	2.65545e-06	2.03959e-05
567	40	29	47	48	21	78	0.496963	0.69924	3.40612e-06	6.85387e-06
568	65	53	70	72	24	209	0.219137	1.51806	3.3241e-06	1.51691e-05
569	45	35	82	84	26	160	0.260926	1.34352	3.45541e-06	1.32429e-05
570	55	38	87	90	25	323	0.109427	2.2125	2.4339e-06	2.22423e-05
571	57	45	80	84	25	308	0.122662	2.09832	2.58899e-06	2.11066e-05
572	47	40	51	52	20	102	0.428802	0.84676	3.58258e-06	8.35486e-06
573	41	29	60	64	22	160	0.295845	1.21792	3.58385e-06	1.2114e-05
574	49	39	55	60	21	171	0.28682	1.2489	3.5774e-06	1.24726e-05
575	54	41	85	87	27	213	0.195409	1.63266	3.17116e-06	1.62283e-05
576	55	42	45	51	22	66	0.518466	0.65688	3.31073e-06	6.38562e-06
577	47	35	57	61	22	117	0.375394	0.97978	3.62626e-06	9.65989e-06
578	46	36	70	76	25	128	0.323007	1.13008	3.5825e-06	1.10911e-05
579	45	35	44	52	20	117	0.397222	0.92326	3.63532e-06	9.15186e-06
580	50	31	47	51	20	63	0.52646	0.64158	3.27786e-06	6.22622e-06
581	53	41	108	119	32	362	0.0747564	2.59352	1.94004e-06	2.59515e-05
582	53	45	60	64	18	169	0.282573	1.26382	3.5582e-06	1.25922e-05
583	34	24	31	34	17	35	0.675691	0.39202	2.55335e-06	3.77888e-06
584	59	40	58	58	26	66	0.496168	0.70084	3.36439e-06	6.78075e-06
585	42	33	59	62	20	185	0.263722	1.33286	3.51525e-06	1.33294e-05
586	51	41	47	49	20	101	0.439191	0.82282	3.57167e-06	8.13239e-06
587	46	37	58	63	23	144	0.32302	1.13004	3.62021e-06	1.12074e-05
588	50	39	75	79	31	146	0.289176	1.24072	3.53281e-06	1.22168e-05
589	50	38	69	72	24	149	0.297584	1.21206	3.56537e-06	1.19811e-05
590	57	46	108	116	27	465	0.0450501	3.09998	1.40803e-06	3.12549e-05
591	54	42	101	106	30	277	0.125133	2.07838	2.59042e-06	2.07013e-05
592	36	30	25	26	14	24	0.751503	0.28568	2.06125e-06	2.74283e-06
593	60	51	84	91	28	249	0.158598	1.84138	2.91296e-06	1.83669e-05
594	43	33	110	121	34	427	0.0529938	2.93758	1.56427e-06	2.9518e-05
595	48	37	65	68	27	117	0.359249	1.02374	3.61225e-06	1.0055e-05
596	47	39	103	111	34	244	0.143491	1.94148	2.75937e-06	1.92302e-05
597	46	38	71	72	25	209	0.219137	1.51806	3.3241e-06	1.51691e-05
598	64	50	103	105	32	351	0.0863367	2.4495	2.12188e-06	2.45768e-05
599	61	52	135	141	34	484	0.0349485	3.35388	1.17691e-06	3.36756e-05
600	53	42	65	67	25	110	0.374651	0.98176	3.60663e-06	9.62664e-06
601	46	35	72	76	30	98	0.376409	0.97708	3.57478e-06	9.49707e-06
602	48	35	51	55	23	91	0.445081	0.8095	3.53382e-06	7.93974e-06
603	43	33	35	35	18	49	0.62519	0.4697	2.86286e-06	4.57919e-06
604	60	47	46	49	21	85	0.476532	0.74122	3.47023e-06	7.28225e-06
605	48	38	62	66	26	100	0.396738	0.92448	3.58606e-06	9.03886e-06
606	50	37	44	48	17	114	0.413607	0.88284	3.62595e-06	8.76667e-06
607	51	41	71	74	24	139	0.309245	1.17362	3.57569e-06	1.15626e-05
608	43	35	71	75	28	132	0.318479	1.1442	3.58198e-06	1.12472e-05
609	55	44	64	68	25	121	0.351994	1.04414	3.61412e-06	1.02676e-05
610	49	41	71	73	27	106	0.368233	0.99904	3.5913e-06	9.75279e-06
611	42	33	47	50	19	110	0.416862	0.875	3.61296e-06	8.66703e-06
612	44	38	66	73	24	221	0.204837	1.58554	3.24935e-06	1.58631e-05
613	40	32	38	38	19	68	0.556861	0.58544	3.20644e-06	5.75807e-06
614	48	36	38	40	15	70	0.54433	0.6082	3.25358e-06	5.97723e-06
615	51	37	75	79	23	291	0.138039	1.98022	2.74989e-06	1.99211e-05
616	52	46	73	74	28	105	0.367799	1.00022	3.58828e-06	9.75611e-06
617	39	31	79	83	25	264	0.154488	1.86764	2.89082e-06	1.87123e-05
618	56	43	50	53	25	90	0.45301	0.79184	3.52157e-06	7.77371e-06
619	40	33	75	84	23	237	0.176185	1.73622	3.05402e-06	1.73342e-05
620	64	47	87	89	33	179	0.229507	1.47182	3.33582e-06	1.45347e-05
621	45	32	69	71	24	176	0.260936	1.34348	3.4859e-06	1.33592e-05
622	42	28	41	45	19	84	0.491153	0.711	3.43971e-06	7.00333e-06
623	49	41	86	89	31	237	0.170739	1.76762	3.0078e-06	1.76164e-05
624	49	35	54	58	20	129	0.359824	1.02214	3.64435e-06	1.01281e-05
625	44	37	38	39	18	56	0.588299	0.53052	3.04557e-06	5.17692e-06
626	50	37	81	87	28	184	0.226557	1.48476	3.32754e-06	1.46875e-05
627	54	45	73	78	30	114	0.342583	1.07124	3.58346e-06	1.04601e-05
628	50	40	89	93	30	269	0.141431	1.95594	2.76392e-06	1.95425e-05
629	49	38	53	56	22	143	0.339263	1.08098	3.65017e-06	1.07591e-05
630	45	31	54	55	21	119	0.385853	0.9523	3.63761e-06	9.42747e-06
631	51	43	84	90	27	222	0.183159	1.6974	3.09097e-06	1.68759e-05
632	49	41	122	130	35	378	0.0642997	2.7442	1.76326e-06	2.74225e-05
633	55	39	105	112	26	406	0.0624144	2.77396	1.741e-06	2.78942e-05
634	53	45	55	60	26	82	0.451581	0.795	3.49695e-06	7.74378e-06
635	39	28	42	42	19	72	0.532081	0.63096	3.29698e-06	6.19639e-06
636	58	45	62	69	25	93	0.403483	0.90762	3.56529e-06	8.83627e-06
637	41	32	45	51	16	93	0.451771	0.79458	3.53295e-06	7.82022e-06
638	53	39	64	67	27	98	0.398296	0.92056	3.5803e-06	8.98904e-06
639	46	36	55	59	20	110	0.393954	0.93152	3.61456e-06	9.17506e-06
640	50	39	63	69	23	213	0.218795	1.51962	3.32837e-06	1.52123e-05
641	50	36	76	84	26	181	0.234425	1.45062	3.36604e-06	1.43587e-05
642	50	41	55	55	25	65	0.50819	0.6769	3.33285e-06	6.55828e-06
643	54	43	89	93	31	250	0.155822	1.85904	2.88784e-06	1.85329e-05
644	35	34	54	56	23	59	0.520701	0.65258	3.27829e-06	6.29592e-06
645	59	42	77	81	32	179	0.241332	1.42158	3.39871e-06	1.40831e-05
646	42	32	74	77	25	197	0.225765	1.48826	3.34442e-06	1.48137e-05
647	57	45	65	71	23	149	0.299458	1.20578	3.57093e-06	1.19246e-05
648	47	37	59	64	22	126	0.351861	1.04452	3.62678e-06	1.03074e-05
649	42	33	74	82	28	215	0.199596	1.61146	3.20398e-06	1.60523e-05
650	50	42	77	81	27	206	0.210287	1.55928	3.26318e-06	1.55177e-05
651	46	36	80	84	29	164	0.255657	1.36392	3.43997e-06	1.34554e-05
652	55	39	78	83	25	207	0.206606	1.57694	3.24036e-06	1.56837e-05
653	48	38	78	81	26	210	0.206041	1.57968	3.24107e-06	1.57302e-05
654	39	29	57	58	16	147	0.328263	1.11394	3.63865e-06	1.10845e-05
655	49	41	83	87	34	136	0.289396	1.23996	3.51241e-06	1.21371e-05
656	50	43	66	67	26	124	0.348834	1.05316	3.61758e-06	1.03705e-05
657	47	39	87	93	32	286	0.129686	2.04264	2.65152e-06	2.04457e-05
658	46	34	56	57	25	75	0.476894	0.74046	3.43483e-06	7.2025e-06
659	51	41	64	71	25	174	0.263611	1.33328	3.49363e-06	1.3253e-05
660	55	41	51	58	21	103	0.410845	0.88954	3.59353e-06	8.74668e-06
661	55	41	62	63	24	119	0.366946	1.00254	3.62508e-06	9.87905e-06
662	51	42	94	100	26	293	0.119756	2.1223	2.54036e-06	2.12128e-05
663	58	46	119	127	33	497	0.0357123	3.33226	1.19908e-06	3.3576e-05
664	44	34	66	70	25	143	0.310709	1.1689	3.58849e-06	1.15494e-05
665	45	40	63	67	22	199	0.237958	1.43566	3.41601e-06	1.43555e-05
666	48	34	57	65	21	119	0.362366	1.0151	3.62074e-06	9.99194e-06
667	42	26	47	50	21	63	0.529777	0.6353	3.2686e-06	6.16977e-06
668	51	43	93	99	31	241	0.157108	1.85082	2.88976e-06	1.83934e-05
669	50	40	92	97	25	290	0.123915	2.08816	2.58784e-06	2.0884e-05
670	56	41	44	46	26	33	0.633066	0.45718	2.75383e-06	4.34999e-06
671	39	32	50	53	21	117	0.394735	0.92954	3.63484e-06	9.20831e-06
672	63	52	108	116	30	403	0.0618044	2.78378	1.72809e-06	2.79606e-05
673	44	35	76	81	22	184	0.235256	1.44708	3.37564e-06	1.43488e-05
674	56	47	70	76	26	150	0.288725	1.24228	3.53977e-06	1.226e-05
675	48	35	54	55	26	54	0.537514	0.6208	3.21101e-06	5.97381e-06
676	51	45	129	146	29	724	0.00995899	4.60928	4.65182e-07	4.67098e-05
677	52	41	87	90	29	320	0.111114	2.1972	2.45372e-06	2.20829e-05
678	35	30	32	34	12	78	0.542634	0.61132	3.29032e-06	6.06361e-06
679	44	35	68	73	28	170	0.265686	1.32544	3.49465e-06	1.31533e-05
680	60	45	59	59	24	145	0.329552	1.11002	3.63652e-06	1.10347e-05
681	51	43	46	51	25	52	0.556839	0.58548	3.14155e-06	5.64175e-06
682	45	37	49	53	16	201	0.25719	1.35794	3.51617e-06	1.36715e-05
683	51	45	106	114	36	316	0.0975373	2.32752	2.26532e-06	2.32251e-05
684	49	37	67	71	23	176	0.260936	1.34348	3.4859e-06	1.33592e-05
685	38	32	48	50	18	133	0.370723	0.9923	3.66612e-06	9.8891e-06
686	53	45	71	78	22	193	0.228976	1.47414	3.35624e-06	1.46576e-05
687	42	32	76	84	25	226	0.186352	1.68012	3.12133e-06	1.67497e-05
688	58	45	90	95	28	327	0.103903	2.2643	2.36244e-06	2.27371e-05
689	41	34	80	85	23	243	0.169806	1.7731	3.00716e-06	1.77094e-05
690	51	43	92	96	24	359	0.0877047	2.43378	2.14822e-06	2.44938e-05
691	46	38	70	72	23	160	0.281349	1.26816	3.5353e-06	1.25655e-05
692	35	30	66	68	22	141	0.317861	1.14614	3.60144e-06	1.13302e-05
693	49	39	68	70	24	113	0.362076	1.0159	3.60461e-06	9.95538e-06
694	48	41	85	96	23	397	0.0722531	2.62758	1.91564e-06	2.65128e-05
695	53	41	102	106	30	288	0.118306	2.13448	2.51824e-06	2.12858e-05
696	46	35	57	63	22	173	0.278611	1.27794	3.5518e-06	1.27482e-05
697	59	42	95	99	28	360	0.08563	2.45772	2.11645e-06	2.47163e-05
698	42	32	60	61	22	120	0.369694	0.99508	3.63013e-06	9.81929e-06
699	60	44	59	63	28	72	0.46634	0.76284	3.44242e-06	7.38179e-06
700	46	37	80	87	30	280	0.13885	1.97436	2.7476e-06	1.97882e-05
701	44	38	64	70	27	239	0.190424	1.6585	3.1706e-06	1.66502e-05
702	50	42	64	69	27	110	0.369975	0.99432	3.60338e-06	9.73954e-06
703	51	39	54	56	28	72	0.487298	0.71888	3.40458e-06	6.98666e-06
704	54	41	75	78	29	135	0.307789	1.17834	3.56294e-06	1.15759e-05
705	49	42	71	75	23	189	0.238139	1.4349	3.39961e-06	1.42757e-05
706	42	31	53	55	18	127	0.370427	0.9931	3.64964e-06	9.85253e-06
707	42	29	30	30	18	18	0.755633	0.2802	2.00229e-06	2.64983e-06
708	48	37	73	81	29	142	0.291452	1.23288	3.53157e-06	1.21172e-05
709	47	31	73	79	24	197	0.222947	1.50082	3.32784e-06	1.49266e-05
710	48	37	85	89	28	247	0.16225	1.81862	2.94446e-06	1.81477e-05
711	51	36	86	90	23	441	0.0599467	2.8143	1.7092e-06	2.8512e-05
712	47	38	43	45	18	70	0.527503	0.6396	3.30189e-06	6.25947e-06
713	55	43	92	98	30	216	0.179597	1.71704	3.0547e-06	1.70086e-05
714	53	35	66	72	25	189	0.242668	1.41606	3.42318e-06	1.41064e-05
715	46	32	43	44	24	40	0.618585	0.48032	2.85107e-06	4.60902e-06
716	43	32	46	48	21	72	0.512405	0.66864	3.34861e-06	6.53508e-06
717	58	47	89	94	28	198	0.201872	1.60012	3.19492e-06	1.58264e-05
718	48	39	86	90	32	231	0.174942	1.7433	3.03596e-06	1.73541e-05
719	48	41	74	80	21	190	0.229604	1.4714	3.35477e-06	1.46111e-05
720	51	42	67	71	25	211	0.218279	1.52198	3.32197e-06	1.52189e-05
721	51	36	70	72	24	110	0.36307	1.01316	3.59762e-06	9.90888e-06
722	55	38	67	74	22	183	0.247086	1.39802	3.43461e-06	1.39005e-05
723	38	31	71	75	20	220	0.203315	1.593	3.23736e-06	1.59229e-05
724	62	49	63	67	23	133	0.333184	1.09906	3.61462e-06	1.08487e-05
725	44	43	92	100	29	250	0.149121	1.903	2.82256e-06	1.89281e-05
726	51	41	81	87	31	177	0.234791	1.44906	3.36115e-06	1.43155e-05
727	48	35	63	66	22	253	0.181812	1.70478	3.1214e-06	1.71682e-05
728	53	42	83	92	28	242	0.163334	1.81196	2.9484e-06	1.80514e-05
729	52	40	64	65	24	111	0.377456	0.9743	3.61108e-06	9.56688e-06
730	39	32	49	52	20	83	0.472433	0.74986	3.47017e-06	7.34533e-06
731	56	46	59	62	23	104	0.398615	0.91976	3.59774e-06	9.0256e-06
732	65	50	83	83	28	194	0.220769	1.51064	3.30998e-06	1.4993e-05
733	53	46	85	87	28	329	0.108147	2.22426	2.42161e-06	2.23918e-05
734	46	37	44	49	20	86	0.474108	0.74632	3.47777e-06	7.33539e-06
735	58	48	92	99	30	236	0.161166	1.82532	2.92158e-06	1.81277e-05
736	49	40	58	62	31	80	0.450517	0.79736	3.49169e-06	7.75041e-06
737	42	34	45	49	21	63	0.533114	0.62902	3.2591e-06	6.11332e-06
738	52	33	65	71	28	112	0.361649	1.01708	3.60156e-06	9.9587e-06
739	44	37	107	116	27	392	0.0653708	2.72768	1.7896e-06	2.73761e-05
740	57	49	90	94	23	291	0.125629	2.07442	2.60905e-06	2.07678e-05
741	40	33	73	79	22	249	0.171012	1.76602	3.02513e-06	1.76895e-05
742	57	43	66	70	23	150	0.299812	1.2046	3.57415e-06	1.19213e-05
743	45	34	70	73	28	112	0.357136	1.02964	3.59692e-06	1.00716e-05
744	42	32	44	46	19	70	0.524201	0.64588	3.31081e-06	6.31591e-06
745	49	38	76	79	26	135	0.305862	1.18462	3.5579e-06	1.16323e-05
746	49	40	116	121	30	484	0.0396256	3.22828	1.28968e-06	3.25466e-05
747	53	45	81	84	35	110	0.336714	1.08852	3.56454e-06	1.05863e-05
748	37	26	34	36	18	49	0.621276	0.47598	2.88001e-06	4.63564e-06
749	58	45	75	76	25	288	0.142833	1.94608	2.79844e-06	1.95924e-05
750	41	35	50	51	24	63	0.52646	0.64158	3.27786e-06	6.22622e-06
751	50	38	73	76	23	189	0.236648	1.44118	3.39169e-06	1.43322e-05
752	46	35	60	63	20	126	0.354077	1.03824	3.62964e-06	1.0251e-05
753	46	34	69	72	27	171	0.266	1.32426	3.4979e-06	1.315e-05
754	50	39	57	59	23	97	0.420959	0.86522	3.57155e-06	8.48433e-06
755	39	30	61	67	26	107	0.380427	0.96646	3.6016e-06	9.46724e-06
756	54	43	61	62	23	118	0.371146	0.99116	3.6259e-06	9.76947e-06
757	35	28	44	49	17	96	0.450535	0.79732	3.54423e-06	7.86672e-06
758	59	47	107	112	34	311	0.101321	2.28946	2.31484e-06	2.28466e-05
759	55	45	146	154	33	605	0.0173768	4.05262	7.09642e-07	4.08385e-05
760	63	51	76	83	24	243	0.171952	1.76054	3.02576e-06	1.75965e-05
761	47	36	60	62	24	123	0.361801	1.01666	3.63073e-06	1.00351e-05
762	49	36	53	56	23	88	0.449113	0.80048	3.51961e-06	7.83679e-06
763	50	39	57	61	28	85	0.441941	0.81658	3.51768e-06	7.95963e-06
764	45	36	36	37	17	51	0.611121	0.49246	2.93238e-06	4.79835e-06
765	54	38	62	64	26	135	0.336075	1.09042	3.62478e-06	1.07856e-05
766	55	44	77	84	27	152	0.271792	1.30272	3.48378e-06	1.28178e-05
767	48	41	81	88	28	256	0.155947	1.85824	2.89585e-06	1.85695e-05
768	43	36	41	45	17	77	0.509004	0.6753	3.37541e-06	6.6314e-06
769	53	42	56	57	28	75	0.476894	0.74046	3.43483e-06	7.2025e-06
770	47	34	67	71	25	187	0.246701	1.39958	3.43992e-06	1.39437e-05
771	53	45	55	57	25	62	0.509584	0.67416	3.3183e-06	6.51177e-06
772	51	43	46	50	25	55	0.551838	0.5945	3.17015e-06	5.74471e-06
773	35	28	58	65	21	170	0.279375	1.2752	3.54855e-06	1.27017e-05
774	55	46	78	85	32	186	0.227092	1.4824	3.3339e-06	1.46808e-05
775	38	26	37	39	17	55	0.591307	0.52542	3.02973e-06	5.12378e-06
776	62	47	79	86	26	267	0.149303	1.90178	2.84288e-06	1.90411e-05
777	44	35	62	64	24	122	0.359112	1.02412	3.6252e-06	1.00949e-05
778	44	30	45	47	21	83	0.487502	0.71846	3.44327e-06	7.06309e-06
779	48	37	58	63	24	126	0.354077	1.03824	3.62964e-06	1.0251e-05
780	56	40	67	68	22	168	0.276972	1.28384	3.53549e-06	1.27648e-05
781	51	43	78	84	30	144	0.28311	1.26192	3.50852e-06	1.23928e-05
782	42	34	67	71	23	161	0.281681	1.26698	3.53854e-06	1.25622e-05
783	56	40	46	48	19	77	0.499504	0.69414	3.397e-06	6.80074e-06
784	39	32	82	88	23	317	0.114253	2.16934	2.49193e-06	2.18106e-05
785	63	57	88	91	32	176	0.230137	1.46908	3.33427e-06	1.44882e-05
786	48	37	33	36	16	49	0.621276	0.47598	2.88001e-06	4.63564e-06
787	53	42	70	76	24	216	0.206206	1.57888	3.25121e-06	1.57668e-05
788	64	48	101	107	34	195	0.188915	1.66646	3.09836e-06	1.64009e-05
789	44	34	58	62	24	129	0.350898	1.04726	3.63317e-06	1.03539e-05
790	52	38	71	74	24	161	0.276424	1.28582	3.51931e-06	1.27316e-05
791	46	30	28	31	15	31	0.702732	0.35278	2.38718e-06	3.397e-06
792	57	49	62	68	27	107	0.378046	0.97274	3.60039e-06	9.52369e-06
793	48	40	74	81	21	278	0.14566	1.92648	2.81754e-06	1.93433e-05
794	61	47	79	82	25	197	0.218786	1.51966	3.30279e-06	1.50959e-05
795	45	35	41	42	19	89	0.487893	0.71766	3.46387e-06	7.09965e-06
796	44	39	53	56	20	130	0.362518	1.01468	3.64997e-06	1.00684e-05
797	49	41	73	79	27	176	0.24815	1.39372	3.42716e-06	1.38108e-05
798	33	28	30	31	11	115	0.457865	0.78118	3.59891e-06	7.86019e-06
799	53	47	101	110	24	419	0.0591487	2.8277	1.68409e-06	2.8472e-05
800	49	32	48	54	20	126	0.374666	0.98172	3.65035e-06	9.74295e-06
801	57	43	86	89	22	440	0.0606328	2.80292	1.72212e-06	2.84024e-05
802	41	28	30	32	11	55	0.617881	0.48146	2.92174e-06	4.72865e-06
803	57	43	71	76	26	131	0.318103	1.14538	3.57881e-06	1.12505e-05
804	46	41	43	45	21	47	0.593155	0.5223	2.98796e-06	5.0374e-06
805	48	41	77	82	21	276	0.146232	1.92256	2.82132e-06	1.92935e-05
806	49	39	65	66	23	104	0.388726	0.94488	3.59626e-06	9.25139e-06
807	53	40	77	82	27	136	0.298627	1.20856	3.54017e-06	1.18548e-05
808	53	39	69	70	25	161	0.283456	1.2607	3.54483e-06	1.25058e-05
809	34	26	40	43	17	55	0.576638	0.55054	3.08477e-06	5.34957e-06
810	58	45	77	79	37	98	0.369383	0.99592	3.57061e-06	9.66641e-06
811	42	33	53	56	16	184	0.275249	1.29008	3.56105e-06	1.29376e-05
812	69	58	84	84	33	149	0.275982	1.28742	3.4935e-06	1.26584e-05
813	61	49	77	83	30	141	0.289286	1.24034	3.52261e-06	1.21769e-05
814	51	44	65	70	27	141	0.313894	1.1587	3.59192e-06	1.14431e-05
815	50	39	56	61	25	101	0.40731	0.89818	3.5883e-06	8.80976e-06
816	58	44	66	72	29	234	0.192905	1.64556	3.18242e-06	1.64974e-05
817	54	46	73	78	26	152	0.282228	1.26504	3.52197e-06	1.24792e-05
818	44	32	55	56	19	110	0.401447	0.91268	3.61532e-06	9.00572e-06
819	50	41	80	88	26	248	0.162441	1.81744	2.9474e-06	1.81444e-05
820	43	31	58	60	21	89	0.435744	0.8307	3.53637e-06	8.11571e-06
821	47	35	65	69	30	81	0.428948	0.84642	3.5168e-06	8.19867e-06
822	47	39	49	51	23	74	0.497739	0.69768	3.38994e-06	6.81068e-06
823	55	46	104	106	31	295	0.114157	2.17018	2.47238e-06	2.16577e-05
824	51	41	86	88	26	401	0.0744416	2.59774	1.95586e-06	2.62738e-05
825	39	27	71	77	27	128	0.320985	1.13636	3.57819e-06	1.11475e-05
826	55	45	129	140	35	487	0.0346347	3.3629	1.16991e-06	3.37785e-05
827	37	31	57	59	22	177	0.279929	1.27322	3.56489e-06	1.2735e-05
828	61	47	124	132	36	312	0.0889074	2.42016	2.13632e-06	2.40286e-05
829	43	35	82	86	26	245	0.16703	1.78958	2.98519e-06	1.78721e-05
830	48	38	77	80	25	186	0.234336	1.451	3.3741e-06	1.43986e-05
831	47	38	99	108	22	555	0.0299346	3.50874	1.06523e-06	3.55853e-05
832	60	41	92	101	28	281	0.126517	2.06738	2.61025e-06	2.06316e-05
833	51	41	77	78	27	116	0.339107	1.08144	3.58313e-06	1.05664e-05
834	44	33	58	64	21	148	0.314516	1.15672	3.6095e-06	1.14764e-05
835	55	43	69	73	30	120	0.342858	1.07044	3.59886e-06	1.04967e-05
836	38	32	38	41	13	109	0.443357	0.81338	3.59379e-06	8.10587e-06
837	62	51	98	103	34	195	0.19372	1.64134	3.13344e-06	1.61751e-05
838	44	41	69	75	26	221	0.20228	1.5981	3.23163e-06	1.5976e-05
839	52	42	91	95	28	218	0.181155	1.7084	3.06978e-06	1.69456e-05
840	38	29	43	48	19	91	0.465083	0.76554	3.50887e-06	7.54461e-06
841	47	37	78	82	25	190	0.226738	1.48396	3.33849e-06	1.4724e-05
842	55	42	83	92	25	322	0.108613	2.21996	2.4223e-06	2.23021e-05
843	50	43	86	92	32	172	0.23341	1.45496	3.34525e-06	1.43321e-05
844	56	47	83	88	31	209	0.198188	1.61854	3.18532e-06	1.60722e-05
845	45	30	49	53	22	76	0.486538	0.72044	3.42029e-06	7.02985e-06
846	51	41	58	65	17	330	0.123539	2.0912	2.6194e-06	2.12031e-05
847	45	32	35	38	20	45	0.626166	0.46814	2.84029e-06	4.536e-06
848	46	39	75	82	28	211	0.20371	1.59106	3.22672e-06	1.58398e-05
849	49	35	39	41	21	44	0.617621	0.48188	2.8733e-06	4.65221e-06
850	62	52	104	112	36	387	0.068765	2.67706	1.84873e-06	2.68847e-05
851	52	36	49	52	23	60	0.53123	0.63256	3.25286e-06	6.12327e-06
852	51	42	81	83	29	182	0.234702	1.44944	3.36923e-06	1.43554e-05
853	57	47	72	77	27	148	0.289859	1.23836	3.53923e-06	1.22102e-05
854	40	29	47	50	19	87	0.468743	0.7577	3.48978e-06	7.44497e-06
855	38	29	88	93	31	192	0.209456	1.56324	3.23635e-06	1.54512e-05
856	45	36	68	70	22	214	0.216319	1.531	3.31441e-06	1.53218e-05
857	50	35	74	79	23	214	0.204432	1.58752	3.23613e-06	1.58299e-05
858	49	32	54	56	22	87	0.45141	0.79538	3.51362e-06	7.78365e-06
859	60	44	77	81	28	247	0.170609	1.76838	3.01913e-06	1.76962e-05
860	53	42	67	69	23	153	0.29712	1.21362	3.57265e-06	1.20243e-05
861	55	45	66	70	27	96	0.394869	0.9292	3.57441e-06	9.05212e-06
862	58	48	64	70	22	197	0.235911	1.4443	3.4015e-06	1.44186e-05
863	41	32	22	25	15	15	0.791758	0.2335	1.74835e-06	2.20819e-06
864	68	51	97	104	26	409	0.0646337	2.73902	1.78402e-06	2.7602e-05
865	46	39	72	78	22	200	0.220945	1.50984	3.32071e-06	1.50296e-05
866	53	38	47	49	17	107	0.425956	0.85342	3.59983e-06	8.45118e-06
867	46	31	47	48	27	42	0.597118	0.51564	2.95041e-06	4.94108e-06
868	52	42	58	59	28	71	0.480648	0.73262	3.41398e-06	7.10287e-06
869	53	37	44	45	20	42	0.608475	0.4968	2.90348e-06	4.77174e-06
870	44	35	41	45	23	34	0.633814	0.456	2.75498e-06	4.34667e-06
871	51	39	72	75	27	237	0.18643	1.6797	3.1369e-06	1.68261e-05
872	42	32	67	69	27	115	0.36066	1.01982	3.60847e-06	1.00052e-05
873	61	44	70	74	29	157	0.282121	1.26542	3.53188e-06	1.2519e-05
874	47	39	65	70	22	156	0.290777	1.2352	3.55914e-06	1.22401e-05
875	58	44	77	81	26	265	0.155645	1.86018	2.90317e-06	1.86526e-05
876	50	38	50	55	20	133	0.359263	1.0237	3.65419e-06	1.01713e-05
877	42	34	49	50	22	79	0.488264	0.7169	3.42756e-06	7.0199e-06
878	54	41	104	109	35	285	0.117888	2.13802	2.51051e-06	2.12958e-05
879	53	39	54	55	25	72	0.490368	0.7126	3.39835e-06	6.93021e-06
880	60	50	95	103	32	217	0.17316	1.75354	3.00329e-06	1.7344e-05
881	43	36	70	73	22	187	0.243621	1.41214	3.42448e-06	1.40566e-05
882	53	42	88	91	29	214	0.189592	1.66288	3.12964e-06	1.65072e-05
883	47	41	89	93	31	180	0.222675	1.50204	3.29863e-06	1.48136e-05
884	44	37	65	76	22	262	0.163086	1.81348	2.96994e-06	1.82109e-05
885	51	39	50	51	19	89	0.461082	0.77418	3.50776e-06	7.60768e-06
886	46	42	79	84	28	201	0.211693	1.55262	3.26459e-06	1.54214e-05
887	55	39	34	36	19	34	0.670669	0.39948	2.57446e-06	3.83864e-06
888	37	31	43	44	17	66	0.541767	0.61292	3.24545e-06	5.99049e-06
889	61	53	73	82	27	160	0.264223	1.33096	3.46926e-06	1.313e-05
890	44	35	69	77	30	119	0.336062	1.09046	3.58555e-06	1.06693e-05
891	44	31	58	62	26	73	0.466891	0.76166	3.44494e-06	7.37847e-06
892	48	32	62	67	20	212	0.222693	1.50196	3.35069e-06	1.50462e-05
893	49	39	66	70	30	128	0.335411	1.0924	3.60646e-06	1.07524e-05
894	58	44	61	64	22	145	0.319365	1.14142	3.61424e-06	1.1317e-05
895	50	35	88	97	25	276	0.133086	2.01676	2.68038e-06	2.01402e-05
896	42	33	72	78	17	378	0.0891317	2.41764	2.18259e-06	2.44873e-05
897	41	37	48	53	20	122	0.384797	0.95504	3.64555e-06	9.47397e-06
898	48	41	73	75	27	213	0.210704	1.5573	3.27665e-06	1.55509e-05
899	44	35	70	75	24	244	0.179892	1.7154	3.09379e-06	1.71981e-05
900	48	41	72	76	31	197	0.227187	1.48198	3.35266e-06	1.47573e-05
901	48	38	72	74	25	141	0.306107	1.18382	3.57194e-06	1.16689e-05
902	41	34	73	78	29	135	0.307789	1.17834	3.56294e-06	1.15759e-05
903	52	35	57	61	20	156	0.307685	1.17868	3.60978e-06	1.17321e-05
904	53	38	75	75	27	159	0.27751	1.2819	3.51931e-06	1.26817e-05
905	56	46	78	82	23	293	0.134088	2.00926	2.70814e-06	2.01967e-05
906	40	32	66	68	24	142	0.316244	1.15124	3.59992e-06	1.13834e-05
907	50	39	52	55	26	66	0.505605	0.682	3.34276e-06	6.61141e-06
908	45	34	81	83	29	204	0.209792	1.56164	3.25687e-06	1.55243e-05
909	51	40	78	82	25	265	0.15467	1.86646	2.89373e-06	1.8709e-05
910	49	42	97	100	34	240	0.156923	1.852	2.88687e-06	1.83967e-05
911	41	32	52	54	19	102	0.42345	0.85932	3.58567e-06	8.46776e-06
912	53	42	65	71	26	159	0.284569	1.25678	3.54458e-06	1.2456e-05
913	52	40	83	88	26	287	0.133142	2.01634	2.69168e-06	2.02166e-05
914	57	47	55	56	31	48	0.550747	0.59648	3.14557e-06	5.71146e-06
915	41	33	61	62	26	79	0.45282	0.79226	3.48548e-06	7.69727e-06
916	67	58	103	108	35	366	0.0784856	2.54484	2.00477e-06	2.55431e-05
917	46	35	56	61	20	132	0.347747	1.05628	3.63635e-06	1.04569e-05
918	55	38	63	67	28	149	0.307076	1.18066	3.59243e-06	1.16988e-05
919	49	37	74	78	31	181	0.243427	1.41294	3.41285e-06	1.402e-05
920	39	29	55	61	12	452	0.0679978	2.68828	1.86719e-06	2.74595e-05
921	36	30	61	67	26	121	0.354212	1.03786	3.6169e-06	1.02111e-05
922	66	50	84	89	34	175	0.234237	1.45142	3.35478e-06	1.43221e-05
923	53	38	79	85	22	258	0.1573	1.8496	2.91106e-06	1.85064e-05
924	46	40	52	54	22	134	0.359687	1.02252	3.65731e-06	1.0168e-05
925	52	42	86	90	31	193	0.212354	1.5495	3.25645e-06	1.5335e-05
926	46	31	46	47	15	102	0.44248	0.81536	3.57197e-06	8.07262e-06
927	61	45	63	64	26	103	0.395652	0.92722	3.59464e-06	9.08537e-06
928	50	36	60	62	27	86	0.43694	0.82796	3.52576e-06	8.06921e-06
929	44	33	68	74	25	126	0.330443	1.10732	3.59255e-06	1.08719e-05
930	54	47	98	105	30	262	0.135932	1.9956	2.69797e-06	1.98479e-05
931	40	33	49	53	17	92	0.448413	0.80204	3.53349e-06	7.87998e-06
932	59	47	82	86	24	286	0.135514	1.99868	2.71714e-06	2.00506e-05
933	42	34	59	63	21	125	0.355888	1.03314	3.62929e-06	1.01978e-05
934	46	39	71	74	26	141	0.306107	1.18382	3.57194e-06	1.16689e-05
935	47	37	77	82	27	182	0.23618	1.44316	3.37713e-06	1.42989e-05
936	56	44	54	55	19	109	0.406041	0.9013	3.6122e-06	8.89614e-06
937	50	43	72	82	22	224	0.190642	1.65736	3.15141e-06	1.65305e-05
938	48	36	90	94	27	272	0.138412	1.97752	2.73479e-06	1.97583e-05
939	54	36	87	90	31	236	0.170538	1.7688	3.00482e-06	1.76197e-05
940	37	30	43	45	19	97	0.459645	0.7773	3.53654e-06	7.69406e-06
941	61	49	65	68	25	169	0.275563	1.28894	3.53215e-06	1.28179e-05
942	43	35	67	73	29	142	0.306469	1.18264	3.57514e-06	1.16656e-05
943	46	32	50	53	20	111	0.407001	0.89894	3.61804e-06	8.88951e-06
944	47	36	60	66	20	184	0.258495	1.35288	3.49021e-06	1.35021e-05
945	51	36	55	57	17	134	0.352974	1.04136	3.64882e-06	1.03374e-05
946	51	41	53	54	25	75	0.485964	0.72162	3.41787e-06	7.03316e-06
947	51	36	56	62	22	137	0.336869	1.08806	3.63111e-06	1.0779e-05
948	44	36	64	67	25	113	0.368963	0.99706	3.61068e-06	9.78604e-06
949	50	44	63	70	27	350	0.108111	2.2246	2.43767e-06	2.2548e-05
950	55	41	61	64	28	72	0.463421	0.76912	3.44703e-06	7.43824e-06
951	44	30	78	87	26	321	0.112651	2.18346	2.47457e-06	2.19667e-05
952	50	38	86	95	28	272	0.137546	1.9838	2.72543e-06	1.98148e-05
953	48	42	67	71	23	200	0.230875	1.46588	3.37872e-06	1.46344e-05
954	45	36	69	77	30	149	0.288385	1.24346	3.53655e-06	1.22633e-05
955	52	37	76	84	24	313	0.119574	2.12382	2.55557e-06	2.13723e-05
956	55	46	99	102	28	305	0.111241	2.19606	2.44321e-06	2.19633e-05
957	56	45	88	91	30	210	0.1935	1.64248	3.15302e-06	1.62947e-05
958	39	33	36	36	16	52	0.611843	0.49128	2.93381e-06	4.79504e-06
959	49	39	76	77	26	167	0.26309	1.33526	3.47797e-06	1.32197e-05
960	45	29	35	35	19	33	0.678345	0.3881	2.52959e-06	3.72906e-06
961	37	23	51	54	18	121	0.384343	0.95622	3.64253e-06	9.47729e-06
962	48	36	79	87	20	368	0.0886411	2.42316	2.16851e-06	2.4464e-05
963	47	35	60	63	24	115	0.374509	0.98214	3.6202e-06	9.66652e-06
964	52	43	70	70	29	135	0.323648	1.1281	3.60036e-06	1.11243e-05
965	39	33	78	89	26	344	0.0989323	2.31332	2.30529e-06	2.33017e-05
966	57	44	51	55	20	104	0.416529	0.8758	3.59484e-06	8.63047e-06
967	40	32	34	37	20	29	0.683684	0.38026	2.48138e-06	3.62942e-06
968	65	54	109	116	31	413	0.0587314	2.83478	1.67337e-06	2.84919e-05
969	45	36	82	89	26	234	0.173371	1.75232	3.02654e-06	1.7457e-05
970	58	41	67	72	27	121	0.343262	1.06926	3.60197e-06	1.04933e-05
971	49	38	81	85	24	198	0.213611	1.5436	3.27218e-06	1.53184e-05
972	51	41	66	73	24	189	0.241149	1.42234	3.41536e-06	1.41628e-05
973	53	38	71	76	24	216	0.206206	1.57888	3.25121e-06	1.57668e-05
974	47	37	74	77	19	253	0.169677	1.77386	3.01841e-06	1.77892e-05
975	55	35	74	77	28	114	0.344742	1.06496	3.58657e-06	1.04036e-05
976	48	35	76	83	20	347	0.101171	2.29094	2.33932e-06	2.31224e-05
977	40	35	45	48	24	67	0.525639	0.64314	3.29545e-06	6.26941e-06
978	46	38	42	46	19	79	0.500684	0.69178	3.4017e-06	6.79411e-06
979	60	47	74	80	23	196	0.222684	1.502	3.32466e-06	1.49299e-05
980	50	42	64	71	23	132	0.32658	1.11908	3.59936e-06	1.10214e-05
981	46	37	82	85	33	126	0.308387	1.1764	3.54424e-06	1.14928e-05
982	53	40	90	96	29	323	0.10538	2.25018	2.37959e-06	2.2581e-05
983	43	32	20	20	12	13	0.825389	0.1919	1.50195e-06	1.81968e-06
984	59	44	77	78	36	118	0.335666	1.09164	3.58243e-06	1.06726e-05
985	42	32	48	53	17	123	0.382839	0.96014	3.64735e-06	9.52711e-06
986	45	37	60	65	25	169	0.280804	1.2701	3.55177e-06	1.26486e-05
987	46	34	77	84	23	281	0.140771	1.96062	2.76925e-06	1.9672e-05
988	58	45	84	86	36	127	0.304897	1.18778	3.53754e-06	1.16024e-05
989	50	34	99	102	32	242	0.153392	1.87476	2.85552e-06	1.86159e-05
990	43	39	93	102	28	336	0.0949733	2.35416	2.24236e-06	2.36104e-05
991	54	44	79	81	33	128	0.313023	1.16148	3.5601e-06	1.13733e-05
992	36	29	46	49	17	156	0.331768	1.10332	3.6676e-06	1.10547e-05
993	60	39	71	74	21	217	0.20775	1.57142	3.26313e-06	1.5707e-05
994	43	32	45	47	23	56	0.559473	0.58076	3.14899e-06	5.6285e-06
995	48	37	83	90	29	174	0.233961	1.4526	3.3516e-06	1.43255e-05
996	47	31	49	52	21	86	0.465259	0.76516	3.49165e-06	7.50473e-06
997	49	38	94	100	19	485	0.0449817	3.1015	1.41307e-06	3.14144e-05
998	51	39	83	85	33	133	0.297572	1.2121	3.53062e-06	1.18648e-05
999	53	42	63	67	25	142	0.318237	1.14496	3.60464e-06	1.13269e-05
1000	55	42	48	49	27	65	0.527704	0.63922	3.2821e-06	6.21959e-06