Hist	Tr_Tot	Tr_in	DSBs	DSBt	RIFs	NComb	PSurv	lPSurv	PMut*	PMut
1	43	38	86	87	32	169	0.244568	1.40826	3.39717e-06	1.38905e-05
2	28	24	79	85	21	253	0.161363	1.8241	2.94338e-06	1.82407e-05
3	50	42	74	77	24	372	0.0924803	2.38076	2.22989e-06	2.4112e-05
4	33	22	28	30	13	51	0.638585	0.4485	2.81183e-06	4.40322e-06
5	34	26	74	78	22	228	0.191544	1.65264	3.16378e-06	1.65173e-05
6	39	32	42	44	21	61	0.555759	0.58742	3.18162e-06	5.72482e-06
7	37	24	70	75	27	314	0.125883	2.0724	2.63315e-06	2.09174e-05
8	25	20	51	53	17	201	0.25719	1.35794	3.51617e-06	1.36715e-05
9	31	22	45	45	20	61	0.55228	0.5937	3.19288e-06	5.78127e-06
10	47	41	87	89	27	220	0.186203	1.68092	3.11203e-06	1.67131e-05
11	38	22	57	63	18	251	0.18717	1.67574	3.16179e-06	1.68926e-05
12	32	26	59	62	18	366	0.104773	2.25596	2.40417e-06	2.29465e-05
13	33	27	68	70	32	88	0.411313	0.8884	3.54842e-06	8.62705e-06
14	30	22	43	43	18	90	0.482372	0.72904	3.47753e-06	7.20923e-06
15	36	27	71	77	27	234	0.186941	1.67696	3.13681e-06	1.67796e-05
16	36	27	43	46	16	79	0.500684	0.69178	3.4017e-06	6.79411e-06
17	40	32	71	74	25	259	0.167693	1.78562	3.00818e-06	1.79386e-05
18	33	28	70	75	20	214	0.209632	1.5624	3.27112e-06	1.56041e-05
19	44	35	97	100	31	218	0.175556	1.7398	3.02443e-06	1.72278e-05
20	30	18	38	42	14	84	0.500494	0.69216	3.42037e-06	6.83399e-06
21	35	30	64	65	28	114	0.371725	0.9896	3.6155e-06	9.72628e-06
22	34	25	70	74	18	282	0.149133	1.90292	2.85748e-06	1.91607e-05
23	27	21	51	53	22	89	0.455327	0.78674	3.51539e-06	7.72058e-06
24	37	35	59	61	28	96	0.41783	0.87268	3.56998e-06	8.54409e-06
25	39	26	53	55	23	113	0.397842	0.9217	3.62381e-06	9.10867e-06
26	40	35	83	91	28	244	0.162695	1.81588	2.94497e-06	1.81012e-05
27	25	20	75	81	30	146	0.285567	1.25328	3.52095e-06	1.23297e-05
28	45	36	84	89	24	299	0.124454	2.08382	2.60241e-06	2.09107e-05
29	31	25	79	83	22	262	0.156072	1.85744	2.90388e-06	1.8606e-05
30	38	32	53	55	25	75	0.482922	0.7279	3.42373e-06	7.08961e-06
31	34	27	57	61	22	129	0.353108	1.04098	3.63613e-06	1.02975e-05
32	36	31	80	86	25	276	0.142605	1.94768	2.78353e-06	1.95193e-05
33	35	28	104	109	28	697	0.0144188	4.23922	6.22701e-07	4.31866e-05
34	43	32	68	73	28	126	0.332525	1.10104	3.59641e-06	1.08155e-05
35	36	27	53	56	25	77	0.475029	0.74438	3.44506e-06	7.25232e-06
36	30	25	68	71	22	171	0.267675	1.31798	3.50482e-06	1.30936e-05
37	38	33	50	52	28	54	0.547737	0.60196	3.17932e-06	5.80447e-06
38	31	24	69	71	27	118	0.350751	1.04768	3.60484e-06	1.02775e-05
39	41	31	62	69	29	183	0.254967	1.36662	3.47221e-06	1.36183e-05
40	35	26	53	55	18	167	0.302069	1.1971	3.61814e-06	1.19779e-05
41	40	33	99	104	31	357	0.0842624	2.47382	2.093e-06	2.48391e-05
42	38	31	59	61	31	53	0.520284	0.65338	3.25665e-06	6.25936e-06
43	52	41	75	75	33	83	0.408894	0.8943	3.53432e-06	8.64363e-06
44	41	34	116	124	31	534	0.0301334	3.50212	1.0659e-06	3.53726e-05
45	27	17	41	42	20	55	0.580271	0.54426	3.07145e-06	5.29313e-06
46	31	21	30	31	16	33	0.6956	0.36298	2.43688e-06	3.50327e-06
47	32	23	27	28	12	43	0.673586	0.39514	2.60358e-06	3.86526e-06
48	34	27	108	116	23	745	0.0108025	4.52798	4.98341e-07	4.61322e-05
49	35	28	79	89	30	206	0.199984	1.60952	3.19359e-06	1.59693e-05
50	38	29	93	99	31	333	0.0982716	2.32002	2.28793e-06	2.32817e-05
51	38	33	68	72	22	201	0.228262	1.47726	3.3655e-06	1.4744e-05
52	42	32	69	73	29	126	0.332525	1.10104	3.59641e-06	1.08155e-05
53	42	29	55	58	22	124	0.369118	0.99664	3.64041e-06	9.86248e-06
54	28	15	21	21	14	18	0.799571	0.22368	1.71252e-06	2.1418e-06
55	49	42	131	138	37	494	0.0338424	3.38604	1.15191e-06	3.40376e-05
56	32	23	55	60	22	110	0.391488	0.9378	3.61403e-06	9.23151e-06
57	33	27	36	38	16	99	0.475428	0.74354	3.52064e-06	7.4052e-06
58	35	28	57	64	21	159	0.297358	1.21282	3.58638e-06	1.20608e-05
59	31	24	65	65	26	127	0.347879	1.0559	3.62386e-06	1.0417e-05
60	28	22	47	51	16	123	0.387678	0.94758	3.64968e-06	9.41421e-06
61	30	25	64	65	24	113	0.373626	0.9845	3.61414e-06	9.67315e-06
62	34	30	37	39	16	79	0.523185	0.64782	3.34785e-06	6.39898e-06
63	39	30	95	98	32	282	0.128267	2.05364	2.63146e-06	2.05154e-05
64	34	30	67	70	26	133	0.326966	1.1179	3.60252e-06	1.1018e-05
65	33	25	25	26	14	25	0.74768	0.29078	2.09049e-06	2.79597e-06
66	43	39	63	66	26	117	0.363789	1.01118	3.61684e-06	9.94213e-06
67	36	26	66	72	28	132	0.324536	1.12536	3.59514e-06	1.10778e-05
68	22	17	35	37	16	40	0.646385	0.43636	2.72379e-06	4.21389e-06
69	39	27	55	60	31	82	0.451581	0.795	3.49695e-06	7.74378e-06
70	27	19	29	30	17	27	0.721733	0.3261	2.2576e-06	3.12802e-06
71	44	35	92	98	31	261	0.142767	1.94654	2.76963e-06	1.93996e-05
72	29	21	35	36	20	31	0.681009	0.38418	2.5056e-06	3.67924e-06
73	36	24	49	52	20	83	0.472433	0.74986	3.47017e-06	7.34533e-06
74	33	27	61	68	23	177	0.264546	1.32974	3.50339e-06	1.3243e-05
75	34	29	77	82	20	306	0.125486	2.07556	2.62109e-06	2.08875e-05
76	36	27	60	65	21	191	0.251001	1.3823	3.46821e-06	1.38175e-05
77	41	32	43	44	22	46	0.599943	0.51092	2.95641e-06	4.92782e-06
78	40	28	90	93	30	246	0.159034	1.83864	2.91356e-06	1.83204e-05
79	24	18	36	38	22	47	0.619811	0.47834	2.87733e-06	4.64227e-06
80	45	29	56	56	29	64	0.507591	0.67808	3.3306e-06	6.56159e-06
81	30	20	70	72	20	297	0.139895	1.96686	2.7762e-06	1.98448e-05
82	41	34	57	60	23	99	0.414078	0.8817	3.58055e-06	8.64704e-06
83	34	27	56	57	26	85	0.453183	0.79146	3.50484e-06	7.73384e-06
84	26	18	56	59	17	210	0.236568	1.44152	3.42749e-06	1.44884e-05
85	37	28	55	59	18	219	0.225955	1.48742	3.38177e-06	1.49666e-05
86	32	25	35	37	18	33	0.669878	0.40066	2.57364e-06	3.84196e-06
87	38	24	30	32	20	41	0.66361	0.41006	2.64434e-06	3.98478e-06
88	32	25	37	39	24	23	0.696129	0.36222	2.38321e-06	3.42352e-06
89	34	25	39	41	13	87	0.496	0.70118	3.44072e-06	6.93694e-06
90	31	23	48	52	22	182	0.285144	1.25476	3.59439e-06	1.26055e-05
91	44	30	90	97	28	266	0.140049	1.96576	2.74621e-06	1.96088e-05
92	34	30	58	63	21	194	0.250314	1.38504	3.47036e-06	1.3864e-05
93	46	35	100	103	33	272	0.130806	2.03404	2.65096e-06	2.02663e-05
94	37	26	40	41	15	75	0.527303	0.63998	3.32166e-06	6.29934e-06
95	34	24	86	93	19	433	0.0612777	2.79234	1.73148e-06	2.82563e-05
96	41	35	68	72	22	176	0.259302	1.34976	3.47872e-06	1.34157e-05
97	35	26	33	36	18	32	0.677545	0.38928	2.52885e-06	3.73238e-06
98	35	28	58	60	30	75	0.467994	0.7593	3.44998e-06	7.37185e-06
99	31	22	62	66	22	139	0.325179	1.12338	3.61308e-06	1.11111e-05
100	35	23	62	69	19	271	0.16277	1.81542	2.9777e-06	1.8294e-05
101	35	27	55	60	28	83	0.449284	0.8001	3.50303e-06	7.79691e-06
102	42	26	70	72	30	107	0.368668	0.99786	3.59432e-06	9.74948e-06
103	38	34	69	76	32	125	0.327987	1.11478	3.58545e-06	1.09317e-05
104	36	29	63	65	26	106	0.387205	0.9488	3.60148e-06	9.30121e-06
105	42	34	70	72	29	112	0.359385	1.02336	3.5993e-06	1.00151e-05
106	27	22	50	52	19	103	0.426621	0.85186	3.58702e-06	8.40799e-06
107	48	34	105	111	29	687	0.0149839	4.20078	6.40834e-07	4.27682e-05
108	32	27	41	42	17	89	0.487893	0.71766	3.46387e-06	7.09965e-06
109	34	29	78	83	21	246	0.169341	1.77584	3.00681e-06	1.77559e-05
110	35	27	57	58	24	80	0.461977	0.77224	3.4762e-06	7.52462e-06
111	38	32	83	90	21	404	0.0723963	2.6256	1.92184e-06	2.65461e-05
112	38	32	76	79	24	241	0.178134	1.72522	3.07539e-06	1.72645e-05
113	20	16	40	41	11	157	0.347087	1.05818	3.69865e-06	1.06563e-05
114	35	27	56	58	21	144	0.333324	1.09864	3.64161e-06	1.09251e-05
115	39	31	42	43	14	113	0.428982	0.84634	3.61688e-06	8.4313e-06
116	35	27	38	42	16	91	0.482941	0.72786	3.48004e-06	7.20592e-06
117	52	44	83	87	33	151	0.268083	1.31646	3.4674e-06	1.29341e-05
118	27	20	46	46	25	42	0.604665	0.50308	2.91944e-06	4.82818e-06
119	36	30	67	73	25	133	0.320863	1.13674	3.58962e-06	1.11874e-05
120	27	20	46	46	16	113	0.420976	0.86518	3.62066e-06	8.60064e-06
121	39	31	56	59	19	162	0.302184	1.19672	3.60747e-06	1.1938e-05
122	25	17	30	32	11	50	0.633839	0.45596	2.82881e-06	4.46298e-06
123	43	31	98	107	30	292	0.115191	2.16116	2.48293e-06	2.15548e-05
124	29	19	31	31	16	31	0.702732	0.35278	2.38718e-06	3.397e-06
125	38	32	79	84	27	192	0.221636	1.50672	3.31194e-06	1.49432e-05
126	33	28	62	69	19	206	0.226747	1.48392	3.365e-06	1.48403e-05
127	30	24	43	43	13	150	0.355212	1.03504	3.69322e-06	1.03972e-05
128	36	30	82	93	19	514	0.0405411	3.20544	1.32002e-06	3.25601e-05
129	44	37	58	63	25	82	0.443153	0.81384	3.50672e-06	7.91312e-06
130	39	33	85	91	35	160	0.249704	1.38748	3.40547e-06	1.3638e-05
131	30	25	57	59	26	66	0.493062	0.70712	3.37116e-06	6.8372e-06
132	44	37	81	88	27	219	0.188334	1.66954	3.12701e-06	1.66036e-05
133	30	24	70	75	24	152	0.287596	1.2462	3.54025e-06	1.23098e-05
134	41	34	75	79	25	208	0.210784	1.55692	3.26949e-06	1.55111e-05
135	34	31	100	104	26	356	0.0846932	2.46872	2.0992e-06	2.4786e-05
136	28	19	48	51	18	100	0.435927	0.83028	3.57118e-06	8.19215e-06
137	37	30	40	44	23	43	0.609193	0.49562	2.90489e-06	4.76842e-06
138	52	45	106	115	33	301	0.104633	2.2573	2.35262e-06	2.24846e-05
139	40	29	83	89	27	234	0.173371	1.75232	3.02654e-06	1.7457e-05
140	25	18	53	59	21	189	0.263311	1.33442	3.52115e-06	1.33726e-05
141	29	20	38	40	15	69	0.547113	0.6031	3.24115e-06	5.92409e-06
142	32	26	82	86	26	297	0.128121	2.05478	2.64378e-06	2.06351e-05
143	47	38	79	83	32	149	0.277721	1.28114	3.49983e-06	1.2602e-05
144	34	27	84	93	25	282	0.132359	2.02224	2.67804e-06	2.02332e-05
145	33	24	40	43	17	69	0.536902	0.62194	3.27158e-06	6.09344e-06
146	37	31	81	82	26	191	0.225585	1.48906	3.3335e-06	1.47771e-05
147	34	29	62	65	19	182	0.26279	1.3364	3.50544e-06	1.33393e-05
148	41	33	62	67	20	187	0.252976	1.37446	3.4703e-06	1.37179e-05
149	36	29	41	43	27	38	0.628864	0.46384	2.79612e-06	4.44631e-06
150	37	30	71	75	24	225	0.198196	1.6185	3.2085e-06	1.61885e-05
151	31	27	119	130	24	805	0.00728528	4.9219	3.65068e-07	5.01104e-05
152	33	29	40	43	20	53	0.58255	0.54034	3.05449e-06	5.24331e-06
153	34	27	56	60	25	139	0.337665	1.0857	3.63746e-06	1.07724e-05
154	28	21	57	62	26	156	0.305758	1.18496	3.60444e-06	1.17885e-05
155	38	29	80	82	28	183	0.234979	1.44826	3.37243e-06	1.43521e-05
156	39	30	88	98	28	278	0.130911	2.03324	2.65787e-06	2.03029e-05
157	41	29	90	94	31	268	0.141265	1.95712	2.76113e-06	1.95458e-05
158	27	23	48	53	18	145	0.342207	1.07234	3.66026e-06	1.0696e-05
159	48	39	69	72	30	160	0.281349	1.26816	3.5353e-06	1.25655e-05
160	32	23	38	42	17	66	0.548614	0.60036	3.22453e-06	5.87759e-06
161	40	28	68	74	24	226	0.19843	1.61732	3.21163e-06	1.61852e-05
162	35	30	44	44	23	40	0.618585	0.48032	2.85107e-06	4.60902e-06
163	40	29	39	42	20	40	0.626404	0.46776	2.81639e-06	4.49613e-06
164	38	31	54	55	22	84	0.461257	0.7738	3.4907e-06	7.56781e-06
165	21	17	39	42	14	101	0.458929	0.77886	3.55085e-06	7.73725e-06
166	42	36	76	82	30	191	0.225585	1.48906	3.3335e-06	1.47771e-05
167	28	21	53	56	21	178	0.283802	1.25948	3.58123e-06	1.26188e-05
168	36	29	38	39	18	58	0.582329	0.54072	3.07655e-06	5.28318e-06
169	30	21	31	31	18	23	0.731996	0.31198	2.17545e-06	2.97194e-06
170	32	24	49	51	21	123	0.387678	0.94758	3.64968e-06	9.41421e-06
171	35	25	61	62	26	142	0.328388	1.11356	3.62693e-06	1.10447e-05
172	30	21	19	21	7	38	0.722036	0.32568	2.31374e-06	3.20446e-06
173	39	28	47	48	25	66	0.528327	0.63804	3.28423e-06	6.21628e-06
174	28	16	53	60	18	359	0.109953	2.2077	2.46973e-06	2.24617e-05
175	43	32	75	80	22	168	0.256866	1.3592	3.45284e-06	1.34422e-05
176	29	24	40	42	22	49	0.598302	0.51366	2.97615e-06	4.97433e-06
177	32	19	62	64	16	250	0.186949	1.67692	3.15868e-06	1.68959e-05
178	33	26	69	72	20	221	0.206128	1.57926	3.25819e-06	1.58067e-05
179	40	32	94	101	32	319	0.104227	2.26118	2.36082e-06	2.26507e-05
180	36	30	97	102	27	482	0.0451051	3.09876	1.41485e-06	3.13679e-05
181	31	24	59	63	18	162	0.294687	1.22184	3.58451e-06	1.21638e-05
182	39	30	69	73	24	133	0.320863	1.13674	3.58962e-06	1.11874e-05
183	32	25	82	87	27	355	0.0947172	2.35686	2.25173e-06	2.37732e-05
184	44	31	81	84	25	192	0.221636	1.50672	3.31194e-06	1.49432e-05
185	29	22	58	62	16	213	0.228628	1.47566	3.38761e-06	1.48171e-05
186	44	37	59	64	22	127	0.350071	1.04962	3.62693e-06	1.03606e-05
187	33	27	55	58	21	127	0.363513	1.01194	3.64308e-06	1.00219e-05
188	30	25	68	74	24	183	0.247086	1.39802	3.43461e-06	1.39005e-05
189	36	28	59	64	23	154	0.305038	1.18732	3.59797e-06	1.17952e-05
190	25	18	37	37	12	57	0.592704	0.52306	3.03296e-06	5.11715e-06
191	40	31	64	67	22	202	0.234345	1.45096	3.4015e-06	1.45149e-05
192	24	19	33	37	12	157	0.355916	1.03306	3.71237e-06	1.04305e-05
193	45	41	88	91	26	247	0.160224	1.83118	2.9258e-06	1.82606e-05
194	39	27	59	65	22	134	0.335679	1.0916	3.62162e-06	1.07889e-05
195	38	31	73	79	24	148	0.286241	1.25092	3.52737e-06	1.23231e-05
196	40	27	63	68	22	166	0.279811	1.27364	3.542e-06	1.26585e-05
197	34	27	79	83	23	273	0.147557	1.91354	2.8317e-06	1.91905e-05
198	37	30	98	103	21	433	0.0575478	2.85514	1.65857e-06	2.88208e-05
199	35	28	40	42	19	43	0.616893	0.48306	2.87196e-06	4.65553e-06
200	40	30	72	77	26	282	0.146349	1.92176	2.82893e-06	1.933e-05
201	38	27	73	80	25	210	0.207339	1.5734	3.24979e-06	1.56738e-05
202	49	42	85	85	33	291	0.132934	2.0179	2.69322e-06	2.02598e-05
203	31	23	76	79	27	188	0.233419	1.45492	3.37253e-06	1.44484e-05
204	34	31	59	60	22	123	0.366374	1.0041	3.63525e-06	9.92224e-06
205	34	26	72	75	20	357	0.101094	2.2917	2.34561e-06	2.32021e-05
206	35	28	47	49	19	132	0.374966	0.98092	3.66699e-06	9.77951e-06
207	37	27	44	52	23	139	0.355063	1.03546	3.66453e-06	1.03208e-05
208	45	35	98	101	29	358	0.0854281	2.46008	2.11203e-06	2.47229e-05
209	41	25	53	58	26	84	0.452648	0.79264	3.50221e-06	7.73715e-06
210	26	21	46	53	16	188	0.27482	1.29164	3.56737e-06	1.29808e-05
211	47	39	98	107	30	393	0.0688201	2.67626	1.85272e-06	2.69212e-05
212	31	27	79	81	31	121	0.324399	1.12578	3.56884e-06	1.10014e-05
213	33	29	72	75	24	166	0.267777	1.3176	3.49548e-06	1.30537e-05
214	35	29	50	51	24	63	0.52646	0.64158	3.27786e-06	6.22622e-06
215	42	33	55	56	21	106	0.409721	0.89228	3.60275e-06	8.79318e-06
216	38	33	47	47	21	56	0.559473	0.58076	3.14899e-06	5.6285e-06
217	25	13	32	34	17	31	0.689616	0.37162	2.45941e-06	3.56635e-06
218	42	33	74	75	27	197	0.228619	1.4757	3.36088e-06	1.47008e-05
219	27	23	52	54	28	49	0.554871	0.58902	3.13596e-06	5.6517e-06
220	48	38	82	86	38	201	0.20905	1.56518	3.24744e-06	1.55343e-05
221	32	22	74	78	24	155	0.277943	1.28034	3.5128e-06	1.26386e-05
222	31	26	55	59	18	167	0.294575	1.22222	3.5949e-06	1.22037e-05
223	36	28	35	40	18	62	0.566998	0.5674	3.14806e-06	5.55216e-06
224	32	27	74	79	24	173	0.251976	1.37842	3.43983e-06	1.36514e-05
225	38	30	118	124	37	361	0.072816	2.61982	1.90636e-06	2.61806e-05
226	30	24	41	44	18	66	0.541767	0.61292	3.24545e-06	5.99049e-06
227	42	29	54	55	25	90	0.447356	0.8044	3.52812e-06	7.88661e-06
228	38	30	83	87	25	292	0.130607	2.03556	2.66776e-06	2.04258e-05
229	42	34	93	100	28	371	0.0804516	2.5201	2.04002e-06	2.53572e-05
230	32	23	47	49	23	61	0.53858	0.61882	3.23528e-06	6.00706e-06
231	28	19	40	41	17	56	0.580956	0.54308	3.07315e-06	5.28981e-06
232	36	29	64	71	23	210	0.219395	1.51688	3.3273e-06	1.51658e-05
233	29	20	31	31	23	9	0.786172	0.24058	1.75165e-06	2.22807e-06
234	39	32	53	56	25	92	0.440044	0.82088	3.54206e-06	8.04932e-06
235	38	31	63	68	26	139	0.32112	1.13594	3.60424e-06	1.1224e-05
236	43	35	92	99	28	318	0.106084	2.24352	2.38527e-06	2.24847e-05
237	29	23	35	36	18	50	0.618115	0.48108	2.8982e-06	4.68877e-06
238	47	34	74	79	26	152	0.280461	1.27132	3.51575e-06	1.25356e-05
239	33	27	41	42	21	38	0.632826	0.45756	2.77802e-06	4.38986e-06
240	32	21	67	73	20	272	0.157924	1.84564	2.93311e-06	1.85729e-05
241	36	27	46	46	18	62	0.546031	0.60508	3.21658e-06	5.89085e-06
242	37	31	48	51	27	46	0.574141	0.55488	3.05613e-06	5.32295e-06
243	39	32	64	68	22	175	0.267258	1.31954	3.5109e-06	1.31367e-05
244	23	19	54	58	22	111	0.39442	0.93034	3.61752e-06	9.17175e-06
245	44	36	76	81	26	197	0.220165	1.51338	3.31116e-06	1.50395e-05
246	30	26	64	69	20	179	0.260222	1.34622	3.48847e-06	1.34057e-05
247	54	45	78	84	35	109	0.338436	1.08342	3.56479e-06	1.05331e-05
248	42	32	82	87	30	168	0.245819	1.40316	3.40148e-06	1.38373e-05
249	35	31	53	61	24	120	0.369694	0.99508	3.63013e-06	9.81929e-06
250	28	23	40	41	20	47	0.608243	0.49718	2.92663e-06	4.81161e-06
251	35	24	51	55	17	164	0.306726	1.1818	3.62503e-06	1.18185e-05
252	40	34	79	85	22	285	0.137065	1.9873	2.73321e-06	1.9941e-05
253	40	36	70	75	24	163	0.271906	1.3023	3.50603e-06	1.28943e-05
254	34	26	66	70	24	153	0.29526	1.2199	3.56695e-06	1.20807e-05
255	30	26	39	42	13	96	0.470782	0.75336	3.51749e-06	7.47159e-06
256	38	31	52	54	22	76	0.483492	0.72672	3.42617e-06	7.08629e-06
257	34	28	50	52	19	84	0.470029	0.75496	3.4775e-06	7.39846e-06
258	38	28	62	65	25	113	0.373626	0.9845	3.61414e-06	9.67315e-06
259	37	25	38	44	15	94	0.469672	0.75572	3.51231e-06	7.47822e-06
260	21	19	45	49	15	133	0.373059	0.98602	3.66815e-06	9.83265e-06
261	41	35	70	77	24	158	0.275447	1.28936	3.50961e-06	1.27415e-05
262	26	22	43	44	19	65	0.544537	0.60782	3.23311e-06	5.93735e-06
263	46	43	82	87	27	258	0.155337	1.86216	2.89226e-06	1.86193e-05
264	31	25	42	44	20	59	0.561457	0.57722	3.15458e-06	5.61855e-06
265	35	30	91	94	26	276	0.135617	1.99792	2.70839e-06	1.99708e-05
266	34	30	59	64	22	127	0.350071	1.04962	3.62693e-06	1.03606e-05
267	46	40	109	118	27	529	0.0320987	3.43894	1.11602e-06	3.47683e-05
268	38	32	98	101	30	237	0.158345	1.84298	2.89673e-06	1.82938e-05
269	28	19	31	35	21	23	0.713837	0.3371	2.28266e-06	3.19773e-06
270	41	33	54	60	19	132	0.349938	1.05	3.63951e-06	1.04004e-05
271	27	22	24	25	15	14	0.795806	0.2284	1.71501e-06	2.15505e-06
272	47	40	71	72	32	97	0.387957	0.94686	3.57625e-06	9.21815e-06
273	32	25	50	51	22	76	0.492688	0.70788	3.4079e-06	6.91695e-06
274	36	28	67	70	22	143	0.310709	1.1689	3.58849e-06	1.15494e-05
275	33	27	53	57	22	75	0.476894	0.74046	3.43483e-06	7.2025e-06
276	34	27	33	37	16	60	0.583705	0.53836	3.07995e-06	5.27655e-06
277	38	29	50	53	23	85	0.464711	0.76634	3.48907e-06	7.50804e-06
278	32	25	39	44	17	64	0.547321	0.60272	3.22056e-06	5.88422e-06
279	47	38	132	142	39	541	0.0259688	3.65086	9.54629e-07	3.67606e-05
280	37	30	65	71	19	336	0.115385	2.15948	2.52238e-06	2.18605e-05
281	44	36	41	42	19	41	0.623217	0.47286	2.83518e-06	4.54926e-06
282	32	25	68	69	29	119	0.353377	1.04022	3.61071e-06	1.02177e-05
283	31	24	58	59	20	104	0.406196	0.90092	3.59738e-06	8.85626e-06
284	35	29	47	50	20	74	0.500874	0.6914	3.38302e-06	6.75424e-06
285	39	29	77	83	29	190	0.225319	1.49024	3.33031e-06	1.47805e-05
286	39	34	43	45	23	47	0.593155	0.5223	2.98796e-06	5.0374e-06
287	35	28	71	75	26	139	0.307309	1.1799	3.57065e-06	1.16191e-05
288	43	34	55	59	23	92	0.431831	0.83972	3.54908e-06	8.21866e-06
289	29	21	34	35	18	41	0.651225	0.4289	2.70527e-06	4.15413e-06
290	31	21	43	43	22	50	0.591532	0.52504	3.00729e-06	5.08391e-06
291	33	27	37	38	21	28	0.682877	0.38144	2.48071e-06	3.63274e-06
292	34	30	82	90	27	216	0.18885	1.6668	3.12681e-06	1.65571e-05
293	36	24	48	52	20	94	0.446659	0.80596	3.54191e-06	7.9298e-06
294	46	31	70	74	28	117	0.345964	1.06142	3.59585e-06	1.03937e-05
295	39	28	75	84	20	300	0.12777	2.05752	2.64249e-06	2.06816e-05
296	38	28	50	53	23	87	0.459995	0.77654	3.50254e-06	7.61431e-06
297	44	31	59	62	18	211	0.230972	1.46546	3.39779e-06	1.47109e-05
298	29	21	51	52	18	214	0.242208	1.41796	3.46497e-06	1.43058e-05
299	53	44	105	115	29	499	0.0381168	3.2671	1.25804e-06	3.30049e-05
300	33	30	64	66	18	323	0.127227	2.06178	2.65747e-06	2.08876e-05
301	37	22	44	45	28	30	0.646876	0.4356	2.67428e-06	4.13414e-06
302	31	20	41	43	21	57	0.570787	0.56074	3.11412e-06	5.45584e-06
303	39	27	53	55	21	71	0.492875	0.7075	3.38954e-06	6.87708e-06
304	31	23	36	39	16	57	0.585306	0.53562	3.06118e-06	5.23005e-06
305	42	31	40	43	21	63	0.553585	0.59134	3.19675e-06	5.77464e-06
306	35	31	72	76	30	123	0.33135	1.10458	3.587e-06	1.08254e-05
307	30	21	61	64	20	208	0.231605	1.46272	3.39634e-06	1.46644e-05
308	43	31	59	61	31	67	0.484431	0.72478	3.39258e-06	7.00323e-06
309	34	25	56	58	24	104	0.408755	0.89464	3.59697e-06	8.79981e-06
310	40	28	62	64	26	113	0.37598	0.97822	3.61568e-06	9.6167e-06
311	37	30	55	59	24	104	0.406196	0.90092	3.59738e-06	8.85626e-06
312	26	17	43	43	18	96	0.467835	0.75964	3.52188e-06	7.52803e-06
313	40	31	76	83	30	180	0.237108	1.43924	3.37858e-06	1.42491e-05
314	48	37	68	69	25	116	0.358825	1.02492	3.60918e-06	1.00583e-05
315	46	36	69	71	35	80	0.42576	0.85388	3.51611e-06	8.25844e-06
316	31	23	88	91	29	369	0.0860024	2.45338	2.12795e-06	2.47429e-05
317	35	31	81	88	28	242	0.167489	1.78684	2.98559e-06	1.78256e-05
318	34	27	45	46	19	115	0.416704	0.87538	3.6282e-06	8.70691e-06
319	34	24	52	55	24	74	0.485391	0.7228	3.41544e-06	7.03647e-06
320	37	28	77	79	28	200	0.219562	1.51612	3.31231e-06	1.5086e-05
321	31	24	41	43	20	57	0.570787	0.56074	3.11412e-06	5.45584e-06
322	41	30	72	77	22	163	0.268512	1.31486	3.49258e-06	1.30072e-05
323	26	22	63	65	23	135	0.333971	1.0967	3.62094e-06	1.08421e-05
324	47	37	60	61	27	135	0.342467	1.07158	3.63573e-06	1.06163e-05
325	31	20	44	46	18	82	0.493082	0.70708	3.42865e-06	6.95351e-06
326	34	26	55	58	19	126	0.365372	1.00684	3.6423e-06	9.96874e-06
327	35	27	69	70	21	202	0.229971	1.4698	3.37696e-06	1.46842e-05
328	36	29	62	62	23	332	0.124611	2.08256	2.63427e-06	2.114e-05
329	40	31	77	82	31	161	0.262879	1.33606	3.46558e-06	1.31831e-05
330	34	29	57	60	19	143	0.330847	1.1061	3.63432e-06	1.09849e-05
331	26	18	34	35	19	32	0.681813	0.383	2.5063e-06	3.67593e-06
332	31	23	53	56	15	168	0.298651	1.20848	3.60993e-06	1.20874e-05
333	48	43	57	61	24	90	0.430813	0.84208	3.54357e-06	8.22529e-06
334	32	27	56	57	26	84	0.4555	0.78636	3.49856e-06	7.6807e-06
335	32	24	26	30	15	33	0.699982	0.3567	2.41272e-06	3.44682e-06
336	35	22	51	51	23	87	0.465809	0.76398	3.49423e-06	7.50142e-06
337	44	35	89	92	27	231	0.172759	1.75586	3.01757e-06	1.74669e-05
338	38	31	64	67	30	95	0.404437	0.90526	3.57103e-06	8.82964e-06
339	37	28	86	94	27	287	0.128218	2.05402	2.63557e-06	2.05553e-05
340	42	32	42	45	22	49	0.587135	0.5325	3.02003e-06	5.14367e-06
341	28	20	75	79	24	231	0.187454	1.67422	3.1367e-06	1.67331e-05
342	42	33	60	65	28	128	0.34611	1.061	3.62382e-06	1.04701e-05
343	32	25	51	52	22	98	0.437639	0.82636	3.5634e-06	8.14233e-06
344	35	28	71	72	25	140	0.311561	1.16616	3.58385e-06	1.15029e-05
345	36	26	47	48	23	42	0.597118	0.51564	2.95041e-06	4.94108e-06
346	35	21	32	32	16	37	0.677287	0.38966	2.5549e-06	3.77225e-06
347	39	32	55	58	26	90	0.439007	0.82324	3.53662e-06	8.05595e-06
348	40	33	135	145	29	629	0.0162689	4.1185	6.76879e-07	4.16057e-05
349	43	25	83	90	32	206	0.198732	1.6158	3.18482e-06	1.60257e-05
350	29	22	35	35	22	19	0.728549	0.3167	2.17486e-06	2.9852e-06
351	36	28	75	81	23	227	0.18893	1.66638	3.14256e-06	1.66335e-05
352	33	26	52	56	19	135	0.353391	1.04018	3.65196e-06	1.0334e-05
353	28	23	43	45	20	70	0.527503	0.6396	3.30189e-06	6.25947e-06
354	36	25	57	59	27	74	0.47335	0.74792	3.43759e-06	7.26227e-06
355	37	28	71	74	31	90	0.397039	0.92372	3.55712e-06	8.95911e-06
356	41	29	43	47	25	30	0.638802	0.44816	2.71302e-06	4.24703e-06
357	35	26	37	39	22	48	0.612798	0.48972	2.91192e-06	4.75185e-06
358	37	31	74	80	25	189	0.230778	1.4663	3.35966e-06	1.4558e-05
359	35	27	71	77	15	442	0.0647151	2.73776	1.80111e-06	2.78313e-05
360	40	30	61	65	26	98	0.40333	0.908	3.58002e-06	8.87615e-06
361	33	25	83	85	30	249	0.164688	1.8037	2.96904e-06	1.80282e-05
362	42	29	54	61	24	84	0.4442	0.81148	3.51207e-06	7.90649e-06
363	37	28	34	36	24	28	0.691508	0.36888	2.434e-06	3.51984e-06
364	29	18	60	62	21	126	0.356308	1.03196	3.63239e-06	1.01945e-05
365	40	33	71	72	29	127	0.332918	1.09986	3.59955e-06	1.08121e-05
366	42	32	58	61	30	83	0.446471	0.80638	3.5063e-06	7.85336e-06
367	45	32	60	62	23	177	0.274704	1.29206	3.54487e-06	1.29043e-05
368	30	23	71	80	22	255	0.16482	1.8029	2.97744e-06	1.80648e-05
369	36	27	57	57	21	123	0.373342	0.98526	3.64117e-06	9.7529e-06
370	34	24	44	46	23	57	0.560134	0.57958	3.15085e-06	5.62518e-06
371	38	26	71	77	30	202	0.220081	1.51376	3.31868e-06	1.50794e-05
372	37	31	79	81	30	137	0.29898	1.20738	3.54336e-06	1.18515e-05
373	32	24	56	57	21	141	0.340595	1.07706	3.64754e-06	1.07093e-05
374	41	36	68	69	27	152	0.298639	1.20852	3.57505e-06	1.19711e-05
375	26	22	53	56	23	126	0.36999	0.99428	3.64656e-06	9.85585e-06
376	46	39	90	97	29	271	0.136523	1.99126	2.71333e-06	1.98745e-05
377	31	22	55	59	23	123	0.368682	0.99782	3.63734e-06	9.86579e-06
378	31	25	62	65	19	198	0.242198	1.418	3.43666e-06	1.41895e-05
379	34	26	55	57	19	119	0.381037	0.96486	3.63523e-06	9.54036e-06
380	38	30	40	40	18	65	0.558389	0.5827	3.18927e-06	5.71156e-06
381	37	28	68	71	25	135	0.321621	1.13438	3.59597e-06	1.11808e-05
382	16	12	31	34	14	49	0.629128	0.46342	2.84539e-06	4.52275e-06
383	29	26	89	93	27	344	0.096478	2.33844	2.26988e-06	2.35274e-05
384	35	29	71	74	32	122	0.337254	1.08692	3.59491e-06	1.06594e-05
385	46	37	114	119	34	488	0.0393161	3.23612	1.28353e-06	3.26463e-05
386	27	20	44	48	17	147	0.349539	1.05114	3.67717e-06	1.05201e-05
387	34	28	86	89	28	212	0.193957	1.64012	3.15918e-06	1.62881e-05
388	35	25	62	66	21	211	0.225242	1.49058	3.36436e-06	1.49366e-05
389	27	21	35	37	16	83	0.519099	0.65566	3.37343e-06	6.49862e-06
390	38	31	48	53	22	63	0.519889	0.65414	3.29564e-06	6.33911e-06
391	38	30	49	53	15	137	0.356458	1.03154	3.66117e-06	1.0271e-05
392	42	34	59	64	27	103	0.395652	0.92722	3.59464e-06	9.08537e-06
393	28	21	38	41	17	74	0.529999	0.63488	3.31048e-06	6.24621e-06
394	43	30	63	67	22	157	0.294799	1.22146	3.57412e-06	1.21239e-05
395	32	24	63	65	27	166	0.285133	1.2548	3.56108e-06	1.24892e-05
396	37	31	60	62	22	147	0.32012	1.13906	3.62066e-06	1.13103e-05
397	35	24	38	42	17	99	0.463634	0.76866	3.53798e-06	7.63099e-06
398	27	19	75	79	19	277	0.148255	1.90882	2.84313e-06	1.91773e-05
399	38	30	57	63	17	276	0.164764	1.80324	3.00216e-06	1.8221e-05
400	42	30	63	67	28	116	0.36336	1.01236	3.61378e-06	9.94544e-06
401	43	35	69	71	30	149	0.299458	1.20578	3.57093e-06	1.19246e-05
402	28	24	39	41	16	58	0.575061	0.55328	3.10307e-06	5.39608e-06
403	40	28	73	80	31	162	0.264848	1.3286	3.4757e-06	1.31234e-05
404	33	28	120	131	30	543	0.0275437	3.59198	9.98349e-07	3.6246e-05
405	40	28	85	89	25	426	0.0651202	2.73152	1.80113e-06	2.76586e-05
406	36	29	69	71	22	206	0.223917	1.49648	3.34828e-06	1.49532e-05
407	38	32	82	87	26	444	0.0601593	2.81076	1.71466e-06	2.85021e-05
408	39	30	92	97	31	225	0.17262	1.75666	3.00884e-06	1.74304e-05
409	48	35	67	71	29	96	0.392397	0.93548	3.57418e-06	9.10857e-06
410	38	33	64	69	26	103	0.383422	0.95862	3.59174e-06	9.3676e-06
411	32	16	32	33	13	52	0.623479	0.47244	2.88403e-06	4.6257e-06
412	38	26	53	55	23	68	0.500474	0.6922	3.36202e-06	6.71768e-06
413	33	25	57	61	18	151	0.315631	1.15318	3.61916e-06	1.14664e-05
414	44	30	80	81	30	150	0.2798	1.27368	3.50932e-06	1.25422e-05
415	36	31	78	78	30	277	0.149189	1.90254	2.85262e-06	1.91208e-05
416	31	21	72	74	18	282	0.149133	1.90292	2.85748e-06	1.91607e-05
417	40	27	80	82	23	229	0.185842	1.68286	3.12144e-06	1.67962e-05
418	34	24	57	60	24	89	0.435744	0.8307	3.53637e-06	8.11571e-06
419	44	34	61	66	20	156	0.298173	1.21008	3.58235e-06	1.20143e-05
420	30	22	54	59	19	136	0.345031	1.06412	3.64233e-06	1.05565e-05
421	36	29	77	83	22	210	0.203469	1.59224	3.22359e-06	1.58431e-05
422	34	28	75	82	23	253	0.164432	1.80526	2.97151e-06	1.80714e-05
423	20	15	46	47	15	159	0.33086	1.10606	3.67295e-06	1.11012e-05
424	37	26	47	49	25	51	0.56676	0.56782	3.10342e-06	5.47573e-06
425	34	27	84	90	26	198	0.207008	1.575	3.22945e-06	1.56007e-05
426	40	31	29	29	20	16	0.768189	0.26372	1.91057e-06	2.48711e-06
427	25	17	45	45	22	73	0.519494	0.6549	3.33456e-06	6.41887e-06
428	45	38	104	113	24	497	0.0389943	3.24434	1.27846e-06	3.27858e-05
429	31	21	71	74	21	208	0.217508	1.52552	3.31239e-06	1.52288e-05
430	32	23	32	33	15	57	0.607781	0.49794	2.97288e-06	4.89136e-06
431	34	27	61	63	24	127	0.352276	1.04334	3.62989e-06	1.03041e-05
432	40	28	61	63	19	142	0.326332	1.11984	3.62265e-06	1.11011e-05
433	37	27	44	46	18	114	0.418834	0.87028	3.6245e-06	8.65377e-06
434	37	27	56	65	20	291	0.150725	1.8923	2.88349e-06	1.91309e-05
435	41	33	77	81	28	223	0.192824	1.64598	3.16635e-06	1.6421e-05
436	18	13	27	28	12	42	0.67703	0.39004	2.58092e-06	3.81213e-06
437	36	25	60	62	22	161	0.29806	1.21046	3.59288e-06	1.20542e-05
438	42	30	65	67	26	105	0.384328	0.95626	3.59768e-06	9.36098e-06
439	35	27	97	101	30	271	0.133137	2.01638	2.67609e-06	2.01003e-05
440	35	29	66	67	25	101	0.392248	0.93586	3.58846e-06	9.14844e-06
441	30	25	39	42	10	177	0.311468	1.16646	3.66765e-06	1.17754e-05
442	38	26	46	48	23	57	0.553142	0.59214	3.17397e-06	5.73808e-06
443	40	31	64	65	23	140	0.325563	1.1222	3.61627e-06	1.11077e-05
444	41	32	62	66	23	141	0.321879	1.13358	3.61062e-06	1.12173e-05
445	26	19	48	51	16	169	0.30661	1.18218	3.63588e-06	1.18583e-05
446	31	24	43	46	21	78	0.503244	0.68668	3.39236e-06	6.74098e-06
447	32	26	100	103	28	268	0.133502	2.01364	2.67722e-06	2.00538e-05
448	41	30	67	71	31	111	0.363499	1.01198	3.60066e-06	9.90556e-06
449	35	28	84	86	22	282	0.138307	1.97828	2.74374e-06	1.98381e-05
450	33	25	39	39	26	24	0.692588	0.36732	2.40789e-06	3.47665e-06
451	38	32	81	82	28	202	0.213278	1.54516	3.27629e-06	1.53616e-05
452	36	28	51	53	19	155	0.325192	1.12334	3.65105e-06	1.12274e-05
453	42	34	86	88	30	204	0.203307	1.59304	3.21358e-06	1.58066e-05
454	28	23	49	51	10	189	0.276878	1.28418	3.57754e-06	1.2921e-05
455	33	25	71	77	29	195	0.22808	1.47806	3.35447e-06	1.47074e-05
456	32	24	47	49	19	106	0.428134	0.84832	3.59549e-06	8.39805e-06
457	42	30	80	83	23	231	0.182804	1.69934	3.10016e-06	1.69589e-05
458	36	30	86	92	28	286	0.130503	2.03636	2.66086e-06	2.03893e-05
459	39	35	100	107	21	410	0.0631047	2.76296	1.75586e-06	2.78245e-05
460	39	32	103	107	31	364	0.0797898	2.52836	2.02509e-06	2.53804e-05
461	21	15	50	55	16	256	0.191858	1.651	3.20532e-06	1.67067e-05
462	43	36	94	98	30	264	0.140599	1.96184	2.74999e-06	1.9559e-05
463	34	25	81	85	29	183	0.230593	1.4671	3.34854e-06	1.45214e-05
464	33	26	70	74	19	220	0.204596	1.58672	3.2462e-06	1.58664e-05
465	40	31	66	69	27	226	0.204759	1.58592	3.25629e-06	1.5903e-05
466	31	21	47	49	9	268	0.187398	1.67452	3.18682e-06	1.70056e-05
467	36	30	45	47	21	60	0.548175	0.60116	3.20191e-06	5.84103e-06
468	33	25	35	37	14	39	0.64969	0.43126	2.7032e-06	4.16076e-06
469	39	28	129	135	31	562	0.0243798	3.714	9.13787e-07	3.74813e-05
470	39	32	64	66	24	134	0.333578	1.09788	3.61778e-06	1.08454e-05
471	44	34	90	93	22	334	0.101526	2.28744	2.3347e-06	2.29961e-05
472	30	22	81	85	27	183	0.230593	1.4671	3.34854e-06	1.45214e-05
473	31	23	45	48	19	114	0.413607	0.88284	3.62595e-06	8.76667e-06
474	33	28	58	59	20	153	0.316377	1.15082	3.62562e-06	1.14598e-05
475	36	29	74	85	25	309	0.121274	2.1097	2.57298e-06	2.12162e-05
476	36	22	93	100	28	411	0.0656052	2.7241	1.803e-06	2.74825e-05
477	47	39	131	140	34	528	0.0280996	3.572	1.01038e-06	3.5957e-05
478	40	31	61	66	24	124	0.351031	1.04688	3.62056e-06	1.03141e-05
479	39	29	70	73	28	94	0.391473	0.93784	3.56835e-06	9.1152e-06
480	45	37	75	82	24	290	0.136155	1.99396	2.72819e-06	2.00373e-05
481	30	23	35	39	15	137	0.389216	0.94362	3.69005e-06	9.4807e-06
482	34	27	46	47	21	55	0.562334	0.57566	3.13521e-06	5.57536e-06
483	34	27	66	68	27	133	0.331098	1.10534	3.61068e-06	1.09052e-05
484	24	20	58	60	22	98	0.416196	0.8766	3.57675e-06	8.59391e-06
485	37	31	53	55	28	47	0.55705	0.5851	3.12053e-06	5.60188e-06
486	38	24	38	40	18	62	0.566998	0.5674	3.14806e-06	5.55216e-06
487	40	29	49	52	23	75	0.492107	0.70906	3.40551e-06	6.92027e-06
488	26	21	42	44	17	72	0.52544	0.64352	3.31515e-06	6.30928e-06
489	46	34	52	54	29	56	0.535411	0.62472	3.22512e-06	6.02363e-06
490	45	34	61	64	29	83	0.438139	0.82522	3.51506e-06	8.0227e-06
491	37	28	56	56	24	74	0.482353	0.72908	3.42129e-06	7.09292e-06
492	31	26	59	63	25	90	0.425436	0.85464	3.54737e-06	8.33819e-06
493	32	24	91	93	30	187	0.214866	1.53774	3.26286e-06	1.51855e-05
494	37	32	84	87	27	211	0.197412	1.62246	3.18269e-06	1.6122e-05
495	42	33	74	80	20	293	0.135783	1.9967	2.72704e-06	2.00838e-05
496	41	33	55	60	27	95	0.422612	0.8613	3.56453e-06	8.43451e-06
497	29	23	85	88	24	262	0.151247	1.88884	2.8568e-06	1.88883e-05
498	45	33	60	63	24	187	0.259411	1.34934	3.50001e-06	1.34921e-05
499	31	24	55	58	16	154	0.316751	1.14964	3.62885e-06	1.14565e-05
500	40	28	72	75	21	211	0.212864	1.5471	3.28762e-06	1.54447e-05
501	35	26	53	58	19	99	0.419312	0.86914	3.57847e-06	8.53415e-06
502	26	19	62	64	20	164	0.289871	1.23832	3.57309e-06	1.23265e-05
503	38	31	51	56	22	91	0.442294	0.81578	3.53667e-06	7.99619e-06
504	48	39	59	64	27	74	0.458718	0.77932	3.4608e-06	7.5445e-06
505	42	30	42	45	22	44	0.6023	0.507	2.93802e-06	4.878e-06
506	28	21	32	32	13	92	0.511627	0.67016	3.42512e-06	6.69458e-06
507	51	40	92	96	33	298	0.11971	2.12268	2.54416e-06	2.12527e-05
508	32	29	65	66	21	191	0.249429	1.38858	3.46058e-06	1.3874e-05
509	45	32	76	79	33	134	0.307426	1.17952	3.55975e-06	1.15792e-05
510	35	28	71	76	20	332	0.114123	2.17048	2.50274e-06	2.19302e-05
511	31	27	57	58	23	207	0.241729	1.41994	3.45008e-06	1.42725e-05
512	38	32	47	48	17	92	0.462717	0.77064	3.5156e-06	7.59774e-06
513	39	28	58	59	18	183	0.271493	1.30382	3.54401e-06	1.30538e-05
514	43	35	74	79	29	140	0.298161	1.21012	3.54753e-06	1.1898e-05
515	28	20	33	34	15	43	0.648677	0.43282	2.727e-06	4.20395e-06
516	50	35	62	65	19	173	0.275133	1.2905	3.53853e-06	1.28611e-05
517	34	23	40	41	19	42	0.623953	0.47168	2.83646e-06	4.54595e-06
518	38	34	76	80	35	101	0.361498	1.0175	3.57241e-06	9.88226e-06
519	40	33	66	68	26	114	0.364788	1.00844	3.6098e-06	9.89562e-06
520	26	18	21	22	10	29	0.751218	0.28606	2.09042e-06	2.78271e-06
521	39	31	77	80	26	281	0.144352	1.9355	2.8071e-06	1.94462e-05
522	38	29	59	62	24	103	0.400653	0.91466	3.59485e-06	8.97247e-06
523	43	36	90	98	31	220	0.17597	1.73744	3.03041e-06	1.72212e-05
524	29	22	36	37	18	68	0.560369	0.57916	3.19501e-06	5.70162e-06
525	33	28	55	57	17	166	0.299824	1.20456	3.60917e-06	1.20376e-05
526	33	29	46	49	17	173	0.304215	1.19002	3.6378e-06	1.1958e-05
527	36	34	57	58	19	156	0.313536	1.15984	3.62534e-06	1.15627e-05
528	36	30	48	54	22	87	0.457115	0.78282	3.50642e-06	7.67076e-06
529	37	27	65	68	18	197	0.238893	1.43174	3.41752e-06	1.43057e-05
530	40	31	43	45	18	111	0.427971	0.8487	3.61119e-06	8.43793e-06
531	34	28	48	51	23	123	0.387678	0.94758	3.64968e-06	9.41421e-06
532	44	34	92	101	33	299	0.11542	2.15918	2.49169e-06	2.1588e-05
533	30	18	42	45	15	155	0.341947	1.0731	3.68475e-06	1.07758e-05
534	36	29	98	107	31	431	0.0566955	2.87006	1.64079e-06	2.89403e-05
535	34	27	75	82	27	169	0.25237	1.37686	3.4343e-06	1.36082e-05
536	41	27	56	58	22	91	0.436774	0.82834	3.54183e-06	8.10908e-06
537	37	30	61	64	21	145	0.319365	1.14142	3.61424e-06	1.1317e-05
538	40	35	62	68	28	105	0.381922	0.96254	3.59672e-06	9.41742e-06
539	40	30	40	41	22	39	0.633573	0.45638	2.7792e-06	4.38655e-06
540	25	21	48	53	19	99	0.432687	0.83774	3.5705e-06	8.25191e-06
541	45	39	67	70	22	302	0.138097	1.9798	2.7616e-06	1.99976e-05
542	30	23	83	91	27	239	0.166897	1.79038	2.9767e-06	1.78356e-05
543	58	44	78	80	26	190	0.229604	1.4714	3.35477e-06	1.46111e-05
544	33	28	16	17	12	6	0.871656	0.13736	1.11433e-06	1.27841e-06
545	34	22	33	33	19	20	0.734005	0.30924	2.14728e-06	2.92543e-06
546	37	29	70	71	33	104	0.37671	0.97628	3.59141e-06	9.53363e-06
547	41	36	73	80	24	208	0.209465	1.5632	3.26084e-06	1.55675e-05
548	41	30	88	92	32	156	0.253255	1.37336	3.41437e-06	1.3482e-05
549	31	24	73	77	31	145	0.294328	1.22306	3.54688e-06	1.20508e-05
550	36	27	98	106	23	358	0.0827874	2.49148	2.07011e-06	2.50051e-05
551	31	27	66	67	27	117	0.361512	1.01746	3.6146e-06	9.99857e-06
552	42	27	44	49	20	159	0.32673	1.11862	3.66399e-06	1.12141e-05
553	35	28	39	42	16	57	0.574382	0.55446	3.10132e-06	5.39939e-06
554	41	31	74	79	21	246	0.173649	1.75072	3.04409e-06	1.75301e-05
555	38	29	54	55	24	85	0.458911	0.7789	3.49733e-06	7.62094e-06
556	36	28	61	64	19	149	0.312916	1.16182	3.60776e-06	1.15295e-05
557	41	34	120	136	31	641	0.0161929	4.12318	6.75816e-07	4.17353e-05
558	27	22	62	65	19	155	0.301586	1.1987	3.5903e-06	1.19047e-05
559	32	25	46	48	20	103	0.437473	0.82674	3.57949e-06	8.1822e-06
560	32	20	57	62	30	124	0.359961	1.02176	3.63138e-06	1.00883e-05
561	41	31	73	77	30	137	0.306585	1.18226	3.56427e-06	1.16257e-05
562	35	31	54	56	16	274	0.173934	1.74908	3.08203e-06	1.77196e-05
563	34	25	54	55	17	161	0.311455	1.1665	3.63128e-06	1.16591e-05
564	38	34	93	94	33	213	0.187005	1.67662	3.10867e-06	1.66234e-05
565	26	19	60	63	22	131	0.345162	1.06374	3.62995e-06	1.05166e-05
566	42	32	69	73	27	169	0.267044	1.32034	3.49833e-06	1.31002e-05
567	28	21	34	35	11	61	0.588075	0.5309	3.06787e-06	5.21679e-06
568	49	39	61	64	23	125	0.35366	1.03942	3.62653e-06	1.02543e-05
569	32	25	70	72	22	143	0.30683	1.18146	3.57834e-06	1.16623e-05
570	40	28	78	78	28	201	0.219821	1.51494	3.3155e-06	1.50827e-05
571	42	34	57	60	28	95	0.422612	0.8613	3.56453e-06	8.43451e-06
572	34	29	56	60	23	109	0.39349	0.9327	3.6116e-06	9.17837e-06
573	29	23	52	56	19	134	0.355198	1.03508	3.65176e-06	1.02809e-05
574	36	27	46	49	20	96	0.450535	0.79732	3.54423e-06	7.86672e-06
575	40	30	91	94	27	297	0.121843	2.10502	2.56926e-06	2.10866e-05
576	29	27	66	70	26	253	0.177302	1.7299	3.084e-06	1.7394e-05
577	34	29	64	68	26	225	0.207103	1.57454	3.27086e-06	1.57934e-05
578	33	27	37	38	16	41	0.639071	0.44774	2.763e-06	4.32347e-06
579	32	27	45	52	15	312	0.146936	1.91776	2.86713e-06	1.95128e-05
580	36	24	35	38	24	23	0.700515	0.35594	2.35868e-06	3.36707e-06
581	38	22	58	61	23	154	0.310839	1.16848	3.61376e-06	1.16258e-05
582	39	35	42	48	19	67	0.525639	0.64314	3.29545e-06	6.26941e-06
583	23	16	23	24	18	7	0.829925	0.18642	1.43301e-06	1.72667e-06
584	44	30	60	61	25	78	0.458003	0.78088	3.47518e-06	7.58769e-06
585	29	23	45	50	16	183	0.287279	1.2473	3.60414e-06	1.25458e-05
586	37	30	48	51	19	115	0.403822	0.90678	3.63002e-06	8.98915e-06
587	33	29	46	50	19	118	0.400196	0.9158	3.63862e-06	9.0921e-06
588	36	29	70	76	25	226	0.195953	1.62988	3.19367e-06	1.62981e-05
589	36	27	46	51	17	101	0.43371	0.83538	3.57606e-06	8.24528e-06
590	42	33	97	103	33	271	0.131475	2.02894	2.65753e-06	2.02132e-05
591	40	31	89	93	30	181	0.221543	1.50714	3.29362e-06	1.48667e-05
592	24	21	47	51	20	122	0.38966	0.94248	3.64764e-06	9.36108e-06
593	45	39	68	80	25	256	0.163982	1.808	2.97101e-06	1.81179e-05
594	30	27	96	101	28	273	0.131785	2.02658	2.66293e-06	2.02066e-05
595	35	27	69	77	27	221	0.199756	1.61066	3.21385e-06	1.60889e-05
596	34	29	72	76	29	146	0.294676	1.22188	3.55009e-06	1.20475e-05
597	33	26	86	95	29	321	0.107131	2.2337	2.4017e-06	2.24183e-05
598	49	36	116	126	28	630	0.0182374	4.00428	7.40189e-07	4.05863e-05
599	45	38	126	128	37	332	0.0823283	2.49704	2.04714e-06	2.48655e-05
600	40	31	88	93	32	214	0.187226	1.67544	3.11172e-06	1.66201e-05
601	33	26	56	59	28	67	0.490554	0.71222	3.38008e-06	6.89033e-06
602	35	25	44	47	20	55	0.562334	0.57566	3.13521e-06	5.57536e-06
603	31	23	31	33	14	39	0.666217	0.40614	2.62154e-06	3.93497e-06
604	45	35	56	60	22	111	0.389497	0.9429	3.61634e-06	9.28464e-06
605	34	27	61	65	26	99	0.401278	0.9131	3.58313e-06	8.92928e-06
606	36	24	48	51	16	147	0.343015	1.06998	3.66663e-06	1.06894e-05
607	37	28	60	62	21	116	0.374951	0.98096	3.62323e-06	9.6632e-06
608	30	24	67	72	20	257	0.171554	1.76286	3.03984e-06	1.77195e-05
609	41	34	75	78	29	151	0.283671	1.25994	3.5249e-06	1.2426e-05
610	36	31	80	83	28	144	0.284893	1.25564	3.51454e-06	1.23363e-05
611	47	39	68	73	24	182	0.249914	1.38664	3.44654e-06	1.37909e-05
612	31	28	63	69	19	276	0.158671	1.84092	2.94488e-06	1.85596e-05
613	28	24	33	37	12	67	0.563234	0.57406	3.18142e-06	5.64849e-06
614	35	28	64	68	27	150	0.303601	1.19204	3.58505e-06	1.18084e-05
615	38	25	51	58	18	319	0.13654	1.99114	2.7613e-06	2.02235e-05
616	38	34	67	69	19	232	0.198589	1.61652	3.22146e-06	1.62218e-05
617	27	22	77	79	27	178	0.245632	1.40392	3.41848e-06	1.39171e-05
618	42	33	52	54	28	65	0.511391	0.67062	3.32498e-06	6.50183e-06
619	27	21	62	69	23	213	0.218795	1.51962	3.32837e-06	1.52123e-05
620	48	36	83	91	29	232	0.172963	1.75468	3.02056e-06	1.74636e-05
621	32	25	75	78	26	199	0.222075	1.50474	3.32589e-06	1.49764e-05
622	29	18	34	36	12	124	0.423806	0.85848	3.65347e-06	8.62063e-06
623	35	30	73	74	28	142	0.30455	1.18892	3.56995e-06	1.1722e-05
624	36	26	53	56	27	68	0.497341	0.69848	3.36905e-06	6.77412e-06
625	31	28	52	54	26	65	0.511391	0.67062	3.32498e-06	6.50183e-06
626	36	26	62	64	19	158	0.298878	1.20772	3.58883e-06	1.20077e-05
627	39	35	66	69	30	79	0.433345	0.83622	3.50681e-06	8.09241e-06
628	36	28	71	76	21	457	0.0603267	2.80798	1.72365e-06	2.85719e-05
629	36	26	39	40	20	53	0.593629	0.5215	3.01205e-06	5.07396e-06
630	32	23	71	72	15	270	0.160548	1.82916	2.95573e-06	1.84102e-05
631	37	30	75	76	27	190	0.235445	1.44628	3.38695e-06	1.43853e-05
632	36	30	123	129	31	461	0.042374	3.16122	1.34648e-06	3.17761e-05
633	41	33	100	107	28	558	0.0296658	3.51776	1.05872e-06	3.56882e-05
634	39	32	61	68	27	106	0.379979	0.96764	3.59861e-06	9.47056e-06
635	27	20	29	32	13	69	0.575302	0.55286	3.14835e-06	5.47251e-06
636	43	32	49	53	21	157	0.321892	1.13354	3.6482e-06	1.13336e-05
637	29	23	48	52	20	88	0.460538	0.77536	3.50515e-06	7.611e-06
638	39	28	58	63	24	106	0.392099	0.93624	3.60273e-06	9.18832e-06
639	33	26	39	42	19	63	0.557072	0.58506	3.18545e-06	5.71819e-06
640	37	30	60	62	23	213	0.228628	1.47566	3.38761e-06	1.48171e-05
641	36	30	84	86	33	143	0.281006	1.26938	3.49924e-06	1.24525e-05
642	37	29	33	35	17	77	0.541994	0.6125	3.28824e-06	6.06692e-06
643	39	30	82	86	28	285	0.136207	1.99358	2.72379e-06	1.99975e-05
644	31	29	64	67	23	154	0.299345	1.20616	3.58151e-06	1.19645e-05
645	44	30	72	78	28	192	0.230146	1.46904	3.36117e-06	1.46045e-05
646	30	23	70	74	19	252	0.173788	1.74992	3.05288e-06	1.75667e-05
647	42	32	50	52	21	85	0.467638	0.76006	3.48465e-06	7.4516e-06
648	33	28	39	40	19	42	0.627884	0.4654	2.81888e-06	4.4895e-06
649	29	21	57	59	25	105	0.404129	0.90602	3.60055e-06	8.90939e-06
650	37	31	76	77	27	185	0.240014	1.42706	3.40246e-06	1.41761e-05
651	33	24	62	65	27	87	0.426604	0.8519	3.53726e-06	8.29168e-06
652	40	28	69	73	22	246	0.180317	1.71304	3.09991e-06	1.71914e-05
653	34	28	92	99	25	292	0.121126	2.11092	2.55616e-06	2.11032e-05
654	27	20	43	44	24	46	0.599943	0.51092	2.95641e-06	4.92782e-06
655	36	29	67	71	25	166	0.274589	1.29248	3.5224e-06	1.28279e-05
656	37	30	45	47	19	70	0.520919	0.65216	3.31949e-06	6.37236e-06
657	34	27	53	60	14	147	0.324166	1.1265	3.62983e-06	1.11974e-05
658	33	25	64	68	28	140	0.319487	1.14104	3.60288e-06	1.12771e-05
659	37	30	55	57	21	96	0.428459	0.84756	3.56405e-06	8.3183e-06
660	40	30	65	70	25	188	0.246992	1.3984	3.44316e-06	1.39404e-05
661	41	30	81	88	30	166	0.246784	1.39924	3.40254e-06	1.37875e-05
662	37	29	97	101	27	310	0.109123	2.21528	2.41953e-06	2.21725e-05
663	46	36	91	94	34	188	0.212435	1.54912	3.24922e-06	1.52951e-05
664	31	24	68	71	20	207	0.222778	1.50158	3.34308e-06	1.50064e-05
665	32	30	83	90	25	440	0.0602532	2.8092	1.71474e-06	2.84589e-05
666	34	24	60	67	19	183	0.25819	1.35406	3.48695e-06	1.35054e-05
667	30	17	45	49	18	76	0.498915	0.69532	3.39464e-06	6.80406e-06
668	38	32	76	78	24	210	0.20996	1.56084	3.26716e-06	1.55609e-05
669	37	29	80	85	26	192	0.220248	1.513	3.30364e-06	1.49996e-05
670	41	32	68	70	22	156	0.290777	1.2352	3.55914e-06	1.22401e-05
671	27	21	35	39	15	80	0.520524	0.65292	3.35848e-06	6.45211e-06
672	48	42	85	89	30	219	0.187155	1.67582	3.118e-06	1.666e-05
673	32	23	62	70	23	181	0.255969	1.3627	3.4731e-06	1.35684e-05
674	41	35	77	83	27	233	0.180949	1.70954	3.08793e-06	1.70652e-05
675	35	26	52	55	20	106	0.412302	0.886	3.60217e-06	8.73674e-06
676	37	33	153	166	38	864	0.00430112	5.44888	2.37755e-07	5.52774e-05
677	38	29	77	86	26	323	0.11221	2.18738	2.47048e-06	2.20165e-05
678	23	21	33	33	14	76	0.551651	0.59484	3.25523e-06	5.90089e-06
679	31	26	70	75	24	257	0.168352	1.7817	3.01161e-06	1.78888e-05
680	45	35	45	49	21	113	0.413119	0.88402	3.62305e-06	8.76998e-06
681	37	32	54	59	22	108	0.397993	0.92132	3.60932e-06	9.06879e-06
682	32	25	44	45	21	61	0.55228	0.5937	3.19288e-06	5.78127e-06
683	37	34	100	110	30	327	0.094562	2.3585	2.23013e-06	2.35838e-05
684	35	25	60	67	26	107	0.380427	0.96646	3.6016e-06	9.46724e-06
685	26	22	38	40	13	105	0.455345	0.7867	3.56849e-06	7.83689e-06
686	39	33	71	76	19	297	0.136425	1.99198	2.73813e-06	2.00706e-05
687	29	23	56	60	23	95	0.422612	0.8613	3.56453e-06	8.43451e-06
688	43	33	63	67	31	82	0.43216	0.83896	3.51731e-06	8.13891e-06
689	29	25	59	61	17	130	0.351312	1.04608	3.6363e-06	1.03506e-05
690	37	30	100	103	31	258	0.140487	1.96264	2.74265e-06	1.95225e-05
691	33	28	46	47	24	56	0.559473	0.58076	3.14899e-06	5.6285e-06
692	23	20	54	55	16	155	0.321133	1.1359	3.64173e-06	1.13403e-05
693	36	30	61	68	21	235	0.196805	1.62554	3.2128e-06	1.63247e-05
694	30	26	59	66	25	140	0.323525	1.12848	3.61189e-06	1.11642e-05
695	39	29	82	86	29	214	0.19564	1.63148	3.17426e-06	1.6225e-05
696	33	26	44	46	15	133	0.380154	0.96718	3.67354e-06	9.66331e-06
697	44	32	98	105	26	517	0.0370273	3.2961	1.2366e-06	3.33969e-05
698	29	23	43	47	17	97	0.453908	0.78986	3.54364e-06	7.80696e-06
699	45	34	85	91	27	211	0.192515	1.64758	3.14721e-06	1.63478e-05
700	33	27	60	60	19	156	0.309623	1.1724	3.61504e-06	1.16756e-05
701	31	27	67	74	23	210	0.215301	1.53572	3.30166e-06	1.53351e-05
702	36	34	64	66	24	158	0.295148	1.22028	3.57736e-06	1.21206e-05
703	37	29	45	45	25	53	0.575279	0.5529	3.08131e-06	5.3562e-06
704	40	30	72	75	26	199	0.226299	1.4859	3.35082e-06	1.48071e-05
705	36	32	70	78	18	318	0.121039	2.11164	2.57805e-06	2.12993e-05
706	29	20	52	56	17	173	0.291132	1.23398	3.59638e-06	1.23531e-05
707	30	22	32	35	15	43	0.644616	0.4391	2.74632e-06	4.26039e-06
708	34	28	49	56	21	121	0.379546	0.96878	3.63991e-06	9.59018e-06
709	34	24	59	62	19	208	0.234533	1.45016	3.41279e-06	1.45515e-05
710	34	26	82	83	21	238	0.176393	1.73504	3.05704e-06	1.73309e-05
711	37	24	90	100	22	497	0.0423113	3.1627	1.35616e-06	3.2052e-05
712	34	29	51	52	23	83	0.472433	0.74986	3.47017e-06	7.34533e-06
713	40	35	75	82	28	142	0.289627	1.23916	3.52581e-06	1.21736e-05
714	39	25	73	77	20	402	0.0793601	2.53376	2.04003e-06	2.5706e-05
715	33	21	46	47	18	75	0.507804	0.67766	3.37082e-06	6.63803e-06
716	31	22	21	21	14	11	0.828631	0.18798	1.46657e-06	1.76986e-06
717	43	38	78	84	26	194	0.219387	1.51692	3.30164e-06	1.50494e-05
718	34	26	57	59	20	155	0.313167	1.16102	3.6221e-06	1.15661e-05
719	34	30	70	74	20	332	0.115565	2.15792	2.52133e-06	2.18173e-05
720	37	30	67	70	33	118	0.35296	1.0414	3.60762e-06	1.0221e-05
721	28	24	43	48	12	181	0.293893	1.22454	3.6227e-06	1.23266e-05
722	41	28	50	51	21	107	0.420639	0.86598	3.60239e-06	8.56408e-06
723	26	22	40	41	19	51	0.595961	0.51758	2.99419e-06	5.02414e-06
724	47	36	82	85	25	267	0.150243	1.8955	2.85231e-06	1.89846e-05
725	31	30	70	71	26	169	0.27042	1.30778	3.51202e-06	1.29873e-05
726	37	33	67	69	35	79	0.433345	0.83622	3.50681e-06	8.09241e-06
727	35	26	54	57	25	149	0.326979	1.11786	3.6407e-06	1.11344e-05
728	39	33	85	90	30	186	0.220072	1.5138	3.29295e-06	1.49631e-05
729	38	29	60	64	30	66	0.477821	0.73852	3.40181e-06	7.11944e-06
730	27	20	36	38	18	57	0.588994	0.52934	3.04722e-06	5.1736e-06
731	42	32	57	58	19	105	0.406675	0.89974	3.60028e-06	8.85295e-06
732	49	39	84	88	33	160	0.254453	1.36864	3.42715e-06	1.34687e-05
733	39	33	47	47	22	71	0.518269	0.65726	3.33014e-06	6.42549e-06
734	33	25	52	58	17	170	0.29193	1.23124	3.59267e-06	1.23066e-05
735	43	34	95	100	34	266	0.137436	1.9846	2.71823e-06	1.97782e-05
736	35	29	63	67	23	210	0.224976	1.49176	3.36114e-06	1.494e-05
737	29	25	55	59	21	120	0.374367	0.98252	3.63375e-06	9.70639e-06
738	38	22	62	67	22	156	0.296307	1.21636	3.57665e-06	1.20708e-05
739	31	26	88	94	24	418	0.0657352	2.72212	1.80875e-06	2.75158e-05
740	42	37	65	67	22	153	0.300875	1.20106	3.58383e-06	1.19114e-05
741	28	23	27	30	14	31	0.707159	0.3465	2.3623e-06	3.34056e-06
742	43	32	57	62	27	94	0.419471	0.86876	3.5631e-06	8.49427e-06
743	32	25	71	76	26	183	0.244002	1.41058	3.41929e-06	1.40134e-05
744	29	21	50	55	20	120	0.38389	0.9574	3.63951e-06	9.4806e-06
745	36	26	51	54	22	106	0.414899	0.87972	3.60144e-06	8.68029e-06
746	36	30	95	103	24	372	0.0785484	2.54404	2.00924e-06	2.55797e-05
747	39	32	74	75	28	122	0.335142	1.0932	3.59132e-06	1.07158e-05
748	25	17	42	43	17	96	0.467835	0.75964	3.52188e-06	7.52803e-06
749	43	33	69	73	25	191	0.238702	1.43254	3.40606e-06	1.42691e-05
750	29	24	27	27	13	38	0.695336	0.36336	2.46368e-06	3.54315e-06
751	36	27	70	73	28	170	0.265686	1.32544	3.49465e-06	1.31533e-05
752	33	26	47	48	19	63	0.536472	0.62274	3.24935e-06	6.05688e-06
753	33	23	77	82	25	207	0.207908	1.57066	3.24903e-06	1.56273e-05
754	36	28	48	51	19	81	0.480283	0.73338	3.44969e-06	7.18262e-06
755	27	19	36	36	19	32	0.677545	0.38928	2.52885e-06	3.73238e-06
756	39	33	49	52	23	72	0.499694	0.69376	3.37836e-06	6.76087e-06
757	23	17	45	48	13	160	0.327116	1.11744	3.66723e-06	1.12108e-05
758	44	35	97	101	30	255	0.144456	1.93478	2.7808e-06	1.92502e-05
759	40	33	120	123	38	307	0.096507	2.33814	2.24426e-06	2.32549e-05
760	48	39	83	87	28	217	0.191463	1.65306	3.14782e-06	1.64408e-05
761	43	35	75	80	25	216	0.201091	1.604	3.21596e-06	1.59926e-05
762	36	25	51	56	20	123	0.375694	0.97898	3.6429e-06	9.69645e-06
763	37	30	57	59	28	76	0.468546	0.75812	3.4525e-06	7.36853e-06
764	32	24	39	40	14	85	0.504241	0.6847	3.41585e-06	6.77423e-06
765	40	26	54	58	20	175	0.28458	1.25674	3.57782e-06	1.25723e-05
766	41	32	50	55	20	86	0.456576	0.784	3.5038e-06	7.67407e-06
767	34	30	91	93	28	232	0.170804	1.76724	3.00214e-06	1.75765e-05
768	30	25	44	46	19	71	0.521534	0.65098	3.32168e-06	6.36905e-06
769	39	33	47	49	21	72	0.509197	0.67492	3.35638e-06	6.59152e-06
770	34	26	53	56	20	140	0.344494	1.06568	3.65153e-06	1.05997e-05
771	39	32	58	60	18	93	0.426945	0.8511	3.5557e-06	8.32824e-06
772	37	31	51	54	21	162	0.311823	1.16532	3.63453e-06	1.16557e-05
773	24	20	49	54	14	146	0.338335	1.08372	3.65591e-06	1.08056e-05
774	41	35	92	105	35	255	0.140873	1.9599	2.74363e-06	1.9476e-05
775	26	19	34	34	17	36	0.672253	0.39712	2.57608e-06	3.83201e-06
776	46	36	111	114	33	461	0.0465597	3.06702	1.44006e-06	3.09294e-05
777	31	23	52	54	18	89	0.452476	0.79302	3.51892e-06	7.77703e-06
778	31	21	48	50	26	55	0.551838	0.5945	3.17015e-06	5.74471e-06
779	34	27	53	55	21	95	0.436093	0.8299	3.55515e-06	8.15227e-06
780	42	28	69	76	19	313	0.125735	2.07358	2.63046e-06	2.09207e-05
781	38	31	38	40	20	57	0.581642	0.5419	3.07485e-06	5.2865e-06
782	29	24	32	36	12	78	0.535861	0.62388	3.30975e-06	6.1765e-06
783	41	29	30	32	23	16	0.753851	0.28256	2.00257e-06	2.65645e-06
784	27	25	76	79	28	159	0.270625	1.30702	3.49311e-06	1.29075e-05
785	47	43	98	101	34	255	0.144456	1.93478	2.7808e-06	1.92502e-05
786	34	26	35	36	19	57	0.596438	0.51678	3.0184e-06	5.06071e-06
787	39	29	48	51	21	72	0.502842	0.68748	3.37126e-06	6.70442e-06
788	35	27	80	81	27	158	0.268614	1.31448	3.4832e-06	1.29673e-05
789	32	25	36	37	20	84	0.516459	0.66076	3.38371e-06	6.55175e-06
790	38	27	78	80	27	259	0.161492	1.8233	2.95164e-06	1.82773e-05
791	33	25	19	20	10	17	0.808722	0.2123	1.6435e-06	2.03222e-06
792	42	36	47	51	24	51	0.559686	0.58038	3.12787e-06	5.58862e-06
793	28	24	76	78	25	176	0.249714	1.38744	3.43465e-06	1.37544e-05
794	46	36	67	72	25	187	0.245156	1.40586	3.43222e-06	1.40001e-05
795	32	25	65	67	21	439	0.069972	2.65966	1.89676e-06	2.71075e-05
796	31	29	45	47	20	102	0.44248	0.81536	3.57197e-06	8.07262e-06
797	35	30	67	67	25	135	0.329803	1.10926	3.61298e-06	1.0955e-05
798	22	19	19	19	13	12	0.834836	0.18052	1.42766e-06	1.7101e-06
799	39	33	60	65	25	145	0.317366	1.1477	3.60953e-06	1.13734e-05
800	36	23	60	63	20	188	0.258092	1.35444	3.49592e-06	1.35452e-05
801	43	34	70	74	20	326	0.119156	2.12732	2.56169e-06	2.14985e-05
802	29	19	29	31	13	44	0.657652	0.41908	2.68831e-06	4.08774e-06
803	42	28	93	98	23	311	0.110633	2.20154	2.44015e-06	2.20563e-05
804	33	30	49	54	18	111	0.404453	0.90522	3.61822e-06	8.94596e-06
805	34	32	75	80	20	317	0.12014	2.1191	2.56607e-06	2.1359e-05
806	36	30	63	69	30	125	0.342727	1.07082	3.61116e-06	1.05365e-05
807	41	29	68	72	27	169	0.268727	1.31406	3.5052e-06	1.30437e-05
808	39	29	69	71	26	200	0.230875	1.46588	3.37872e-06	1.46344e-05
809	22	17	25	26	12	27	0.740093	0.30098	2.14792e-06	2.90223e-06
810	44	34	47	47	23	49	0.579807	0.54506	3.04779e-06	5.25656e-06
811	29	23	70	76	20	236	0.18621	1.68088	3.13381e-06	1.68295e-05
812	53	42	70	75	24	242	0.181736	1.7052	3.1062e-06	1.70918e-05
813	46	37	77	81	33	123	0.321107	1.13598	3.56674e-06	1.11076e-05
814	37	31	71	72	23	190	0.241434	1.42116	3.41859e-06	1.41595e-05
815	36	27	42	45	24	68	0.532911	0.6294	3.27911e-06	6.1532e-06
816	43	34	80	81	27	336	0.108362	2.22228	2.43001e-06	2.2425e-05
817	40	33	55	60	24	87	0.440211	0.8205	3.52585e-06	8.00944e-06
818	31	21	38	42	14	149	0.359278	1.02366	3.69612e-06	1.02876e-05
819	44	37	47	48	30	22	0.661239	0.41364	2.56456e-06	3.87842e-06
820	30	24	36	37	20	42	0.639825	0.44656	2.76415e-06	4.32016e-06
821	34	26	87	92	26	206	0.196251	1.62836	3.16722e-06	1.61386e-05
822	34	28	44	51	16	120	0.393655	0.93228	3.6432e-06	9.25481e-06
823	41	35	105	111	31	357	0.0806384	2.51778	2.03485e-06	2.52342e-05
824	37	29	76	82	26	229	0.185842	1.68286	3.12144e-06	1.67962e-05
825	27	17	60	66	23	122	0.35463	1.03668	3.61999e-06	1.02078e-05
826	40	31	85	93	24	309	0.115332	2.15994	2.49899e-06	2.16678e-05
827	50	40	97	101	34	313	0.107466	2.23058	2.39992e-06	2.23319e-05
828	45	37	128	138	36	357	0.0680617	2.68734	1.82122e-06	2.67583e-05
829	31	28	67	70	22	161	0.283456	1.2607	3.54483e-06	1.25058e-05
830	35	29	79	89	26	253	0.15736	1.84922	2.90589e-06	1.84665e-05
831	34	29	97	99	26	416	0.0643563	2.74332	1.78214e-06	2.76917e-05
832	45	30	92	96	27	282	0.129888	2.04108	2.65005e-06	2.04025e-05
833	37	32	63	68	21	132	0.332791	1.10024	3.61146e-06	1.0852e-05
834	31	25	54	56	18	150	0.327365	1.11668	3.64391e-06	1.1131e-05
835	41	31	68	70	26	102	0.382969	0.9598	3.58878e-06	9.37092e-06
836	26	22	40	40	14	73	0.536065	0.6235	3.28963e-06	6.13663e-06
837	47	39	73	77	24	173	0.255161	1.36586	3.4545e-06	1.35385e-05
838	31	29	52	54	24	69	0.501065	0.69102	3.36433e-06	6.71436e-06
839	38	31	68	78	23	191	0.231323	1.46394	3.36606e-06	1.45514e-05
840	26	18	12	13	8	8	0.884759	0.12244	1.02533e-06	1.15888e-06
841	34	27	73	79	20	198	0.221813	1.50592	3.3227e-06	1.49797e-05
842	41	32	97	106	25	373	0.0766903	2.56798	1.97877e-06	2.58021e-05
843	35	31	63	64	23	143	0.322639	1.13122	3.61701e-06	1.12107e-05
844	27	23	58	58	18	287	0.160744	1.82794	2.9775e-06	1.85232e-05
845	32	21	34	34	18	36	0.672253	0.39712	2.57608e-06	3.83201e-06
846	38	29	58	60	20	239	0.202767	1.5957	3.26164e-06	1.60857e-05
847	32	22	24	24	18	7	0.829925	0.18642	1.43301e-06	1.72667e-06
848	33	26	44	46	20	135	0.376296	0.97738	3.67625e-06	9.76957e-06
849	35	24	14	15	11	7	0.878183	0.1299	1.07019e-06	1.21865e-06
850	46	40	112	117	34	378	0.0697694	2.66256	1.86206e-06	2.66887e-05
851	38	28	58	62	23	85	0.439174	0.82286	3.52045e-06	8.01607e-06
852	37	32	79	87	27	178	0.233597	1.45416	3.35647e-06	1.43687e-05
853	42	35	77	78	31	122	0.328887	1.11204	3.57999e-06	1.08852e-05
854	28	21	37	42	22	44	0.613755	0.48816	2.88996e-06	4.70866e-06
855	26	20	49	50	22	72	0.506009	0.6812	3.36394e-06	6.64797e-06
856	32	27	77	85	22	400	0.0762453	2.5738	1.98629e-06	2.60513e-05
857	36	26	56	58	21	76	0.471498	0.75184	3.44763e-06	7.31208e-06
858	36	21	43	45	24	39	0.617856	0.4815	2.84976e-06	4.61234e-06
859	44	32	92	98	28	617	0.023234	3.76214	8.90211e-07	3.8315e-05
860	39	30	76	81	29	237	0.179536	1.71738	3.0817e-06	1.71648e-05
861	41	33	70	76	25	220	0.202042	1.59928	3.22849e-06	1.59793e-05
862	43	35	97	99	25	393	0.0723659	2.62602	1.9155e-06	2.64697e-05
863	29	23	29	31	13	61	0.603035	0.50578	3.00975e-06	4.991e-06
864	52	41	79	81	23	244	0.17324	1.75308	3.03806e-06	1.75368e-05
865	33	31	65	72	23	207	0.221383	1.50786	3.33465e-06	1.50628e-05
866	39	30	53	55	19	184	0.276983	1.2838	3.56785e-06	1.28811e-05
867	33	20	39	39	18	65	0.561906	0.57642	3.17764e-06	5.65511e-06
868	38	30	56	59	26	78	0.463792	0.76832	3.46675e-06	7.4748e-06
869	39	28	47	50	19	140	0.357722	1.028	3.67059e-06	1.0261e-05
870	32	24	40	41	22	36	0.643341	0.44108	2.7195e-06	4.22715e-06
871	37	29	69	73	21	374	0.0938704	2.36584	2.25219e-06	2.39925e-05
872	30	25	76	85	27	220	0.190939	1.6558	3.14808e-06	1.64874e-05
873	46	32	56	58	19	144	0.333324	1.09864	3.64161e-06	1.09251e-05
874	33	29	50	55	21	115	0.393805	0.9319	3.62889e-06	9.21494e-06
875	43	35	81	85	28	276	0.143503	1.9414	2.79297e-06	1.94628e-05
876	36	27	47	51	18	149	0.339534	1.08018	3.6655e-06	1.07957e-05
877	30	25	42	43	21	39	0.625665	0.46894	2.81514e-06	4.49944e-06
878	40	31	79	81	27	234	0.182304	1.70208	3.10016e-06	1.70054e-05
879	39	29	59	60	26	105	0.401599	0.9123	3.60068e-06	8.96584e-06
880	45	37	95	99	31	390	0.0734816	2.61072	1.93332e-06	2.63103e-05
881	30	24	78	80	28	149	0.283002	1.2623	3.51847e-06	1.24327e-05
882	39	30	80	86	30	140	0.285338	1.25408	3.5077e-06	1.22931e-05
883	34	33	97	103	31	218	0.172279	1.75864	2.99716e-06	1.73971e-05
884	31	24	48	49	19	99	0.443694	0.81262	3.56114e-06	8.02612e-06
885	37	28	28	31	13	40	0.671205	0.39868	2.60106e-06	3.8752e-06
886	33	32	68	72	21	221	0.206128	1.57926	3.25819e-06	1.58067e-05
887	40	29	47	53	25	78	0.481601	0.73064	3.43676e-06	7.13611e-06
888	26	22	33	33	16	35	0.679947	0.38574	2.53106e-06	3.72243e-06
889	46	41	78	82	25	190	0.226738	1.48396	3.33849e-06	1.4724e-05
890	31	24	55	56	23	69	0.494811	0.70358	3.3782e-06	6.82726e-06
891	32	24	57	60	22	121	0.37013	0.9939	3.63319e-06	9.81597e-06
892	34	22	47	50	16	160	0.323033	1.13	3.65793e-06	1.13237e-05
893	35	27	66	68	26	148	0.306714	1.18184	3.58921e-06	1.17022e-05
894	43	34	31	33	17	38	0.669623	0.40104	2.59937e-06	3.88183e-06
895	36	25	70	75	27	186	0.241811	1.4196	3.41348e-06	1.41163e-05
896	30	23	49	52	17	112	0.407481	0.89776	3.62096e-06	8.88619e-06
897	28	25	37	38	12	200	0.28404	1.25864	3.62766e-06	1.27716e-05
898	34	30	66	68	21	165	0.281242	1.26854	3.54517e-06	1.26054e-05
899	31	23	52	54	23	71	0.49598	0.70122	3.38289e-06	6.82063e-06
900	35	29	64	69	24	148	0.304794	1.18812	3.58395e-06	1.17586e-05
901	35	27	97	103	29	318	0.103453	2.26864	2.34946e-06	2.27105e-05
902	45	35	119	130	20	1059	0.00199462	6.2173	1.26871e-07	6.36062e-05
903	38	25	59	63	17	187	0.259411	1.34934	3.50001e-06	1.34921e-05
904	39	25	33	33	22	18	0.74153	0.29904	2.0905e-06	2.81917e-06
905	42	35	56	59	18	187	0.26601	1.32422	3.52898e-06	1.32663e-05
906	28	24	48	52	19	112	0.407481	0.89776	3.62096e-06	8.88619e-06
907	37	30	40	43	20	45	0.60681	0.49954	2.92376e-06	4.81824e-06
908	32	24	51	53	24	72	0.496565	0.70004	3.38524e-06	6.81731e-06
909	37	29	79	82	25	220	0.194571	1.63696	3.17501e-06	1.6318e-05
910	35	30	86	90	25	266	0.146343	1.9218	2.8118e-06	1.92137e-05
911	29	21	46	47	19	91	0.468013	0.75926	3.50455e-06	7.48816e-06
912	38	29	63	66	25	127	0.345701	1.06218	3.62069e-06	1.04735e-05
913	43	34	66	70	18	265	0.166777	1.7911	3.00725e-06	1.80316e-05
914	43	35	53	55	24	82	0.465986	0.7636	3.47697e-06	7.46154e-06
915	28	23	61	64	24	161	0.29434	1.22302	3.58126e-06	1.21671e-05
916	50	41	100	106	28	523	0.0356866	3.33298	1.20521e-06	3.37721e-05
917	33	25	42	46	15	103	0.443002	0.81418	3.57472e-06	8.06931e-06
918	41	29	65	73	28	142	0.306469	1.18264	3.57514e-06	1.16656e-05
919	36	26	52	54	18	172	0.296319	1.21632	3.61126e-06	1.21871e-05
920	35	30	65	72	24	140	0.311561	1.16616	3.58385e-06	1.15029e-05
921	25	21	50	54	22	103	0.421296	0.86442	3.58982e-06	8.52089e-06
922	50	39	77	79	29	152	0.280461	1.27132	3.51575e-06	1.25356e-05
923	39	31	80	87	24	312	0.117942	2.13756	2.5344e-06	2.14885e-05
924	33	27	50	52	21	79	0.482169	0.72946	3.43922e-06	7.1328e-06
925	38	31	65	70	23	135	0.323648	1.1281	3.60036e-06	1.11243e-05
926	33	23	49	51	17	174	0.29889	1.20768	3.62374e-06	1.2124e-05
927	46	32	84	87	25	294	0.129282	2.04576	2.65443e-06	2.05321e-05
928	36	24	64	68	26	99	0.393789	0.93194	3.58294e-06	9.09862e-06
929	32	24	50	53	25	65	0.514613	0.66434	3.31688e-06	6.44538e-06
930	40	36	96	102	32	223	0.168999	1.77786	2.97546e-06	1.76064e-05
931	28	22	35	36	15	72	0.552512	0.59328	3.23645e-06	5.8577e-06
932	44	34	94	102	26	358	0.0848933	2.46636	2.1036e-06	2.47793e-05
933	30	23	56	58	21	110	0.396436	0.92524	3.61495e-06	9.11861e-06
934	33	29	54	58	29	62	0.506394	0.68044	3.32611e-06	6.56822e-06
935	34	27	57	58	20	141	0.338463	1.08334	3.64381e-06	1.07657e-05
936	41	34	73	77	28	249	0.173174	1.75346	3.04381e-06	1.75766e-05
937	37	32	48	51	22	90	0.458736	0.77928	3.51429e-06	7.66082e-06
938	35	24	61	64	22	146	0.317741	1.14652	3.61274e-06	1.13701e-05
939	40	24	79	84	21	224	0.188262	1.66992	3.13333e-06	1.66434e-05
940	25	20	32	34	15	48	0.632345	0.45832	2.82634e-06	4.46961e-06
941	45	40	60	64	24	231	0.205971	1.58002	3.27214e-06	1.58864e-05
942	31	24	71	75	28	161	0.274693	1.2921	3.51278e-06	1.2788e-05
943	33	22	39	41	17	73	0.532709	0.62978	3.29911e-06	6.19308e-06
944	34	27	34	34	20	27	0.703829	0.35122	2.36051e-06	3.35381e-06
945	37	23	56	59	24	115	0.384036	0.95702	3.62558e-06	9.44073e-06
946	37	31	47	47	21	69	0.523583	0.64706	3.30864e-06	6.31923e-06
947	38	28	62	62	24	81	0.448225	0.80246	3.49774e-06	7.80354e-06
948	32	25	54	57	20	96	0.428459	0.84756	3.56405e-06	8.3183e-06
949	36	31	38	39	23	31	0.668299	0.40302	2.572e-06	3.84859e-06
950	41	33	66	69	27	108	0.373768	0.98412	3.60061e-06	9.63327e-06
951	31	21	57	58	17	150	0.323279	1.12924	3.63493e-06	1.12439e-05
952	36	27	62	68	22	168	0.276972	1.28384	3.53549e-06	1.27648e-05
953	35	32	47	48	21	84	0.481986	0.72984	3.45713e-06	7.17267e-06
954	32	27	66	73	23	324	0.121136	2.11084	2.58454e-06	2.13358e-05
955	38	28	67	72	24	259	0.169813	1.77306	3.02703e-06	1.78257e-05
956	41	35	93	97	32	221	0.176178	1.73626	3.03341e-06	1.72179e-05
957	41	32	83	87	26	260	0.15376	1.87236	2.87925e-06	1.87256e-05
958	27	25	39	43	13	91	0.479918	0.73414	3.48534e-06	7.26237e-06
959	35	26	59	64	23	155	0.303486	1.19242	3.59579e-06	1.18483e-05
960	32	20	38	41	17	62	0.563448	0.57368	3.16016e-06	5.60861e-06
961	26	18	29	30	16	30	0.710775	0.3414	2.33662e-06	3.28742e-06
962	35	26	59	64	16	276	0.163733	1.80952	2.99261e-06	1.82774e-05
963	34	25	61	64	28	97	0.407946	0.89662	3.57629e-06	8.76657e-06
964	38	31	67	70	26	125	0.340582	1.0771	3.60778e-06	1.0593e-05
965	27	23	63	69	17	288	0.149252	1.90212	2.86522e-06	1.91972e-05
966	42	30	26	27	18	11	0.797989	0.22566	1.6826e-06	2.10855e-06
967	28	21	20	21	12	18	0.799571	0.22368	1.71252e-06	2.1418e-06
968	49	43	122	135	31	453	0.0425064	3.1581	1.34702e-06	3.16898e-05
969	32	24	49	51	17	135	0.364664	1.00878	3.66553e-06	1.00518e-05
970	43	31	51	54	26	74	0.488449	0.71652	3.40939e-06	6.98003e-06
971	35	26	65	68	20	126	0.343132	1.06964	3.61429e-06	1.05332e-05
972	37	32	68	69	30	94	0.401431	0.91272	3.56848e-06	8.88941e-06
973	39	28	75	83	25	316	0.1185	2.13284	2.54482e-06	2.14752e-05
974	26	19	52	53	18	108	0.413276	0.88364	3.60794e-06	8.73011e-06
975	41	25	83	84	24	228	0.18446	1.69032	3.10926e-06	1.6856e-05
976	35	25	55	60	18	222	0.221131	1.509	3.35731e-06	1.51824e-05
977	35	27	52	53	24	89	0.455327	0.78674	3.51539e-06	7.72058e-06
978	33	26	43	44	19	57	0.567213	0.56702	3.12664e-06	5.51229e-06
979	45	35	90	92	27	228	0.175422	1.74056	3.03613e-06	1.73075e-05
980	36	29	44	47	18	74	0.5104	0.67256	3.36093e-06	6.58489e-06
981	36	28	81	84	32	126	0.31033	1.17012	3.54905e-06	1.14364e-05
982	39	30	68	74	19	282	0.149133	1.90292	2.85748e-06	1.91607e-05
983	31	22	23	24	19	11	0.813166	0.20682	1.5769e-06	1.93921e-06
984	44	32	76	81	31	141	0.292942	1.22778	3.53407e-06	1.2064e-05
985	29	21	27	28	15	23	0.745918	0.29314	2.09051e-06	2.8026e-06
986	32	25	65	67	24	125	0.347059	1.05826	3.61762e-06	1.04236e-05
987	33	23	95	99	22	336	0.0967795	2.33532	2.26861e-06	2.34411e-05
988	43	34	81	86	25	247	0.165335	1.79978	2.97246e-06	1.79784e-05
989	36	25	62	65	21	153	0.304678	1.1885	3.59473e-06	1.17985e-05
990	30	28	66	71	22	139	0.315127	1.15478	3.59033e-06	1.13933e-05
991	40	32	56	60	23	85	0.444725	0.8103	3.51474e-06	7.90318e-06
992	39	32	49	50	20	85	0.473549	0.7475	3.47523e-06	7.3387e-06
993	45	29	70	75	26	186	0.241811	1.4196	3.41348e-06	1.41163e-05
994	30	20	39	40	18	55	0.587605	0.5317	3.04393e-06	5.18023e-06
995	35	26	48	51	21	101	0.43371	0.83538	3.57606e-06	8.24528e-06
996	34	22	31	33	17	37	0.673047	0.39594	2.57689e-06	3.8287e-06
997	36	28	75	76	28	134	0.313273	1.16068	3.5744e-06	1.14099e-05
998	37	26	63	73	30	114	0.353511	1.03984	3.59799e-06	1.01779e-05
999	39	28	57	60	20	149	0.320876	1.1367	3.62709e-06	1.13037e-05
1000	40	28	36	36	20	29	0.687991	0.37398	2.45817e-06	3.57298e-06