Hist	Tr_Tot	Tr_in	DSBs	DSBt	RIFs	NComb	PSurv	lPSurv	PMut*	PMut
1	6051	4744	151	154	56	276	0.0930405	2.37472	2.17321e-06	2.33577e-05
2	5869	4627	146	150	59	223	0.125018	2.0793	2.53984e-06	2.03158e-05
3	6152	4841	140	142	56	221	0.132807	2.01886	2.624e-06	1.9758e-05
4	5923	4615	160	162	61	297	0.0794951	2.53206	1.98142e-06	2.49251e-05
5	5935	4620	173	173	66	286	0.0784699	2.54504	1.95873e-06	2.49615e-05
6	6010	4724	154	155	67	194	0.140465	1.9628	2.67686e-06	1.90572e-05
7	5934	4672	131	133	57	174	0.178594	1.72264	2.99193e-06	1.67527e-05
8	5822	4554	133	135	52	198	0.156047	1.8576	2.83081e-06	1.81408e-05
9	5775	4546	147	147	64	162	0.173885	1.74936	2.93959e-06	1.69054e-05
10	6103	4775	121	124	56	142	0.22248	1.50292	3.23584e-06	1.45444e-05
11	5989	4693	145	146	59	181	0.158821	1.83998	2.83629e-06	1.78585e-05
12	5914	4638	130	130	51	189	0.168588	1.7803	2.93011e-06	1.73804e-05
13	5929	4660	140	144	52	203	0.143759	1.93962	2.71912e-06	1.89145e-05
14	5896	4679	148	153	66	181	0.15199	1.88394	2.77436e-06	1.82536e-05
15	5970	4647	140	142	54	215	0.136933	1.98826	2.66188e-06	1.94392e-05
16	5971	4635	161	164	51	330	0.0663428	2.71292	1.77741e-06	2.67914e-05
17	6012	4732	145	147	59	241	0.116221	2.15226	2.4526e-06	2.11029e-05
18	5926	4660	143	144	55	188	0.155188	1.86312	2.81161e-06	1.81175e-05
19	6074	4780	142	143	56	221	0.131975	2.02514	2.61502e-06	1.98144e-05
20	5888	4587	124	126	58	165	0.195386	1.63278	3.1026e-06	1.58794e-05
21	5953	4668	136	137	51	209	0.145692	1.92626	2.74457e-06	1.88382e-05
22	5936	4714	144	149	57	226	0.123895	2.08832	2.52979e-06	2.04188e-05
23	5997	4717	145	147	61	221	0.128701	2.05026	2.57921e-06	2.00402e-05
24	5976	4734	142	144	56	253	0.111401	2.19462	2.40305e-06	2.15712e-05
25	6010	4711	173	178	59	314	0.0659248	2.71924	1.76227e-06	2.67315e-05
26	6020	4708	155	159	54	333	0.0674196	2.69682	1.79798e-06	2.66685e-05
27	5825	4567	120	122	46	171	0.194318	1.63826	3.10372e-06	1.59724e-05
28	6087	4825	160	164	59	249	0.100277	2.29982	2.25498e-06	2.24876e-05
29	5896	4609	116	116	50	141	0.235139	1.44758	3.30128e-06	1.40397e-05
30	5990	4678	155	156	60	236	0.112671	2.18328	2.405e-06	2.13453e-05
31	5942	4622	130	130	58	151	0.204641	1.5865	3.14355e-06	1.53613e-05
32	5969	4651	160	162	52	290	0.0823843	2.49636	2.02279e-06	2.45531e-05
33	5937	4598	134	139	52	222	0.134644	2.00512	2.64465e-06	1.96418e-05
34	5830	4585	163	163	61	236	0.107826	2.22724	2.34417e-06	2.17404e-05
35	5971	4647	145	146	55	231	0.123073	2.09498	2.52485e-06	2.05151e-05
36	5891	4647	140	143	58	202	0.145404	1.92824	2.73431e-06	1.88049e-05
37	5990	4709	151	151	53	266	0.0997708	2.30488	2.26051e-06	2.2657e-05
38	5904	4647	123	127	53	155	0.204322	1.58806	3.14747e-06	1.54045e-05
39	6034	4714	161	164	59	277	0.0869328	2.44262	2.08424e-06	2.39753e-05
40	5948	4625	135	137	56	195	0.156475	1.85486	2.8313e-06	1.80943e-05
41	5862	4634	128	130	55	136	0.22091	1.51	3.2174e-06	1.45643e-05
42	5988	4693	147	150	59	239	0.115221	2.1609	2.43877e-06	2.1166e-05
43	6168	4822	170	175	63	295	0.0740141	2.6035	1.89125e-06	2.55526e-05
44	6036	4671	140	145	52	229	0.125118	2.0785	2.54645e-06	2.03524e-05
45	5852	4605	129	129	57	132	0.226883	1.48332	3.24337e-06	1.42953e-05
46	5899	4602	131	132	53	158	0.194999	1.63476	3.08998e-06	1.58461e-05
47	5912	4657	157	158	61	236	0.111265	2.19584	2.38754e-06	2.14582e-05
48	5938	4630	144	144	61	199	0.146721	1.91922	2.74398e-06	1.8702e-05
49	5954	4651	133	137	52	189	0.161337	1.82426	2.86785e-06	1.77755e-05
50	5915	4588	128	129	50	231	0.136939	1.98822	2.67791e-06	1.95555e-05
51	5995	4667	157	159	57	255	0.100357	2.29902	2.26046e-06	2.25241e-05
52	6042	4736	147	149	57	252	0.108509	2.22092	2.36553e-06	2.18003e-05
53	6046	4751	145	148	58	218	0.129868	2.04124	2.58921e-06	1.99373e-05
54	5863	4632	142	144	55	223	0.129818	2.04162	2.5934e-06	1.99772e-05
55	6139	4856	136	139	47	259	0.11149	2.19382	2.40905e-06	2.16077e-05
56	5919	4569	152	153	56	302	0.0819997	2.50104	2.02397e-06	2.46827e-05
57	5929	4663	164	168	62	273	0.0865234	2.44734	2.07557e-06	2.39886e-05
58	5960	4639	138	140	55	185	0.161589	1.8227	2.86534e-06	1.77323e-05
59	5953	4663	130	133	55	166	0.186031	1.68184	3.03745e-06	1.63276e-05
60	5863	4605	152	152	63	196	0.141683	1.95416	2.69116e-06	1.89941e-05
61	5939	4677	159	163	61	268	0.0915894	2.39044	2.14692e-06	2.34407e-05
62	5939	4719	140	142	52	236	0.123026	2.09536	2.5288e-06	2.0555e-05
63	6011	4689	164	168	67	254	0.0953272	2.35044	2.19053e-06	2.2979e-05
64	5935	4706	123	125	56	160	0.201695	1.601	3.13782e-06	1.55573e-05
65	5926	4691	145	148	53	244	0.11374	2.17384	2.42479e-06	2.13187e-05
66	6056	4729	135	139	55	221	0.135333	2.00002	2.65098e-06	1.95887e-05
67	5966	4676	154	157	58	229	0.116035	2.15386	2.4402e-06	2.10298e-05
68	5990	4758	147	149	55	307	0.0819685	2.50142	2.02647e-06	2.47226e-05
69	6008	4723	127	128	48	164	0.193933	1.64024	3.09113e-06	1.59391e-05
70	5850	4569	173	178	57	339	0.0580332	2.84674	1.6284e-06	2.80598e-05
71	6067	4713	172	174	59	311	0.0686441	2.67882	1.80852e-06	2.63463e-05
72	5883	4586	131	133	52	199	0.157215	1.85014	2.84261e-06	1.8081e-05
73	5972	4659	160	162	57	250	0.101028	2.29236	2.26583e-06	2.24278e-05
74	5932	4670	165	166	53	286	0.0819964	2.50108	2.01436e-06	2.45664e-05
75	5942	4705	154	155	57	250	0.105568	2.2484	2.32595e-06	2.20327e-05
76	5972	4692	156	158	59	221	0.120111	2.11934	2.48163e-06	2.06612e-05
77	6035	4722	129	130	49	176	0.180144	1.714	3.00653e-06	1.66896e-05
78	6016	4693	140	142	59	235	0.123655	2.09026	2.53516e-06	2.05019e-05
79	5816	4636	140	143	48	281	0.0971849	2.33114	2.23549e-06	2.30024e-05
80	6079	4781	148	148	61	178	0.159256	1.83724	2.83667e-06	1.7812e-05
81	5892	4649	153	153	61	269	0.0970295	2.33274	2.22482e-06	2.29293e-05
82	6030	4760	140	142	54	216	0.136237	1.99336	2.65557e-06	1.94923e-05
83	5938	4742	132	135	47	211	0.146036	1.9239	2.75009e-06	1.88315e-05
84	5835	4582	148	149	61	200	0.141463	1.95572	2.69307e-06	1.90373e-05
85	5978	4689	138	139	46	255	0.113788	2.17342	2.43451e-06	2.13952e-05
86	5919	4677	139	142	65	174	0.16878	1.77916	2.91326e-06	1.72607e-05
87	5991	4677	117	118	49	189	0.181783	1.70494	3.03632e-06	1.6703e-05
88	5915	4633	131	133	48	200	0.156415	1.85524	2.83646e-06	1.81342e-05
89	5941	4639	153	155	55	232	0.115718	2.1566	2.4389e-06	2.10763e-05
90	5941	4656	133	137	54	175	0.173278	1.75286	2.9512e-06	1.70316e-05
91	6065	4741	163	163	58	246	0.102464	2.27824	2.28206e-06	2.22717e-05
92	5945	4604	124	127	46	204	0.159142	1.83796	2.86583e-06	1.8008e-05
93	5892	4584	140	143	53	223	0.130636	2.03534	2.60236e-06	1.99207e-05
94	5985	4709	143	144	60	193	0.15128	1.88862	2.78101e-06	1.83832e-05
95	5941	4658	144	146	57	231	0.123073	2.09498	2.52485e-06	2.05151e-05
96	6032	4712	155	157	59	254	0.102145	2.28136	2.28377e-06	2.23581e-05
97	5845	4558	142	143	56	230	0.126055	2.07104	2.55798e-06	2.02926e-05
98	5864	4634	137	138	59	207	0.146264	1.92234	2.74806e-06	1.87883e-05
99	5908	4579	151	151	54	239	0.1145	2.16718	2.42997e-06	2.12224e-05
100	5957	4688	167	169	60	291	0.0784401	2.54542	1.96111e-06	2.50014e-05
101	5951	4684	139	142	59	180	0.163693	1.80976	2.87765e-06	1.75795e-05
102	5936	4678	152	154	60	265	0.0984093	2.31862	2.2411e-06	2.27732e-05
103	5991	4743	149	152	57	246	0.109793	2.20916	2.3771e-06	2.16508e-05
104	5980	4695	167	173	56	378	0.0490831	3.01424	1.46512e-06	2.98498e-05
105	6040	4732	144	146	57	231	0.123073	2.09498	2.52485e-06	2.05151e-05
106	5857	4597	144	147	54	217	0.131354	2.02986	2.60445e-06	1.98277e-05
107	6127	4839	155	155	57	262	0.099301	2.3096	2.25118e-06	2.26703e-05
108	5915	4673	141	142	57	195	0.151638	1.88626	2.78658e-06	1.83765e-05
109	5939	4656	137	138	57	176	0.171317	1.76424	2.93658e-06	1.71412e-05
110	5957	4672	124	125	58	141	0.222217	1.5041	3.23276e-06	1.45477e-05
111	5942	4696	144	147	60	221	0.128701	2.05026	2.57921e-06	2.00402e-05
112	5998	4722	145	145	60	184	0.157394	1.849	2.82703e-06	1.79614e-05
113	5763	4516	123	125	51	189	0.173965	1.7489	2.97448e-06	1.70981e-05
114	5950	4635	117	122	50	168	0.197314	1.62296	3.12012e-06	1.5813e-05
115	6000	4769	135	136	53	205	0.149631	1.89958	2.77853e-06	1.85692e-05
116	5954	4716	129	129	54	134	0.224581	1.49352	3.23432e-06	1.44016e-05
117	5922	4632	139	140	55	272	0.103685	2.2664	2.31786e-06	2.23549e-05
118	5942	4682	135	139	59	215	0.139538	1.96942	2.68887e-06	1.92699e-05
119	5963	4665	149	153	59	241	0.111923	2.18994	2.39982e-06	2.14416e-05
120	6012	4733	134	136	55	186	0.164856	1.80268	2.89482e-06	1.75596e-05
121	6004	4765	151	154	59	251	0.105693	2.24722	2.32834e-06	2.20294e-05
122	5827	4564	121	121	55	126	0.245986	1.40248	3.32695e-06	1.35249e-05
123	6060	4797	137	138	59	208	0.14552	1.92744	2.74182e-06	1.88415e-05
124	5878	4600	161	162	61	258	0.0969888	2.33316	2.21647e-06	2.28529e-05
125	5991	4697	125	126	49	219	0.14835	1.90818	2.78135e-06	1.87486e-05
126	5928	4691	173	176	61	315	0.0664185	2.71178	1.7715e-06	2.66717e-05
127	5885	4646	152	155	56	270	0.095331	2.3504	2.2017e-06	2.30953e-05
128	5969	4662	136	137	55	184	0.165504	1.79876	2.89795e-06	1.75098e-05
129	6066	4747	136	139	58	177	0.169378	1.77562	2.92191e-06	1.72508e-05
130	6011	4784	131	134	57	211	0.146956	1.91762	2.75912e-06	1.87751e-05
131	5806	4553	133	136	55	200	0.153496	1.87408	2.80952e-06	1.83035e-05
132	6072	4760	144	147	59	240	0.116815	2.14716	2.45894e-06	2.10498e-05
133	5887	4625	146	147	62	211	0.135435	1.99926	2.6422e-06	1.95089e-05
134	6036	4750	144	146	60	202	0.14269	1.94708	2.70744e-06	1.89743e-05
135	5935	4676	137	138	51	220	0.136881	1.98864	2.66632e-06	1.94791e-05
136	5865	4586	137	138	63	154	0.191659	1.65204	3.06122e-06	1.59723e-05
137	5975	4692	129	131	53	173	0.181776	1.70498	3.01506e-06	1.65867e-05
138	6175	4831	152	154	65	213	0.128295	2.05342	2.56723e-06	2.00103e-05
139	6019	4711	165	169	63	267	0.0886535	2.42302	2.10341e-06	2.37262e-05
140	5823	4583	115	116	53	136	0.241212	1.42208	3.32246e-06	1.3774e-05
141	5828	4589	134	134	53	168	0.182991	1.69832	3.01758e-06	1.64904e-05
142	5936	4641	142	143	52	223	0.130636	2.03534	2.60236e-06	1.99207e-05
143	5985	4689	144	146	53	242	0.116358	2.15108	2.45511e-06	2.10996e-05
144	5941	4629	146	147	52	277	0.0967273	2.33586	2.22625e-06	2.30157e-05
145	5923	4680	141	144	55	220	0.13182	2.02632	2.61237e-06	1.98178e-05
146	5981	4730	150	154	57	235	0.114679	2.16562	2.42881e-06	2.11792e-05
147	5944	4674	131	134	51	190	0.163569	1.81052	2.88851e-06	1.76593e-05
148	6027	4783	141	143	61	189	0.155371	1.86194	2.81442e-06	1.81142e-05
149	5973	4652	150	151	56	242	0.112762	2.18248	2.41105e-06	2.13818e-05
150	5894	4622	127	129	54	160	0.196691	1.62612	3.10439e-06	1.57831e-05
151	5903	4640	144	149	52	264	0.102068	2.28212	2.29018e-06	2.24379e-05
152	5945	4658	166	169	55	327	0.0652832	2.72902	1.75705e-06	2.69142e-05
153	5947	4667	174	176	57	344	0.0572871	2.85968	1.61622e-06	2.82126e-05
154	5955	4680	167	172	58	327	0.0640648	2.74786	1.7351e-06	2.70835e-05
155	5987	4663	149	150	60	217	0.128902	2.0487	2.57767e-06	1.9997e-05
156	5928	4669	124	129	51	205	0.156356	1.85562	2.84162e-06	1.8174e-05
157	6035	4714	150	152	53	270	0.0971441	2.33156	2.22713e-06	2.2926e-05
158	5850	4584	121	121	56	122	0.251056	1.38208	3.34216e-06	1.33124e-05
159	6117	4835	174	180	64	336	0.0581924	2.844	1.63016e-06	2.80133e-05
160	5911	4640	157	158	55	298	0.0811026	2.51204	2.00749e-06	2.47524e-05
161	5996	4694	133	136	52	201	0.152715	1.87918	2.80334e-06	1.83566e-05
162	5953	4724	129	135	54	238	0.12725	2.0616	2.57887e-06	2.02661e-05
163	5992	4706	139	142	61	186	0.15876	1.84036	2.84154e-06	1.78983e-05
164	5994	4692	161	165	58	279	0.0855119	2.4591	2.06409e-06	2.4138e-05
165	5747	4510	159	165	60	315	0.0711689	2.6427	1.85401e-06	2.60508e-05
166	6045	4765	150	154	60	216	0.126347	2.06872	2.54839e-06	2.01697e-05
167	5862	4610	120	123	48	165	0.199102	1.61394	3.12789e-06	1.571e-05
168	5973	4717	142	142	62	180	0.163693	1.80976	2.87765e-06	1.75795e-05
169	5894	4655	125	127	49	175	0.184508	1.69006	3.03833e-06	1.64672e-05
170	5920	4621	142	145	52	213	0.135755	1.9969	2.64754e-06	1.95023e-05
171	5959	4658	134	136	56	164	0.184431	1.69048	3.02296e-06	1.63907e-05
172	6037	4710	135	137	58	167	0.180494	1.71206	2.99738e-06	1.66066e-05
173	6000	4673	139	140	56	168	0.176224	1.736	2.96568e-06	1.6829e-05
174	5866	4624	151	153	56	281	0.0912694	2.39394	2.15094e-06	2.35669e-05
175	6055	4796	136	137	59	153	0.193852	1.64066	3.07502e-06	1.58627e-05
176	5872	4601	158	158	62	211	0.126395	2.06834	2.54432e-06	2.01298e-05
177	5916	4634	146	149	52	291	0.0889376	2.41982	2.12316e-06	2.38725e-05
178	5925	4641	155	158	66	226	0.117087	2.14484	2.45025e-06	2.09268e-05
179	6021	4796	157	158	55	265	0.095968	2.34374	2.20717e-06	2.2999e-05
180	5965	4712	142	146	55	222	0.128853	2.04908	2.58183e-06	2.00369e-05
181	5946	4701	134	136	60	166	0.182559	1.70068	3.01168e-06	1.6497e-05
182	6007	4667	135	137	58	182	0.167201	1.78856	2.90989e-06	1.74036e-05
183	5917	4684	141	143	56	195	0.150689	1.89254	2.77764e-06	1.8433e-05
184	6065	4772	130	133	56	216	0.144159	1.93684	2.73675e-06	1.89843e-05
185	5882	4486	147	152	61	209	0.132594	2.02046	2.61011e-06	1.96849e-05
186	6068	4800	139	144	56	207	0.140856	1.96002	2.69415e-06	1.9127e-05
187	5931	4713	160	166	55	381	0.0505102	2.98558	1.49581e-06	2.96141e-05
188	5895	4571	166	171	61	364	0.0533821	2.93028	1.54771e-06	2.8993e-05
189	5972	4697	150	158	63	251	0.103071	2.27234	2.29385e-06	2.22552e-05
190	5824	4575	124	128	57	153	0.205124	1.58414	3.14961e-06	1.53547e-05
191	6015	4739	132	134	58	166	0.184867	1.68812	3.02887e-06	1.63841e-05
192	5814	4618	144	146	59	223	0.128198	2.05418	2.5755e-06	2.00901e-05
193	6078	4784	133	137	50	202	0.150987	1.89056	2.78816e-06	1.84662e-05
194	6093	4726	135	138	56	196	0.154704	1.86624	2.81622e-06	1.82039e-05
195	5992	4739	143	146	56	229	0.124334	2.08478	2.53752e-06	2.04089e-05
196	6013	4781	136	139	57	180	0.166807	1.79092	2.90414e-06	1.74102e-05
197	5937	4644	151	155	59	260	0.100319	2.2994	2.2636e-06	2.2564e-05
198	5978	4703	165	167	58	290	0.0798377	2.52776	1.9828e-06	2.48354e-05
199	5956	4653	147	149	65	161	0.172593	1.75682	2.92806e-06	1.69651e-05
200	6022	4737	144	147	50	287	0.0919179	2.38686	2.16439e-06	2.3547e-05
201	5993	4682	162	163	60	348	0.060905	2.79844	1.68654e-06	2.76913e-05
202	5948	4737	152	157	57	309	0.0771611	2.56186	1.95067e-06	2.52804e-05
203	5899	4604	140	144	53	204	0.143027	1.94472	2.71289e-06	1.89676e-05
204	5948	4690	147	157	55	331	0.0689716	2.67406	1.82426e-06	2.64494e-05
205	5944	4692	154	156	58	220	0.122251	2.10168	2.50555e-06	2.04951e-05
206	5953	4685	150	152	55	278	0.0932604	2.37236	2.17773e-06	2.33511e-05
207	5984	4703	154	154	59	227	0.119454	2.12482	2.47918e-06	2.07542e-05
208	6077	4724	144	146	59	184	0.156409	1.85528	2.81816e-06	1.80179e-05
209	6031	4671	162	164	58	308	0.0742201	2.60072	1.9017e-06	2.56224e-05
210	5843	4600	144	145	55	242	0.117091	2.1448	2.46397e-06	2.10431e-05
211	6107	4787	155	158	61	222	0.1195	2.12444	2.47536e-06	2.07143e-05
212	5907	4637	154	155	59	252	0.104497	2.2586	2.31345e-06	2.21389e-05
213	6077	4774	149	151	63	182	0.153128	1.87648	2.78599e-06	1.81938e-05
214	5950	4694	163	168	60	260	0.0924544	2.38104	2.15399e-06	2.32978e-05
215	6014	4752	153	156	61	237	0.112098	2.18838	2.39872e-06	2.13984e-05
216	5990	4665	124	126	58	140	0.221955	1.50528	3.22968e-06	1.4551e-05
217	5831	4526	158	162	56	267	0.0926376	2.37906	2.16134e-06	2.33311e-05
218	6039	4702	138	141	59	217	0.136398	1.99218	2.65826e-06	1.9489e-05
219	5856	4575	158	160	55	276	0.0896	2.4124	2.1232e-06	2.36964e-05
220	6125	4815	161	161	58	273	0.0904118	2.40338	2.13313e-06	2.35934e-05
221	5918	4629	188	190	63	345	0.0521986	2.9527	1.51668e-06	2.9056e-05
222	5903	4665	144	146	51	261	0.105612	2.24798	2.335e-06	2.21091e-05
223	5968	4690	154	155	58	252	0.104497	2.2586	2.31345e-06	2.21389e-05
224	6069	4778	149	154	64	214	0.127643	2.05852	2.56095e-06	2.00634e-05
225	5997	4746	178	180	59	338	0.0576019	2.8542	1.61974e-06	2.81196e-05
226	5895	4631	157	158	58	305	0.0782583	2.54774	1.96619e-06	2.51243e-05
227	6049	4757	116	118	55	123	0.254529	1.36834	3.35882e-06	1.31962e-05
228	5867	4581	145	148	52	227	0.124041	2.08714	2.53236e-06	2.04155e-05
229	6038	4731	132	132	48	197	0.159828	1.83366	2.86384e-06	1.79183e-05
230	5921	4656	122	123	52	141	0.225026	1.49154	3.24821e-06	1.44348e-05
231	5868	4565	170	174	59	333	0.0613586	2.79102	1.6883e-06	2.75152e-05
232	5962	4726	130	133	51	209	0.149398	1.90114	2.78065e-06	1.86124e-05
233	5878	4541	133	136	54	204	0.150397	1.89448	2.78475e-06	1.8516e-05
234	6004	4699	145	147	64	204	0.140358	1.96356	2.68602e-06	1.9137e-05
235	5988	4711	156	157	63	236	0.111966	2.18956	2.39626e-06	2.14017e-05
236	6059	4785	151	151	55	219	0.126795	2.06518	2.55617e-06	2.01598e-05
237	5877	4579	155	157	55	234	0.113114	2.17936	2.40881e-06	2.12954e-05
238	5938	4693	150	151	62	232	0.118662	2.13148	2.47415e-06	2.08505e-05
239	5928	4652	124	126	47	216	0.150637	1.89288	2.80022e-06	1.85892e-05
240	5918	4604	155	158	56	249	0.104127	2.26214	2.30631e-06	2.21489e-05
241	5968	4667	141	143	58	194	0.151459	1.88744	2.78379e-06	1.83798e-05
242	5984	4631	146	147	57	216	0.132026	2.02476	2.61075e-06	1.97746e-05
243	6011	4731	138	138	58	174	0.173073	1.75404	2.94829e-06	1.70349e-05
244	5804	4602	125	127	52	172	0.187353	1.67476	3.05531e-06	1.63078e-05
245	6071	4766	140	141	58	158	0.184283	1.69128	3.0138e-06	1.63542e-05
246	5886	4584	173	174	60	339	0.0595095	2.82162	1.65639e-06	2.7834e-05
247	6204	4841	152	155	59	239	0.11166	2.1923	2.3949e-06	2.14482e-05
248	6039	4742	131	137	59	189	0.161337	1.82426	2.86785e-06	1.77755e-05
249	5956	4625	126	128	54	164	0.193933	1.64024	3.09113e-06	1.59391e-05
250	5868	4597	127	127	57	158	0.201219	1.60336	3.13175e-06	1.55639e-05
251	5945	4703	158	159	56	262	0.0968376	2.33472	2.2172e-06	2.28961e-05
252	6018	4689	153	155	56	297	0.0830676	2.4881	2.03764e-06	2.45299e-05
253	6014	4752	143	145	54	259	0.107367	2.2315	2.35632e-06	2.19464e-05
254	5938	4715	123	124	56	129	0.23773	1.43662	3.29344e-06	1.38537e-05
255	5894	4638	131	135	59	170	0.18	1.7148	2.99755e-06	1.66531e-05
256	5977	4718	148	153	54	232	0.11718	2.14404	2.4565e-06	2.09634e-05
257	5940	4635	138	138	63	155	0.190684	1.65714	3.05578e-06	1.60254e-05
258	5994	4726	138	141	57	187	0.158948	1.83918	2.84437e-06	1.7895e-05
259	5980	4684	141	146	52	276	0.0978343	2.32448	2.241e-06	2.29061e-05
260	5778	4522	141	143	59	231	0.125413	2.07614	2.55163e-06	2.03458e-05
261	6026	4756	134	136	54	187	0.164018	1.80778	2.88881e-06	1.76128e-05
262	5836	4600	134	135	58	161	0.188454	1.6689	3.04822e-06	1.61749e-05
263	6098	4788	129	132	52	199	0.158206	1.84386	2.85159e-06	1.80246e-05
264	5902	4621	125	128	55	179	0.179651	1.71674	3.00666e-06	1.67361e-05
265	5951	4684	141	143	55	216	0.135384	1.99964	2.64659e-06	1.95488e-05
266	5947	4671	141	145	62	188	0.154216	1.8694	2.80272e-06	1.81739e-05
267	6039	4698	154	156	48	311	0.0768592	2.56578	1.94686e-06	2.53303e-05
268	5987	4707	127	127	56	152	0.207472	1.57276	3.16293e-06	1.52451e-05
269	5869	4585	151	152	56	290	0.087724	2.43356	2.10438e-06	2.39887e-05
270	6034	4700	160	165	58	266	0.0913735	2.3928	2.14246e-06	2.34473e-05
271	5849	4556	152	156	53	312	0.0764682	2.57088	1.94102e-06	2.53834e-05
272	6115	4820	160	164	59	308	0.0742201	2.60072	1.9017e-06	2.56224e-05
273	5910	4647	162	167	61	431	0.0388962	3.24686	1.2574e-06	3.23272e-05
274	5964	4734	149	149	49	279	0.0945506	2.35862	2.19687e-06	2.32349e-05
275	6032	4756	140	140	52	218	0.136559	1.991	2.66094e-06	1.94857e-05
276	5915	4661	173	173	57	357	0.0546318	2.90714	1.56979e-06	2.8734e-05
277	5994	4716	145	148	60	237	0.117874	2.13814	2.46908e-06	2.09468e-05
278	5919	4714	173	181	53	429	0.0359876	3.32458	1.18799e-06	3.30112e-05
279	6109	4786	170	176	58	398	0.0434963	3.13508	1.35194e-06	3.10818e-05
280	5983	4690	150	151	64	216	0.12875	2.04988	2.57505e-06	2.00004e-05
281	6071	4792	144	150	58	195	0.144208	1.9365	2.71516e-06	1.88281e-05
282	5917	4635	132	132	54	191	0.164794	1.80306	2.90029e-06	1.75995e-05
283	5897	4612	116	120	53	139	0.231656	1.4625	3.28008e-06	1.41592e-05
284	5959	4705	125	126	57	148	0.213082	1.54608	3.19113e-06	1.49761e-05
285	6015	4747	143	146	53	234	0.121204	2.11028	2.50583e-06	2.06745e-05
286	6000	4782	157	159	59	229	0.114587	2.16642	2.42268e-06	2.11427e-05
287	5957	4665	142	146	57	240	0.117551	2.14088	2.46779e-06	2.09933e-05
288	6053	4714	151	154	58	262	0.0999265	2.30332	2.25972e-06	2.26138e-05
289	5871	4616	137	140	53	241	0.121444	2.1083	2.51484e-06	2.07078e-05
290	5907	4659	138	138	54	176	0.171317	1.76424	2.93658e-06	1.71412e-05
291	5924	4647	133	134	57	156	0.19454	1.63712	3.08399e-06	1.58528e-05
292	5939	4694	157	160	56	275	0.0900581	2.4073	2.12927e-06	2.36432e-05
293	5965	4697	130	130	54	138	0.218668	1.5202	3.20799e-06	1.46706e-05
294	5953	4633	147	153	62	257	0.103153	2.27154	2.29946e-06	2.22917e-05
295	6007	4684	134	138	57	205	0.147764	1.91214	2.76053e-06	1.86821e-05
296	5793	4571	151	154	63	202	0.135698	1.99732	2.63606e-06	1.94258e-05
297	6064	4779	133	135	61	150	0.199329	1.6128	3.10762e-06	1.55904e-05
298	5881	4601	140	142	55	226	0.129463	2.04436	2.59232e-06	2.00237e-05
299	6007	4747	126	128	58	143	0.215857	1.53314	3.19972e-06	1.48233e-05
300	5931	4685	112	113	52	139	0.242067	1.41854	3.33184e-06	1.37641e-05
301	5975	4657	142	143	58	217	0.134695	2.00474	2.64029e-06	1.96019e-05
302	5897	4665	126	127	51	195	0.166617	1.79206	2.92076e-06	1.75298e-05
303	6003	4690	137	139	59	228	0.130586	2.03572	2.60658e-06	1.99606e-05
304	5898	4627	120	122	54	154	0.211917	1.55156	3.1934e-06	1.50691e-05
305	6040	4728	159	164	58	315	0.0716172	2.63642	1.86164e-06	2.59944e-05
306	5957	4663	142	143	50	259	0.108724	2.21894	2.37383e-06	2.18335e-05
307	5890	4648	129	129	58	145	0.212329	1.54962	3.18197e-06	1.49861e-05
308	5960	4691	144	145	57	213	0.135755	1.9969	2.64754e-06	1.95023e-05
309	5937	4661	141	146	57	198	0.145631	1.92668	2.73229e-06	1.87617e-05
310	6016	4725	128	130	51	207	0.1538	1.8721	2.8202e-06	1.83368e-05
311	5977	4714	150	151	66	181	0.153911	1.87138	2.79205e-06	1.81407e-05
312	5834	4595	147	150	61	243	0.112895	2.1813	2.41352e-06	2.13785e-05
313	6021	4770	146	150	60	208	0.134957	2.0028	2.6342e-06	1.95188e-05
314	6117	4815	133	134	54	182	0.170381	1.76972	2.93638e-06	1.72342e-05
315	6090	4717	159	162	57	297	0.0794951	2.53206	1.98142e-06	2.49251e-05
316	5898	4597	164	167	61	317	0.0695673	2.66546	1.82753e-06	2.627e-05
317	5777	4517	119	122	54	142	0.225292	1.49036	3.2513e-06	1.44315e-05
318	5943	4706	139	144	56	207	0.140856	1.96002	2.69415e-06	1.9127e-05
319	5988	4664	145	149	57	211	0.133745	2.01182	2.62432e-06	1.96218e-05
320	5983	4651	175	176	59	402	0.0426179	3.15548	1.3337e-06	3.12943e-05
321	5897	4642	143	144	62	169	0.170978	1.76622	2.92509e-06	1.7108e-05
322	6030	4719	139	140	61	203	0.147416	1.9145	2.755e-06	1.86887e-05
323	5842	4659	145	150	65	234	0.118197	2.1354	2.47036e-06	2.09003e-05
324	6105	4744	153	156	55	257	0.101228	2.29038	2.27369e-06	2.24611e-05
325	5906	4634	120	121	47	182	0.184874	1.68808	3.0505e-06	1.65004e-05
326	5941	4696	153	157	59	285	0.0872079	2.43946	2.09345e-06	2.40052e-05
327	5949	4720	163	166	56	331	0.0651815	2.73058	1.75712e-06	2.69574e-05
328	5955	4642	163	167	59	268	0.0893173	2.41556	2.11382e-06	2.36664e-05
329	6016	4736	181	182	57	407	0.0400086	3.21866	1.27622e-06	3.18987e-05
330	5939	4663	113	117	54	132	0.244642	1.40796	3.33152e-06	1.3618e-05
331	5835	4575	128	131	58	165	0.189346	1.66418	3.06013e-06	1.61616e-05
332	5877	4618	154	155	58	208	0.130785	2.0342	2.58969e-06	1.98011e-05
333	6118	4785	156	160	63	211	0.124818	2.0809	2.52665e-06	2.02427e-05
334	5913	4682	140	142	57	234	0.124287	2.08516	2.54152e-06	2.04487e-05
335	5920	4687	133	137	58	176	0.172396	1.75796	2.94535e-06	1.70848e-05
336	5955	4635	138	139	63	143	0.201449	1.60222	3.11123e-06	1.54443e-05
337	6264	4871	137	141	59	183	0.162224	1.81878	2.86852e-06	1.76825e-05
338	5996	4759	132	133	49	203	0.15404	1.87054	2.81795e-06	1.82936e-05
339	5976	4709	153	153	58	218	0.125853	2.07264	2.54469e-06	2.02195e-05
340	6048	4715	152	153	58	244	0.110224	2.20524	2.38095e-06	2.1601e-05
341	5865	4555	124	124	59	148	0.215775	1.53352	3.20711e-06	1.48632e-05
342	6043	4748	159	162	61	278	0.0875837	2.43516	2.09461e-06	2.39155e-05
343	5920	4640	151	156	59	266	0.0966866	2.33628	2.21792e-06	2.29393e-05
344	5958	4640	138	142	53	309	0.084783	2.46766	2.07156e-06	2.44337e-05
345	5961	4691	135	137	52	269	0.107286	2.23226	2.36309e-06	2.20262e-05
346	5804	4568	122	125	50	183	0.179371	1.7183	3.00972e-06	1.67793e-05
347	6003	4664	140	145	50	258	0.107916	2.2264	2.36264e-06	2.18933e-05
348	6016	4701	148	150	59	225	0.123749	2.0895	2.52722e-06	2.04221e-05
349	6058	4742	152	154	57	232	0.116447	2.15032	2.44769e-06	2.10198e-05
350	5875	4529	155	155	63	289	0.0865269	2.4473	2.08572e-06	2.41049e-05
351	5957	4678	153	158	51	275	0.0911964	2.39474	2.14588e-06	2.35304e-05
352	5927	4664	131	133	54	230	0.134225	2.00824	2.64801e-06	1.97282e-05
353	5859	4609	171	174	59	313	0.0679475	2.68902	1.79739e-06	2.64526e-05
354	5967	4682	139	142	61	168	0.174024	1.74856	2.94831e-06	1.69419e-05
355	5976	4636	132	135	59	167	0.182775	1.6995	3.01463e-06	1.64937e-05
356	6033	4752	147	149	59	212	0.133065	2.01692	2.61804e-06	1.96749e-05
357	5957	4671	148	148	58	182	0.15604	1.85764	2.81255e-06	1.80245e-05
358	5976	4697	121	125	54	137	0.226797	1.4837	3.25118e-06	1.43352e-05
359	5955	4682	167	169	59	281	0.0825443	2.49442	2.01987e-06	2.44701e-05
360	6021	4772	122	124	52	144	0.220222	1.51312	3.2264e-06	1.46507e-05
361	5933	4632	144	145	57	201	0.144323	1.9357	2.72261e-06	1.88647e-05
362	6042	4778	145	145	57	241	0.11769	2.1397	2.47032e-06	2.099e-05
363	5973	4695	127	131	54	184	0.171859	1.76108	2.95102e-06	1.71711e-05
364	5872	4577	165	167	59	261	0.0925635	2.37986	2.15622e-06	2.32945e-05
365	6017	4702	153	153	56	273	0.0950702	2.35314	2.2001e-06	2.31418e-05
366	6050	4764	121	126	51	181	0.180075	1.71438	3.01257e-06	1.67295e-05
367	6082	4770	150	151	56	253	0.10661	2.23858	2.34182e-06	2.19663e-05
368	5893	4625	127	128	52	176	0.182421	1.70144	3.02394e-06	1.65767e-05
369	5969	4700	126	127	52	186	0.174443	1.74616	2.97453e-06	1.70516e-05
370	5940	4669	148	152	57	252	0.106484	2.23976	2.33941e-06	2.19696e-05
371	5996	4662	132	133	58	149	0.20288	1.59514	3.1293e-06	1.54244e-05
372	5980	4722	161	166	57	313	0.0714484	2.63878	1.85773e-06	2.6001e-05
373	5921	4633	149	150	55	238	0.115811	2.1558	2.44509e-06	2.11128e-05
374	6025	4744	154	154	57	245	0.108977	2.21662	2.36595e-06	2.17106e-05
375	5834	4560	132	132	60	149	0.204158	1.58886	3.13749e-06	1.53679e-05
376	6096	4809	142	146	53	231	0.123073	2.09498	2.52485e-06	2.05151e-05
377	5901	4590	138	139	54	192	0.156904	1.85212	2.83177e-06	1.80478e-05
378	5899	4671	119	120	49	155	0.213504	1.5441	3.20456e-06	1.50094e-05
379	5946	4644	152	153	54	271	0.0960449	2.34294	2.21245e-06	2.30356e-05
380	5958	4683	111	112	52	103	0.292685	1.22866	3.45217e-06	1.17949e-05
381	5986	4608	136	138	56	173	0.173958	1.74894	2.95413e-06	1.69818e-05
382	5706	4495	141	144	59	220	0.13182	2.02632	2.61237e-06	1.98178e-05
383	5872	4590	128	129	55	171	0.185961	1.68222	3.04371e-06	1.63675e-05
384	6014	4765	148	151	49	314	0.0781067	2.54968	1.96887e-06	2.52074e-05
385	6097	4764	166	168	60	279	0.0839159	2.47794	2.03977e-06	2.43074e-05
386	5909	4663	155	158	59	245	0.106273	2.24174	2.33125e-06	2.19364e-05
387	5940	4652	145	151	57	234	0.117457	2.14168	2.46153e-06	2.09568e-05
388	5952	4684	122	124	49	165	0.197855	1.62022	3.11948e-06	1.57665e-05
389	5906	4608	104	105	52	87	0.331841	1.1031	3.50078e-06	1.05496e-05
390	5992	4693	121	122	50	178	0.187503	1.67396	3.06461e-06	1.63443e-05
391	5996	4657	149	152	61	212	0.130581	2.03576	2.59129e-06	1.98443e-05
392	6042	4748	174	182	63	359	0.0511057	2.97386	1.49986e-06	2.93483e-05
393	5859	4595	154	157	56	304	0.079154	2.53636	1.98002e-06	2.50148e-05
394	6017	4645	137	137	56	203	0.150219	1.89566	2.78196e-06	1.85194e-05
395	5916	4606	140	142	56	194	0.152413	1.88116	2.79273e-06	1.83234e-05
396	5977	4732	150	151	59	223	0.124235	2.08558	2.53095e-06	2.03723e-05
397	5958	4711	143	144	59	172	0.168382	1.78152	2.90751e-06	1.72674e-05
398	6006	4641	172	174	59	340	0.0592067	2.82672	1.65111e-06	2.78872e-05
399	5999	4725	118	119	49	182	0.187211	1.67552	3.06792e-06	1.63875e-05
400	6043	4766	141	143	56	208	0.141022	1.95884	2.69686e-06	1.91237e-05
401	6052	4671	182	184	59	382	0.0448819	3.10372	1.37712e-06	3.06832e-05
402	5870	4620	166	168	60	281	0.0830643	2.48814	2.0279e-06	2.44136e-05
403	5897	4623	126	128	59	157	0.200982	1.60454	3.12873e-06	1.55672e-05
404	5923	4623	160	161	64	230	0.112581	2.18408	2.39896e-06	2.13087e-05
405	6018	4687	133	136	59	141	0.207385	1.57318	3.14575e-06	1.51687e-05
406	5964	4652	143	145	52	263	0.105199	2.2519	2.3311e-06	2.21589e-05
407	5838	4604	149	151	57	244	0.111617	2.19268	2.39844e-06	2.14881e-05
408	6006	4713	146	150	57	237	0.116403	2.1507	2.45141e-06	2.10597e-05
409	6122	4791	153	153	56	249	0.107449	2.23074	2.34955e-06	2.18666e-05
410	5996	4749	169	172	58	314	0.0684563	2.68156	1.80675e-06	2.63928e-05
411	5921	4655	143	144	52	258	0.108596	2.22012	2.37139e-06	2.18368e-05
412	5998	4669	146	149	57	237	0.117136	2.14442	2.46024e-06	2.10033e-05
413	5930	4715	130	133	52	199	0.157215	1.85014	2.84261e-06	1.8081e-05
414	6076	4754	135	136	61	171	0.177963	1.72618	2.98313e-06	1.67627e-05
415	5970	4685	131	133	52	211	0.147882	1.91134	2.76815e-06	1.87186e-05
416	5900	4635	164	165	63	275	0.0872742	2.4387	2.08808e-06	2.39255e-05
417	6013	4737	150	155	52	338	0.067394	2.6972	1.79998e-06	2.67084e-05
418	5944	4704	158	162	58	298	0.0790907	2.53716	1.97554e-06	2.49782e-05
419	6075	4772	136	138	54	202	0.150042	1.89684	2.77918e-06	1.85227e-05
420	5889	4625	153	155	59	267	0.0968008	2.3351	2.22022e-06	2.29359e-05
421	5961	4677	156	157	63	243	0.108039	2.22526	2.35241e-06	2.17736e-05
422	5936	4671	129	132	60	173	0.180638	1.71126	3.00638e-06	1.66431e-05
423	5759	4531	137	140	53	233	0.126502	2.0675	2.56579e-06	2.02827e-05
424	5976	4749	135	137	57	201	0.151759	1.88546	2.79436e-06	1.84131e-05
425	5941	4683	149	151	62	188	0.148513	1.90708	2.74937e-06	1.85126e-05
426	6021	4699	146	150	58	260	0.103519	2.268	2.30659e-06	2.22818e-05
427	5826	4569	139	141	60	196	0.151817	1.88508	2.78937e-06	1.83732e-05
428	6088	4738	163	165	61	260	0.0942127	2.3622	2.179e-06	2.31285e-05
429	5897	4622	132	133	64	166	0.186031	1.68184	3.03745e-06	1.63276e-05
430	5922	4677	138	138	58	178	0.169578	1.77444	2.9248e-06	1.72475e-05
431	5942	4574	141	142	50	221	0.132807	2.01886	2.624e-06	1.9758e-05
432	6013	4717	157	160	62	245	0.104947	2.2543	2.314e-06	2.20493e-05
433	5982	4640	138	140	63	174	0.170913	1.7666	2.93079e-06	1.71478e-05
434	5978	4699	106	106	49	113	0.288812	1.24198	3.46213e-06	1.19875e-05
435	6029	4658	146	148	54	237	0.117874	2.13814	2.46908e-06	2.09468e-05
436	5962	4691	142	144	49	254	0.110834	2.19972	2.39671e-06	2.16243e-05
437	5962	4684	158	161	57	282	0.0863557	2.44928	2.07872e-06	2.40716e-05
438	6044	4739	131	131	55	171	0.18364	1.69478	3.02646e-06	1.64804e-05
439	5960	4694	167	170	56	300	0.074452	2.5976	1.90121e-06	2.55361e-05
440	5949	4710	136	140	52	208	0.143704	1.94	2.72382e-06	1.89544e-05
441	6042	4760	125	128	49	174	0.184291	1.69124	3.03536e-06	1.64705e-05
442	5989	4731	121	125	61	143	0.219962	1.5143	3.22332e-06	1.4654e-05
443	6018	4749	140	144	55	230	0.125265	2.07732	2.54904e-06	2.03491e-05
444	6037	4783	149	152	58	231	0.118522	2.13266	2.47163e-06	2.08538e-05
445	5853	4596	127	129	49	188	0.170517	1.76892	2.94496e-06	1.72708e-05
446	5929	4668	125	127	48	175	0.184508	1.69006	3.03833e-06	1.64672e-05
447	5912	4649	128	131	54	173	0.181776	1.70498	3.01506e-06	1.65867e-05
448	6037	4788	118	122	52	170	0.195311	1.63316	3.10921e-06	1.59193e-05
449	5955	4679	148	152	60	250	0.107576	2.22956	2.35196e-06	2.18633e-05
450	5967	4702	116	119	49	186	0.18343	1.69592	3.04495e-06	1.66e-05
451	5995	4699	136	137	49	239	0.125023	2.07926	2.55448e-06	2.04322e-05
452	5963	4662	130	132	52	184	0.170783	1.76736	2.94218e-06	1.72276e-05
453	6046	4790	171	178	59	329	0.0610697	2.79574	1.68116e-06	2.75285e-05
454	5864	4590	143	146	55	201	0.14342	1.94198	2.71366e-06	1.89211e-05
455	5925	4687	116	116	55	121	0.260389	1.34558	3.37907e-06	1.2977e-05
456	5919	4685	150	152	58	241	0.112629	2.18366	2.40858e-06	2.13851e-05
457	6044	4764	160	163	53	290	0.0818686	2.50264	2.01475e-06	2.46096e-05
458	5961	4717	143	143	56	191	0.153794	1.87214	2.8022e-06	1.82204e-05
459	5874	4649	106	109	56	91	0.317074	1.14862	3.48398e-06	1.09879e-05
460	6002	4694	153	154	56	244	0.109534	2.21152	2.37223e-06	2.16574e-05
461	5778	4513	130	135	52	202	0.152896	1.878	2.80614e-06	1.83533e-05
462	6057	4798	129	129	51	176	0.181279	1.70772	3.01524e-06	1.66332e-05
463	5942	4675	156	160	60	233	0.11157	2.1931	2.38891e-06	2.14117e-05
464	5834	4624	157	160	55	344	0.0633424	2.7592	1.72985e-06	2.73094e-05
465	5963	4570	148	149	59	213	0.132388	2.02202	2.61175e-06	1.97281e-05
466	5899	4598	149	151	59	212	0.131404	2.02948	2.6002e-06	1.97878e-05
467	5967	4725	147	150	59	197	0.142744	1.9467	2.70278e-06	1.89344e-05
468	5922	4619	140	143	54	247	0.115586	2.15774	2.44995e-06	2.11959e-05
469	6009	4716	140	141	55	197	0.151045	1.89018	2.7832e-06	1.84264e-05
470	5964	4732	125	127	53	188	0.172672	1.75636	2.96269e-06	1.71579e-05
471	6078	4788	148	152	59	234	0.116722	2.14796	2.4527e-06	2.10132e-05
472	5884	4619	127	128	50	200	0.161405	1.82384	2.88139e-06	1.78519e-05
473	5901	4636	132	133	51	181	0.172331	1.75834	2.9511e-06	1.71246e-05
474	5933	4659	169	171	62	258	0.091659	2.38968	2.14124e-06	2.33609e-05
475	5965	4680	151	153	63	203	0.135859	1.99614	2.63872e-06	1.94225e-05
476	5973	4729	153	155	56	261	0.0998087	2.3045	2.25739e-06	2.26171e-05
477	6105	4805	143	147	54	245	0.113874	2.17266	2.42728e-06	2.13154e-05
478	6016	4732	163	163	55	309	0.0743078	2.59954	1.9037e-06	2.56191e-05
479	5817	4623	177	182	66	309	0.0659499	2.71886	1.76031e-06	2.66916e-05
480	6080	4774	120	124	45	169	0.19386	1.64062	3.09769e-06	1.5979e-05
481	5892	4586	169	170	60	281	0.0820276	2.5007	2.01185e-06	2.45265e-05
482	5942	4637	151	152	59	228	0.120349	2.11736	2.49055e-06	2.06944e-05
483	5939	4660	152	153	60	262	0.100556	2.29704	2.26828e-06	2.25574e-05
484	5964	4634	144	146	65	198	0.145631	1.92668	2.73229e-06	1.87617e-05
485	5979	4766	154	157	59	290	0.0850122	2.46496	2.06332e-06	2.42709e-05
486	5998	4695	145	146	60	175	0.163756	1.80938	2.87222e-06	1.75397e-05
487	6024	4724	134	136	56	177	0.1726	1.75678	2.94825e-06	1.70814e-05
488	5832	4581	126	127	55	188	0.172672	1.75636	2.96269e-06	1.71579e-05
489	6094	4768	162	166	60	249	0.0990253	2.31238	2.23802e-06	2.26005e-05
490	6078	4774	149	153	61	219	0.125213	2.07774	2.5384e-06	2.02727e-05
491	5979	4674	150	151	53	283	0.091485	2.39158	2.15541e-06	2.35603e-05
492	5901	4671	143	148	65	190	0.149802	1.89844	2.76378e-06	1.84496e-05
493	5965	4667	162	164	53	259	0.095291	2.35082	2.19349e-06	2.30189e-05
494	5985	4729	150	155	60	208	0.130785	2.0342	2.58969e-06	1.98011e-05
495	6045	4673	149	153	56	248	0.107998	2.22564	2.35582e-06	2.18135e-05
496	6032	4754	143	147	56	244	0.114457	2.16756	2.43361e-06	2.12623e-05
497	5875	4638	145	149	57	242	0.114187	2.16992	2.42863e-06	2.12689e-05
498	6079	4741	141	146	58	280	0.0958587	2.34488	2.21612e-06	2.31186e-05
499	5908	4674	134	135	53	186	0.165895	1.7964	2.90369e-06	1.75032e-05
500	6020	4667	166	170	60	256	0.0931821	2.3732	2.16166e-06	2.31982e-05
501	5951	4678	162	165	60	280	0.0850769	2.4642	2.05811e-06	2.41911e-05
502	5841	4606	142	143	48	329	0.0760823	2.57594	1.94412e-06	2.55528e-05
503	5991	4706	120	122	57	117	0.255928	1.36286	3.35347e-06	1.31032e-05
504	6127	4848	149	154	60	282	0.0902366	2.40532	2.13649e-06	2.36765e-05
505	6041	4758	130	131	52	199	0.159202	1.83758	2.86057e-06	1.79681e-05
506	5858	4632	155	155	55	260	0.100319	2.2994	2.2636e-06	2.2564e-05
507	5982	4646	140	142	51	264	0.106655	2.23816	2.35096e-06	2.20427e-05
508	5915	4658	149	152	54	258	0.103275	2.27036	2.30183e-06	2.22884e-05
509	6079	4805	140	149	59	186	0.151932	1.88432	2.77937e-06	1.82935e-05
510	5957	4671	163	167	55	299	0.0762559	2.57366	1.93031e-06	2.53136e-05
511	5902	4625	157	160	61	257	0.0987168	2.3155	2.23957e-06	2.26868e-05
512	5998	4725	149	151	57	312	0.0789074	2.53948	1.98067e-06	2.51011e-05
513	5765	4522	135	135	51	188	0.164212	1.8066	2.89168e-06	1.76095e-05
514	6051	4749	167	171	58	290	0.0778571	2.55288	1.95119e-06	2.50612e-05
515	5869	4641	151	157	64	209	0.128496	2.05186	2.56569e-06	1.99671e-05
516	6151	4886	147	153	51	279	0.0922051	2.38374	2.16319e-06	2.34606e-05
517	5943	4644	134	136	51	194	0.158266	1.84348	2.84636e-06	1.79847e-05
518	5993	4731	131	134	56	228	0.134752	2.00432	2.65169e-06	1.96783e-05
519	6020	4692	130	131	56	206	0.153619	1.87328	2.81738e-06	1.83401e-05
520	5943	4727	145	147	57	252	0.109881	2.20836	2.38302e-06	2.16874e-05
521	6005	4729	153	155	57	254	0.103436	2.2688	2.30096e-06	2.22452e-05
522	5813	4554	141	149	50	259	0.104704	2.25662	2.32151e-06	2.21722e-05
523	6128	4787	162	163	63	250	0.100395	2.29864	2.25731e-06	2.24843e-05
524	5879	4623	139	142	56	232	0.125561	2.07496	2.55423e-06	2.03425e-05
525	5923	4652	169	174	53	368	0.0513279	2.96952	1.50775e-06	2.93749e-05
526	5929	4663	147	151	55	272	0.096764	2.33548	2.22323e-06	2.29758e-05
527	5967	4708	130	135	55	198	0.156047	1.8576	2.83081e-06	1.81408e-05
528	5969	4638	130	131	56	169	0.185522	1.68458	3.03777e-06	1.63741e-05
529	5979	4741	137	142	53	239	0.121158	2.11066	2.50971e-06	2.07144e-05
530	6012	4709	158	163	61	234	0.108931	2.21704	2.35663e-06	2.16341e-05
531	5936	4678	154	155	55	273	0.0938836	2.3657	2.18324e-06	2.32547e-05
532	6073	4777	140	141	57	188	0.158139	1.84428	2.83831e-06	1.79482e-05
533	5888	4601	142	143	59	194	0.151459	1.88744	2.78379e-06	1.83798e-05
534	5961	4648	140	144	58	203	0.143759	1.93962	2.71912e-06	1.89145e-05
535	5935	4664	162	163	59	282	0.0852779	2.46184	2.06241e-06	2.41845e-05
536	6025	4756	135	138	58	195	0.155495	1.86114	2.82235e-06	1.81507e-05
537	5975	4725	154	157	59	225	0.118427	2.13346	2.46532e-06	2.08172e-05
538	6020	4750	174	176	62	295	0.0735507	2.60978	1.88357e-06	2.56091e-05
539	6020	4765	146	146	53	223	0.128198	2.05418	2.5755e-06	2.00901e-05
540	5824	4568	153	153	57	275	0.0941054	2.36334	2.18777e-06	2.32481e-05
541	6086	4824	140	141	55	223	0.132287	2.02278	2.62032e-06	1.98078e-05
542	5896	4611	144	145	58	213	0.135755	1.9969	2.64754e-06	1.95023e-05
543	5999	4678	128	128	57	132	0.228312	1.47704	3.25091e-06	1.42389e-05
544	5924	4655	105	105	54	84	0.336957	1.0878	3.50105e-06	1.03902e-05
545	5940	4691	157	163	57	335	0.0650799	2.73214	1.75719e-06	2.70006e-05
546	5978	4659	167	168	64	295	0.0773403	2.55954	1.94569e-06	2.51575e-05
547	6035	4717	138	144	56	221	0.131149	2.03142	2.60605e-06	1.98709e-05
548	6028	4674	154	157	58	266	0.0960814	2.34256	2.20946e-06	2.29957e-05
549	5902	4596	142	143	57	179	0.1635	1.81094	2.8748e-06	1.75828e-05
550	5968	4642	148	150	58	202	0.13915	1.9722	2.67169e-06	1.92e-05
551	5904	4650	152	155	59	299	0.0822247	2.4983	2.0257e-06	2.46362e-05
552	6047	4716	163	164	62	261	0.094324	2.36102	2.18126e-06	2.31252e-05
553	5948	4717	152	157	55	220	0.121486	2.10796	2.49672e-06	2.05516e-05
554	5877	4682	123	125	58	132	0.232655	1.4582	3.27334e-06	1.40695e-05
555	5988	4712	157	160	60	301	0.0788743	2.5399	1.97381e-06	2.50247e-05
556	5969	4661	148	152	60	215	0.128599	2.05106	2.57244e-06	2.00037e-05
557	6036	4766	148	149	62	284	0.0921701	2.38412	2.16604e-06	2.35005e-05
558	5851	4669	150	150	56	221	0.126299	2.0691	2.55246e-06	2.02096e-05
559	5843	4639	126	128	51	175	0.183353	1.69634	3.02966e-06	1.65236e-05
560	5911	4609	134	137	57	188	0.162162	1.81916	2.87389e-06	1.77224e-05
561	6025	4690	154	154	55	244	0.109534	2.21152	2.37223e-06	2.16574e-05
562	5954	4662	163	165	56	286	0.082513	2.4948	2.02239e-06	2.45099e-05
563	5924	4684	115	119	50	144	0.227246	1.48172	3.26518e-06	1.43684e-05
564	5994	4718	162	165	63	273	0.088169	2.4285	2.10012e-06	2.38192e-05
565	5841	4607	143	144	54	240	0.119037	2.12832	2.48555e-06	2.08804e-05
566	6045	4717	142	144	55	253	0.111401	2.19462	2.40305e-06	2.15712e-05
567	5863	4642	148	152	62	201	0.138116	1.97966	2.66009e-06	1.92598e-05
568	6138	4810	118	120	59	120	0.255227	1.3656	3.35616e-06	1.31497e-05
569	5919	4649	120	124	48	200	0.165511	1.79872	2.91731e-06	1.76261e-05
570	6021	4685	143	146	58	189	0.152471	1.88078	2.78771e-06	1.82835e-05
571	6047	4738	140	141	50	218	0.135704	1.99728	2.65195e-06	1.95421e-05
572	5962	4714	161	163	60	272	0.0897399	2.41084	2.12263e-06	2.36532e-05
573	5877	4626	139	142	53	207	0.142636	1.94746	2.7121e-06	1.90141e-05
574	5964	4699	153	154	52	304	0.0806594	2.51752	2.00402e-06	2.48454e-05
575	6016	4640	167	170	62	262	0.0903739	2.4038	2.12532e-06	2.3517e-05
576	6021	4730	127	128	57	157	0.200982	1.60454	3.12873e-06	1.55672e-05
577	5944	4650	138	140	51	241	0.121444	2.1083	2.51484e-06	2.07078e-05
578	5925	4662	152	154	51	314	0.0766489	2.56852	1.9451e-06	2.53768e-05
579	5849	4573	146	146	49	296	0.0883473	2.42648	2.11758e-06	2.39688e-05
580	5966	4719	118	124	53	142	0.22248	1.50292	3.23584e-06	1.45444e-05
581	5999	4693	140	143	57	184	0.159384	1.83644	2.84476e-06	1.78485e-05
582	6008	4700	130	130	51	187	0.170316	1.7701	2.94205e-06	1.72741e-05
583	5797	4537	148	150	55	254	0.106736	2.2374	2.34423e-06	2.1963e-05
584	6066	4741	160	163	58	281	0.0857139	2.45674	2.0684e-06	2.41314e-05
585	5883	4590	149	157	56	256	0.101109	2.29156	2.27134e-06	2.24644e-05
586	5980	4665	141	144	56	214	0.135916	1.99572	2.65022e-06	1.9499e-05
587	5932	4654	115	117	61	115	0.266799	1.32126	3.39226e-06	1.27147e-05
588	5971	4669	134	136	54	217	0.140749	1.96078	2.70333e-06	1.92068e-05
589	5972	4702	142	144	57	219	0.132494	2.02122	2.61869e-06	1.97646e-05
590	6048	4778	163	166	59	290	0.0803406	2.52148	1.99075e-06	2.47789e-05
591	6015	4723	155	159	58	336	0.0663959	2.71212	1.78126e-06	2.68279e-05
592	5815	4552	147	151	58	204	0.136876	1.98868	2.6503e-06	1.93628e-05
593	6079	4781	160	163	58	318	0.0709741	2.64544	1.85223e-06	2.60973e-05
594	5891	4645	148	153	53	279	0.0922051	2.38374	2.16319e-06	2.34606e-05
595	5953	4648	135	137	56	209	0.145692	1.92626	2.74457e-06	1.88382e-05
596	5938	4666	146	154	61	239	0.112363	2.18602	2.40364e-06	2.13918e-05
597	5932	4677	156	160	54	296	0.0809114	2.5144	2.00329e-06	2.4759e-05
598	5994	4701	163	164	55	250	0.0997668	2.30492	2.24881e-06	2.25407e-05
599	6084	4782	132	137	54	218	0.139156	1.97216	2.68799e-06	1.93164e-05
600	6000	4710	143	145	57	193	0.150333	1.8949	2.77209e-06	1.84396e-05
601	5894	4629	129	132	55	200	0.157401	1.84896	2.84545e-06	1.80777e-05
602	5950	4731	154	155	51	343	0.0656971	2.7227	1.77212e-06	2.69741e-05
603	5900	4591	120	123	49	185	0.179795	1.71594	3.01564e-06	1.67727e-05
604	6082	4757	153	155	52	278	0.0915198	2.3912	2.15258e-06	2.35204e-05
605	5944	4624	157	159	55	333	0.0674196	2.69682	1.79798e-06	2.66685e-05
606	5904	4617	115	115	51	153	0.222573	1.5025	3.25421e-06	1.46209e-05
607	5984	4809	165	167	52	341	0.0615528	2.78786	1.69548e-06	2.75452e-05
608	5889	4648	137	141	56	234	0.12507	2.07888	2.55047e-06	2.03923e-05
609	6031	4790	141	147	61	227	0.124823	2.08086	2.54127e-06	2.0359e-05
610	5844	4591	138	146	56	260	0.106152	2.24288	2.34129e-06	2.2056e-05
611	5878	4584	136	136	60	176	0.173482	1.75168	2.95411e-06	1.70283e-05
612	5907	4610	143	148	58	201	0.14163	1.95454	2.69578e-06	1.9034e-05
613	5972	4707	135	139	57	202	0.149103	1.90312	2.7702e-06	1.85791e-05
614	5951	4707	147	148	57	211	0.134588	2.00554	2.63325e-06	1.95654e-05
615	5944	4648	135	138	56	199	0.152355	1.88154	2.79774e-06	1.83633e-05
616	5991	4748	145	146	58	223	0.128198	2.05418	2.5755e-06	2.00901e-05
617	5992	4720	153	156	56	282	0.0891103	2.41788	2.11988e-06	2.37894e-05
618	6040	4694	141	141	56	244	0.118852	2.12988	2.4868e-06	2.09236e-05
619	5857	4641	116	118	53	143	0.229847	1.47034	3.27736e-06	1.42589e-05
620	6127	4744	145	145	56	238	0.119505	2.1244	2.48935e-06	2.08306e-05
621	5915	4637	161	162	61	313	0.0732659	2.61366	1.88844e-06	2.57752e-05
622	5879	4639	137	138	55	188	0.161147	1.82544	2.865e-06	1.77788e-05
623	5957	4678	130	132	56	190	0.165636	1.79796	2.90632e-06	1.75464e-05
624	5981	4693	129	131	52	200	0.158392	1.84268	2.85443e-06	1.80213e-05
625	5904	4611	163	166	59	324	0.0675505	2.69488	1.79586e-06	2.65855e-05
626	5970	4711	139	142	56	223	0.131459	2.02906	2.61134e-06	1.98643e-05
627	6011	4740	148	153	66	201	0.137252	1.98594	2.65119e-06	1.93163e-05
628	5973	4708	156	158	59	239	0.109576	2.21114	2.36876e-06	2.16176e-05
629	5963	4728	154	157	53	314	0.0752184	2.58736	1.92154e-06	2.55461e-05
630	5922	4649	147	150	52	240	0.114635	2.166	2.43246e-06	2.12191e-05
631	5984	4737	120	124	53	190	0.174171	1.74772	2.97741e-06	1.70948e-05
632	5963	4664	135	139	61	151	0.193395	1.64302	3.06905e-06	1.58693e-05
633	6022	4724	146	148	63	214	0.132544	2.02084	2.6144e-06	1.97247e-05
634	6004	4701	128	132	51	227	0.137153	1.98666	2.67617e-06	1.95123e-05
635	5846	4583	144	146	54	269	0.10139	2.28878	2.28474e-06	2.25342e-05
636	6060	4715	143	145	55	273	0.0999685	2.3029	2.26831e-06	2.26903e-05
637	5877	4580	155	160	61	312	0.0745713	2.596	1.90971e-06	2.56092e-05
638	6001	4796	136	139	61	163	0.181914	1.70422	3.00284e-06	1.65069e-05
639	5928	4671	136	141	56	189	0.157335	1.84938	2.83223e-06	1.80013e-05
640	5974	4668	126	126	58	150	0.210919	1.55628	3.18116e-06	1.50824e-05
641	5969	4708	155	158	59	233	0.112981	2.18054	2.40634e-06	2.12988e-05
642	5974	4717	131	133	53	194	0.161276	1.82464	2.87319e-06	1.78154e-05
643	6011	4764	153	156	57	297	0.0825476	2.49438	2.02955e-06	2.45864e-05
644	5805	4532	136	138	58	167	0.179364	1.71834	2.98874e-06	1.6663e-05
645	6072	4724	154	154	59	292	0.0857499	2.45632	2.07582e-06	2.42078e-05
646	5887	4629	139	141	56	229	0.128301	2.05338	2.58225e-06	2.01266e-05
647	6049	4752	109	113	54	127	0.257344	1.35734	3.37803e-06	1.31265e-05
648	5935	4608	145	150	56	254	0.106736	2.2374	2.34423e-06	2.1963e-05
649	5879	4658	152	156	57	229	0.116766	2.14758	2.44898e-06	2.09733e-05
650	5975	4664	135	143	49	330	0.0756952	2.58104	1.93825e-06	2.5606e-05
651	5924	4648	137	139	58	167	0.178241	1.72462	2.98009e-06	1.67195e-05
652	6023	4733	135	137	52	202	0.150987	1.89056	2.78816e-06	1.84662e-05
653	5945	4675	152	155	61	211	0.128799	2.0495	2.5709e-06	1.99605e-05
654	5847	4604	155	157	57	264	0.0970664	2.33236	2.2218e-06	2.28894e-05
655	5895	4598	120	121	47	164	0.202649	1.59628	3.14998e-06	1.5544e-05
656	5975	4725	153	155	57	241	0.110526	2.2025	2.38234e-06	2.15545e-05
657	5941	4621	156	157	62	219	0.122107	2.10286	2.503e-06	2.04984e-05
658	5926	4670	153	155	59	229	0.117502	2.1413	2.45778e-06	2.09169e-05
659	5981	4725	161	165	59	285	0.0829348	2.4897	2.02832e-06	2.44568e-05
660	6024	4712	160	162	58	278	0.0875837	2.43516	2.09461e-06	2.39155e-05
661	6027	4797	162	163	61	321	0.0698965	2.66074	1.83525e-06	2.62567e-05
662	5981	4676	160	165	56	337	0.0636154	2.7549	1.73159e-06	2.72197e-05
663	5975	4684	147	148	54	219	0.129207	2.04634	2.5829e-06	1.99904e-05
664	5903	4652	141	147	54	254	0.108766	2.21856	2.3704e-06	2.17936e-05
665	5916	4587	167	170	58	375	0.0507878	2.9801	1.49931e-06	2.9521e-05
666	5947	4680	132	134	48	196	0.15864	1.84112	2.85204e-06	1.79781e-05
667	5963	4697	149	153	59	260	0.101587	2.28684	2.28074e-06	2.24511e-05
668	5987	4662	141	143	57	186	0.157766	1.84664	2.83266e-06	1.79548e-05
669	5976	4673	152	155	56	226	0.119314	2.126	2.47665e-06	2.07575e-05
670	6035	4750	144	149	57	310	0.0807239	2.51672	2.00857e-06	2.4882e-05
671	5850	4567	145	147	59	232	0.12168	2.10636	2.50962e-06	2.06247e-05
672	6116	4814	114	117	48	170	0.201541	1.60176	3.15151e-06	1.5637e-05
673	5911	4684	151	153	55	253	0.105279	2.25114	2.32448e-06	2.20792e-05
674	6015	4716	135	138	58	158	0.187788	1.67244	3.03932e-06	1.61848e-05
675	5953	4676	134	138	54	200	0.15158	1.88664	2.79156e-06	1.84164e-05
676	6001	4740	143	144	57	197	0.148226	1.90902	2.75636e-06	1.85957e-05
677	5994	4688	157	161	62	242	0.105898	2.24528	2.32407e-06	2.19463e-05
678	5802	4596	140	143	53	197	0.149159	1.90274	2.7653e-06	1.85392e-05
679	5907	4596	152	154	61	209	0.130939	2.03302	2.59231e-06	1.97978e-05
680	6085	4728	149	152	63	261	0.101707	2.28566	2.2831e-06	2.24478e-05
681	5982	4750	153	160	56	279	0.0882396	2.4277	2.10502e-06	2.38558e-05
682	5918	4742	135	139	52	238	0.124093	2.08672	2.54291e-06	2.04919e-05
683	5985	4717	161	163	55	365	0.055847	2.88514	1.59692e-06	2.85946e-05
684	5959	4728	141	144	58	187	0.155981	1.85802	2.8177e-06	1.80644e-05
685	6050	4709	147	148	55	274	0.0976037	2.32684	2.23637e-06	2.29127e-05
686	6000	4750	134	137	54	184	0.165504	1.79876	2.89795e-06	1.75098e-05
687	5880	4605	141	144	55	242	0.117829	2.13852	2.47284e-06	2.09867e-05
688	6054	4704	147	150	60	219	0.127594	2.0589	2.56507e-06	2.01033e-05
689	5872	4613	138	143	56	193	0.152233	1.88234	2.78994e-06	1.83267e-05
690	5977	4670	171	175	63	303	0.0710551	2.6443	1.84585e-06	2.59777e-05
691	5925	4631	142	143	54	222	0.131304	2.03024	2.60869e-06	1.98676e-05
692	5802	4513	146	151	57	274	0.095782	2.34568	2.21085e-06	2.30821e-05
693	5965	4600	150	151	58	236	0.116265	2.15188	2.4489e-06	2.1063e-05
694	5952	4669	129	132	54	174	0.179719	1.71636	3.00064e-06	1.66963e-05
695	6007	4717	154	157	56	341	0.0655423	2.72506	1.76838e-06	2.69807e-05
696	5927	4638	143	148	59	205	0.13877	1.97494	2.67084e-06	1.92466e-05
697	6065	4794	160	160	57	244	0.105484	2.2492	2.32023e-06	2.19961e-05
698	5882	4616	155	163	53	302	0.0770085	2.56384	1.94425e-06	2.52472e-05
699	6086	4811	131	131	56	148	0.206495	1.57748	3.15077e-06	1.52583e-05
700	5931	4673	135	135	54	222	0.138069	1.98	2.68075e-06	1.9416e-05
701	5906	4668	123	128	53	173	0.185233	1.68614	3.04103e-06	1.64173e-05
702	5971	4680	136	138	56	201	0.150809	1.89174	2.78538e-06	1.84695e-05
703	5978	4680	161	163	57	270	0.0906599	2.40064	2.13476e-06	2.35469e-05
704	6014	4797	142	145	62	271	0.100993	2.2927	2.28084e-06	2.2584e-05
705	5964	4699	138	138	53	211	0.143311	1.94274	2.72303e-06	1.90009e-05
706	5881	4621	168	170	61	270	0.0867608	2.4446	2.07723e-06	2.39421e-05
707	5888	4632	133	134	52	185	0.167794	1.78502	2.91854e-06	1.73936e-05
708	5945	4643	134	138	53	200	0.15158	1.88664	2.79156e-06	1.84164e-05
709	5937	4678	137	139	54	191	0.157706	1.84702	2.83787e-06	1.79947e-05
710	5946	4695	167	170	61	281	0.0820276	2.5007	2.01185e-06	2.45265e-05
711	5977	4691	158	160	60	280	0.0877907	2.4328	2.09898e-06	2.39089e-05
712	6030	4744	149	154	54	261	0.100437	2.29822	2.26594e-06	2.25607e-05
713	6022	4746	156	158	54	243	0.107363	2.23154	2.34374e-06	2.18301e-05
714	6002	4654	153	154	55	328	0.071367	2.63992	1.86415e-06	2.61206e-05
715	5927	4689	151	156	56	348	0.0636421	2.75448	1.73719e-06	2.72962e-05
716	5899	4600	157	159	58	283	0.0870024	2.44182	2.08909e-06	2.40119e-05
717	6055	4723	153	157	59	276	0.0913041	2.39356	2.14811e-06	2.3527e-05
718	5944	4705	154	155	58	264	0.0982932	2.3198	2.23878e-06	2.27765e-05
719	6073	4736	148	149	57	260	0.104171	2.26172	2.31524e-06	2.22253e-05
720	5984	4665	158	159	61	285	0.0861194	2.45202	2.07704e-06	2.41181e-05
721	5862	4612	114	116	48	170	0.202811	1.59548	3.15991e-06	1.55806e-05
722	6030	4705	142	143	57	199	0.147646	1.91294	2.75293e-06	1.86455e-05
723	5843	4593	154	157	66	203	0.132488	2.02126	2.60317e-06	1.96483e-05
724	6106	4753	156	160	57	260	0.0972179	2.3308	2.22107e-06	2.28462e-05
725	5906	4634	143	146	57	267	0.10243	2.27858	2.29728e-06	2.24279e-05
726	5979	4674	152	154	61	193	0.142072	1.95142	2.69193e-06	1.89476e-05
727	5950	4655	132	134	50	200	0.155436	1.86152	2.82748e-06	1.81906e-05
728	6024	4732	153	153	58	247	0.10855	2.22054	2.3621e-06	2.17604e-05
729	5990	4701	126	127	60	123	0.240542	1.42486	3.29644e-06	1.37042e-05
730	5849	4549	149	154	55	252	0.105155	2.25232	2.32208e-06	2.20825e-05
731	6039	4702	137	141	60	198	0.150276	1.89528	2.77703e-06	1.84795e-05
732	5979	4688	146	151	55	248	0.109363	2.21308	2.37325e-06	2.17006e-05
733	6002	4672	153	156	61	245	0.107617	2.22918	2.34857e-06	2.18235e-05
734	5927	4691	124	127	57	148	0.211748	1.55236	3.18311e-06	1.50326e-05
735	5866	4607	150	154	55	230	0.117641	2.14012	2.46029e-06	2.09136e-05
736	5956	4695	128	132	47	216	0.145067	1.93056	2.74581e-06	1.89279e-05
737	5980	4722	128	130	51	201	0.158579	1.8415	2.85728e-06	1.8018e-05
738	5996	4762	143	144	60	187	0.155981	1.85802	2.8177e-06	1.80644e-05
739	5906	4646	169	171	65	253	0.0940264	2.36418	2.17156e-06	2.30952e-05
740	6048	4790	123	125	47	196	0.167864	1.7846	2.9326e-06	1.74701e-05
741	5866	4610	146	154	62	255	0.103558	2.26762	2.30333e-06	2.22419e-05
742	6052	4740	146	149	57	209	0.135116	2.00162	2.63686e-06	1.95155e-05
743	5921	4718	152	154	60	250	0.106233	2.24212	2.3346e-06	2.19762e-05
744	5882	4601	153	157	56	220	0.121486	2.10796	2.49672e-06	2.05516e-05
745	5962	4672	117	120	51	194	0.174995	1.743	2.98918e-06	1.70816e-05
746	6233	4887	153	157	59	248	0.105319	2.25076	2.32116e-06	2.20393e-05
747	6003	4748	137	138	45	285	0.0982598	2.32014	2.25337e-06	2.29327e-05
748	5980	4702	131	133	56	166	0.186031	1.68184	3.03745e-06	1.63276e-05
749	6059	4715	130	131	54	179	0.176298	1.73558	2.9804e-06	1.69055e-05
750	5876	4614	136	141	53	224	0.131614	2.02788	2.61398e-06	1.98609e-05
751	5973	4724	143	145	60	175	0.164787	1.8031	2.88101e-06	1.74832e-05
752	5927	4622	139	140	46	262	0.10911	2.2154	2.38117e-06	2.18236e-05
753	5928	4728	125	128	54	149	0.209352	1.56374	3.17003e-06	1.51421e-05
754	5968	4693	134	139	51	249	0.117324	2.14282	2.47276e-06	2.10764e-05
755	5855	4552	125	127	55	189	0.171794	1.76146	2.95675e-06	1.7211e-05
756	6010	4711	163	171	59	386	0.0477164	3.04248	1.43922e-06	3.0162e-05
757	5803	4591	140	146	61	172	0.16628	1.79408	2.89e-06	1.73803e-05
758	6070	4788	150	153	60	224	0.12206	2.10324	2.50691e-06	2.05383e-05
759	6023	4719	173	174	62	274	0.0829	2.49012	2.02113e-06	2.43804e-05
760	6118	4795	133	137	56	198	0.154099	1.87016	2.81288e-06	1.82537e-05
761	6052	4743	150	154	56	268	0.0969151	2.33392	2.22252e-06	2.29326e-05
762	5965	4658	125	129	54	193	0.166224	1.79442	2.91498e-06	1.75364e-05
763	5974	4676	135	139	59	157	0.187567	1.67362	3.03636e-06	1.61881e-05
764	5915	4687	112	117	51	134	0.242159	1.41816	3.32345e-06	1.37242e-05
765	6018	4775	133	134	59	203	0.153076	1.87682	2.80895e-06	1.835e-05
766	6025	4795	134	135	53	176	0.174575	1.7454	2.96287e-06	1.69719e-05
767	5947	4726	130	134	52	193	0.161085	1.82582	2.87033e-06	1.78187e-05
768	5894	4639	148	150	61	200	0.140577	1.962	2.68415e-06	1.90938e-05
769	6053	4800	123	124	53	162	0.200906	1.60492	3.13555e-06	1.56071e-05
770	5940	4699	135	136	52	225	0.135122	2.00158	2.65269e-06	1.96318e-05
771	6003	4679	163	164	63	292	0.0805304	2.51912	1.99492e-06	2.47723e-05
772	5980	4712	143	146	50	252	0.110573	2.20208	2.39179e-06	2.16309e-05
773	5806	4519	156	160	49	355	0.0598868	2.8153	1.67048e-06	2.78939e-05
774	6026	4744	144	146	54	199	0.14489	1.93178	2.72609e-06	1.88149e-05
775	5835	4556	156	159	54	320	0.072041	2.63052	1.87147e-06	2.59778e-05
776	6097	4799	162	165	58	262	0.0932566	2.3724	2.16679e-06	2.32348e-05
777	5902	4611	136	138	47	229	0.130741	2.03454	2.60923e-06	1.99573e-05
778	5906	4608	162	166	70	220	0.11481	2.16448	2.41785e-06	2.10596e-05
779	5946	4620	140	143	56	212	0.138174	1.97924	2.67177e-06	1.93362e-05
780	6053	4737	174	177	53	343	0.0572195	2.86086	1.6145e-06	2.82159e-05
781	5986	4660	144	147	53	245	0.113874	2.17266	2.42728e-06	2.13154e-05
782	5882	4565	126	129	51	191	0.167928	1.78422	2.92702e-06	1.74302e-05
783	6034	4774	163	165	57	352	0.0589303	2.8314	1.65103e-06	2.80167e-05
784	5848	4628	146	149	56	224	0.125165	2.07812	2.54242e-06	2.03125e-05
785	6114	4766	138	140	58	167	0.177125	1.7309	2.97143e-06	1.67759e-05
786	5947	4621	151	154	51	276	0.0930405	2.37472	2.17321e-06	2.33577e-05
787	6006	4669	132	135	55	190	0.162545	1.8168	2.87961e-06	1.77157e-05
788	5952	4650	147	148	57	214	0.132544	2.02084	2.6144e-06	1.97247e-05
789	5849	4573	114	115	54	139	0.239046	1.4311	3.31724e-06	1.3877e-05
790	5993	4666	132	132	55	203	0.155011	1.86426	2.82695e-06	1.82371e-05
791	5928	4623	110	111	50	122	0.267328	1.31928	3.40788e-06	1.27479e-05
792	6043	4703	160	162	60	239	0.106857	2.23626	2.33412e-06	2.18433e-05
793	5951	4719	153	154	60	272	0.0949581	2.35432	2.19782e-06	2.31452e-05
794	6089	4809	131	132	57	166	0.187203	1.67556	3.04602e-06	1.62712e-05
795	5917	4647	159	163	58	347	0.0612164	2.79334	1.69191e-06	2.76382e-05
796	5907	4570	163	168	59	276	0.0852097	2.46264	2.05764e-06	2.4148e-05
797	5959	4661	143	144	55	214	0.135916	1.99572	2.65022e-06	1.9499e-05
798	5788	4542	123	129	50	196	0.1637	1.80972	2.89681e-06	1.76958e-05
799	5999	4733	141	145	56	199	0.145803	1.9255	2.73503e-06	1.87584e-05
800	5965	4681	140	142	51	199	0.148576	1.90666	2.76189e-06	1.85891e-05
801	6053	4777	163	164	58	291	0.0809422	2.51402	2.00082e-06	2.47192e-05
802	5871	4631	119	122	52	143	0.224145	1.49546	3.24667e-06	1.44847e-05
803	6047	4727	157	160	58	256	0.0992216	2.3104	2.24575e-06	2.26337e-05
804	5924	4670	138	142	58	220	0.133486	2.01376	2.63032e-06	1.97049e-05
805	5947	4699	161	163	61	300	0.077798	2.55364	1.95591e-06	2.51409e-05
806	5965	4695	141	144	53	216	0.134536	2.00592	2.63762e-06	1.96052e-05
807	5944	4630	140	141	50	216	0.137095	1.98708	2.66457e-06	1.94359e-05
808	6006	4765	126	127	56	136	0.225111	1.49116	3.24047e-06	1.4395e-05
809	5792	4535	171	173	62	284	0.0792744	2.53484	1.97039e-06	2.48553e-05
810	6064	4765	135	138	54	179	0.168716	1.77954	2.91889e-06	1.73006e-05
811	5880	4539	151	157	55	281	0.0890052	2.41906	2.11768e-06	2.37927e-05
812	6184	4933	136	138	58	172	0.174848	1.74384	2.95994e-06	1.69287e-05
813	6090	4765	148	149	59	248	0.110746	2.20052	2.39074e-06	2.15877e-05
814	5984	4754	147	150	55	252	0.10783	2.2272	2.35681e-06	2.18567e-05
815	5971	4637	157	158	53	305	0.0782583	2.54774	1.96619e-06	2.51243e-05
816	6054	4757	151	153	55	262	0.100556	2.29704	2.26828e-06	2.25574e-05
817	6014	4726	123	127	55	163	0.196153	1.62886	3.10502e-06	1.58296e-05
818	5908	4697	143	145	62	191	0.151875	1.8847	2.78437e-06	1.83333e-05
819	5966	4747	151	155	52	266	0.0972957	2.33	2.2264e-06	2.28828e-05
820	5889	4601	150	153	56	245	0.109663	2.21034	2.37466e-06	2.16541e-05
821	5937	4676	150	154	55	319	0.0747191	2.59402	1.91598e-06	2.56424e-05
822	5937	4673	130	132	51	269	0.110708	2.20086	2.40722e-06	2.17439e-05
823	6026	4751	144	148	64	223	0.126598	2.06674	2.55765e-06	2.02029e-05
824	5977	4677	149	153	63	251	0.106358	2.24094	2.33701e-06	2.19729e-05
825	5852	4533	119	123	57	117	0.254326	1.36914	3.34683e-06	1.31596e-05
826	6021	4788	158	158	55	251	0.103071	2.27234	2.29385e-06	2.22552e-05
827	5827	4551	140	141	59	154	0.188081	1.67088	3.03594e-06	1.61416e-05
828	6089	4809	128	131	49	192	0.164988	1.80188	2.90317e-06	1.75962e-05
829	5898	4694	144	146	58	199	0.14489	1.93178	2.72609e-06	1.88149e-05
830	5951	4690	152	156	62	205	0.13197	2.02518	2.59956e-06	1.96981e-05
831	5943	4658	134	135	60	146	0.203437	1.5924	3.12842e-06	1.53779e-05
832	6079	4774	169	170	53	333	0.0629194	2.7659	1.71704e-06	2.72894e-05
833	5983	4697	133	134	60	163	0.187717	1.67282	3.04565e-06	1.62247e-05
834	5908	4634	124	126	54	144	0.217473	1.52568	3.21068e-06	1.47636e-05
835	6029	4772	133	136	53	201	0.152715	1.87918	2.80334e-06	1.83566e-05
836	5841	4626	135	138	57	216	0.139703	1.96824	2.69158e-06	1.92665e-05
837	6104	4804	131	132	57	161	0.192038	1.65006	3.07368e-06	1.60055e-05
838	5906	4681	165	169	59	334	0.0629937	2.76472	1.71886e-06	2.72861e-05
839	5986	4717	146	148	60	211	0.134588	2.00554	2.63325e-06	1.95654e-05
840	5838	4539	157	164	52	433	0.0392337	3.23822	1.26584e-06	3.22641e-05
841	5858	4623	143	146	59	217	0.132181	2.02358	2.61339e-06	1.97713e-05
842	5989	4650	151	156	60	240	0.110396	2.20368	2.3799e-06	2.15578e-05
843	5975	4700	160	163	58	281	0.0857139	2.45674	2.0684e-06	2.41314e-05
844	6038	4712	152	156	63	282	0.0891103	2.41788	2.11988e-06	2.37894e-05
845	5986	4711	168	173	58	283	0.0796797	2.52974	1.97623e-06	2.48021e-05
846	5986	4731	132	135	54	191	0.161718	1.8219	2.87355e-06	1.77689e-05
847	5913	4678	134	136	50	198	0.15507	1.86388	2.82184e-06	1.81972e-05
848	5929	4642	157	159	61	263	0.096345	2.33982	2.21104e-06	2.29492e-05
849	5955	4627	153	155	59	267	0.0968008	2.3351	2.22022e-06	2.29359e-05
850	5972	4654	129	133	58	141	0.211329	1.55434	3.16979e-06	1.49993e-05
851	5996	4653	165	167	59	295	0.0778275	2.55326	1.95355e-06	2.5101e-05
852	5985	4695	126	127	54	208	0.155928	1.85836	2.8411e-06	1.82206e-05
853	6047	4763	143	144	56	209	0.139426	1.97022	2.68162e-06	1.92333e-05
854	5865	4628	132	133	53	233	0.132187	2.02354	2.62887e-06	1.98876e-05
855	5844	4667	153	155	61	255	0.10291	2.2739	2.29472e-06	2.22983e-05
856	5920	4673	134	135	60	167	0.182775	1.6995	3.01463e-06	1.64937e-05
857	5966	4719	133	134	48	215	0.143989	1.93802	2.734e-06	1.89876e-05
858	5961	4659	129	133	56	191	0.163762	1.80934	2.89138e-06	1.7656e-05
859	5989	4691	155	155	60	240	0.111092	2.1974	2.38862e-06	2.15013e-05
860	6002	4725	134	136	59	154	0.194081	1.63948	3.078e-06	1.58594e-05
861	5780	4495	167	171	68	228	0.106813	2.23668	2.32498e-06	2.17669e-05
862	6057	4783	116	118	53	140	0.233391	1.45504	3.29069e-06	1.40995e-05
863	5875	4598	140	142	56	220	0.133486	2.01376	2.63032e-06	1.97049e-05
864	6168	4862	136	138	54	232	0.128756	2.04984	2.59013e-06	2.01167e-05
865	5927	4609	147	151	63	216	0.12875	2.04988	2.57505e-06	2.00004e-05
866	6005	4739	169	173	61	308	0.0701415	2.65724	1.83283e-06	2.61305e-05
867	5930	4650	173	175	62	315	0.0668369	2.7055	1.77888e-06	2.66153e-05
868	5988	4722	150	155	64	225	0.119924	2.1209	2.48294e-06	2.07043e-05
869	6009	4688	141	143	60	199	0.147646	1.91294	2.75293e-06	1.86455e-05
870	5909	4616	151	154	57	243	0.110094	2.20642	2.37851e-06	2.16043e-05
871	5985	4784	142	147	57	183	0.156225	1.85646	2.81535e-06	1.80212e-05
872	5884	4591	137	139	56	243	0.120969	2.11222	2.51103e-06	2.07576e-05
873	6096	4798	150	150	58	294	0.0870389	2.4414	2.09662e-06	2.40883e-05
874	5933	4669	142	146	55	248	0.112852	2.18168	2.4171e-06	2.14184e-05
875	6055	4770	130	136	58	128	0.2216	1.50688	3.20831e-06	1.44779e-05
876	5973	4742	141	143	56	229	0.126699	2.06594	2.56433e-06	2.02395e-05
877	5885	4658	129	133	53	201	0.15562	1.86034	2.8303e-06	1.81873e-05
878	6017	4730	131	135	56	212	0.145293	1.929	2.74382e-06	1.88847e-05
879	6009	4793	153	157	59	215	0.124623	2.08246	2.5281e-06	2.02859e-05
880	6081	4768	125	127	56	164	0.195155	1.63396	3.09959e-06	1.58827e-05
881	5893	4640	140	146	57	188	0.153251	1.87568	2.79382e-06	1.82304e-05
882	6009	4742	158	162	57	318	0.0714212	2.63916	1.85987e-06	2.60409e-05
883	5939	4674	167	169	59	296	0.0764652	2.57092	1.93205e-06	2.52671e-05
884	5900	4662	162	162	65	238	0.107404	2.23116	2.34035e-06	2.17902e-05
885	5979	4706	135	136	52	199	0.154281	1.86898	2.81569e-06	1.82504e-05
886	5930	4599	141	145	52	231	0.123848	2.0887	2.53377e-06	2.04587e-05
887	6025	4736	147	150	62	198	0.142018	1.9518	2.69657e-06	1.89875e-05
888	5834	4583	127	130	55	169	0.186691	1.6783	3.04637e-06	1.63177e-05
889	6096	4804	148	149	51	271	0.0984881	2.31782	2.24649e-06	2.28098e-05
890	5901	4682	130	131	52	222	0.141581	1.95488	2.71698e-06	1.91902e-05
891	5909	4574	156	158	58	231	0.114139	2.17034	2.41889e-06	2.11925e-05
892	5946	4669	128	130	51	155	0.200508	1.6069	3.12268e-06	1.55738e-05
893	6001	4665	130	133	57	182	0.171454	1.76344	2.9452e-06	1.71778e-05
894	6056	4736	168	170	55	362	0.0542691	2.9138	1.5646e-06	2.88303e-05
895	5967	4680	129	130	52	196	0.162675	1.816	2.88786e-06	1.77523e-05
896	5885	4603	135	135	50	195	0.158453	1.8423	2.8492e-06	1.79814e-05
897	5867	4585	151	152	55	204	0.136019	1.99496	2.64138e-06	1.94192e-05
898	5944	4646	144	144	56	199	0.146721	1.91922	2.74398e-06	1.8702e-05
899	5909	4656	155	156	60	228	0.117363	2.14248	2.45527e-06	2.09202e-05
900	5949	4710	134	136	50	212	0.144384	1.93528	2.73479e-06	1.89411e-05
901	5952	4740	150	150	53	249	0.109492	2.2119	2.37569e-06	2.16973e-05
902	5990	4749	144	146	59	167	0.170575	1.76858	2.91932e-06	1.71146e-05
903	5992	4750	123	124	60	137	0.228226	1.47742	3.25878e-06	1.42788e-05
904	6005	4699	145	146	54	202	0.14269	1.94708	2.70744e-06	1.89743e-05
905	6042	4765	148	152	55	222	0.124089	2.08676	2.52838e-06	2.03756e-05
906	5859	4591	161	164	62	249	0.100277	2.29982	2.25498e-06	2.24876e-05
907	5990	4673	142	143	55	250	0.113831	2.17304	2.4309e-06	2.13553e-05
908	5916	4665	141	147	53	266	0.102309	2.27976	2.29491e-06	2.24312e-05
909	5986	4711	135	139	53	195	0.154522	1.86742	2.81341e-06	1.82072e-05
910	5958	4697	153	155	52	261	0.0998087	2.3045	2.25739e-06	2.26171e-05
911	6064	4786	149	151	62	177	0.157083	1.85098	2.81621e-06	1.79282e-05
912	5999	4661	163	164	56	282	0.084744	2.46812	2.05428e-06	2.4241e-05
913	5991	4670	158	164	57	295	0.0793077	2.53442	1.97728e-06	2.49317e-05
914	6052	4762	142	145	53	281	0.0959719	2.3437	2.21842e-06	2.31153e-05
915	5870	4637	140	142	56	232	0.125561	2.07496	2.55423e-06	2.03425e-05
916	6153	4873	173	179	62	365	0.0505082	2.98562	1.48988e-06	2.94977e-05
917	5923	4621	138	144	54	206	0.141576	1.95492	2.7004e-06	1.90739e-05
918	6029	4676	141	145	49	278	0.0974515	2.3284	2.23709e-06	2.29559e-05
919	5964	4644	138	139	55	276	0.102231	2.28052	2.30132e-06	2.2511e-05
920	5855	4583	146	146	58	281	0.0953711	2.34998	2.20992e-06	2.31718e-05
921	5985	4704	150	154	59	241	0.111223	2.19622	2.39107e-06	2.1498e-05
922	6152	4810	149	150	59	227	0.122493	2.0997	2.51459e-06	2.05284e-05
923	6006	4711	145	148	58	217	0.130532	2.03614	2.59551e-06	1.98841e-05
924	5931	4675	152	155	59	233	0.115129	2.1617	2.43261e-06	2.11294e-05
925	5991	4717	154	156	63	195	0.138875	1.97418	2.66179e-06	1.91668e-05
926	5930	4699	136	141	55	223	0.132287	2.02278	2.62032e-06	1.98078e-05
927	5932	4670	137	138	62	178	0.169578	1.77444	2.9248e-06	1.72475e-05
928	5970	4721	127	129	58	162	0.194695	1.63632	3.09357e-06	1.58893e-05
929	5910	4675	145	148	53	265	0.102188	2.28094	2.29254e-06	2.24345e-05
930	6013	4690	163	163	51	328	0.0674452	2.69644	1.79597e-06	2.66286e-05
931	5862	4576	111	111	50	165	0.214686	1.53858	3.2273e-06	1.50327e-05
932	6074	4758	156	159	61	244	0.106148	2.24292	2.32885e-06	2.19397e-05
933	5888	4580	138	140	54	195	0.153554	1.8737	2.80446e-06	1.82636e-05
934	5929	4653	128	133	51	208	0.150162	1.89604	2.78689e-06	1.85592e-05
935	5936	4696	151	153	63	217	0.126497	2.06754	2.55098e-06	2.01664e-05
936	6036	4705	140	143	56	203	0.144664	1.93334	2.72808e-06	1.8858e-05
937	5976	4675	151	157	56	289	0.0854469	2.45986	2.06933e-06	2.42178e-05
938	5950	4683	151	156	55	257	0.101228	2.29038	2.27369e-06	2.24611e-05
939	6020	4735	143	144	60	179	0.162477	1.81722	2.86598e-06	1.76393e-05
940	5825	4542	126	128	51	185	0.174237	1.74734	2.9716e-06	1.70549e-05
941	6087	4804	137	138	58	166	0.180281	1.71324	2.99444e-06	1.66099e-05
942	5897	4635	170	173	59	314	0.0680277	2.68784	1.79928e-06	2.64493e-05
943	5931	4629	142	143	50	207	0.141743	1.95374	2.70312e-06	1.90706e-05
944	5942	4654	130	131	51	215	0.146727	1.91918	2.76115e-06	1.88183e-05
945	5982	4714	164	168	56	295	0.0773403	2.55954	1.94569e-06	2.51575e-05
946	5982	4677	122	125	48	194	0.169585	1.7744	2.94464e-06	1.73638e-05
947	5986	4693	124	126	49	188	0.17376	1.75008	2.97155e-06	1.71014e-05
948	5910	4650	130	132	56	162	0.191061	1.65516	3.06819e-06	1.60587e-05
949	5971	4706	129	132	48	230	0.13507	2.00196	2.65706e-06	1.96717e-05
950	6026	4730	158	160	57	232	0.112141	2.188	2.39516e-06	2.13585e-05
951	5905	4618	141	145	57	196	0.148051	1.9102	2.7536e-06	1.8599e-05
952	5968	4578	131	136	54	173	0.176157	1.73638	2.97158e-06	1.68689e-05
953	5948	4714	141	144	51	230	0.125265	2.07732	2.54904e-06	2.03491e-05
954	5890	4648	131	134	52	188	0.165246	1.80032	2.90057e-06	1.7553e-05
955	5988	4709	134	136	49	205	0.149631	1.89958	2.77853e-06	1.85692e-05
956	6029	4787	136	138	61	158	0.187788	1.67244	3.03932e-06	1.61848e-05
957	6037	4774	148	151	55	258	0.103926	2.26408	2.31047e-06	2.2232e-05
958	5852	4602	137	138	64	140	0.205843	1.58064	3.13467e-06	1.52284e-05
959	5994	4720	135	135	54	163	0.186542	1.6791	3.03711e-06	1.62811e-05
960	5912	4628	133	135	54	201	0.153677	1.8729	2.81233e-06	1.83002e-05
961	5834	4585	114	114	56	122	0.262338	1.33812	3.3887e-06	1.29173e-05
962	5954	4652	135	139	55	219	0.13672	1.98982	2.66363e-06	1.94824e-05
963	5787	4559	124	125	50	179	0.183068	1.6979	3.03284e-06	1.65668e-05
964	5995	4698	152	154	63	196	0.139915	1.96672	2.67336e-06	1.9107e-05
965	5856	4611	130	131	57	142	0.212911	1.54688	3.1808e-06	1.49395e-05
966	6046	4769	139	141	57	218	0.135704	1.99728	2.65195e-06	1.95421e-05
967	5864	4607	137	137	57	203	0.150219	1.89566	2.78196e-06	1.85194e-05
968	6140	4864	126	128	52	158	0.19996	1.60964	3.12344e-06	1.56203e-05
969	5919	4691	142	146	60	196	0.147124	1.91648	2.74466e-06	1.86555e-05
970	6058	4757	146	152	55	290	0.087724	2.43356	2.10438e-06	2.39887e-05
971	5960	4666	163	164	62	306	0.074981	2.59052	1.91323e-06	2.55162e-05
972	5887	4650	148	154	55	324	0.0728378	2.61952	1.88709e-06	2.59081e-05
973	6002	4698	164	167	60	328	0.0657721	2.72156	1.76627e-06	2.68544e-05
974	5939	4653	144	147	53	329	0.0741949	2.60106	1.91264e-06	2.57786e-05
975	6030	4781	151	159	62	204	0.130169	2.03892	2.57922e-06	1.98143e-05
976	5950	4665	163	167	52	405	0.0444114	3.11426	1.37434e-06	3.09457e-05
977	5957	4671	143	144	55	221	0.131149	2.03142	2.60605e-06	1.98709e-05
978	5926	4676	142	145	58	201	0.144323	1.9357	2.72261e-06	1.88647e-05
979	6085	4727	149	153	54	267	0.0980243	2.32254	2.23721e-06	2.2823e-05
980	5966	4659	153	158	62	218	0.121963	2.10404	2.50045e-06	2.05018e-05
981	5932	4676	149	151	55	220	0.12615	2.07028	2.54987e-06	2.02129e-05
982	6009	4679	155	159	56	329	0.0688091	2.67642	1.82041e-06	2.6456e-05
983	5899	4688	129	132	46	243	0.126406	2.06826	2.57393e-06	2.03625e-05
984	6067	4781	152	154	57	247	0.107871	2.22682	2.3534e-06	2.18168e-05
985	5883	4642	111	112	50	142	0.239894	1.42756	3.32661e-06	1.3867e-05
986	5911	4655	133	136	55	161	0.187274	1.67518	3.03971e-06	1.62313e-05
987	5932	4658	157	159	60	271	0.0924932	2.38062	2.16196e-06	2.33743e-05
988	5886	4607	145	150	60	242	0.113472	2.1762	2.41983e-06	2.13254e-05
989	5973	4609	131	131	50	201	0.157587	1.84778	2.84829e-06	1.80744e-05
990	5895	4612	121	124	54	148	0.215775	1.53352	3.20711e-06	1.48632e-05
991	6016	4726	128	131	59	175	0.179931	1.71518	3.00358e-06	1.66929e-05
992	5816	4581	146	148	56	217	0.130532	2.03614	2.59551e-06	1.98841e-05
993	6080	4800	135	135	57	196	0.157647	1.8474	2.84308e-06	1.80345e-05
994	5892	4604	137	139	57	189	0.159323	1.83682	2.85004e-06	1.78884e-05
995	5951	4693	163	167	64	264	0.0911581	2.39516	2.13801e-06	2.34539e-05
996	5939	4621	132	134	55	168	0.182991	1.69832	3.01758e-06	1.64904e-05
997	5890	4678	146	148	57	255	0.107535	2.22994	2.35536e-06	2.19032e-05
998	5979	4685	143	144	55	231	0.124628	2.08242	2.54269e-06	2.04022e-05
999	6007	4745	122	129	51	182	0.175816	1.73832	2.98042e-06	1.6952e-05
1000	6024	4701	173	176	59	314	0.0667581	2.70668	1.77701e-06	2.66186e-05