Hist	Tr_Tot	Tr_in	DSBs	DSBt	RIFs	NComb	PSurv	lPSurv	PMut*	PMut
1	260	207	79	81	36	98	0.364773	1.00848	3.56723e-06	9.77931e-06
2	223	177	79	82	37	102	0.35517	1.03516	3.56885e-06	1.00483e-05
3	280	223	87	88	40	133	0.292018	1.23094	3.51417e-06	1.20341e-05
4	234	177	63	65	38	44	0.531209	0.6326	3.19095e-06	6.00695e-06
5	236	189	85	89	38	113	0.321351	1.13522	3.54383e-06	1.10279e-05
6	251	195	75	77	39	74	0.422756	0.86096	3.49971e-06	8.27832e-06
7	236	180	63	64	30	80	0.444894	0.80992	3.49833e-06	7.8633e-06
8	214	167	64	64	36	49	0.521097	0.65182	3.23923e-06	6.21617e-06
9	204	163	56	57	32	38	0.575935	0.55176	3.01593e-06	5.23657e-06
10	270	205	76	77	38	62	0.449437	0.79976	3.43402e-06	7.64072e-06
11	247	197	75	79	36	97	0.371272	0.99082	3.56914e-06	9.61328e-06
12	232	178	62	64	29	80	0.444894	0.80992	3.49833e-06	7.8633e-06
13	235	197	88	92	44	90	0.354602	1.03676	3.53721e-06	9.97517e-06
14	229	177	69	73	31	85	0.40986	0.89194	3.53996e-06	8.637e-06
15	243	187	46	47	27	32	0.63232	0.45836	2.75268e-06	4.3533e-06
16	244	180	71	73	33	83	0.414062	0.88174	3.53225e-06	8.53073e-06
17	252	206	66	69	39	47	0.510166	0.67302	3.26105e-06	6.39214e-06
18	235	187	57	57	30	64	0.504413	0.68436	3.33822e-06	6.61804e-06
19	264	203	51	53	29	47	0.564091	0.57254	3.09629e-06	5.48898e-06
20	227	170	58	58	27	54	0.527482	0.63964	3.2404e-06	6.14315e-06
21	240	194	83	84	36	108	0.340167	1.07832	3.56494e-06	1.048e-05
22	237	181	74	79	39	78	0.409049	0.89392	3.51936e-06	8.60375e-06
23	249	199	61	62	31	57	0.506587	0.68006	3.30717e-06	6.52834e-06
24	245	207	78	81	35	98	0.364773	1.00848	3.56723e-06	9.77931e-06
25	251	191	70	73	38	68	0.446981	0.80524	3.45683e-06	7.73373e-06
26	253	205	93	94	46	101	0.331072	1.10542	3.53337e-06	1.06725e-05
27	214	167	67	70	28	101	0.384928	0.9547	3.58667e-06	9.31779e-06
28	267	209	77	81	34	104	0.35378	1.03908	3.57251e-06	1.00981e-05
29	229	190	68	69	33	74	0.444538	0.81072	3.47928e-06	7.82674e-06
30	247	204	76	76	35	99	0.374494	0.98218	3.57649e-06	9.5502e-06
31	238	185	64	65	34	67	0.472414	0.7499	3.41509e-06	7.22902e-06
32	243	192	75	77	37	82	0.405855	0.90176	3.53231e-06	8.70339e-06
33	239	185	79	81	43	71	0.418625	0.87078	3.4933e-06	8.34471e-06
34	215	173	54	55	30	39	0.580248	0.5443	3.00383e-06	5.17681e-06
35	244	187	63	65	34	58	0.494603	0.704	3.33898e-06	6.75082e-06
36	228	179	51	52	32	35	0.603469	0.50506	2.8936e-06	4.79494e-06
37	247	197	94	97	30	221	0.176178	1.73626	3.03341e-06	1.72179e-05
38	230	182	58	59	33	48	0.540468	0.61532	3.17838e-06	5.8808e-06
39	256	193	82	83	41	78	0.398902	0.91904	3.52212e-06	8.82954e-06
40	239	183	64	65	33	81	0.439859	0.8213	3.50695e-06	7.97288e-06
41	252	200	83	86	37	96	0.357121	1.02968	3.55524e-06	9.95528e-06
42	247	195	57	61	30	47	0.536451	0.62278	3.18682e-06	5.94056e-06
43	283	224	86	88	47	72	0.398583	0.91984	3.50473e-06	8.79298e-06
44	257	196	71	71	30	88	0.408738	0.89468	3.54928e-06	8.6835e-06
45	220	162	59	62	29	70	0.474089	0.74636	3.42248e-06	7.21908e-06
46	229	179	58	58	31	42	0.560772	0.57844	3.08736e-06	5.50556e-06
47	232	187	73	74	36	65	0.451031	0.79622	3.44172e-06	7.63078e-06
48	237	177	93	95	37	159	0.244754	1.4075	3.38023e-06	1.38107e-05
49	240	188	74	80	36	86	0.390237	0.941	3.54541e-06	9.08526e-06
50	232	183	67	69	35	64	0.467797	0.75972	3.41277e-06	7.29541e-06
51	248	203	70	71	32	97	0.390401	0.94058	3.57674e-06	9.1617e-06
52	258	189	72	75	40	59	0.462134	0.7719	3.4052e-06	7.36843e-06
53	259	191	73	75	33	105	0.365496	1.0065	3.58645e-06	9.81256e-06
54	222	167	74	77	40	55	0.465772	0.76406	3.3856e-06	7.26879e-06
55	278	209	88	92	35	170	0.235803	1.44476	3.35449e-06	1.42258e-05
56	233	179	82	84	42	81	0.390386	0.94062	3.53119e-06	9.04539e-06
57	235	192	52	52	30	36	0.6004	0.51016	2.91078e-06	4.84807e-06
58	241	185	74	76	36	76	0.421102	0.86488	3.507e-06	8.32814e-06
59	240	184	61	62	34	42	0.546861	0.60356	3.13425e-06	5.73135e-06
60	222	164	78	80	43	71	0.421262	0.8645	3.49153e-06	8.28827e-06
61	237	184	80	81	36	81	0.39781	0.92178	3.53098e-06	8.87604e-06
62	237	195	62	65	30	75	0.453527	0.7907	3.47134e-06	7.65408e-06
63	252	193	77	79	35	84	0.396722	0.92452	3.53977e-06	8.92255e-06
64	236	187	60	62	35	50	0.524998	0.64436	3.23211e-06	6.15641e-06
65	234	183	98	98	42	136	0.270079	1.30904	3.44567e-06	1.2758e-05
66	261	219	65	65	41	36	0.55333	0.5918	3.08863e-06	5.58189e-06
67	243	176	80	81	33	100	0.361071	1.01868	3.5694e-06	9.88558e-06
68	248	192	65	65	36	54	0.504796	0.6836	3.3005e-06	6.53829e-06
69	251	201	80	80	38	78	0.406488	0.9002	3.52027e-06	8.6602e-06
70	219	167	57	58	29	44	0.555082	0.58864	3.11502e-06	5.61182e-06
71	263	205	85	86	44	71	0.405684	0.90218	3.49982e-06	8.62695e-06
72	226	171	38	38	28	11	0.744725	0.29474	2.03271e-06	2.72947e-06
73	244	175	79	81	37	124	0.319474	1.14108	3.56557e-06	1.11608e-05
74	236	174	83	84	45	81	0.390386	0.94062	3.53119e-06	9.04539e-06
75	238	194	74	75	35	86	0.402685	0.9096	3.54485e-06	8.80303e-06
76	244	202	80	83	42	83	0.388858	0.94454	3.53675e-06	9.09521e-06
77	256	198	87	87	41	73	0.399053	0.91866	3.50755e-06	8.78966e-06
78	253	191	75	76	35	85	0.40221	0.91078	3.542e-06	8.80634e-06
79	212	165	63	64	34	51	0.515808	0.66202	3.26117e-06	6.32244e-06
80	265	204	78	79	39	74	0.417479	0.87352	3.50316e-06	8.39122e-06
81	228	175	70	72	29	111	0.361223	1.01826	3.59851e-06	9.96201e-06
82	255	200	69	72	37	77	0.429618	0.84486	3.50374e-06	8.15548e-06
83	237	190	59	59	33	43	0.554427	0.58982	3.11318e-06	5.61514e-06
84	216	159	73	75	39	58	0.464497	0.7668	3.39793e-06	7.3153e-06
85	245	195	59	62	34	49	0.527683	0.63926	3.22059e-06	6.10328e-06
86	233	188	56	57	31	43	0.561435	0.57726	3.08915e-06	5.50224e-06
87	248	195	58	61	31	58	0.507185	0.67888	3.3094e-06	6.52503e-06
88	232	194	60	61	31	49	0.531007	0.63298	3.21091e-06	6.04683e-06
89	238	177	73	74	34	81	0.415688	0.87782	3.52541e-06	8.48091e-06
90	238	182	71	74	36	79	0.41995	0.86762	3.51693e-06	8.37465e-06
91	263	214	109	113	38	186	0.190474	1.65824	3.09736e-06	1.62614e-05
92	238	177	83	86	42	117	0.32085	1.13678	3.55216e-06	1.10711e-05
93	269	215	82	82	39	93	0.371852	0.98926	3.55866e-06	9.57009e-06
94	246	189	66	69	30	79	0.433345	0.83622	3.50681e-06	8.09241e-06
95	238	197	78	79	41	74	0.417479	0.87352	3.50316e-06	8.39122e-06
96	256	198	70	70	34	87	0.413416	0.8833	3.5446e-06	8.57392e-06
97	240	189	58	58	27	62	0.506394	0.68044	3.32611e-06	6.56822e-06
98	222	178	50	51	29	31	0.619787	0.47838	2.80513e-06	4.52596e-06
99	231	183	84	88	43	84	0.374921	0.98104	3.53572e-06	9.43058e-06
100	241	181	66	67	33	67	0.466517	0.76246	3.42513e-06	7.34191e-06
101	240	190	55	55	32	37	0.586197	0.5341	2.97234e-06	5.07055e-06
102	258	198	51	51	34	25	0.639045	0.44778	2.68856e-06	4.20716e-06
103	248	203	92	95	35	153	0.25236	1.3769	3.40481e-06	1.34919e-05
104	242	188	68	68	35	72	0.451925	0.79424	3.46356e-06	7.66403e-06
105	258	201	62	64	36	42	0.540036	0.61612	3.1561e-06	5.84424e-06
106	221	173	62	63	31	51	0.519058	0.65574	3.25241e-06	6.26599e-06
107	275	217	85	87	42	94	0.358524	1.02576	3.55134e-06	9.90546e-06
108	232	182	46	46	30	19	0.67992	0.38578	2.45187e-06	3.60612e-06
109	237	189	77	77	36	84	0.401736	0.91196	3.53916e-06	8.80965e-06
110	241	194	78	79	38	109	0.349232	1.05202	3.57993e-06	1.02509e-05
111	238	188	46	49	30	25	0.647122	0.43522	2.64949e-06	4.09426e-06
112	249	189	73	78	37	80	0.407449	0.89784	3.52589e-06	8.65357e-06
113	202	159	61	62	35	46	0.535818	0.62396	3.18484e-06	5.94388e-06
114	239	187	76	79	36	77	0.411141	0.88882	3.51551e-06	8.55062e-06
115	250	202	68	70	31	85	0.417655	0.8731	3.53656e-06	8.46765e-06
116	240	187	76	78	32	104	0.360508	1.02024	3.5794e-06	9.92877e-06
117	234	187	61	62	31	47	0.533093	0.62906	3.19696e-06	5.99701e-06
118	228	174	65	66	34	48	0.517224	0.65928	3.24606e-06	6.27594e-06
119	242	192	86	88	38	110	0.328362	1.11364	3.55026e-06	1.0812e-05
120	252	203	65	66	35	51	0.50937	0.67458	3.27797e-06	6.43533e-06
121	250	201	54	56	33	43	0.564971	0.57098	3.07672e-06	5.44579e-06
122	215	171	64	64	31	78	0.449455	0.79972	3.48644e-06	7.75704e-06
123	262	205	83	85	42	97	0.357543	1.0285	3.55825e-06	9.95197e-06
124	225	166	56	56	35	31	0.600628	0.50978	2.88793e-06	4.80819e-06
125	248	198	68	68	34	64	0.470744	0.75344	3.4077e-06	7.23896e-06
126	235	198	75	77	35	84	0.401736	0.91196	3.53916e-06	8.80965e-06
127	249	187	78	79	40	80	0.404898	0.90412	3.52667e-06	8.71002e-06
128	243	181	78	83	36	101	0.354751	1.03634	3.56581e-06	1.00516e-05
129	263	207	62	65	31	56	0.499674	0.6938	3.32011e-06	6.64455e-06
130	252	207	80	83	39	106	0.345819	1.06184	3.56791e-06	1.03173e-05
131	228	179	49	51	28	49	0.565424	0.57018	3.09985e-06	5.48235e-06
132	264	205	77	78	39	72	0.424416	0.85704	3.49231e-06	8.2285e-06
133	227	175	67	69	35	74	0.444538	0.81072	3.47928e-06	7.82674e-06
134	257	203	84	85	34	104	0.345004	1.0642	3.56178e-06	1.03239e-05
135	236	193	84	84	39	88	0.376695	0.97632	3.54746e-06	9.41732e-06
136	222	161	62	63	30	76	0.456923	0.78324	3.47002e-06	7.59432e-06
137	244	195	75	77	38	75	0.420605	0.86606	3.50426e-06	8.33146e-06
138	285	237	91	94	38	158	0.247556	1.39612	3.39179e-06	1.37011e-05
139	253	192	72	73	36	83	0.414062	0.88174	3.53225e-06	8.53073e-06
140	214	172	58	58	37	36	0.578197	0.54784	2.99897e-06	5.18676e-06
141	224	165	80	81	37	88	0.383859	0.95748	3.54992e-06	9.24798e-06
142	233	183	64	64	32	79	0.447168	0.80482	3.49246e-06	7.81017e-06
143	271	211	83	86	43	80	0.387484	0.94808	3.5281e-06	9.10515e-06
144	238	184	73	74	38	82	0.413574	0.88292	3.52945e-06	8.53404e-06
145	234	175	66	67	31	67	0.466517	0.76246	3.42513e-06	7.34191e-06
146	246	199	68	69	33	86	0.418148	0.87192	3.53935e-06	8.46434e-06
147	238	187	54	55	32	36	0.589194	0.529	2.95623e-06	5.01741e-06
148	255	207	69	71	33	66	0.457271	0.78248	3.43619e-06	7.51457e-06
149	244	191	80	81	41	69	0.422917	0.86058	3.48418e-06	8.23845e-06
150	246	190	63	66	34	58	0.491507	0.71028	3.34582e-06	6.80727e-06
151	230	165	76	78	37	78	0.411626	0.88764	3.51829e-06	8.5473e-06
152	234	195	77	82	36	97	0.364343	1.00966	3.56423e-06	9.78262e-06
153	239	195	88	93	44	87	0.357815	1.02774	3.53242e-06	9.87222e-06
154	223	173	58	60	34	38	0.565186	0.5706	3.05535e-06	5.40592e-06
155	247	199	87	87	41	102	0.34419	1.06656	3.55567e-06	1.03305e-05
156	235	189	65	66	36	70	0.462328	0.77148	3.44197e-06	7.44487e-06
157	257	195	88	92	41	114	0.31375	1.15916	3.5298e-06	1.12504e-05
158	219	167	60	60	32	45	0.545365	0.6063	3.15104e-06	5.77785e-06
159	273	219	87	88	44	81	0.380701	0.96574	3.52955e-06	9.27118e-06
160	232	182	54	55	32	39	0.580248	0.5443	3.00383e-06	5.17681e-06
161	254	193	71	74	38	62	0.457984	0.78092	3.42178e-06	7.47138e-06
162	240	194	64	66	38	48	0.517224	0.65928	3.24606e-06	6.27594e-06
163	248	192	75	78	32	97	0.373611	0.98454	3.57054e-06	9.55683e-06
164	248	199	85	86	39	74	0.399525	0.91748	3.51036e-06	8.78635e-06
165	199	156	67	69	33	96	0.397357	0.92292	3.57449e-06	8.99567e-06
166	258	203	72	75	38	64	0.450499	0.7974	3.43915e-06	7.63409e-06
167	222	177	66	66	29	88	0.421776	0.86328	3.54345e-06	8.40126e-06
168	244	195	73	74	32	112	0.3549	1.03592	3.59444e-06	1.0128e-05
169	228	174	64	65	28	79	0.444369	0.8111	3.49568e-06	7.86662e-06
170	233	183	82	85	44	91	0.368653	0.9979	3.55129e-06	9.63317e-06
171	241	197	67	67	37	67	0.466517	0.76246	3.42513e-06	7.34191e-06
172	257	198	72	74	38	62	0.457984	0.78092	3.42178e-06	7.47138e-06
173	250	186	58	59	28	96	0.423111	0.86012	3.56733e-06	8.4312e-06
174	223	167	67	69	35	54	0.492274	0.70872	3.32978e-06	6.76408e-06
175	260	209	77	81	39	86	0.387794	0.94728	3.5451e-06	9.14171e-06
176	224	169	60	61	32	53	0.520284	0.65338	3.25665e-06	6.25936e-06
177	233	190	71	73	30	88	0.403637	0.90724	3.55055e-06	8.7964e-06
178	234	184	74	74	36	106	0.365928	1.00532	3.58947e-06	9.80924e-06
179	254	195	83	83	37	94	0.367644	1.00064	3.55867e-06	9.67967e-06
180	243	191	60	62	35	45	0.538558	0.61886	3.17251e-06	5.89075e-06
181	239	190	62	63	36	47	0.529755	0.63534	3.20685e-06	6.05346e-06
182	251	201	80	82	41	71	0.416004	0.87706	3.49492e-06	8.40116e-06
183	233	181	83	83	40	83	0.388858	0.94454	3.53675e-06	9.09521e-06
184	263	196	54	54	28	35	0.595937	0.51762	2.92476e-06	4.90783e-06
185	226	172	49	50	30	29	0.630085	0.4619	2.74922e-06	4.36324e-06
186	263	210	58	58	37	35	0.581154	0.54274	2.98342e-06	5.13362e-06
187	236	188	75	78	34	87	0.393159	0.93354	3.54846e-06	9.0255e-06
188	228	174	57	59	31	50	0.534983	0.62552	3.20298e-06	5.98707e-06
189	244	204	65	66	37	46	0.522526	0.64908	3.22381e-06	6.16967e-06
190	214	171	62	65	31	74	0.455846	0.7856	3.46486e-06	7.60095e-06
191	252	198	78	81	38	80	0.399844	0.91668	3.52779e-06	8.82291e-06
192	212	171	82	83	36	118	0.325289	1.12304	3.5635e-06	1.09549e-05
193	265	221	78	82	40	78	0.401415	0.91276	3.52165e-06	8.77309e-06
194	268	203	77	80	38	86	0.390237	0.941	3.54541e-06	9.08526e-06
195	248	200	75	76	35	102	0.368808	0.99748	3.58098e-06	9.7096e-06
196	252	194	68	69	35	54	0.492274	0.70872	3.32978e-06	6.76408e-06
197	237	197	101	103	46	135	0.263069	1.33534	3.4165e-06	1.29871e-05
198	245	190	65	66	38	41	0.536022	0.62358	3.16468e-06	5.904e-06
199	256	192	88	89	44	84	0.372574	0.98732	3.53462e-06	9.48703e-06
200	254	194	72	74	29	103	0.371569	0.99002	3.58558e-06	9.64984e-06
201	248	196	93	94	42	111	0.31461	1.15642	3.52485e-06	1.12039e-05
202	239	186	63	66	35	56	0.496546	0.70008	3.32735e-06	6.701e-06
203	229	179	74	75	38	67	0.443659	0.8127	3.45765e-06	7.79349e-06
204	239	191	79	81	40	81	0.39781	0.92178	3.53098e-06	8.87604e-06
205	238	197	75	78	39	79	0.409532	0.89274	3.52215e-06	8.60044e-06
206	250	189	65	67	34	65	0.4713	0.75226	3.41016e-06	7.23565e-06
207	246	193	62	62	32	53	0.517027	0.65966	3.26545e-06	6.31581e-06
208	265	216	67	68	37	63	0.473151	0.74834	3.39998e-06	7.18583e-06
209	256	185	84	89	32	162	0.250294	1.38512	3.41186e-06	1.36314e-05
210	218	178	68	74	32	109	0.360371	1.02062	3.59241e-06	9.96864e-06
211	271	218	84	85	41	92	0.366777	1.003	3.55272e-06	9.6863e-06
212	231	182	63	64	35	55	0.505392	0.68242	3.30273e-06	6.53497e-06
213	265	198	55	56	29	48	0.550747	0.59648	3.14557e-06	5.71146e-06
214	239	191	87	89	39	127	0.299207	1.20662	3.52219e-06	1.17718e-05
215	259	196	70	71	34	74	0.438989	0.82328	3.48542e-06	7.93964e-06
216	248	195	73	74	35	79	0.41995	0.86762	3.51693e-06	8.37465e-06
217	215	151	60	62	35	49	0.527683	0.63926	3.22059e-06	6.10328e-06
218	257	204	60	62	35	49	0.527683	0.63926	3.22059e-06	6.10328e-06
219	220	179	68	69	37	48	0.50757	0.67812	3.27143e-06	6.44528e-06
220	275	220	96	97	39	164	0.235614	1.44556	3.34319e-06	1.41893e-05
221	233	181	69	71	34	62	0.466695	0.76208	3.40782e-06	7.30204e-06
222	230	197	81	81	37	74	0.412269	0.88608	3.50598e-06	8.50411e-06
223	243	191	60	61	35	47	0.536451	0.62278	3.18682e-06	5.94056e-06
224	263	209	70	72	38	68	0.449797	0.79896	3.45322e-06	7.67728e-06
225	249	197	85	89	40	98	0.3469	1.05872	3.54909e-06	1.02309e-05
226	228	187	63	64	36	43	0.537289	0.62122	3.16859e-06	5.89737e-06
227	259	200	59	61	38	38	0.561648	0.57688	3.06793e-06	5.46237e-06
228	223	181	66	68	37	59	0.482903	0.72794	3.36742e-06	6.9733e-06
229	257	202	66	66	33	78	0.443845	0.81228	3.49303e-06	7.86993e-06
230	234	186	59	61	30	51	0.525618	0.64318	3.23418e-06	6.1531e-06
231	223	165	80	82	37	89	0.379515	0.96886	3.55134e-06	9.35756e-06
232	242	192	71	74	36	65	0.451031	0.79622	3.44172e-06	7.63078e-06
233	225	166	65	66	35	52	0.506779	0.67968	3.28822e-06	6.48847e-06
234	250	201	61	62	34	69	0.476513	0.74126	3.41467e-06	7.16594e-06
235	247	189	95	97	42	150	0.253052	1.37416	3.40239e-06	1.34454e-05
236	261	218	91	92	35	136	0.28045	1.27136	3.48299e-06	1.24193e-05
237	225	182	81	84	43	77	0.398431	0.92022	3.51929e-06	8.83285e-06
238	272	219	68	69	37	52	0.497321	0.69852	3.31107e-06	6.65781e-06
239	235	186	72	75	36	75	0.425922	0.8535	3.50046e-06	8.21856e-06
240	233	180	76	76	38	77	0.41896	0.86998	3.51142e-06	8.38127e-06
241	243	195	63	63	36	37	0.557474	0.58434	3.07844e-06	5.52213e-06
242	246	196	58	58	35	38	0.57233	0.55804	3.02935e-06	5.29302e-06
243	252	198	75	78	38	111	0.347865	1.05594	3.58326e-06	1.03007e-05
244	210	170	60	61	36	34	0.573223	0.55648	3.00933e-06	5.24983e-06
245	264	208	65	70	33	78	0.432834	0.8374	3.50411e-06	8.09572e-06
246	226	177	68	68	39	51	0.503013	0.68714	3.29384e-06	6.54823e-06
247	291	234	59	60	32	46	0.542591	0.6114	3.16384e-06	5.83098e-06
248	257	202	79	79	32	141	0.296645	1.21522	3.54524e-06	1.19511e-05
249	241	189	56	59	34	40	0.562975	0.57452	3.07144e-06	5.45574e-06
250	223	175	59	61	30	62	0.496943	0.69928	3.34818e-06	6.73756e-06
251	238	194	90	94	43	106	0.322736	1.13092	3.53015e-06	1.09382e-05
252	253	195	74	75	37	95	0.38462	0.9555	3.56974e-06	9.28122e-06
253	252	204	63	63	26	100	0.404283	0.90564	3.5858e-06	8.86952e-06
254	237	189	70	71	37	71	0.445758	0.80798	3.4681e-06	7.78024e-06
255	228	190	48	49	29	35	0.614947	0.48622	2.84449e-06	4.62559e-06
256	248	191	75	78	35	98	0.37171	0.98964	3.57213e-06	9.60997e-06
257	237	181	63	64	32	67	0.47539	0.74362	3.40977e-06	7.17257e-06
258	248	194	67	68	39	63	0.473151	0.74834	3.39998e-06	7.18583e-06
259	246	201	78	79	36	85	0.394704	0.92962	3.54273e-06	8.97568e-06
260	205	161	59	61	29	67	0.484431	0.72478	3.39258e-06	7.00323e-06
261	255	199	86	89	42	99	0.345135	1.06382	3.54938e-06	1.0284e-05
262	216	184	86	88	42	121	0.310448	1.16974	3.53802e-06	1.13965e-05
263	269	218	93	95	44	142	0.266922	1.3208	3.44527e-06	1.29074e-05
264	230	181	58	59	31	53	0.52686	0.64082	3.23833e-06	6.14647e-06
265	240	190	78	80	38	88	0.386277	0.9512	3.55048e-06	9.19153e-06
266	239	192	75	75	37	77	0.421599	0.8637	3.50974e-06	8.32483e-06
267	268	223	86	88	42	95	0.354467	1.03714	3.55e-06	1.0015e-05
268	247	191	69	73	34	66	0.451563	0.79504	3.44428e-06	7.62747e-06
269	223	172	69	71	36	62	0.466695	0.76208	3.40782e-06	7.30204e-06
270	256	203	59	62	30	88	0.432506	0.83816	3.53594e-06	8.17547e-06
271	219	170	62	66	33	60	0.486519	0.72048	3.36356e-06	6.91353e-06
272	273	208	83	86	40	125	0.308023	1.17758	3.54108e-06	1.14961e-05
273	231	182	68	69	36	69	0.456019	0.78522	3.448e-06	7.56108e-06
274	242	196	72	73	41	54	0.480062	0.73384	3.35557e-06	6.98987e-06
275	236	187	51	52	28	46	0.570547	0.56116	3.0692e-06	5.3794e-06
276	232	180	63	64	30	59	0.495187	0.70282	3.34128e-06	6.74751e-06
277	248	198	84	86	37	108	0.335921	1.09088	3.55837e-06	1.05929e-05
278	233	178	58	61	31	59	0.504605	0.68398	3.31937e-06	6.57816e-06
279	271	205	90	96	41	136	0.273493	1.29648	3.45834e-06	1.26451e-05
280	246	197	82	84	35	132	0.300977	1.20072	3.53804e-06	1.17552e-05
281	264	203	62	64	36	57	0.500264	0.69262	3.32237e-06	6.64124e-06
282	233	178	63	65	35	50	0.5152	0.6632	3.25903e-06	6.32575e-06
283	229	169	74	75	32	107	0.361787	1.0167	3.5885e-06	9.91882e-06
284	241	188	49	50	23	88	0.466359	0.7628	3.49681e-06	7.4981e-06
285	253	187	71	71	39	57	0.478748	0.73658	3.36865e-06	7.03637e-06
286	249	211	71	72	38	57	0.475751	0.74286	3.37442e-06	7.09282e-06
287	241	189	60	63	32	70	0.471121	0.75264	3.42765e-06	7.27552e-06
288	260	206	64	66	38	57	0.49402	0.70518	3.33667e-06	6.75413e-06
289	224	166	54	57	27	58	0.520087	0.65376	3.27615e-06	6.29924e-06
290	231	174	77	82	33	121	0.322368	1.13206	3.56469e-06	1.10578e-05
291	234	185	51	52	29	31	0.615907	0.48466	2.82233e-06	4.5824e-06
292	237	197	59	60	33	39	0.562311	0.5757	3.06968e-06	5.45905e-06
293	242	196	39	40	29	16	0.716914	0.3328	2.22819e-06	3.10804e-06
294	263	199	66	68	35	64	0.470744	0.75344	3.4077e-06	7.23896e-06
295	251	197	72	74	35	86	0.405222	0.90332	3.54431e-06	8.74658e-06
296	208	170	73	75	34	76	0.423755	0.8586	3.50517e-06	8.27169e-06
297	262	206	81	82	36	116	0.330695	1.10656	3.56891e-06	1.07922e-05
298	225	177	76	78	33	112	0.346096	1.06104	3.58342e-06	1.03538e-05
299	251	195	68	73	33	73	0.435727	0.83074	3.48555e-06	7.9994e-06
300	235	190	57	59	32	64	0.498117	0.69692	3.35279e-06	6.73093e-06
301	245	187	60	64	32	62	0.487668	0.71812	3.36828e-06	6.9069e-06
302	229	174	62	66	27	75	0.450688	0.79698	3.47504e-06	7.71053e-06
303	250	187	68	69	37	44	0.518031	0.65772	3.22876e-06	6.23275e-06
304	229	180	71	74	31	110	0.358538	1.02572	3.59319e-06	1.00218e-05
305	258	203	61	61	37	41	0.55312	0.59218	3.10951e-06	5.62176e-06
306	241	191	71	73	32	85	0.40986	0.89194	3.53996e-06	8.637e-06
307	227	177	51	51	29	41	0.58897	0.52938	2.97859e-06	5.05729e-06
308	241	182	73	76	31	129	0.321364	1.13518	3.58135e-06	1.11442e-05
309	237	180	74	76	37	95	0.382212	0.96178	3.56897e-06	9.33767e-06
310	253	197	78	79	33	109	0.349232	1.05202	3.57993e-06	1.02509e-05
311	245	189	70	72	37	60	0.468528	0.75816	3.39787e-06	7.25222e-06
312	216	168	40	40	27	14	0.724264	0.3226	2.17407e-06	3.00177e-06
313	254	204	76	79	43	52	0.46705	0.76132	3.37317e-06	7.22229e-06
314	273	220	75	77	40	64	0.444876	0.80996	3.44645e-06	7.74699e-06
315	268	192	75	79	34	108	0.351017	1.04692	3.57958e-06	1.01977e-05
316	229	172	75	75	37	88	0.398599	0.9198	3.55123e-06	8.90929e-06
317	205	159	56	57	28	41	0.567191	0.56706	3.06055e-06	5.39597e-06
318	238	189	88	90	42	140	0.27826	1.2792	3.48352e-06	1.25189e-05
319	247	195	71	73	37	84	0.411955	0.88684	3.53617e-06	8.58386e-06
320	246	191	77	79	32	142	0.295136	1.22032	3.54289e-06	1.20043e-05
321	229	189	65	67	36	45	0.52191	0.65026	3.22174e-06	6.17298e-06
322	255	204	73	74	36	80	0.417814	0.87272	3.52124e-06	8.42778e-06
323	218	174	67	67	36	57	0.490927	0.71146	3.3435e-06	6.81058e-06
324	271	213	68	71	33	81	0.423594	0.85898	3.52073e-06	8.31157e-06
325	230	179	78	80	39	80	0.402363	0.9104	3.5273e-06	8.76646e-06
326	238	186	70	72	35	84	0.414551	0.88056	3.53505e-06	8.52742e-06
327	239	188	79	83	32	122	0.318721	1.14344	3.55928e-06	1.11674e-05
328	242	203	93	94	38	124	0.294428	1.22272	3.5021e-06	1.18946e-05
329	253	205	77	78	41	82	0.403314	0.90804	3.53296e-06	8.75984e-06
330	237	184	82	86	38	93	0.362627	1.01438	3.55225e-06	9.79588e-06
331	216	163	43	44	28	20	0.685011	0.37832	2.4293e-06	3.54636e-06
332	229	174	51	53	29	33	0.60584	0.50114	2.87478e-06	4.74512e-06
333	273	227	72	74	29	97	0.383115	0.95942	3.57486e-06	9.33104e-06
334	232	181	73	75	34	123	0.333437	1.0983	3.59077e-06	1.0769e-05
335	233	190	53	55	32	36	0.589194	0.529	2.95623e-06	5.01741e-06
336	240	186	82	83	35	117	0.326953	1.11794	3.56435e-06	1.09017e-05
337	303	238	90	91	42	119	0.307777	1.17838	3.527e-06	1.14596e-05
338	249	197	65	65	38	47	0.523143	0.6479	3.22589e-06	6.16635e-06
339	245	180	58	60	27	105	0.401599	0.9123	3.60068e-06	8.96584e-06
340	259	208	63	67	32	91	0.412772	0.88486	3.5569e-06	8.61711e-06
341	222	167	60	60	27	71	0.477639	0.7389	3.41957e-06	7.15931e-06
342	258	207	62	62	33	63	0.49132	0.71066	3.36414e-06	6.84714e-06
343	233	182	80	81	35	94	0.372291	0.98808	3.56162e-06	9.56678e-06
344	241	188	89	91	41	123	0.301562	1.19878	3.51987e-06	1.16721e-05
345	242	174	62	64	31	61	0.490162	0.71302	3.35946e-06	6.85377e-06
346	210	165	81	81	42	77	0.406009	0.90138	3.51746e-06	8.66351e-06
347	250	189	72	73	37	62	0.46087	0.77464	3.41732e-06	7.41493e-06
348	253	199	94	96	42	110	0.312272	1.16388	3.51732e-06	1.12636e-05
349	261	202	79	81	39	71	0.418625	0.87078	3.4933e-06	8.34471e-06
350	224	177	80	82	41	92	0.373753	0.98416	3.55699e-06	9.51696e-06
351	243	188	72	76	37	68	0.438638	0.82408	3.46659e-06	7.90308e-06
352	235	187	93	97	41	115	0.302504	1.19566	3.50473e-06	1.15857e-05
353	221	174	68	69	33	76	0.440027	0.82092	3.49073e-06	7.93301e-06
354	243	191	66	66	39	49	0.514592	0.66438	3.25689e-06	6.32907e-06
355	245	191	83	86	42	78	0.391457	0.93788	3.52267e-06	8.99888e-06
356	256	191	82	84	39	94	0.365343	1.00692	3.55702e-06	9.73612e-06
357	241	193	73	75	35	87	0.400637	0.9147	3.5481e-06	8.85616e-06
358	245	197	64	65	31	62	0.484615	0.7244	3.37455e-06	6.96335e-06
359	240	187	73	74	40	54	0.477057	0.74012	3.36149e-06	7.04632e-06
360	254	205	57	60	34	50	0.531634	0.6318	3.21294e-06	6.04352e-06
361	236	174	72	73	38	60	0.465595	0.76444	3.40288e-06	7.30867e-06
362	258	195	71	72	36	71	0.442967	0.81426	3.47139e-06	7.83668e-06
363	244	193	71	73	37	55	0.47762	0.73894	3.36388e-06	7.043e-06
364	224	167	60	60	34	44	0.548153	0.6012	3.13802e-06	5.72472e-06
365	253	198	56	58	31	38	0.57233	0.55804	3.02935e-06	5.29302e-06
366	259	205	80	81	45	60	0.442781	0.81468	3.43609e-06	7.76025e-06
367	266	216	85	88	36	103	0.340296	1.07794	3.55273e-06	1.04401e-05
368	228	179	61	62	33	52	0.519671	0.65456	3.25453e-06	6.26268e-06
369	243	205	71	73	33	86	0.407775	0.89704	3.54362e-06	8.69013e-06
370	237	188	84	86	35	122	0.312772	1.16228	3.54582e-06	1.13367e-05
371	249	181	60	62	28	62	0.493832	0.70556	3.3551e-06	6.79401e-06
372	245	189	81	84	34	127	0.308751	1.17522	3.5474e-06	1.14895e-05
373	233	195	83	84	45	77	0.398431	0.92022	3.51929e-06	8.83285e-06
374	255	207	58	59	27	63	0.500664	0.69182	3.34333e-06	6.6778e-06
375	216	166	70	73	33	86	0.407775	0.89704	3.54362e-06	8.69013e-06
376	269	212	79	79	41	88	0.388711	0.94492	3.5509e-06	9.13508e-06
377	230	182	69	69	34	62	0.472593	0.74952	3.39754e-06	7.18914e-06
378	229	177	63	65	30	86	0.428785	0.8468	3.53257e-06	8.23855e-06
379	239	196	64	66	37	46	0.522526	0.64908	3.22381e-06	6.16967e-06
380	247	206	65	65	35	53	0.507377	0.6785	3.29042e-06	6.48515e-06
381	247	179	86	89	38	137	0.28433	1.25762	3.49814e-06	1.23031e-05
382	190	153	77	79	44	66	0.434865	0.83272	3.4642e-06	7.96615e-06
383	224	168	60	62	30	85	0.439174	0.82286	3.52045e-06	8.01607e-06
384	252	192	93	94	40	136	0.27695	1.28392	3.47078e-06	1.25322e-05
385	269	210	99	103	41	146	0.248717	1.39144	3.37547e-06	1.35716e-05
386	231	177	48	50	31	25	0.643071	0.4415	2.6692e-06	4.15071e-06
387	237	183	91	94	40	157	0.248821	1.39102	3.39591e-06	1.3648e-05
388	240	192	60	63	33	50	0.521712	0.65064	3.24132e-06	6.21286e-06
389	239	178	70	70	31	96	0.394869	0.9292	3.57441e-06	9.05212e-06
390	248	193	65	65	36	44	0.531209	0.6326	3.19095e-06	6.00695e-06
391	249	192	60	65	36	44	0.531209	0.6326	3.19095e-06	6.00695e-06
392	258	206	95	96	41	118	0.299788	1.20468	3.50413e-06	1.16887e-05
393	221	160	49	50	25	55	0.551838	0.5945	3.17015e-06	5.74471e-06
394	253	193	88	89	37	126	0.300737	1.20152	3.52422e-06	1.17186e-05
395	233	175	72	76	40	70	0.434187	0.83428	3.47755e-06	8.00934e-06
396	245	193	83	84	43	76	0.400469	0.91512	3.516e-06	8.77972e-06
397	241	185	75	78	34	101	0.366067	1.00494	3.57624e-06	9.76937e-06
398	251	187	67	68	35	58	0.485372	0.72284	3.35885e-06	6.92016e-06
399	249	188	54	56	28	73	0.484819	0.72398	3.41302e-06	7.03979e-06
400	258	192	60	61	31	46	0.539194	0.61768	3.17447e-06	5.88743e-06
401	260	199	83	87	34	157	0.260004	1.34706	3.44579e-06	1.32529e-05
402	223	182	60	60	31	62	0.500074	0.693	3.34105e-06	6.68111e-06
403	229	177	47	51	30	34	0.610376	0.49368	2.85983e-06	4.68536e-06
404	234	185	59	60	35	36	0.570981	0.5604	3.026e-06	5.29965e-06
405	253	194	83	83	35	103	0.351151	1.04654	3.56694e-06	1.01579e-05
406	242	190	72	72	36	86	0.410344	0.89076	3.54278e-06	8.63368e-06
407	217	182	50	51	33	26	0.635794	0.45288	2.70867e-06	4.26029e-06
408	251	198	83	85	49	66	0.418784	0.8704	3.47793e-06	8.30484e-06
409	274	216	79	81	36	105	0.35198	1.04418	3.57304e-06	1.01512e-05
410	249	199	71	74	36	76	0.426424	0.85232	3.50318e-06	8.21525e-06
411	234	174	68	69	36	54	0.492274	0.70872	3.32978e-06	6.76408e-06
412	249	192	64	66	35	62	0.481581	0.73068	3.38061e-06	7.0198e-06
413	235	183	78	78	37	82	0.403314	0.90804	3.53296e-06	8.75984e-06
414	265	203	65	67	34	50	0.50877	0.67576	3.27579e-06	6.43865e-06
415	243	198	78	79	39	77	0.411141	0.88882	3.51551e-06	8.55062e-06
416	229	181	71	74	27	159	0.279258	1.27562	3.52571e-06	1.26253e-05
417	252	196	78	79	29	131	0.312166	1.16422	3.56488e-06	1.14198e-05
418	238	191	54	55	32	38	0.583215	0.5392	2.9882e-06	5.12368e-06
419	265	221	86	90	41	116	0.314491	1.1568	3.53605e-06	1.12437e-05
420	227	185	62	63	34	53	0.51379	0.66594	3.274e-06	6.37226e-06
421	242	189	61	62	33	43	0.544079	0.60866	3.14722e-06	5.78448e-06
422	237	191	66	66	35	57	0.49402	0.70518	3.33667e-06	6.75413e-06
423	201	165	60	63	28	71	0.468725	0.75774	3.43512e-06	7.32866e-06
424	245	189	69	70	34	61	0.472036	0.7507	3.3951e-06	7.19246e-06
425	238	202	86	86	39	97	0.355305	1.03478	3.55603e-06	1.00084e-05
426	254	202	74	74	36	76	0.426424	0.85232	3.50318e-06	8.21525e-06
427	214	167	75	75	38	77	0.421599	0.8637	3.50974e-06	8.32483e-06
428	267	211	77	77	40	74	0.422756	0.86096	3.49971e-06	8.27832e-06
429	229	174	65	66	33	66	0.471857	0.75108	3.41262e-06	7.23233e-06
430	234	177	61	61	31	70	0.477076	0.74008	3.41712e-06	7.16263e-06
431	238	189	75	78	36	85	0.39719	0.92334	3.54263e-06	8.91923e-06
432	252	186	67	67	33	71	0.457097	0.78286	3.45311e-06	7.55445e-06
433	246	183	54	56	33	42	0.56786	0.56588	3.06228e-06	5.39266e-06
434	245	188	61	61	35	37	0.56452	0.57178	3.05362e-06	5.40923e-06
435	255	201	93	97	38	146	0.258267	1.35376	3.41762e-06	1.32329e-05
436	242	195	77	80	34	99	0.365204	1.0073	3.57023e-06	9.77599e-06
437	242	191	76	79	37	82	0.400789	0.91432	3.53347e-06	8.81628e-06
438	258	207	82	88	34	124	0.305734	1.18504	3.53303e-06	1.15559e-05
439	241	190	84	88	40	95	0.354467	1.03714	3.55e-06	1.0015e-05
440	239	185	70	71	33	63	0.464321	0.76718	3.41516e-06	7.35517e-06
441	226	186	51	53	28	41	0.581619	0.54194	3.00708e-06	5.17018e-06
442	247	191	64	65	33	67	0.472414	0.7499	3.41509e-06	7.22902e-06
443	253	190	71	71	36	71	0.445758	0.80798	3.4681e-06	7.78024e-06
444	257	202	78	81	35	92	0.376108	0.97788	3.55817e-06	9.46051e-06
445	220	174	69	71	32	72	0.44349	0.81308	3.47402e-06	7.83337e-06
446	229	187	56	57	36	37	0.57888	0.54666	3.00059e-06	5.18344e-06
447	232	190	65	66	36	48	0.517224	0.65928	3.24606e-06	6.27594e-06
448	257	199	65	65	36	56	0.499674	0.6938	3.32011e-06	6.64455e-06
449	240	193	69	69	34	70	0.4537	0.79032	3.45456e-06	7.61421e-06
450	243	194	74	74	38	66	0.448736	0.80132	3.44805e-06	7.68391e-06
451	249	199	66	69	32	83	0.424595	0.85662	3.52623e-06	8.30494e-06
452	242	187	72	74	40	72	0.435213	0.83192	3.48288e-06	8.00271e-06
453	259	209	80	80	40	93	0.376552	0.9767	3.56112e-06	9.4572e-06
454	222	178	68	69	34	87	0.416021	0.87702	3.54345e-06	8.51747e-06
455	234	185	63	64	35	51	0.515808	0.66202	3.26117e-06	6.32244e-06
456	233	180	62	62	38	36	0.563854	0.57296	3.05189e-06	5.41255e-06
457	258	205	87	88	40	108	0.331728	1.10344	3.5514e-06	1.07058e-05
458	242	192	60	61	33	46	0.539194	0.61768	3.17447e-06	5.88743e-06
459	224	180	63	67	35	50	0.50877	0.67576	3.27579e-06	6.43865e-06
460	250	198	78	78	38	65	0.439842	0.82134	3.45565e-06	7.85657e-06
461	205	163	81	84	37	93	0.367211	1.00182	3.55569e-06	9.68299e-06
462	261	212	56	57	35	32	0.593831	0.52116	2.92033e-06	4.91778e-06
463	238	185	69	71	33	79	0.427937	0.84878	3.51135e-06	8.2053e-06
464	216	165	56	58	32	49	0.541106	0.61414	3.18034e-06	5.87749e-06
465	252	196	82	85	36	138	0.29008	1.2376	3.51879e-06	1.21304e-05
466	229	170	80	80	39	103	0.357829	1.0277	3.57419e-06	9.98853e-06
467	243	202	51	52	26	48	0.564757	0.57136	3.09807e-06	5.48567e-06
468	234	186	53	53	29	39	0.587582	0.53174	2.97547e-06	5.06392e-06
469	251	193	94	98	42	182	0.213602	1.54364	3.2472e-06	1.52021e-05
470	242	177	50	50	29	31	0.623691	0.4721	2.78759e-06	4.46951e-06
471	263	213	92	93	37	165	0.240379	1.42554	3.36929e-06	1.40166e-05
472	226	174	59	61	34	44	0.544722	0.60748	3.14913e-06	5.78116e-06
473	229	180	69	70	31	97	0.392861	0.9343	3.5771e-06	9.10525e-06
474	236	178	58	59	32	49	0.537719	0.62042	3.19079e-06	5.93394e-06
475	242	194	61	62	35	54	0.514397	0.66476	3.27617e-06	6.36894e-06
476	244	190	89	90	41	117	0.312891	1.1619	3.53469e-06	1.12969e-05
477	271	214	92	93	41	116	0.308621	1.17564	3.52232e-06	1.14131e-05
478	253	195	82	84	33	136	0.2949	1.22112	3.52928e-06	1.19677e-05
479	213	162	67	69	30	96	0.397357	0.92292	3.57449e-06	8.99567e-06
480	266	205	79	81	33	105	0.35198	1.04418	3.57304e-06	1.01512e-05
481	228	168	76	80	39	76	0.410656	0.89	3.51272e-06	8.55393e-06
482	238	181	78	81	34	130	0.309846	1.17168	3.5569e-06	1.14796e-05
483	237	186	85	87	42	79	0.387027	0.94926	3.52522e-06	9.10846e-06
484	213	162	53	53	25	59	0.530604	0.63374	3.25079e-06	6.12658e-06
485	245	190	69	69	35	75	0.442277	0.81582	3.48508e-06	7.87987e-06
486	249	194	49	51	30	30	0.622956	0.47328	2.78637e-06	4.47282e-06
487	254	200	78	79	41	84	0.396722	0.92452	3.53977e-06	8.92255e-06
488	216	172	51	53	33	28	0.621487	0.47564	2.78392e-06	4.47945e-06
489	268	210	67	68	36	59	0.482903	0.72794	3.36742e-06	6.9733e-06
490	265	220	87	88	38	131	0.295012	1.22074	3.51885e-06	1.19278e-05
491	245	183	62	62	28	72	0.469278	0.75656	3.43762e-06	7.32534e-06
492	230	189	77	78	34	91	0.38522	0.95394	3.55868e-06	9.23803e-06
493	232	182	93	95	35	157	0.247264	1.3973	3.38861e-06	1.37044e-05
494	246	198	88	89	41	109	0.327974	1.11482	3.54716e-06	1.08154e-05
495	259	206	96	98	44	112	0.305245	1.18664	3.50506e-06	1.14828e-05
496	256	202	62	66	28	80	0.439341	0.82248	3.50427e-06	7.9762e-06
497	224	173	83	84	34	104	0.347177	1.05792	3.56462e-06	1.02675e-05
498	265	214	75	76	34	107	0.359522	1.02298	3.58633e-06	9.97527e-06
499	231	185	105	108	42	159	0.225567	1.48914	3.28076e-06	1.45445e-05
500	253	190	84	85	42	85	0.380108	0.9673	3.54047e-06	9.31437e-06
501	240	195	61	62	33	50	0.524998	0.64436	3.23211e-06	6.15641e-06
502	218	164	72	74	33	78	0.422097	0.86252	3.51249e-06	8.32151e-06
503	248	202	62	64	30	75	0.456384	0.78442	3.46744e-06	7.59764e-06
504	275	220	90	92	40	128	0.292129	1.23056	3.50386e-06	1.19942e-05
505	258	200	68	68	35	63	0.473151	0.74834	3.39998e-06	7.18583e-06
506	221	168	62	63	32	46	0.532464	0.63024	3.19496e-06	6.00033e-06
507	246	184	55	57	33	40	0.570091	0.56196	3.0459e-06	5.34284e-06
508	232	189	72	72	38	72	0.440714	0.81936	3.47715e-06	7.88982e-06
509	265	215	78	81	36	99	0.362917	1.01358	3.56836e-06	9.83244e-06
510	241	185	93	96	39	295	0.121556	2.10738	2.56401e-06	2.10933e-05
511	230	175	69	72	36	61	0.466144	0.76326	3.40535e-06	7.30535e-06
512	249	196	77	80	33	104	0.356009	1.0328	3.57492e-06	1.00417e-05
513	250	201	74	76	36	67	0.440881	0.81898	3.46089e-06	7.84994e-06
514	260	221	65	66	33	55	0.499084	0.69498	3.31785e-06	6.64787e-06
515	223	174	72	75	32	91	0.392547	0.9351	3.55988e-06	9.06869e-06
516	280	208	82	88	33	135	0.289055	1.24114	3.50923e-06	1.21404e-05
517	238	185	71	71	30	87	0.410828	0.88958	3.5456e-06	8.63037e-06
518	248	205	44	45	30	18	0.687702	0.3744	2.40458e-06	3.49654e-06
519	253	201	70	70	34	81	0.426262	0.8527	3.51885e-06	8.25512e-06
520	238	191	64	64	34	63	0.485187	0.72322	3.37692e-06	6.96004e-06
521	250	201	81	83	38	91	0.373312	0.98534	3.55403e-06	9.52027e-06
522	247	196	57	57	33	74	0.479333	0.73536	3.42693e-06	7.14937e-06
523	275	217	64	67	33	93	0.408583	0.89506	3.56422e-06	8.72338e-06
524	225	176	51	51	28	45	0.577077	0.54978	3.04109e-06	5.26982e-06
525	234	178	79	81	38	84	0.39177	0.93708	3.53982e-06	9.03544e-06
526	235	187	73	77	35	85	0.399692	0.91706	3.54239e-06	8.86279e-06
527	243	188	61	62	27	63	0.49132	0.71066	3.36414e-06	6.84714e-06
528	243	194	88	89	38	126	0.300737	1.20152	3.52422e-06	1.17186e-05
529	245	191	77	78	38	109	0.351432	1.04574	3.58265e-06	1.01944e-05
530	252	197	59	60	32	50	0.531634	0.6318	3.21294e-06	6.04352e-06
531	237	192	69	71	41	51	0.493625	0.70598	3.31596e-06	6.71757e-06
532	264	212	71	73	32	111	0.358962	1.02454	3.59624e-06	1.00185e-05
533	227	175	65	66	33	62	0.481581	0.73068	3.38061e-06	7.0198e-06
534	242	185	74	74	33	87	0.403161	0.90842	3.5477e-06	8.79971e-06
535	236	185	55	55	36	26	0.620022	0.478	2.78147e-06	4.48608e-06
536	255	194	55	56	32	42	0.56786	0.56588	3.06228e-06	5.39266e-06
537	245	198	88	90	34	113	0.31934	1.1415	3.53967e-06	1.10843e-05
538	254	213	72	73	35	86	0.407775	0.89704	3.54362e-06	8.69013e-06
539	253	209	51	54	30	40	0.580933	0.54312	3.00546e-06	5.1735e-06
540	214	176	59	61	33	48	0.533722	0.62788	3.19897e-06	5.9937e-06
541	267	212	69	71	33	73	0.441234	0.81818	3.47979e-06	7.8865e-06
542	229	183	62	63	30	93	0.418977	0.86994	3.56029e-06	8.49759e-06
543	249	205	78	78	38	69	0.43096	0.84174	3.47746e-06	8.0691e-06
544	234	180	55	55	30	43	0.568531	0.5647	3.06401e-06	5.38935e-06
545	237	191	74	77	36	99	0.372149	0.98846	3.57511e-06	9.60665e-06
546	245	179	80	82	42	98	0.362489	1.01476	3.56536e-06	9.83576e-06
547	257	205	69	73	33	91	0.397508	0.92254	3.56e-06	8.9558e-06
548	255	189	83	86	40	129	0.301803	1.19798	3.53372e-06	1.17087e-05
549	230	177	60	61	30	72	0.472234	0.75028	3.43262e-06	7.26889e-06
550	243	202	58	60	31	48	0.537084	0.6216	3.1888e-06	5.93725e-06
551	230	194	91	94	41	112	0.31301	1.16152	3.52355e-06	1.1257e-05
552	259	198	58	61	36	40	0.555948	0.58708	3.09587e-06	5.56863e-06
553	239	189	47	48	30	24	0.654529	0.42384	2.60809e-06	3.98468e-06
554	255	192	75	78	34	97	0.373611	0.98454	3.57054e-06	9.55683e-06
555	247	191	72	74	37	60	0.46268	0.77072	3.40769e-06	7.36511e-06
556	243	179	83	86	46	84	0.37966	0.96848	3.53755e-06	9.31768e-06
557	257	197	76	77	35	96	0.377887	0.97316	3.56999e-06	9.44725e-06
558	220	178	62	65	28	82	0.437622	0.8264	3.51236e-06	8.02602e-06
559	233	185	62	64	39	43	0.537289	0.62122	3.16859e-06	5.89737e-06
560	232	179	84	87	35	108	0.333818	1.09716	3.55493e-06	1.06493e-05
561	255	191	78	80	37	131	0.310212	1.1705	3.56007e-06	1.14763e-05
562	240	204	60	61	32	55	0.515004	0.66358	3.27833e-06	6.36563e-06
563	234	189	50	52	31	37	0.597345	0.51526	2.92771e-06	4.9012e-06
564	248	193	82	84	37	103	0.348952	1.05282	3.56431e-06	1.02143e-05
565	217	164	71	72	38	82	0.418801	0.87036	3.52678e-06	8.42115e-06
566	259	200	86	87	39	112	0.327077	1.11756	3.55266e-06	1.08619e-05
567	222	166	81	83	40	108	0.342309	1.07204	3.56808e-06	1.04235e-05
568	277	218	64	67	37	60	0.483473	0.72676	3.3698e-06	6.96998e-06
569	233	182	70	72	34	92	0.397977	0.92136	3.56289e-06	8.95248e-06
570	254	197	78	79	41	67	0.432653	0.83782	3.46957e-06	8.01928e-06
571	259	201	84	86	37	99	0.351699	1.04498	3.55732e-06	1.01147e-05
572	242	194	62	63	35	43	0.540673	0.61494	3.15803e-06	5.84093e-06
573	225	180	62	62	34	47	0.533093	0.62906	3.19696e-06	5.99701e-06
574	242	194	68	69	31	81	0.428948	0.84642	3.5168e-06	8.19867e-06
575	253	210	86	86	42	103	0.344597	1.06538	3.55873e-06	1.03272e-05
576	254	203	79	82	33	120	0.324017	1.12696	3.5657e-06	1.10047e-05
577	238	184	79	83	36	103	0.351151	1.04654	3.56694e-06	1.01579e-05
578	234	184	74	75	35	90	0.394554	0.93	3.55712e-06	9.01556e-06
579	233	182	59	61	30	60	0.502038	0.68908	3.32916e-06	6.6313e-06
580	243	186	73	75	39	66	0.445927	0.8076	3.45164e-06	7.74036e-06
581	249	181	81	85	35	125	0.309964	1.1713	3.54589e-06	1.14397e-05
582	251	196	74	74	34	81	0.415688	0.87782	3.52541e-06	8.48091e-06
583	209	164	56	57	32	56	0.525419	0.64356	3.2539e-06	6.19297e-06
584	263	198	74	75	36	84	0.406814	0.8994	3.53796e-06	8.69676e-06
585	226	180	72	78	36	122	0.328887	1.11204	3.57999e-06	1.08852e-05
586	245	181	67	67	30	64	0.47371	0.74716	3.40243e-06	7.18251e-06
587	236	194	69	75	42	53	0.476494	0.7413	3.35911e-06	7.04963e-06
588	244	194	75	77	37	96	0.377887	0.97316	3.56999e-06	9.44725e-06
589	244	189	61	62	31	53	0.517027	0.65966	3.26545e-06	6.31581e-06
590	259	207	85	87	42	124	0.30766	1.17876	3.53792e-06	1.14995e-05
591	253	194	78	78	40	66	0.437604	0.82644	3.46132e-06	7.9097e-06
592	212	165	61	62	31	54	0.514397	0.66476	3.27617e-06	6.36894e-06
593	265	211	90	95	36	181	0.218778	1.5197	3.27721e-06	1.49796e-05
594	228	188	75	79	36	103	0.360083	1.02142	3.57638e-06	9.93208e-06
595	240	185	79	81	43	68	0.425079	0.85548	3.47941e-06	8.18531e-06
596	237	189	74	76	38	67	0.440881	0.81898	3.46089e-06	7.84994e-06
597	236	185	60	62	31	76	0.459802	0.77696	3.46593e-06	7.53787e-06
598	248	198	71	72	38	69	0.447508	0.80406	3.45943e-06	7.73042e-06
599	266	216	69	72	35	71	0.442967	0.81426	3.47139e-06	7.83668e-06
600	249	184	91	92	40	127	0.293623	1.22546	3.50618e-06	1.19411e-05
601	228	170	51	52	28	56	0.542178	0.61216	3.20467e-06	5.91073e-06
602	239	194	78	79	41	77	0.411141	0.88882	3.51551e-06	8.55062e-06
603	229	176	78	78	35	78	0.411626	0.88764	3.51829e-06	8.5473e-06
604	266	217	76	81	35	104	0.35378	1.03908	3.57251e-06	1.00981e-05
605	238	190	85	87	44	103	0.34244	1.07166	3.55578e-06	1.03837e-05
606	243	185	54	55	35	31	0.604412	0.5035	2.87201e-06	4.75175e-06
607	246	193	79	80	33	175	0.247858	1.3949	3.42394e-06	1.38141e-05
608	227	184	80	82	38	83	0.391308	0.93826	3.53694e-06	9.03876e-06
609	256	211	75	76	39	80	0.412599	0.88528	3.52387e-06	8.54067e-06
610	218	169	65	67	30	99	0.39627	0.92566	3.58314e-06	9.04218e-06
611	225	174	87	89	40	129	0.29617	1.21682	3.51792e-06	1.1878e-05
612	231	184	65	66	35	71	0.459976	0.77658	3.4489e-06	7.498e-06
613	221	176	65	68	27	109	0.374209	0.98294	3.60362e-06	9.62996e-06
614	240	180	49	49	27	47	0.57844	0.54742	3.04444e-06	5.26319e-06
615	247	186	77	83	31	146	0.282002	1.26584	3.50884e-06	1.24426e-05
616	248	207	76	77	35	99	0.372149	0.98846	3.57511e-06	9.60665e-06
617	248	201	93	97	37	151	0.251765	1.37926	3.39845e-06	1.34985e-05
618	258	204	63	64	29	63	0.485187	0.72322	3.37692e-06	6.96004e-06
619	221	174	62	63	37	46	0.532464	0.63024	3.19496e-06	6.00033e-06
620	275	215	90	91	38	114	0.315726	1.15288	3.53421e-06	1.11939e-05
621	232	183	76	77	42	62	0.449437	0.79976	3.43402e-06	7.64072e-06
622	225	172	61	62	31	69	0.476513	0.74126	3.41467e-06	7.16594e-06
623	241	187	68	69	30	100	0.389333	0.94332	3.58506e-06	9.2082e-06
624	246	200	64	67	35	61	0.481013	0.73186	3.37821e-06	7.02311e-06
625	230	182	73	73	33	82	0.416179	0.87664	3.5282e-06	8.4776e-06
626	243	194	78	79	40	98	0.369383	0.99592	3.57061e-06	9.66641e-06
627	252	207	71	74	41	58	0.467423	0.76052	3.39295e-06	7.25885e-06
628	244	183	86	90	43	105	0.332638	1.1007	3.54568e-06	1.06593e-05
629	242	193	51	55	29	45	0.562761	0.5749	3.09272e-06	5.49561e-06
630	234	187	72	74	38	67	0.446454	0.80642	3.45423e-06	7.73705e-06
631	246	201	85	89	38	115	0.31809	1.14542	3.54167e-06	1.11342e-05
632	242	192	85	87	39	103	0.34244	1.07166	3.55578e-06	1.03837e-05
633	254	196	84	87	40	95	0.3567	1.03086	3.55223e-06	9.9586e-06
634	250	203	54	56	36	27	0.613006	0.48938	2.81717e-06	4.59566e-06
635	218	174	64	69	29	116	0.358825	1.02492	3.60918e-06	1.00583e-05
636	262	204	59	65	31	84	0.433181	0.8366	3.52275e-06	8.13228e-06
637	225	167	69	69	32	77	0.437788	0.82602	3.49624e-06	7.98614e-06
638	250	198	67	69	39	48	0.50757	0.67812	3.27143e-06	6.44528e-06
639	235	184	76	76	36	98	0.376409	0.97708	3.57478e-06	9.49707e-06
640	244	193	69	72	31	84	0.414551	0.88056	3.53505e-06	8.52742e-06
641	243	182	68	70	38	50	0.499274	0.6946	3.2992e-06	6.60799e-06
642	244	199	56	58	34	32	0.590114	0.52744	2.93536e-06	4.97422e-06
643	252	205	91	96	38	147	0.258572	1.35258	3.42079e-06	1.32295e-05
644	210	174	59	61	30	66	0.486908	0.71968	3.38406e-06	6.95009e-06
645	264	204	72	73	37	53	0.482517	0.72874	3.34709e-06	6.93673e-06
646	227	174	65	68	34	76	0.442799	0.81464	3.48773e-06	7.87656e-06
647	259	195	54	54	28	44	0.569202	0.56352	3.06574e-06	5.38603e-06
648	236	182	60	61	29	62	0.496943	0.69928	3.34818e-06	6.73756e-06
649	225	175	70	71	37	53	0.488615	0.71618	3.33423e-06	6.82384e-06
650	244	188	60	63	28	77	0.454599	0.78834	3.47652e-06	7.64746e-06
651	234	183	77	78	33	97	0.373611	0.98454	3.57054e-06	9.55683e-06
652	254	201	50	50	32	39	0.598757	0.5129	2.93066e-06	4.89457e-06
653	238	192	81	84	39	98	0.357965	1.02732	3.56127e-06	9.94865e-06
654	219	171	78	79	39	72	0.42176	0.86332	3.49426e-06	8.28495e-06
655	252	199	70	72	33	75	0.434022	0.83466	3.49354e-06	8.04922e-06
656	244	198	68	69	35	74	0.444538	0.81072	3.47928e-06	7.82674e-06
657	238	183	65	69	37	71	0.451392	0.79542	3.46097e-06	7.66734e-06
658	235	179	66	66	34	53	0.504201	0.68478	3.29828e-06	6.5416e-06
659	246	196	81	83	37	122	0.318721	1.14344	3.55928e-06	1.11674e-05
660	254	192	52	56	30	52	0.539625	0.61688	3.19674e-06	5.92399e-06
661	255	190	56	60	34	45	0.545365	0.6063	3.15104e-06	5.77785e-06
662	246	198	98	101	39	171	0.221711	1.50638	3.27844e-06	1.4787e-05
663	244	189	80	82	36	93	0.371852	0.98926	3.55866e-06	9.57009e-06
664	230	180	83	86	38	141	0.283887	1.25918	3.50494e-06	1.23463e-05
665	232	189	74	77	33	97	0.375965	0.97826	3.57181e-06	9.50039e-06
666	239	181	65	66	36	51	0.50937	0.67458	3.27797e-06	6.43533e-06
667	227	176	43	44	28	27	0.660988	0.41402	2.58994e-06	3.91829e-06
668	247	198	65	66	36	53	0.504201	0.68478	3.29828e-06	6.5416e-06
669	245	194	60	61	30	62	0.496943	0.69928	3.34818e-06	6.73756e-06
670	257	192	58	59	27	74	0.47335	0.74792	3.43759e-06	7.26227e-06
671	219	160	60	61	29	56	0.512384	0.66868	3.28887e-06	6.41876e-06
672	273	222	61	65	34	48	0.520482	0.653	3.23713e-06	6.21949e-06
673	231	187	80	81	39	95	0.370397	0.99318	3.56319e-06	9.61991e-06
674	253	198	61	64	31	91	0.420622	0.86602	3.55332e-06	8.44777e-06
675	240	192	79	80	41	64	0.436573	0.8288	3.45606e-06	7.91633e-06
676	250	197	74	76	33	99	0.374494	0.98218	3.57649e-06	9.5502e-06
677	248	187	77	77	33	91	0.387647	0.94766	3.55921e-06	9.18159e-06
678	210	164	58	58	32	48	0.543873	0.60904	3.16771e-06	5.82435e-06
679	231	180	66	66	33	70	0.462328	0.77148	3.44197e-06	7.44487e-06
680	267	220	67	68	37	52	0.500454	0.69224	3.30368e-06	6.60136e-06
681	246	193	64	66	35	50	0.511975	0.66948	3.26753e-06	6.3822e-06
682	233	185	47	48	26	43	0.594081	0.52074	2.96697e-06	4.99421e-06
683	247	198	89	90	43	82	0.374037	0.9834	3.52987e-06	9.43721e-06
684	241	192	67	69	28	109	0.371867	0.98922	3.60205e-06	9.6864e-06
685	260	206	73	74	36	76	0.426424	0.85232	3.50318e-06	8.21525e-06
686	250	203	62	64	30	62	0.487668	0.71812	3.36828e-06	6.9069e-06
687	225	177	58	58	31	42	0.560772	0.57844	3.08736e-06	5.50556e-06
688	260	200	88	90	41	123	0.303462	1.1925	3.52491e-06	1.16157e-05
689	224	169	82	83	40	88	0.379068	0.97004	3.54841e-06	9.36087e-06
690	245	189	93	96	35	147	0.258572	1.35258	3.42079e-06	1.32295e-05
691	234	191	71	73	35	82	0.416179	0.87664	3.5282e-06	8.4776e-06
692	210	172	67	67	33	90	0.414882	0.87976	3.55304e-06	8.56398e-06
693	242	195	68	68	40	45	0.518643	0.65654	3.23085e-06	6.22943e-06
694	240	187	63	63	32	57	0.503415	0.68634	3.31488e-06	6.58479e-06
695	251	202	69	69	38	46	0.512774	0.66792	3.25048e-06	6.33901e-06
696	235	183	61	63	26	80	0.447696	0.80364	3.4951e-06	7.80685e-06
697	263	200	80	82	35	140	0.292597	1.22896	3.53087e-06	1.20674e-05
698	226	180	71	74	36	81	0.415688	0.87782	3.52541e-06	8.48091e-06
699	267	223	92	94	48	89	0.351966	1.04422	3.53196e-06	1.00349e-05
700	236	178	72	74	39	67	0.446454	0.80642	3.45423e-06	7.73705e-06
701	230	189	56	57	31	51	0.538989	0.61806	3.19475e-06	5.92731e-06
702	244	197	72	74	39	70	0.439675	0.82172	3.47187e-06	7.89645e-06
703	245	188	75	77	35	82	0.405855	0.90176	3.53231e-06	8.70339e-06
704	252	192	52	53	30	50	0.555526	0.58784	3.13782e-06	5.64838e-06
705	242	184	69	69	32	88	0.413905	0.88212	3.54741e-06	8.57061e-06
706	225	176	54	54	28	48	0.557708	0.58392	3.12236e-06	5.59856e-06
707	227	180	66	68	33	63	0.473151	0.74834	3.39998e-06	7.18583e-06
708	238	192	62	63	35	50	0.521712	0.65064	3.24132e-06	6.21286e-06
709	237	179	76	82	43	82	0.393309	0.93316	3.53413e-06	8.98563e-06
710	239	195	69	73	38	75	0.431305	0.84094	3.49601e-06	8.10566e-06
711	245	183	57	58	30	60	0.511586	0.67024	3.30584e-06	6.46195e-06
712	236	196	84	86	36	104	0.342844	1.07048	3.55884e-06	1.03803e-05
713	254	200	78	78	39	83	0.401262	0.91314	3.53631e-06	8.81297e-06
714	250	185	71	72	31	81	0.420942	0.86526	3.52245e-06	8.36802e-06
715	235	183	73	74	37	75	0.428605	0.84722	3.49832e-06	8.16211e-06
716	229	173	69	70	40	56	0.484228	0.7252	3.35414e-06	6.92679e-06
717	261	203	96	98	43	116	0.299081	1.20704	3.49785e-06	1.16953e-05
718	238	180	74	76	36	66	0.443135	0.81388	3.45504e-06	7.79681e-06
719	238	181	74	76	40	70	0.434187	0.83428	3.47755e-06	8.00934e-06
720	246	202	94	96	40	112	0.309103	1.17408	3.51447e-06	1.13699e-05
721	222	177	67	68	37	53	0.497908	0.69734	3.31333e-06	6.6545e-06
722	256	190	85	87	38	128	0.301447	1.19916	3.53055e-06	1.1712e-05
723	218	170	62	64	29	63	0.485187	0.72322	3.37692e-06	6.96004e-06
724	271	206	66	66	38	47	0.519868	0.65418	3.23504e-06	6.2228e-06
725	231	195	74	76	35	82	0.408412	0.89548	3.53151e-06	8.64694e-06
726	245	182	61	61	28	62	0.496943	0.69928	3.34818e-06	6.73756e-06
727	239	178	58	58	33	45	0.552258	0.59374	3.12852e-06	5.66495e-06
728	251	199	100	103	44	114	0.292807	1.22824	3.476e-06	1.18713e-05
729	247	186	50	50	36	19	0.663053	0.4109	2.54076e-06	3.83191e-06
730	219	177	54	56	30	39	0.576615	0.55058	3.01758e-06	5.23326e-06
731	257	204	60	61	28	78	0.458003	0.78088	3.47518e-06	7.58769e-06
732	278	210	76	77	38	75	0.420605	0.86606	3.50426e-06	8.33146e-06
733	250	192	90	92	35	123	0.299674	1.20506	3.51475e-06	1.17286e-05
734	235	183	74	79	35	143	0.293634	1.22542	3.54047e-06	1.20574e-05
735	261	208	84	84	42	72	0.408722	0.89472	3.5016e-06	8.56719e-06
736	241	199	62	64	36	46	0.529131	0.63652	3.20482e-06	6.05677e-06
737	245	184	78	80	37	95	0.37273	0.9869	3.56459e-06	9.56346e-06
738	249	185	57	58	32	48	0.543873	0.60904	3.16771e-06	5.82435e-06
739	231	175	91	96	43	118	0.299788	1.20468	3.50413e-06	1.16887e-05
740	259	214	78	82	40	78	0.401415	0.91276	3.52165e-06	8.77309e-06
741	223	172	64	64	28	103	0.395652	0.92722	3.59464e-06	9.08537e-06
742	260	205	72	73	36	70	0.442445	0.81544	3.46877e-06	7.84e-06
743	234	187	63	64	41	32	0.568292	0.56512	3.01928e-06	5.31291e-06
744	226	168	63	65	32	61	0.487093	0.7193	3.36592e-06	6.91022e-06
745	242	188	57	59	31	45	0.548801	0.60002	3.13991e-06	5.7214e-06
746	297	237	93	94	44	98	0.336176	1.09012	3.53426e-06	1.05131e-05
747	250	196	57	59	33	34	0.580468	0.54392	2.98183e-06	5.13694e-06
748	214	159	62	63	36	44	0.537923	0.62004	3.17055e-06	5.89406e-06
749	261	204	71	72	38	86	0.410344	0.89076	3.54278e-06	8.63368e-06
750	225	183	73	74	36	107	0.364066	1.01042	3.59056e-06	9.86237e-06
751	244	196	85	86	40	105	0.3411	1.07558	3.55886e-06	1.04335e-05
752	235	186	56	58	33	39	0.569418	0.56314	3.0442e-06	5.34616e-06
753	235	189	76	79	34	190	0.23105	1.46512	3.36286e-06	1.45547e-05
754	243	197	50	55	30	41	0.574359	0.5545	3.03439e-06	5.28308e-06
755	220	172	52	52	30	32	0.612773	0.48976	2.84053e-06	4.63554e-06
756	252	199	65	67	35	48	0.513986	0.66556	3.25475e-06	6.33238e-06
757	210	171	62	62	32	61	0.496357	0.70046	3.34588e-06	6.74088e-06
758	264	215	72	72	34	60	0.468528	0.75816	3.39787e-06	7.25222e-06
759	254	198	74	74	36	74	0.430796	0.84212	3.49332e-06	8.10898e-06
760	273	222	62	62	35	41	0.549657	0.59846	3.12107e-06	5.67821e-06
761	260	207	90	90	41	82	0.374037	0.9834	3.52987e-06	9.43721e-06
762	242	182	90	93	43	84	0.363331	1.01244	3.52897e-06	9.71282e-06
763	244	194	80	87	40	111	0.328749	1.11246	3.55336e-06	1.08087e-05
764	232	189	57	59	35	40	0.562975	0.57452	3.07144e-06	5.45574e-06
765	253	197	60	61	28	59	0.504605	0.68398	3.31937e-06	6.57816e-06
766	255	191	72	74	32	120	0.340711	1.07672	3.59556e-06	1.05531e-05
767	239	194	69	71	32	104	0.37671	0.97628	3.59141e-06	9.53363e-06
768	228	181	60	62	33	57	0.506587	0.68006	3.30717e-06	6.52834e-06
769	260	205	56	57	25	74	0.479333	0.73536	3.42693e-06	7.14937e-06
770	237	178	66	68	37	66	0.465967	0.76364	3.42264e-06	7.34523e-06
771	250	195	66	69	29	104	0.381471	0.96372	3.59374e-06	9.42074e-06
772	245	190	83	84	39	104	0.347177	1.05792	3.56462e-06	1.02675e-05
773	210	168	71	71	37	48	0.501235	0.69068	3.28719e-06	6.55817e-06
774	255	192	64	68	32	56	0.490348	0.71264	3.34118e-06	6.8139e-06
775	216	167	47	47	30	22	0.665405	0.40736	2.54315e-06	3.82197e-06
776	269	200	91	96	36	213	0.184671	1.68918	3.09072e-06	1.67363e-05
777	230	181	90	92	42	123	0.299674	1.20506	3.51475e-06	1.17286e-05
778	231	181	54	58	30	48	0.543873	0.60904	3.16771e-06	5.82435e-06
779	239	194	78	80	30	129	0.313392	1.1603	3.56327e-06	1.137e-05
780	257	181	63	63	28	84	0.438656	0.82404	3.51775e-06	8.01939e-06
781	247	194	57	59	30	68	0.488059	0.71732	3.38882e-06	6.94347e-06
782	226	176	46	46	26	33	0.633066	0.45718	2.75383e-06	4.34999e-06
783	256	200	69	71	29	129	0.331615	1.10378	3.60199e-06	1.0862e-05
784	219	175	53	54	30	54	0.5409	0.61452	3.2007e-06	5.91736e-06
785	272	226	75	80	46	57	0.45244	0.7931	3.41339e-06	7.5444e-06
786	239	190	77	79	38	75	0.415356	0.87862	3.50741e-06	8.44435e-06
787	251	199	69	71	35	80	0.42576	0.85388	3.51611e-06	8.25844e-06
788	240	191	69	71	34	96	0.392397	0.93548	3.57418e-06	9.10857e-06
789	236	190	73	73	37	74	0.43351	0.83584	3.49085e-06	8.05253e-06
790	248	185	88	88	45	92	0.359932	1.02184	3.54736e-06	9.85564e-06
791	235	183	51	52	35	25	0.635045	0.45406	2.70758e-06	4.26361e-06
792	258	208	66	67	36	50	0.50877	0.67576	3.27579e-06	6.43865e-06
793	240	199	62	64	28	74	0.458718	0.77932	3.4608e-06	7.5445e-06
794	268	206	73	74	42	58	0.467423	0.76052	3.39295e-06	7.25885e-06
795	233	179	82	85	43	71	0.40824	0.8959	3.49882e-06	8.5705e-06
796	231	183	83	86	39	100	0.34991	1.05008	3.55782e-06	1.01678e-05
797	241	193	74	75	34	84	0.406814	0.8994	3.53796e-06	8.69676e-06
798	207	167	56	58	29	55	0.524799	0.64474	3.2518e-06	6.19629e-06
799	249	209	83	84	35	164	0.255657	1.36392	3.43997e-06	1.34554e-05
800	243	190	57	59	29	61	0.505797	0.68162	3.32386e-06	6.57153e-06
801	260	203	75	76	39	86	0.400164	0.91588	3.54524e-06	8.85947e-06
802	223	175	40	41	25	30	0.663332	0.41048	2.59253e-06	3.90835e-06
803	259	195	77	79	36	92	0.380861	0.96532	3.56014e-06	9.34761e-06
804	234	197	62	65	36	43	0.533925	0.6275	3.17889e-06	5.95382e-06
805	239	187	75	78	34	104	0.360508	1.02024	3.5794e-06	9.92877e-06
806	242	186	61	64	34	66	0.477821	0.73852	3.40181e-06	7.11944e-06
807	238	190	84	85	34	176	0.238974	1.4314	3.38136e-06	1.41495e-05
808	251	200	68	69	31	99	0.391324	0.93822	3.5826e-06	9.15507e-06
809	208	166	64	67	30	68	0.464144	0.76756	3.43237e-06	7.39505e-06
810	262	197	55	57	27	63	0.506992	0.67926	3.32835e-06	6.5649e-06
811	225	179	61	61	31	60	0.502038	0.68908	3.32916e-06	6.6313e-06
812	287	239	68	70	32	78	0.432834	0.8374	3.50411e-06	8.09572e-06
813	268	211	98	102	42	119	0.287233	1.24746	3.46993e-06	1.20805e-05
814	246	203	79	81	42	67	0.427253	0.85038	3.47449e-06	8.13218e-06
815	244	193	81	83	39	88	0.379068	0.97004	3.54841e-06	9.36087e-06
816	260	209	59	60	34	55	0.518249	0.6573	3.26973e-06	6.30918e-06
817	252	196	70	71	34	78	0.430125	0.84368	3.50645e-06	8.15217e-06
818	231	172	60	60	30	67	0.487483	0.7185	3.38644e-06	6.94678e-06
819	243	192	83	85	34	111	0.332904	1.0999	3.56069e-06	1.06958e-05
820	227	163	66	68	36	71	0.454235	0.78914	3.45714e-06	7.61089e-06
821	237	179	73	76	42	54	0.471102	0.75268	3.37272e-06	7.15921e-06
822	237	179	61	62	35	44	0.541312	0.61376	3.15997e-06	5.83761e-06
823	255	203	92	93	38	101	0.333157	1.09914	3.53683e-06	1.06161e-05
824	245	196	71	72	35	96	0.389941	0.94176	3.57381e-06	9.16501e-06
825	220	156	75	78	38	70	0.428768	0.84684	3.48255e-06	8.12224e-06
826	254	196	57	59	33	69	0.485576	0.72242	3.39738e-06	6.9966e-06
827	215	166	48	51	33	26	0.635794	0.45288	2.70867e-06	4.26029e-06
828	267	222	87	89	37	115	0.31809	1.14542	3.54167e-06	1.11342e-05
829	229	193	72	72	40	59	0.470923	0.75306	3.39022e-06	7.19909e-06
830	240	190	73	74	35	86	0.405222	0.90332	3.54431e-06	8.74658e-06
831	238	184	71	73	37	62	0.46087	0.77464	3.41732e-06	7.41493e-06
832	265	193	77	79	35	88	0.388711	0.94492	3.5509e-06	9.13508e-06
833	246	193	57	57	34	43	0.561435	0.57726	3.08915e-06	5.50224e-06
834	231	183	61	66	34	62	0.481581	0.73068	3.38061e-06	7.0198e-06
835	255	195	55	55	31	34	0.595234	0.5188	2.92328e-06	4.91115e-06
836	217	180	56	58	33	34	0.584125	0.53764	2.96764e-06	5.08049e-06
837	271	220	90	94	41	106	0.322736	1.13092	3.53015e-06	1.09382e-05
838	230	186	70	71	37	80	0.42576	0.85388	3.51611e-06	8.25844e-06
839	247	194	63	64	30	65	0.480264	0.73342	3.39369e-06	7.0663e-06
840	217	178	70	70	34	104	0.379083	0.97	3.59264e-06	9.47718e-06
841	237	181	75	78	34	101	0.366067	1.00494	3.57624e-06	9.76937e-06
842	247	191	69	72	36	79	0.425258	0.85506	3.51337e-06	8.26175e-06
843	245	197	69	71	34	78	0.430125	0.84368	3.50645e-06	8.15217e-06
844	257	201	78	81	38	85	0.389777	0.94218	3.54252e-06	9.08858e-06
845	247	182	86	88	43	82	0.378765	0.97084	3.53172e-06	9.32431e-06
846	247	183	51	51	31	36	0.604182	0.50388	2.89501e-06	4.79162e-06
847	232	177	57	59	36	44	0.551607	0.59492	3.12666e-06	5.66827e-06
848	235	199	80	80	36	101	0.361498	1.0175	3.57241e-06	9.88226e-06
849	240	193	57	58	33	33	0.587112	0.53254	2.95162e-06	5.02736e-06
850	244	188	65	68	39	51	0.503013	0.68714	3.29384e-06	6.54823e-06
851	249	193	81	83	39	82	0.390847	0.93944	3.53406e-06	9.04207e-06
852	246	191	56	56	31	42	0.56786	0.56588	3.06228e-06	5.39266e-06
853	259	212	82	84	37	124	0.313511	1.15992	3.55212e-06	1.13301e-05
854	222	171	67	67	33	77	0.443322	0.81346	3.49038e-06	7.87325e-06
855	218	180	84	85	43	80	0.389925	0.9418	3.52832e-06	9.0487e-06
856	233	188	59	62	36	36	0.563854	0.57296	3.05189e-06	5.41255e-06
857	243	192	73	74	35	75	0.428605	0.84722	3.49832e-06	8.16211e-06
858	242	186	95	98	44	112	0.305245	1.18664	3.50506e-06	1.14828e-05
859	247	186	78	81	39	97	0.366638	1.00338	3.56599e-06	9.72618e-06
860	250	200	66	67	34	76	0.445588	0.80836	3.48455e-06	7.82011e-06
861	255	202	78	80	39	71	0.421262	0.8645	3.49153e-06	8.28827e-06
862	261	212	74	74	35	90	0.397039	0.92372	3.55712e-06	8.95911e-06
863	224	182	52	54	29	47	0.560559	0.57882	3.10854e-06	5.54543e-06
864	283	215	65	66	38	49	0.514592	0.66438	3.25689e-06	6.32907e-06
865	235	195	63	65	33	53	0.507377	0.6785	3.29042e-06	6.48515e-06
866	250	204	74	74	39	71	0.437438	0.82682	3.47745e-06	7.94958e-06
867	235	174	59	59	28	64	0.498117	0.69692	3.35279e-06	6.73093e-06
868	247	197	84	84	39	75	0.402516	0.91002	3.51259e-06	8.72659e-06
869	251	190	70	74	33	83	0.41147	0.88802	3.53336e-06	8.58718e-06
870	231	182	69	72	34	92	0.397977	0.92136	3.56289e-06	8.95248e-06
871	246	202	69	70	35	75	0.439508	0.8221	3.48807e-06	7.93632e-06
872	226	178	49	52	30	65	0.517855	0.65806	3.30854e-06	6.38893e-06
873	269	203	56	57	32	45	0.555737	0.58746	3.11686e-06	5.60851e-06
874	236	191	79	82	37	114	0.334085	1.09636	3.56999e-06	1.06859e-05
875	261	209	71	71	35	86	0.412929	0.88448	3.54179e-06	8.57723e-06
876	244	180	72	75	33	102	0.371131	0.9912	3.58259e-06	9.65316e-06
877	226	190	87	88	42	120	0.312035	1.16464	3.53953e-06	1.13434e-05
878	253	203	64	66	31	87	0.423933	0.85818	3.53905e-06	8.34813e-06
879	251	195	80	82	37	93	0.371852	0.98926	3.55866e-06	9.57009e-06
880	266	202	92	96	44	119	0.298263	1.20978	3.50215e-06	1.17418e-05
881	228	189	60	62	38	43	0.544079	0.60866	3.14722e-06	5.78448e-06
882	251	197	53	57	39	23	0.621723	0.47526	2.76019e-06	4.43958e-06
883	237	188	87	90	43	103	0.336048	1.0905	3.54632e-06	1.0553e-05
884	229	180	67	68	33	71	0.454235	0.78914	3.45714e-06	7.61089e-06
885	245	199	59	61	36	56	0.512384	0.66868	3.28887e-06	6.41876e-06
886	235	190	63	64	38	45	0.531836	0.63142	3.19295e-06	6.00364e-06
887	254	207	69	73	35	73	0.435727	0.83074	3.48555e-06	7.9994e-06
888	216	178	66	68	33	64	0.470744	0.75344	3.4077e-06	7.23896e-06
889	269	216	81	84	39	91	0.370975	0.99162	3.55273e-06	9.57672e-06
890	230	186	71	73	32	104	0.372008	0.98884	3.58859e-06	9.64653e-06
891	231	175	73	75	31	86	0.402685	0.9096	3.54485e-06	8.80303e-06
892	239	186	50	51	30	40	0.591981	0.52428	2.96237e-06	5.00416e-06
893	241	191	84	85	39	107	0.339765	1.0795	3.56186e-06	1.04833e-05
894	261	204	83	83	44	80	0.394854	0.92924	3.52834e-06	8.93581e-06
895	243	184	65	67	38	49	0.511371	0.67066	3.26537e-06	6.38552e-06
896	226	176	57	58	25	72	0.481216	0.73144	3.41641e-06	7.09955e-06
897	223	184	59	60	28	81	0.45389	0.7899	3.49071e-06	7.69065e-06
898	238	196	81	83	41	81	0.392845	0.93434	3.53126e-06	8.98894e-06
899	231	179	59	60	38	31	0.585728	0.5349	2.94855e-06	5.03399e-06
900	239	193	59	61	33	50	0.528306	0.63808	3.22265e-06	6.09996e-06
901	240	197	82	85	37	96	0.359371	1.0234	3.55735e-06	9.89883e-06
902	247	197	72	73	36	125	0.334225	1.09594	3.59704e-06	1.07623e-05
903	248	200	62	64	29	91	0.420622	0.86602	3.55332e-06	8.44777e-06
904	251	194	68	69	33	73	0.446811	0.80562	3.47333e-06	7.77361e-06
905	258	210	79	80	34	109	0.347045	1.0583	3.57711e-06	1.03073e-05
906	221	178	68	69	31	84	0.422435	0.86172	3.53074e-06	8.35807e-06
907	248	191	67	69	37	63	0.470189	0.75462	3.40524e-06	7.24228e-06
908	233	180	64	65	34	48	0.520482	0.653	3.23713e-06	6.21949e-06
909	247	195	93	98	39	169	0.228244	1.47734	3.31213e-06	1.45114e-05
910	241	191	76	77	35	80	0.410016	0.89156	3.52495e-06	8.59712e-06
911	262	202	70	73	37	62	0.46087	0.77464	3.41732e-06	7.41493e-06
912	249	206	73	76	34	79	0.414708	0.88018	3.51985e-06	8.48754e-06
913	248	187	49	49	30	31	0.62762	0.46582	2.76973e-06	4.41306e-06
914	260	209	63	63	35	38	0.554638	0.58944	3.09225e-06	5.57526e-06
915	223	176	66	67	41	39	0.538127	0.61966	3.1503e-06	5.85418e-06
916	280	227	78	82	33	115	0.332385	1.10146	3.56949e-06	1.0739e-05
917	234	187	45	46	24	42	0.604665	0.50308	2.91944e-06	4.82818e-06
918	255	197	94	94	42	107	0.321094	1.13602	3.52925e-06	1.09913e-05
919	242	186	47	47	28	38	0.613264	0.48896	2.86523e-06	4.6721e-06
920	220	173	68	70	31	73	0.444014	0.8119	3.47665e-06	7.83006e-06
921	247	192	72	76	35	97	0.378333	0.97198	3.57296e-06	9.44394e-06
922	280	214	91	93	41	154	0.254249	1.36944	3.41511e-06	1.34321e-05
923	251	194	63	63	32	60	0.495772	0.70164	3.34358e-06	6.74419e-06
924	235	183	70	70	31	87	0.413416	0.8833	3.5446e-06	8.57392e-06
925	248	190	78	80	40	84	0.394238	0.9308	3.53986e-06	8.979e-06
926	235	188	66	69	27	170	0.272445	1.30032	3.52204e-06	1.29275e-05
927	236	187	82	82	39	88	0.381456	0.96376	3.54923e-06	9.30442e-06
928	243	188	75	76	36	89	0.394088	0.93118	3.55423e-06	9.01887e-06
929	231	189	62	63	37	49	0.524379	0.64554	3.23003e-06	6.15973e-06
930	252	200	86	87	41	80	0.385059	0.95436	3.52775e-06	9.1616e-06
931	222	168	65	65	36	56	0.499674	0.6938	3.32011e-06	6.64455e-06
932	264	209	92	93	45	95	0.34351	1.06854	3.53722e-06	1.02973e-05
933	227	180	70	70	34	63	0.467246	0.7609	3.4103e-06	7.29872e-06
934	235	189	78	79	41	59	0.45067	0.79702	3.42249e-06	7.59422e-06
935	237	196	85	87	43	123	0.309233	1.17366	3.53958e-06	1.14463e-05
936	257	194	64	67	28	125	0.347059	1.05826	3.61762e-06	1.04236e-05
937	245	196	77	79	38	81	0.402838	0.90922	3.53013e-06	8.76315e-06
938	239	190	71	73	35	69	0.444707	0.81034	3.46287e-06	7.78687e-06
939	254	195	78	79	41	58	0.452974	0.79192	3.41592e-06	7.54109e-06
940	214	172	48	49	25	43	0.590362	0.52702	2.98172e-06	5.05066e-06
941	267	225	68	70	33	71	0.448566	0.8017	3.46463e-06	7.72379e-06
942	229	179	71	72	36	71	0.442967	0.81426	3.47139e-06	7.83668e-06
943	236	185	67	71	32	83	0.419295	0.86918	3.52956e-06	8.41784e-06
944	238	182	74	76	38	86	0.400164	0.91588	3.54524e-06	8.85947e-06
945	246	198	80	81	37	79	0.401889	0.91158	3.52448e-06	8.76978e-06
946	246	181	53	53	27	52	0.549888	0.59804	3.16441e-06	5.75465e-06
947	247	192	66	67	33	70	0.459434	0.77776	3.44636e-06	7.50131e-06
948	231	176	54	56	33	41	0.570764	0.56078	3.04761e-06	5.33953e-06
949	244	197	75	75	37	76	0.423755	0.8586	3.50517e-06	8.27169e-06
950	255	199	68	68	37	52	0.500454	0.69224	3.30368e-06	6.60136e-06
951	230	168	59	60	32	49	0.534352	0.6267	3.20097e-06	5.99038e-06
952	243	183	83	84	38	81	0.390386	0.94062	3.53119e-06	9.04539e-06
953	239	186	60	61	33	44	0.544722	0.60748	3.14913e-06	5.78116e-06
954	233	182	67	68	31	73	0.449626	0.79934	3.46983e-06	7.71716e-06
955	247	196	86	88	38	115	0.320094	1.13914	3.54591e-06	1.10777e-05
956	255	199	62	63	33	61	0.49325	0.70674	3.35278e-06	6.79732e-06
957	257	208	70	71	31	97	0.390401	0.94058	3.57674e-06	9.1617e-06
958	220	168	66	67	45	42	0.529957	0.63496	3.18694e-06	6.01358e-06
959	248	197	72	72	36	69	0.447508	0.80406	3.45943e-06	7.73042e-06
960	232	177	65	67	38	58	0.48843	0.71656	3.35244e-06	6.86371e-06
961	216	163	58	59	32	42	0.557262	0.58472	3.09949e-06	5.562e-06
962	240	185	52	52	31	38	0.594307	0.52036	2.94439e-06	4.95434e-06
963	232	174	60	62	35	41	0.549657	0.59846	3.12107e-06	5.67821e-06
964	248	193	73	73	41	58	0.470368	0.75424	3.38778e-06	7.2024e-06
965	220	174	70	70	39	53	0.491693	0.7099	3.32748e-06	6.76739e-06
966	259	196	70	72	34	74	0.436241	0.82956	3.48822e-06	7.99608e-06
967	222	174	49	49	29	28	0.637297	0.45052	2.71084e-06	4.25366e-06
968	278	229	68	70	36	54	0.489192	0.715	3.33655e-06	6.82052e-06
969	233	184	59	60	36	36	0.570981	0.5604	3.026e-06	5.29965e-06
970	261	206	79	80	36	101	0.361498	1.0175	3.57241e-06	9.88226e-06
971	242	191	52	53	35	30	0.61518	0.48584	2.82104e-06	4.58572e-06
972	227	191	73	74	39	75	0.428605	0.84722	3.49832e-06	8.16211e-06
973	250	192	78	79	41	101	0.363775	1.01122	3.57438e-06	9.82581e-06
974	237	188	62	62	31	57	0.506587	0.68006	3.30717e-06	6.52834e-06
975	256	194	69	69	37	61	0.47501	0.74442	3.38967e-06	7.13601e-06
976	239	199	75	77	39	74	0.422756	0.86096	3.49971e-06	8.27832e-06
977	241	181	76	78	40	61	0.448907	0.80094	3.43146e-06	7.64404e-06
978	235	190	65	65	31	67	0.472414	0.7499	3.41509e-06	7.22902e-06
979	267	200	77	83	39	99	0.358388	1.02614	3.56429e-06	9.94534e-06
980	243	184	61	64	36	52	0.513184	0.66712	3.27184e-06	6.37557e-06
981	236	181	69	70	40	49	0.501827	0.6895	3.2894e-06	6.55486e-06
982	251	200	72	73	34	87	0.405701	0.90214	3.54715e-06	8.74326e-06
983	229	185	52	53	29	46	0.566975	0.56744	3.08199e-06	5.43585e-06
984	263	212	77	80	45	58	0.450138	0.7982	3.41994e-06	7.59753e-06
985	226	180	74	74	41	56	0.472215	0.75032	3.37756e-06	7.15258e-06
986	232	173	68	73	32	112	0.357136	1.02964	3.59692e-06	1.00716e-05
987	236	186	96	98	44	97	0.329513	1.11014	3.5211e-06	1.06858e-05
988	226	175	66	68	29	86	0.420782	0.86564	3.53789e-06	8.40789e-06
989	244	184	98	99	43	138	0.265665	1.32552	3.43257e-06	1.29207e-05
990	228	179	67	68	37	73	0.449626	0.79934	3.46983e-06	7.71716e-06
991	253	200	61	65	32	67	0.472414	0.7499	3.41509e-06	7.22902e-06
992	212	168	68	70	36	71	0.448566	0.8017	3.46463e-06	7.72379e-06
993	266	202	66	68	33	63	0.473151	0.74834	3.39998e-06	7.18583e-06
994	228	176	62	66	27	101	0.394719	0.92958	3.58879e-06	9.09199e-06
995	240	185	71	74	38	69	0.441923	0.81662	3.46614e-06	7.84331e-06
996	237	175	60	62	30	61	0.496357	0.70046	3.34588e-06	6.74088e-06
997	227	186	71	72	31	118	0.348555	1.05396	3.60195e-06	1.03339e-05
998	245	197	80	80	38	89	0.384312	0.9563	3.55284e-06	9.24466e-06
999	251	197	62	63	33	53	0.51379	0.66594	3.274e-06	6.37226e-06
1000	254	211	83	85	41	90	0.370538	0.9928	3.54976e-06	9.58003e-06