Hist	Tr_Tot	Tr_in	DSBs	DSBt	RIFs	NComb	PSurv	lPSurv	PMut*	PMut
1	36	32	219	257	43	1728	2.96289e-05	10.4268	3.15018e-09	0.000106321
2	23	19	157	188	31	1542	0.000117998	9.04484	1.092e-08	9.25435e-05
3	43	38	170	197	36	1999	1.08423e-05	11.4321	1.27216e-09	0.000117333
4	26	20	69	74	28	206	0.219738	1.51532	3.323e-06	1.51226e-05
5	28	22	150	174	28	1929	1.79016e-05	10.9306	2.01063e-09	0.000112316
6	33	27	75	84	32	312	0.120185	2.11872	2.56225e-06	2.13192e-05
7	30	22	127	154	28	1623	9.66495e-05	9.24442	9.17475e-09	9.49281e-05
8	32	26	142	161	38	779	0.00684676	4.98398	3.45616e-07	5.04788e-05
9	25	17	52	61	19	170	0.286482	1.25008	3.57413e-06	1.24759e-05
10	39	34	172	197	38	1102	0.00105169	6.85736	7.32741e-08	6.9673e-05
11	31	18	106	140	20	1495	0.000202717	8.5037	1.77046e-08	8.73368e-05
12	26	20	106	126	34	1046	0.00218557	6.12588	1.37013e-07	6.26897e-05
13	27	21	148	173	30	1160	0.00090966	7.00244	6.49497e-08	7.13999e-05
14	25	19	56	57	23	137	0.347615	1.05666	3.64883e-06	1.04968e-05
15	30	24	106	126	24	791	0.0080235	4.82538	3.94281e-07	4.91408e-05
16	30	24	124	146	30	1057	0.00182244	6.30758	1.17371e-07	6.44031e-05
17	33	26	138	155	35	1088	0.00147043	6.5222	9.78694e-08	6.65583e-05
18	27	23	113	133	29	594	0.0209705	3.86464	8.19288e-07	3.90687e-05
19	37	29	173	213	32	1242	0.00046576	7.67184	3.63362e-08	7.80148e-05
20	24	13	77	82	27	189	0.227897	1.47886	3.34345e-06	1.46709e-05
21	29	24	124	135	27	770	0.00843977	4.7748	4.09607e-07	4.8533e-05
22	27	20	113	142	26	1199	0.000905829	7.00666	6.49681e-08	7.17223e-05
23	23	16	75	82	26	308	0.124213	2.08576	2.60769e-06	2.09937e-05
24	30	28	145	173	32	1252	0.000568994	7.47164	4.34076e-08	7.62882e-05
25	33	22	100	123	28	880	0.00519302	5.26044	2.78867e-07	5.37003e-05
26	33	28	170	201	38	1120	0.00093564	6.97428	6.62949e-08	7.08552e-05
27	20	16	135	173	26	1534	0.000135053	8.90984	1.23266e-08	9.12718e-05
28	38	30	165	185	39	848	0.0041419	5.4866	2.29875e-07	5.54998e-05
29	25	21	154	173	27	1635	8.06864e-05	9.42494	7.79739e-09	9.66382e-05
30	31	25	117	140	27	864	0.00506399	5.2856	2.72492e-07	5.38097e-05
31	28	21	121	141	25	941	0.00339796	5.68458	1.96937e-07	5.79575e-05
32	30	25	170	202	30	2825	1.55587e-07	15.6761	2.51279e-11	0.000161504
33	28	22	167	200	32	2342	1.85023e-06	13.2002	2.51127e-10	0.000135727
34	36	27	188	213	37	1759	3.33471e-05	10.3085	3.51761e-09	0.000105485
35	30	22	122	146	30	769	0.00791671	4.83878	3.88716e-07	4.91008e-05
36	24	19	125	147	29	1272	0.000604953	7.41036	4.59058e-08	7.58832e-05
37	31	26	91	108	29	443	0.0529959	2.93754	1.5705e-06	2.96343e-05
38	25	20	129	161	25	894	0.00380865	5.57048	2.15528e-07	5.65891e-05
39	34	25	74	83	25	303	0.126623	2.06654	2.6318e-06	2.07845e-05
40	28	22	136	158	33	1034	0.0019005	6.26564	1.21363e-07	6.38584e-05
41	33	29	186	232	26	1674	4.56567e-05	9.99436	4.65885e-09	0.000102041
42	31	26	109	132	33	602	0.0202589	3.89916	7.98957e-07	3.94373e-05
43	44	34	137	151	42	500	0.0302494	3.49828	1.06146e-06	3.50902e-05
44	34	30	246	316	34	3752	6.72728e-10	21.1197	1.46112e-13	0.000217193
45	27	22	108	125	24	696	0.0131071	4.3346	5.77194e-07	4.40367e-05
46	25	16	73	85	18	399	0.0766351	2.5687	1.99237e-06	2.59982e-05
47	26	19	70	85	22	385	0.0823069	2.4973	2.07861e-06	2.52543e-05
48	39	28	262	317	36	5885	1.26103e-14	32.0043	4.16876e-18	0.000330583
49	29	23	135	161	38	722	0.0091566	4.69328	4.34483e-07	4.74502e-05
50	31	24	219	275	38	2521	4.63667e-07	14.5841	6.93051e-11	0.000149472
51	32	27	104	119	26	787	0.00855688	4.76102	4.15292e-07	4.85331e-05
52	35	28	163	200	33	1549	0.000105595	9.1559	9.88293e-09	9.35928e-05
53	35	24	143	182	33	1387	0.000270116	8.21666	2.26814e-08	8.39692e-05
54	22	12	25	27	14	38	0.695336	0.36336	2.46368e-06	3.54315e-06
55	42	36	254	297	39	2935	4.88916e-08	16.8337	8.44411e-12	0.000172711
56	26	18	116	141	31	721	0.0104351	4.56258	4.82813e-07	4.62681e-05
57	27	23	55	70	16	400	0.0837767	2.4796	2.11156e-06	2.52046e-05
58	29	22	147	172	25	1501	0.000160814	8.73526	1.43868e-08	8.94619e-05
59	25	18	143	165	26	1225	0.00068664	7.2837	5.10874e-08	7.4402e-05
60	22	17	126	152	21	1401	0.000303642	8.09966	2.52083e-08	8.30196e-05
61	24	20	121	138	23	990	0.00269693	5.91564	1.62872e-07	6.03916e-05
62	28	25	93	104	30	337	0.0933107	2.37182	2.2186e-06	2.37764e-05
63	33	26	178	208	30	1619	7.02718e-05	9.56314	6.87003e-09	9.77638e-05
64	27	23	96	116	24	884	0.00531682	5.23688	2.84544e-07	5.35177e-05
65	27	21	42	42	24	26	0.672764	0.39636	2.52439e-06	3.75226e-06
66	36	32	90	103	33	236	0.157168	1.85044	2.88459e-06	1.83535e-05
67	30	22	143	167	27	1636	8.33585e-05	9.39236	8.03181e-09	9.63527e-05
68	17	14	69	77	19	266	0.158792	1.84016	2.93446e-06	1.84799e-05
69	33	23	122	137	41	451	0.0424062	3.16046	1.34412e-06	3.16964e-05
70	21	14	40	45	22	52	0.57822	0.5478	3.06634e-06	5.30307e-06
71	37	28	169	210	30	1608	7.3399e-05	9.5196	7.14115e-09	9.72922e-05
72	24	17	83	92	19	759	0.0116942	4.44866	5.32336e-07	4.55213e-05
73	30	20	101	119	26	698	0.0134723	4.30712	5.90144e-07	4.38042e-05
74	27	22	141	152	30	745	0.00861664	4.75406	4.15014e-07	4.81643e-05
75	28	25	136	154	31	1577	0.000122204	9.00982	1.13019e-08	9.2484e-05
76	30	22	132	151	28	1150	0.00109908	6.81328	7.65255e-08	6.96268e-05
77	34	28	116	126	33	407	0.0568704	2.86698	1.63432e-06	2.87376e-05
78	33	22	214	252	32	2432	8.43454e-07	13.9858	1.20989e-10	0.000143445
79	19	14	59	72	17	337	0.114079	2.17086	2.50634e-06	2.19701e-05
80	38	25	89	103	27	422	0.0608685	2.79904	1.7187e-06	2.82363e-05
81	24	14	60	75	19	368	0.0955792	2.3478	2.2735e-06	2.37866e-05
82	34	27	85	98	26	355	0.088395	2.42594	2.15632e-06	2.43942e-05
83	28	21	139	173	26	993	0.0021319	6.15074	1.33301e-07	6.25267e-05
84	20	13	93	108	23	1010	0.00294031	5.82924	1.75716e-07	5.97609e-05
85	30	23	147	186	22	2457	1.12382e-06	13.6988	1.58512e-10	0.000141048
86	26	19	89	108	31	329	0.0947854	2.35614	2.23477e-06	2.35772e-05
87	31	19	71	79	29	230	0.188413	1.66912	3.14272e-06	1.668e-05
88	26	19	85	90	25	374	0.0843652	2.4726	2.10509e-06	2.49521e-05
89	28	21	119	143	23	979	0.00276438	5.89094	1.6611e-07	6.00894e-05
90	25	19	85	108	20	1041	0.00251033	5.98734	1.54155e-07	6.1408e-05
91	37	25	161	190	40	1213	0.000623913	7.3795	4.6903e-08	7.51756e-05
92	28	24	118	148	25	1311	0.000492735	7.61554	3.84391e-08	7.80119e-05
93	39	29	163	198	30	1396	0.000233334	8.36304	1.99152e-08	8.53506e-05
94	31	24	92	105	24	449	0.0523764	2.9493	1.55997e-06	2.97838e-05
95	28	21	206	246	29	3012	4.54761e-08	16.9061	7.90935e-12	0.000173923
96	34	29	176	212	31	2925	8.77425e-08	16.2489	1.46865e-11	0.000167382
97	29	22	92	105	30	543	0.0324291	3.4287	1.12783e-06	3.47783e-05
98	29	25	126	143	28	853	0.00525624	5.24834	2.80655e-07	5.33946e-05
99	25	16	91	108	26	679	0.0159047	4.14114	6.70762e-07	4.21738e-05
100	29	20	115	124	31	838	0.0063932	5.05252	3.29411e-07	5.15251e-05
101	28	21	104	127	27	481	0.0387486	3.25066	1.26808e-06	3.27259e-05
102	35	22	119	137	27	1000	0.00257898	5.96036	1.56974e-07	6.08665e-05
103	31	28	147	165	39	639	0.0136352	4.2951	5.8994e-07	4.3266e-05
104	29	23	95	113	31	474	0.0438474	3.12704	1.38399e-06	3.15637e-05
105	35	28	153	181	26	1349	0.000329947	8.01658	2.70205e-08	8.18937e-05
106	22	18	92	110	28	504	0.0383424	3.2612	1.26485e-06	3.29884e-05
107	41	29	168	202	36	1168	0.00072789	7.22536	5.34723e-08	7.3462e-05
108	26	23	82	89	28	412	0.0699398	2.66012	1.88241e-06	2.69147e-05
109	37	29	150	180	39	873	0.00376239	5.5827	2.12748e-07	5.65459e-05
110	29	24	118	130	32	582	0.0227179	3.7846	8.69228e-07	3.82617e-05
111	31	27	163	205	25	2160	4.53629e-06	12.3034	5.73113e-10	0.000126339
112	32	27	195	225	33	3683	1.69379e-09	20.1963	3.52968e-13	0.00020839
113	15	13	57	69	11	761	0.0133743	4.31442	5.92873e-07	4.43292e-05
114	28	23	112	125	25	939	0.00379565	5.5739	2.16155e-07	5.6948e-05
115	32	26	103	126	28	687	0.0136368	4.29498	5.9477e-07	4.36149e-05
116	29	25	98	110	30	497	0.0397359	3.2255	1.29604e-06	3.26164e-05
117	44	37	123	141	38	550	0.02496	3.69048	9.28073e-07	3.71824e-05
118	25	21	59	68	21	378	0.0949087	2.35484	2.27048e-06	2.39228e-05
119	29	25	146	177	36	887	0.00356975	5.63526	2.03905e-07	5.71204e-05
120	21	16	106	127	18	1615	0.000119277	9.03406	1.10903e-08	9.2979e-05
121	32	25	129	152	27	1385	0.000329459	8.01806	2.70715e-08	8.21695e-05
122	20	14	46	51	14	174	0.29889	1.20768	3.62374e-06	1.2124e-05
123	36	27	198	223	30	1651	5.43242e-05	9.82054	5.4493e-09	0.000100311
124	23	15	71	74	25	130	0.323771	1.12772	3.58882e-06	1.10844e-05
125	31	26	137	166	36	777	0.00670313	5.00518	3.39546e-07	5.06548e-05
126	27	23	136	168	31	1229	0.000660218	7.32294	4.93737e-08	7.47839e-05
127	24	19	68	75	21	472	0.0562359	2.8782	1.64841e-06	2.93124e-05
128	30	26	178	202	28	2775	2.00779e-07	15.4211	3.18932e-11	0.000158847
129	18	13	78	94	13	694	0.0160874	4.12972	6.78574e-07	4.21805e-05
130	33	28	219	266	38	1830	1.66437e-05	11.0035	1.86823e-09	0.000112249
131	24	20	96	110	21	449	0.0507573	2.9807	1.52607e-06	3.0066e-05
132	37	30	148	175	35	752	0.00719622	4.9342	3.5862e-07	4.98345e-05
133	24	18	104	123	22	715	0.012047	4.41894	5.41311e-07	4.49333e-05
134	34	28	134	158	40	780	0.00694148	4.97024	3.49591e-07	5.03626e-05
135	27	25	216	253	33	2826	1.12373e-07	16.0014	1.84782e-11	0.000164436
136	22	15	106	137	21	893	0.00445085	5.41466	2.45604e-07	5.51813e-05
137	30	24	59	66	16	293	0.148261	1.90878	2.86049e-06	1.92936e-05
138	44	37	266	323	37	2711	1.30155e-07	15.8545	2.11211e-11	0.000162277
139	33	23	159	190	33	1166	0.000792911	7.1398	5.76274e-08	7.26784e-05
140	19	15	107	137	27	841	0.00580254	5.14946	3.04159e-07	5.24183e-05
141	23	17	51	58	23	233	0.21171	1.55254	3.3141e-06	1.5654e-05
142	26	20	146	173	28	3591	3.75364e-09	19.4005	7.52855e-13	0.000200567
143	31	26	120	141	25	1028	0.00218033	6.12828	1.36445e-07	6.258e-05
144	28	23	176	214	35	1713	4.19002e-05	10.0802	4.31978e-09	0.000103097
145	27	18	66	70	25	291	0.146066	1.9237	2.83558e-06	1.94131e-05
146	31	28	167	192	34	1277	0.000444545	7.71846	3.49808e-08	7.8689e-05
147	28	24	119	142	26	783	0.00755867	4.88506	3.75053e-07	4.96189e-05
148	34	26	117	144	28	977	0.00277523	5.88702	1.66624e-07	6.00396e-05
149	30	23	79	91	27	422	0.0656328	2.72368	1.80877e-06	2.75589e-05
150	31	26	129	152	28	830	0.00558562	5.18756	2.94254e-07	5.26806e-05
151	25	22	172	202	27	2308	2.17309e-06	13.0394	2.91268e-10	0.000134034
152	27	25	78	97	23	587	0.0272457	3.60286	9.98952e-07	3.66646e-05
153	28	22	85	100	26	461	0.0508386	2.9791	1.53223e-06	3.01392e-05
154	23	17	59	65	29	96	0.407465	0.8978	3.57342e-06	8.76988e-06
155	31	23	138	167	34	964	0.00256663	5.96516	1.55659e-07	6.06472e-05
156	32	23	183	222	34	1634	5.96176e-05	9.72756	5.92307e-09	9.9351e-05
157	34	25	158	203	26	1960	1.2739e-05	11.2708	1.47263e-09	0.0001156
158	21	19	112	138	27	985	0.00276659	5.89014	1.66344e-07	6.0126e-05
159	40	34	175	218	44	1397	0.000204746	8.49374	1.77172e-08	8.65327e-05
160	26	19	93	114	15	888	0.0052753	5.24472	2.82847e-07	5.36173e-05
161	33	25	155	176	39	1439	0.000215149	8.44418	1.85875e-08	8.63935e-05
162	29	25	105	115	33	277	0.118256	2.1349	2.50814e-06	2.12094e-05
163	33	25	81	87	27	301	0.124748	2.08146	2.60774e-06	2.0904e-05
164	31	25	121	150	27	1084	0.00154861	6.4704	1.02306e-07	6.60635e-05
165	16	12	55	63	16	272	0.16816	1.78284	3.0283e-06	1.80084e-05
166	35	30	134	158	36	662	0.012671	4.36844	5.58701e-07	4.40929e-05
167	22	17	126	140	28	1120	0.00137239	6.5912	9.25155e-08	6.74118e-05
168	30	24	84	94	29	267	0.141987	1.95202	2.7677e-06	1.94926e-05
169	24	17	68	77	25	230	0.190794	1.65656	3.16091e-06	1.65671e-05
170	26	20	62	67	23	464	0.0615959	2.78716	1.75153e-06	2.84358e-05
171	29	22	90	115	23	697	0.0138856	4.2769	6.04377e-07	4.35253e-05
172	24	15	37	40	18	80	0.517265	0.6592	3.36665e-06	6.50856e-06
173	32	23	85	107	20	712	0.0135258	4.30316	5.93385e-07	4.38707e-05
174	22	12	74	94	21	598	0.0262492	3.64012	9.73313e-07	3.70797e-05
175	36	29	209	244	36	1814	2.07343e-05	10.7837	2.28403e-09	0.000110157
176	23	19	41	45	19	75	0.514222	0.6651	3.35537e-06	6.52513e-06
177	26	16	91	100	22	731	0.0128283	4.3561	5.7067e-07	4.44851e-05
178	27	21	182	217	33	2237	2.8407e-06	12.7715	3.72439e-10	0.000131108
179	33	26	139	165	37	1075	0.00147559	6.5187	9.80262e-08	6.6432e-05
180	29	25	151	180	31	1238	0.000584824	7.4442	4.44112e-08	7.59395e-05
181	25	19	110	135	29	971	0.00302786	5.7999	1.79288e-07	5.92128e-05
182	32	26	134	156	36	740	0.00861992	4.75368	4.14828e-07	4.81244e-05
183	26	20	184	212	27	2450	9.89209e-07	13.8264	1.40609e-10	0.000142143
184	37	26	204	246	33	2271	1.99079e-06	13.127	2.67864e-10	0.000134552
185	24	18	86	109	22	777	0.00958822	4.64722	4.54839e-07	4.74373e-05
186	37	30	134	166	31	1192	0.000807409	7.12168	5.87027e-08	7.27051e-05
187	27	23	127	155	34	922	0.00342861	5.6756	1.97962e-07	5.77382e-05
188	24	20	90	105	25	571	0.0281137	3.5715	1.01957e-06	3.62661e-05
189	30	23	101	107	31	325	0.0973483	2.32946	2.26901e-06	2.33082e-05
190	20	14	82	96	21	495	0.0438325	3.12738	1.39036e-06	3.17199e-05
191	33	26	174	204	29	1870	2.00332e-05	10.8181	2.22117e-09	0.000110874
192	19	15	112	128	20	1219	0.000893164	7.02074	6.43031e-08	7.19947e-05
193	37	33	201	230	29	2279	2.11322e-06	13.0673	2.83326e-10	0.000134074
194	32	21	86	98	29	487	0.045088	3.09914	1.41611e-06	3.14077e-05
195	31	26	118	140	25	736	0.00972748	4.6328	4.57276e-07	4.70087e-05
196	28	21	153	180	26	1679	6.16955e-05	9.6933	6.13075e-09	9.93712e-05
197	27	24	143	170	34	1118	0.00114838	6.7694	7.92373e-08	6.8999e-05
198	30	23	135	167	26	1434	0.000233539	8.36216	1.99956e-08	8.56198e-05
199	29	24	98	116	27	476	0.0425924	3.15608	1.35611e-06	3.18393e-05
200	34	25	156	193	32	3609	3.02021e-09	19.6179	6.12052e-13	0.000202652
201	31	22	130	158	27	819	0.00568946	5.16914	2.98326e-07	5.24348e-05
202	41	34	203	238	39	2542	5.2554e-07	14.4588	7.80422e-11	0.000148499
203	25	17	172	209	30	1707	4.45802e-05	10.0182	4.56929e-09	0.000102496
204	28	27	145	162	36	665	0.012169	4.40886	5.41256e-07	4.44781e-05
205	28	20	94	105	21	741	0.0118136	4.4385	5.35143e-07	4.52987e-05
206	29	23	106	118	21	1181	0.00115444	6.76414	8.0131e-08	6.94111e-05
207	31	22	66	70	23	248	0.181881	1.7044	3.11533e-06	1.71284e-05
208	37	31	195	231	32	2299	1.89635e-06	13.1756	2.56372e-10	0.000135193
209	34	22	105	118	33	485	0.0401738	3.21454	1.30285e-06	3.24304e-05
210	21	18	94	104	23	703	0.0144304	4.23842	6.23727e-07	4.32232e-05
211	39	32	234	284	30	3277	9.27243e-09	18.4962	1.76314e-12	0.000190149
212	25	22	152	175	34	892	0.00352385	5.6482	2.01822e-07	5.72731e-05
213	27	23	107	121	23	785	0.00853671	4.76338	4.14369e-07	4.85397e-05
214	28	23	109	126	37	573	0.0243901	3.71358	9.16035e-07	3.75577e-05
215	35	29	119	141	34	556	0.0242078	3.72108	9.07821e-07	3.75012e-05
216	31	27	142	156	36	926	0.00333835	5.70228	1.93648e-07	5.80072e-05
217	20	12	70	78	21	278	0.14843	1.90764	2.84599e-06	1.91739e-05
218	35	29	184	216	34	2248	2.70264e-06	12.8213	3.55766e-10	0.000131636
219	22	18	114	136	25	767	0.00851624	4.76578	4.12442e-07	4.843e-05
220	41	32	130	161	38	1192	0.000833164	7.09028	6.03401e-08	7.24228e-05
221	26	18	108	132	25	872	0.00511202	5.27616	2.74941e-07	5.37832e-05
222	25	20	103	127	28	697	0.0128777	4.35226	5.69228e-07	4.42027e-05
223	30	23	71	82	28	374	0.088712	2.42236	2.17349e-06	2.45005e-05
224	26	21	140	167	18	1383	0.000302914	8.10206	2.51146e-08	8.291e-05
225	32	26	222	256	33	2108	4.29319e-06	12.3585	5.42897e-10	0.000126455
226	25	20	57	64	23	152	0.308165	1.17712	3.60211e-06	1.16889e-05
227	35	25	133	173	36	1019	0.00186715	6.28334	1.19326e-07	6.39082e-05
228	23	20	59	63	21	155	0.305398	1.18614	3.6012e-06	1.17918e-05
229	35	29	122	143	30	648	0.014953	4.20284	6.35539e-07	4.25023e-05
230	26	17	90	105	26	491	0.0422775	3.1635	1.35353e-06	3.20154e-05
231	23	15	64	75	23	280	0.149718	1.899	2.86125e-06	1.91109e-05
232	29	24	114	132	22	1252	0.000736089	7.21416	5.44513e-08	7.39738e-05
233	23	16	76	87	21	274	0.143165	1.94376	2.78734e-06	1.94694e-05
234	32	26	97	116	31	552	0.0289068	3.54368	1.0371e-06	3.58774e-05
235	31	26	95	105	27	494	0.0416356	3.1788	1.33962e-06	3.21748e-05
236	36	29	173	221	28	2302	1.9886e-06	13.1281	2.68038e-10	0.000134788
237	23	19	64	70	26	181	0.255969	1.3627	3.4731e-06	1.35684e-05
238	40	30	117	134	30	644	0.0161486	4.12592	6.74718e-07	4.17818e-05
239	27	22	52	53	20	89	0.455327	0.78674	3.51539e-06	7.72058e-06
240	26	16	155	193	26	3196	2.48194e-08	17.5116	4.48507e-12	0.000180708
241	30	22	72	81	25	216	0.199832	1.61028	3.2071e-06	1.6049e-05
242	35	29	156	186	34	987	0.00202582	6.20178	1.27509e-07	6.29417e-05
243	33	28	130	157	30	1054	0.00172702	6.36136	1.12022e-07	6.48647e-05
244	18	15	122	149	23	1128	0.00124512	6.68852	8.50979e-08	6.83449e-05
245	37	29	122	143	39	573	0.0219203	3.82034	8.44313e-07	3.85173e-05
246	24	21	188	233	37	2016	7.93014e-06	11.7448	9.53748e-10	0.000120269
247	46	37	182	205	38	1337	0.000301693	8.1061	2.49231e-08	8.26108e-05
248	35	27	151	189	30	1359	0.000298178	8.11782	2.4712e-08	8.28766e-05
249	29	25	106	117	21	642	0.0181523	4.00896	7.39085e-07	4.07159e-05
250	23	19	90	103	27	403	0.0670618	2.70214	1.82588e-06	2.72268e-05
251	28	19	66	80	24	299	0.131691	2.0273	2.68684e-06	2.04026e-05
252	33	28	156	184	26	1501	0.000149141	8.81062	1.34434e-08	9.01393e-05
253	33	29	103	119	33	949	0.00374543	5.58722	2.14016e-07	5.71407e-05
254	28	21	141	173	25	1480	0.000177873	8.63444	1.57244e-08	8.84026e-05
255	24	21	88	110	21	1017	0.00280178	5.8775	1.68795e-07	6.02457e-05
256	31	25	90	102	31	441	0.0555951	2.88966	1.62279e-06	2.91894e-05
257	28	24	94	124	20	694	0.0133249	4.31812	5.84616e-07	4.38739e-05
258	31	22	134	169	27	1179	0.000846653	7.07422	6.11145e-08	7.21837e-05
259	31	23	114	140	26	936	0.00350768	5.6528	2.02166e-07	5.76353e-05
260	16	15	92	104	21	728	0.012703	4.36592	5.65936e-07	4.45515e-05
261	34	29	134	156	23	1070	0.00160172	6.43668	1.05166e-07	6.56583e-05
262	27	23	218	260	34	4172	1.12283e-10	22.91	2.65378e-14	0.000236348
263	39	36	207	257	42	3066	3.22238e-08	17.2506	5.71694e-12	0.000177413
264	25	22	93	101	34	312	0.108016	2.22548	2.40645e-06	2.22788e-05
265	28	25	155	182	33	1288	0.000447533	7.71176	3.52249e-08	7.8709e-05
266	28	25	167	191	26	1546	0.000113458	9.08408	1.05431e-08	9.29254e-05
267	39	34	242	286	37	3800	6.35836e-10	21.1761	1.38644e-13	0.00021805
268	31	26	183	213	33	1415	0.000192745	8.55414	1.68087e-08	8.72068e-05
269	23	14	28	29	16	25	0.733726	0.30962	2.17572e-06	2.96531e-06
270	34	27	99	115	31	557	0.0283565	3.5629	1.02329e-06	3.60867e-05
271	21	18	55	61	21	354	0.112087	2.18848	2.49421e-06	2.22525e-05
272	40	35	146	157	32	704	0.0102923	4.57636	4.76204e-07	4.6268e-05
273	26	20	135	162	27	1663	7.49522e-05	9.49866	7.30822e-09	9.7505e-05
274	29	23	112	119	30	589	0.0234891	3.75122	8.92883e-07	3.80127e-05
275	27	22	108	121	32	511	0.0345282	3.36598	1.17331e-06	3.39812e-05
276	28	22	80	95	22	560	0.0316632	3.4526	1.11192e-06	3.51171e-05
277	31	23	113	126	30	858	0.00570119	5.16708	3.00457e-07	5.27007e-05
278	26	20	84	101	25	564	0.0298766	3.51068	1.06565e-06	3.56683e-05
279	40	33	316	389	41	5288	1.6852e-13	29.4117	5.10493e-17	0.000302926
280	31	25	121	142	25	1564	0.000140801	8.86816	1.28292e-08	9.11159e-05
281	37	29	118	139	34	659	0.0144969	4.23382	6.21352e-07	4.2861e-05
282	26	21	136	157	28	979	0.00253171	5.97886	1.5413e-07	6.08797e-05
283	25	19	119	140	27	999	0.00254379	5.9741	1.55127e-07	6.09827e-05
284	29	24	96	114	33	426	0.0556585	2.88852	1.61798e-06	2.90698e-05
285	32	24	116	131	28	632	0.0174943	4.04588	7.16826e-07	4.09748e-05
286	32	27	95	116	26	477	0.0423757	3.16118	1.35147e-06	3.18925e-05
287	29	23	120	126	31	533	0.0299095	3.50958	1.05976e-06	3.54324e-05
288	36	28	120	136	33	747	0.00943075	4.66378	4.4671e-07	4.73674e-05
289	23	17	93	108	17	936	0.00428841	5.45184	2.39418e-07	5.5829e-05
290	25	15	45	52	21	183	0.283694	1.25986	3.59118e-06	1.26587e-05
291	27	22	61	68	28	178	0.2632	1.33484	3.49955e-06	1.32961e-05
292	28	25	132	152	21	1535	0.000153308	8.78306	1.38191e-08	9.01395e-05
293	29	19	110	128	27	612	0.0197413	3.92504	7.84577e-07	3.97428e-05
294	38	27	165	204	36	1503	0.000130202	8.94642	1.18972e-08	9.13745e-05
295	32	23	139	170	24	1748	4.6206e-05	9.9824	4.73487e-09	0.000102473
296	32	23	88	101	30	540	0.0337667	3.38828	1.16134e-06	3.43931e-05
297	36	25	132	148	32	1429	0.000269932	8.21734	2.27503e-08	8.42816e-05
298	24	18	139	163	28	2868	1.59625e-07	15.6504	2.57933e-11	0.000161587
299	45	38	192	234	38	2674	2.74883e-07	15.1069	4.26857e-11	0.000155287
300	27	25	145	164	36	1324	0.000417044	7.78232	3.31991e-08	7.96058e-05
301	30	19	76	89	24	380	0.0823382	2.49692	2.07611e-06	2.52145e-05
302	25	16	53	61	25	123	0.364081	1.01038	3.63305e-06	9.97869e-06
303	32	22	146	169	30	1113	0.00118547	6.73762	8.14141e-08	6.86769e-05
304	25	18	60	73	19	279	0.152386	1.88134	2.88692e-06	1.89448e-05
305	35	26	79	91	30	377	0.0825641	2.49418	2.07797e-06	2.51679e-05
306	29	26	152	171	41	582	0.0175609	4.04208	7.12552e-07	4.05761e-05
307	24	17	153	188	20	2772	2.22611e-07	15.3178	3.51497e-11	0.000157897
308	36	25	99	117	26	1108	0.00168572	6.38556	1.10374e-07	6.5476e-05
309	27	19	72	79	27	329	0.11372	2.17402	2.49503e-06	2.19402e-05
310	33	24	90	103	27	764	0.0106389	4.54324	4.93728e-07	4.64079e-05
311	30	25	96	118	28	1013	0.00271941	5.90734	1.64483e-07	6.04847e-05
312	20	13	78	93	20	502	0.0430997	3.14424	1.37585e-06	3.19225e-05
313	33	25	191	223	33	1757	3.16384e-05	10.3611	3.35186e-09	0.000105943
314	40	31	164	191	37	998	0.0018561	6.28928	1.18435e-07	6.38084e-05
315	38	28	126	152	34	651	0.0139168	4.27466	6.00784e-07	4.31697e-05
316	25	18	80	93	27	294	0.124501	2.08344	2.59844e-06	2.08708e-05
317	29	26	183	222	29	2784	1.69136e-07	15.5926	2.71387e-11	0.000160454
318	28	23	99	115	34	466	0.0451033	3.0988	1.40955e-06	3.12515e-05
319	28	20	125	147	27	933	0.00340858	5.68146	1.97258e-07	5.78711e-05
320	31	24	164	193	40	1715	4.73218e-05	9.95854	4.82766e-09	0.000102018
321	25	18	76	89	28	376	0.0840352	2.47652	2.10104e-06	2.50019e-05
322	34	25	119	138	29	764	0.00853961	4.76304	4.13176e-07	4.83835e-05
323	21	18	118	137	29	674	0.013599	4.29776	5.92169e-07	4.35451e-05
324	39	29	117	134	31	1058	0.00195509	6.23732	1.24693e-07	6.37789e-05
325	25	19	109	129	20	1039	0.00222273	6.10902	1.38892e-07	6.24871e-05
326	28	21	142	170	24	1464	0.000196667	8.534	1.71853e-08	8.73831e-05
327	28	22	100	120	26	800	0.00795782	4.8336	3.92164e-07	4.92803e-05
328	29	22	87	98	23	703	0.0149845	4.20074	6.42602e-07	4.28845e-05
329	33	25	87	103	28	415	0.0630807	2.76334	1.75771e-06	2.78644e-05
330	28	23	120	138	28	883	0.00465441	5.36994	2.54626e-07	5.47064e-05
331	20	13	66	76	20	312	0.126378	2.06848	2.6372e-06	2.08676e-05
332	25	20	104	121	22	787	0.00845007	4.77358	4.11062e-07	4.8646e-05
333	40	36	150	170	41	790	0.00611751	5.0966	3.15488e-07	5.15713e-05
334	26	21	63	69	25	145	0.309493	1.17282	3.58987e-06	1.15992e-05
335	26	19	53	61	21	188	0.261354	1.34188	3.5106e-06	1.34323e-05
336	29	19	94	107	23	861	0.00632617	5.06306	3.27617e-07	5.17876e-05
337	37	30	199	230	35	1771	2.81912e-05	10.4765	3.01877e-09	0.000107082
338	32	26	177	213	31	1808	2.59733e-05	10.5584	2.80741e-09	0.000108088
339	30	22	197	233	27	2600	4.03439e-07	14.7232	6.10398e-11	0.000151299
340	35	26	113	138	38	566	0.0234417	3.75324	8.87576e-07	3.78632e-05
341	22	16	144	175	31	1834	2.88789e-05	10.4524	3.09941e-09	0.000107325
342	35	26	72	82	26	300	0.129385	2.04496	2.66128e-06	2.05687e-05
343	26	21	96	113	23	992	0.00312338	5.76884	1.8455e-07	5.90867e-05
344	29	22	144	177	33	1468	0.000184408	8.59836	1.62262e-08	8.79908e-05
345	29	21	97	110	29	373	0.0747878	2.5931	1.94657e-06	2.60279e-05
346	28	17	58	65	22	154	0.303128	1.1936	3.59255e-06	1.18516e-05
347	32	28	129	139	37	1183	0.00100154	6.90622	7.08114e-08	7.07028e-05
348	33	27	235	278	37	3284	9.29081e-09	18.4942	1.76694e-12	0.000190182
349	36	22	148	179	30	1442	0.000207928	8.47832	1.80319e-08	8.67222e-05
350	23	18	82	91	21	403	0.0723109	2.62678	1.91981e-06	2.65494e-05
351	44	35	167	199	29	1414	0.000211535	8.46112	1.82689e-08	8.63634e-05
352	27	21	126	154	34	940	0.00314758	5.76112	1.84568e-07	5.86381e-05
353	22	18	90	98	23	475	0.0479335	3.03794	1.47492e-06	3.07701e-05
354	30	21	110	130	24	640	0.0169007	4.0804	6.98733e-07	4.13434e-05
355	29	24	161	188	27	1412	0.000228988	8.38184	1.96097e-08	8.56362e-05
356	34	25	99	119	25	955	0.00363255	5.61782	2.08724e-07	5.74595e-05
357	29	22	58	71	24	208	0.221645	1.50668	3.33785e-06	1.50595e-05
358	30	25	95	113	25	478	0.042962	3.14744	1.36517e-06	3.17762e-05
359	29	23	147	179	27	2072	8.36612e-06	11.6913	1.00558e-09	0.000120196
360	33	24	135	157	31	1273	0.00056524	7.47826	4.32413e-08	7.65008e-05
361	27	22	213	265	30	2467	6.50256e-07	14.2459	9.49622e-11	0.000146038
362	35	25	120	147	29	1020	0.00218714	6.12516	1.36682e-07	6.24937e-05
363	30	22	77	82	30	212	0.202673	1.59616	3.22107e-06	1.58929e-05
364	23	14	78	91	19	517	0.0404301	3.20818	1.31829e-06	3.26066e-05
365	33	26	114	137	22	1227	0.000810337	7.11806	5.90961e-08	7.29278e-05
366	35	25	130	153	29	1002	0.00230877	6.07104	1.42857e-07	6.18759e-05
367	38	29	110	130	34	619	0.0188113	3.9733	7.56732e-07	4.02276e-05
368	24	17	155	193	27	1723	4.54299e-05	9.99934	4.65397e-09	0.000102443
369	30	22	104	125	28	595	0.0219388	3.8195	8.48377e-07	3.86702e-05
370	28	19	97	114	31	646	0.018124	4.01052	7.38716e-07	4.07591e-05
371	40	28	141	180	38	1117	0.001084	6.8271	7.5349e-08	6.95104e-05
372	30	24	133	151	29	863	0.00475015	5.34958	2.58301e-07	5.43775e-05
373	26	19	118	135	31	925	0.00382843	5.5653	2.17335e-07	5.67686e-05
374	34	30	179	201	43	1285	0.00040332	7.81578	3.21132e-08	7.96221e-05
375	20	17	104	120	26	722	0.0118456	4.4358	5.34661e-07	4.51359e-05
376	39	32	205	240	39	1754	2.88731e-05	10.4526	3.082e-09	0.000106743
377	25	19	124	141	23	1261	0.000664431	7.31658	4.98058e-08	7.49601e-05
378	25	21	75	90	15	1008	0.00332595	5.706	1.95029e-07	5.86385e-05
379	28	21	118	142	27	818	0.00632301	5.06356	3.25499e-07	5.14785e-05
380	31	25	86	97	23	540	0.0346257	3.36316	1.18307e-06	3.41673e-05
381	31	24	150	177	32	1135	0.00100772	6.90006	7.08405e-08	7.02974e-05
382	11	7	44	56	9	563	0.0398362	3.22298	1.31758e-06	3.30751e-05
383	23	20	160	200	28	2435	1.15144e-06	13.6745	1.61971e-10	0.000140669
384	29	24	123	152	28	1083	0.0015371	6.47786	1.01638e-07	6.61233e-05
385	39	31	239	290	32	3209	1.26311e-08	18.1871	2.36044e-12	0.000186874
386	26	20	76	91	17	527	0.0384199	3.25918	1.27316e-06	3.31379e-05
387	28	24	152	180	35	1362	0.000310726	8.0766	2.56436e-08	8.2528e-05
388	29	21	162	202	34	1627	7.00529e-05	9.56626	6.85468e-09	9.78501e-05
389	21	16	54	61	24	235	0.20565	1.58158	3.27592e-06	1.59296e-05
390	31	26	117	138	30	917	0.00391343	5.54334	2.2116e-07	5.65129e-05
391	32	26	121	142	29	999	0.00251204	5.98666	1.53475e-07	6.10956e-05
392	35	29	139	158	37	670	0.0121644	4.40924	5.41535e-07	4.4518e-05
393	22	15	54	63	18	222	0.217004	1.52784	3.33139e-06	1.53518e-05
394	36	24	94	108	22	717	0.0131027	4.33494	5.79044e-07	4.41928e-05
395	26	20	126	144	29	926	0.00359965	5.62692	2.06367e-07	5.73298e-05
396	30	24	136	159	37	1421	0.000262405	8.24562	2.21673e-08	8.44774e-05
397	29	19	79	94	23	563	0.0313789	3.46162	1.10517e-06	3.52201e-05
398	21	14	160	197	24	2468	9.91586e-07	13.824	1.41056e-10	0.000142253
399	32	27	133	164	29	2404	1.69078e-06	13.2903	2.31619e-10	0.00013699
400	35	23	120	139	28	1115	0.00141671	6.55942	9.50465e-08	6.70897e-05
401	36	28	186	211	37	1766	3.25843e-05	10.3317	3.44558e-09	0.000105744
402	23	19	80	91	24	290	0.128673	2.05048	2.64364e-06	2.05454e-05
403	43	30	184	218	39	1270	0.000391298	7.84604	3.12196e-08	7.97847e-05
404	27	23	209	252	32	2435	8.30648e-07	14.0011	1.19284e-10	0.000143604
405	33	23	206	249	32	3024	4.1978e-08	16.9861	7.33483e-12	0.00017473
406	29	23	99	118	24	845	0.00640587	5.05054	3.30276e-07	5.15584e-05
407	31	26	122	145	26	1292	0.000553195	7.4998	4.25036e-08	7.6833e-05
408	32	27	171	196	34	1133	0.000903549	7.00918	6.43902e-08	7.12636e-05
409	41	30	174	206	41	1403	0.000214119	8.44898	1.84515e-08	8.61741e-05
410	32	30	156	181	38	842	0.00437924	5.43088	2.40662e-07	5.49552e-05
411	26	12	60	70	18	310	0.132576	2.0206	2.70755e-06	2.04226e-05
412	32	22	83	96	23	542	0.0344902	3.36708	1.18016e-06	3.42172e-05
413	27	21	107	130	29	844	0.00597124	5.1208	3.11595e-07	5.21826e-05
414	37	26	175	216	33	1756	3.32293e-05	10.3121	3.50551e-09	0.000105495
415	30	27	140	163	31	1913	2.08128e-05	10.7799	2.307e-09	0.000110845
416	25	18	166	206	23	2526	6.9714e-07	14.1763	1.01673e-10	0.000145843
417	33	22	198	223	34	1854	1.92916e-05	10.8558	2.14324e-09	0.000111097
418	28	20	90	101	24	503	0.0407793	3.19958	1.32236e-06	3.24272e-05
419	37	27	116	141	28	903	0.00412463	5.49078	2.30725e-07	5.59384e-05
420	24	18	100	131	20	944	0.00356326	5.63708	2.05074e-07	5.75524e-05
421	27	23	171	215	34	1377	0.000231045	8.3729	1.97083e-08	8.53007e-05
422	27	22	147	176	31	1324	0.00038677	7.85768	3.10511e-08	8.02831e-05
423	15	12	80	96	22	608	0.0246327	3.70368	9.29243e-07	3.7724e-05
424	30	22	116	126	30	511	0.0334608	3.39738	1.14648e-06	3.42635e-05
425	28	22	209	243	34	2043	6.4894e-06	11.9453	7.93446e-10	0.000122268
426	33	24	67	71	31	85	0.41504	0.87938	3.53784e-06	8.5241e-06
427	20	15	82	93	22	577	0.0294006	3.52674	1.0557e-06	3.59075e-05
428	38	32	260	310	36	3316	6.45507e-09	18.8584	1.25027e-12	0.000193688
429	25	18	95	102	23	459	0.0507187	2.98146	1.52896e-06	3.01458e-05
430	26	19	87	109	21	997	0.00312219	5.76922	1.84605e-07	5.91266e-05
431	28	25	156	188	28	1498	0.000147683	8.82044	1.33219e-08	9.02057e-05
432	33	23	134	167	31	1255	0.000581872	7.44926	4.42856e-08	7.61089e-05
433	31	21	60	65	23	360	0.106012	2.2442	2.41677e-06	2.2797e-05
434	30	22	78	97	23	567	0.0301714	3.50086	1.07416e-06	3.56019e-05
435	34	28	159	181	34	1236	0.000587121	7.44028	4.45564e-08	7.58897e-05
436	14	10	61	78	14	538	0.0394138	3.23364	1.3002e-06	3.29886e-05
437	29	21	72	87	23	597	0.0275691	3.59106	1.0099e-06	3.66315e-05
438	35	25	121	139	35	472	0.0376237	3.28012	1.23876e-06	3.29251e-05
439	29	23	149	181	32	1206	0.000684187	7.28728	5.08321e-08	7.42957e-05
440	28	24	112	133	31	541	0.0274788	3.59434	9.96178e-07	3.62526e-05
441	24	20	77	100	15	1028	0.00282062	5.8708	1.69986e-07	6.02657e-05
442	31	20	70	85	23	307	0.122518	2.0995	2.58634e-06	2.11099e-05
443	33	26	138	153	33	595	0.0184012	3.99534	7.40661e-07	4.02507e-05
444	35	27	147	167	38	955	0.00268719	5.91926	1.61685e-07	6.0169e-05
445	22	14	51	54	22	125	0.376582	0.97662	3.64901e-06	9.68982e-06
446	25	20	90	108	27	1156	0.00139642	6.57384	9.42843e-08	6.75183e-05
447	26	21	165	202	39	1354	0.000281899	8.17396	2.34948e-08	8.33448e-05
448	35	26	100	112	32	603	0.0228533	3.77866	8.76686e-07	3.83615e-05
449	29	23	138	162	24	1746	4.90849e-05	9.92196	5.00249e-09	0.000101915
450	26	20	42	46	21	58	0.557284	0.58468	3.16444e-06	5.67832e-06
451	32	26	161	191	25	1576	9.73615e-05	9.23708	9.20255e-09	9.45194e-05
452	29	23	121	148	22	1403	0.000308207	8.08474	2.55504e-08	8.29001e-05
453	35	29	185	212	33	1810	2.58717e-05	10.5624	2.79772e-09	0.000108138
454	22	18	99	126	15	1356	0.000449722	7.70688	3.56005e-08	7.9161e-05
455	42	32	182	208	31	1688	4.94257e-05	9.91504	5.01325e-09	0.00010143
456	26	22	121	148	26	1282	0.000571275	7.46764	4.3686e-08	7.6471e-05
457	35	25	190	227	34	1721	3.70716e-05	10.2027	3.86493e-09	0.000104256
458	29	23	230	281	33	2629	2.57414e-07	15.1726	4.00405e-11	0.000155549
459	33	30	194	233	29	2652	3.09459e-07	14.9884	4.76757e-11	0.000154062
460	32	28	188	225	36	1788	2.66746e-05	10.5318	2.87293e-09	0.000107703
461	16	11	86	107	22	526	0.0349247	3.35456	1.18702e-06	3.3988e-05
462	36	30	168	197	35	1683	5.43286e-05	9.82046	5.46238e-09	0.000100543
463	28	22	174	222	31	2572	4.98651e-07	14.5114	7.43937e-11	0.00014919
464	27	22	120	134	27	888	0.00465264	5.37032	2.54715e-07	5.47463e-05
465	27	20	116	138	22	1288	0.000589969	7.43544	4.49706e-08	7.62253e-05
466	25	18	95	106	19	1124	0.00166475	6.39808	1.09383e-07	6.57052e-05
467	30	24	103	118	29	523	0.0330961	3.40834	1.14014e-06	3.44495e-05
468	39	30	145	173	35	1174	0.000846974	7.07384	6.1104e-08	7.21438e-05
469	33	22	215	253	36	2817	1.17651e-07	15.9555	1.92898e-11	0.000163957
470	32	26	118	138	28	910	0.00405567	5.50764	2.27689e-07	5.6141e-05
471	37	32	199	234	33	4135	1.59653e-10	22.558	3.71854e-14	0.000232915
472	24	16	146	165	31	921	0.00323638	5.7333	1.88518e-07	5.82495e-05
473	25	21	113	134	26	1390	0.000359599	7.93052	2.92783e-08	8.14191e-05
474	27	23	116	138	27	1074	0.00175719	6.34404	1.13962e-07	6.48548e-05
475	29	23	142	170	26	1333	0.000383604	7.8659	3.08504e-08	8.04226e-05
476	30	18	134	154	33	1020	0.00209308	6.16912	1.31631e-07	6.28888e-05
477	39	31	312	378	41	3759	4.39783e-10	21.5447	9.72206e-14	0.000221065
478	33	25	129	144	25	892	0.00428121	5.45352	2.37707e-07	5.55233e-05
479	27	20	117	131	35	636	0.017141	4.06628	7.05994e-07	4.11874e-05
480	38	31	150	178	31	1252	0.000551406	7.50304	4.22214e-08	7.65704e-05
481	24	17	67	91	22	470	0.0513814	2.96848	1.54706e-06	3.01093e-05
482	28	22	83	102	20	719	0.0134677	4.30746	5.92046e-07	4.39604e-05
483	28	22	122	134	32	705	0.0118311	4.43702	5.32672e-07	4.50229e-05
484	42	34	152	177	37	1321	0.000390275	7.84866	3.12923e-08	8.01802e-05
485	30	25	112	123	40	491	0.0377587	3.27654	1.24722e-06	3.30315e-05
486	32	20	56	66	24	235	0.199293	1.61298	3.2309e-06	1.62118e-05
487	34	25	93	116	34	558	0.0280356	3.57428	1.01478e-06	3.61962e-05
488	20	15	53	61	18	262	0.179195	1.71928	3.11158e-06	1.73642e-05
489	39	30	148	175	36	1130	0.00104682	6.862	7.31923e-08	6.99188e-05
490	37	28	121	143	33	669	0.0134344	4.30994	5.85981e-07	4.36181e-05
491	30	22	128	143	33	583	0.0208304	3.87134	8.13401e-07	3.90487e-05
492	25	22	118	146	26	772	0.0077965	4.85408	3.84057e-07	4.92602e-05
493	26	18	175	217	35	1597	7.42955e-05	9.50746	7.21431e-09	9.71028e-05
494	31	28	171	198	27	1827	2.59033e-05	10.5611	2.80406e-09	0.000108251
495	35	28	156	188	33	1591	9.19064e-05	9.29474	8.74462e-09	9.51471e-05
496	34	27	112	125	30	526	0.0311918	3.4676	1.09184e-06	3.5004e-05
497	23	17	158	194	23	2273	2.73161e-06	12.8106	3.59815e-10	0.000131723
498	32	22	75	81	22	293	0.134933	2.00298	2.71758e-06	2.01403e-05
499	25	19	102	127	18	1085	0.00178015	6.33106	1.15386e-07	6.48184e-05
500	33	23	142	173	31	1599	9.69476e-05	9.24134	9.1834e-09	9.47254e-05
501	28	21	119	137	32	721	0.0107006	4.53746	4.92679e-07	4.60424e-05
502	21	16	135	156	25	1228	0.000715535	7.24248	5.29878e-08	7.40534e-05
503	31	24	105	119	28	584	0.0240957	3.72572	9.09543e-07	3.77471e-05
504	41	33	117	137	33	601	0.0197331	3.92546	7.82739e-07	3.96664e-05
505	35	26	84	98	32	269	0.13706	1.98734	2.71716e-06	1.98247e-05
506	22	16	57	73	17	842	0.00862888	4.75264	4.21597e-07	4.88588e-05
507	41	34	100	114	34	483	0.0416181	3.17922	1.33587e-06	3.20984e-05
508	26	24	125	145	28	1146	0.00116481	6.7552	8.04597e-08	6.90755e-05
509	37	26	136	156	37	974	0.00261346	5.94708	1.58265e-07	6.05576e-05
510	29	23	97	109	34	595	0.0242577	3.71902	9.16143e-07	3.7767e-05
511	25	21	117	136	20	1819	3.98264e-05	10.131	4.15494e-09	0.000104326
512	32	26	120	143	33	837	0.00570313	5.16674	2.99668e-07	5.25445e-05
513	32	24	80	93	23	496	0.0444389	3.11364	1.40443e-06	3.16037e-05
514	36	30	137	158	33	811	0.00592639	5.12834	3.0823e-07	5.20097e-05
515	23	16	112	127	23	826	0.00666984	5.01016	3.40541e-07	5.10569e-05
516	43	31	129	156	31	906	0.00369683	5.60028	2.10514e-07	5.69445e-05
517	26	20	49	56	21	122	0.377615	0.97388	3.64146e-06	9.64332e-06
518	31	27	192	238	36	1560	7.86392e-05	9.45064	7.57471e-09	9.63223e-05
519	33	28	119	141	32	571	0.022425	3.79758	8.58835e-07	3.82982e-05
520	21	15	44	54	18	250	0.199066	1.61412	3.25104e-06	1.63315e-05
521	32	28	172	214	31	2274	2.39693e-06	12.9413	3.18564e-10	0.000132905
522	19	14	51	56	18	157	0.315884	1.15238	3.63361e-06	1.1503e-05
523	36	31	139	163	33	1018	0.00199834	6.21544	1.26476e-07	6.32906e-05
524	32	21	46	50	21	63	0.529777	0.6353	3.2686e-06	6.16977e-06
525	27	24	99	111	30	415	0.0599898	2.81358	1.69867e-06	2.8316e-05
526	27	25	89	119	19	1313	0.000585163	7.44362	4.47539e-08	7.64812e-05
527	30	28	90	98	26	379	0.0782114	2.54834	2.00764e-06	2.56693e-05
528	30	26	105	118	32	463	0.0449439	3.10234	1.40501e-06	3.12615e-05
529	30	22	141	167	29	2196	4.79297e-06	12.2484	6.04428e-10	0.000126107
530	33	25	49	55	23	185	0.275574	1.2889	3.56434e-06	1.29343e-05
531	27	21	88	106	22	983	0.00341704	5.67898	1.98918e-07	5.82134e-05
532	37	30	219	256	36	3057	3.39499e-08	17.1984	6.00502e-12	0.000176879
533	24	14	97	110	19	1451	0.000306314	8.0909	2.55176e-08	8.33055e-05
534	29	23	175	203	29	1700	4.79745e-05	9.94484	4.8831e-09	0.000101785
535	27	22	110	119	39	410	0.0585239	2.83832	1.66804e-06	2.85019e-05
536	41	36	232	264	36	2459	6.81602e-07	14.1988	9.92117e-11	0.000145557
537	30	25	103	127	23	852	0.00584154	5.14276	3.06321e-07	5.24383e-05
538	33	30	129	148	30	640	0.0150943	4.19344	6.39386e-07	4.23595e-05
539	33	26	88	105	26	372	0.077568	2.5566	1.99292e-06	2.56925e-05
540	20	16	126	140	26	780	0.00777222	4.8572	3.83532e-07	4.93466e-05
541	38	33	125	140	31	1007	0.00244209	6.0149	1.49964e-07	6.14078e-05
542	25	20	141	164	28	931	0.00309484	5.77802	1.81743e-07	5.87244e-05
543	50	37	154	167	43	781	0.00652666	5.03186	3.32362e-07	5.09238e-05
544	27	22	54	58	30	113	0.390417	0.94054	3.62229e-06	9.27801e-06
545	28	17	72	90	24	514	0.0413121	3.1866	1.33813e-06	3.23907e-05
546	30	22	173	207	32	1530	0.000111336	9.10296	1.03518e-08	9.29784e-05
547	34	32	147	171	36	651	0.0123515	4.39398	5.46457e-07	4.42423e-05
548	34	25	157	189	34	1098	0.00112866	6.78672	7.78879e-08	6.90089e-05
549	25	20	134	165	36	1582	0.000111176	9.1044	1.03805e-08	9.33706e-05
550	30	21	177	215	32	2407	1.20878e-06	13.6259	1.69263e-10	0.000140028
551	25	22	105	121	25	752	0.0101014	4.59508	4.72608e-07	4.67863e-05
552	35	21	70	81	21	407	0.0754428	2.58438	1.97641e-06	2.61975e-05
553	28	23	126	143	32	715	0.0106251	4.54454	4.89414e-07	4.60622e-05
554	34	26	141	170	33	1155	0.000950902	6.9581	6.74807e-08	7.09649e-05
555	31	24	110	122	27	589	0.0230507	3.77006	8.80123e-07	3.81821e-05
556	30	24	161	189	32	1553	0.000110862	9.10722	1.03307e-08	9.31845e-05
557	34	28	235	282	33	3333	7.0569e-09	18.7693	1.36206e-12	0.000193011
558	21	18	115	145	24	1529	0.000165176	8.7085	1.47709e-08	8.94256e-05
559	40	33	118	136	27	710	0.0113893	4.47508	5.17091e-07	4.54014e-05
560	26	15	70	81	22	380	0.0865806	2.44668	2.14398e-06	2.47629e-05
561	34	27	155	185	35	1015	0.0017673	6.3383	1.13767e-07	6.4373e-05
562	29	25	65	71	25	160	0.283121	1.26188	3.54159e-06	1.25091e-05
563	27	20	120	136	27	779	0.00801068	4.82698	3.93065e-07	4.90676e-05
564	32	31	193	224	27	2240	2.67725e-06	12.8307	3.52494e-10	0.000131663
565	21	15	94	115	23	1195	0.00109533	6.8167	7.66573e-08	6.99856e-05
566	35	27	142	174	30	1326	0.000387684	7.85532	3.11219e-08	8.02765e-05
567	22	16	104	131	24	844	0.00593386	5.12708	3.09979e-07	5.22391e-05
568	42	33	129	148	33	875	0.00455313	5.39194	2.4972e-07	5.48458e-05
569	26	19	151	184	31	1284	0.000451056	7.70392	3.54572e-08	7.86094e-05
570	33	21	156	182	30	1984	1.28604e-05	11.2614	1.48781e-09	0.00011569
571	35	29	94	107	26	547	0.0313776	3.46166	1.10147e-06	3.51038e-05
572	28	24	132	159	26	1200	0.000809965	7.11852	5.89128e-08	7.2735e-05
573	32	24	173	215	36	1415	0.00019034	8.5667	1.66204e-08	8.73197e-05
574	29	22	95	112	29	413	0.0602255	2.80966	1.70234e-06	2.82661e-05
575	33	25	165	184	28	1410	0.000237221	8.34652	2.02359e-08	8.53042e-05
576	33	25	82	95	31	545	0.0341805	3.3761	1.17308e-06	3.43201e-05
577	28	24	136	151	36	805	0.00638515	5.05378	3.27532e-07	5.12958e-05
578	27	21	79	91	26	453	0.0560349	2.88178	1.63656e-06	2.92061e-05
579	26	21	90	107	19	1335	0.000563998	7.48046	4.34125e-08	7.69727e-05
580	30	22	71	81	23	242	0.175016	1.74288	3.05061e-06	1.74305e-05
581	32	20	74	90	31	239	0.167948	1.7841	2.98597e-06	1.77791e-05
582	32	28	86	99	25	427	0.0608453	2.79942	1.72047e-06	2.82762e-05
583	18	11	47	55	24	128	0.368542	0.9982	3.65066e-06	9.90567e-06
584	37	25	100	123	25	538	0.0297109	3.51624	1.05559e-06	3.55287e-05
585	24	21	98	112	28	1219	0.000987573	6.92026	7.02081e-08	7.10915e-05
586	31	25	121	134	29	817	0.00668279	5.00822	3.40647e-07	5.09738e-05
587	27	23	90	108	23	380	0.0730771	2.61624	1.92098e-06	2.6287e-05
588	30	26	132	157	26	1328	0.000426986	7.75876	3.39126e-08	7.94232e-05
589	30	23	93	110	23	919	0.00461843	5.3777	2.54192e-07	5.50386e-05
590	35	28	169	194	30	2368	1.68268e-06	13.2951	2.30141e-10	0.00013677
591	33	25	121	138	30	696	0.0120796	4.41624	5.40808e-07	4.47705e-05
592	19	17	80	92	20	467	0.0518469	2.95946	1.55574e-06	3.00064e-05
593	37	31	131	159	35	1002	0.00222339	6.10872	1.38328e-07	6.22146e-05
594	24	22	167	192	32	1522	0.000127428	8.96796	1.1686e-08	9.17067e-05
595	29	23	164	204	28	1825	2.52012e-05	10.5886	2.73391e-09	0.000108483
596	28	24	160	187	33	1525	0.000129496	8.95186	1.18597e-08	9.15838e-05
597	27	21	146	172	30	1709	5.56705e-05	9.79606	5.59564e-09	0.000100514
598	41	30	252	295	27	3410	4.39148e-09	19.2436	8.68794e-13	0.000197836
599	38	32	230	279	30	2419	7.60705e-07	14.089	1.09753e-10	0.000144278
600	32	24	142	175	34	1565	0.000113865	9.0805	1.0593e-08	9.30318e-05
601	27	20	121	144	34	573	0.0217831	3.82662	8.40257e-07	3.85738e-05
602	28	20	96	111	30	385	0.0699077	2.66058	1.86807e-06	2.6722e-05
603	25	18	89	101	28	391	0.0721953	2.62838	1.91146e-06	2.64763e-05
604	38	28	131	147	34	637	0.0154235	4.17186	6.50004e-07	4.21436e-05
605	28	23	133	163	28	1005	0.00213532	6.14914	1.3367e-07	6.25998e-05
606	30	21	107	128	25	1221	0.0008841	7.03094	6.37445e-08	7.21009e-05
607	31	25	139	163	29	1092	0.00137014	6.59284	9.21043e-08	6.72224e-05
608	24	18	139	171	27	1512	0.000152999	8.78508	1.37684e-08	8.99899e-05
609	34	28	156	187	32	1303	0.000401758	7.81966	3.20556e-08	7.97883e-05
610	21	17	104	119	25	1059	0.00213728	6.14822	1.34617e-07	6.29853e-05
611	36	19	110	120	35	706	0.0128527	4.3542	5.69192e-07	4.42858e-05
612	25	23	164	193	35	1261	0.000479321	7.64314	3.73369e-08	7.78954e-05
613	22	19	80	90	25	581	0.0293548	3.5283	1.05532e-06	3.59507e-05
614	28	21	126	149	27	1400	0.000310999	8.07572	2.57499e-08	8.27972e-05
615	31	20	54	59	23	156	0.311574	1.16612	3.62023e-06	1.16192e-05
616	31	27	144	169	37	955	0.00265365	5.93182	1.59967e-07	6.02819e-05
617	22	18	112	132	25	911	0.00418998	5.47506	2.34033e-07	5.58554e-05
618	35	29	93	101	31	435	0.0576837	2.85278	1.66211e-06	2.88141e-05
619	22	18	98	113	21	692	0.0144243	4.23884	6.22362e-07	4.31468e-05
620	41	30	161	181	34	1022	0.0017487	6.34888	1.12825e-07	6.45191e-05
621	26	20	132	153	30	917	0.00356162	5.63754	2.04293e-07	5.73596e-05
622	23	13	78	94	17	918	0.00513272	5.27212	2.77589e-07	5.40824e-05
623	29	24	156	190	25	2456	1.10154e-06	13.7188	1.5556e-10	0.00014122
624	29	22	132	158	32	726	0.00914233	4.69484	4.34201e-07	4.74934e-05
625	25	23	92	107	20	563	0.0289189	3.54326	1.03975e-06	3.59539e-05
626	30	22	128	153	28	1178	0.000940932	6.96864	6.70201e-08	7.12274e-05
627	33	29	125	153	28	796	0.00660162	5.02044	3.36224e-07	5.09305e-05
628	30	22	120	132	27	1466	0.000247139	8.30556	2.10919e-08	8.53444e-05
629	29	22	88	103	23	435	0.0569638	2.86534	1.64779e-06	2.8927e-05
630	26	17	113	130	21	1596	0.000128961	8.956	1.18823e-08	9.21388e-05
631	31	25	130	160	27	960	0.00273725	5.9008	1.64343e-07	6.00395e-05
632	29	24	206	244	34	2374	1.19219e-06	13.6397	1.66801e-10	0.000139911
633	34	27	178	223	30	2819	1.40601e-07	15.7773	2.28294e-11	0.00016237
634	32	26	96	108	32	429	0.0569182	2.86614	1.64439e-06	2.88905e-05
635	21	16	42	50	18	122	0.392115	0.9362	3.64849e-06	9.30463e-06
636	36	25	122	143	30	744	0.0091643	4.69244	4.36249e-07	4.76031e-05
637	23	18	142	163	26	976	0.00247568	6.00124	1.51162e-07	6.1059e-05
638	32	24	142	178	29	1354	0.000327756	8.02324	2.68728e-08	8.199e-05
639	27	22	85	108	31	498	0.0400334	3.21804	1.30336e-06	3.25567e-05
640	30	24	122	143	28	1793	4.35178e-05	10.0423	4.49712e-09	0.00010334
641	30	25	127	148	33	729	0.00958707	4.64734	4.51439e-07	4.70883e-05
642	42	35	157	184	34	1098	0.00116467	6.75532	8.00436e-08	6.87266e-05
643	33	25	168	200	34	1695	5.01496e-05	9.9005	5.08268e-09	0.00010135
644	25	24	109	124	20	650	0.0166771	4.09372	6.92701e-07	4.15361e-05
645	37	26	179	214	32	3044	4.72261e-08	16.8683	8.2087e-12	0.000173817
646	24	19	88	103	22	551	0.0315261	3.45694	1.10627e-06	3.50905e-05
647	35	26	94	107	28	365	0.0793839	2.53346	2.01901e-06	2.54335e-05
648	27	24	65	71	23	193	0.239266	1.43018	3.41253e-06	1.42625e-05
649	23	18	87	103	21	488	0.0434719	3.13564	1.37993e-06	3.17431e-05
650	30	24	136	158	24	1594	0.000109275	9.12164	1.02296e-08	9.3613e-05
651	27	20	128	143	35	582	0.0209369	3.86624	8.16447e-07	3.89955e-05
652	34	22	180	207	32	2049	7.89043e-06	11.7499	9.51227e-10	0.000120555
653	28	23	160	192	31	1472	0.000164441	8.71296	1.46435e-08	8.905e-05
654	21	15	53	60	24	99	0.414078	0.8817	3.58055e-06	8.64704e-06
655	25	21	105	116	27	533	0.031848	3.44678	1.11047e-06	3.48679e-05
656	30	24	84	96	25	405	0.0693645	2.66838	1.86854e-06	2.69379e-05
657	28	21	132	153	26	1197	0.000854034	7.06554	6.16928e-08	7.22369e-05
658	27	20	105	122	23	817	0.00720587	4.93286	3.62429e-07	5.02964e-05
659	31	26	106	128	27	657	0.015693	4.15454	6.61206e-07	4.21338e-05
660	34	26	134	164	27	1261	0.000575069	7.46102	4.38538e-08	7.62584e-05
661	34	24	125	156	30	851	0.00489383	5.31978	2.64375e-07	5.40222e-05
662	31	25	223	280	32	2989	4.13043e-08	17.0023	7.21257e-12	0.00017462
663	36	29	229	278	31	3515	2.8603e-09	19.6723	5.79083e-13	0.000202456
664	25	19	142	166	24	1558	0.000124865	8.98828	1.15065e-08	9.21518e-05
665	26	24	106	122	30	795	0.00806146	4.82066	3.9604e-07	4.91275e-05
666	28	20	95	116	23	1093	0.00183121	6.30278	1.18337e-07	6.46225e-05
667	24	16	87	99	25	445	0.0555085	2.89122	1.62266e-06	2.92326e-05
668	31	27	179	216	34	2149	4.47779e-06	12.3164	5.65885e-10	0.000126376
669	30	23	190	230	35	1896	1.49022e-05	11.114	1.69473e-09	0.000113723
670	34	27	109	125	29	593	0.0221637	3.8093	8.54719e-07	3.85639e-05
671	21	16	81	93	21	582	0.0286604	3.55224	1.03674e-06	3.61731e-05
672	40	34	231	274	39	2249	1.86804e-06	13.1906	2.52117e-10	0.000134963
673	26	18	139	165	35	933	0.00304425	5.7945	1.79267e-07	5.88871e-05
674	35	30	156	180	34	1393	0.000265287	8.2347	2.23305e-08	8.41751e-05
675	29	22	101	120	29	589	0.023342	3.7575	8.88611e-07	3.80692e-05
676	31	27	260	309	32	3379	4.71074e-09	19.1734	9.27919e-13	0.000196979
677	31	22	162	178	31	1424	0.000229355	8.38024	1.96579e-08	8.57093e-05
678	18	16	51	67	17	249	0.184398	1.69066	3.137e-06	1.70122e-05
679	25	20	116	140	25	1481	0.00021772	8.4323	1.8853e-08	8.65929e-05
680	38	29	108	122	32	514	0.033791	3.38756	1.15555e-06	3.41971e-05
681	31	26	62	68	24	152	0.30052	1.20224	3.5806e-06	1.19147e-05
682	26	20	91	111	23	704	0.0137395	4.28748	6.00024e-07	4.36715e-05
683	31	28	201	242	39	1936	1.12701e-05	11.3934	1.31326e-09	0.000116526
684	29	21	90	106	28	467	0.0474832	3.04738	1.46232e-06	3.07966e-05
685	20	16	77	87	20	350	0.0971635	2.33136	2.28408e-06	2.35076e-05
686	32	27	181	207	32	1993	1.04987e-05	11.4643	1.23443e-09	0.000117579
687	23	18	84	99	23	345	0.0924377	2.38122	2.21104e-06	2.39193e-05
688	36	27	98	119	32	477	0.0415848	3.18002	1.33328e-06	3.20618e-05
689	23	20	107	126	24	778	0.00857349	4.75908	4.15386e-07	4.845e-05
690	30	24	225	271	34	3566	2.30432e-09	19.8885	4.71856e-13	0.00020477
691	27	23	100	117	30	529	0.0323009	3.43266	1.12122e-06	3.47118e-05
692	18	15	123	140	32	708	0.0112206	4.49	5.10775e-07	4.5521e-05
693	29	24	110	124	33	474	0.0409207	3.19612	1.31702e-06	3.21846e-05
694	25	22	144	173	33	1268	0.000524408	7.55324	4.0452e-08	7.71383e-05
695	32	25	181	215	37	1867	1.89843e-05	10.8719	2.11363e-09	0.000111336
696	27	23	94	100	28	432	0.0589421	2.8312	1.68564e-06	2.85983e-05
697	37	28	203	236	31	2607	3.82025e-07	14.7778	5.80066e-11	0.00015184
698	24	19	61	66	20	268	0.168422	1.78128	3.02575e-06	1.79652e-05
699	38	29	150	176	34	824	0.00495341	5.30768	2.6608e-07	5.37165e-05
700	27	22	76	93	26	550	0.0337411	3.38904	1.16315e-06	3.44729e-05
701	25	22	95	120	31	730	0.011372	4.4766	5.1812e-07	4.55609e-05
702	30	28	122	151	24	896	0.00401435	5.51788	2.25329e-07	5.61309e-05
703	30	25	110	120	38	306	0.0988452	2.3142	2.27665e-06	2.30325e-05
704	33	26	97	105	31	395	0.0689827	2.6739	1.85664e-06	2.69146e-05
705	29	25	69	75	21	214	0.209632	1.5624	3.27112e-06	1.56041e-05
706	23	14	86	97	20	839	0.00753603	4.88806	3.7721e-07	5.00542e-05
707	24	18	63	73	21	214	0.212282	1.54984	3.2885e-06	1.54912e-05
708	28	22	98	120	29	597	0.0224088	3.7983	8.62611e-07	3.84942e-05
709	28	20	114	136	30	1031	0.00221572	6.11218	1.38387e-07	6.24572e-05
710	28	21	169	199	29	1775	3.35585e-05	10.3022	3.54192e-09	0.000105545
711	30	20	176	216	22	4350	5.97125e-11	23.5415	1.45294e-14	0.000243322
712	27	22	61	64	29	85	0.433692	0.83542	3.52547e-06	8.12897e-06
713	33	30	190	228	35	1721	3.68395e-05	10.2089	3.84281e-09	0.000104312
714	32	22	146	169	35	1718	5.41843e-05	9.82312	5.46299e-09	0.000100822
715	38	30	92	108	36	408	0.0633526	2.75904	1.7596e-06	2.77747e-05
716	25	18	49	54	19	205	0.250419	1.38462	3.49096e-06	1.39405e-05
717	36	32	187	233	34	2252	2.37993e-06	12.9484	3.16074e-10	0.000132808
718	28	20	101	114	28	635	0.0191698	3.95442	7.70139e-07	4.01746e-05
719	28	24	133	157	27	1039	0.00186432	6.28486	1.19443e-07	6.40677e-05
720	31	25	130	161	30	1371	0.000334398	8.00318	2.73984e-08	8.19337e-05
721	30	21	132	155	31	874	0.00437959	5.4308	2.417e-07	5.51878e-05
722	34	24	90	105	25	465	0.0482722	3.0309	1.47877e-06	3.06339e-05
723	21	18	82	99	23	632	0.0213881	3.84492	8.3774e-07	3.91685e-05
724	39	31	99	121	27	919	0.00431016	5.44678	2.39902e-07	5.56596e-05
725	25	24	151	173	28	1176	0.000838379	7.08404	6.0573e-08	7.22501e-05
726	30	27	127	144	35	589	0.0200762	3.90822	7.91482e-07	3.94239e-05
727	28	20	49	52	21	87	0.462893	0.77026	3.49848e-06	7.55786e-06
728	33	28	150	184	34	1089	0.00121937	6.70942	8.32201e-08	6.82484e-05
729	31	22	157	185	34	955	0.00239997	6.0323	1.46842e-07	6.1185e-05
730	21	15	55	58	23	142	0.336741	1.08844	3.64316e-06	1.08189e-05
731	35	27	125	149	32	735	0.00923994	4.68422	4.38561e-07	4.74636e-05
732	42	33	160	189	32	1220	0.000605825	7.40892	4.57344e-08	7.54911e-05
733	32	27	94	105	29	775	0.00993293	4.6119	4.67893e-07	4.71052e-05
734	27	20	105	120	26	514	0.0342181	3.375	1.1663e-06	3.40842e-05
735	36	29	143	166	39	808	0.0057229	5.16328	2.99319e-07	5.23019e-05
736	29	23	88	99	35	226	0.169599	1.77432	2.98433e-06	1.75964e-05
737	23	19	103	125	18	876	0.00523389	5.2526	2.8054e-07	5.36006e-05
738	32	19	125	150	27	869	0.00463602	5.3739	2.53311e-07	5.46399e-05
739	25	21	172	208	26	3428	6.91869e-09	18.789	1.34141e-12	0.000193882
740	35	31	178	217	33	1774	3.01249e-05	10.4102	3.20852e-09	0.000106507
741	31	15	110	120	30	519	0.0333566	3.4005	1.14579e-06	3.43498e-05
742	36	28	112	132	34	716	0.0113271	4.48056	5.15319e-07	4.54945e-05
743	26	20	158	180	28	1308	0.000409244	7.8012	3.25999e-08	7.96588e-05
744	24	16	90	102	19	866	0.00636361	5.05716	3.2945e-07	5.1771e-05
745	29	22	100	117	28	650	0.0174266	4.04976	7.16945e-07	4.11409e-05
746	29	23	183	223	28	2075	6.24993e-06	11.9829	7.67737e-10	0.000122839
747	32	25	137	162	24	1347	0.000375572	7.88706	3.03143e-08	8.07149e-05
748	20	13	50	55	19	220	0.230524	1.4674	3.41036e-06	1.47939e-05
749	36	28	119	142	26	963	0.0030183	5.80306	1.78632e-07	5.91828e-05
750	23	18	64	75	23	213	0.210704	1.5573	3.27665e-06	1.55509e-05
751	30	21	107	133	30	724	0.0108061	4.52764	4.96823e-07	4.5976e-05
752	27	22	96	107	23	637	0.019828	3.92066	7.90855e-07	3.98857e-05
753	27	18	153	186	26	1424	0.000218117	8.43048	1.87931e-08	8.61609e-05
754	30	22	133	168	25	1569	0.000116579	9.05694	1.08243e-08	9.28492e-05
755	32	25	128	145	30	778	0.00760918	4.8784	3.76826e-07	4.95225e-05
756	33	28	133	165	26	1087	0.00138799	6.5799	9.30919e-08	6.70696e-05
757	18	13	39	47	13	276	0.18218	1.70276	3.15496e-06	1.73178e-05
758	37	29	215	249	45	2051	5.99959e-06	12.0238	7.38139e-10	0.000123032
759	31	25	157	179	32	1336	0.00035702	7.93772	2.89507e-08	8.10901e-05
760	40	33	189	230	33	2134	4.42695e-06	12.3278	5.5943e-10	0.000126369
761	36	30	172	203	36	1475	0.000151135	8.79734	1.35765e-08	8.98303e-05
762	29	20	78	96	23	467	0.0505607	2.98458	1.52856e-06	3.02322e-05
763	30	24	122	137	31	822	0.00639295	5.05256	3.28654e-07	5.14088e-05
764	26	19	72	89	21	368	0.0875347	2.43572	2.15133e-06	2.45769e-05
765	33	20	107	124	20	1115	0.00155665	6.46522	1.03117e-07	6.6243e-05
766	34	26	136	167	32	1049	0.00166379	6.39866	1.08418e-07	6.51635e-05
767	28	24	168	214	21	2223	3.10897e-06	12.6812	4.04772e-10	0.000130195
768	24	20	57	71	21	259	0.170882	1.76678	3.03646e-06	1.77693e-05
769	32	27	103	120	37	434	0.0514575	2.967	1.53516e-06	2.98335e-05
770	28	20	128	166	24	1445	0.000222189	8.41198	1.91411e-08	8.61478e-05
771	32	28	136	150	29	715	0.0101681	4.5885	4.72383e-07	4.64574e-05
772	31	25	102	114	33	841	0.00670421	5.00502	3.42719e-07	5.112e-05
773	18	16	51	60	14	276	0.167898	1.7844	3.03083e-06	1.80516e-05
774	34	29	158	196	34	1468	0.000163666	8.71768	1.45767e-08	8.90633e-05
775	20	14	74	83	20	385	0.0833472	2.48474	2.09547e-06	2.51414e-05
776	39	29	193	231	36	1924	1.28383e-05	11.2631	1.47984e-09	0.000115268
777	25	17	104	122	27	875	0.0053607	5.22866	2.86144e-07	5.33782e-05
778	25	16	59	76	20	554	0.0367845	3.30268	1.24059e-06	3.37258e-05
779	28	21	137	165	25	1117	0.00119107	6.7329	8.17835e-08	6.86636e-05
780	35	24	126	153	35	1867	2.80215e-05	10.4825	3.02173e-09	0.000107836
781	31	25	74	88	28	206	0.201243	1.60324	3.20235e-06	1.59128e-05
782	24	19	99	106	21	456	0.0502231	2.99128	1.51735e-06	3.02122e-05
783	34	24	35	37	19	54	0.601842	0.50776	2.98379e-06	4.95775e-06
784	21	19	137	166	28	1327	0.000405585	7.81018	3.23973e-08	7.98781e-05
785	40	37	183	212	37	1590	7.94518e-05	9.44036	7.66302e-09	9.64487e-05
786	28	20	75	81	22	310	0.123727	2.08968	2.60365e-06	2.10435e-05
787	32	24	99	121	27	562	0.0266203	3.62608	9.76727e-07	3.6691e-05
788	29	23	133	157	35	712	0.00988082	4.61716	4.61366e-07	4.66931e-05
789	26	20	80	93	27	557	0.0325577	3.42474	1.13447e-06	3.48448e-05
790	31	23	143	164	30	1069	0.00153102	6.48182	1.01134e-07	6.60568e-05
791	27	20	50	57	21	161	0.307568	1.17906	3.62067e-06	1.1772e-05
792	35	30	131	146	34	750	0.00872223	4.74188	4.19463e-07	4.80912e-05
793	29	22	130	157	27	1671	7.42509e-05	9.50806	7.25045e-09	9.76479e-05
794	38	33	138	158	34	1347	0.000385126	7.86194	3.09985e-08	8.04891e-05
795	26	20	113	130	22	2658	5.73103e-07	14.3722	8.51438e-11	0.000148566
796	25	23	104	119	30	551	0.0285123	3.55742	1.02626e-06	3.59937e-05
797	29	27	127	149	37	566	0.021877	3.82232	8.41916e-07	3.84841e-05
798	17	14	26	26	18	10	0.807122	0.21428	1.61341e-06	1.99897e-06
799	32	26	148	173	38	1008	0.0019749	6.22724	1.25058e-07	6.33237e-05
800	29	19	114	137	25	1917	2.40095e-05	10.6371	2.6312e-09	0.00010959
801	36	27	147	172	30	1652	7.44517e-05	9.50536	7.25793e-09	9.7485e-05
802	23	14	71	79	15	432	0.0672512	2.69932	1.84355e-06	2.74129e-05
803	35	22	135	147	43	745	0.0088915	4.72266	4.25743e-07	4.7882e-05
804	27	27	93	106	28	379	0.0743791	2.59858	1.94285e-06	2.61209e-05
805	28	27	136	158	37	1250	0.000631609	7.36724	4.75824e-08	7.53352e-05
806	29	23	79	89	28	343	0.0994381	2.30822	2.31179e-06	2.32485e-05
807	35	24	144	172	34	1385	0.000290572	8.14366	2.42042e-08	8.32985e-05
808	32	24	116	138	25	1299	0.000557783	7.49154	4.28432e-08	7.68098e-05
809	17	14	60	67	17	218	0.215982	1.53256	3.31857e-06	1.5365e-05
810	36	28	84	102	31	251	0.14651	1.92066	2.79748e-06	1.90941e-05
811	23	19	129	153	22	1619	9.92628e-05	9.21774	9.39613e-09	9.46591e-05
812	45	36	165	201	31	2794	1.83385e-07	15.5117	2.93049e-11	0.0001598
813	38	30	159	184	35	1045	0.00152613	6.48502	1.00588e-07	6.59106e-05
814	31	27	119	136	30	704	0.0117432	4.44448	5.29415e-07	4.50826e-05
815	30	25	99	117	21	870	0.00567457	5.17176	2.99789e-07	5.28303e-05
816	36	28	151	180	30	2373	1.79107e-06	13.2327	2.44025e-10	0.000136246
817	33	26	130	158	25	913	0.00352266	5.64854	2.02304e-07	5.74293e-05
818	25	17	68	80	21	435	0.0658155	2.7209	1.8184e-06	2.76288e-05
819	30	23	109	136	25	932	0.00367104	5.60728	2.09973e-07	5.7197e-05
820	24	20	89	99	22	429	0.0602279	2.80962	1.70941e-06	2.83825e-05
821	27	21	148	170	35	1078	0.00140826	6.5654	9.41756e-08	6.68737e-05
822	27	24	93	111	22	757	0.0104853	4.55778	4.87436e-07	4.64875e-05
823	34	28	185	228	32	2189	3.38641e-06	12.5957	4.37452e-10	0.000129179
824	30	23	114	129	32	1368	0.00041513	7.78692	3.31971e-08	7.9968e-05
825	22	13	141	173	26	1186	0.000796694	7.13504	5.79845e-08	7.27814e-05
826	33	26	238	300	23	4086	1.35425e-10	22.7226	3.16945e-14	0.000234037
827	20	18	107	132	22	1797	4.56887e-05	9.99366	4.7028e-09	0.000102931
828	38	31	249	304	40	3150	1.56293e-08	17.9741	2.88406e-12	0.00018453
829	25	23	155	172	27	1351	0.000345589	7.97026	2.81627e-08	8.14919e-05
830	28	23	177	202	35	1551	0.000103219	9.17866	9.68316e-09	9.3812e-05
831	28	23	129	147	25	1917	2.25481e-05	10.6999	2.48377e-09	0.000110154
832	38	25	173	205	32	1348	0.000285234	8.1622	2.37301e-08	8.31953e-05
833	31	27	183	210	37	1250	0.000455643	7.6938	3.56634e-08	7.82705e-05
834	25	20	63	71	23	176	0.260936	1.34348	3.4859e-06	1.33592e-05
835	34	27	150	174	29	987	0.00218439	6.12642	1.36009e-07	6.22644e-05
836	21	18	41	43	10	196	0.280933	1.26964	3.60756e-06	1.28414e-05
837	39	32	135	152	29	895	0.00400962	5.51906	2.25077e-07	5.61342e-05
838	25	23	96	116	31	454	0.0476496	3.04388	1.46143e-06	3.06704e-05
839	31	25	127	151	31	1120	0.00128079	6.66028	8.71355e-08	6.80328e-05
840	21	16	35	38	23	26	0.689878	0.37124	2.43284e-06	3.52647e-06
841	27	23	122	136	28	582	0.0218779	3.82228	8.44494e-07	3.86004e-05
842	31	26	81	88	30	224	0.183592	1.69504	3.09705e-06	1.68692e-05
843	30	26	180	223	31	2041	7.4333e-06	11.8095	8.99673e-10	0.000121033
844	22	19	123	152	22	2216	4.75573e-06	12.2562	6.00759e-10	0.000126323
845	26	18	56	66	21	234	0.200312	1.60788	3.23678e-06	1.61587e-05
846	31	24	115	131	27	1468	0.000246172	8.30948	2.10217e-08	8.53942e-05
847	26	17	40	48	20	106	0.430831	0.84204	3.59382e-06	8.3416e-06
848	27	20	88	106	24	732	0.0122911	4.39888	5.51587e-07	4.48769e-05
849	29	18	35	43	20	53	0.58255	0.54034	3.05449e-06	5.24331e-06
850	39	33	161	186	31	1422	0.000220353	8.42028	1.89624e-08	8.60547e-05
851	32	23	134	175	31	973	0.00233137	6.0613	1.43559e-07	6.15769e-05
852	31	27	161	192	34	1044	0.00145877	6.53016	9.67297e-08	6.6309e-05
853	35	29	133	160	32	837	0.00512564	5.2735	2.74243e-07	5.35041e-05
854	22	16	60	71	21	317	0.127126	2.06258	2.6507e-06	2.0851e-05
855	21	15	94	113	20	603	0.0227102	3.78494	8.72479e-07	3.84179e-05
856	26	22	97	109	23	641	0.0191851	3.95362	7.71456e-07	4.02112e-05
857	30	21	147	163	25	1015	0.00202915	6.20014	1.28102e-07	6.31312e-05
858	29	17	39	49	14	140	0.359975	1.02172	3.6734e-06	1.02046e-05
859	37	26	166	199	30	3036	5.4052e-08	16.7333	9.32642e-12	0.000172545
860	32	25	130	159	31	1232	0.000688001	7.28172	5.12116e-08	7.44353e-05
861	34	28	147	162	40	687	0.0108775	4.52106	4.96525e-07	4.5647e-05
862	36	30	191	213	32	2245	2.79651e-06	12.7871	3.67202e-10	0.000131307
863	23	17	38	42	20	91	0.482941	0.72786	3.48004e-06	7.20592e-06
864	44	35	195	234	33	2407	1.07282e-06	13.7452	1.51375e-10	0.0001411
865	27	26	184	225	33	1975	1.02781e-05	11.4855	1.2091e-09	0.000117639
866	32	24	70	91	17	1321	0.000669767	7.30858	5.04507e-08	7.53257e-05
867	27	16	91	97	21	495	0.0435581	3.13366	1.38412e-06	3.17764e-05
868	27	23	161	204	26	1980	1.14317e-05	11.3791	1.3343e-09	0.000116719
869	20	15	104	134	24	1384	0.000370773	7.89992	3.00698e-08	8.11003e-05
870	26	18	71	81	26	236	0.180454	1.71228	3.08787e-06	1.71117e-05
871	31	25	141	172	28	2261	3.33426e-06	12.6113	4.32931e-10	0.000129843
872	24	19	103	115	28	556	0.0285015	3.5578	1.02701e-06	3.60335e-05
873	39	28	102	120	34	588	0.0234614	3.7524	8.91908e-07	3.8016e-05
874	27	25	119	139	27	923	0.00377174	5.58022	2.14567e-07	5.68882e-05
875	36	28	155	180	33	2337	2.15203e-06	13.0491	2.89088e-10	0.000134333
876	30	22	108	123	27	1311	0.000576497	7.45854	4.41601e-08	7.66007e-05
877	24	21	108	123	29	498	0.0364345	3.31224	1.21703e-06	3.34034e-05
878	33	26	150	179	28	1611	8.78201e-05	9.34022	8.40453e-09	9.57017e-05
879	33	24	115	129	32	602	0.0206442	3.88032	8.10656e-07	3.92679e-05
880	38	31	159	188	31	1274	0.000462881	7.67804	3.62454e-08	7.83038e-05
881	24	18	116	142	25	882	0.00456216	5.38996	2.50367e-07	5.4879e-05
882	33	25	141	159	38	756	0.00779619	4.85412	3.83135e-07	4.91439e-05
883	28	27	174	207	36	1113	0.000933789	6.97626	6.61327e-08	7.08219e-05
884	25	19	121	135	28	1079	0.00174552	6.3507	1.13374e-07	6.49511e-05
885	30	23	88	98	25	335	0.0978871	2.32394	2.28385e-06	2.33315e-05
886	27	26	105	125	26	817	0.00707138	4.9517	3.56863e-07	5.04658e-05
887	34	24	86	111	22	712	0.0131902	4.32828	5.81643e-07	4.40965e-05
888	20	19	83	101	17	688	0.0158739	4.14308	6.7078e-07	4.22568e-05
889	39	36	164	185	35	924	0.00281104	5.8742	1.67363e-07	5.95379e-05
890	25	18	109	125	23	647	0.0168282	4.0847	6.97244e-07	4.14331e-05
891	26	19	99	113	27	399	0.0642779	2.74454	1.7727e-06	2.75787e-05
892	28	18	110	124	27	757	0.0096633	4.63942	4.56314e-07	4.72213e-05
893	29	22	120	142	28	907	0.00401604	5.51746	2.25731e-07	5.62074e-05
894	36	28	73	81	22	319	0.118176	2.13558	2.54335e-06	2.15217e-05
895	30	20	137	166	29	1586	0.000108249	9.13108	1.01364e-08	9.36396e-05
896	34	27	181	215	35	1541	0.000100104	9.2093	9.41124e-09	9.40145e-05
897	23	20	82	100	21	900	0.00541815	5.218	2.8968e-07	5.34646e-05
898	28	26	133	152	32	798	0.00657579	5.02436	3.35236e-07	5.09803e-05
899	25	19	120	140	37	623	0.0173095	4.0565	7.0977e-07	4.10046e-05
900	28	24	110	125	23	604	0.0209545	3.8654	8.20337e-07	3.91484e-05
901	29	21	159	190	27	1688	5.53408e-05	9.802	5.55699e-09	0.000100414
902	23	16	65	68	23	284	0.153288	1.87544	2.90147e-06	1.89283e-05
903	31	21	131	166	29	960	0.00263603	5.93848	1.59159e-07	6.03782e-05
904	32	20	64	68	20	230	0.201888	1.60004	3.24214e-06	1.60591e-05
905	35	28	116	138	24	1170	0.00107693	6.83364	7.53374e-08	6.99556e-05
906	22	20	111	124	25	651	0.0165922	4.09882	6.90058e-07	4.15892e-05
907	30	26	91	103	28	363	0.0822378	2.49814	2.06429e-06	2.51015e-05
908	26	20	136	165	25	1049	0.00168481	6.3861	1.09598e-07	6.50506e-05
909	31	26	194	226	41	2028	7.7946e-06	11.7621	9.39337e-10	0.000120511
910	29	24	151	177	30	1279	0.0004835	7.63446	3.76881e-08	7.79486e-05
911	23	16	57	60	19	227	0.215563	1.5345	3.33004e-06	1.54481e-05
912	32	24	146	175	32	1209	0.000699671	7.2649	5.18571e-08	7.41164e-05
913	36	29	169	198	33	1964	1.28799e-05	11.2598	1.48802e-09	0.00011553
914	36	29	90	103	38	426	0.0596393	2.81944	1.69667e-06	2.84488e-05
915	23	20	119	142	30	661	0.014082	4.26286	6.07448e-07	4.31366e-05
916	43	34	215	244	43	2135	4.03373e-06	12.4208	5.13141e-10	0.000127213
917	26	20	97	117	24	754	0.0102533	4.58016	4.78487e-07	4.66668e-05
918	34	24	76	93	23	409	0.0692564	2.66994	1.86861e-06	2.69811e-05
919	29	22	127	154	28	1709	6.2333e-05	9.68302	6.20198e-09	9.94976e-05
920	29	24	143	179	30	1131	0.00101566	6.89222	7.12968e-08	7.01978e-05
921	19	16	70	80	21	316	0.120754	2.114	2.57277e-06	2.13059e-05
922	43	35	141	170	37	831	0.00496322	5.3057	2.66772e-07	5.37498e-05
923	32	25	153	175	28	1552	0.00012167	9.0142	1.12351e-08	9.23411e-05
924	27	23	105	125	23	764	0.00926603	4.6814	4.41524e-07	4.76497e-05
925	31	25	129	150	29	659	0.0135293	4.3029	5.88278e-07	4.34819e-05
926	27	19	77	88	24	413	0.0700224	2.65894	1.8844e-06	2.69114e-05
927	27	23	134	166	27	1347	0.000366255	7.91218	2.9645e-08	8.09407e-05
928	30	20	98	113	33	347	0.0837985	2.47934	2.07953e-06	2.48158e-05
929	26	21	99	117	29	589	0.023786	3.73866	9.01484e-07	3.78998e-05
930	33	29	157	186	33	1104	0.00111547	6.79848	7.7144e-08	6.91583e-05
931	22	17	68	78	14	515	0.0443191	3.11634	1.40786e-06	3.17665e-05
932	37	29	182	212	33	2377	1.43541e-06	13.4541	1.98466e-10	0.000138265
933	24	17	119	142	28	1006	0.00242394	6.02236	1.48994e-07	6.14676e-05
934	27	24	131	156	28	935	0.00318858	5.74818	1.86485e-07	5.84854e-05
935	27	21	105	129	31	680	0.0138687	4.27812	6.02073e-07	4.34123e-05
936	34	27	107	128	26	1216	0.000906935	7.00544	6.51499e-08	7.18353e-05
937	30	26	139	160	32	1132	0.00113855	6.778	7.8763e-08	6.91784e-05
938	28	21	146	185	30	1753	4.09934e-05	10.1021	4.24631e-09	0.000103585
939	33	17	118	134	29	783	0.00794812	4.83482	3.90787e-07	4.91673e-05
940	20	15	53	59	19	154	0.314768	1.15592	3.6239e-06	1.15129e-05
941	38	34	147	162	31	1209	0.000759189	7.18326	5.57112e-08	7.33826e-05
942	25	20	109	125	26	787	0.00824045	4.7987	4.02726e-07	4.88718e-05
943	27	18	52	54	25	83	0.466536	0.76242	3.47953e-06	7.45823e-06
944	28	22	96	102	36	246	0.150294	1.89516	2.8298e-06	1.88284e-05
945	31	19	119	137	27	1033	0.0021795	6.12866	1.3648e-07	6.26199e-05
946	31	26	107	133	29	692	0.0127218	4.36444	5.63266e-07	4.42757e-05
947	31	24	104	123	29	789	0.00825992	4.79634	4.03622e-07	4.88651e-05
948	26	20	114	138	25	860	0.00523368	5.25264	2.7992e-07	5.34843e-05
949	30	26	93	107	33	348	0.0865736	2.44676	2.12367e-06	2.45302e-05
950	34	29	118	135	32	620	0.018137	4.0098	7.35692e-07	4.0563e-05
951	25	16	150	174	29	1168	0.000867825	7.04952	6.23806e-08	7.18815e-05
952	30	22	131	151	37	941	0.00319113	5.74738	1.86751e-07	5.85219e-05
953	28	25	96	117	25	700	0.0135041	4.30476	5.91448e-07	4.37976e-05
954	24	20	139	169	22	1376	0.000310006	8.07892	2.56223e-08	8.26509e-05
955	31	22	139	161	26	2679	4.2381e-07	14.674	6.41784e-11	0.000151432
956	34	30	219	260	37	2149	3.39672e-06	12.5927	4.377e-10	0.00012886
957	35	26	129	161	29	1433	0.000243747	8.31938	2.0774e-08	8.52279e-05
958	22	21	109	130	23	991	0.00282146	5.8705	1.69269e-07	5.99932e-05
959	29	21	110	119	32	556	0.0277944	3.58292	1.00781e-06	3.62593e-05
960	26	17	66	77	30	281	0.147097	1.91666	2.83558e-06	1.92769e-05
961	20	13	42	45	18	143	0.363528	1.0119	3.68551e-06	1.01382e-05
962	29	21	134	171	19	2337	2.27716e-06	12.9926	3.04741e-10	0.000133825
963	27	21	78	82	25	263	0.156256	1.85626	2.90679e-06	1.86027e-05
964	32	25	129	150	31	1056	0.00178632	6.3276	1.15353e-07	6.45758e-05
965	22	21	140	169	33	1355	0.00034505	7.97182	2.81337e-08	8.15351e-05
966	35	25	73	81	27	222	0.193809	1.64088	3.17224e-06	1.63678e-05
967	22	17	49	52	24	109	0.413764	0.88246	3.61083e-06	8.72679e-06
968	42	36	253	301	37	3358	5.51342e-09	19.0161	1.07739e-12	0.000195412
969	26	20	139	158	24	1017	0.00207262	6.17894	1.30482e-07	6.29552e-05
970	36	29	113	128	34	486	0.0375366	3.28244	1.24051e-06	3.3048e-05
971	29	23	158	188	34	1196	0.00068902	7.28024	5.10974e-08	7.41595e-05
972	31	27	105	124	27	536	0.0298276	3.51232	1.05825e-06	3.54789e-05
973	32	24	117	142	33	725	0.0101604	4.58926	4.72835e-07	4.65371e-05
974	21	16	112	141	21	1060	0.00185202	6.29148	1.19048e-07	6.42803e-05
975	34	21	193	239	38	2327	1.56344e-06	13.3686	2.14398e-10	0.000137132
976	28	22	130	163	24	1912	2.09193e-05	10.7748	2.31768e-09	0.000110792
977	29	22	96	114	24	742	0.0111077	4.50012	5.09396e-07	4.58599e-05
978	27	21	96	126	26	769	0.00897619	4.71318	4.30604e-07	4.79718e-05
979	38	28	121	153	35	820	0.00584108	5.14284	3.04938e-07	5.22057e-05
980	30	24	90	109	24	452	0.0503015	2.98972	1.51755e-06	3.0169e-05
981	30	24	173	202	42	959	0.00211339	6.15946	1.31785e-07	6.23572e-05
982	33	24	149	186	18	1834	2.69513e-05	10.5215	2.90927e-09	0.000107946
983	25	18	46	57	15	166	0.299824	1.20456	3.60917e-06	1.20376e-05
984	37	25	148	165	33	727	0.00870463	4.7439	4.17315e-07	4.79417e-05
985	24	17	47	59	14	290	0.157313	1.84952	2.94789e-06	1.8739e-05
986	26	21	105	120	29	516	0.0338709	3.3852	1.15806e-06	3.41904e-05
987	27	19	174	210	27	1925	1.45736e-05	11.1363	1.66336e-09	0.000114135
988	36	28	149	178	37	1230	0.000616878	7.39084	4.65135e-08	7.54015e-05
989	30	22	162	199	36	1431	0.000193967	8.54782	1.69269e-08	8.72667e-05
990	24	22	125	167	25	1101	0.00127621	6.66386	8.66884e-08	6.79264e-05
991	33	25	137	165	40	778	0.00671105	5.004	3.39925e-07	5.06515e-05
992	19	15	69	80	18	629	0.0244702	3.7103	9.28315e-07	3.79366e-05
993	38	24	107	126	27	1218	0.000909078	7.00308	6.52978e-08	7.18286e-05
994	24	17	93	102	27	439	0.0561651	2.87946	1.63346e-06	2.90831e-05
995	28	22	96	115	25	572	0.0262681	3.6394	9.68864e-07	3.68837e-05
996	28	18	58	68	24	168	0.276972	1.28384	3.53549e-06	1.27648e-05
997	29	22	215	246	33	2447	8.11339e-07	14.0246	1.16754e-10	0.000143903
998	30	19	81	96	28	316	0.10921	2.21448	2.42546e-06	2.22091e-05
999	32	23	92	113	25	553	0.0293067	3.52994	1.04804e-06	3.57612e-05
1000	34	24	54	56	30	53	0.53688	0.62198	3.209e-06	5.97713e-06