Hist	Tr_Tot	Tr_in	DSBs	DSBt	RIFs	NComb	PSurv	lPSurv	PMut*	PMut
1	756	592	74	77	63	19	0.559641	0.58046	2.99743e-06	5.356e-06
2	693	529	77	79	71	9	0.581572	0.54202	2.87155e-06	4.93756e-06
3	792	629	84	86	71	16	0.537041	0.62168	3.06362e-06	5.70462e-06
4	711	547	78	79	67	16	0.561176	0.57772	2.97956e-06	5.30949e-06
5	716	562	89	89	78	12	0.53788	0.62012	3.04517e-06	5.66143e-06
6	742	578	75	75	65	11	0.590314	0.5271	2.84416e-06	4.81804e-06
7	715	554	80	81	69	16	0.554172	0.59028	3.00494e-06	5.42239e-06
8	676	537	76	78	64	16	0.564712	0.57144	2.96646e-06	5.25304e-06
9	660	523	75	77	65	13	0.577031	0.54986	2.90662e-06	5.0372e-06
10	774	588	75	76	65	12	0.583635	0.53848	2.87593e-06	4.92762e-06
11	735	582	74	75	64	11	0.590314	0.5271	2.84416e-06	4.81804e-06
12	708	542	67	68	58	12	0.613706	0.48824	2.74697e-06	4.47604e-06
13	714	572	80	82	70	16	0.550703	0.59656	3.01721e-06	5.47883e-06
14	702	561	56	58	50	8	0.66695	0.40504	2.46707e-06	3.69903e-06
15	728	552	61	64	56	9	0.63902	0.44782	2.61413e-06	4.09085e-06
16	728	555	83	86	73	21	0.52352	0.64718	3.12557e-06	5.97029e-06
17	743	589	74	75	65	11	0.590314	0.5271	2.84416e-06	4.81804e-06
18	713	540	55	55	46	10	0.672738	0.3964	2.44604e-06	3.63595e-06
19	764	603	70	70	62	8	0.618536	0.4804	2.70696e-06	4.3764e-06
20	699	540	79	80	71	10	0.574992	0.5534	2.90206e-06	5.04714e-06
21	722	560	87	87	75	16	0.533679	0.62796	3.07457e-06	5.76107e-06
22	716	555	79	83	69	16	0.547255	0.60284	3.02921e-06	5.53528e-06
23	738	581	93	95	87	8	0.528665	0.6374	3.0597e-06	5.78759e-06
24	730	579	75	75	68	7	0.60248	0.5067	2.77473e-06	4.6055e-06
25	742	573	59	62	56	7	0.653731	0.42506	2.53104e-06	3.87168e-06
26	745	586	79	81	66	19	0.545758	0.60558	3.0463e-06	5.58179e-06
27	677	543	67	68	61	8	0.626354	0.46784	2.67046e-06	4.2635e-06
28	769	600	77	79	70	10	0.578614	0.54712	2.88768e-06	4.99069e-06
29	702	549	61	61	54	8	0.654502	0.42388	2.53186e-06	3.86837e-06
30	735	594	83	86	69	21	0.52352	0.64718	3.12557e-06	5.97029e-06
31	718	559	79	80	72	9	0.577931	0.5483	2.88619e-06	4.99401e-06
32	728	569	79	83	68	19	0.538946	0.61814	3.06913e-06	5.69468e-06
33	720	565	72	74	63	19	0.570284	0.56162	2.95787e-06	5.18665e-06
34	679	534	72	72	64	9	0.607708	0.49806	2.76047e-06	4.54243e-06
35	728	566	67	68	62	7	0.629556	0.46274	2.65066e-06	4.21037e-06
36	700	561	60	60	55	6	0.665378	0.4074	2.46566e-06	3.70566e-06
37	735	579	87	87	75	15	0.536408	0.62286	3.06178e-06	5.70794e-06
38	705	566	64	65	60	6	0.64481	0.4388	2.57143e-06	3.98789e-06
39	750	584	90	94	77	22	0.495335	0.70252	3.2073e-06	6.475e-06
40	720	559	90	90	78	13	0.531794	0.6315	3.06899e-06	5.77102e-06
41	691	542	75	77	71	7	0.594961	0.51926	2.80726e-06	4.7184e-06
42	734	562	79	81	68	17	0.551353	0.59538	3.01894e-06	5.47552e-06
43	797	629	88	88	76	16	0.530338	0.63424	3.08525e-06	5.81752e-06
44	751	593	63	63	51	27	0.586642	0.53334	2.92781e-06	4.9908e-06
45	687	523	67	68	58	10	0.619997	0.47804	2.70925e-06	4.36977e-06
46	703	550	62	63	54	11	0.63652	0.45174	2.63561e-06	4.14066e-06
47	708	562	81	82	63	29	0.515375	0.66286	3.17964e-06	6.16957e-06
48	717	544	78	79	67	13	0.569828	0.56242	2.93467e-06	5.15009e-06
49	722	551	60	62	53	11	0.64053	0.44546	2.61606e-06	4.08422e-06
50	709	559	72	75	67	10	0.593333	0.522	2.82717e-06	4.7649e-06
51	737	585	71	71	61	12	0.602252	0.50708	2.79769e-06	4.64538e-06
52	753	576	84	88	72	19	0.522286	0.64954	3.12166e-06	5.97692e-06
53	754	580	70	73	64	12	0.594735	0.51964	2.82991e-06	4.75827e-06
54	691	541	73	74	65	13	0.588005	0.53102	2.86232e-06	4.86785e-06
55	787	611	92	93	80	17	0.51133	0.67074	3.14616e-06	6.15289e-06
56	710	549	91	92	82	11	0.53054	0.63386	3.06527e-06	5.77764e-06
57	714	567	63	64	58	6	0.648872	0.43252	2.551e-06	3.93145e-06
58	725	570	68	70	59	14	0.599895	0.511	2.81663e-06	4.6952e-06
59	722	573	64	64	60	5	0.65219	0.42742	2.52939e-06	3.87831e-06
60	691	532	72	75	63	14	0.581351	0.5424	2.89364e-06	4.97743e-06
61	717	559	60	61	51	12	0.641286	0.44428	2.61702e-06	4.0809e-06
62	717	574	73	76	58	25	0.546195	0.60478	3.06871e-06	5.61835e-06
63	742	586	59	60	54	7	0.661993	0.4125	2.48829e-06	3.75879e-06
64	716	572	54	54	48	6	0.690928	0.36972	2.32633e-06	3.36697e-06
65	713	567	84	85	71	28	0.508342	0.6766	3.19533e-06	6.28578e-06
66	758	592	79	80	67	15	0.560515	0.5789	2.97791e-06	5.31281e-06
67	727	538	69	70	60	11	0.609144	0.4957	2.76296e-06	4.5358e-06
68	735	588	75	77	66	12	0.579981	0.54476	2.89066e-06	4.98406e-06
69	741	596	63	63	55	8	0.646333	0.43644	2.57322e-06	3.98126e-06
70	686	529	70	70	63	7	0.621699	0.4753	2.68777e-06	4.32326e-06
71	762	609	86	89	75	22	0.511136	0.67112	3.16534e-06	6.19277e-06
72	698	549	50	51	48	3	0.714923	0.33558	2.1721e-06	3.03823e-06
73	729	560	67	68	59	11	0.616843	0.48314	2.72824e-06	4.4229e-06
74	715	554	68	69	62	9	0.619266	0.47922	2.7081e-06	4.37308e-06
75	718	565	59	60	58	2	0.679091	0.387	2.37215e-06	3.49312e-06
76	729	576	60	60	54	7	0.661993	0.4125	2.48829e-06	3.75879e-06
77	751	599	81	81	71	11	0.568485	0.56478	2.93152e-06	5.15672e-06
78	744	585	81	84	73	12	0.555037	0.58872	2.98565e-06	5.3792e-06
79	674	541	68	70	55	22	0.575912	0.5518	2.94882e-06	5.12026e-06
80	766	602	77	79	68	15	0.564046	0.57262	2.96483e-06	5.25636e-06
81	701	551	90	93	75	26	0.48839	0.71664	3.23856e-06	6.63109e-06
82	749	597	81	82	71	12	0.562053	0.57616	2.95994e-06	5.2663e-06
83	717	566	69	71	59	13	0.599188	0.51218	2.81529e-06	4.69851e-06
84	681	519	52	52	46	7	0.696101	0.36226	2.30215e-06	3.30721e-06
85	731	574	73	73	63	10	0.600832	0.50944	2.79507e-06	4.65201e-06
86	710	565	63	63	54	11	0.63652	0.45174	2.63561e-06	4.14066e-06
87	735	578	64	64	59	5	0.65219	0.42742	2.52939e-06	3.87831e-06
88	709	579	67	68	59	11	0.616843	0.48314	2.72824e-06	4.4229e-06
89	718	551	82	84	72	15	0.54661	0.60402	3.02745e-06	5.5386e-06
90	704	559	83	84	68	25	0.519432	0.65502	3.15291e-06	6.06993e-06
91	761	610	86	89	71	24	0.505949	0.68132	3.18699e-06	6.29903e-06
92	719	558	77	80	69	12	0.569156	0.5636	2.93309e-06	5.15341e-06
93	772	598	81	81	72	13	0.562716	0.57498	2.96157e-06	5.26299e-06
94	733	573	74	75	64	14	0.581351	0.5424	2.89364e-06	4.97743e-06
95	718	577	77	81	68	15	0.557006	0.58518	2.9907e-06	5.36925e-06
96	750	585	76	76	65	14	0.577712	0.54868	2.90813e-06	5.03388e-06
97	722	571	74	75	65	11	0.590314	0.5271	2.84416e-06	4.81804e-06
98	691	555	56	57	52	5	0.681499	0.38346	2.37378e-06	3.48318e-06
99	706	541	80	81	67	18	0.548548	0.60048	3.03273e-06	5.52865e-06
100	724	575	80	80	67	16	0.557663	0.584	2.99239e-06	5.36594e-06
101	721	557	65	67	58	12	0.617572	0.48196	2.72941e-06	4.41959e-06
102	716	553	70	72	61	15	0.589394	0.52866	2.86518e-06	4.86123e-06
103	735	594	74	74	64	14	0.585014	0.53612	2.87884e-06	4.92099e-06
104	726	565	67	67	62	5	0.640017	0.44626	2.59057e-06	4.04766e-06
105	753	584	78	79	66	17	0.558322	0.58282	2.99407e-06	5.36262e-06
106	689	554	74	78	65	18	0.558981	0.58164	2.99575e-06	5.35931e-06
107	783	630	78	80	68	13	0.566261	0.5687	2.94826e-06	5.20654e-06
108	709	565	64	64	61	3	0.658876	0.41722	2.48531e-06	3.77205e-06
109	717	559	79	80	65	18	0.552004	0.5942	3.02068e-06	5.47221e-06
110	723	578	66	68	58	12	0.613706	0.48824	2.74697e-06	4.47604e-06
111	718	568	74	75	63	14	0.581351	0.5424	2.89364e-06	4.97743e-06
112	738	580	60	62	55	8	0.650405	0.43016	2.55272e-06	3.92482e-06
113	656	502	50	52	47	5	0.703238	0.35206	2.25102e-06	3.20094e-06
114	721	554	67	69	58	12	0.609864	0.49452	2.7642e-06	4.53248e-06
115	739	599	60	61	56	6	0.661213	0.41368	2.48755e-06	3.7621e-06
116	723	578	65	66	58	8	0.63427	0.45528	2.63261e-06	4.15061e-06
117	711	558	65	67	58	10	0.623903	0.47176	2.6911e-06	4.31332e-06
118	718	557	80	81	67	17	0.551353	0.59538	3.01894e-06	5.47552e-06
119	726	566	92	95	80	20	0.497281	0.6986	3.19512e-06	6.42519e-06
120	743	600	63	64	56	8	0.642287	0.44272	2.59337e-06	4.03771e-06
121	740	591	74	75	63	13	0.584324	0.5373	2.87739e-06	4.9243e-06
122	678	546	50	52	44	10	0.685532	0.37756	2.37647e-06	3.46661e-06
123	760	596	81	81	77	4	0.589147	0.52908	2.81894e-06	4.78479e-06
124	696	549	55	55	52	3	0.697188	0.3607	2.27563e-06	3.26402e-06
125	735	574	55	59	48	13	0.646088	0.43682	2.59801e-06	4.02114e-06
126	714	574	85	87	74	19	0.525576	0.64326	3.11166e-06	5.92047e-06
127	698	556	78	80	69	18	0.552004	0.5942	3.02068e-06	5.47221e-06
128	728	549	81	81	70	13	0.562716	0.57498	2.96157e-06	5.26299e-06
129	736	546	80	80	69	18	0.552004	0.5942	3.02068e-06	5.47221e-06
130	742	607	62	64	58	7	0.645571	0.43762	2.57233e-06	3.98458e-06
131	671	528	54	54	49	5	0.69446	0.36462	2.30133e-06	3.31384e-06
132	764	596	80	82	71	12	0.562053	0.57616	2.95994e-06	5.2663e-06
133	699	543	63	64	50	19	0.607247	0.49882	2.8068e-06	4.62218e-06
134	751	603	91	92	77	18	0.511934	0.66956	3.14818e-06	6.14958e-06
135	716	565	76	78	69	18	0.558981	0.58164	2.99575e-06	5.35931e-06
136	691	531	62	64	55	13	0.626116	0.46822	2.69441e-06	4.30338e-06
137	730	581	63	64	60	5	0.65219	0.42742	2.52939e-06	3.87831e-06
138	800	638	79	80	70	12	0.569156	0.5636	2.93309e-06	5.15341e-06
139	745	560	68	69	55	17	0.594509	0.52002	2.85254e-06	4.79815e-06
140	677	520	60	63	55	9	0.643045	0.44154	2.5943e-06	4.0344e-06
141	695	538	83	86	75	11	0.550912	0.59618	2.99639e-06	5.43896e-06
142	710	551	86	86	75	11	0.550912	0.59618	2.99639e-06	5.43896e-06
143	733	578	65	67	59	9	0.627093	0.46666	2.67154e-06	4.26019e-06
144	718	561	67	68	56	17	0.598254	0.51374	2.83674e-06	4.7417e-06
145	712	535	60	61	57	4	0.667991	0.40348	2.44207e-06	3.65584e-06
146	732	600	74	75	65	14	0.581351	0.5424	2.89364e-06	4.97743e-06
147	719	551	81	81	66	19	0.545758	0.60558	3.0463e-06	5.58179e-06
148	748	593	47	49	44	6	0.712967	0.33832	2.19931e-06	3.08473e-06
149	729	574	79	80	71	13	0.566261	0.5687	2.94826e-06	5.20654e-06
150	732	579	77	77	70	8	0.591934	0.52436	2.82443e-06	4.77153e-06
151	705	536	62	63	52	13	0.63006	0.46194	2.67582e-06	4.24693e-06
152	712	562	73	75	65	10	0.593333	0.522	2.82717e-06	4.7649e-06
153	720	556	73	74	56	26	0.550284	0.59732	3.0588e-06	5.55859e-06
154	723	556	66	66	62	5	0.644049	0.43998	2.57053e-06	3.99121e-06
155	734	586	97	99	88	12	0.50514	0.68292	3.14496e-06	6.22591e-06
156	713	566	63	64	60	5	0.65219	0.42742	2.52939e-06	3.87831e-06
157	751	578	73	75	65	11	0.590314	0.5271	2.84416e-06	4.81804e-06
158	686	523	73	74	69	6	0.609376	0.49532	2.73971e-06	4.49592e-06
159	779	611	79	81	72	13	0.562716	0.57498	2.96157e-06	5.26299e-06
160	707	543	72	73	60	17	0.579761	0.54514	2.91268e-06	5.02394e-06
161	746	583	80	83	70	13	0.555693	0.58754	2.98734e-06	5.37588e-06
162	722	571	51	51	45	7	0.700487	0.35598	2.27711e-06	3.25076e-06
163	736	571	71	73	60	19	0.573877	0.55534	2.94411e-06	5.13021e-06
164	736	579	78	81	67	15	0.557006	0.58518	2.9907e-06	5.36925e-06
165	650	501	86	87	77	12	0.544678	0.60756	3.02217e-06	5.54854e-06
166	754	601	73	73	69	5	0.61635	0.48394	2.70352e-06	4.38634e-06
167	690	535	63	64	61	3	0.658876	0.41722	2.48531e-06	3.77205e-06
168	729	592	70	72	57	26	0.55724	0.58476	3.03455e-06	5.44569e-06
169	702	548	72	74	64	12	0.591011	0.52592	2.84555e-06	4.81472e-06
170	711	539	55	55	47	10	0.672738	0.3964	2.44604e-06	3.63595e-06
171	724	572	63	63	52	13	0.63006	0.46194	2.67582e-06	4.24693e-06
172	751	601	53	53	44	12	0.674327	0.39404	2.44735e-06	3.62932e-06
173	739	549	62	63	54	9	0.643045	0.44154	2.5943e-06	4.0344e-06
174	692	545	88	90	77	16	0.523719	0.6468	3.10587e-06	5.93042e-06
175	758	594	83	84	73	14	0.549405	0.59892	3.01374e-06	5.48546e-06
176	694	543	81	82	62	27	0.520659	0.65266	3.15691e-06	6.0633e-06
177	709	566	93	96	78	22	0.489153	0.71508	3.22249e-06	6.5879e-06
178	712	553	74	76	64	13	0.580666	0.54358	2.89215e-06	4.98075e-06
179	746	579	94	96	75	31	0.467208	0.76098	3.30134e-06	7.0661e-06
180	726	574	80	81	71	10	0.571392	0.55968	2.91615e-06	5.10359e-06
181	720	573	82	82	74	8	0.573636	0.55576	2.89902e-06	5.05377e-06
182	741	575	71	71	54	28	0.555059	0.58868	3.05033e-06	5.49551e-06
183	710	549	61	65	53	13	0.622196	0.4745	2.71267e-06	4.35983e-06
184	761	576	85	85	75	11	0.554383	0.5899	2.98397e-06	5.38251e-06
185	697	513	83	83	70	14	0.552866	0.59264	3.00152e-06	5.42902e-06
186	762	598	59	59	54	6	0.66957	0.40112	2.4434e-06	3.64921e-06
187	715	577	71	72	63	9	0.607708	0.49806	2.76047e-06	4.54243e-06
188	702	544	74	77	59	30	0.529109	0.63656	3.14315e-06	5.94046e-06
189	729	582	62	62	56	7	0.653731	0.42506	2.53104e-06	3.87168e-06
190	677	528	58	59	51	9	0.659403	0.41642	2.51141e-06	3.80861e-06
191	744	574	80	81	67	19	0.545758	0.60558	3.0463e-06	5.58179e-06
192	673	519	70	72	65	8	0.610816	0.49296	2.74213e-06	4.48929e-06
193	766	630	68	70	57	16	0.593808	0.5212	2.85115e-06	4.80146e-06
194	771	589	111	114	97	18	0.445873	0.80772	3.29564e-06	7.39142e-06
195	736	587	68	69	58	11	0.612982	0.48942	2.74576e-06	4.47935e-06
196	743	584	72	73	60	17	0.579761	0.54514	2.91268e-06	5.02394e-06
197	717	560	84	86	67	21	0.52352	0.64718	3.12557e-06	5.97029e-06
198	731	562	76	77	67	14	0.574095	0.55496	2.92233e-06	5.09033e-06
199	750	592	79	80	75	5	0.589842	0.5279	2.82032e-06	4.78147e-06
200	746	559	66	68	57	14	0.607478	0.49844	2.78365e-06	4.5823e-06
201	736	565	100	102	84	25	0.463912	0.76806	3.28727e-06	7.08599e-06
202	720	573	60	61	53	9	0.651173	0.42898	2.55358e-06	3.9215e-06
203	703	565	80	81	68	15	0.557006	0.58518	2.9907e-06	5.36925e-06
204	720	559	79	81	75	7	0.580201	0.54438	2.86862e-06	4.94419e-06
205	719	574	82	82	74	9	0.570718	0.56086	2.9146e-06	5.1069e-06
206	740	564	79	82	68	15	0.553519	0.59146	3.00323e-06	5.4257e-06
207	733	553	65	68	58	12	0.613706	0.48824	2.74697e-06	4.47604e-06
208	765	600	80	80	72	9	0.577931	0.5483	2.88619e-06	4.99401e-06
209	749	566	84	85	72	16	0.540425	0.6154	3.05241e-06	5.64818e-06
210	684	554	65	66	54	12	0.621462	0.47568	2.71153e-06	4.36314e-06
211	776	632	76	77	70	8	0.591934	0.52436	2.82443e-06	4.77153e-06
212	706	550	64	66	54	17	0.605815	0.50118	2.8042e-06	4.62881e-06
213	765	603	87	87	76	13	0.541907	0.61266	3.03559e-06	5.60167e-06
214	721	565	84	88	75	17	0.527641	0.63934	3.09759e-06	5.87065e-06
215	743	583	81	82	69	17	0.547901	0.60166	3.03097e-06	5.53197e-06
216	735	579	88	89	77	14	0.532421	0.63032	3.07085e-06	5.7677e-06
217	679	522	76	77	71	6	0.598003	0.51416	2.78984e-06	4.66526e-06
218	752	599	74	75	65	17	0.572524	0.5577	2.94096e-06	5.13683e-06
219	688	534	57	60	53	8	0.658626	0.4176	2.51063e-06	3.81192e-06
220	782	612	97	98	82	20	0.488	0.71744	3.21813e-06	6.59453e-06
221	710	555	68	69	61	9	0.619266	0.47922	2.7081e-06	4.37308e-06
222	705	581	79	79	68	11	0.57567	0.55222	2.90358e-06	5.04383e-06
223	727	558	66	70	58	14	0.599895	0.511	2.81663e-06	4.6952e-06
224	763	613	68	69	61	9	0.619266	0.47922	2.7081e-06	4.37308e-06
225	737	586	90	91	79	14	0.525776	0.64288	3.09188e-06	5.8806e-06
226	702	558	61	63	55	14	0.626855	0.46704	2.69552e-06	4.30006e-06
227	718	566	75	75	66	10	0.593333	0.522	2.82717e-06	4.7649e-06
228	692	571	97	99	84	19	0.487424	0.71862	3.21595e-06	6.59784e-06
229	752	570	79	80	74	6	0.586842	0.533	2.83715e-06	4.83461e-06
230	711	551	68	71	61	14	0.59614	0.51728	2.83264e-06	4.75164e-06
231	692	543	79	79	74	5	0.593558	0.52162	2.80458e-06	4.72503e-06
232	725	574	66	67	57	10	0.623903	0.47176	2.6911e-06	4.31332e-06
233	696	525	74	74	59	22	0.561626	0.57692	3.00248e-06	5.34605e-06
234	740	580	66	68	56	19	0.592183	0.52394	2.87088e-06	4.84797e-06
235	734	558	71	72	60	12	0.598481	0.51336	2.81395e-06	4.70183e-06
236	759	617	74	76	62	17	0.56894	0.56398	2.95467e-06	5.19328e-06
237	695	539	73	74	65	9	0.600123	0.51062	2.79377e-06	4.65532e-06
238	778	635	77	77	66	13	0.577031	0.54986	2.90662e-06	5.0372e-06
239	713	559	67	70	61	9	0.615389	0.4855	2.72589e-06	4.42953e-06
240	710	544	61	62	58	5	0.660433	0.41486	2.4868e-06	3.76542e-06
241	727	564	61	61	50	16	0.628336	0.46468	2.69772e-06	4.29343e-06
242	733	565	70	72	63	12	0.598481	0.51336	2.81395e-06	4.70183e-06
243	742	600	70	70	64	7	0.621699	0.4753	2.68777e-06	4.32326e-06
244	670	539	80	80	69	14	0.563381	0.5738	2.9632e-06	5.25967e-06
245	763	613	70	71	66	5	0.62414	0.47138	2.66723e-06	4.27345e-06
246	699	547	87	91	77	21	0.507337	0.67858	3.17214e-06	6.25253e-06
247	810	645	79	79	70	11	0.57567	0.55222	2.90358e-06	5.04383e-06
248	752	583	65	68	57	11	0.616843	0.48314	2.72824e-06	4.4229e-06
249	723	538	68	69	62	8	0.622433	0.47412	2.68888e-06	4.31995e-06
250	693	536	75	77	64	19	0.559641	0.58046	2.99743e-06	5.356e-06
251	719	578	80	81	70	15	0.557006	0.58518	2.9907e-06	5.36925e-06
252	745	584	83	85	72	14	0.545965	0.6052	3.02569e-06	5.54191e-06
253	744	592	72	73	62	13	0.591709	0.52474	2.84695e-06	4.81141e-06
254	717	566	85	88	68	30	0.493792	0.70564	3.23996e-06	6.56138e-06
255	702	557	44	45	38	8	0.723684	0.3234	2.14587e-06	2.96521e-06
256	736	576	82	83	70	14	0.552866	0.59264	3.00152e-06	5.42902e-06
257	718	562	82	82	74	8	0.573636	0.55576	2.89902e-06	5.05377e-06
258	736	571	63	65	58	7	0.64153	0.4439	2.59244e-06	4.04103e-06
259	732	586	62	62	57	5	0.660433	0.41486	2.4868e-06	3.76542e-06
260	661	517	51	53	48	6	0.69528	0.36344	2.30174e-06	3.31052e-06
261	748	598	79	79	70	11	0.57567	0.55222	2.90358e-06	5.04383e-06
262	681	556	67	70	59	12	0.606046	0.5008	2.7811e-06	4.58893e-06
263	773	619	87	90	77	14	0.529088	0.6366	3.08149e-06	5.82415e-06
264	704	561	76	76	70	6	0.60177	0.50788	2.77345e-06	4.60882e-06
265	722	574	69	74	62	13	0.588005	0.53102	2.86232e-06	4.86785e-06
266	720	556	52	54	48	6	0.690928	0.36972	2.32633e-06	3.36697e-06
267	771	619	96	100	83	24	0.472178	0.7504	3.26745e-06	6.91996e-06
268	734	570	73	75	62	14	0.581351	0.5424	2.89364e-06	4.97743e-06
269	693	547	73	74	66	8	0.603192	0.50552	2.776e-06	4.60219e-06
270	750	590	83	89	71	26	0.500814	0.69152	3.20787e-06	6.4053e-06
271	686	542	81	84	67	24	0.522088	0.64992	3.14129e-06	6.0168e-06
272	778	593	90	93	72	26	0.48839	0.71664	3.23856e-06	6.63109e-06
273	707	547	78	80	70	17	0.554826	0.5891	3.00664e-06	5.41907e-06
274	726	581	64	66	58	9	0.631044	0.46038	2.65274e-06	4.20374e-06
275	715	574	72	72	67	6	0.617078	0.48276	2.70467e-06	4.38303e-06
276	709	551	69	69	61	9	0.619266	0.47922	2.7081e-06	4.37308e-06
277	736	579	64	64	60	4	0.655524	0.42232	2.5075e-06	3.82518e-06
278	710	555	68	70	62	9	0.615389	0.4855	2.72589e-06	4.42953e-06
279	777	598	79	81	68	13	0.562716	0.57498	2.96157e-06	5.26299e-06
280	733	574	61	61	56	5	0.664593	0.40858	2.46496e-06	3.70897e-06
281	763	587	71	75	60	22	0.55811	0.5832	3.01519e-06	5.4025e-06
282	710	562	70	71	62	11	0.605331	0.50198	2.77983e-06	4.59224e-06
283	702	537	54	54	49	5	0.69446	0.36462	2.30133e-06	3.31384e-06
284	724	557	60	62	52	10	0.643805	0.44036	2.59523e-06	4.03108e-06
285	744	571	82	84	65	25	0.519432	0.65502	3.15291e-06	6.06993e-06
286	738	619	77	78	68	11	0.579297	0.54594	2.88917e-06	4.98738e-06
287	724	555	58	60	52	8	0.658626	0.4176	2.51063e-06	3.81192e-06
288	757	605	70	72	62	11	0.601541	0.50826	2.79638e-06	4.64869e-06
289	694	528	48	49	47	2	0.727661	0.31792	2.08999e-06	2.8722e-06
290	706	551	76	77	65	12	0.579981	0.54476	2.89066e-06	4.98406e-06
291	712	560	70	71	59	14	0.59614	0.51728	2.83264e-06	4.75164e-06
292	717	574	56	56	50	6	0.682304	0.38228	2.37433e-06	3.47986e-06
293	726	582	63	64	58	8	0.642287	0.44272	2.59337e-06	4.03771e-06
294	762	579	73	76	67	11	0.586619	0.53338	2.85946e-06	4.87448e-06
295	741	555	67	67	55	14	0.611305	0.49216	2.76668e-06	4.52585e-06
296	666	536	70	73	65	9	0.603904	0.50434	2.77728e-06	4.59887e-06
297	761	603	77	78	69	9	0.585236	0.53574	2.8566e-06	4.88111e-06
298	697	546	81	85	70	17	0.537676	0.6205	3.06546e-06	5.70131e-06
299	741	590	65	68	58	11	0.616843	0.48314	2.72824e-06	4.4229e-06
300	714	568	53	54	46	9	0.680437	0.38502	2.39947e-06	3.52637e-06
301	730	569	60	60	52	9	0.655275	0.4227	2.53267e-06	3.86505e-06
302	703	546	61	61	53	14	0.634778	0.45448	2.65792e-06	4.18717e-06
303	740	565	80	83	69	17	0.544471	0.60794	3.04273e-06	5.58842e-06
304	703	558	72	76	61	21	0.557451	0.58438	3.01348e-06	5.40581e-06
305	753	615	72	74	64	11	0.594033	0.52082	2.82854e-06	4.76159e-06
306	724	557	67	70	57	16	0.593808	0.5212	2.85115e-06	4.80146e-06
307	700	555	53	53	45	9	0.684724	0.37874	2.37594e-06	3.46992e-06
308	725	564	86	88	77	13	0.538515	0.61894	3.04698e-06	5.65812e-06
309	716	552	79	80	66	15	0.560515	0.5789	2.97791e-06	5.31281e-06
310	744	590	76	78	64	14	0.570501	0.56124	2.93624e-06	5.14678e-06
311	730	580	98	101	89	14	0.493773	0.70568	3.1824e-06	6.44507e-06
312	681	544	52	52	46	7	0.696101	0.36226	2.30215e-06	3.30721e-06
313	746	611	68	70	61	10	0.612259	0.4906	2.74455e-06	4.48266e-06
314	779	620	93	95	84	11	0.520638	0.6527	3.09623e-06	5.94699e-06
315	770	572	79	80	69	12	0.569156	0.5636	2.93309e-06	5.15341e-06
316	703	550	82	85	71	16	0.540425	0.6154	3.05241e-06	5.64818e-06
317	661	513	63	63	54	11	0.63652	0.45174	2.63561e-06	4.14066e-06
318	719	547	70	70	65	5	0.628072	0.4651	2.64858e-06	4.217e-06
319	734	574	71	71	63	9	0.611537	0.49178	2.74334e-06	4.48598e-06
320	733	584	84	87	71	18	0.528264	0.63816	3.0995e-06	5.86734e-06
321	703	559	82	82	72	12	0.562053	0.57616	2.95994e-06	5.2663e-06
322	749	592	75	77	63	19	0.559641	0.58046	2.99743e-06	5.356e-06
323	683	545	79	80	72	12	0.569156	0.5636	2.93309e-06	5.15341e-06
324	775	596	86	89	78	14	0.532421	0.63032	3.07085e-06	5.7677e-06
325	706	544	64	66	56	11	0.62464	0.47058	2.6922e-06	4.31001e-06
326	718	564	63	64	53	15	0.619762	0.47842	2.73293e-06	4.40964e-06
327	721	567	74	77	64	14	0.574095	0.55496	2.92233e-06	5.09033e-06
328	723	557	79	84	68	17	0.541063	0.61422	3.05423e-06	5.64486e-06
329	744	596	82	82	72	11	0.564926	0.57106	2.94506e-06	5.21317e-06
330	717	568	78	80	63	20	0.546402	0.6044	3.04809e-06	5.57847e-06
331	681	539	63	65	60	5	0.648107	0.4337	2.55014e-06	3.93476e-06
332	696	539	76	79	66	15	0.564046	0.57262	2.96483e-06	5.25636e-06
333	780	609	82	86	75	13	0.545321	0.60638	3.02393e-06	5.54523e-06
334	708	564	74	75	65	12	0.587311	0.5322	2.86089e-06	4.87117e-06
335	711	567	70	71	64	7	0.617806	0.48158	2.70581e-06	4.37971e-06
336	723	567	64	64	59	6	0.648872	0.43252	2.551e-06	3.93145e-06
337	830	648	86	87	77	13	0.541907	0.61266	3.03559e-06	5.60167e-06
338	737	596	60	60	52	8	0.658626	0.4176	2.51063e-06	3.81192e-06
339	730	557	59	61	52	10	0.64786	0.43408	2.57501e-06	3.97464e-06
340	755	606	79	81	72	9	0.574313	0.55458	2.90054e-06	5.05045e-06
341	692	534	60	60	56	4	0.6722	0.3972	2.41951e-06	3.59939e-06
342	754	604	76	78	70	9	0.585236	0.53574	2.8566e-06	4.88111e-06
343	711	562	56	56	51	6	0.682304	0.38228	2.37433e-06	3.47986e-06
344	724	567	76	76	66	12	0.583635	0.53848	2.87593e-06	4.92762e-06
345	725	552	81	83	68	17	0.544471	0.60794	3.04273e-06	5.58842e-06
346	670	536	75	75	65	11	0.590314	0.5271	2.84416e-06	4.81804e-06
347	739	559	103	105	86	24	0.457582	0.7818	3.29559e-06	7.20219e-06
348	744	577	87	91	78	15	0.523101	0.64798	3.10394e-06	5.93373e-06
349	759	591	79	80	64	17	0.554826	0.5891	3.00664e-06	5.41907e-06
350	695	541	77	77	67	12	0.579981	0.54476	2.89066e-06	4.98406e-06
351	723	573	56	60	50	11	0.648625	0.4329	2.5759e-06	3.97132e-06
352	713	557	78	82	68	19	0.542341	0.61186	3.05785e-06	5.63823e-06
353	689	550	74	76	61	16	0.571849	0.55888	2.93939e-06	5.14015e-06
354	727	555	66	67	61	6	0.636762	0.45136	2.61122e-06	4.10079e-06
355	730	583	88	92	73	21	0.504161	0.68486	3.18074e-06	6.30898e-06
356	750	578	85	86	79	8	0.559406	0.58088	2.95342e-06	5.27956e-06
357	723	568	65	66	53	18	0.602734	0.50628	2.82196e-06	4.68194e-06
358	730	583	58	58	55	3	0.684176	0.37954	2.34902e-06	3.43336e-06
359	723	577	57	59	47	13	0.646088	0.43682	2.59801e-06	4.02114e-06
360	746	595	87	90	70	24	0.502781	0.6876	3.19542e-06	6.35548e-06
361	715	549	73	73	68	5	0.61635	0.48394	2.70352e-06	4.38634e-06
362	753	592	65	67	62	5	0.640017	0.44626	2.59057e-06	4.04766e-06
363	729	573	88	88	80	8	0.552424	0.59344	2.97892e-06	5.39245e-06
364	694	529	85	85	80	5	0.571609	0.5593	2.89446e-06	5.06371e-06
365	744	569	68	69	63	7	0.625615	0.46902	2.66938e-06	4.26682e-06
366	756	591	83	85	72	13	0.548757	0.6001	3.012e-06	5.48878e-06
367	767	607	69	70	64	6	0.624877	0.4702	2.66831e-06	4.27013e-06
368	701	554	53	55	51	4	0.693642	0.3658	2.30091e-06	3.31715e-06
369	728	604	89	90	81	9	0.542754	0.6111	3.01689e-06	5.55848e-06
370	717	565	81	85	71	21	0.526818	0.6409	3.11552e-06	5.91384e-06
371	737	571	72	76	60	23	0.551794	0.59458	3.04153e-06	5.51208e-06
372	731	569	89	92	75	23	0.499045	0.69506	3.20149e-06	6.41524e-06
373	711	568	64	64	62	2	0.662245	0.41212	2.46283e-06	3.71891e-06
374	747	600	77	81	67	17	0.551353	0.59538	3.01894e-06	5.47552e-06
375	681	538	68	70	59	13	0.602963	0.5059	2.79899e-06	4.64206e-06
376	772	613	67	68	60	11	0.616843	0.48314	2.72824e-06	4.4229e-06
377	704	547	72	73	65	10	0.600832	0.50944	2.79507e-06	4.65201e-06
378	703	555	74	75	63	16	0.575452	0.5526	2.92542e-06	5.0837e-06
379	720	560	63	64	57	10	0.635769	0.45292	2.63461e-06	4.14398e-06
380	734	583	73	73	64	10	0.600832	0.50944	2.79507e-06	4.65201e-06
381	734	552	86	86	73	16	0.537041	0.62168	3.06362e-06	5.70462e-06
382	636	494	59	60	53	8	0.658626	0.4176	2.51063e-06	3.81192e-06
383	694	543	72	76	63	14	0.577712	0.54868	2.90813e-06	5.03388e-06
384	743	575	87	88	75	17	0.527641	0.63934	3.09759e-06	5.87065e-06
385	772	603	107	109	94	15	0.46719	0.76102	3.24687e-06	6.94979e-06
386	707	561	57	60	50	11	0.648625	0.4329	2.5759e-06	3.97132e-06
387	718	543	75	75	64	11	0.590314	0.5271	2.84416e-06	4.81804e-06
388	722	560	65	67	55	13	0.61443	0.48706	2.74817e-06	4.47272e-06
389	706	562	70	73	62	12	0.594735	0.51964	2.82991e-06	4.75827e-06
390	736	565	54	54	49	5	0.69446	0.36462	2.30133e-06	3.31384e-06
391	737	559	63	63	58	6	0.65296	0.42624	2.53022e-06	3.875e-06
392	753	590	80	81	75	7	0.580201	0.54438	2.86862e-06	4.94419e-06
393	689	540	64	66	54	14	0.615156	0.48588	2.74938e-06	4.46941e-06
394	744	582	79	82	70	12	0.562053	0.57616	2.95994e-06	5.2663e-06
395	709	541	80	80	69	13	0.566261	0.5687	2.94826e-06	5.20654e-06
396	730	583	73	73	64	12	0.594735	0.51964	2.82991e-06	4.75827e-06
397	724	574	61	64	57	9	0.63902	0.44782	2.61413e-06	4.09085e-06
398	740	564	65	65	58	10	0.631789	0.4592	2.65378e-06	4.20043e-06
399	738	583	60	61	53	14	0.634778	0.45448	2.65792e-06	4.18717e-06
400	753	598	61	63	55	9	0.643045	0.44154	2.5943e-06	4.0344e-06
401	757	582	87	91	79	15	0.523101	0.64798	3.10394e-06	5.93373e-06
402	693	545	76	77	66	12	0.579981	0.54476	2.89066e-06	4.98406e-06
403	702	545	54	56	49	7	0.678833	0.38738	2.39832e-06	3.533e-06
404	712	563	72	73	63	13	0.591709	0.52474	2.84695e-06	4.81141e-06
405	745	557	82	85	69	20	0.529512	0.6358	3.10331e-06	5.86071e-06
406	726	576	86	88	81	7	0.555248	0.58834	2.96465e-06	5.33932e-06
407	682	552	64	64	57	7	0.645571	0.43762	2.57233e-06	3.98458e-06
408	740	563	80	81	66	27	0.523939	0.64638	3.14722e-06	6.00685e-06
409	781	605	80	81	72	11	0.568485	0.56478	2.93152e-06	5.15672e-06
410	737	592	74	76	64	14	0.577712	0.54868	2.90813e-06	5.03388e-06
411	711	552	75	78	64	19	0.556137	0.58674	3.01006e-06	5.41244e-06
412	738	577	75	76	66	17	0.56894	0.56398	2.95467e-06	5.19328e-06
413	714	562	89	89	78	13	0.535144	0.62522	3.05811e-06	5.71457e-06
414	765	610	58	59	55	4	0.676434	0.39092	2.39657e-06	3.54294e-06
415	728	580	81	81	74	7	0.580201	0.54438	2.86862e-06	4.94419e-06
416	703	561	69	74	62	16	0.579077	0.54632	2.91117e-06	5.02725e-06
417	743	586	78	78	74	4	0.600351	0.51024	2.77089e-06	4.61545e-06
418	719	558	53	54	51	3	0.70158	0.35442	2.25037e-06	3.20757e-06
419	765	602	83	84	64	27	0.51416	0.66522	3.17555e-06	6.17619e-06
420	700	556	72	72	65	7	0.613939	0.48786	2.72353e-06	4.43616e-06
421	725	572	57	57	50	7	0.674583	0.39366	2.42138e-06	3.58945e-06
422	716	568	70	71	63	9	0.611537	0.49178	2.74334e-06	4.48598e-06
423	655	522	61	63	60	3	0.663027	0.41094	2.46354e-06	3.7156e-06
424	730	567	71	74	56	24	0.555926	0.58712	3.03109e-06	5.45232e-06
425	718	576	86	90	75	19	0.515767	0.6621	3.14093e-06	6.08981e-06
426	746	592	65	66	59	7	0.637513	0.45018	2.61219e-06	4.09747e-06
427	678	528	64	65	58	10	0.631789	0.4592	2.65378e-06	4.20043e-06
428	769	609	77	80	65	19	0.549196	0.5993	3.03449e-06	5.52534e-06
429	703	542	61	61	51	11	0.644565	0.43918	2.59616e-06	4.02777e-06
430	711	544	80	80	72	10	0.574992	0.5534	2.90206e-06	5.04714e-06
431	718	541	69	72	63	9	0.607708	0.49806	2.76047e-06	4.54243e-06
432	743	577	66	69	59	12	0.609864	0.49452	2.7642e-06	4.53248e-06
433	732	560	62	63	53	12	0.633282	0.45684	2.65585e-06	4.1938e-06
434	731	578	66	67	56	14	0.611305	0.49216	2.76668e-06	4.52585e-06
435	748	576	62	63	60	3	0.663027	0.41094	2.46354e-06	3.7156e-06
436	725	557	67	67	63	4	0.64329	0.44116	2.56964e-06	3.99452e-06
437	725	547	72	72	58	17	0.583413	0.53886	2.8981e-06	4.96749e-06
438	754	608	80	81	77	5	0.58615	0.53418	2.83575e-06	4.83792e-06
439	724	566	90	92	79	20	0.506739	0.67976	3.17008e-06	6.25584e-06
440	721	544	72	73	63	11	0.597776	0.51454	2.81262e-06	4.70514e-06
441	753	588	45	46	43	3	0.737728	0.30418	2.03317e-06	2.75599e-06
442	735	589	74	74	66	8	0.603192	0.50552	2.776e-06	4.60219e-06
443	745	584	83	84	71	17	0.541063	0.61422	3.05423e-06	5.64486e-06
444	751	589	85	87	68	23	0.514963	0.66366	3.15827e-06	6.133e-06
445	682	546	69	71	62	10	0.608426	0.49688	2.76171e-06	4.53911e-06
446	714	566	67	67	58	9	0.627093	0.46666	2.67154e-06	4.26019e-06
447	708	585	65	66	55	18	0.602734	0.50628	2.82196e-06	4.68194e-06
448	751	591	75	75	64	12	0.587311	0.5322	2.86089e-06	4.87117e-06
449	723	569	71	71	60	13	0.599188	0.51218	2.81529e-06	4.69851e-06
450	727	572	81	83	66	25	0.522704	0.64874	3.14327e-06	6.01348e-06
451	737	583	64	67	55	14	0.611305	0.49216	2.76668e-06	4.52585e-06
452	725	574	68	70	61	13	0.602963	0.5059	2.79899e-06	4.64206e-06
453	755	609	67	69	57	16	0.597548	0.51492	2.83538e-06	4.74502e-06
454	691	546	68	69	62	7	0.625615	0.46902	2.66938e-06	4.26682e-06
455	712	556	62	64	56	9	0.63902	0.44782	2.61413e-06	4.09085e-06
456	710	568	59	60	55	6	0.665378	0.4074	2.46566e-06	3.70566e-06
457	754	606	73	73	68	5	0.61635	0.48394	2.70352e-06	4.38634e-06
458	725	582	72	72	64	8	0.610816	0.49296	2.74213e-06	4.48929e-06
459	695	547	64	66	56	11	0.62464	0.47058	2.6922e-06	4.31001e-06
460	739	583	65	65	56	9	0.635019	0.4541	2.63361e-06	4.14729e-06
461	661	525	58	59	55	4	0.676434	0.39092	2.39657e-06	3.54294e-06
462	758	588	62	63	57	7	0.649638	0.43134	2.55186e-06	3.92813e-06
463	718	561	86	89	76	15	0.529713	0.63542	3.08337e-06	5.82083e-06
464	681	548	73	74	66	8	0.603192	0.50552	2.776e-06	4.60219e-06
465	726	540	60	60	50	11	0.648625	0.4329	2.5759e-06	3.97132e-06
466	703	537	75	76	66	14	0.577712	0.54868	2.90813e-06	5.03388e-06
467	727	569	64	66	54	15	0.612026	0.49098	2.76791e-06	4.52254e-06
468	711	569	57	57	49	11	0.660961	0.41406	2.51296e-06	3.80198e-06
469	742	571	85	89	72	27	0.498267	0.69662	3.21802e-06	6.45843e-06
470	726	562	65	65	53	13	0.622196	0.4745	2.71267e-06	4.35983e-06
471	762	617	84	90	70	26	0.497679	0.6978	3.21588e-06	6.46175e-06
472	698	559	85	88	76	16	0.530338	0.63424	3.08525e-06	5.81752e-06
473	704	530	70	70	58	13	0.602963	0.5059	2.79899e-06	4.64206e-06
474	715	571	77	80	66	16	0.557663	0.584	2.99239e-06	5.36594e-06
475	726	586	70	71	60	15	0.593107	0.52238	2.84975e-06	4.80478e-06
476	729	558	90	90	79	12	0.534513	0.6264	3.05628e-06	5.71788e-06
477	775	578	73	73	67	6	0.613215	0.48904	2.72235e-06	4.43947e-06
478	744	587	95	98	82	18	0.493003	0.70724	3.19873e-06	6.48826e-06
479	675	531	70	70	61	10	0.612259	0.4906	2.74455e-06	4.48266e-06
480	766	599	72	73	65	8	0.606992	0.49924	2.75923e-06	4.54574e-06
481	701	533	73	74	68	7	0.606276	0.50042	2.75798e-06	4.54905e-06
482	718	563	67	69	56	19	0.588475	0.53022	2.88613e-06	4.90442e-06
483	717	571	77	78	67	12	0.57635	0.55104	2.9051e-06	5.04051e-06
484	726	572	82	83	72	13	0.555693	0.58754	2.98734e-06	5.37588e-06
485	731	568	91	93	78	17	0.51133	0.67074	3.14616e-06	6.15289e-06
486	738	583	68	69	56	15	0.600604	0.50982	2.81796e-06	4.69188e-06
487	747	597	69	71	65	7	0.617806	0.48158	2.70581e-06	4.37971e-06
488	680	533	59	59	57	2	0.683369	0.38072	2.34852e-06	3.43667e-06
489	771	591	64	64	54	11	0.632535	0.45802	2.65482e-06	4.19711e-06
490	766	604	62	62	53	11	0.64053	0.44546	2.61606e-06	4.08422e-06
491	731	563	64	66	60	7	0.637513	0.45018	2.61219e-06	4.09747e-06
492	704	566	78	80	69	12	0.569156	0.5636	2.93309e-06	5.15341e-06
493	709	546	90	90	79	12	0.534513	0.6264	3.05628e-06	5.71788e-06
494	733	578	78	80	75	5	0.589842	0.5279	2.82032e-06	4.78147e-06
495	754	579	79	79	67	16	0.561176	0.57772	2.97956e-06	5.30949e-06
496	750	592	74	77	68	11	0.582946	0.53966	2.87447e-06	4.93093e-06
497	695	534	71	73	60	15	0.585704	0.53494	2.8803e-06	4.91767e-06
498	766	587	67	67	62	5	0.640017	0.44626	2.59057e-06	4.04766e-06
499	706	568	86	89	72	22	0.511136	0.67112	3.16534e-06	6.19277e-06
500	745	580	82	84	71	19	0.535572	0.62442	3.08014e-06	5.75113e-06
501	721	569	84	86	73	15	0.539787	0.61658	3.0506e-06	5.65149e-06
502	683	536	70	73	60	17	0.579761	0.54514	2.91268e-06	5.02394e-06
503	736	580	70	71	60	14	0.59614	0.51728	2.83264e-06	4.75164e-06
504	783	617	68	70	62	9	0.615389	0.4855	2.72589e-06	4.42953e-06
505	753	601	67	68	56	14	0.607478	0.49844	2.78365e-06	4.5823e-06
506	689	555	77	77	65	18	0.562502	0.57536	2.98287e-06	5.30286e-06
507	732	559	65	66	57	10	0.627834	0.46548	2.67261e-06	4.25687e-06
508	709	576	75	76	64	12	0.583635	0.53848	2.87593e-06	4.92762e-06
509	766	614	83	86	73	14	0.542547	0.61148	3.03737e-06	5.59836e-06
510	724	585	75	77	64	16	0.568269	0.56516	2.95307e-06	5.1966e-06
511	704	535	69	71	62	10	0.608426	0.49688	2.76171e-06	4.53911e-06
512	738	594	80	82	69	15	0.553519	0.59146	3.00323e-06	5.4257e-06
513	656	528	69	69	62	7	0.625615	0.46902	2.66938e-06	4.26682e-06
514	756	628	89	89	81	8	0.548965	0.59972	2.99126e-06	5.4489e-06
515	693	537	83	85	75	12	0.551563	0.595	2.9981e-06	5.43564e-06
516	791	618	71	73	63	12	0.594735	0.51964	2.82991e-06	4.75827e-06
517	719	565	71	72	60	16	0.586396	0.53376	2.88176e-06	4.91436e-06
518	736	574	72	74	60	19	0.570284	0.56162	2.95787e-06	5.18665e-06
519	745	573	75	75	65	11	0.590314	0.5271	2.84416e-06	4.81804e-06
520	718	573	75	75	66	10	0.593333	0.522	2.82717e-06	4.7649e-06
521	740	577	94	96	74	27	0.476837	0.74058	3.26804e-06	6.85357e-06
522	673	536	58	59	53	7	0.666164	0.40622	2.46636e-06	3.70234e-06
523	783	601	81	83	74	10	0.56426	0.57224	2.94345e-06	5.21648e-06
524	696	558	65	67	58	10	0.623903	0.47176	2.6911e-06	4.31332e-06
525	712	557	85	85	69	19	0.532219	0.6307	3.0909e-06	5.80758e-06
526	714	566	73	73	61	15	0.585704	0.53494	2.8803e-06	4.91767e-06
527	727	558	63	65	54	15	0.615882	0.4847	2.75059e-06	4.46609e-06
528	728	569	69	70	65	6	0.624877	0.4702	2.66831e-06	4.27013e-06
529	731	582	65	68	56	13	0.610584	0.49334	2.76544e-06	4.52917e-06
530	743	578	78	81	67	18	0.548548	0.60048	3.03273e-06	5.52865e-06
531	716	567	63	64	56	9	0.63902	0.44782	2.61413e-06	4.09085e-06
532	764	600	88	92	77	21	0.504161	0.68486	3.18074e-06	6.30898e-06
533	699	541	62	62	58	4	0.66381	0.40976	2.46425e-06	3.71228e-06
534	725	580	88	89	71	22	0.511136	0.67112	3.16534e-06	6.19277e-06
535	716	566	82	83	76	8	0.570045	0.56204	2.91305e-06	5.11022e-06
536	747	579	65	67	56	13	0.61443	0.48706	2.74817e-06	4.47272e-06
537	730	570	73	74	62	18	0.5732	0.55652	2.94254e-06	5.13352e-06
538	746	571	80	80	67	14	0.563381	0.5738	2.9632e-06	5.25967e-06
539	745	605	68	69	59	12	0.609864	0.49452	2.7642e-06	4.53248e-06
540	677	526	85	88	72	23	0.511739	0.66994	3.16739e-06	6.18945e-06
541	769	618	78	80	69	12	0.569156	0.5636	2.93309e-06	5.15341e-06
542	702	556	75	79	67	18	0.555481	0.58792	3.00835e-06	5.41576e-06
543	738	577	69	72	59	20	0.574555	0.55416	2.94568e-06	5.12689e-06
544	712	567	65	65	53	14	0.619031	0.4796	2.73176e-06	4.41296e-06
545	717	573	62	63	58	5	0.656298	0.42114	2.50828e-06	3.82186e-06
546	731	553	77	79	68	14	0.56693	0.56752	2.94986e-06	5.20323e-06
547	751	581	82	84	71	16	0.543829	0.60912	3.04095e-06	5.59173e-06
548	748	580	74	75	68	7	0.60248	0.5067	2.77473e-06	4.6055e-06
549	704	549	69	71	66	5	0.62414	0.47138	2.66723e-06	4.27345e-06
550	727	591	75	76	67	11	0.586619	0.53338	2.85946e-06	4.87448e-06
551	705	572	89	91	79	13	0.528464	0.63778	3.07961e-06	5.82746e-06
552	755	573	75	76	64	17	0.56894	0.56398	2.95467e-06	5.19328e-06
553	720	580	75	79	65	19	0.552656	0.59302	3.02241e-06	5.46889e-06
554	695	551	75	77	59	27	0.537267	0.62126	3.10597e-06	5.78106e-06
555	734	564	65	66	53	20	0.596617	0.51648	2.85672e-06	4.78821e-06
556	728	553	75	76	67	10	0.589618	0.52828	2.84276e-06	4.82135e-06
557	751	575	77	78	65	16	0.564712	0.57144	2.96646e-06	5.25304e-06
558	687	549	76	76	69	8	0.595663	0.51808	2.8086e-06	4.71508e-06
559	684	551	70	71	64	9	0.611537	0.49178	2.74334e-06	4.48598e-06
560	708	533	69	70	55	23	0.572983	0.5569	2.96427e-06	5.1734e-06
561	747	573	89	90	74	31	0.485149	0.7233	3.2638e-06	6.72741e-06
562	722	580	59	61	54	7	0.657849	0.41878	2.50985e-06	3.81524e-06
563	712	576	51	51	50	1	0.722253	0.32538	2.11762e-06	2.93196e-06
564	737	584	79	81	73	8	0.57725	0.54948	2.8847e-06	4.99732e-06
565	683	533	69	71	63	9	0.611537	0.49178	2.74334e-06	4.48598e-06
566	754	601	79	79	69	10	0.578614	0.54712	2.88768e-06	4.99069e-06
567	691	542	61	63	57	7	0.649638	0.43134	2.55186e-06	3.92813e-06
568	787	607	60	62	52	13	0.634029	0.45566	2.65689e-06	4.19048e-06
569	710	559	78	79	67	13	0.569828	0.56242	2.93467e-06	5.15009e-06
570	746	583	100	102	81	25	0.463912	0.76806	3.28727e-06	7.08599e-06
571	755	586	75	76	68	8	0.595663	0.51808	2.8086e-06	4.71508e-06
572	725	593	63	63	56	8	0.646333	0.43644	2.57322e-06	3.98126e-06
573	696	542	45	45	42	3	0.742376	0.2979	2.00407e-06	2.69954e-06
574	726	580	70	72	65	7	0.613939	0.48786	2.72353e-06	4.43616e-06
575	744	606	81	81	69	16	0.554172	0.59028	3.00494e-06	5.42239e-06
576	746	586	65	67	56	16	0.605101	0.50236	2.8029e-06	4.63212e-06
577	719	568	72	75	62	15	0.578394	0.5475	2.90965e-06	5.03057e-06
578	712	562	76	77	63	16	0.568269	0.56516	2.95307e-06	5.1966e-06
579	686	546	89	92	78	18	0.511934	0.66956	3.14818e-06	6.14958e-06
580	727	560	70	70	60	13	0.602963	0.5059	2.79899e-06	4.64206e-06
581	738	572	84	86	69	19	0.528887	0.63698	3.10141e-06	5.86402e-06
582	741	584	49	49	45	4	0.720277	0.32812	2.14532e-06	2.97847e-06
583	668	510	63	66	54	14	0.615156	0.48588	2.74938e-06	4.46941e-06
584	762	581	87	91	72	32	0.479659	0.73468	3.27943e-06	6.83699e-06
585	698	555	74	76	64	14	0.577712	0.54868	2.90813e-06	5.03388e-06
586	732	568	69	70	61	10	0.612259	0.4906	2.74455e-06	4.48266e-06
587	715	557	47	50	42	11	0.690665	0.3701	2.35299e-06	3.40685e-06
588	728	573	67	67	62	5	0.640017	0.44626	2.59057e-06	4.04766e-06
589	729	578	65	66	56	12	0.621462	0.47568	2.71153e-06	4.36314e-06
590	755	609	96	103	86	22	0.468116	0.75904	3.26887e-06	6.98303e-06
591	744	570	72	74	64	13	0.588005	0.53102	2.86232e-06	4.86785e-06
592	674	522	56	58	54	4	0.680696	0.38464	2.37324e-06	3.48649e-06
593	766	600	72	72	64	10	0.604617	0.50316	2.77855e-06	4.59556e-06
594	701	558	59	59	54	6	0.66957	0.40112	2.4434e-06	3.64921e-06
595	722	569	79	81	67	16	0.554172	0.59028	3.00494e-06	5.42239e-06
596	717	556	70	72	65	7	0.613939	0.48786	2.72353e-06	4.43616e-06
597	715	566	72	73	64	9	0.603904	0.50434	2.77728e-06	4.59887e-06
598	736	585	61	63	59	5	0.656298	0.42114	2.50828e-06	3.82186e-06
599	768	621	69	71	63	9	0.611537	0.49178	2.74334e-06	4.48598e-06
600	738	563	74	75	67	8	0.599416	0.5118	2.79246e-06	4.65864e-06
601	702	522	80	82	67	24	0.528686	0.63736	3.12131e-06	5.9039e-06
602	721	557	74	74	63	13	0.588005	0.53102	2.86232e-06	4.86785e-06
603	703	556	79	79	67	15	0.564046	0.57262	2.96483e-06	5.25636e-06
604	767	611	74	75	65	11	0.590314	0.5271	2.84416e-06	4.81804e-06
605	719	562	69	69	61	8	0.622433	0.47412	2.68888e-06	4.31995e-06
606	728	566	65	66	56	14	0.615156	0.48588	2.74938e-06	4.46941e-06
607	733	583	65	65	62	3	0.654751	0.4235	2.50671e-06	3.82849e-06
608	700	544	77	79	62	23	0.541496	0.61342	3.07647e-06	5.68142e-06
609	749	601	91	92	79	15	0.519827	0.65426	3.11385e-06	5.99018e-06
610	684	528	63	63	56	7	0.649638	0.43134	2.55186e-06	3.92813e-06
611	696	535	62	62	59	3	0.667204	0.40466	2.4414e-06	3.65915e-06
612	706	552	76	79	67	12	0.572742	0.55732	2.91924e-06	5.09696e-06
613	729	581	61	63	53	12	0.633282	0.45684	2.65585e-06	4.1938e-06
614	721	567	57	59	52	10	0.656049	0.42152	2.53349e-06	3.86174e-06
615	719	553	71	73	65	10	0.600832	0.50944	2.79507e-06	4.65201e-06
616	735	614	76	76	68	8	0.595663	0.51808	2.8086e-06	4.71508e-06
617	736	567	70	71	65	6	0.620965	0.47648	2.68666e-06	4.32658e-06
618	752	579	69	71	65	9	0.611537	0.49178	2.74334e-06	4.48598e-06
619	688	545	61	61	54	8	0.654502	0.42388	2.53186e-06	3.86837e-06
620	783	623	84	85	65	42	0.473312	0.748	3.32721e-06	7.02964e-06
621	709	570	78	82	61	32	0.50755	0.67816	3.21227e-06	6.32897e-06
622	696	553	74	74	61	14	0.585014	0.53612	2.87884e-06	4.92099e-06
623	723	569	65	66	60	6	0.640773	0.44508	2.5915e-06	4.04434e-06
624	732	590	61	61	55	9	0.651173	0.42898	2.55358e-06	3.9215e-06
625	705	550	78	79	72	7	0.587535	0.53182	2.83855e-06	4.83129e-06
626	728	573	92	92	78	17	0.514551	0.66446	3.13693e-06	6.09644e-06
627	742	570	73	74	67	10	0.597071	0.51572	2.81128e-06	4.70845e-06
628	729	553	59	60	48	20	0.619526	0.4788	2.7566e-06	4.44952e-06
629	725	576	56	57	51	7	0.674583	0.39366	2.42138e-06	3.58945e-06
630	711	570	70	72	62	11	0.601541	0.50826	2.79638e-06	4.64869e-06
631	733	579	92	95	75	27	0.479841	0.7343	3.26154e-06	6.79712e-06
632	725	573	80	81	74	8	0.57725	0.54948	2.8847e-06	4.99732e-06
633	746	571	84	86	71	20	0.526197	0.64208	3.11359e-06	5.91716e-06
634	740	593	61	62	55	8	0.650405	0.43016	2.55272e-06	3.92482e-06
635	685	536	60	62	57	6	0.657073	0.41996	2.50907e-06	3.81855e-06
636	759	600	73	74	67	7	0.606276	0.50042	2.75798e-06	4.54905e-06
637	696	527	67	69	61	9	0.619266	0.47922	2.7081e-06	4.37308e-06
638	739	581	67	70	56	16	0.593808	0.5212	2.85115e-06	4.80146e-06
639	713	564	72	73	67	6	0.613215	0.48904	2.72235e-06	4.43947e-06
640	729	571	70	72	62	11	0.601541	0.50826	2.79638e-06	4.64869e-06
641	728	585	69	74	56	23	0.558769	0.58202	3.0169e-06	5.39919e-06
642	729	578	80	81	63	30	0.515984	0.66168	3.18169e-06	6.16625e-06
643	742	596	74	74	61	14	0.585014	0.53612	2.87884e-06	4.92099e-06
644	671	537	72	74	54	27	0.547485	0.60242	3.07233e-06	5.61172e-06
645	763	602	73	76	67	19	0.563166	0.57418	2.98453e-06	5.29955e-06
646	699	554	66	66	59	8	0.63427	0.45528	2.63261e-06	4.15061e-06
647	756	592	54	56	51	5	0.685793	0.37718	2.35003e-06	3.42673e-06
648	716	546	82	83	69	16	0.547255	0.60284	3.02921e-06	5.53528e-06
649	696	541	92	95	82	16	0.50753	0.6782	3.15311e-06	6.21265e-06
650	730	577	77	77	72	8	0.591934	0.52436	2.82443e-06	4.77153e-06
651	712	569	75	77	63	17	0.565378	0.57026	2.96808e-06	5.24973e-06
652	746	594	61	63	54	10	0.639774	0.44664	2.6151e-06	4.08753e-06
653	719	561	89	92	77	19	0.50933	0.67466	3.15922e-06	6.20271e-06
654	685	527	70	71	63	9	0.611537	0.49178	2.74334e-06	4.48598e-06
655	702	549	65	69	60	9	0.619266	0.47922	2.7081e-06	4.37308e-06
656	730	584	99	99	76	43	0.43127	0.84102	3.39541e-06	7.87304e-06
657	718	561	64	65	55	12	0.625377	0.4694	2.69331e-06	4.30669e-06
658	713	559	69	69	64	5	0.632029	0.45882	2.62959e-06	4.16055e-06
659	732	580	84	84	71	14	0.549405	0.59892	3.01374e-06	5.48546e-06
660	747	566	57	60	54	7	0.661993	0.4125	2.48829e-06	3.75879e-06
661	748	581	79	79	68	15	0.564046	0.57262	2.96483e-06	5.25636e-06
662	732	575	80	83	68	17	0.544471	0.60794	3.04273e-06	5.58842e-06
663	730	574	65	66	58	11	0.62464	0.47058	2.6922e-06	4.31001e-06
664	705	560	83	83	67	22	0.530763	0.63344	3.10713e-06	5.85408e-06
665	709	567	86	86	77	10	0.553729	0.59108	2.98229e-06	5.38583e-06
666	720	575	82	82	72	11	0.564926	0.57106	2.94506e-06	5.21317e-06
667	726	574	66	66	59	8	0.63427	0.45528	2.63261e-06	4.15061e-06
668	734	570	66	67	58	12	0.617572	0.48196	2.72941e-06	4.41959e-06
669	730	570	69	70	62	9	0.615389	0.4855	2.72589e-06	4.42953e-06
670	751	588	74	75	62	13	0.584324	0.5373	2.87739e-06	4.9243e-06
671	686	534	69	70	61	11	0.609144	0.4957	2.76296e-06	4.5358e-06
672	779	618	83	83	69	19	0.538946	0.61814	3.06913e-06	5.69468e-06
673	707	563	85	88	72	16	0.530338	0.63424	3.08525e-06	5.81752e-06
674	744	582	82	86	76	10	0.553729	0.59108	2.98229e-06	5.38583e-06
675	722	575	86	88	80	9	0.549613	0.59854	2.99297e-06	5.44559e-06
676	739	580	68	71	59	14	0.59614	0.51728	2.83264e-06	4.75164e-06
677	736	570	89	90	78	15	0.526397	0.6417	3.09378e-06	5.87728e-06
678	669	539	59	62	54	9	0.647096	0.43526	2.57412e-06	3.97795e-06
679	706	547	74	75	60	18	0.569612	0.5628	2.95627e-06	5.18997e-06
680	768	602	67	70	62	9	0.615389	0.4855	2.72589e-06	4.42953e-06
681	732	578	58	60	48	14	0.638777	0.4482	2.63861e-06	4.13072e-06
682	710	569	59	59	56	4	0.676434	0.39092	2.39657e-06	3.54294e-06
683	733	584	70	70	61	11	0.609144	0.4957	2.76296e-06	4.5358e-06
684	724	586	57	57	49	11	0.660961	0.41406	2.51296e-06	3.80198e-06
685	756	582	77	81	63	37	0.497888	0.69738	3.25528e-06	6.53818e-06
686	739	586	63	66	53	24	0.584569	0.53688	2.92328e-06	5.00074e-06
687	697	545	57	58	51	7	0.67036	0.39994	2.44406e-06	3.64589e-06
688	757	589	81	83	71	14	0.552866	0.59264	3.00152e-06	5.42902e-06
689	694	523	70	73	65	9	0.603904	0.50434	2.77728e-06	4.59887e-06
690	730	566	82	82	69	13	0.559193	0.58126	2.97459e-06	5.31943e-06
691	712	564	75	76	65	11	0.586619	0.53338	2.85946e-06	4.87448e-06
692	670	534	65	66	61	6	0.640773	0.44508	2.5915e-06	4.04434e-06
693	726	575	84	84	71	15	0.54661	0.60402	3.02745e-06	5.5386e-06
694	722	568	65	67	58	9	0.627093	0.46666	2.67154e-06	4.26019e-06
695	741	584	80	84	67	19	0.535572	0.62442	3.08014e-06	5.75113e-06
696	713	555	85	86	69	22	0.520857	0.65228	3.13734e-06	6.02342e-06
697	761	602	72	74	58	18	0.5732	0.55652	2.94254e-06	5.13352e-06
698	697	545	93	94	78	16	0.510727	0.67192	3.14414e-06	6.15621e-06
699	768	612	91	93	81	15	0.516572	0.66054	3.12352e-06	6.04662e-06
700	714	583	69	69	61	8	0.622433	0.47412	2.68888e-06	4.31995e-06
701	706	570	55	59	54	5	0.672993	0.39602	2.42013e-06	3.59607e-06
702	728	576	76	77	66	13	0.577031	0.54986	2.90662e-06	5.0372e-06
703	731	570	80	81	72	9	0.574313	0.55458	2.90054e-06	5.05045e-06
704	744	578	67	69	62	7	0.625615	0.46902	2.66938e-06	4.26682e-06
705	726	566	67	69	66	3	0.638509	0.44862	2.5887e-06	4.05428e-06
706	697	561	56	56	51	6	0.682304	0.38228	2.37433e-06	3.47986e-06
707	699	544	84	85	74	13	0.548757	0.6001	3.012e-06	5.48878e-06
708	719	580	89	90	84	6	0.551121	0.5958	2.97555e-06	5.39908e-06
709	717	558	73	74	61	19	0.570284	0.56162	2.95787e-06	5.18665e-06
710	720	568	58	61	50	17	0.62514	0.46978	2.71721e-06	4.34657e-06
711	731	566	69	70	63	7	0.621699	0.4753	2.68777e-06	4.32326e-06
712	749	589	77	79	70	10	0.578614	0.54712	2.88768e-06	4.99069e-06
713	746	583	75	76	66	16	0.571849	0.55888	2.93939e-06	5.14015e-06
714	739	550	62	64	53	16	0.616609	0.48352	2.75179e-06	4.46278e-06
715	713	570	61	64	52	16	0.616609	0.48352	2.75179e-06	4.46278e-06
716	703	530	56	56	50	6	0.682304	0.38228	2.37433e-06	3.47986e-06
717	758	584	83	85	72	16	0.540425	0.6154	3.05241e-06	5.64818e-06
718	719	561	76	78	64	17	0.561839	0.57654	2.98122e-06	5.30618e-06
719	719	560	64	64	61	3	0.658876	0.41722	2.48531e-06	3.77205e-06
720	733	594	76	79	63	20	0.549844	0.59812	3.03625e-06	5.52202e-06
721	690	539	65	65	57	10	0.631789	0.4592	2.65378e-06	4.20043e-06
722	749	578	85	86	71	19	0.528887	0.63698	3.10141e-06	5.86402e-06
723	684	529	67	67	59	10	0.623903	0.47176	2.6911e-06	4.31332e-06
724	776	610	72	74	60	14	0.585014	0.53612	2.87884e-06	4.92099e-06
725	706	583	65	66	57	13	0.618301	0.48078	2.73059e-06	4.41627e-06
726	731	577	62	63	54	11	0.63652	0.45174	2.63561e-06	4.14066e-06
727	721	561	66	67	58	9	0.627093	0.46666	2.67154e-06	4.26019e-06
728	747	561	80	80	67	17	0.554826	0.5891	3.00664e-06	5.41907e-06
729	735	568	66	67	62	5	0.640017	0.44626	2.59057e-06	4.04766e-06
730	686	543	65	65	56	10	0.631789	0.4592	2.65378e-06	4.20043e-06
731	752	580	84	86	72	15	0.539787	0.61658	3.0506e-06	5.65149e-06
732	787	608	73	74	62	17	0.576131	0.55142	2.92697e-06	5.08039e-06
733	739	569	73	74	64	11	0.594033	0.52082	2.82854e-06	4.76159e-06
734	713	562	76	79	68	17	0.558322	0.58282	2.99407e-06	5.36262e-06
735	692	559	70	72	67	7	0.613939	0.48786	2.72353e-06	4.43616e-06
736	723	567	60	61	55	6	0.661213	0.41368	2.48755e-06	3.7621e-06
737	731	577	51	52	46	7	0.696101	0.36226	2.30215e-06	3.30721e-06
738	737	576	65	67	57	10	0.623903	0.47176	2.6911e-06	4.31332e-06
739	706	545	69	70	63	8	0.618536	0.4804	2.70696e-06	4.3764e-06
740	755	603	46	48	42	6	0.717459	0.33204	2.17267e-06	3.02828e-06
741	692	538	60	60	48	14	0.638777	0.4482	2.63861e-06	4.13072e-06
742	757	582	76	76	66	14	0.577712	0.54868	2.90813e-06	5.03388e-06
743	711	567	63	64	56	9	0.63902	0.44782	2.61413e-06	4.09085e-06
744	697	533	65	68	63	6	0.632775	0.45764	2.6306e-06	4.15724e-06
745	725	572	52	54	46	8	0.683916	0.37992	2.3754e-06	3.47324e-06
746	820	649	81	81	72	9	0.574313	0.55458	2.90054e-06	5.05045e-06
747	740	580	88	88	77	12	0.541268	0.61384	3.0338e-06	5.60499e-06
748	732	576	70	71	62	10	0.608426	0.49688	2.76171e-06	4.53911e-06
749	759	580	63	68	56	19	0.592183	0.52394	2.87088e-06	4.84797e-06
750	695	542	83	83	71	13	0.555693	0.58754	2.98734e-06	5.37588e-06
751	729	573	76	78	64	20	0.553308	0.59184	3.02415e-06	5.46558e-06
752	713	565	72	73	61	16	0.582725	0.54004	2.89661e-06	4.97081e-06
753	713	575	64	65	56	9	0.635019	0.4541	2.63361e-06	4.14729e-06
754	727	576	63	64	57	9	0.63902	0.44782	2.61413e-06	4.09085e-06
755	688	542	62	65	51	21	0.597321	0.5153	2.85812e-06	4.78489e-06
756	742	589	72	73	64	11	0.597776	0.51454	2.81262e-06	4.70514e-06
757	670	536	55	58	46	15	0.64356	0.44074	2.61991e-06	4.07096e-06
758	763	615	86	86	77	9	0.55656	0.58598	2.96796e-06	5.33269e-06
759	747	600	90	91	74	24	0.499634	0.69388	3.20362e-06	6.41193e-06
760	780	614	53	54	45	10	0.676976	0.39012	2.42324e-06	3.5795e-06
761	757	616	79	79	70	10	0.578614	0.54712	2.88768e-06	4.99069e-06
762	726	561	80	80	74	7	0.583857	0.5381	2.85374e-06	4.88774e-06
763	729	576	86	86	75	16	0.537041	0.62168	3.06362e-06	5.70462e-06
764	709	561	87	90	78	15	0.526397	0.6417	3.09378e-06	5.87728e-06
765	745	579	80	81	70	12	0.565593	0.56988	2.94666e-06	5.20985e-06
766	747	600	62	62	55	8	0.650405	0.43016	2.55272e-06	3.92482e-06
767	720	583	83	83	72	12	0.558534	0.58244	2.97294e-06	5.32275e-06
768	702	561	66	66	60	6	0.640773	0.44508	2.5915e-06	4.04434e-06
769	757	598	83	84	74	12	0.555037	0.58872	2.98565e-06	5.3792e-06
770	718	553	72	73	67	6	0.613215	0.48904	2.72235e-06	4.43947e-06
771	740	577	76	83	69	15	0.550053	0.59774	3.01547e-06	5.48215e-06
772	732	574	85	86	78	9	0.55656	0.58598	2.96796e-06	5.33269e-06
773	671	525	73	75	64	16	0.575452	0.5526	2.92542e-06	5.0837e-06
774	747	594	64	66	53	20	0.596617	0.51648	2.85672e-06	4.78821e-06
775	681	541	64	64	56	9	0.63902	0.44782	2.61413e-06	4.09085e-06
776	772	607	75	76	67	10	0.589618	0.52828	2.84276e-06	4.82135e-06
777	704	541	75	75	67	8	0.599416	0.5118	2.79246e-06	4.65864e-06
778	706	545	83	87	72	20	0.522903	0.64836	3.12361e-06	5.97361e-06
779	720	582	63	63	58	6	0.65296	0.42624	2.53022e-06	3.875e-06
780	752	567	86	89	76	15	0.529713	0.63542	3.08337e-06	5.82083e-06
781	734	561	63	65	56	11	0.628575	0.4643	2.67368e-06	4.25356e-06
782	697	544	67	68	58	11	0.616843	0.48314	2.72824e-06	4.4229e-06
783	750	594	82	86	69	32	0.494959	0.70328	3.24434e-06	6.55476e-06
784	686	536	69	73	59	18	0.576811	0.55024	2.92851e-06	5.07707e-06
785	778	625	78	79	72	7	0.587535	0.53182	2.83855e-06	4.83129e-06
786	720	567	73	75	62	15	0.578394	0.5475	2.90965e-06	5.03057e-06
787	741	566	83	84	71	15	0.54661	0.60402	3.02745e-06	5.5386e-06
788	722	564	57	58	51	7	0.67036	0.39994	2.44406e-06	3.64589e-06
789	686	540	58	58	49	10	0.660182	0.41524	2.51219e-06	3.80529e-06
790	736	585	85	88	81	7	0.555248	0.58834	2.96465e-06	5.33932e-06
791	713	555	50	54	41	17	0.653234	0.42582	2.58121e-06	3.95143e-06
792	754	595	78	79	69	11	0.57567	0.55222	2.90358e-06	5.04383e-06
793	722	572	78	79	65	19	0.552656	0.59302	3.02241e-06	5.46889e-06
794	770	594	67	70	61	13	0.602963	0.5059	2.79899e-06	4.64206e-06
795	709	550	68	69	53	22	0.57954	0.54552	2.93468e-06	5.06381e-06
796	706	539	64	66	56	14	0.615156	0.48588	2.74938e-06	4.46941e-06
797	724	569	95	100	82	26	0.467386	0.7606	3.28396e-06	7.02622e-06
798	664	530	70	70	60	11	0.609144	0.4957	2.76296e-06	4.5358e-06
799	738	585	64	64	57	8	0.642287	0.44272	2.59337e-06	4.03771e-06
800	726	570	60	60	54	7	0.661993	0.4125	2.48829e-06	3.75879e-06
801	757	594	69	70	63	7	0.621699	0.4753	2.68777e-06	4.32326e-06
802	693	558	48	49	43	6	0.712967	0.33832	2.19931e-06	3.08473e-06
803	755	578	87	87	75	13	0.541907	0.61266	3.03559e-06	5.60167e-06
804	712	567	75	77	61	18	0.562502	0.57536	2.98287e-06	5.30286e-06
805	720	561	68	68	59	12	0.613706	0.48824	2.74697e-06	4.47604e-06
806	726	569	69	72	60	17	0.583413	0.53886	2.8981e-06	4.96749e-06
807	719	578	96	98	85	15	0.500604	0.69194	3.16825e-06	6.32886e-06
808	741	597	75	77	59	23	0.54834	0.60086	3.05345e-06	5.56853e-06
809	666	522	70	74	64	10	0.597071	0.51572	2.81128e-06	4.70845e-06
810	761	604	71	74	61	13	0.588005	0.53102	2.86232e-06	4.86785e-06
811	697	536	76	77	67	11	0.582946	0.53966	2.87447e-06	4.93093e-06
812	803	664	62	62	60	3	0.667204	0.40466	2.4414e-06	3.65915e-06
813	770	597	95	97	85	13	0.508922	0.67546	3.13809e-06	6.16615e-06
814	733	586	86	88	76	13	0.538515	0.61894	3.04698e-06	5.65812e-06
815	728	562	63	64	58	6	0.648872	0.43252	2.551e-06	3.93145e-06
816	757	588	69	70	61	11	0.609144	0.4957	2.76296e-06	4.5358e-06
817	743	592	70	71	61	14	0.59614	0.51728	2.83264e-06	4.75164e-06
818	702	565	77	78	68	16	0.564712	0.57144	2.96646e-06	5.25304e-06
819	727	585	71	72	62	13	0.595437	0.51846	2.83128e-06	4.75496e-06
820	700	523	62	66	56	11	0.62464	0.47058	2.6922e-06	4.31001e-06
821	717	558	78	79	64	21	0.547047	0.60322	3.04987e-06	5.57516e-06
822	716	557	71	73	63	13	0.591709	0.52474	2.84695e-06	4.81141e-06
823	748	583	92	93	85	8	0.535347	0.62484	3.03793e-06	5.67469e-06
824	730	585	74	74	67	7	0.606276	0.50042	2.75798e-06	4.54905e-06
825	687	529	83	87	76	13	0.541907	0.61266	3.03559e-06	5.60167e-06
826	746	586	57	58	50	9	0.663557	0.41014	2.48977e-06	3.75216e-06
827	678	527	59	60	52	9	0.655275	0.4227	2.53267e-06	3.86505e-06
828	770	606	91	93	83	11	0.527219	0.64014	3.07584e-06	5.83409e-06
829	703	571	58	58	53	5	0.677233	0.38974	2.39715e-06	3.53963e-06
830	721	562	72	74	65	10	0.597071	0.51572	2.81128e-06	4.70845e-06
831	719	564	79	81	73	9	0.574313	0.55458	2.90054e-06	5.05045e-06
832	766	590	82	82	74	11	0.564926	0.57106	2.94506e-06	5.21317e-06
833	733	593	58	58	53	5	0.677233	0.38974	2.39715e-06	3.53963e-06
834	706	556	75	77	62	17	0.565378	0.57026	2.96808e-06	5.24973e-06
835	749	574	80	83	68	15	0.550053	0.59774	3.01547e-06	5.48215e-06
836	683	562	77	78	65	17	0.561839	0.57654	2.98122e-06	5.30618e-06
837	775	630	88	90	80	12	0.534513	0.6264	3.05628e-06	5.71788e-06
838	706	563	63	64	59	6	0.648872	0.43252	2.551e-06	3.93145e-06
839	734	590	82	83	72	12	0.558534	0.58244	2.97294e-06	5.32275e-06
840	682	534	65	65	58	7	0.64153	0.4439	2.59244e-06	4.04103e-06
841	689	541	63	64	59	6	0.648872	0.43252	2.551e-06	3.93145e-06
842	735	565	67	70	58	16	0.593808	0.5212	2.85115e-06	4.80146e-06
843	730	585	64	64	58	6	0.648872	0.43252	2.551e-06	3.93145e-06
844	752	585	81	83	69	16	0.547255	0.60284	3.02921e-06	5.53528e-06
845	734	556	79	87	71	23	0.514963	0.66366	3.15827e-06	6.133e-06
846	734	568	56	58	52	7	0.67036	0.39994	2.44406e-06	3.64589e-06
847	708	559	73	74	66	9	0.600123	0.51062	2.79377e-06	4.65532e-06
848	714	570	67	68	60	8	0.626354	0.46784	2.67046e-06	4.2635e-06
849	723	580	68	69	59	13	0.606761	0.49962	2.78237e-06	4.58562e-06
850	729	554	77	81	70	11	0.568485	0.56478	2.93152e-06	5.15672e-06
851	737	572	87	87	76	12	0.544678	0.60756	3.02217e-06	5.54854e-06
852	733	566	58	58	56	2	0.687674	0.37444	2.3245e-06	3.38023e-06
853	755	614	71	73	61	14	0.588699	0.52984	2.86375e-06	4.86454e-06
854	691	550	66	67	58	10	0.623903	0.47176	2.6911e-06	4.31332e-06
855	684	545	71	79	63	22	0.544264	0.60832	3.06328e-06	5.62829e-06
856	711	561	70	74	60	21	0.564497	0.57182	2.98784e-06	5.29292e-06
857	727	582	90	91	80	12	0.531166	0.63268	3.06713e-06	5.77433e-06
858	725	574	94	97	85	15	0.503758	0.68566	3.15978e-06	6.27242e-06
859	735	578	91	93	79	17	0.51133	0.67074	3.14616e-06	6.15289e-06
860	739	579	57	57	51	6	0.678033	0.38856	2.39773e-06	3.53631e-06
861	662	517	62	62	58	4	0.66381	0.40976	2.46425e-06	3.71228e-06
862	759	597	70	70	61	11	0.609144	0.4957	2.76296e-06	4.5358e-06
863	695	550	70	71	58	14	0.59614	0.51728	2.83264e-06	4.75164e-06
864	797	628	70	74	59	23	0.558769	0.58202	3.0169e-06	5.39919e-06
865	713	552	51	52	48	4	0.706834	0.34696	2.22498e-06	3.14781e-06
866	740	601	79	81	70	12	0.565593	0.56988	2.94666e-06	5.20985e-06
867	714	546	69	71	62	11	0.605331	0.50198	2.77983e-06	4.59224e-06
868	734	570	91	96	82	20	0.494168	0.70488	3.20302e-06	6.48163e-06
869	678	531	56	58	49	10	0.660182	0.41524	2.51219e-06	3.80529e-06
870	707	557	87	87	80	8	0.555904	0.58716	2.96631e-06	5.33601e-06
871	733	584	57	61	51	11	0.644565	0.43918	2.59616e-06	4.02777e-06
872	698	555	60	61	50	14	0.634778	0.45448	2.65792e-06	4.18717e-06
873	772	592	76	77	70	7	0.594961	0.51926	2.80726e-06	4.7184e-06
874	715	561	73	73	68	5	0.61635	0.48394	2.70352e-06	4.38634e-06
875	758	609	67	67	60	7	0.633522	0.45646	2.6316e-06	4.15392e-06
876	729	557	75	77	60	25	0.542775	0.61106	3.08014e-06	5.6748e-06
877	698	561	66	66	63	4	0.647342	0.43488	2.54928e-06	3.93807e-06
878	744	592	60	60	57	3	0.675637	0.3921	2.39598e-06	3.54626e-06
879	742	581	94	98	80	22	0.483048	0.72764	3.2368e-06	6.7008e-06
880	767	592	62	63	54	9	0.643045	0.44154	2.5943e-06	4.0344e-06
881	701	574	61	62	58	4	0.66381	0.40976	2.46425e-06	3.71228e-06
882	742	576	49	49	44	6	0.712967	0.33832	2.19931e-06	3.08473e-06
883	717	569	95	99	83	18	0.489917	0.71352	3.20636e-06	6.54471e-06
884	704	564	61	62	56	7	0.653731	0.42506	2.53104e-06	3.87168e-06
885	731	578	60	60	55	5	0.66878	0.4023	2.44273e-06	3.65252e-06
886	714	558	68	69	59	11	0.612982	0.48942	2.74576e-06	4.47935e-06
887	747	583	67	70	61	12	0.606046	0.5008	2.7811e-06	4.58893e-06
888	680	553	51	51	43	10	0.689851	0.37128	2.3525e-06	3.41016e-06
889	772	617	72	73	67	6	0.613215	0.48904	2.72235e-06	4.43947e-06
890	704	554	59	60	52	8	0.658626	0.4176	2.51063e-06	3.81192e-06
891	707	545	78	79	67	14	0.56693	0.56752	2.94986e-06	5.20323e-06
892	720	556	70	75	59	19	0.566714	0.5679	2.97134e-06	5.2431e-06
893	724	570	76	78	68	13	0.573418	0.55614	2.92079e-06	5.09364e-06
894	758	584	76	81	68	24	0.532017	0.63108	3.11094e-06	5.84745e-06
895	727	578	73	73	67	6	0.613215	0.48904	2.72235e-06	4.43947e-06
896	698	541	60	60	55	5	0.66878	0.4023	2.44273e-06	3.65252e-06
897	692	532	46	46	41	6	0.726527	0.31948	2.11811e-06	2.91539e-06
898	719	576	84	85	76	12	0.551563	0.595	2.9981e-06	5.43564e-06
899	707	554	72	74	66	11	0.594033	0.52082	2.82854e-06	4.76159e-06
900	721	574	50	51	45	6	0.704068	0.35088	2.25135e-06	3.19763e-06
901	722	577	78	80	66	17	0.554826	0.5891	3.00664e-06	5.41907e-06
902	735	565	81	81	68	16	0.554172	0.59028	3.00494e-06	5.42239e-06
903	736	593	72	75	65	13	0.584324	0.5373	2.87739e-06	4.9243e-06
904	740	574	84	85	68	25	0.51618	0.6613	3.16231e-06	6.12638e-06
905	753	580	70	72	64	9	0.607708	0.49806	2.76047e-06	4.54243e-06
906	689	539	78	84	70	16	0.543829	0.60912	3.04095e-06	5.59173e-06
907	735	576	61	61	54	7	0.657849	0.41878	2.50985e-06	3.81524e-06
908	709	565	71	72	60	16	0.586396	0.53376	2.88176e-06	4.91436e-06
909	733	587	78	80	71	10	0.574992	0.5534	2.90206e-06	5.04714e-06
910	724	568	78	81	68	19	0.545758	0.60558	3.0463e-06	5.58179e-06
911	761	610	75	77	69	8	0.591934	0.52436	2.82443e-06	4.77153e-06
912	738	588	85	86	72	16	0.537041	0.62168	3.06362e-06	5.70462e-06
913	758	600	68	70	62	8	0.618536	0.4804	2.70696e-06	4.3764e-06
914	757	589	55	55	51	5	0.690113	0.3709	2.32588e-06	3.37028e-06
915	693	541	66	66	55	13	0.618301	0.48078	2.73059e-06	4.41627e-06
916	792	617	101	103	88	17	0.480206	0.73354	3.22572e-06	6.71737e-06
917	712	553	52	53	47	8	0.688225	0.37364	2.35152e-06	3.41679e-06
918	748	572	101	105	84	28	0.448342	0.8022	3.32433e-06	7.41473e-06
919	726	584	68	70	60	11	0.609144	0.4957	2.76296e-06	4.5358e-06
920	688	538	59	59	51	9	0.659403	0.41642	2.51141e-06	3.80861e-06
921	733	566	83	86	70	28	0.50516	0.68288	3.20384e-06	6.34222e-06
922	791	604	86	87	73	17	0.530965	0.63306	3.08714e-06	5.81421e-06
923	741	577	75	77	68	9	0.588923	0.52946	2.84136e-06	4.82466e-06
924	714	559	66	70	57	20	0.581817	0.5416	2.91723e-06	5.014e-06
925	735	574	81	83	71	14	0.552866	0.59264	3.00152e-06	5.42902e-06
926	714	568	70	72	58	14	0.592408	0.52356	2.84835e-06	4.80809e-06
927	715	565	84	87	77	12	0.544678	0.60756	3.02217e-06	5.54854e-06
928	728	580	74	74	67	7	0.606276	0.50042	2.75798e-06	4.54905e-06
929	707	551	83	85	70	22	0.524138	0.646	3.12752e-06	5.96698e-06
930	743	592	68	68	63	5	0.636011	0.45254	2.61025e-06	4.1041e-06
931	690	523	67	69	56	13	0.606761	0.49962	2.78237e-06	4.58562e-06
932	764	594	74	74	67	8	0.603192	0.50552	2.776e-06	4.60219e-06
933	700	565	76	77	68	10	0.585927	0.53456	2.85803e-06	4.8778e-06
934	714	553	70	74	62	15	0.582038	0.54122	2.89513e-06	4.97412e-06
935	716	576	75	78	62	23	0.544907	0.60714	3.06509e-06	5.62498e-06
936	751	574	90	92	75	25	0.49398	0.70526	3.2215e-06	6.52151e-06
937	730	579	78	80	66	24	0.535368	0.6248	3.10032e-06	5.791e-06
938	721	556	76	76	68	14	0.577712	0.54868	2.90813e-06	5.03388e-06
939	746	584	82	83	72	12	0.558534	0.58244	2.97294e-06	5.32275e-06
940	678	524	59	59	54	6	0.66957	0.40112	2.4434e-06	3.64921e-06
941	769	644	64	65	53	16	0.612749	0.4898	2.76915e-06	4.51923e-06
942	702	558	79	79	67	13	0.569828	0.56242	2.93467e-06	5.15009e-06
943	714	554	72	72	64	9	0.607708	0.49806	2.76047e-06	4.54243e-06
944	718	558	69	72	61	13	0.595437	0.51846	2.83128e-06	4.75496e-06
945	732	568	70	72	61	15	0.589394	0.52866	2.86518e-06	4.86123e-06
946	732	540	54	56	50	7	0.678833	0.38738	2.39832e-06	3.533e-06
947	734	575	75	78	68	11	0.579297	0.54594	2.88917e-06	4.98738e-06
948	707	555	61	62	53	11	0.64053	0.44546	2.61606e-06	4.08422e-06
949	728	576	65	67	60	11	0.620729	0.47686	2.71039e-06	4.36645e-06
950	747	592	81	81	70	11	0.568485	0.56478	2.93152e-06	5.15672e-06
951	705	552	62	64	56	14	0.622931	0.47332	2.7138e-06	4.35651e-06
952	727	551	67	69	59	10	0.616116	0.48432	2.72706e-06	4.42622e-06
953	720	581	63	65	54	20	0.600375	0.5102	2.84083e-06	4.73176e-06
954	700	553	72	74	68	6	0.609376	0.49532	2.73971e-06	4.49592e-06
955	734	590	86	89	74	16	0.527018	0.64052	3.09569e-06	5.87397e-06
956	749	589	82	84	73	14	0.549405	0.59892	3.01374e-06	5.48546e-06
957	751	589	80	80	72	9	0.577931	0.5483	2.88619e-06	4.99401e-06
958	687	522	72	74	64	11	0.594033	0.52082	2.82854e-06	4.76159e-06
959	736	576	72	74	65	10	0.597071	0.51572	2.81128e-06	4.70845e-06
960	708	538	67	69	62	7	0.625615	0.46902	2.66938e-06	4.26682e-06
961	680	517	63	64	59	6	0.648872	0.43252	2.551e-06	3.93145e-06
962	723	546	56	59	51	9	0.659403	0.41642	2.51141e-06	3.80861e-06
963	708	554	83	83	69	21	0.533477	0.62834	3.09467e-06	5.80095e-06
964	737	565	68	68	63	6	0.632775	0.45764	2.6306e-06	4.15724e-06
965	688	537	62	62	57	8	0.650405	0.43016	2.55272e-06	3.92482e-06
966	755	587	65	67	58	11	0.620729	0.47686	2.71039e-06	4.36645e-06
967	691	533	53	53	51	2	0.70961	0.34304	2.19836e-06	3.09799e-06
968	787	613	69	69	64	6	0.628814	0.46392	2.64962e-06	4.21368e-06
969	710	563	53	53	46	7	0.691744	0.36854	2.32679e-06	3.36366e-06
970	759	573	83	84	72	13	0.552214	0.59382	2.99981e-06	5.43233e-06
971	725	550	75	75	62	18	0.569612	0.5628	2.95627e-06	5.18997e-06
972	699	555	81	83	66	22	0.530763	0.63344	3.10713e-06	5.85408e-06
973	739	583	80	82	75	8	0.573636	0.55576	2.89902e-06	5.05377e-06
974	717	577	80	86	66	27	0.507743	0.67778	3.19324e-06	6.28909e-06
975	749	579	84	87	72	21	0.520243	0.65346	3.13537e-06	6.02674e-06
976	721	571	78	79	71	9	0.581572	0.54202	2.87155e-06	4.93756e-06
977	723	569	90	91	77	17	0.517793	0.65818	3.12747e-06	6.04e-06
978	713	566	62	63	55	10	0.639774	0.44664	2.6151e-06	4.08753e-06
979	768	583	94	94	80	16	0.510727	0.67192	3.14414e-06	6.15621e-06
980	727	583	62	64	54	14	0.622931	0.47332	2.7138e-06	4.35651e-06
981	715	560	81	83	74	9	0.567145	0.56714	2.92837e-06	5.16335e-06
982	741	588	75	75	60	23	0.55527	0.5883	3.02935e-06	5.45563e-06
983	703	563	60	60	58	2	0.679091	0.387	2.37215e-06	3.49312e-06
984	762	597	72	73	64	9	0.603904	0.50434	2.77728e-06	4.59887e-06
985	698	551	59	59	50	10	0.656049	0.42152	2.53349e-06	3.86174e-06
986	708	547	89	91	77	15	0.523101	0.64798	3.10394e-06	5.93373e-06
987	715	550	80	80	69	12	0.569156	0.5636	2.93309e-06	5.15341e-06
988	699	543	77	77	71	7	0.594961	0.51926	2.80726e-06	4.7184e-06
989	729	539	75	77	64	17	0.565378	0.57026	2.96808e-06	5.24973e-06
990	702	560	61	65	59	7	0.64153	0.4439	2.59244e-06	4.04103e-06
991	744	589	71	73	65	9	0.603904	0.50434	2.77728e-06	4.59887e-06
992	674	532	63	64	59	6	0.648872	0.43252	2.551e-06	3.93145e-06
993	766	597	86	87	74	17	0.530965	0.63306	3.08714e-06	5.81421e-06
994	701	546	73	75	61	18	0.569612	0.5628	2.95627e-06	5.18997e-06
995	721	566	79	82	73	10	0.567815	0.56596	2.92994e-06	5.16004e-06
996	717	552	69	70	61	11	0.609144	0.4957	2.76296e-06	4.5358e-06
997	700	552	66	66	59	7	0.637513	0.45018	2.61219e-06	4.09747e-06
998	731	587	79	79	71	8	0.584546	0.53692	2.85517e-06	4.88443e-06
999	741	593	68	70	57	15	0.596844	0.5161	2.83401e-06	4.74833e-06
1000	747	599	101	102	85	18	0.480773	0.73236	3.22794e-06	6.71405e-06