Hist	Tr_Tot	Tr_in	DSBs	DSBt	RIFs	NComb	PSurv	lPSurv	PMut*	PMut
1	5	4	33	44	19	202	0.270761	1.30652	3.57854e-06	1.32166e-05
2	5	5	7	7	7	0	0.956992	0.04396	3.78139e-07	3.95133e-07
3	6	4	37	43	16	104	0.449131	0.80044	3.57199e-06	7.9531e-06
4	5	3	27	32	9	85	0.530222	0.63446	3.3524e-06	6.32265e-06
5	4	4	3	3	3	0	0.981336	0.01884	1.66182e-07	1.69343e-07
6	2	2	10	11	6	6	0.905127	0.09968	8.50568e-07	9.39723e-07
7	11	9	16	16	14	2	0.895225	0.11068	9.03665e-07	1.00943e-06
8	6	5	8	8	6	2	0.94135	0.06044	5.2513e-07	5.57847e-07
9	7	6	22	23	11	29	0.746515	0.29234	2.11947e-06	2.83916e-06
10	4	3	8	10	7	4	0.920167	0.0832	7.14978e-07	7.77009e-07
11	9	5	28	31	15	44	0.657652	0.41908	2.68831e-06	4.08774e-06
12	12	9	54	60	33	100	0.411972	0.8868	3.58423e-06	8.70018e-06
13	6	4	6	6	5	1	0.958122	0.04278	3.7541e-07	3.91819e-07
14	6	3	12	13	6	18	0.840768	0.17344	1.42108e-06	1.69022e-06
15	3	2	23	26	7	125	0.448979	0.80078	3.6409e-06	8.10929e-06
16	3	2	26	31	9	108	0.474506	0.74548	3.55323e-06	7.48826e-06
17	7	5	40	46	20	83	0.490574	0.71218	3.43728e-06	7.00665e-06
18	4	4	14	20	10	38	0.726585	0.3194	2.2873e-06	3.14801e-06
19	6	5	10	11	8	4	0.914407	0.08948	7.62118e-07	8.33456e-07
20	9	8	34	35	20	30	0.688803	0.3728	2.45879e-06	3.56966e-06
21	9	7	87	96	37	256	0.148306	1.90848	2.82093e-06	1.90211e-05
22	9	7	44	55	16	171	0.295969	1.2175	3.60798e-06	1.21904e-05
23	5	5	5	6	5	1	0.958122	0.04278	3.7541e-07	3.91819e-07
24	4	3	2	2	2	0	0.987519	0.01256	1.11486e-07	1.12895e-07
25	5	4	15	15	13	2	0.900865	0.1044	8.58507e-07	9.5298e-07
26	7	5	58	71	24	231	0.197113	1.62398	3.2093e-06	1.62815e-05
27	10	8	48	58	21	181	0.276004	1.28734	3.55799e-06	1.28911e-05
28	8	7	43	54	17	235	0.214892	1.53762	3.33823e-06	1.55345e-05
29	7	5	62	74	14	448	0.0639586	2.74952	1.78961e-06	2.79808e-05
30	3	2	7	7	7	0	0.956992	0.04396	3.78139e-07	3.95133e-07
31	5	4	33	42	15	115	0.427304	0.85026	3.62401e-06	8.48112e-06
32	4	4	20	26	12	39	0.696157	0.36218	2.46428e-06	3.53983e-06
33	6	4	32	40	10	164	0.337024	1.0876	3.69775e-06	1.09717e-05
34	9	7	80	100	32	463	0.0503227	2.9893	1.52203e-06	3.02454e-05
35	3	1	30	37	9	107	0.459296	0.77806	3.57048e-06	7.77381e-06
36	11	9	36	44	19	140	0.371458	0.99032	3.68573e-06	9.92234e-06
37	4	3	3	3	3	0	0.981336	0.01884	1.66182e-07	1.69343e-07
38	10	7	75	91	23	370	0.0855649	2.45848	2.12167e-06	2.4796e-05
39	6	4	21	21	17	7	0.845709	0.16758	1.31705e-06	1.55733e-06
40	14	11	119	140	49	413	0.0505142	2.9855	1.50768e-06	2.98467e-05
41	9	8	73	103	27	398	0.0687939	2.67664	1.85476e-06	2.69611e-05
42	5	5	22	22	19	4	0.853372	0.15856	1.24113e-06	1.45438e-06
43	6	5	15	15	13	3	0.896282	0.1095	9.01762e-07	1.00611e-06
44	4	3	28	31	10	98	0.499334	0.69448	3.47383e-06	6.95693e-06
45	5	3	43	54	9	424	0.0819603	2.50152	2.09627e-06	2.55766e-05
46	9	4	7	7	6	1	0.952124	0.04906	4.26805e-07	4.48266e-07
47	6	5	82	93	33	245	0.159847	1.83354	2.91996e-06	1.82673e-05
48	5	4	8	8	6	2	0.94135	0.06044	5.2513e-07	5.57847e-07
49	3	2	29	37	12	137	0.394136	0.93106	3.69219e-06	9.36781e-06
50	11	7	66	84	21	369	0.0898674	2.40942	2.18807e-06	2.43477e-05
51	4	4	27	28	14	62	0.611378	0.49204	2.98034e-06	4.87479e-06
52	7	6	21	30	10	62	0.603747	0.5046	3.0113e-06	4.98769e-06
53	6	4	20	22	15	18	0.794565	0.22996	1.74665e-06	2.19824e-06
54	3	3	7	7	6	1	0.952124	0.04906	4.26805e-07	4.48266e-07
55	9	9	46	59	18	352	0.114667	2.16572	2.5265e-06	2.20333e-05
56	9	8	75	85	34	214	0.196872	1.6252	3.18314e-06	1.61686e-05
57	5	3	8	9	7	3	0.930698	0.07182	6.21174e-07	6.67428e-07
58	4	2	24	30	6	169	0.349833	1.0503	3.73374e-06	1.06729e-05
59	4	3	39	45	15	115	0.419329	0.8691	3.62739e-06	8.65046e-06
60	5	4	14	17	7	24	0.795201	0.22916	1.77712e-06	2.23481e-06
61	10	9	73	84	27	658	0.0205824	3.88332	8.17187e-07	3.97032e-05
62	9	8	35	42	15	80	0.510809	0.67176	3.3823e-06	6.62146e-06
63	9	8	61	72	25	264	0.165537	1.79856	2.9948e-06	1.80914e-05
64	6	4	12	13	10	6	0.89383	0.11224	9.40861e-07	1.05262e-06
65	6	6	46	62	20	336	0.122094	2.10296	2.60702e-06	2.13525e-05
66	5	5	47	63	16	488	0.0558861	2.88444	1.64781e-06	2.94852e-05
67	3	2	11	11	10	1	0.928505	0.07418	6.25865e-07	6.74057e-07
68	5	4	17	21	11	26	0.767605	0.26448	1.97034e-06	2.56686e-06
69	7	6	35	41	19	51	0.595961	0.51758	2.99419e-06	5.02414e-06
70	6	4	49	60	21	212	0.232701	1.458	3.40933e-06	1.46511e-05
71	10	10	68	82	29	156	0.269669	1.31056	3.48344e-06	1.29175e-05
72	4	3	11	13	3	55	0.696185	0.36214	2.54535e-06	3.65614e-06
73	4	4	17	20	6	53	0.673074	0.3959	2.65528e-06	3.94501e-06
74	9	6	60	63	26	186	0.260738	1.34424	3.50405e-06	1.3439e-05
75	9	8	82	98	31	659	0.0187542	3.97634	7.60418e-07	4.05466e-05
76	3	3	3	3	3	0	0.981336	0.01884	1.66182e-07	1.69343e-07
77	7	5	50	57	25	183	0.274924	1.29126	3.55776e-06	1.29409e-05
78	3	3	32	40	10	104	0.457673	0.7816	3.56242e-06	7.78376e-06
79	4	4	32	33	16	64	0.586466	0.53364	3.08675e-06	5.2633e-06
80	9	7	50	61	24	162	0.298412	1.20928	3.59613e-06	1.20509e-05
81	5	2	15	15	8	16	0.838786	0.1758	1.42329e-06	1.69685e-06
82	5	4	42	54	13	332	0.131031	2.03232	2.71082e-06	2.06884e-05
83	10	9	111	152	39	596	0.0184229	3.99416	7.41475e-07	4.02474e-05
84	7	5	40	46	11	231	0.230621	1.46698	3.42942e-06	1.48704e-05
85	1	1	0	0	0	0	1	-0	0	0
86	2	1	3	3	3	0	0.981336	0.01884	1.66182e-07	1.69343e-07
87	4	3	10	10	8	2	0.929601	0.073	6.23523e-07	6.70742e-07
88	10	7	23	26	10	65	0.609705	0.49478	3.00054e-06	4.9213e-06
89	7	7	88	102	31	482	0.0451051	3.09876	1.41485e-06	3.13679e-05
90	9	6	63	73	28	173	0.261652	1.34074	3.4833e-06	1.33127e-05
91	9	5	62	74	19	310	0.129287	2.04572	2.66957e-06	2.06484e-05
92	9	6	41	54	21	126	0.374666	0.98172	3.65035e-06	9.74295e-06
93	7	5	23	25	13	31	0.729716	0.3151	2.2317e-06	3.05832e-06
94	5	5	12	12	12	0	0.92741	0.07536	6.28201e-07	6.77371e-07
95	10	7	32	39	14	76	0.531251	0.63252	3.31479e-06	6.23958e-06
96	5	4	12	13	11	3	0.90761	0.09694	8.10694e-07	8.93218e-07
97	9	8	43	47	19	123	0.39754	0.92246	3.65276e-06	9.18842e-06
98	13	12	61	74	28	273	0.156137	1.85702	2.91703e-06	1.86825e-05
99	6	3	7	7	7	0	0.956992	0.04396	3.78139e-07	3.95133e-07
100	10	8	78	87	34	207	0.201481	1.60206	3.20547e-06	1.59095e-05
101	4	4	10	11	8	6	0.905127	0.09968	8.50568e-07	9.39723e-07
102	9	4	39	48	14	262	0.194438	1.63764	3.23358e-06	1.66304e-05
103	4	3	24	29	8	74	0.571483	0.55952	3.1825e-06	5.56884e-06
104	5	2	12	12	9	4	0.908682	0.09576	8.0864e-07	8.89904e-07
105	3	2	4	4	4	0	0.975193	0.02512	2.20189e-07	2.2579e-07
106	6	3	14	17	11	12	0.845388	0.16796	1.35026e-06	1.59721e-06
107	5	4	57	66	22	250	0.184615	1.68948	3.1401e-06	1.70088e-05
108	6	5	11	11	9	3	0.919082	0.08438	7.17181e-07	7.80323e-07
109	3	3	1	1	1	0	0.99374	0.00628	5.60942e-08	5.64476e-08
110	5	4	14	21	3	171	0.366418	1.00398	3.76355e-06	1.02712e-05
111	2	2	7	7	7	0	0.956992	0.04396	3.78139e-07	3.95133e-07
112	3	3	5	5	5	0	0.969088	0.0314	2.73513e-07	2.82238e-07
113	5	3	8	9	5	10	0.898059	0.10752	9.33407e-07	1.03936e-06
114	9	9	18	19	17	3	0.874048	0.13462	1.07674e-06	1.2319e-06
115	9	5	27	29	12	73	0.574405	0.55442	3.16825e-06	5.5157e-06
116	5	2	4	4	4	0	0.975193	0.02512	2.20189e-07	2.2579e-07
117	10	9	28	28	17	33	0.70883	0.34414	2.36319e-06	3.33393e-06
118	12	9	62	73	39	119	0.344611	1.06534	3.59895e-06	1.04435e-05
119	2	2	1	1	1	0	0.99374	0.00628	5.60942e-08	5.64476e-08
120	10	8	27	28	14	39	0.687468	0.37474	2.51113e-06	3.65273e-06
121	6	5	23	27	8	64	0.608986	0.49596	2.99902e-06	4.92461e-06
122	5	5	12	16	7	21	0.812548	0.20758	1.6405e-06	2.01896e-06
123	6	5	29	33	17	54	0.617152	0.48264	2.92034e-06	4.73196e-06
124	9	8	70	77	35	195	0.22808	1.47806	3.35447e-06	1.47074e-05
125	5	4	23	26	13	28	0.736328	0.30608	2.17612e-06	2.95537e-06
126	9	5	21	24	13	39	0.704956	0.34962	2.41584e-06	3.42694e-06
127	9	6	48	54	22	148	0.334901	1.09392	3.6544e-06	1.09119e-05
128	3	2	7	7	7	0	0.956992	0.04396	3.78139e-07	3.95133e-07
129	5	0	3	3	3	0	0.981336	0.01884	1.66182e-07	1.69343e-07
130	2	2	0	0	0	0	1	-0	0	0
131	9	8	59	70	21	247	0.182811	1.6993	3.12155e-06	1.70752e-05
132	5	4	20	23	12	35	0.724017	0.32294	2.28642e-06	3.15796e-06
133	7	6	62	75	23	264	0.162448	1.8174	2.96641e-06	1.82607e-05
134	3	3	28	33	16	52	0.623479	0.47244	2.88403e-06	4.6257e-06
135	10	9	137	165	45	987	0.0023114	6.0699	1.42744e-07	6.17563e-05
136	4	3	10	12	6	16	0.854738	0.15696	1.30561e-06	1.5275e-06
137	3	2	5	10	4	16	0.865541	0.1444	1.2244e-06	1.41461e-06
138	3	2	1	1	1	0	0.99374	0.00628	5.60942e-08	5.64476e-08
139	2	2	4	4	3	1	0.970232	0.03022	2.70621e-07	2.78924e-07
140	3	2	6	7	3	5	0.932897	0.06946	6.16458e-07	6.60799e-07
141	8	4	28	32	26	13	0.765474	0.26726	1.91143e-06	2.49705e-06
142	13	9	50	59	27	183	0.271493	1.30382	3.54401e-06	1.30538e-05
143	5	4	23	25	13	28	0.740966	0.2998	2.148e-06	2.89892e-06
144	6	5	58	73	19	324	0.121136	2.11084	2.58454e-06	2.13358e-05
145	7	6	31	35	16	63	0.582108	0.5411	3.09859e-06	5.32306e-06
146	6	5	14	20	7	47	0.693988	0.3653	2.51655e-06	3.62621e-06
147	12	10	27	30	22	10	0.7871	0.2394	1.75111e-06	2.22476e-06
148	10	7	46	54	19	209	0.245362	1.40502	3.47261e-06	1.4153e-05
149	5	4	20	21	15	7	0.845709	0.16758	1.31705e-06	1.55733e-06
150	6	3	38	45	14	186	0.291942	1.2312	3.62677e-06	1.24229e-05
151	10	8	61	76	17	395	0.0827625	2.49178	2.09204e-06	2.52776e-05
152	9	8	55	61	20	165	0.293881	1.22458	3.58837e-06	1.22103e-05
153	7	5	30	36	14	83	0.52237	0.64938	3.36519e-06	6.44217e-06
154	12	10	84	100	39	391	0.0726501	2.6221	1.91941e-06	2.64198e-05
155	5	4	13	14	10	5	0.892776	0.11342	9.42711e-07	1.05593e-06
156	10	7	29	38	15	91	0.495227	0.70274	3.45675e-06	6.98013e-06
157	4	3	70	90	17	566	0.0316885	3.4518	1.11397e-06	3.51537e-05
158	5	4	55	61	15	329	0.127329	2.06098	2.66425e-06	2.09241e-05
159	6	4	11	11	11	0	0.933252	0.06908	5.79478e-07	6.20924e-07
160	11	8	42	42	27	38	0.632826	0.45756	2.77802e-06	4.38986e-06
161	5	2	20	23	13	46	0.684518	0.37904	2.56176e-06	3.74242e-06
162	7	5	18	19	13	8	0.852042	0.16012	1.27599e-06	1.49757e-06
163	3	2	4	5	4	1	0.964158	0.0365	3.23351e-07	3.35371e-07
164	4	3	17	22	8	36	0.724872	0.32176	2.28671e-06	3.15464e-06
165	4	2	6	7	5	3	0.942462	0.05926	5.22626e-07	5.54533e-07
166	3	1	3	3	3	0	0.981336	0.01884	1.66182e-07	1.69343e-07
167	1	1	2	3	2	1	0.976344	0.02394	2.17213e-07	2.22476e-07
168	5	2	2	2	2	0	0.987519	0.01256	1.11486e-07	1.12895e-07
169	5	4	55	68	18	289	0.149428	1.90094	2.86811e-06	1.91939e-05
170	10	6	62	77	25	240	0.181308	1.70756	3.10008e-06	1.70984e-05
171	9	6	44	46	24	64	0.54049	0.61528	3.24138e-06	5.99711e-06
172	5	3	25	30	9	103	0.489828	0.7137	3.51018e-06	7.16615e-06
173	6	5	24	28	13	61	0.614504	0.48694	2.96293e-06	4.82166e-06
174	10	7	27	30	21	20	0.747964	0.2904	2.06146e-06	2.75609e-06
175	6	4	9	10	9	1	0.934354	0.0679	5.77066e-07	6.17609e-07
176	10	9	22	24	15	31	0.734313	0.30882	2.20431e-06	3.00187e-06
177	7	6	13	14	11	3	0.901929	0.10322	8.56531e-07	9.49666e-07
178	5	3	19	24	9	42	0.694252	0.36492	2.48982e-06	3.58634e-06
179	7	7	7	7	7	0	0.956992	0.04396	3.78139e-07	3.95133e-07
180	3	3	24	31	8	130	0.424145	0.85768	3.6719e-06	8.65719e-06
181	6	5	36	43	14	380	0.109916	2.20804	2.48606e-06	2.26179e-05
182	3	3	23	24	8	97	0.524442	0.64542	3.41342e-06	6.50866e-06
183	13	10	52	59	24	247	0.195886	1.63022	3.22318e-06	1.64543e-05
184	5	4	47	54	15	357	0.115346	2.15982	2.53954e-06	2.20167e-05
185	4	3	9	11	4	28	0.809062	0.21188	1.70603e-06	2.10865e-06
186	4	3	14	15	12	4	0.891723	0.1146	9.44554e-07	1.05925e-06
187	4	4	15	18	8	22	0.798325	0.22524	1.74433e-06	2.18499e-06
188	7	4	30	40	15	171	0.325205	1.1233	3.68902e-06	1.13437e-05
189	3	1	12	13	7	12	0.866893	0.14284	1.18887e-06	1.37142e-06
190	5	5	41	48	13	188	0.283586	1.26024	3.60112e-06	1.26985e-05
191	3	3	17	22	6	76	0.591106	0.52576	3.12102e-06	5.27997e-06
192	9	6	52	63	24	285	0.157372	1.84914	2.94273e-06	1.86992e-05
193	4	4	25	31	17	36	0.685039	0.37828	2.50907e-06	3.66267e-06
194	7	4	5	5	4	1	0.964158	0.0365	3.23351e-07	3.35371e-07
195	6	5	25	30	14	55	0.62569	0.4689	2.88803e-06	4.61575e-06
196	5	3	5	5	5	0	0.969088	0.0314	2.73513e-07	2.82238e-07
197	9	8	77	87	33	335	0.104888	2.25486	2.38207e-06	2.27106e-05
198	3	2	7	9	5	10	0.898059	0.10752	9.33407e-07	1.03936e-06
199	10	9	66	86	29	299	0.126821	2.06498	2.63043e-06	2.07413e-05
200	3	2	45	58	12	410	0.0858426	2.45524	2.15109e-06	2.50586e-05
201	6	5	28	32	19	28	0.709099	0.34376	2.33581e-06	3.29405e-06
202	7	5	42	48	15	136	0.369709	0.99504	3.67328e-06	9.9356e-06
203	12	7	53	65	26	286	0.154618	1.8668	2.91689e-06	1.88652e-05
204	13	9	51	60	22	231	0.211211	1.5549	3.30769e-06	1.56606e-05
205	7	7	70	79	26	308	0.126575	2.06692	2.63585e-06	2.08244e-05
206	6	4	19	22	10	39	0.713866	0.33706	2.36578e-06	3.31404e-06
207	4	3	17	19	12	18	0.809677	0.21112	1.64276e-06	2.0289e-06
208	9	7	69	80	24	263	0.158231	1.8437	2.92566e-06	1.84898e-05
209	6	4	14	18	9	31	0.76251	0.27114	2.03071e-06	2.66319e-06
210	10	9	88	99	29	442	0.0563643	2.87592	1.63869e-06	2.90732e-05
211	9	8	66	80	36	171	0.252966	1.3745	3.44074e-06	1.36016e-05
212	10	9	114	137	45	484	0.0358375	3.32876	1.19876e-06	3.34498e-05
213	7	6	24	25	17	21	0.767897	0.2641	1.94047e-06	2.52699e-06
214	5	4	13	13	12	1	0.916915	0.08674	7.21568e-07	7.86952e-07
215	4	3	12	12	9	6	0.899461	0.10596	8.96016e-07	9.9617e-07
216	7	7	65	78	24	228	0.191544	1.65264	3.16378e-06	1.65173e-05
217	5	2	7	7	6	1	0.952124	0.04906	4.26805e-07	4.48266e-07
218	6	5	23	27	10	109	0.484102	0.72546	3.5415e-06	7.3156e-06
219	4	3	24	25	15	18	0.779736	0.2488	1.84609e-06	2.36759e-06
220	2	0	2	2	1	1	0.982495	0.01766	1.63122e-07	1.66028e-07
221	7	3	32	37	14	92	0.495811	0.70156	3.45918e-06	6.97682e-06
222	12	9	61	66	34	73	0.455309	0.78678	3.46229e-06	7.60427e-06
223	6	3	11	15	6	25	0.801156	0.2217	1.74255e-06	2.17504e-06
224	10	8	47	56	20	130	0.362518	1.01468	3.64997e-06	1.00684e-05
225	3	1	4	4	4	0	0.975193	0.02512	2.20189e-07	2.2579e-07
226	11	7	69	87	28	270	0.146115	1.92336	2.81373e-06	1.92569e-05
227	7	6	34	37	13	94	0.49078	0.71176	3.47623e-06	7.08308e-06
228	5	4	28	31	16	36	0.685039	0.37828	2.50907e-06	3.66267e-06
229	3	2	6	6	6	0	0.963021	0.03768	3.26161e-07	3.38686e-07
230	9	8	55	61	23	170	0.286482	1.25008	3.57413e-06	1.24759e-05
231	3	1	9	9	9	0	0.945048	0.05652	4.80111e-07	5.08028e-07
232	1	1	7	9	4	11	0.89349	0.11262	9.76132e-07	1.09249e-06
233	7	3	26	27	17	22	0.754455	0.28176	2.03176e-06	2.69302e-06
234	5	4	14	17	6	38	0.740403	0.30056	2.20542e-06	2.97867e-06
235	6	3	36	42	16	102	0.456594	0.78396	3.55705e-06	7.79039e-06
236	6	5	53	65	17	449	0.0673333	2.6981	1.85341e-06	2.75259e-05
237	6	5	17	18	7	36	0.743312	0.29664	2.17705e-06	2.92885e-06
238	6	5	9	9	9	0	0.945048	0.05652	4.80111e-07	5.08028e-07
239	9	9	72	92	26	494	0.0451773	3.09716	1.42042e-06	3.1441e-05
240	5	4	17	22	8	56	0.654581	0.42376	2.76057e-06	4.21731e-06
241	5	4	51	60	12	339	0.12176	2.1057	2.60555e-06	2.1399e-05
242	4	4	6	6	5	1	0.958122	0.04278	3.7541e-07	3.91819e-07
243	4	2	30	34	10	150	0.375867	0.97852	3.71702e-06	9.8892e-06
244	3	1	4	5	4	1	0.964158	0.0365	3.23351e-07	3.35371e-07
245	7	5	6	6	3	4	0.943574	0.05808	5.20116e-07	5.51218e-07
246	5	4	13	15	6	45	0.723467	0.3237	2.34238e-06	3.23771e-06
247	4	4	37	43	19	63	0.553585	0.59134	3.19675e-06	5.77464e-06
248	12	8	49	61	24	117	0.375394	0.97978	3.62626e-06	9.65989e-06
249	5	3	31	49	11	346	0.125893	2.07232	2.66265e-06	2.115e-05
250	4	3	10	11	8	4	0.914407	0.08948	7.62118e-07	8.33456e-07
251	10	7	36	40	18	75	0.530625	0.6337	3.31263e-06	6.24289e-06
252	5	3	40	46	11	292	0.168962	1.77808	3.06016e-06	1.81115e-05
253	7	6	57	68	23	182	0.257885	1.35524	3.48369e-06	1.35087e-05
254	7	5	16	16	15	1	0.899802	0.10558	8.60476e-07	9.56295e-07
255	9	7	76	95	29	258	0.147725	1.9124	2.81725e-06	1.90709e-05
256	4	3	13	15	6	25	0.801156	0.2217	1.74255e-06	2.17504e-06
257	6	5	49	52	19	152	0.332286	1.10176	3.65897e-06	1.10115e-05
258	3	2	34	48	9	250	0.20671	1.57644	3.30586e-06	1.59928e-05
259	6	4	13	16	6	46	0.715281	0.33508	2.39425e-06	3.34729e-06
260	6	6	11	14	9	8	0.87922	0.12872	1.06854e-06	1.21533e-06
261	6	6	18	19	8	40	0.723742	0.32332	2.31441e-06	3.19783e-06
262	10	9	67	80	30	222	0.19503	1.6346	3.18121e-06	1.63114e-05
263	3	1	7	7	4	6	0.928152	0.07456	6.62638e-07	7.13932e-07
264	6	5	18	18	13	6	0.8662	0.14364	1.15625e-06	1.33486e-06
265	7	7	80	102	33	342	0.0921111	2.38476	2.20415e-06	2.39292e-05
266	9	7	20	24	8	88	0.549075	0.59952	3.31118e-06	6.03046e-06
267	5	5	14	16	9	28	0.784052	0.24328	1.87458e-06	2.39089e-06
268	11	10	81	102	30	471	0.0477078	3.04266	1.46861e-06	3.07834e-05
269	7	5	63	77	20	454	0.0608733	2.79896	1.733e-06	2.84689e-05
270	4	4	16	22	7	94	0.539259	0.61756	3.36302e-06	6.23637e-06
271	4	4	32	39	12	224	0.249744	1.38732	3.52221e-06	1.41033e-05
272	4	3	16	16	11	9	0.863829	0.14638	1.19326e-06	1.38136e-06
273	5	4	4	4	2	3	0.960386	0.04042	3.69931e-07	3.8519e-07
274	5	4	8	8	8	0	0.951001	0.05024	4.29454e-07	4.51581e-07
275	9	7	49	61	21	131	0.349525	1.05118	3.63637e-06	1.04038e-05
276	9	7	60	72	31	182	0.251488	1.38036	3.45405e-06	1.37345e-05
277	3	2	47	50	11	178	0.294699	1.2218	3.61893e-06	1.22801e-05
278	9	8	50	62	22	160	0.299584	1.20536	3.59533e-06	1.20011e-05
279	5	3	4	4	3	1	0.970232	0.03022	2.70621e-07	2.78924e-07
280	8	8	21	24	16	17	0.78866	0.23742	1.7808e-06	2.25801e-06
281	6	5	3	3	3	0	0.981336	0.01884	1.66182e-07	1.69343e-07
282	6	4	13	14	9	6	0.888234	0.11852	9.8511e-07	1.10907e-06
283	10	8	47	51	26	65	0.521117	0.65178	3.29997e-06	6.33249e-06
284	4	3	3	3	3	0	0.981336	0.01884	1.66182e-07	1.69343e-07
285	4	3	11	12	9	4	0.908682	0.09576	8.0864e-07	8.89904e-07
286	4	4	26	31	17	45	0.654306	0.42418	2.7094e-06	4.14087e-06
287	7	6	41	46	20	160	0.331251	1.10488	3.67619e-06	1.10979e-05
288	9	8	96	127	30	762	0.00924419	4.68376	4.40544e-07	4.76563e-05
289	7	5	26	31	18	34	0.692062	0.36808	2.46125e-06	3.5564e-06
290	5	2	7	7	7	0	0.956992	0.04396	3.78139e-07	3.95133e-07
291	3	0	0	0	0	0	1	-0	0	0
292	6	5	62	72	16	446	0.0654309	2.72676	1.81647e-06	2.77616e-05
293	2	0	0	0	0	0	1	-0	0	0
294	7	7	32	37	24	40	0.646385	0.43636	2.72379e-06	4.21389e-06
295	6	6	18	25	5	191	0.322678	1.1311	3.73004e-06	1.15596e-05
296	5	4	47	53	19	127	0.375108	0.98054	3.65342e-06	9.73964e-06
297	6	5	38	43	20	66	0.54518	0.60664	3.23512e-06	5.93404e-06
298	7	3	18	18	16	2	0.884051	0.12324	9.92191e-07	1.12232e-06
299	4	3	5	5	4	1	0.964158	0.0365	3.23351e-07	3.35371e-07
300	4	3	73	92	13	677	0.0177662	4.03046	7.31332e-07	4.11644e-05
301	2	1	5	5	4	1	0.964158	0.0365	3.23351e-07	3.35371e-07
302	5	4	15	17	7	28	0.779144	0.24956	1.90683e-06	2.44734e-06
303	10	7	90	104	33	370	0.0788569	2.54012	2.0132e-06	2.55298e-05
304	7	5	11	14	9	11	0.86587	0.14402	1.19034e-06	1.37473e-06
305	9	6	37	39	33	8	0.751473	0.28572	1.97376e-06	2.62652e-06
306	6	5	57	71	25	240	0.18827	1.66988	3.15535e-06	1.67597e-05
307	15	12	51	58	24	133	0.352558	1.04254	3.64569e-06	1.03407e-05
308	5	2	18	18	13	6	0.8662	0.14364	1.15625e-06	1.33486e-06
309	9	6	39	41	22	59	0.572135	0.55838	3.11768e-06	5.44921e-06
310	6	4	9	9	9	0	0.945048	0.05652	4.80111e-07	5.08028e-07
311	5	5	8	8	6	2	0.94135	0.06044	5.2513e-07	5.57847e-07
312	9	8	48	56	16	243	0.203726	1.59098	3.27437e-06	1.60724e-05
313	5	4	24	26	12	30	0.728855	0.31628	2.23149e-06	3.06163e-06
314	5	4	22	26	13	28	0.736328	0.30608	2.17612e-06	2.95537e-06
315	5	4	35	43	15	170	0.320767	1.13704	3.67596e-06	1.14599e-05
316	10	6	26	27	18	20	0.76219	0.27156	1.97159e-06	2.58675e-06
317	9	9	58	64	31	143	0.322639	1.13122	3.61701e-06	1.12107e-05
318	7	7	16	19	10	25	0.781281	0.24682	1.87573e-06	2.40083e-06
319	10	6	30	33	18	46	0.642852	0.44184	2.7687e-06	4.3069e-06
320	2	0	0	0	0	0	1	-0	0	0
321	6	5	13	17	11	13	0.841087	0.17306	1.38808e-06	1.65034e-06
322	3	2	24	26	5	111	0.482208	0.72938	3.55166e-06	7.36542e-06
323	6	4	42	54	14	217	0.235553	1.44582	3.43391e-06	1.45781e-05
324	6	4	58	75	19	291	0.14155	1.9551	2.78788e-06	1.96953e-05
325	15	9	53	61	26	212	0.231244	1.46428	3.40104e-06	1.47075e-05
326	6	5	30	34	11	146	0.383613	0.95812	3.7121e-06	9.67667e-06
327	4	4	24	29	9	101	0.497968	0.69722	3.48748e-06	7.00343e-06
328	2	1	0	0	0	0	1	-0	0	0
329	4	3	13	14	6	36	0.76222	0.27152	2.06033e-06	2.70306e-06
330	11	9	86	99	37	648	0.0197122	3.92652	7.88853e-07	4.00186e-05
331	6	5	24	24	18	9	0.821503	0.19662	1.50577e-06	1.83294e-06
332	10	8	81	93	33	242	0.162311	1.81824	2.93911e-06	1.81079e-05
333	9	8	47	55	24	102	0.420799	0.8656	3.58698e-06	8.5242e-06
334	6	5	41	52	19	243	0.208908	1.56586	3.31049e-06	1.58466e-05
335	7	6	80	93	20	489	0.046054	3.07794	1.43835e-06	3.12318e-05
336	9	6	24	28	15	44	0.670159	0.40024	2.62595e-06	3.91839e-06
337	6	4	5	5	5	0	0.969088	0.0314	2.73513e-07	2.82238e-07
338	5	3	14	16	9	28	0.784052	0.24328	1.87458e-06	2.39089e-06
339	5	3	7	7	5	2	0.947281	0.05416	4.74966e-07	5.014e-07
340	12	9	53	60	28	192	0.257689	1.356	3.5016e-06	1.35884e-05
341	5	3	21	24	6	88	0.549075	0.59952	3.31118e-06	6.03046e-06
342	7	5	33	41	22	75	0.527303	0.63998	3.32166e-06	6.29934e-06
343	6	4	24	24	14	15	0.796745	0.22722	1.71439e-06	2.15174e-06
344	9	8	64	71	27	227	0.201175	1.60358	3.23268e-06	1.6069e-05
345	0	0	0	0	0	0	1	-0	0	0
346	9	6	30	31	20	23	0.731996	0.31198	2.17545e-06	2.97194e-06
347	3	2	5	5	5	0	0.969088	0.0314	2.73513e-07	2.82238e-07
348	4	2	16	20	7	91	0.554494	0.5897	3.30704e-06	5.96407e-06
349	4	2	16	17	5	67	0.638611	0.44846	2.88622e-06	4.51953e-06
350	7	5	6	7	4	4	0.937667	0.06436	5.69789e-07	6.07666e-07
351	3	2	10	10	10	0	0.939131	0.0628	5.30117e-07	5.64476e-07
352	5	4	72	83	23	355	0.0971266	2.33174	2.28708e-06	2.35474e-05
353	5	3	26	30	16	27	0.721733	0.3261	2.2576e-06	3.12802e-06
354	1	1	0	0	0	0	1	-0	0	0
355	3	1	7	9	2	22	0.844745	0.16872	1.4166e-06	1.67696e-06
356	5	3	31	37	11	117	0.436459	0.82906	3.62486e-06	8.30515e-06
357	10	6	25	27	14	23	0.750617	0.28686	2.06131e-06	2.74615e-06
358	4	4	4	4	4	0	0.975193	0.02512	2.20189e-07	2.2579e-07
359	9	8	63	81	21	430	0.0670927	2.70168	1.83965e-06	2.74195e-05
360	10	8	64	74	30	213	0.212032	1.55102	3.28532e-06	1.54945e-05
361	10	9	74	88	33	215	0.192215	1.64914	3.1506e-06	1.6391e-05
362	4	4	32	36	9	128	0.415248	0.87888	3.66795e-06	8.83316e-06
363	6	3	8	8	8	0	0.951001	0.05024	4.29454e-07	4.51581e-07
364	5	2	15	18	13	9	0.853048	0.15894	1.27467e-06	1.49426e-06
365	6	4	15	16	9	13	0.846386	0.16678	1.34905e-06	1.59389e-06
366	7	7	99	117	24	493	0.0388107	3.24906	1.27295e-06	3.2799e-05
367	5	3	4	4	4	0	0.975193	0.02512	2.20189e-07	2.2579e-07
368	10	6	35	40	14	103	0.460013	0.7765	3.55619e-06	7.73062e-06
369	4	3	9	11	3	36	0.776716	0.25268	1.96798e-06	2.53372e-06
370	5	3	17	21	11	32	0.744472	0.29508	2.14829e-06	2.88566e-06
371	6	3	21	28	10	112	0.473767	0.74704	3.56815e-06	7.53145e-06
372	2	1	3	3	3	0	0.981336	0.01884	1.66182e-07	1.69343e-07
373	10	8	85	110	26	618	0.0214378	3.8426	8.3705e-07	3.90456e-05
374	5	3	17	21	11	31	0.748279	0.28998	2.11952e-06	2.83253e-06
375	10	9	59	69	25	208	0.224446	1.49412	3.3547e-06	1.49466e-05
376	3	1	2	2	2	0	0.987519	0.01256	1.11486e-07	1.12895e-07
377	4	2	13	13	13	0	0.921604	0.08164	6.7629e-07	7.33819e-07
378	4	3	35	38	12	81	0.521138	0.65174	3.36072e-06	6.4488e-06
379	5	5	18	23	9	80	0.575544	0.55244	3.19366e-06	5.54895e-06
380	3	2	11	12	7	9	0.885804	0.12126	1.02361e-06	1.15557e-06
381	2	1	2	2	2	0	0.987519	0.01256	1.11486e-07	1.12895e-07
382	1	0	0	0	0	0	1	-0	0	0
383	4	3	4	4	4	0	0.975193	0.02512	2.20189e-07	2.2579e-07
384	13	9	52	55	34	48	0.554216	0.5902	3.1341e-06	5.65501e-06
385	5	2	28	33	15	61	0.595508	0.51834	3.03941e-06	5.1039e-06
386	9	8	67	86	27	504	0.0445796	3.11048	1.41021e-06	3.16336e-05
387	13	9	79	86	38	177	0.23627	1.44278	3.36899e-06	1.42591e-05
388	9	8	42	49	14	170	0.308905	1.17472	3.64464e-06	1.17986e-05
389	10	6	17	21	9	78	0.588793	0.52968	3.13814e-06	5.32979e-06
390	7	7	33	37	14	97	0.483328	0.72706	3.50049e-06	7.24248e-06
391	4	3	28	33	13	117	0.447562	0.80394	3.61601e-06	8.07936e-06
392	9	7	37	44	17	160	0.335437	1.09232	3.68478e-06	1.0985e-05
393	10	7	19	19	17	2	0.878517	0.12952	1.03557e-06	1.17877e-06
394	6	4	58	67	15	311	0.13441	2.00686	2.72939e-06	2.03064e-05
395	7	4	20	20	16	5	0.859762	0.1511	1.19904e-06	1.39462e-06
396	7	6	54	61	27	168	0.289419	1.23988	3.58002e-06	1.23697e-05
397	11	10	93	118	32	613	0.0209139	3.86734	8.20484e-07	3.92315e-05
398	7	5	68	80	26	215	0.202119	1.5989	3.22166e-06	1.59394e-05
399	4	4	23	32	11	89	0.519515	0.65486	3.39512e-06	6.53518e-06
400	6	6	20	22	15	14	0.810941	0.20956	1.6103e-06	1.98571e-06
401	6	5	53	60	24	207	0.238711	1.4325	3.43397e-06	1.43854e-05
402	9	6	26	28	14	80	0.557752	0.58384	3.25236e-06	5.83119e-06
403	5	2	15	15	12	4	0.891723	0.1146	9.44554e-07	1.05925e-06
404	9	9	76	98	30	492	0.0439528	3.12464	1.39213e-06	3.16734e-05
405	3	1	5	5	5	0	0.969088	0.0314	2.73513e-07	2.82238e-07
406	1	1	2	2	2	0	0.987519	0.01256	1.11486e-07	1.12895e-07
407	4	4	32	37	17	50	0.614246	0.48736	2.91473e-06	4.74522e-06
408	2	1	1	1	1	0	0.99374	0.00628	5.60942e-08	5.64476e-08
409	6	4	29	36	15	60	0.587382	0.53208	3.0662e-06	5.22011e-06
410	7	7	69	84	35	202	0.210616	1.55772	3.25917e-06	1.54745e-05
411	7	3	9	9	9	0	0.945048	0.05652	4.80111e-07	5.08028e-07
412	6	5	26	31	12	99	0.496794	0.69958	3.48256e-06	7.01006e-06
413	3	2	8	8	6	2	0.94135	0.06044	5.2513e-07	5.57847e-07
414	7	6	40	51	20	102	0.431503	0.84048	3.58079e-06	8.29841e-06
415	2	1	3	3	3	0	0.981336	0.01884	1.66182e-07	1.69343e-07
416	6	3	26	32	9	166	0.350793	1.04756	3.72767e-06	1.06264e-05
417	5	4	21	23	16	17	0.793628	0.23114	1.74722e-06	2.20156e-06
418	7	4	24	27	13	24	0.746798	0.29196	2.0905e-06	2.79928e-06
419	5	3	31	34	18	82	0.531677	0.63172	3.33688e-06	6.27614e-06
420	5	3	44	56	15	432	0.0777016	2.55488	2.02915e-06	2.61146e-05
421	12	10	51	61	24	210	0.233615	1.45408	3.41108e-06	1.46013e-05
422	7	6	63	76	33	136	0.310094	1.17088	3.57108e-06	1.15161e-05
423	5	3	4	4	4	0	0.975193	0.02512	2.20189e-07	2.2579e-07
424	3	2	10	10	9	1	0.934354	0.0679	5.77066e-07	6.17609e-07
425	12	11	113	136	35	858	0.00535417	5.22988	2.85191e-07	5.32652e-05
426	4	2	5	5	5	0	0.969088	0.0314	2.73513e-07	2.82238e-07
427	9	6	22	23	19	4	0.848029	0.16484	1.28123e-06	1.51083e-06
428	4	4	10	12	2	55	0.700571	0.35586	2.52184e-06	3.5997e-06
429	5	2	5	5	5	0	0.969088	0.0314	2.73513e-07	2.82238e-07
430	6	4	51	69	14	663	0.0220461	3.81462	8.62491e-07	3.91222e-05
431	8	7	21	26	14	24	0.751503	0.28568	2.06125e-06	2.74283e-06
432	5	1	23	30	11	73	0.570809	0.5607	3.18064e-06	5.57215e-06
433	2	1	10	10	5	11	0.887897	0.1189	1.02014e-06	1.14894e-06
434	2	1	7	7	6	1	0.952124	0.04906	4.26805e-07	4.48266e-07
435	4	3	31	34	12	74	0.553818	0.59092	3.24043e-06	5.85108e-06
436	8	5	37	45	16	235	0.227387	1.4811	3.41682e-06	1.50264e-05
437	8	5	32	35	21	29	0.692325	0.3677	2.43458e-06	3.51653e-06
438	5	2	12	12	12	0	0.92741	0.07536	6.28201e-07	6.77371e-07
439	8	6	110	136	27	957	0.00323159	5.73478	1.8913e-07	5.85253e-05
440	4	3	22	29	9	142	0.404008	0.90632	3.70956e-06	9.18189e-06
441	6	2	8	9	8	1	0.94024	0.06162	5.27627e-07	5.61162e-07
442	3	1	21	24	6	154	0.392146	0.93612	3.74e-06	9.53726e-06
443	8	5	25	26	20	9	0.811249	0.20918	1.57856e-06	1.94584e-06
444	8	6	25	32	12	118	0.448091	0.80276	3.6188e-06	8.07604e-06
445	8	7	36	40	14	101	0.464729	0.7663	3.54326e-06	7.62436e-06
446	8	5	12	13	8	15	0.85373	0.15814	1.3069e-06	1.53082e-06
447	5	2	10	13	6	28	0.798964	0.22444	1.77494e-06	2.22155e-06
448	5	4	24	28	13	37	0.694516	0.36454	2.46307e-06	3.54646e-06
449	8	6	49	55	15	214	0.237687	1.4368	3.44055e-06	1.44751e-05
450	6	3	9	10	6	5	0.915486	0.0883	7.59984e-07	8.30142e-07
451	5	3	11	11	9	3	0.919082	0.08438	7.17181e-07	7.80323e-07
452	8	5	29	35	15	96	0.491939	0.7094	3.48119e-06	7.07645e-06
453	3	2	27	32	11	158	0.365401	1.00676	3.72759e-06	1.02014e-05
454	7	6	49	55	13	190	0.268635	1.3144	3.54597e-06	1.31999e-05
455	7	5	41	51	10	375	0.10723	2.23278	2.44525e-06	2.28038e-05
456	6	5	40	47	23	215	0.248662	1.39166	3.50034e-06	1.40767e-05
457	4	4	29	34	11	121	0.435779	0.83062	3.63803e-06	8.34834e-06
458	8	7	21	23	13	20	0.781578	0.24644	1.84527e-06	2.36096e-06
459	6	3	25	29	15	45	0.662576	0.41162	2.66884e-06	4.02797e-06
460	5	3	15	15	14	1	0.905471	0.0993	8.14786e-07	8.99847e-07
461	4	3	19	19	12	22	0.793327	0.23152	1.77819e-06	2.24143e-06
462	2	1	4	4	4	0	0.975193	0.02512	2.20189e-07	2.2579e-07
463	8	7	70	82	23	306	0.125486	2.07556	2.62109e-06	2.08875e-05
464	8	7	93	111	32	421	0.058182	2.84418	1.66603e-06	2.86348e-05
465	8	8	22	23	14	15	0.801765	0.22094	1.67993e-06	2.09529e-06
466	8	8	52	62	37	79	0.45282	0.79226	3.48548e-06	7.69727e-06
467	2	0	0	0	0	0	1	-0	0	0
468	5	2	15	16	7	19	0.820879	0.19738	1.57009e-06	1.91269e-06
469	4	4	83	94	16	604	0.0254581	3.67072	9.52097e-07	3.73985e-05
470	7	6	40	45	20	90	0.476351	0.7416	3.4879e-06	7.32213e-06
471	3	2	17	19	9	38	0.731162	0.31312	2.26044e-06	3.09157e-06
472	8	6	27	30	16	33	0.699982	0.3567	2.41272e-06	3.44682e-06
473	3	1	6	6	5	1	0.958122	0.04278	3.7541e-07	3.91819e-07
474	7	6	26	30	21	25	0.729132	0.3159	2.20326e-06	3.02176e-06
475	4	3	43	47	12	223	0.238721	1.43246	3.46187e-06	1.45017e-05
476	3	1	9	13	6	28	0.798964	0.22444	1.77494e-06	2.22155e-06
477	8	7	128	143	46	509	0.0303809	3.49394	1.06688e-06	3.51168e-05
478	7	6	24	27	14	34	0.709667	0.34296	2.36363e-06	3.33061e-06
479	5	2	11	17	7	55	0.678915	0.38726	2.6355e-06	3.88194e-06
480	6	4	23	25	14	33	0.722311	0.3253	2.28581e-06	3.16459e-06
481	8	7	23	25	14	34	0.718636	0.3304	2.31237e-06	3.21772e-06
482	5	4	27	35	11	101	0.479553	0.7349	3.52094e-06	7.34212e-06
483	7	5	38	43	17	72	0.52875	0.63724	3.30619e-06	6.25284e-06
484	6	5	27	30	17	38	0.682359	0.3822	2.53325e-06	3.71249e-06
485	3	1	11	14	5	37	0.758343	0.27662	2.09014e-06	2.75619e-06
486	3	2	16	16	10	10	0.859435	0.15148	1.23285e-06	1.43449e-06
487	7	4	25	36	14	110	0.455172	0.78708	3.58528e-06	7.87677e-06
488	5	2	7	8	7	1	0.946163	0.05534	4.77542e-07	5.04714e-07
489	3	2	4	4	3	1	0.970232	0.03022	2.70621e-07	2.78924e-07
490	6	5	37	43	14	198	0.278082	1.27984	3.6005e-06	1.29476e-05
491	5	3	35	41	9	171	0.323169	1.12958	3.68417e-06	1.14001e-05
492	8	7	20	21	13	29	0.75595	0.27978	2.06092e-06	2.72626e-06
493	8	4	14	17	10	28	0.779144	0.24956	1.90683e-06	2.44734e-06
494	5	4	25	27	17	32	0.716942	0.33276	2.31167e-06	3.22435e-06
495	8	5	45	52	17	237	0.2154	1.53526	3.34469e-06	1.55278e-05
496	6	5	10	10	7	6	0.910829	0.0934	8.04513e-07	8.83275e-07
497	6	2	3	3	1	3	0.966436	0.03414	3.17709e-07	3.28742e-07
498	5	2	5	5	5	0	0.969088	0.0314	2.73513e-07	2.82238e-07
499	8	6	14	15	9	12	0.856073	0.1554	1.27068e-06	1.48431e-06
500	4	4	52	59	12	721	0.0174639	4.04762	7.27187e-07	4.16394e-05
501	6	5	45	54	18	183	0.280153	1.27242	3.57798e-06	1.27715e-05
502	6	4	55	64	22	279	0.161247	1.82482	2.97287e-06	1.84368e-05
503	5	4	33	41	16	183	0.303984	1.19078	3.65928e-06	1.20377e-05
504	3	3	14	15	6	25	0.801156	0.2217	1.74255e-06	2.17504e-06
505	4	3	17	18	8	26	0.782204	0.24564	1.87535e-06	2.39752e-06
506	7	3	27	34	9	175	0.330873	1.10602	3.71158e-06	1.12175e-05
507	6	3	10	10	9	1	0.934354	0.0679	5.77066e-07	6.17609e-07
508	8	8	57	69	19	277	0.157864	1.84602	2.93829e-06	1.86128e-05
509	5	2	16	22	6	74	0.597166	0.51556	3.08956e-06	5.1737e-06
510	7	5	27	31	21	26	0.720882	0.32728	2.25733e-06	3.13134e-06
511	6	5	22	27	10	68	0.596689	0.51636	3.06527e-06	5.13714e-06
512	4	3	7	14	4	55	0.691827	0.36842	2.56847e-06	3.71259e-06
513	5	2	41	47	18	245	0.213384	1.54466	3.34388e-06	1.56707e-05
514	4	4	28	33	16	64	0.586466	0.53364	3.08675e-06	5.2633e-06
515	5	4	18	23	11	34	0.727719	0.31784	2.25944e-06	3.10482e-06
516	5	4	28	35	13	94	0.496983	0.6992	3.46406e-06	6.97019e-06
517	8	6	41	48	20	108	0.426459	0.85224	3.60267e-06	8.44787e-06
518	5	3	2	3	2	1	0.976344	0.02394	2.17213e-07	2.22476e-07
519	2	1	31	34	7	131	0.414112	0.88162	3.67717e-06	8.87967e-06
520	8	6	55	68	18	270	0.164632	1.80404	2.99374e-06	1.81844e-05
521	5	3	30	36	14	175	0.326743	1.11858	3.70214e-06	1.13304e-05
522	8	8	25	32	16	63	0.593178	0.52226	3.05707e-06	5.15371e-06
523	7	7	18	24	13	40	0.70137	0.35472	2.44082e-06	3.48007e-06
524	6	2	5	5	4	1	0.964158	0.0365	3.23351e-07	3.35371e-07
525	5	3	4	4	4	0	0.975193	0.02512	2.20189e-07	2.2579e-07
526	7	7	39	42	16	137	0.381952	0.96246	3.68586e-06	9.65005e-06
527	5	3	17	24	7	71	0.598805	0.51282	3.07019e-06	5.1272e-06
528	3	3	7	8	7	1	0.946163	0.05534	4.77542e-07	5.04714e-07
529	3	2	53	66	8	1062	0.00293608	5.83068	1.76614e-07	6.0153e-05
530	6	5	105	139	21	1354	0.000418715	7.77832	3.34087e-08	7.97886e-05
531	6	5	70	83	22	321	0.115517	2.15834	2.51144e-06	2.17409e-05
532	4	3	13	13	10	3	0.90761	0.09694	8.10694e-07	8.93218e-07
533	3	2	8	8	7	1	0.946163	0.05534	4.77542e-07	5.04714e-07
534	2	1	14	17	8	30	0.771237	0.25976	1.96943e-06	2.55361e-06
535	8	6	27	27	15	25	0.742999	0.29706	2.11934e-06	2.85242e-06
536	6	5	101	121	25	694	0.0135783	4.29928	5.93436e-07	4.37046e-05
537	5	3	33	43	7	429	0.0856111	2.45794	2.15923e-06	2.52214e-05
538	7	7	71	88	22	494	0.0463266	3.07204	1.44609e-06	3.12152e-05
539	4	3	12	12	8	10	0.881298	0.12636	1.06523e-06	1.2087e-06
540	7	5	73	87	19	388	0.0800455	2.52516	2.04329e-06	2.55266e-05
541	5	4	28	30	19	23	0.736608	0.3057	2.14757e-06	2.91549e-06
542	4	2	7	10	3	28	0.814159	0.2056	1.67082e-06	2.05221e-06
543	2	1	19	20	12	15	0.817013	0.2021	1.57353e-06	1.92595e-06
544	7	6	41	43	23	52	0.585529	0.53524	3.039e-06	5.19017e-06
545	8	4	35	41	18	56	0.580956	0.54308	3.07315e-06	5.28981e-06
546	4	3	26	30	17	27	0.721733	0.3261	2.2576e-06	3.12802e-06
547	5	4	2	2	2	0	0.987519	0.01256	1.11486e-07	1.12895e-07
548	3	2	36	45	18	139	0.37102	0.9915	3.68261e-06	9.92566e-06
549	8	6	54	64	20	357	0.108325	2.22262	2.44611e-06	2.25812e-05
550	5	4	10	10	9	1	0.934354	0.0679	5.77066e-07	6.17609e-07
551	8	8	106	135	44	355	0.0700672	2.6583	1.85557e-06	2.64827e-05
552	8	8	48	62	21	196	0.249334	1.38896	3.4692e-06	1.39139e-05
553	2	0	1	1	1	0	0.99374	0.00628	5.60942e-08	5.64476e-08
554	6	4	10	10	10	0	0.939131	0.0628	5.30117e-07	5.64476e-07
555	6	4	11	11	10	1	0.928505	0.07418	6.25865e-07	6.74057e-07
556	5	3	2	2	2	0	0.987519	0.01256	1.11486e-07	1.12895e-07
557	5	4	27	30	6	256	0.224473	1.494	3.43343e-06	1.52955e-05
558	6	4	43	49	12	368	0.112532	2.18452	2.51159e-06	2.2319e-05
559	6	3	32	34	10	91	0.507824	0.67762	3.43002e-06	6.75434e-06
560	4	2	15	15	11	6	0.882673	0.1248	1.02877e-06	1.16551e-06
561	6	6	24	24	14	32	0.730577	0.31392	2.23192e-06	3.055e-06
562	3	3	0	0	0	0	1	-0	0	0
563	8	6	49	62	17	311	0.138697	1.97546	2.7773e-06	2.00242e-05
564	3	2	1	1	1	0	0.99374	0.00628	5.60942e-08	5.64476e-08
565	6	5	59	76	14	420	0.0728553	2.61928	1.93839e-06	2.6606e-05
566	6	3	1	1	1	0	0.99374	0.00628	5.60942e-08	5.64476e-08
567	3	2	13	18	8	26	0.782204	0.24564	1.87535e-06	2.39752e-06
568	5	5	46	58	12	382	0.0990193	2.31244	2.33397e-06	2.35708e-05
569	5	4	10	10	6	5	0.915486	0.0883	7.59984e-07	8.30142e-07
570	2	1	2	2	2	0	0.987519	0.01256	1.11486e-07	1.12895e-07
571	7	4	10	10	10	0	0.939131	0.0628	5.30117e-07	5.64476e-07
572	2	2	0	0	0	0	1	-0	0	0
573	8	4	51	59	19	156	0.311574	1.16612	3.62023e-06	1.16192e-05
574	4	1	2	2	2	0	0.987519	0.01256	1.11486e-07	1.12895e-07
575	5	3	4	4	3	1	0.970232	0.03022	2.70621e-07	2.78924e-07
576	7	7	14	14	11	4	0.89734	0.10832	8.99852e-07	1.0028e-06
577	6	3	15	15	12	3	0.896282	0.1095	9.01762e-07	1.00611e-06
578	7	5	20	23	14	30	0.742717	0.29744	2.14815e-06	2.89229e-06
579	8	6	69	83	24	328	0.111466	2.19404	2.46482e-06	2.21128e-05
580	3	0	0	0	0	0	1	-0	0	0
581	6	3	33	36	18	54	0.605634	0.50148	2.9684e-06	4.90131e-06
582	6	4	30	37	11	162	0.346955	1.05856	3.71108e-06	1.06961e-05
583	6	4	21	22	12	19	0.790523	0.23506	1.77977e-06	2.25138e-06
584	8	6	77	93	25	445	0.0576399	2.85354	1.66544e-06	2.88939e-05
585	8	6	75	87	22	792	0.010198	4.58556	4.79231e-07	4.69924e-05
586	5	3	46	50	17	164	0.31651	1.1504	3.65133e-06	1.15362e-05
587	7	6	29	33	17	121	0.438524	0.82434	3.63619e-06	8.29189e-06
588	8	6	35	38	22	49	0.613521	0.48854	2.91333e-06	4.74854e-06
589	3	2	30	34	6	165	0.348185	1.05502	3.72078e-06	1.06862e-05
590	6	4	13	14	12	2	0.90654	0.09812	8.12743e-07	8.96533e-07
591	2	1	1	1	1	0	0.99374	0.00628	5.60942e-08	5.64476e-08
592	6	4	20	25	11	50	0.662324	0.412	2.69424e-06	4.06785e-06
593	3	1	0	0	0	0	1	-0	0	0
594	7	6	18	20	10	32	0.749162	0.2888	2.11954e-06	2.82921e-06
595	5	3	29	39	12	156	0.353271	1.04052	3.7059e-06	1.04902e-05
596	4	4	27	27	23	5	0.822785	0.19506	1.47258e-06	1.78975e-06
597	1	0	2	2	2	0	0.987519	0.01256	1.11486e-07	1.12895e-07
598	5	3	46	54	25	97	0.434387	0.83382	3.56288e-06	8.20209e-06
599	8	7	69	82	23	448	0.0608247	2.79976	1.72939e-06	2.84324e-05
600	6	4	44	51	22	120	0.393655	0.93228	3.6432e-06	9.25481e-06
601	8	6	28	32	12	76	0.555126	0.58856	3.2444e-06	5.84445e-06
602	7	5	44	53	16	456	0.0700574	2.65844	1.907e-06	2.72205e-05
603	5	4	56	75	23	206	0.218362	1.5216	3.31452e-06	1.5179e-05
604	5	4	9	12	5	28	0.803997	0.21816	1.74073e-06	2.1651e-06
605	7	7	55	65	20	274	0.164376	1.8056	2.99617e-06	1.82276e-05
606	5	4	30	38	10	287	0.182257	1.70234	3.17021e-06	1.73942e-05
607	7	7	116	141	28	760	0.00855294	4.76148	4.13452e-07	4.83403e-05
608	8	7	74	95	25	441	0.0580936	2.8457	1.67276e-06	2.87943e-05
609	5	3	5	5	4	1	0.964158	0.0365	3.23351e-07	3.35371e-07
610	2	1	14	16	6	32	0.768219	0.26368	2e-06	2.60342e-06
611	7	6	18	21	12	25	0.77153	0.25938	1.93942e-06	2.51373e-06
612	5	2	2	2	2	0	0.987519	0.01256	1.11486e-07	1.12895e-07
613	8	7	32	36	18	50	0.618115	0.48108	2.8982e-06	4.68877e-06
614	7	6	64	82	15	939	0.00497236	5.30386	2.71097e-07	5.45208e-05
615	6	2	8	8	8	0	0.951001	0.05024	4.29454e-07	4.51581e-07
616	5	5	28	35	10	110	0.458039	0.7808	3.58201e-06	7.82032e-06
617	6	4	27	31	13	67	0.584862	0.53638	3.1055e-06	5.3098e-06
618	3	2	18	24	5	95	0.529819	0.63522	3.39211e-06	6.4024e-06
619	5	3	27	30	15	46	0.655079	0.423	2.71042e-06	4.13756e-06
620	4	4	35	38	15	95	0.485226	0.72314	3.49007e-06	7.19266e-06
621	6	5	27	35	11	183	0.315657	1.1531	3.69288e-06	1.1699e-05
622	3	3	9	10	8	2	0.929601	0.073	6.23523e-07	6.70742e-07
623	6	4	52	71	17	321	0.124558	2.08298	2.62364e-06	2.10635e-05
624	1	0	0	0	0	0	1	-0	0	0
625	8	7	47	56	24	131	0.360674	1.01978	3.65057e-06	1.01215e-05
626	7	4	45	51	18	140	0.355482	1.03428	3.66768e-06	1.03175e-05
627	6	5	52	59	16	217	0.228271	1.47722	3.39218e-06	1.48603e-05
628	8	6	45	53	22	136	0.35828	1.02644	3.66085e-06	1.02178e-05
629	2	1	2	2	2	0	0.987519	0.01256	1.11486e-07	1.12895e-07
630	8	5	19	21	11	38	0.722036	0.32568	2.31374e-06	3.20446e-06
631	5	3	5	5	5	0	0.969088	0.0314	2.73513e-07	2.82238e-07
632	2	2	1	1	1	0	0.99374	0.00628	5.60942e-08	5.64476e-08
633	5	2	41	54	14	218	0.234355	1.45092	3.42889e-06	1.46312e-05
634	8	6	30	35	15	79	0.536494	0.6227	3.31188e-06	6.17319e-06
635	8	5	57	66	18	282	0.156816	1.85268	2.93389e-06	1.87091e-05
636	8	6	47	54	20	229	0.221569	1.50702	3.37133e-06	1.52157e-05
637	8	6	42	52	21	152	0.332286	1.10176	3.65897e-06	1.10115e-05
638	4	2	17	18	13	6	0.8662	0.14364	1.15625e-06	1.33486e-06
639	6	3	40	44	14	123	0.405101	0.90362	3.65363e-06	9.01908e-06
640	8	7	57	75	15	307	0.130459	2.0367	2.68033e-06	2.05455e-05
641	3	1	9	10	2	36	0.78161	0.2464	1.93626e-06	2.47727e-06
642	8	6	52	70	16	379	0.0932473	2.3725	2.24622e-06	2.40888e-05
643	2	1	4	5	3	3	0.954374	0.0467	4.21487e-07	4.41638e-07
644	8	5	39	50	20	113	0.410533	0.8903	3.62354e-06	8.82643e-06
645	4	3	31	34	11	137	0.401632	0.91222	3.6944e-06	9.19847e-06
646	6	2	4	4	4	0	0.975193	0.02512	2.20189e-07	2.2579e-07
647	3	1	3	3	3	0	0.981336	0.01884	1.66182e-07	1.69343e-07
648	2	2	7	8	5	6	0.922341	0.08084	7.10553e-07	7.7038e-07
649	4	1	2	3	2	1	0.976344	0.02394	2.17213e-07	2.22476e-07
650	1	1	25	29	8	78	0.559943	0.57992	3.23724e-06	5.78137e-06
651	6	4	34	39	15	115	0.435431	0.83142	3.6192e-06	8.31177e-06
652	4	3	39	47	15	126	0.391504	0.93776	3.65971e-06	9.34782e-06
653	7	6	20	21	15	8	0.841407	0.17268	1.35506e-06	1.61047e-06
654	8	7	36	41	17	70	0.540922	0.61448	3.26375e-06	6.03368e-06
655	4	3	4	4	4	0	0.975193	0.02512	2.20189e-07	2.2579e-07
656	8	6	35	36	20	85	0.517068	0.65958	3.38599e-06	6.54844e-06
657	8	6	25	28	16	23	0.745918	0.29314	2.09051e-06	2.8026e-06
658	8	7	36	44	18	94	0.469672	0.75572	3.51231e-06	7.47822e-06
659	4	3	6	6	6	0	0.963021	0.03768	3.26161e-07	3.38686e-07
660	6	4	13	13	11	2	0.912251	0.09184	7.66369e-07	8.40085e-07
661	6	3	20	20	17	4	0.864158	0.146	1.15925e-06	1.34148e-06
662	6	5	80	101	20	676	0.0168757	4.08188	7.02354e-07	4.16193e-05
663	8	5	43	46	12	227	0.235374	1.44658	3.45007e-06	1.46578e-05
664	8	7	11	12	9	4	0.908682	0.09576	8.0864e-07	8.89904e-07
665	5	4	48	58	16	184	0.271813	1.30264	3.54729e-06	1.30505e-05
666	4	3	12	16	9	12	0.850713	0.16168	1.31075e-06	1.54076e-06
667	2	1	4	4	2	3	0.960386	0.04042	3.69931e-07	3.8519e-07
668	4	4	29	39	15	76	0.531251	0.63252	3.31479e-06	6.23958e-06
669	8	7	47	57	27	115	0.38889	0.94446	3.6275e-06	9.32783e-06
670	5	3	8	8	6	2	0.94135	0.06044	5.2513e-07	5.57847e-07
671	5	3	35	41	15	150	0.359702	1.02248	3.69929e-06	1.02843e-05
672	6	4	38	46	14	167	0.319634	1.14058	3.66614e-06	1.14698e-05
673	4	3	9	9	6	6	0.916567	0.08712	7.57843e-07	8.26828e-07
674	4	3	6	6	6	0	0.963021	0.03768	3.26161e-07	3.38686e-07
675	5	4	19	21	8	34	0.736917	0.30528	2.2048e-06	2.99193e-06
676	3	3	3	3	3	0	0.981336	0.01884	1.66182e-07	1.69343e-07
677	2	1	1	1	1	0	0.99374	0.00628	5.60942e-08	5.64476e-08
678	8	5	16	20	9	20	0.796443	0.2276	1.7455e-06	2.19162e-06
679	8	6	71	90	29	314	0.114566	2.1666	2.49344e-06	2.17641e-05
680	5	5	77	103	21	729	0.012718	4.36474	5.66562e-07	4.45482e-05
681	4	4	26	33	10	180	0.324575	1.12524	3.70883e-06	1.14267e-05
682	8	5	26	30	7	146	0.393372	0.933	3.71771e-06	9.45088e-06
683	6	5	82	99	30	613	0.0235644	3.74802	8.99191e-07	3.8159e-05
684	5	4	118	143	26	1030	0.00213126	6.15104	1.33842e-07	6.27992e-05
685	8	6	17	17	10	13	0.841087	0.17306	1.38808e-06	1.65034e-06
686	2	0	3	3	3	0	0.981336	0.01884	1.66182e-07	1.69343e-07
687	8	6	46	63	11	574	0.0360431	3.32304	1.22744e-06	3.40547e-05
688	8	6	29	32	17	27	0.712725	0.33866	2.30988e-06	3.24092e-06
689	6	6	13	14	8	16	0.84407	0.16952	1.38461e-06	1.6404e-06
690	6	5	69	79	19	480	0.0526484	2.94412	1.57752e-06	2.99633e-05
691	8	5	40	46	11	192	0.281371	1.26808	3.60104e-06	1.27982e-05
692	8	6	47	59	23	125	0.364941	1.00802	3.63921e-06	9.97206e-06
693	3	2	37	40	13	151	0.360126	1.0213	3.70247e-06	1.0281e-05
694	6	5	18	20	10	32	0.749162	0.2888	2.11954e-06	2.82921e-06
695	3	2	7	8	4	10	0.903716	0.10124	8.88274e-07	9.82913e-07
696	8	6	52	66	15	550	0.0399758	3.21948	1.31716e-06	3.29488e-05
697	7	6	7	7	6	1	0.952124	0.04906	4.26805e-07	4.48266e-07
698	8	6	28	28	24	5	0.817634	0.20134	1.50952e-06	1.8462e-06
699	5	4	38	44	10	270	0.191413	1.65332	3.22142e-06	1.68297e-05
700	6	6	19	22	15	22	0.77852	0.25036	1.87684e-06	2.41078e-06
701	6	5	20	22	11	47	0.685326	0.37786	2.56251e-06	3.73911e-06
702	2	1	4	4	3	1	0.970232	0.03022	2.70621e-07	2.78924e-07
703	4	4	7	7	7	0	0.956992	0.04396	3.78139e-07	3.95133e-07
704	2	2	17	18	10	23	0.794264	0.23034	1.77766e-06	2.23812e-06
705	3	1	3	3	3	0	0.981336	0.01884	1.66182e-07	1.69343e-07
706	8	6	41	49	17	151	0.340337	1.07782	3.67191e-06	1.0789e-05
707	7	5	26	28	9	172	0.348876	1.05304	3.73975e-06	1.07194e-05
708	8	5	12	12	12	0	0.92741	0.07536	6.28201e-07	6.77371e-07
709	4	4	20	21	9	42	0.707456	0.34608	2.41737e-06	3.41699e-06
710	8	8	53	66	26	138	0.326841	1.11828	3.61419e-06	1.10579e-05
711	3	2	4	4	3	1	0.970232	0.03022	2.70621e-07	2.78924e-07
712	8	7	87	107	24	444	0.0530585	2.93636	1.57218e-06	2.9631e-05
713	3	2	11	11	7	7	0.900523	0.10478	8.94089e-07	9.92856e-07
714	8	6	29	34	18	47	0.635578	0.45322	2.80702e-06	4.41648e-06
715	5	3	13	14	10	10	0.870298	0.13892	1.15018e-06	1.3216e-06
716	7	5	21	21	11	46	0.69317	0.36648	2.51588e-06	3.62953e-06
717	6	3	9	10	7	6	0.910829	0.0934	8.04513e-07	8.83275e-07
718	8	7	44	51	26	71	0.505413	0.68238	3.36164e-06	6.65128e-06
719	5	3	28	32	12	103	0.483715	0.72626	3.52098e-06	7.27904e-06
720	6	4	55	71	15	322	0.123925	2.08808	2.61688e-06	2.11167e-05
721	9	8	90	114	34	287	0.113084	2.17962	2.45215e-06	2.16843e-05
722	8	6	31	35	13	98	0.486947	0.7196	3.4976e-06	7.18272e-06
723	5	4	21	24	12	21	0.772734	0.25782	1.90907e-06	2.47054e-06
724	2	1	8	9	6	4	0.925964	0.07692	6.67214e-07	7.20561e-07
725	8	7	59	77	19	561	0.0352722	3.34466	1.20469e-06	3.41542e-05
726	8	6	90	104	27	407	0.0652963	2.72882	1.79537e-06	2.74958e-05
727	5	3	28	33	11	107	0.47098	0.75294	3.55497e-06	7.54802e-06
728	5	4	27	28	20	29	0.723438	0.32374	2.25814e-06	3.1214e-06
729	6	4	17	19	13	10	0.843395	0.17032	1.35267e-06	1.60384e-06
730	4	4	7	8	7	1	0.946163	0.05534	4.77542e-07	5.04714e-07
731	2	1	2	2	1	1	0.982495	0.01766	1.63122e-07	1.66028e-07
732	8	8	36	42	16	120	0.416545	0.87576	3.64343e-06	8.74678e-06
733	5	3	18	22	8	40	0.710235	0.34216	2.39148e-06	3.36718e-06
734	6	5	11	12	8	5	0.90406	0.10086	8.52562e-07	9.43037e-07
735	8	8	70	84	25	328	0.110768	2.20032	2.45564e-06	2.21693e-05
736	6	4	61	74	17	660	0.021694	3.83072	8.51381e-07	3.9245e-05
737	5	5	16	19	7	35	0.742435	0.29782	2.17694e-06	2.93217e-06
738	3	3	52	70	15	334	0.117302	2.143	2.54521e-06	2.16978e-05
739	7	5	65	84	25	605	0.0269703	3.61302	9.94857e-07	3.68872e-05
740	5	5	84	105	22	537	0.0334367	3.3981	1.15221e-06	3.44595e-05
741	8	6	27	36	14	70	0.558177	0.58308	3.21032e-06	5.75144e-06
742	4	2	5	5	5	0	0.969088	0.0314	2.73513e-07	2.82238e-07
743	4	4	40	47	12	173	0.30806	1.17746	3.649e-06	1.18451e-05
744	4	3	21	28	7	145	0.40038	0.91534	3.71747e-06	9.28485e-06
745	0	0	0	0	0	0	1	-0	0	0
746	3	3	8	8	8	0	0.951001	0.05024	4.29454e-07	4.51581e-07
747	4	4	12	12	8	5	0.90406	0.10086	8.52562e-07	9.43037e-07
748	8	5	27	34	15	76	0.548197	0.60112	3.2658e-06	5.95734e-06
749	8	6	26	32	15	53	0.624215	0.47126	2.88536e-06	4.62238e-06
750	9	8	23	23	16	22	0.773647	0.25664	1.90876e-06	2.46723e-06
751	4	2	18	21	12	31	0.748279	0.28998	2.11952e-06	2.83253e-06
752	5	4	34	46	13	274	0.185207	1.68628	3.17725e-06	1.71551e-05
753	7	6	7	7	7	0	0.956992	0.04396	3.78139e-07	3.95133e-07
754	2	1	10	12	4	29	0.799907	0.22326	1.77438e-06	2.21823e-06
755	7	7	52	65	25	103	0.393175	0.9335	3.59433e-06	9.14181e-06
756	4	3	20	22	13	20	0.786502	0.24016	1.8125e-06	2.30451e-06
757	2	1	3	3	2	1	0.976344	0.02394	2.17213e-07	2.22476e-07
758	4	4	46	54	17	295	0.158244	1.84362	2.96271e-06	1.87225e-05
759	7	6	40	41	19	39	0.633573	0.45638	2.7792e-06	4.38655e-06
760	7	7	44	49	19	99	0.443694	0.81262	3.56114e-06	8.02612e-06
761	8	7	21	22	17	6	0.844712	0.16876	1.3183e-06	1.56065e-06
762	4	2	4	5	4	1	0.964158	0.0365	3.23351e-07	3.35371e-07
763	5	3	5	5	5	0	0.969088	0.0314	2.73513e-07	2.82238e-07
764	8	7	30	36	14	104	0.469316	0.75648	3.54707e-06	7.55797e-06
765	4	2	29	34	15	62	0.58877	0.52972	3.06954e-06	5.21348e-06
766	5	4	23	27	11	44	0.674381	0.39396	2.60442e-06	3.86195e-06
767	7	6	28	39	12	108	0.451256	0.79572	3.5829e-06	7.93984e-06
768	7	5	31	37	12	106	0.461645	0.77296	3.56421e-06	7.72068e-06
769	5	4	42	49	15	183	0.289089	1.24102	3.61052e-06	1.24893e-05
770	8	5	14	14	13	1	0.911175	0.09302	7.68485e-07	8.434e-07
771	4	3	6	6	6	0	0.963021	0.03768	3.26161e-07	3.38686e-07
772	4	4	28	30	12	154	0.377645	0.9738	3.7296e-06	9.87594e-06
773	4	4	12	16	7	18	0.825076	0.19228	1.53428e-06	1.85956e-06
774	6	4	40	47	14	330	0.138324	1.97816	2.79234e-06	2.0187e-05
775	3	2	7	7	5	3	0.942462	0.05926	5.22626e-07	5.54533e-07
776	4	4	21	25	11	31	0.729716	0.3151	2.2317e-06	3.05832e-06
777	10	6	39	45	22	118	0.412962	0.8844	3.63814e-06	8.80986e-06
778	8	6	22	25	13	57	0.639096	0.4477	2.83745e-06	4.43978e-06
779	8	6	37	40	18	82	0.512016	0.6694	3.38689e-06	6.61483e-06
780	4	2	25	28	8	128	0.436643	0.82864	3.65976e-06	8.38158e-06
781	2	2	28	30	9	100	0.49738	0.6984	3.48502e-06	7.00675e-06
782	8	6	75	94	29	460	0.0530606	2.93632	1.57841e-06	2.97473e-05
783	7	5	10	10	10	0	0.939131	0.0628	5.30117e-07	5.64476e-07
784	5	3	22	28	16	22	0.749732	0.28804	2.06136e-06	2.74946e-06
785	2	2	0	0	0	0	1	-0	0	0
786	9	7	13	14	9	6	0.888234	0.11852	9.8511e-07	1.10907e-06
787	7	5	30	36	18	51	0.614971	0.48618	2.91614e-06	4.74191e-06
788	8	6	33	44	9	255	0.206631	1.57682	3.31285e-06	1.60327e-05
789	5	3	52	60	17	184	0.268421	1.3152	3.53332e-06	1.31634e-05
790	3	1	2	2	2	0	0.987519	0.01256	1.11486e-07	1.12895e-07
791	7	5	19	20	10	39	0.722889	0.3245	2.31407e-06	3.20115e-06
792	5	4	7	7	7	0	0.956992	0.04396	3.78139e-07	3.95133e-07
793	8	7	10	11	9	2	0.923781	0.07928	6.71764e-07	7.2719e-07
794	4	3	9	14	6	21	0.822818	0.19502	1.56834e-06	1.90606e-06
795	5	3	17	19	9	19	0.805558	0.21622	1.6772e-06	2.08204e-06
796	7	7	66	78	21	417	0.0730552	2.61654	1.94031e-06	2.65595e-05
797	8	6	91	108	40	214	0.170394	1.76964	2.97625e-06	1.74668e-05
798	5	4	6	6	4	3	0.948399	0.05298	4.72383e-07	4.98085e-07
799	5	4	36	41	19	72	0.535433	0.62468	3.28753e-06	6.13994e-06
800	3	1	4	4	4	0	0.975193	0.02512	2.20189e-07	2.2579e-07
801	5	3	23	24	10	56	0.646411	0.43632	2.79909e-06	4.3302e-06
802	5	4	20	21	12	45	0.696714	0.36138	2.49172e-06	3.57639e-06
803	6	5	22	33	11	232	0.248966	1.39044	3.53274e-06	1.41897e-05
804	3	3	47	57	9	342	0.122192	2.10216	2.61358e-06	2.13891e-05
805	8	8	117	140	35	697	0.0118681	4.4339	5.33312e-07	4.49365e-05
806	1	0	1	1	1	0	0.99374	0.00628	5.60942e-08	5.64476e-08
807	6	5	30	33	20	43	0.652764	0.42654	2.70734e-06	4.1475e-06
808	4	4	20	21	12	14	0.81605	0.20328	1.57438e-06	1.92926e-06
809	4	3	16	17	10	11	0.84971	0.16286	1.31202e-06	1.54407e-06
810	5	4	54	61	18	234	0.206701	1.57648	3.28169e-06	1.58765e-05
811	5	2	4	4	4	0	0.975193	0.02512	2.20189e-07	2.2579e-07
812	1	1	0	0	0	0	1	-0	0	0
813	8	7	76	92	25	398	0.0737142	2.60756	1.94165e-06	2.63402e-05
814	6	5	9	9	8	1	0.94024	0.06162	5.27627e-07	5.61162e-07
815	4	4	18	20	10	31	0.752993	0.2837	2.09037e-06	2.77608e-06
816	7	7	59	71	20	319	0.125835	2.07278	2.63717e-06	2.09573e-05
817	6	5	51	62	20	439	0.072204	2.62826	1.93689e-06	2.68252e-05
818	8	5	30	37	15	106	0.461645	0.77296	3.56421e-06	7.72068e-06
819	3	2	6	6	5	1	0.958122	0.04278	3.7541e-07	3.91819e-07
820	8	6	65	73	30	211	0.215555	1.53454	3.30484e-06	1.53318e-05
821	8	7	64	84	19	361	0.0936098	2.36862	2.2394e-06	2.39227e-05
822	5	3	7	7	6	1	0.952124	0.04906	4.26805e-07	4.48266e-07
823	4	4	37	48	17	155	0.335565	1.09194	3.6728e-06	1.09451e-05
824	7	5	27	29	15	35	0.697244	0.36062	2.43801e-06	3.49664e-06
825	6	3	42	55	15	255	0.192839	1.6459	3.21146e-06	1.66536e-05
826	7	7	38	48	14	234	0.224284	1.49484	3.39626e-06	1.51427e-05
827	7	6	23	27	16	39	0.691799	0.36846	2.4879e-06	3.59628e-06
828	5	5	12	14	9	11	0.86587	0.14402	1.19034e-06	1.37473e-06
829	4	4	35	40	15	117	0.428313	0.8479	3.62974e-06	8.47449e-06
830	8	7	67	76	24	369	0.0944977	2.35918	2.25813e-06	2.38962e-05
831	5	4	24	37	8	220	0.258112	1.35436	3.55624e-06	1.37779e-05
832	6	3	14	20	4	72	0.610913	0.4928	3.0268e-06	4.95454e-06
833	2	2	8	10	2	21	0.843749	0.1699	1.41773e-06	1.68027e-06
834	8	8	77	97	28	550	0.032904	3.41416	1.14173e-06	3.46987e-05
835	3	2	9	12	4	29	0.799907	0.22326	1.77438e-06	2.21823e-06
836	4	4	4	4	4	0	0.975193	0.02512	2.20189e-07	2.2579e-07
837	3	2	30	35	7	140	0.393057	0.9338	3.70036e-06	9.41431e-06
838	2	1	13	22	5	81	0.576223	0.55126	3.19552e-06	5.54564e-06
839	1	1	0	0	0	0	1	-0	0	0
840	8	6	30	37	22	31	0.676745	0.39046	2.52811e-06	3.73569e-06
841	9	8	71	83	34	165	0.255958	1.36274	3.44319e-06	1.34521e-05
842	6	5	44	53	20	118	0.392727	0.93464	3.63722e-06	9.26144e-06
843	6	6	16	19	10	27	0.773353	0.25702	1.93887e-06	2.5071e-06
844	6	4	23	29	8	121	0.44968	0.79922	3.62716e-06	8.0661e-06
845	8	3	54	57	31	66	0.499294	0.69456	3.35741e-06	6.7243e-06
846	7	6	17	17	12	8	0.862811	0.14756	1.19471e-06	1.38467e-06
847	7	5	11	14	9	9	0.874748	0.13382	1.10959e-06	1.26847e-06
848	8	7	63	74	31	127	0.328762	1.11242	3.59174e-06	1.0925e-05
849	8	6	8	10	7	4	0.920167	0.0832	7.14978e-07	7.77009e-07
850	4	3	12	15	6	37	0.753595	0.2829	2.11959e-06	2.81264e-06
851	4	4	30	35	8	154	0.365971	1.0052	3.7176e-06	1.01582e-05
852	4	3	30	34	7	178	0.325849	1.12132	3.70717e-06	1.13769e-05
853	6	5	28	30	15	33	0.699982	0.3567	2.41272e-06	3.44682e-06
854	5	4	39	56	9	372	0.105517	2.24888	2.41916e-06	2.29266e-05
855	7	5	8	11	6	11	0.882338	0.12518	1.06356e-06	1.20539e-06
856	7	6	16	18	13	15	0.82734	0.18954	1.50001e-06	1.81305e-06
857	2	1	0	0	0	0	1	-0	0	0
858	0	0	0	0	0	0	1	-0	0	0
859	6	3	20	25	8	109	0.49022	0.7129	3.53092e-06	7.20271e-06
860	3	1	2	2	2	0	0.987519	0.01256	1.11486e-07	1.12895e-07
861	6	6	49	53	23	101	0.428296	0.84794	3.57978e-06	8.35818e-06
862	4	4	48	60	19	152	0.316004	1.152	3.62239e-06	1.14631e-05
863	5	2	5	5	5	0	0.969088	0.0314	2.73513e-07	2.82238e-07
864	3	3	6	7	6	1	0.952124	0.04906	4.26805e-07	4.48266e-07
865	4	4	29	37	11	138	0.392131	0.93616	3.69424e-06	9.42094e-06
866	3	2	2	2	2	0	0.987519	0.01256	1.11486e-07	1.12895e-07
867	5	2	4	4	4	0	0.975193	0.02512	2.20189e-07	2.2579e-07
868	9	9	74	97	25	584	0.0276658	3.58756	1.00994e-06	3.65052e-05
869	5	5	39	49	18	180	0.293546	1.22572	3.6194e-06	1.23299e-05
870	6	4	9	10	6	10	0.892436	0.1138	9.77939e-07	1.09581e-06
871	4	2	18	21	10	21	0.787431	0.23898	1.81203e-06	2.3012e-06
872	7	5	26	38	11	238	0.233999	1.45244	3.46101e-06	1.47907e-05
873	8	6	25	27	18	24	0.746798	0.29196	2.0905e-06	2.79928e-06
874	9	8	82	113	22	473	0.0440716	3.12194	1.38872e-06	3.15106e-05
875	5	3	9	12	7	11	0.876814	0.13146	1.1064e-06	1.26184e-06
876	2	2	33	44	8	345	0.130573	2.03582	2.71784e-06	2.08146e-05
877	8	6	74	87	37	225	0.183809	1.69386	3.1001e-06	1.68659e-05
878	6	5	27	29	15	31	0.711614	0.34022	2.33702e-06	3.28411e-06
879	6	4	54	63	23	182	0.266111	1.32384	3.51971e-06	1.32264e-05
880	7	7	31	43	16	241	0.223322	1.49914	3.40172e-06	1.52323e-05
881	8	5	19	25	10	72	0.592029	0.5242	3.10032e-06	5.23678e-06
882	8	8	28	32	17	50	0.633839	0.45596	2.82881e-06	4.46298e-06
883	7	7	56	68	23	209	0.224711	1.49294	3.35792e-06	1.49433e-05
884	7	4	44	51	16	171	0.303498	1.19238	3.63123e-06	1.19646e-05
885	2	2	3	3	3	0	0.981336	0.01884	1.66182e-07	1.69343e-07
886	8	6	50	64	21	210	0.229255	1.47292	3.38624e-06	1.47706e-05
887	4	2	16	18	10	29	0.770327	0.26094	1.96966e-06	2.55692e-06
888	6	5	40	49	15	170	0.308905	1.17472	3.64464e-06	1.17986e-05
889	3	3	2	2	1	1	0.982495	0.01766	1.63122e-07	1.66028e-07
890	5	4	15	16	12	7	0.872686	0.13618	1.11276e-06	1.27509e-06
891	4	4	40	47	12	266	0.191712	1.65176	3.21817e-06	1.67865e-05
892	8	6	35	37	16	102	0.471159	0.75256	3.53753e-06	7.50815e-06
893	4	3	6	7	3	6	0.928152	0.07456	6.62638e-07	7.13932e-07
894	4	3	63	80	18	404	0.0770886	2.5628	2.00289e-06	2.59816e-05
895	3	2	7	7	7	0	0.956992	0.04396	3.78139e-07	3.95133e-07
896	7	5	42	54	9	559	0.041171	3.19002	1.34834e-06	3.27496e-05
897	5	4	2	2	2	0	0.987519	0.01256	1.11486e-07	1.12895e-07
898	8	7	48	56	24	102	0.418165	0.87188	3.58813e-06	8.58065e-06
899	7	5	22	24	18	10	0.817324	0.20172	1.54153e-06	1.88607e-06
900	6	6	31	36	13	99	0.481437	0.73098	3.51078e-06	7.2923e-06
901	8	7	54	61	27	136	0.340725	1.07668	3.63534e-06	1.06694e-05
902	8	2	58	66	24	523	0.0458775	3.08178	1.44579e-06	3.15142e-05
903	7	7	70	89	31	327	0.107892	2.22662	2.41662e-06	2.23984e-05
904	6	3	23	26	7	91	0.533989	0.62738	3.3656e-06	6.30276e-06
905	7	3	8	8	8	0	0.951001	0.05024	4.29454e-07	4.51581e-07
906	8	7	18	18	18	0	0.893115	0.11304	9.07456e-07	1.01606e-06
907	7	6	53	68	18	288	0.150192	1.89584	2.8748e-06	1.91408e-05
908	5	4	15	21	5	121	0.472849	0.74898	3.60051e-06	7.61452e-06
909	5	4	29	36	11	85	0.517068	0.65958	3.38599e-06	6.54844e-06
910	7	7	60	70	25	206	0.225328	1.4902	3.35665e-06	1.48968e-05
911	7	6	22	22	13	22	0.77852	0.25036	1.87684e-06	2.41078e-06
912	5	3	27	30	8	161	0.364401	1.0095	3.73434e-06	1.02479e-05
913	8	7	46	56	20	227	0.221047	1.50938	3.36484e-06	1.52223e-05
914	2	1	0	0	0	0	1	-0	0	0
915	7	5	36	42	18	112	0.433892	0.83496	3.61073e-06	8.32172e-06
916	4	3	4	4	4	0	0.975193	0.02512	2.20189e-07	2.2579e-07
917	6	4	17	24	7	77	0.580759	0.54342	3.16281e-06	5.446e-06
918	3	2	14	15	7	24	0.805252	0.2166	1.70867e-06	2.12191e-06
919	1	1	2	2	2	0	0.987519	0.01256	1.11486e-07	1.12895e-07
920	8	7	61	78	27	204	0.216484	1.53024	3.29966e-06	1.52421e-05
921	5	5	14	15	8	11	0.86045	0.1503	1.23146e-06	1.43118e-06
922	5	1	8	8	8	0	0.951001	0.05024	4.29454e-07	4.51581e-07
923	5	3	26	33	11	98	0.493102	0.70704	3.48614e-06	7.06982e-06
924	7	6	41	54	17	479	0.0619133	2.78202	1.76447e-06	2.8499e-05
925	7	3	6	7	5	2	0.947281	0.05416	4.74966e-07	5.014e-07
926	8	6	33	39	18	74	0.536698	0.62232	3.29174e-06	6.13331e-06
927	6	4	8	8	8	0	0.951001	0.05024	4.29454e-07	4.51581e-07
928	2	1	0	0	0	0	1	-0	0	0
929	8	6	40	51	13	549	0.0441492	3.12018	1.41494e-06	3.2049e-05
930	8	7	71	83	18	359	0.0951653	2.35214	2.26112e-06	2.376e-05
931	7	5	26	35	12	146	0.381212	0.9644	3.71038e-06	9.73311e-06
932	7	4	21	24	11	33	0.726861	0.31902	2.25918e-06	3.10814e-06
933	4	4	25	31	7	157	0.369583	0.99538	3.72975e-06	1.00918e-05
934	8	7	38	43	20	64	0.550769	0.59644	3.20976e-06	5.82777e-06
935	5	4	33	41	15	140	0.378522	0.97148	3.69173e-06	9.753e-06
936	7	5	28	31	21	38	0.678087	0.38848	2.55567e-06	3.76894e-06
937	3	2	3	3	3	0	0.981336	0.01884	1.66182e-07	1.69343e-07
938	8	6	31	34	14	157	0.362685	1.01422	3.72156e-06	1.02611e-05
939	6	4	28	31	17	36	0.685039	0.37828	2.50907e-06	3.66267e-06
940	7	5	15	16	14	2	0.895225	0.11068	9.03665e-07	1.00943e-06
941	5	4	18	23	5	67	0.614996	0.48614	2.98778e-06	4.85822e-06
942	4	4	30	35	15	79	0.536494	0.6227	3.31188e-06	6.17319e-06
943	4	3	9	11	8	4	0.914407	0.08948	7.62118e-07	8.33456e-07
944	6	5	42	45	20	107	0.436791	0.8283	3.59278e-06	8.22539e-06
945	4	4	85	104	28	382	0.0741756	2.60132	1.94099e-06	2.61674e-05
946	1	1	16	19	4	94	0.549515	0.59872	3.33392e-06	6.06703e-06
947	6	5	52	76	13	564	0.0349555	3.35368	1.19747e-06	3.42571e-05
948	8	7	36	46	21	188	0.28717	1.24768	3.61422e-06	1.25856e-05
949	4	4	6	6	6	0	0.963021	0.03768	3.26161e-07	3.38686e-07
950	6	5	17	18	7	27	0.778225	0.25074	1.90716e-06	2.45065e-06
951	6	5	25	33	14	110	0.463829	0.76824	3.57492e-06	7.70742e-06
952	4	4	23	26	13	29	0.732582	0.31118	2.20397e-06	3.0085e-06
953	8	7	4	4	4	0	0.975193	0.02512	2.20189e-07	2.2579e-07
954	10	9	47	55	15	355	0.115799	2.1559	2.54374e-06	2.19669e-05
955	3	2	8	8	7	1	0.946163	0.05534	4.77542e-07	5.04714e-07
956	4	4	8	8	8	0	0.951001	0.05024	4.29454e-07	4.51581e-07
957	4	4	10	10	7	6	0.910829	0.0934	8.04513e-07	8.83275e-07
958	8	8	20	28	10	91	0.527324	0.63994	3.38313e-06	6.41565e-06
959	8	8	26	28	17	39	0.687468	0.37474	2.51113e-06	3.65273e-06
960	8	7	72	90	28	263	0.1486	1.9065	2.83146e-06	1.90543e-05
961	6	3	10	11	8	4	0.914407	0.08948	7.62118e-07	8.33456e-07
962	8	8	8	12	4	21	0.833218	0.18246	1.4941e-06	1.79317e-06
963	4	3	19	26	10	61	0.622271	0.47438	2.93013e-06	4.70876e-06
964	4	3	7	7	7	0	0.956992	0.04396	3.78139e-07	3.95133e-07
965	8	7	60	65	23	181	0.264134	1.3313	3.50933e-06	1.32862e-05
966	3	2	19	25	6	120	0.463476	0.769	3.60917e-06	7.78717e-06
967	6	5	12	12	10	3	0.913328	0.09066	7.64246e-07	8.36771e-07
968	6	5	66	73	24	195	0.233882	1.45294	3.38699e-06	1.44816e-05
969	8	5	49	62	19	259	0.180819	1.71026	3.12116e-06	1.72613e-05
970	5	5	23	28	15	55	0.633598	0.45634	2.853e-06	4.50286e-06
971	2	1	12	15	4	66	0.649989	0.4308	2.82973e-06	4.35351e-06
972	4	3	29	35	17	83	0.52566	0.6431	3.35672e-06	6.38572e-06
973	1	1	7	11	4	17	0.855747	0.15578	1.30432e-06	1.52419e-06
974	8	5	12	14	9	15	0.848386	0.16442	1.34661e-06	1.58726e-06
975	8	8	34	38	24	35	0.658929	0.41714	2.63879e-06	4.00467e-06
976	8	7	91	108	30	441	0.0535393	2.92734	1.58091e-06	2.95281e-05
977	10	8	34	37	24	51	0.611121	0.49246	2.93238e-06	4.79835e-06
978	5	5	35	39	13	153	0.358718	1.02522	3.70585e-06	1.03308e-05
979	6	4	5	6	5	1	0.958122	0.04278	3.7541e-07	3.91819e-07
980	2	2	44	55	13	262	0.186076	1.6816	3.16804e-06	1.70255e-05
981	6	4	66	75	29	286	0.145206	1.9296	2.82131e-06	1.94297e-05
982	5	4	20	23	4	90	0.546927	0.60344	3.32547e-06	6.08028e-06
983	9	8	67	88	22	397	0.0759758	2.57734	1.98003e-06	2.60613e-05
984	5	5	37	47	16	223	0.238721	1.43246	3.46187e-06	1.45017e-05
985	4	2	30	43	15	225	0.242309	1.41754	3.48495e-06	1.43822e-05
986	4	4	9	11	5	12	0.87785	0.13028	1.10479e-06	1.25852e-06
987	6	2	18	23	8	57	0.647174	0.43514	2.80025e-06	4.32689e-06
988	3	2	3	3	3	0	0.981336	0.01884	1.66182e-07	1.69343e-07
989	3	1	3	3	3	0	0.981336	0.01884	1.66182e-07	1.69343e-07
990	5	4	15	21	6	66	0.625953	0.46848	2.93709e-06	4.69219e-06
991	7	5	10	13	8	15	0.85373	0.15814	1.3069e-06	1.53082e-06
992	7	5	45	54	18	306	0.149611	1.89972	2.88852e-06	1.93069e-05
993	5	4	19	24	12	41	0.697802	0.35982	2.46548e-06	3.5332e-06
994	8	8	12	12	8	7	0.894885	0.11106	9.39006e-07	1.0493e-06
995	6	5	44	49	20	148	0.345584	1.06252	3.67343e-06	1.06296e-05
996	6	4	15	18	8	39	0.732025	0.31194	2.26068e-06	3.08825e-06
997	6	3	43	47	23	81	0.4925	0.70826	3.42624e-06	6.95683e-06
998	2	1	2	2	2	0	0.987519	0.01256	1.11486e-07	1.12895e-07
999	3	1	5	5	4	1	0.964158	0.0365	3.23351e-07	3.35371e-07
1000	1	1	5	5	5	0	0.969088	0.0314	2.73513e-07	2.82238e-07