Hist	Tr_Tot	Tr_in	DSBs	DSBt	RIFs	NComb	PSurv	lPSurv	PMut*	PMut
1	15641	12297	69	69	69	0	0.648353	0.43332	2.52526e-06	3.89488e-06
2	15348	12063	73	73	70	4	0.619502	0.47884	2.68443e-06	4.33321e-06
3	15804	12395	89	92	78	16	0.517182	0.65936	3.12549e-06	6.04331e-06
4	15434	12078	89	91	83	9	0.539356	0.61738	3.02844e-06	5.61493e-06
5	15455	12006	72	73	65	11	0.597776	0.51454	2.81262e-06	4.70514e-06
6	15574	12228	72	72	63	11	0.601541	0.50826	2.79638e-06	4.64869e-06
7	15452	12149	71	71	68	3	0.630539	0.46118	2.62757e-06	4.16718e-06
8	15272	11925	69	71	61	12	0.602252	0.50708	2.79769e-06	4.64538e-06
9	15196	11938	78	79	73	6	0.590539	0.52672	2.82169e-06	4.77816e-06
10	15724	12281	88	90	80	10	0.539993	0.6162	3.03023e-06	5.61162e-06
11	15541	12128	75	75	67	10	0.593333	0.522	2.82717e-06	4.7649e-06
12	15420	12032	77	79	70	10	0.578614	0.54712	2.88768e-06	4.99069e-06
13	15445	12092	71	72	68	4	0.623404	0.47256	2.66615e-06	4.27676e-06
14	15391	12195	77	78	70	9	0.585236	0.53574	2.8566e-06	4.88111e-06
15	15510	12187	89	91	78	16	0.52044	0.65308	3.1158e-06	5.98686e-06
16	15512	12193	75	75	73	2	0.618041	0.4812	2.6822e-06	4.33984e-06
17	15579	12354	87	89	82	8	0.548965	0.59972	2.99126e-06	5.4489e-06
18	15440	12197	58	58	55	3	0.684176	0.37954	2.34902e-06	3.43336e-06
19	15677	12334	59	60	56	4	0.6722	0.3972	2.41951e-06	3.59939e-06
20	15378	12043	73	77	64	17	0.565378	0.57026	2.96808e-06	5.24973e-06
21	15483	12245	67	67	60	7	0.633522	0.45646	2.6316e-06	4.15392e-06
22	15455	12192	76	78	68	17	0.561839	0.57654	2.98122e-06	5.30618e-06
23	15554	12212	92	94	76	24	0.490309	0.71272	3.22685e-06	6.58127e-06
24	15519	12249	70	70	64	6	0.624877	0.4702	2.66831e-06	4.27013e-06
25	15575	12270	73	74	69	6	0.609376	0.49532	2.73971e-06	4.49592e-06
26	15591	12172	78	79	73	6	0.590539	0.52672	2.82169e-06	4.77816e-06
27	15276	11950	73	74	68	6	0.609376	0.49532	2.73971e-06	4.49592e-06
28	15699	12298	75	76	71	5	0.604847	0.50278	2.75549e-06	4.55568e-06
29	15392	12099	61	63	59	4	0.659654	0.41604	2.48606e-06	3.76873e-06
30	15542	12192	77	77	73	4	0.604134	0.50396	2.75424e-06	4.559e-06
31	15465	12139	72	72	69	3	0.626592	0.46746	2.64649e-06	4.22363e-06
32	15508	12155	75	78	67	13	0.573418	0.55614	2.92079e-06	5.09364e-06
33	15458	12058	79	82	73	10	0.567815	0.56596	2.92994e-06	5.16004e-06
34	15285	12014	72	75	65	12	0.587311	0.5322	2.86089e-06	4.87117e-06
35	15512	12175	79	79	74	6	0.590539	0.52672	2.82169e-06	4.77816e-06
36	15383	12088	64	65	63	2	0.658099	0.4184	2.48456e-06	3.77536e-06
37	15542	12127	75	76	71	5	0.604847	0.50278	2.75549e-06	4.55568e-06
38	15404	12135	56	56	54	2	0.696366	0.36188	2.27526e-06	3.26733e-06
39	15613	12230	69	70	63	7	0.621699	0.4753	2.68777e-06	4.32326e-06
40	15475	12145	73	74	70	5	0.612492	0.49022	2.72117e-06	4.44279e-06
41	15337	12046	59	59	52	8	0.662775	0.41132	2.48903e-06	3.75547e-06
42	15540	12148	75	75	68	10	0.593333	0.522	2.82717e-06	4.7649e-06
43	15829	12332	78	83	74	9	0.567145	0.56714	2.92837e-06	5.16335e-06
44	15617	12137	63	64	59	5	0.65219	0.42742	2.52939e-06	3.87831e-06
45	15320	12072	63	64	59	5	0.65219	0.42742	2.52939e-06	3.87831e-06
46	15396	11999	63	63	60	3	0.663027	0.41094	2.46354e-06	3.7156e-06
47	15416	12045	77	78	68	14	0.570501	0.56124	2.93624e-06	5.14678e-06
48	15112	11758	63	65	57	10	0.631789	0.4592	2.65378e-06	4.20043e-06
49	15485	12045	71	72	64	9	0.607708	0.49806	2.76047e-06	4.54243e-06
50	15421	12069	81	81	71	11	0.568485	0.56478	2.93152e-06	5.15672e-06
51	15550	12088	66	68	63	5	0.636011	0.45254	2.61025e-06	4.1041e-06
52	15626	12259	76	77	71	7	0.594961	0.51926	2.80726e-06	4.7184e-06
53	15632	12282	60	64	55	12	0.629317	0.46312	2.67475e-06	4.25024e-06
54	15338	12040	77	78	70	9	0.585236	0.53574	2.8566e-06	4.88111e-06
55	15783	12408	74	76	70	7	0.598709	0.51298	2.79115e-06	4.66195e-06
56	15428	12023	84	87	72	25	0.509737	0.67386	3.18039e-06	6.23927e-06
57	15444	12162	65	66	63	3	0.650652	0.42978	2.52775e-06	3.88494e-06
58	15494	12112	64	64	60	5	0.65219	0.42742	2.52939e-06	3.87831e-06
59	15484	12136	73	73	67	6	0.613215	0.48904	2.72235e-06	4.43947e-06
60	15338	12039	69	70	65	5	0.628072	0.4651	2.64858e-06	4.217e-06
61	15460	12150	82	83	75	8	0.570045	0.56204	2.91305e-06	5.11022e-06
62	15460	12182	67	68	63	5	0.636011	0.45254	2.61025e-06	4.1041e-06
63	15576	12173	62	65	59	9	0.635019	0.4541	2.63361e-06	4.14729e-06
64	15454	12092	65	66	60	7	0.637513	0.45018	2.61219e-06	4.09747e-06
65	15439	12177	98	98	91	7	0.521451	0.65114	3.07854e-06	5.9038e-06
66	15609	12301	57	59	51	10	0.656049	0.42152	2.53349e-06	3.86174e-06
67	15504	12185	86	87	82	5	0.564475	0.57186	2.92206e-06	5.17661e-06
68	15543	12239	87	88	82	6	0.558087	0.58324	2.95015e-06	5.28619e-06
69	15572	12242	68	68	61	9	0.623167	0.47294	2.68999e-06	4.31664e-06
70	15317	11982	65	66	60	7	0.637513	0.45018	2.61219e-06	4.09747e-06
71	15666	12318	82	85	74	13	0.548757	0.6001	3.012e-06	5.48878e-06
72	15370	12040	65	65	61	5	0.648107	0.4337	2.55014e-06	3.93476e-06
73	15513	12101	69	71	67	4	0.627332	0.46628	2.64754e-06	4.22031e-06
74	15449	12221	90	91	79	16	0.52044	0.65308	3.1158e-06	5.98686e-06
75	15465	12215	68	69	64	6	0.628814	0.46392	2.64962e-06	4.21368e-06
76	15514	12228	75	76	72	4	0.607939	0.49768	2.73728e-06	4.50255e-06
77	15615	12146	75	76	71	5	0.604847	0.50278	2.75549e-06	4.55568e-06
78	15584	12192	53	54	53	1	0.708773	0.34422	2.19812e-06	3.1013e-06
79	15261	12065	73	76	67	10	0.589618	0.52828	2.84276e-06	4.82135e-06
80	15686	12329	73	73	63	16	0.582725	0.54004	2.89661e-06	4.97081e-06
81	15384	12132	77	78	74	4	0.600351	0.51024	2.77089e-06	4.61545e-06
82	15606	12285	60	62	58	4	0.66381	0.40976	2.46425e-06	3.71228e-06
83	15459	12184	64	66	59	7	0.637513	0.45018	2.61219e-06	4.09747e-06
84	15292	12016	83	84	76	8	0.566476	0.56832	2.92679e-06	5.16666e-06
85	15524	12262	70	74	65	16	0.579077	0.54632	2.91117e-06	5.02725e-06
86	15428	12161	69	69	64	6	0.628814	0.46392	2.64962e-06	4.21368e-06
87	15544	12193	74	75	66	11	0.590314	0.5271	2.84416e-06	4.81804e-06
88	15422	11977	77	78	69	13	0.573418	0.55614	2.92079e-06	5.09364e-06
89	15463	12117	71	71	65	6	0.620965	0.47648	2.68666e-06	4.32658e-06
90	15463	12135	67	69	62	7	0.625615	0.46902	2.66938e-06	4.26682e-06
91	15664	12216	77	78	70	8	0.588228	0.53064	2.83995e-06	4.82798e-06
92	15469	12195	62	63	57	7	0.649638	0.43134	2.55186e-06	3.92813e-06
93	15385	12013	69	69	66	3	0.638509	0.44862	2.5887e-06	4.05428e-06
94	15534	12177	81	82	72	11	0.564926	0.57106	2.94506e-06	5.21317e-06
95	15464	12133	72	72	66	6	0.617078	0.48276	2.70467e-06	4.38303e-06
96	15610	12184	66	66	59	10	0.627834	0.46548	2.67261e-06	4.25687e-06
97	15309	12059	69	70	63	8	0.618536	0.4804	2.70696e-06	4.3764e-06
98	15340	12043	59	61	56	5	0.664593	0.40858	2.46496e-06	3.70897e-06
99	15410	12055	89	90	81	9	0.542754	0.6111	3.01689e-06	5.55848e-06
100	15490	12193	82	84	70	22	0.52744	0.63972	3.11745e-06	5.91053e-06
101	15479	12218	71	74	66	11	0.594033	0.52082	2.82854e-06	4.76159e-06
102	15455	12162	82	85	75	10	0.557217	0.5848	2.96962e-06	5.32938e-06
103	15544	12231	81	82	72	13	0.559193	0.58126	2.97459e-06	5.31943e-06
104	15526	12264	68	71	63	13	0.599188	0.51218	2.81529e-06	4.69851e-06
105	15624	12301	56	56	52	4	0.689299	0.37208	2.32542e-06	3.3736e-06
106	15328	12013	68	69	64	5	0.632029	0.45882	2.62959e-06	4.16055e-06
107	15764	12402	48	48	45	4	0.724814	0.32184	2.11792e-06	2.92202e-06
108	15421	12136	70	70	65	5	0.628072	0.4651	2.64858e-06	4.217e-06
109	15460	12155	67	68	62	7	0.629556	0.46274	2.65066e-06	4.21037e-06
110	15489	12197	72	72	64	9	0.607708	0.49806	2.76047e-06	4.54243e-06
111	15465	12171	77	77	68	10	0.585927	0.53456	2.85803e-06	4.8778e-06
112	15555	12207	63	66	58	12	0.621462	0.47568	2.71153e-06	4.36314e-06
113	15176	11914	62	62	57	5	0.660433	0.41486	2.4868e-06	3.76542e-06
114	15478	12049	81	81	76	5	0.58615	0.53418	2.83575e-06	4.83792e-06
115	15559	12238	78	79	70	10	0.578614	0.54712	2.88768e-06	4.99069e-06
116	15485	12194	58	60	58	3	0.675637	0.3921	2.39598e-06	3.54626e-06
117	15433	12108	75	76	69	7	0.598709	0.51298	2.79115e-06	4.66195e-06
118	15466	12158	80	81	75	7	0.580201	0.54438	2.86862e-06	4.94419e-06
119	15499	12177	77	78	72	6	0.594259	0.52044	2.80592e-06	4.72171e-06
120	15578	12260	55	57	52	6	0.678033	0.38856	2.39773e-06	3.53631e-06
121	15566	12239	79	79	71	9	0.581572	0.54202	2.87155e-06	4.93756e-06
122	15280	11982	42	43	41	2	0.755602	0.28024	1.91433e-06	2.53351e-06
123	15656	12334	79	80	73	8	0.580886	0.5432	2.87009e-06	4.94087e-06
124	15362	12000	53	54	52	2	0.705167	0.34932	2.22441e-06	3.15444e-06
125	15545	12176	83	86	79	8	0.559406	0.58088	2.95342e-06	5.27956e-06
126	15443	12151	86	86	78	9	0.55656	0.58598	2.96796e-06	5.33269e-06
127	15373	12066	63	63	59	7	0.649638	0.43134	2.55186e-06	3.92813e-06
128	15508	12179	86	87	80	8	0.555904	0.58716	2.96631e-06	5.33601e-06
129	15547	12228	55	57	50	11	0.660961	0.41406	2.51296e-06	3.80198e-06
130	15577	12312	62	63	62	1	0.669824	0.40074	2.41762e-06	3.60933e-06
131	15246	11994	80	82	73	12	0.562053	0.57616	2.95994e-06	5.2663e-06
132	15675	12247	81	83	73	12	0.558534	0.58244	2.97294e-06	5.32275e-06
133	15376	12090	64	64	63	1	0.665631	0.40702	2.44006e-06	3.66578e-06
134	15617	12315	62	62	60	2	0.670615	0.39956	2.41825e-06	3.60602e-06
135	15454	12159	63	66	59	7	0.637513	0.45018	2.61219e-06	4.09747e-06
136	15341	12080	81	83	79	4	0.581793	0.54164	2.84944e-06	4.89768e-06
137	15518	12150	49	49	45	4	0.720277	0.32812	2.14532e-06	2.97847e-06
138	15841	12408	73	74	67	10	0.597071	0.51572	2.81128e-06	4.70845e-06
139	15589	12230	68	71	65	7	0.617806	0.48158	2.70581e-06	4.37971e-06
140	15273	12077	60	66	60	7	0.637513	0.45018	2.61219e-06	4.09747e-06
141	15281	12054	70	71	66	5	0.62414	0.47138	2.66723e-06	4.27345e-06
142	15455	12123	77	79	68	13	0.569828	0.56242	2.93467e-06	5.15009e-06
143	15535	12148	62	62	56	7	0.653731	0.42506	2.53104e-06	3.87168e-06
144	15464	12079	73	74	68	6	0.609376	0.49532	2.73971e-06	4.49592e-06
145	15435	12143	75	76	65	14	0.577712	0.54868	2.90813e-06	5.03388e-06
146	15528	12185	65	66	62	5	0.644049	0.43998	2.57053e-06	3.99121e-06
147	15469	12113	67	67	60	9	0.627093	0.46666	2.67154e-06	4.26019e-06
148	15602	12348	53	55	52	3	0.697188	0.3607	2.27563e-06	3.26402e-06
149	15515	12141	71	71	68	3	0.630539	0.46118	2.62757e-06	4.16718e-06
150	15387	12039	72	73	70	4	0.619502	0.47884	2.68443e-06	4.33321e-06
151	15403	12091	58	58	51	7	0.67036	0.39994	2.44406e-06	3.64589e-06
152	15469	12094	61	63	60	3	0.663027	0.41094	2.46354e-06	3.7156e-06
153	15474	12130	92	96	78	25	0.481726	0.73038	3.25035e-06	6.7473e-06
154	15486	12192	87	88	78	17	0.527641	0.63934	3.09759e-06	5.87065e-06
155	15538	12229	88	90	81	10	0.539993	0.6162	3.03023e-06	5.61162e-06
156	15443	12147	64	66	62	4	0.647342	0.43488	2.54928e-06	3.93807e-06
157	15616	12280	67	67	64	3	0.646579	0.43606	2.54842e-06	3.94139e-06
158	15317	12106	82	84	79	6	0.572284	0.55812	2.89598e-06	5.0604e-06
159	15747	12367	78	78	71	8	0.588228	0.53064	2.83995e-06	4.82798e-06
160	15415	12055	60	61	56	6	0.661213	0.41368	2.48755e-06	3.7621e-06
161	15552	12218	86	86	75	13	0.545321	0.60638	3.02393e-06	5.54523e-06
162	15484	12163	63	64	61	3	0.658876	0.41722	2.48531e-06	3.77205e-06
163	15546	12171	66	66	60	7	0.637513	0.45018	2.61219e-06	4.09747e-06
164	15549	12131	92	92	76	23	0.499045	0.69506	3.20149e-06	6.41524e-06
165	15151	11843	80	83	72	11	0.56139	0.57734	2.95831e-06	5.26962e-06
166	15631	12276	73	73	66	9	0.603904	0.50434	2.77728e-06	4.59887e-06
167	15336	12045	73	75	69	6	0.605561	0.5016	2.75674e-06	4.55237e-06
168	15516	12229	77	80	73	8	0.580886	0.5432	2.87009e-06	4.94087e-06
169	15388	12132	64	65	60	6	0.64481	0.4388	2.57143e-06	3.98789e-06
170	15430	12074	73	75	68	9	0.596366	0.5169	2.80994e-06	4.71177e-06
171	15493	12173	80	85	72	21	0.526818	0.6409	3.11552e-06	5.91384e-06
172	15618	12234	63	63	62	1	0.669824	0.40074	2.41762e-06	3.60933e-06
173	15560	12183	73	74	67	8	0.603192	0.50552	2.776e-06	4.60219e-06
174	15343	12022	62	63	58	5	0.656298	0.42114	2.50828e-06	3.82186e-06
175	15647	12320	74	74	68	6	0.609376	0.49532	2.73971e-06	4.49592e-06
176	15353	12110	68	69	63	7	0.625615	0.46902	2.66938e-06	4.26682e-06
177	15424	12065	90	91	85	7	0.544885	0.60718	3.00159e-06	5.50866e-06
178	15437	12072	59	62	58	5	0.660433	0.41486	2.4868e-06	3.76542e-06
179	15592	12365	77	77	72	6	0.598003	0.51416	2.78984e-06	4.66526e-06
180	15503	12193	83	84	78	7	0.569373	0.56322	2.9115e-06	5.11353e-06
181	15472	12205	64	64	60	4	0.655524	0.42232	2.5075e-06	3.82518e-06
182	15571	12115	70	71	66	5	0.62414	0.47138	2.66723e-06	4.27345e-06
183	15425	12161	60	61	57	5	0.664593	0.40858	2.46496e-06	3.70897e-06
184	15664	12312	57	57	52	8	0.671152	0.39876	2.44472e-06	3.64258e-06
185	15368	11932	66	66	56	12	0.621462	0.47568	2.71153e-06	4.36314e-06
186	15668	12327	58	60	56	4	0.6722	0.3972	2.41951e-06	3.59939e-06
187	15448	12185	75	76	70	6	0.60177	0.50788	2.77345e-06	4.60882e-06
188	15389	11935	65	65	61	4	0.65142	0.4286	2.52857e-06	3.88163e-06
189	15513	12102	81	85	76	13	0.548757	0.6001	3.012e-06	5.48878e-06
190	15275	11991	58	60	56	4	0.6722	0.3972	2.41951e-06	3.59939e-06
191	15582	12246	56	58	52	7	0.67036	0.39994	2.44406e-06	3.64589e-06
192	15258	12010	62	63	59	4	0.659654	0.41604	2.48606e-06	3.76873e-06
193	15684	12320	71	71	61	11	0.605331	0.50198	2.77983e-06	4.59224e-06
194	15708	12311	65	67	63	4	0.64329	0.44116	2.56964e-06	3.99452e-06
195	15546	12256	83	85	71	20	0.529512	0.6358	3.10331e-06	5.86071e-06
196	15580	12259	61	62	57	6	0.657073	0.41996	2.50907e-06	3.81855e-06
197	15457	12086	88	90	81	24	0.502781	0.6876	3.19542e-06	6.35548e-06
198	15523	12206	66	68	65	3	0.642531	0.44234	2.56873e-06	3.99784e-06
199	15489	12085	79	82	74	8	0.573636	0.55576	2.89902e-06	5.05377e-06
200	15595	12228	64	64	61	3	0.658876	0.41722	2.48531e-06	3.77205e-06
201	15547	12275	81	83	76	13	0.555693	0.58754	2.98734e-06	5.37588e-06
202	15474	12247	63	64	55	9	0.63902	0.44782	2.61413e-06	4.09085e-06
203	15396	12063	72	72	65	8	0.610816	0.49296	2.74213e-06	4.48929e-06
204	15474	12121	67	70	63	7	0.621699	0.4753	2.68777e-06	4.32326e-06
205	15468	12182	72	73	67	7	0.610095	0.49414	2.74092e-06	4.49261e-06
206	15483	12250	63	63	60	3	0.663027	0.41094	2.46354e-06	3.7156e-06
207	15533	12287	68	70	63	8	0.618536	0.4804	2.70696e-06	4.3764e-06
208	15682	12292	75	77	69	9	0.588923	0.52946	2.84136e-06	4.82466e-06
209	15608	12161	61	62	60	2	0.670615	0.39956	2.41825e-06	3.60602e-06
210	15306	12042	62	64	57	10	0.635769	0.45292	2.63461e-06	4.14398e-06
211	15731	12353	73	74	68	8	0.603192	0.50552	2.776e-06	4.60219e-06
212	15408	12069	81	83	79	4	0.581793	0.54164	2.84944e-06	4.89768e-06
213	15683	12376	76	78	69	11	0.579297	0.54594	2.88917e-06	4.98738e-06
214	15478	12192	78	78	72	9	0.585236	0.53574	2.8566e-06	4.88111e-06
215	15581	12237	74	74	67	7	0.606276	0.50042	2.75798e-06	4.54905e-06
216	15543	12182	71	74	67	7	0.606276	0.50042	2.75798e-06	4.54905e-06
217	15286	11937	81	84	75	10	0.560728	0.57852	2.95668e-06	5.27293e-06
218	15622	12217	64	65	62	4	0.65142	0.4286	2.52857e-06	3.88163e-06
219	15326	12018	73	74	67	8	0.603192	0.50552	2.776e-06	4.60219e-06
220	15760	12411	65	65	62	4	0.65142	0.4286	2.52857e-06	3.88163e-06
221	15426	12087	90	92	83	10	0.533253	0.62876	3.05261e-06	5.72451e-06
222	15403	12122	79	81	74	14	0.559854	0.58008	2.97625e-06	5.31612e-06
223	15508	12137	67	67	64	3	0.646579	0.43606	2.54842e-06	3.94139e-06
224	15670	12342	78	80	74	6	0.586842	0.533	2.83715e-06	4.83461e-06
225	15553	12278	69	70	66	4	0.631284	0.46	2.62858e-06	4.16386e-06
226	15390	11939	76	76	70	6	0.60177	0.50788	2.77345e-06	4.60882e-06
227	15637	12314	80	82	71	15	0.553519	0.59146	3.00323e-06	5.4257e-06
228	15344	12078	80	82	68	17	0.547901	0.60166	3.03097e-06	5.53197e-06
229	15621	12265	81	82	70	15	0.553519	0.59146	3.00323e-06	5.4257e-06
230	15431	12126	77	78	70	15	0.567599	0.56634	2.95146e-06	5.19991e-06
231	15346	12050	78	81	72	9	0.574313	0.55458	2.90054e-06	5.05045e-06
232	15498	12169	64	66	60	12	0.621462	0.47568	2.71153e-06	4.36314e-06
233	15363	11947	77	79	68	16	0.561176	0.57772	2.97956e-06	5.30949e-06
234	15564	12208	81	81	69	13	0.562716	0.57498	2.96157e-06	5.26299e-06
235	15539	12257	69	70	68	2	0.637756	0.4498	2.58776e-06	4.0576e-06
236	15654	12311	69	72	65	7	0.613939	0.48786	2.72353e-06	4.43616e-06
237	15360	12039	64	66	60	8	0.63427	0.45528	2.63261e-06	4.15061e-06
238	15532	12184	55	55	54	1	0.704336	0.3505	2.22412e-06	3.15775e-06
239	15442	12089	59	60	55	6	0.665378	0.4074	2.46566e-06	3.70566e-06
240	15427	12086	71	71	65	9	0.611537	0.49178	2.74334e-06	4.48598e-06
241	15507	12121	82	83	75	9	0.567145	0.56714	2.92837e-06	5.16335e-06
242	15533	12138	66	66	62	4	0.647342	0.43488	2.54928e-06	3.93807e-06
243	15576	12237	59	60	56	4	0.6722	0.3972	2.41951e-06	3.59939e-06
244	15242	11995	84	85	79	7	0.565808	0.5695	2.92522e-06	5.16998e-06
245	15673	12324	68	70	62	8	0.618536	0.4804	2.70696e-06	4.3764e-06
246	15375	12063	64	65	60	5	0.648107	0.4337	2.55014e-06	3.93476e-06
247	15888	12466	78	79	74	5	0.593558	0.52162	2.80458e-06	4.72503e-06
248	15621	12204	62	62	56	7	0.653731	0.42506	2.53104e-06	3.87168e-06
249	15489	12179	63	63	60	4	0.659654	0.41604	2.48606e-06	3.76873e-06
250	15347	12043	82	84	71	15	0.54661	0.60402	3.02745e-06	5.5386e-06
251	15471	12213	91	91	86	6	0.547671	0.60208	2.98784e-06	5.45553e-06
252	15588	12175	67	69	65	5	0.632029	0.45882	2.62959e-06	4.16055e-06
253	15582	12231	66	67	65	2	0.649885	0.43096	2.52692e-06	3.88826e-06
254	15459	12234	76	77	70	7	0.594961	0.51926	2.80726e-06	4.7184e-06
255	15389	12026	59	60	53	10	0.651942	0.4278	2.55443e-06	3.91819e-06
256	15521	12142	86	87	74	17	0.530965	0.63306	3.08714e-06	5.81421e-06
257	15463	12083	68	69	62	8	0.622433	0.47412	2.68888e-06	4.31995e-06
258	15548	12248	75	78	69	11	0.579297	0.54594	2.88917e-06	4.98738e-06
259	15527	12183	64	65	62	3	0.654751	0.4235	2.50671e-06	3.82849e-06
260	15201	11979	63	63	58	5	0.656298	0.42114	2.50828e-06	3.82186e-06
261	15601	12283	68	69	63	6	0.628814	0.46392	2.64962e-06	4.21368e-06
262	15294	12048	72	73	67	12	0.594735	0.51964	2.82991e-06	4.75827e-06
263	15717	12345	69	70	57	18	0.587781	0.5314	2.88467e-06	4.90773e-06
264	15401	11989	69	69	65	4	0.635261	0.45372	2.60928e-06	4.10742e-06
265	15480	12164	80	81	75	7	0.580201	0.54438	2.86862e-06	4.94419e-06
266	15473	12146	63	65	58	9	0.635019	0.4541	2.63361e-06	4.14729e-06
267	15622	12153	79	79	75	4	0.596593	0.51652	2.78722e-06	4.67189e-06
268	15537	12164	63	64	62	2	0.662245	0.41212	2.46283e-06	3.71891e-06
269	15348	12018	78	80	71	12	0.569156	0.5636	2.93309e-06	5.15341e-06
270	15614	12213	85	92	74	24	0.496506	0.70016	3.21159e-06	6.46838e-06
271	15315	11977	74	80	72	10	0.574992	0.5534	2.90206e-06	5.04714e-06
272	15743	12360	79	80	67	19	0.549196	0.5993	3.03449e-06	5.52534e-06
273	15414	12124	70	71	61	17	0.587088	0.53258	2.88322e-06	4.91104e-06
274	15500	12188	85	89	78	12	0.53788	0.62012	3.04517e-06	5.66143e-06
275	15610	12305	66	67	62	8	0.6303	0.46156	2.65171e-06	4.20705e-06
276	15422	12127	67	69	58	15	0.600604	0.50982	2.81796e-06	4.69188e-06
277	15549	12263	78	78	71	8	0.588228	0.53064	2.83995e-06	4.82798e-06
278	15428	12189	59	60	55	5	0.66878	0.4023	2.44273e-06	3.65252e-06
279	15735	12342	58	60	56	5	0.66878	0.4023	2.44273e-06	3.65252e-06
280	15532	12192	70	71	64	7	0.617806	0.48158	2.70581e-06	4.37971e-06
281	15673	12317	70	73	67	6	0.613215	0.48904	2.72235e-06	4.43947e-06
282	15425	12139	75	76	65	14	0.577712	0.54868	2.90813e-06	5.03388e-06
283	15392	12030	72	73	69	4	0.619502	0.47884	2.68443e-06	4.33321e-06
284	15492	12181	65	65	60	6	0.64481	0.4388	2.57143e-06	3.98789e-06
285	15583	12258	71	71	66	5	0.62414	0.47138	2.66723e-06	4.27345e-06
286	15558	12319	72	75	70	6	0.605561	0.5016	2.75674e-06	4.55237e-06
287	15490	12189	70	70	68	2	0.637756	0.4498	2.58776e-06	4.0576e-06
288	15645	12244	80	81	70	17	0.551353	0.59538	3.01894e-06	5.47552e-06
289	15351	11987	61	61	54	9	0.651173	0.42898	2.55358e-06	3.9215e-06
290	15408	12076	51	51	49	2	0.718579	0.33048	2.14503e-06	2.98509e-06
291	15436	12182	81	83	72	12	0.558534	0.58244	2.97294e-06	5.32275e-06
292	15460	12163	74	76	67	14	0.577712	0.54868	2.90813e-06	5.03388e-06
293	15502	12120	68	71	62	10	0.608426	0.49688	2.76171e-06	4.53911e-06
294	15483	12099	62	63	58	6	0.65296	0.42624	2.53022e-06	3.875e-06
295	15569	12147	72	73	67	7	0.610095	0.49414	2.74092e-06	4.49261e-06
296	15225	11961	77	80	66	22	0.540857	0.6146	3.07463e-06	5.68474e-06
297	15662	12348	80	81	77	4	0.589147	0.52908	2.81894e-06	4.78479e-06
298	15367	12052	78	79	73	6	0.590539	0.52672	2.82169e-06	4.77816e-06
299	15569	12254	59	60	57	4	0.6722	0.3972	2.41951e-06	3.59939e-06
300	15447	12199	59	60	52	10	0.651942	0.4278	2.55443e-06	3.91819e-06
301	15519	12158	63	64	60	4	0.655524	0.42232	2.5075e-06	3.82518e-06
302	15393	12163	58	58	53	6	0.673788	0.39484	2.42076e-06	3.59276e-06
303	15564	12172	59	60	55	7	0.661993	0.4125	2.48829e-06	3.75879e-06
304	15394	12079	59	62	56	6	0.657073	0.41996	2.50907e-06	3.81855e-06
305	15624	12309	86	87	82	5	0.564475	0.57186	2.92206e-06	5.17661e-06
306	15490	12201	72	75	68	7	0.60248	0.5067	2.77473e-06	4.6055e-06
307	15381	12105	58	59	57	2	0.683369	0.38072	2.34852e-06	3.43667e-06
308	15495	12121	87	89	76	17	0.524337	0.64562	3.1078e-06	5.9271e-06
309	15457	12207	59	59	56	3	0.679893	0.38582	2.3727e-06	3.48981e-06
310	15584	12226	60	60	53	13	0.642043	0.4431	2.61799e-06	4.07759e-06
311	15521	12168	71	72	68	4	0.623404	0.47256	2.66615e-06	4.27676e-06
312	15292	11979	56	57	54	4	0.684984	0.37836	2.34953e-06	3.43005e-06
313	15593	12244	74	76	67	11	0.586619	0.53338	2.85946e-06	4.87448e-06
314	15747	12408	82	82	74	9	0.570718	0.56086	2.9146e-06	5.1069e-06
315	15703	12218	70	73	66	7	0.610095	0.49414	2.74092e-06	4.49261e-06
316	15394	12044	78	79	73	7	0.587535	0.53182	2.83855e-06	4.83129e-06
317	15199	11925	67	68	62	6	0.632775	0.45764	2.6306e-06	4.15724e-06
318	15467	12178	85	87	77	16	0.533679	0.62796	3.07457e-06	5.76107e-06
319	15675	12262	74	77	69	10	0.585927	0.53456	2.85803e-06	4.8778e-06
320	15531	12112	68	70	66	4	0.631284	0.46	2.62858e-06	4.16386e-06
321	15393	12052	71	74	65	10	0.597071	0.51572	2.81128e-06	4.70845e-06
322	15606	12272	78	78	67	11	0.579297	0.54594	2.88917e-06	4.98738e-06
323	15303	11960	70	71	63	11	0.605331	0.50198	2.77983e-06	4.59224e-06
324	15728	12277	91	93	85	9	0.532624	0.62994	3.05078e-06	5.72783e-06
325	15407	12075	63	63	61	3	0.663027	0.41094	2.46354e-06	3.7156e-06
326	15464	12176	81	82	76	6	0.579517	0.54556	2.86716e-06	4.9475e-06
327	15477	12167	68	69	64	6	0.628814	0.46392	2.64962e-06	4.21368e-06
328	15486	12146	75	75	70	5	0.608657	0.4965	2.73849e-06	4.49924e-06
329	15584	12267	70	71	65	8	0.614664	0.48668	2.72471e-06	4.43285e-06
330	15461	12132	73	76	67	10	0.589618	0.52828	2.84276e-06	4.82135e-06
331	15293	11960	61	62	57	5	0.660433	0.41486	2.4868e-06	3.76542e-06
332	15361	12144	66	68	63	5	0.636011	0.45254	2.61025e-06	4.1041e-06
333	15749	12383	92	93	80	14	0.519214	0.65544	3.1119e-06	5.99349e-06
334	15419	12111	73	74	71	3	0.618771	0.48002	2.68331e-06	4.33652e-06
335	15430	12209	77	80	72	10	0.574992	0.5534	2.90206e-06	5.04714e-06
336	15487	12117	72	72	68	4	0.623404	0.47256	2.66615e-06	4.27676e-06
337	15984	12447	81	82	73	12	0.562053	0.57616	2.95994e-06	5.2663e-06
338	15552	12215	64	66	57	16	0.608913	0.49608	2.78619e-06	4.57567e-06
339	15520	12216	68	69	64	6	0.628814	0.46392	2.64962e-06	4.21368e-06
340	15636	12199	71	73	64	13	0.591709	0.52474	2.84695e-06	4.81141e-06
341	15342	11996	57	58	55	4	0.680696	0.38464	2.37324e-06	3.48649e-06
342	15628	12282	68	68	63	5	0.636011	0.45254	2.61025e-06	4.1041e-06
343	15430	12135	86	90	79	13	0.531794	0.6315	3.06899e-06	5.77102e-06
344	15491	12121	90	93	84	12	0.524537	0.64524	3.08807e-06	5.88723e-06
345	15496	12185	84	87	78	10	0.550262	0.59736	2.99468e-06	5.44227e-06
346	15242	11984	63	64	58	7	0.645571	0.43762	2.57233e-06	3.98458e-06
347	15563	12205	85	86	78	8	0.559406	0.58088	2.95342e-06	5.27956e-06
348	15585	12227	74	74	65	10	0.597071	0.51572	2.81128e-06	4.70845e-06
349	15652	12276	66	67	63	4	0.64329	0.44116	2.56964e-06	3.99452e-06
350	15358	12014	68	71	63	9	0.611537	0.49178	2.74334e-06	4.48598e-06
351	15489	12193	81	81	73	10	0.571392	0.55968	2.91615e-06	5.10359e-06
352	15441	12097	74	74	67	8	0.603192	0.50552	2.776e-06	4.60219e-06
353	15331	12009	97	99	83	20	0.484945	0.72372	3.22536e-06	6.65098e-06
354	15506	12223	56	57	56	1	0.695545	0.36306	2.27488e-06	3.27065e-06
355	15520	12103	68	68	66	2	0.645816	0.43724	2.54755e-06	3.9447e-06
356	15611	12361	81	82	76	6	0.579517	0.54556	2.86716e-06	4.9475e-06
357	15489	12168	74	76	66	13	0.580666	0.54358	2.89215e-06	4.98075e-06
358	15521	12194	59	60	54	12	0.645326	0.438	2.59708e-06	4.02445e-06
359	15487	12165	60	61	59	2	0.67484	0.39328	2.39539e-06	3.54957e-06
360	15592	12272	54	54	50	5	0.69446	0.36462	2.30133e-06	3.31384e-06
361	15451	12070	79	79	72	8	0.584546	0.53692	2.85517e-06	4.88443e-06
362	15626	12325	78	79	62	23	0.541496	0.61342	3.07647e-06	5.68142e-06
363	15516	12149	76	79	67	19	0.552656	0.59302	3.02241e-06	5.46889e-06
364	15352	12056	68	68	64	5	0.636011	0.45254	2.61025e-06	4.1041e-06
365	15586	12182	66	68	64	4	0.639263	0.44744	2.58963e-06	4.05097e-06
366	15639	12374	78	79	67	15	0.564046	0.57262	2.96483e-06	5.25636e-06
367	15691	12334	51	51	50	1	0.722253	0.32538	2.11762e-06	2.93196e-06
368	15387	12102	53	54	49	5	0.69446	0.36462	2.30133e-06	3.31384e-06
369	15509	12234	61	61	58	3	0.671407	0.39838	2.41888e-06	3.6027e-06
370	15462	12147	64	64	62	2	0.662245	0.41212	2.46283e-06	3.71891e-06
371	15552	12104	78	78	71	7	0.591236	0.52554	2.82306e-06	4.77485e-06
372	15526	12182	80	81	75	8	0.57725	0.54948	2.8847e-06	4.99732e-06
373	15431	12111	83	85	77	10	0.557217	0.5848	2.96962e-06	5.32938e-06
374	15599	12229	71	71	66	6	0.620965	0.47648	2.68666e-06	4.32658e-06
375	15291	12032	89	92	84	8	0.53872	0.61856	3.02666e-06	5.61824e-06
376	15714	12335	54	55	50	6	0.686602	0.376	2.35053e-06	3.42342e-06
377	15400	12001	76	78	69	12	0.57635	0.55104	2.9051e-06	5.04051e-06
378	15395	12167	72	74	64	13	0.588005	0.53102	2.86232e-06	4.86785e-06
379	15471	12085	48	48	47	1	0.735989	0.30654	2.03326e-06	2.76262e-06
380	15491	12170	66	66	58	9	0.631044	0.46038	2.65274e-06	4.20374e-06
381	15536	12097	100	100	89	12	0.501977	0.6892	3.1536e-06	6.28236e-06
382	15084	11920	81	82	77	5	0.58248	0.54046	2.85087e-06	4.89437e-06
383	15353	12006	63	64	58	6	0.648872	0.43252	2.551e-06	3.93145e-06
384	15581	12238	76	77	74	4	0.604134	0.50396	2.75424e-06	4.559e-06
385	15716	12356	98	99	83	25	0.472735	0.74922	3.26974e-06	6.91664e-06
386	15412	12119	66	67	64	3	0.646579	0.43606	2.54842e-06	3.94139e-06
387	15463	12155	73	79	69	19	0.552656	0.59302	3.02241e-06	5.46889e-06
388	15481	12197	56	57	55	2	0.692006	0.36816	2.30008e-06	3.32378e-06
389	15407	12061	61	62	56	7	0.653731	0.42506	2.53104e-06	3.87168e-06
390	15546	12207	61	63	59	4	0.659654	0.41604	2.48606e-06	3.76873e-06
391	15552	12167	75	78	66	14	0.570501	0.56124	2.93624e-06	5.14678e-06
392	15627	12295	75	75	72	4	0.611769	0.4914	2.71999e-06	4.4461e-06
393	15332	12046	81	81	73	10	0.571392	0.55968	2.91615e-06	5.10359e-06
394	15586	12143	69	70	61	12	0.606046	0.5008	2.7811e-06	4.58893e-06
395	15424	12109	79	83	76	8	0.570045	0.56204	2.91305e-06	5.11022e-06
396	15522	12231	69	69	65	7	0.625615	0.46902	2.66938e-06	4.26682e-06
397	15491	12182	85	86	75	11	0.550912	0.59618	2.99639e-06	5.43896e-06
398	15568	12197	69	69	64	6	0.628814	0.46392	2.64962e-06	4.21368e-06
399	15557	12164	50	51	47	5	0.707668	0.34578	2.22526e-06	3.14449e-06
400	15628	12320	66	66	62	4	0.647342	0.43488	2.54928e-06	3.93807e-06
401	15643	12200	84	87	80	7	0.558746	0.58206	2.95179e-06	5.28287e-06
402	15349	12009	76	80	65	20	0.546402	0.6044	3.04809e-06	5.57847e-06
403	15392	12086	75	76	69	8	0.595663	0.51808	2.8086e-06	4.71508e-06
404	15435	12158	84	84	78	7	0.569373	0.56322	2.9115e-06	5.11353e-06
405	15587	12222	81	82	72	13	0.559193	0.58126	2.97459e-06	5.31943e-06
406	15501	12156	82	87	73	18	0.528264	0.63816	3.0995e-06	5.86734e-06
407	15297	12088	63	64	60	4	0.655524	0.42232	2.5075e-06	3.82518e-06
408	15568	12189	84	85	83	2	0.580422	0.544	2.84657e-06	4.90431e-06
409	15755	12402	76	78	68	15	0.567599	0.56634	2.95146e-06	5.19991e-06
410	15553	12317	73	75	67	9	0.596366	0.5169	2.80994e-06	4.71177e-06
411	15432	12062	87	89	85	4	0.560279	0.57932	2.93383e-06	5.23637e-06
412	15555	12163	73	75	69	6	0.605561	0.5016	2.75674e-06	4.55237e-06
413	15445	12186	61	61	59	2	0.67484	0.39328	2.39539e-06	3.54957e-06
414	15681	12317	67	68	62	6	0.632775	0.45764	2.6306e-06	4.15724e-06
415	15510	12194	69	71	67	4	0.627332	0.46628	2.64754e-06	4.22031e-06
416	15397	12090	81	84	75	10	0.560728	0.57852	2.95668e-06	5.27293e-06
417	15580	12272	59	60	55	6	0.665378	0.4074	2.46566e-06	3.70566e-06
418	15469	12220	76	79	73	8	0.584546	0.53692	2.85517e-06	4.88443e-06
419	15679	12293	60	61	56	5	0.664593	0.40858	2.46496e-06	3.70897e-06
420	15379	12052	77	79	72	7	0.587535	0.53182	2.83855e-06	4.83129e-06
421	15495	12172	71	71	68	3	0.630539	0.46118	2.62757e-06	4.16718e-06
422	15456	12182	59	60	57	3	0.675637	0.3921	2.39598e-06	3.54626e-06
423	15171	11929	87	91	84	8	0.542113	0.61228	3.01513e-06	5.5618e-06
424	15520	12283	65	66	64	2	0.653979	0.42468	2.50592e-06	3.83181e-06
425	15464	12165	88	91	80	12	0.531166	0.63268	3.06713e-06	5.77433e-06
426	15592	12313	82	83	71	13	0.555693	0.58754	2.98734e-06	5.37588e-06
427	15278	12088	78	79	73	6	0.590539	0.52672	2.82169e-06	4.77816e-06
428	15700	12238	69	69	65	4	0.635261	0.45372	2.60928e-06	4.10742e-06
429	15393	12070	61	62	55	10	0.643805	0.44036	2.59523e-06	4.03108e-06
430	15433	12093	72	74	67	9	0.600123	0.51062	2.79377e-06	4.65532e-06
431	15466	12029	69	73	62	16	0.582725	0.54004	2.89661e-06	4.97081e-06
432	15457	12168	66	66	66	0	0.660684	0.41448	2.4614e-06	3.72554e-06
433	15530	12133	76	78	69	15	0.567599	0.56634	2.95146e-06	5.19991e-06
434	15523	12146	66	66	64	2	0.653979	0.42468	2.50592e-06	3.83181e-06
435	15605	12132	68	69	66	3	0.638509	0.44862	2.5887e-06	4.05428e-06
436	15497	12190	61	63	58	5	0.656298	0.42114	2.50828e-06	3.82186e-06
437	15497	12163	73	74	65	10	0.597071	0.51572	2.81128e-06	4.70845e-06
438	15629	12259	55	56	52	4	0.689299	0.37208	2.32542e-06	3.3736e-06
439	15494	12260	92	92	83	10	0.533253	0.62876	3.05261e-06	5.72451e-06
440	15476	12106	68	70	62	9	0.615389	0.4855	2.72589e-06	4.42953e-06
441	15626	12270	59	62	54	9	0.647096	0.43526	2.57412e-06	3.97795e-06
442	15540	12332	71	72	65	7	0.613939	0.48786	2.72353e-06	4.43616e-06
443	15588	12287	83	84	76	10	0.560728	0.57852	2.95668e-06	5.27293e-06
444	15619	12290	79	82	72	10	0.567815	0.56596	2.92994e-06	5.16004e-06
445	15321	11975	80	82	76	6	0.579517	0.54556	2.86716e-06	4.9475e-06
446	15445	12143	60	60	56	4	0.6722	0.3972	2.41951e-06	3.59939e-06
447	15417	12144	82	83	75	8	0.570045	0.56204	2.91305e-06	5.11022e-06
448	15618	12244	57	57	55	2	0.692006	0.36816	2.30008e-06	3.32378e-06
449	15486	12169	81	82	73	10	0.567815	0.56596	2.92994e-06	5.16004e-06
450	15505	12133	60	61	57	5	0.664593	0.40858	2.46496e-06	3.70897e-06
451	15551	12245	55	57	53	5	0.681499	0.38346	2.37378e-06	3.48318e-06
452	15498	12132	62	62	56	7	0.653731	0.42506	2.53104e-06	3.87168e-06
453	15634	12311	72	73	67	6	0.613215	0.48904	2.72235e-06	4.43947e-06
454	15340	11937	62	62	59	3	0.667204	0.40466	2.4414e-06	3.65915e-06
455	15437	12110	62	64	58	6	0.648872	0.43252	2.551e-06	3.93145e-06
456	15429	12143	69	70	63	9	0.615389	0.4855	2.72589e-06	4.42953e-06
457	15630	12238	66	67	61	6	0.636762	0.45136	2.61122e-06	4.10079e-06
458	15495	12246	62	63	58	5	0.656298	0.42114	2.50828e-06	3.82186e-06
459	15356	12091	69	72	65	7	0.613939	0.48786	2.72353e-06	4.43616e-06
460	15562	12185	85	85	78	7	0.565808	0.5695	2.92522e-06	5.16998e-06
461	15201	11861	98	100	87	20	0.481909	0.73	3.23237e-06	6.70742e-06
462	15650	12321	68	70	58	19	0.584791	0.5365	2.90107e-06	4.96086e-06
463	15465	12163	79	81	70	12	0.565593	0.56988	2.94666e-06	5.20985e-06
464	15291	12063	61	61	60	1	0.67829	0.38818	2.3716e-06	3.49644e-06
465	15500	12110	86	91	79	16	0.52044	0.65308	3.1158e-06	5.98686e-06
466	15396	12093	78	78	72	7	0.591236	0.52554	2.82306e-06	4.77485e-06
467	15505	12217	49	50	49	1	0.726803	0.3191	2.08993e-06	2.87551e-06
468	15434	12049	54	55	50	6	0.686602	0.376	2.35053e-06	3.42342e-06
469	15573	12175	73	74	63	12	0.591011	0.52592	2.84555e-06	4.81472e-06
470	15500	12167	52	52	46	7	0.696101	0.36226	2.30215e-06	3.30721e-06
471	15684	12257	70	71	62	13	0.599188	0.51218	2.81529e-06	4.69851e-06
472	15371	12048	64	67	61	7	0.633522	0.45646	2.6316e-06	4.15392e-06
473	15399	12041	74	74	68	7	0.606276	0.50042	2.75798e-06	4.54905e-06
474	15450	12127	74	75	70	5	0.608657	0.4965	2.73849e-06	4.49924e-06
475	15502	12190	73	74	69	5	0.612492	0.49022	2.72117e-06	4.44279e-06
476	15515	12231	82	82	81	1	0.594485	0.52006	2.78328e-06	4.68184e-06
477	15727	12342	70	70	66	4	0.631284	0.46	2.62858e-06	4.16386e-06
478	15585	12167	70	73	67	6	0.613215	0.48904	2.72235e-06	4.43947e-06
479	15264	12017	76	76	67	10	0.589618	0.52828	2.84276e-06	4.82135e-06
480	15688	12254	57	57	54	3	0.688486	0.37326	2.32496e-06	3.37691e-06
481	15385	12050	83	85	75	12	0.551563	0.595	2.9981e-06	5.43564e-06
482	15465	12099	62	64	57	11	0.632535	0.45802	2.65482e-06	4.19711e-06
483	15460	12176	70	71	66	5	0.62414	0.47138	2.66723e-06	4.27345e-06
484	15500	12158	78	79	75	4	0.596593	0.51652	2.78722e-06	4.67189e-06
485	15525	12274	72	73	68	5	0.61635	0.48394	2.70352e-06	4.38634e-06
486	15555	12250	56	58	54	5	0.677233	0.38974	2.39715e-06	3.53963e-06
487	15597	12222	70	73	62	12	0.594735	0.51964	2.82991e-06	4.75827e-06
488	15288	11982	68	70	64	10	0.612259	0.4906	2.74455e-06	4.48266e-06
489	15711	12309	68	71	64	7	0.617806	0.48158	2.70581e-06	4.37971e-06
490	15685	12321	74	75	69	6	0.605561	0.5016	2.75674e-06	4.55237e-06
491	15524	12222	69	72	63	11	0.601541	0.50826	2.79638e-06	4.64869e-06
492	15399	12151	80	80	73	8	0.580886	0.5432	2.87009e-06	4.94087e-06
493	15502	12126	68	68	64	4	0.639263	0.44744	2.58963e-06	4.05097e-06
494	15535	12200	82	84	76	9	0.563595	0.57342	2.94185e-06	5.2198e-06
495	15631	12175	66	66	60	7	0.637513	0.45018	2.61219e-06	4.09747e-06
496	15611	12307	73	73	69	4	0.619502	0.47884	2.68443e-06	4.33321e-06
497	15357	12107	72	74	68	7	0.606276	0.50042	2.75798e-06	4.54905e-06
498	15686	12307	68	71	64	10	0.608426	0.49688	2.76171e-06	4.53911e-06
499	15411	12137	82	85	72	16	0.540425	0.6154	3.05241e-06	5.64818e-06
500	15590	12145	73	74	68	6	0.609376	0.49532	2.73971e-06	4.49592e-06
501	15480	12135	53	53	52	1	0.713238	0.33794	2.17171e-06	3.04486e-06
502	15303	12071	68	70	61	11	0.609144	0.4957	2.76296e-06	4.5358e-06
503	15545	12207	65	67	64	3	0.646579	0.43606	2.54842e-06	3.94139e-06
504	15763	12360	77	78	71	8	0.588228	0.53064	2.83995e-06	4.82798e-06
505	15625	12315	69	69	59	16	0.597548	0.51492	2.83538e-06	4.74502e-06
506	15330	12083	59	59	57	2	0.683369	0.38072	2.34852e-06	3.43667e-06
507	15529	12214	58	59	51	9	0.659403	0.41642	2.51141e-06	3.80861e-06
508	15422	12183	74	74	70	5	0.612492	0.49022	2.72117e-06	4.44279e-06
509	15686	12414	80	82	80	2	0.591461	0.52516	2.80055e-06	4.73497e-06
510	15490	12147	79	79	71	11	0.57567	0.55222	2.90358e-06	5.04383e-06
511	15400	12100	71	71	67	5	0.62414	0.47138	2.66723e-06	4.27345e-06
512	15556	12206	70	70	65	5	0.628072	0.4651	2.64858e-06	4.217e-06
513	15179	11899	74	76	67	9	0.592633	0.52318	2.8258e-06	4.76822e-06
514	15641	12297	79	79	77	2	0.602709	0.50632	2.75175e-06	4.56563e-06
515	15347	12093	74	74	67	9	0.600123	0.51062	2.79377e-06	4.65532e-06
516	15802	12418	70	72	63	10	0.604617	0.50316	2.77855e-06	4.59556e-06
517	15467	12139	75	76	71	5	0.604847	0.50278	2.75549e-06	4.55568e-06
518	15547	12245	63	64	59	5	0.65219	0.42742	2.52939e-06	3.87831e-06
519	15591	12260	69	71	62	12	0.602252	0.50708	2.79769e-06	4.64538e-06
520	15466	12195	71	74	65	10	0.597071	0.51572	2.81128e-06	4.70845e-06
521	15567	12243	66	66	63	3	0.650652	0.42978	2.52775e-06	3.88494e-06
522	15258	12045	80	81	67	18	0.548548	0.60048	3.03273e-06	5.52865e-06
523	15765	12339	84	85	80	5	0.571609	0.5593	2.89446e-06	5.06371e-06
524	15363	12037	75	75	69	7	0.60248	0.5067	2.77473e-06	4.6055e-06
525	15435	12019	62	62	59	3	0.667204	0.40466	2.4414e-06	3.65915e-06
526	15444	12139	80	83	74	15	0.550053	0.59774	3.01547e-06	5.48215e-06
527	15505	12235	76	76	68	12	0.583635	0.53848	2.87593e-06	4.92762e-06
528	15509	12070	72	73	63	10	0.600832	0.50944	2.79507e-06	4.65201e-06
529	15525	12247	73	73	65	14	0.588699	0.52984	2.86375e-06	4.86454e-06
530	15578	12183	81	84	72	13	0.552214	0.59382	2.99981e-06	5.43233e-06
531	15455	12193	82	84	73	12	0.555037	0.58872	2.98565e-06	5.3792e-06
532	15677	12295	81	81	77	4	0.589147	0.52908	2.81894e-06	4.78479e-06
533	15378	12086	70	71	68	3	0.630539	0.46118	2.62757e-06	4.16718e-06
534	15496	12135	78	78	72	6	0.594259	0.52044	2.80592e-06	4.72171e-06
535	15455	12120	66	68	62	7	0.629556	0.46274	2.65066e-06	4.21037e-06
536	15600	12222	56	57	49	9	0.667738	0.40386	2.46777e-06	3.69571e-06
537	15519	12260	67	67	62	6	0.636762	0.45136	2.61122e-06	4.10079e-06
538	15591	12268	74	77	64	20	0.556794	0.58556	3.01177e-06	5.40913e-06
539	15590	12271	74	75	65	16	0.575452	0.5526	2.92542e-06	5.0837e-06
540	15275	11966	70	73	62	18	0.576811	0.55024	2.92851e-06	5.07707e-06
541	15698	12389	69	72	67	6	0.617078	0.48276	2.70467e-06	4.38303e-06
542	15391	12027	70	71	63	11	0.605331	0.50198	2.77983e-06	4.59224e-06
543	15557	12162	60	60	58	2	0.679091	0.387	2.37215e-06	3.49312e-06
544	15436	12060	53	54	50	4	0.698011	0.35952	2.27601e-06	3.2607e-06
545	15462	12178	81	82	75	7	0.576569	0.55066	2.88321e-06	5.00064e-06
546	15523	12108	89	90	82	8	0.545529	0.606	3.00333e-06	5.50535e-06
547	15616	12262	77	77	73	7	0.594961	0.51926	2.80726e-06	4.7184e-06
548	15603	12167	92	93	89	4	0.54638	0.60444	2.98442e-06	5.46216e-06
549	15401	12104	76	76	72	4	0.607939	0.49768	2.73728e-06	4.50255e-06
550	15508	12162	82	84	76	8	0.566476	0.56832	2.92679e-06	5.16666e-06
551	15404	12073	72	73	69	4	0.619502	0.47884	2.68443e-06	4.33321e-06
552	15634	12222	83	84	72	14	0.549405	0.59892	3.01374e-06	5.48546e-06
553	15475	12137	65	66	61	6	0.640773	0.44508	2.5915e-06	4.04434e-06
554	15360	12135	64	64	61	4	0.655524	0.42232	2.5075e-06	3.82518e-06
555	15539	12239	68	68	64	4	0.639263	0.44744	2.58963e-06	4.05097e-06
556	15508	12075	73	73	70	3	0.622669	0.47374	2.66507e-06	4.28007e-06
557	15617	12279	59	60	54	6	0.665378	0.4074	2.46566e-06	3.70566e-06
558	15319	12108	70	73	67	8	0.606992	0.49924	2.75923e-06	4.54574e-06
559	15306	12021	62	62	59	3	0.667204	0.40466	2.4414e-06	3.65915e-06
560	15416	12033	63	65	57	9	0.635019	0.4541	2.63361e-06	4.14729e-06
561	15600	12205	75	76	70	8	0.595663	0.51808	2.8086e-06	4.71508e-06
562	15484	12156	75	75	68	7	0.60248	0.5067	2.77473e-06	4.6055e-06
563	15436	12188	59	60	55	5	0.66878	0.4023	2.44273e-06	3.65252e-06
564	15550	12221	100	103	88	16	0.482661	0.72844	3.21657e-06	6.66423e-06
565	15303	12049	74	75	66	9	0.596366	0.5169	2.80994e-06	4.71177e-06
566	15632	12234	62	62	56	7	0.653731	0.42506	2.53104e-06	3.87168e-06
567	15337	12059	76	77	76	1	0.613448	0.48866	2.69892e-06	4.3996e-06
568	15782	12434	69	71	63	8	0.614664	0.48668	2.72471e-06	4.43285e-06
569	15427	12018	78	78	74	4	0.600351	0.51024	2.77089e-06	4.61545e-06
570	15593	12271	74	74	68	6	0.609376	0.49532	2.73971e-06	4.49592e-06
571	15635	12203	77	79	68	13	0.569828	0.56242	2.93467e-06	5.15009e-06
572	15497	12264	65	66	59	8	0.63427	0.45528	2.63261e-06	4.15061e-06
573	15361	12091	72	72	62	15	0.589394	0.52866	2.86518e-06	4.86123e-06
574	15500	12227	73	73	72	1	0.629053	0.46354	2.62555e-06	4.17381e-06
575	15585	12167	82	84	79	6	0.572284	0.55812	2.89598e-06	5.0604e-06
576	15593	12281	88	89	78	11	0.54063	0.61502	3.03202e-06	5.6083e-06
577	15468	12104	64	66	58	8	0.63427	0.45528	2.63261e-06	4.15061e-06
578	15438	12094	78	80	72	8	0.580886	0.5432	2.87009e-06	4.94087e-06
579	15315	12008	69	70	66	5	0.628072	0.4651	2.64858e-06	4.217e-06
580	15504	12216	64	66	59	7	0.637513	0.45018	2.61219e-06	4.09747e-06
581	15558	12189	81	82	80	2	0.591461	0.52516	2.80055e-06	4.73497e-06
582	15572	12229	64	64	60	4	0.655524	0.42232	2.5075e-06	3.82518e-06
583	15231	12020	62	63	61	3	0.663027	0.41094	2.46354e-06	3.7156e-06
584	15666	12302	66	67	60	11	0.620729	0.47686	2.71039e-06	4.36645e-06
585	15370	12060	68	68	64	4	0.639263	0.44744	2.58963e-06	4.05097e-06
586	15527	12112	69	70	66	5	0.628072	0.4651	2.64858e-06	4.217e-06
587	15449	12179	80	82	74	9	0.570718	0.56086	2.9146e-06	5.1069e-06
588	15511	12102	81	84	75	12	0.555037	0.58872	2.98565e-06	5.3792e-06
589	15514	12183	79	81	72	9	0.574313	0.55458	2.90054e-06	5.05045e-06
590	15635	12319	83	85	76	10	0.557217	0.5848	2.96962e-06	5.32938e-06
591	15583	12238	85	87	81	7	0.558746	0.58206	2.95179e-06	5.28287e-06
592	15260	12032	64	66	60	7	0.637513	0.45018	2.61219e-06	4.09747e-06
593	15686	12371	82	83	76	10	0.56426	0.57224	2.94345e-06	5.21648e-06
594	15384	12100	74	78	71	10	0.582259	0.54084	2.87301e-06	4.93424e-06
595	15483	12127	61	67	57	14	0.611305	0.49216	2.76668e-06	4.52585e-06
596	15459	12171	69	70	64	6	0.624877	0.4702	2.66831e-06	4.27013e-06
597	15449	12161	78	80	70	10	0.574992	0.5534	2.90206e-06	5.04714e-06
598	15549	12252	65	66	62	4	0.647342	0.43488	2.54928e-06	3.93807e-06
599	15695	12371	64	64	60	4	0.655524	0.42232	2.5075e-06	3.82518e-06
600	15558	12167	69	70	62	9	0.615389	0.4855	2.72589e-06	4.42953e-06
601	15388	12005	62	62	57	6	0.657073	0.41996	2.50907e-06	3.81855e-06
602	15477	12222	61	61	58	3	0.671407	0.39838	2.41888e-06	3.6027e-06
603	15397	12066	80	80	74	7	0.583857	0.5381	2.85374e-06	4.88774e-06
604	15691	12293	74	75	66	13	0.584324	0.5373	2.87739e-06	4.9243e-06
605	15469	12027	70	71	65	6	0.620965	0.47648	2.68666e-06	4.32658e-06
606	15403	12125	60	61	55	7	0.657849	0.41878	2.50985e-06	3.81524e-06
607	15533	12273	99	100	84	18	0.48685	0.7198	3.21377e-06	6.60116e-06
608	15380	12107	68	68	62	7	0.629556	0.46274	2.65066e-06	4.21037e-06
609	15609	12315	72	73	70	4	0.619502	0.47884	2.68443e-06	4.33321e-06
610	15308	11997	72	72	67	6	0.617078	0.48276	2.70467e-06	4.38303e-06
611	15362	12037	58	58	57	1	0.69119	0.36934	2.29966e-06	3.32709e-06
612	15409	12137	88	89	87	2	0.566023	0.56912	2.90376e-06	5.1301e-06
613	15514	12170	58	60	54	7	0.661993	0.4125	2.48829e-06	3.75879e-06
614	15479	12211	62	62	58	4	0.66381	0.40976	2.46425e-06	3.71228e-06
615	15469	12143	52	53	50	3	0.706	0.34814	2.22469e-06	3.15112e-06
616	15544	12249	71	71	65	6	0.620965	0.47648	2.68666e-06	4.32658e-06
617	15546	12267	77	77	71	6	0.598003	0.51416	2.78984e-06	4.66526e-06
618	15623	12191	88	91	82	11	0.533882	0.62758	3.05445e-06	5.7212e-06
619	15327	12047	46	46	46	0	0.749102	0.28888	1.94511e-06	2.59659e-06
620	15763	12248	72	72	68	4	0.623404	0.47256	2.66615e-06	4.27676e-06
621	15421	12116	91	94	81	15	0.513338	0.66682	3.13294e-06	6.10307e-06
622	15363	11980	72	76	67	9	0.592633	0.52318	2.8258e-06	4.76822e-06
623	15489	12111	56	57	55	2	0.692006	0.36816	2.30008e-06	3.32378e-06
624	15528	12208	64	66	60	7	0.637513	0.45018	2.61219e-06	4.09747e-06
625	15404	12158	78	79	74	6	0.590539	0.52672	2.82169e-06	4.77816e-06
626	15511	12167	57	57	56	1	0.695545	0.36306	2.27488e-06	3.27065e-06
627	15577	12263	69	70	64	9	0.615389	0.4855	2.72589e-06	4.42953e-06
628	15515	12167	70	70	68	2	0.637756	0.4498	2.58776e-06	4.0576e-06
629	15499	12221	63	64	59	7	0.645571	0.43762	2.57233e-06	3.98458e-06
630	15432	12103	77	81	71	14	0.559854	0.58008	2.97625e-06	5.31612e-06
631	15534	12224	68	70	65	6	0.624877	0.4702	2.66831e-06	4.27013e-06
632	15498	12174	72	73	65	10	0.600832	0.50944	2.79507e-06	4.65201e-06
633	15595	12325	68	68	63	5	0.636011	0.45254	2.61025e-06	4.1041e-06
634	15565	12201	69	70	64	6	0.624877	0.4702	2.66831e-06	4.27013e-06
635	15311	11979	76	78	68	15	0.567599	0.56634	2.95146e-06	5.19991e-06
636	15656	12302	72	73	65	12	0.594735	0.51964	2.82991e-06	4.75827e-06
637	15361	12030	83	83	78	5	0.578834	0.54674	2.8657e-06	4.95082e-06
638	15560	12281	75	75	69	7	0.60248	0.5067	2.77473e-06	4.6055e-06
639	15443	12093	71	71	63	10	0.608426	0.49688	2.76171e-06	4.53911e-06
640	15516	12094	54	55	51	4	0.693642	0.3658	2.30091e-06	3.31715e-06
641	15508	12149	97	98	95	3	0.532198	0.63074	3.02888e-06	5.69126e-06
642	15517	12204	62	62	58	4	0.66381	0.40976	2.46425e-06	3.71228e-06
643	15577	12198	77	78	68	13	0.573418	0.55614	2.92079e-06	5.09364e-06
644	15245	11930	52	52	48	5	0.703238	0.35206	2.25102e-06	3.20094e-06
645	15674	12311	76	80	71	10	0.574992	0.5534	2.90206e-06	5.04714e-06
646	15376	12065	71	71	66	5	0.62414	0.47138	2.66723e-06	4.27345e-06
647	15638	12220	53	53	51	2	0.70961	0.34304	2.19836e-06	3.09799e-06
648	15453	12053	59	61	53	12	0.641286	0.44428	2.61702e-06	4.0809e-06
649	15364	12078	81	82	80	2	0.591461	0.52516	2.80055e-06	4.73497e-06
650	15518	12165	63	65	60	6	0.64481	0.4388	2.57143e-06	3.98789e-06
651	15436	12079	55	56	54	2	0.696366	0.36188	2.27526e-06	3.26733e-06
652	15595	12275	74	74	64	10	0.597071	0.51572	2.81128e-06	4.70845e-06
653	15470	12092	70	70	68	2	0.637756	0.4498	2.58776e-06	4.0576e-06
654	15312	12025	81	81	77	4	0.589147	0.52908	2.81894e-06	4.78479e-06
655	15390	12014	82	84	77	7	0.569373	0.56322	2.9115e-06	5.11353e-06
656	15518	12154	74	75	68	7	0.60248	0.5067	2.77473e-06	4.6055e-06
657	15464	12101	75	78	68	11	0.579297	0.54594	2.88917e-06	4.98738e-06
658	15439	12218	67	68	64	5	0.636011	0.45254	2.61025e-06	4.1041e-06
659	15528	12192	87	89	78	13	0.535144	0.62522	3.05811e-06	5.71457e-06
660	15598	12209	72	75	64	14	0.581351	0.5424	2.89364e-06	4.97743e-06
661	15602	12280	69	69	58	19	0.588475	0.53022	2.88613e-06	4.90442e-06
662	15529	12156	73	73	66	10	0.600832	0.50944	2.79507e-06	4.65201e-06
663	15519	12224	58	59	58	1	0.686863	0.37562	2.32403e-06	3.38354e-06
664	15402	12154	83	83	78	5	0.578834	0.54674	2.8657e-06	4.95082e-06
665	15423	12021	80	81	72	12	0.565593	0.56988	2.94666e-06	5.20985e-06
666	15473	12132	64	65	63	2	0.658099	0.4184	2.48456e-06	3.77536e-06
667	15500	12178	59	62	56	6	0.657073	0.41996	2.50907e-06	3.81855e-06
668	15538	12147	65	65	58	9	0.635019	0.4541	2.63361e-06	4.14729e-06
669	15519	12108	55	55	53	2	0.700753	0.3556	2.25004e-06	3.21088e-06
670	15615	12204	75	78	67	19	0.556137	0.58674	3.01006e-06	5.41244e-06
671	15317	11968	78	79	71	11	0.57567	0.55222	2.90358e-06	5.04383e-06
672	15746	12384	60	62	55	7	0.653731	0.42506	2.53104e-06	3.87168e-06
673	15415	12204	75	76	69	13	0.580666	0.54358	2.89215e-06	4.98075e-06
674	15583	12247	71	72	65	8	0.610816	0.49296	2.74213e-06	4.48929e-06
675	15483	12185	69	71	63	8	0.614664	0.48668	2.72471e-06	4.43285e-06
676	15561	12192	63	64	58	7	0.645571	0.43762	2.57233e-06	3.98458e-06
677	15548	12129	75	75	72	3	0.614897	0.4863	2.70123e-06	4.39297e-06
678	15239	12027	62	63	57	7	0.649638	0.43134	2.55186e-06	3.92813e-06
679	15409	11976	84	85	76	10	0.557217	0.5848	2.96962e-06	5.32938e-06
680	15696	12351	69	71	63	10	0.608426	0.49688	2.76171e-06	4.53911e-06
681	15529	12224	75	75	66	12	0.587311	0.5322	2.86089e-06	4.87117e-06
682	15426	12168	57	57	54	4	0.684984	0.37836	2.34953e-06	3.43005e-06
683	15535	12194	71	72	66	7	0.613939	0.48786	2.72353e-06	4.43616e-06
684	15493	12149	70	71	61	15	0.593107	0.52238	2.84975e-06	4.80478e-06
685	15640	12278	69	70	68	3	0.634511	0.4549	2.60831e-06	4.11073e-06
686	15559	12202	54	55	49	7	0.68311	0.3811	2.37486e-06	3.47655e-06
687	15365	12015	71	72	68	4	0.623404	0.47256	2.66615e-06	4.27676e-06
688	15646	12288	63	65	59	7	0.64153	0.4439	2.59244e-06	4.04103e-06
689	15352	12084	64	66	57	12	0.621462	0.47568	2.71153e-06	4.36314e-06
690	15521	12162	89	93	82	11	0.527219	0.64014	3.07584e-06	5.83409e-06
691	15437	12108	75	77	73	5	0.60106	0.50906	2.77217e-06	4.61213e-06
692	15240	11955	78	80	73	7	0.583857	0.5381	2.85374e-06	4.88774e-06
693	15503	12112	72	73	64	11	0.597776	0.51454	2.81262e-06	4.70514e-06
694	15482	12156	78	79	71	11	0.57567	0.55222	2.90358e-06	5.04383e-06
695	15570	12183	74	75	67	11	0.590314	0.5271	2.84416e-06	4.81804e-06
696	15440	12229	56	57	52	6	0.678033	0.38856	2.39773e-06	3.53631e-06
697	15664	12271	75	76	70	6	0.60177	0.50788	2.77345e-06	4.60882e-06
698	15368	12071	67	68	61	8	0.626354	0.46784	2.67046e-06	4.2635e-06
699	15697	12332	96	100	84	18	0.48685	0.7198	3.21377e-06	6.60116e-06
700	15448	12068	69	71	66	7	0.617806	0.48158	2.70581e-06	4.37971e-06
701	15406	12109	71	72	69	3	0.626592	0.46746	2.64649e-06	4.22363e-06
702	15512	12168	63	65	59	7	0.64153	0.4439	2.59244e-06	4.04103e-06
703	15523	12159	76	79	68	16	0.561176	0.57772	2.97956e-06	5.30949e-06
704	15582	12316	72	73	64	11	0.597776	0.51454	2.81262e-06	4.70514e-06
705	15501	12200	62	63	58	5	0.656298	0.42114	2.50828e-06	3.82186e-06
706	15366	12101	87	88	83	5	0.560941	0.57814	2.93543e-06	5.23305e-06
707	15378	12070	77	77	70	7	0.594961	0.51926	2.80726e-06	4.7184e-06
708	15470	12146	69	71	64	10	0.608426	0.49688	2.76171e-06	4.53911e-06
709	15458	12167	75	75	69	6	0.605561	0.5016	2.75674e-06	4.55237e-06
710	15471	12199	71	72	63	13	0.595437	0.51846	2.83128e-06	4.75496e-06
711	15522	12201	72	74	62	15	0.582038	0.54122	2.89513e-06	4.97412e-06
712	15607	12261	91	95	84	11	0.520638	0.6527	3.09623e-06	5.94699e-06
713	15594	12231	70	71	67	4	0.627332	0.46628	2.64754e-06	4.22031e-06
714	15562	12192	74	74	72	2	0.621935	0.47492	2.66399e-06	4.28339e-06
715	15441	12192	68	68	64	7	0.629556	0.46274	2.65066e-06	4.21037e-06
716	15395	12060	73	73	69	5	0.61635	0.48394	2.70352e-06	4.38634e-06
717	15648	12272	90	92	80	18	0.511934	0.66956	3.14818e-06	6.14958e-06
718	15468	12192	66	66	60	6	0.640773	0.44508	2.5915e-06	4.04434e-06
719	15676	12329	69	69	62	7	0.625615	0.46902	2.66938e-06	4.26682e-06
720	15532	12115	92	94	81	17	0.508129	0.67702	3.15514e-06	6.20934e-06
721	15335	12063	44	44	42	2	0.750872	0.28652	1.94473e-06	2.58996e-06
722	15607	12219	78	80	71	12	0.569156	0.5636	2.93309e-06	5.15341e-06
723	15305	12023	83	88	72	21	0.516986	0.65974	3.14492e-06	6.08319e-06
724	15730	12321	80	80	71	10	0.574992	0.5534	2.90206e-06	5.04714e-06
725	15408	12077	62	62	56	9	0.647096	0.43526	2.57412e-06	3.97795e-06
726	15525	12178	76	79	73	8	0.584546	0.53692	2.85517e-06	4.88443e-06
727	15478	12133	80	83	73	12	0.558534	0.58244	2.97294e-06	5.32275e-06
728	15598	12252	78	78	71	8	0.588228	0.53064	2.83995e-06	4.82798e-06
729	15543	12229	70	71	62	13	0.599188	0.51218	2.81529e-06	4.69851e-06
730	15316	12008	80	81	72	10	0.571392	0.55968	2.91615e-06	5.10359e-06
731	15622	12308	71	71	68	3	0.630539	0.46118	2.62757e-06	4.16718e-06
732	15525	12130	69	69	63	6	0.628814	0.46392	2.64962e-06	4.21368e-06
733	15562	12201	88	91	79	12	0.531166	0.63268	3.06713e-06	5.77433e-06
734	15441	12198	63	64	60	4	0.655524	0.42232	2.5075e-06	3.82518e-06
735	15342	12029	73	75	64	13	0.584324	0.5373	2.87739e-06	4.9243e-06
736	15488	12193	61	64	61	3	0.658876	0.41722	2.48531e-06	3.77205e-06
737	15526	12113	66	66	61	5	0.644049	0.43998	2.57053e-06	3.99121e-06
738	15553	12248	73	73	61	13	0.591709	0.52474	2.84695e-06	4.81141e-06
739	15408	12120	95	97	82	18	0.496109	0.70096	3.19088e-06	6.43181e-06
740	15637	12310	54	54	51	3	0.70158	0.35442	2.25037e-06	3.20757e-06
741	15343	12040	65	66	62	5	0.644049	0.43998	2.57053e-06	3.99121e-06
742	15642	12295	86	87	77	14	0.539151	0.61776	3.04879e-06	5.65481e-06
743	15431	12170	68	69	67	2	0.641773	0.44352	2.56783e-06	4.00115e-06
744	15368	12035	65	65	62	3	0.654751	0.4235	2.50671e-06	3.82849e-06
745	15497	12242	57	59	50	12	0.649391	0.43172	2.57679e-06	3.96801e-06
746	15935	12512	79	79	72	9	0.581572	0.54202	2.87155e-06	4.93756e-06
747	15564	12232	76	77	68	9	0.588923	0.52946	2.84136e-06	4.82466e-06
748	15527	12206	71	71	68	3	0.630539	0.46118	2.62757e-06	4.16718e-06
749	15653	12193	58	58	55	3	0.684176	0.37954	2.34902e-06	3.43336e-06
750	15359	11998	86	88	81	7	0.555248	0.58834	2.96465e-06	5.33932e-06
751	15515	12178	64	65	62	3	0.654751	0.4235	2.50671e-06	3.82849e-06
752	15442	12157	69	71	65	7	0.617806	0.48158	2.70581e-06	4.37971e-06
753	15442	12183	60	62	55	7	0.653731	0.42506	2.53104e-06	3.87168e-06
754	15507	12155	65	66	62	4	0.647342	0.43488	2.54928e-06	3.93807e-06
755	15326	12009	51	53	47	7	0.691744	0.36854	2.32679e-06	3.36366e-06
756	15575	12183	87	88	75	17	0.527641	0.63934	3.09759e-06	5.87065e-06
757	15241	12037	75	80	66	18	0.552004	0.5942	3.02068e-06	5.47221e-06
758	15672	12352	59	60	57	3	0.675637	0.3921	2.39598e-06	3.54626e-06
759	15596	12202	79	79	74	5	0.593558	0.52162	2.80458e-06	4.72503e-06
760	15749	12344	58	58	54	6	0.673788	0.39484	2.42076e-06	3.59276e-06
761	15643	12224	62	62	59	4	0.66381	0.40976	2.46425e-06	3.71228e-06
762	15502	12153	72	72	67	5	0.620233	0.47766	2.68554e-06	4.32989e-06
763	15517	12165	79	80	74	8	0.580886	0.5432	2.87009e-06	4.94087e-06
764	15421	12100	64	64	59	5	0.65219	0.42742	2.52939e-06	3.87831e-06
765	15587	12241	66	66	61	5	0.644049	0.43998	2.57053e-06	3.99121e-06
766	15599	12314	72	72	69	3	0.626592	0.46746	2.64649e-06	4.22363e-06
767	15473	12141	58	60	53	10	0.651942	0.4278	2.55443e-06	3.91819e-06
768	15388	12129	75	77	72	5	0.60106	0.50906	2.77217e-06	4.61213e-06
769	15643	12360	63	64	60	4	0.655524	0.42232	2.5075e-06	3.82518e-06
770	15462	12200	74	75	66	11	0.590314	0.5271	2.84416e-06	4.81804e-06
771	15564	12156	73	75	66	11	0.590314	0.5271	2.84416e-06	4.81804e-06
772	15527	12221	83	83	73	10	0.56426	0.57224	2.94345e-06	5.21648e-06
773	15247	11888	51	52	49	3	0.710448	0.34186	2.1986e-06	3.09467e-06
774	15600	12233	65	65	62	6	0.64481	0.4388	2.57143e-06	3.98789e-06
775	15293	11937	69	69	64	5	0.632029	0.45882	2.62959e-06	4.16055e-06
776	15716	12379	91	95	84	12	0.51799	0.6578	3.108e-06	6.00012e-06
777	15401	12106	65	66	61	5	0.644049	0.43998	2.57053e-06	3.99121e-06
778	15407	12080	91	95	83	19	0.499824	0.6935	3.1849e-06	6.37205e-06
779	15472	12022	84	85	79	7	0.565808	0.5695	2.92522e-06	5.16998e-06
780	15644	12224	74	76	68	9	0.592633	0.52318	2.8258e-06	4.76822e-06
781	15537	12103	68	68	62	6	0.632775	0.45764	2.6306e-06	4.15724e-06
782	15369	12078	63	64	58	10	0.635769	0.45292	2.63461e-06	4.14398e-06
783	15614	12378	79	81	76	5	0.58615	0.53418	2.83575e-06	4.83792e-06
784	15314	12052	69	69	67	2	0.641773	0.44352	2.56783e-06	4.00115e-06
785	15742	12352	80	81	76	5	0.58615	0.53418	2.83575e-06	4.83792e-06
786	15473	12104	75	79	70	12	0.572742	0.55732	2.91924e-06	5.09696e-06
787	15568	12146	73	74	69	5	0.612492	0.49022	2.72117e-06	4.44279e-06
788	15482	12081	61	63	55	9	0.643045	0.44154	2.5943e-06	4.0344e-06
789	15315	12042	68	69	61	9	0.619266	0.47922	2.7081e-06	4.37308e-06
790	15547	12088	69	70	62	9	0.615389	0.4855	2.72589e-06	4.42953e-06
791	15443	12087	57	58	51	7	0.67036	0.39994	2.44406e-06	3.64589e-06
792	15628	12186	80	81	76	7	0.580201	0.54438	2.86862e-06	4.94419e-06
793	15480	12150	65	66	59	8	0.63427	0.45528	2.63261e-06	4.15061e-06
794	15703	12385	68	69	65	5	0.632029	0.45882	2.62959e-06	4.16055e-06
795	15425	12091	78	80	74	9	0.577931	0.5483	2.88619e-06	4.99401e-06
796	15410	11975	73	73	69	4	0.619502	0.47884	2.68443e-06	4.33321e-06
797	15492	12145	69	70	65	7	0.621699	0.4753	2.68777e-06	4.32326e-06
798	15217	11978	72	73	63	13	0.591709	0.52474	2.84695e-06	4.81141e-06
799	15558	12322	68	70	65	6	0.624877	0.4702	2.66831e-06	4.27013e-06
800	15503	12211	80	80	76	4	0.592858	0.5228	2.80324e-06	4.72834e-06
801	15644	12352	59	60	57	3	0.675637	0.3921	2.39598e-06	3.54626e-06
802	15350	12055	57	57	55	2	0.692006	0.36816	2.30008e-06	3.32378e-06
803	15635	12257	78	79	74	6	0.590539	0.52672	2.82169e-06	4.77816e-06
804	15436	12163	54	54	53	1	0.708773	0.34422	2.19812e-06	3.1013e-06
805	15474	12159	75	76	67	11	0.586619	0.53338	2.85946e-06	4.87448e-06
806	15502	12114	70	72	63	12	0.598481	0.51336	2.81395e-06	4.70183e-06
807	15469	12080	70	71	66	5	0.62414	0.47138	2.66723e-06	4.27345e-06
808	15569	12275	77	78	70	10	0.582259	0.54084	2.87301e-06	4.93424e-06
809	15223	11949	86	90	76	17	0.521055	0.6519	3.11776e-06	5.98355e-06
810	15661	12312	73	74	68	7	0.606276	0.50042	2.75798e-06	4.54905e-06
811	15366	11981	64	65	59	12	0.625377	0.4694	2.69331e-06	4.30669e-06
812	15856	12529	49	49	46	3	0.723959	0.32302	2.11782e-06	2.92533e-06
813	15704	12299	79	81	77	4	0.589147	0.52908	2.81894e-06	4.78479e-06
814	15533	12264	65	66	57	10	0.627834	0.46548	2.67261e-06	4.25687e-06
815	15511	12119	83	84	77	8	0.566476	0.56832	2.92679e-06	5.16666e-06
816	15645	12260	88	90	80	12	0.534513	0.6264	3.05628e-06	5.71788e-06
817	15581	12223	53	54	48	9	0.680437	0.38502	2.39947e-06	3.52637e-06
818	15410	12199	62	63	56	13	0.63006	0.46194	2.67582e-06	4.24693e-06
819	15504	12275	88	91	76	21	0.507337	0.67858	3.17214e-06	6.25253e-06
820	15380	12072	85	86	76	10	0.553729	0.59108	2.98229e-06	5.38583e-06
821	15457	12179	64	65	60	5	0.648107	0.4337	2.55014e-06	3.93476e-06
822	15457	12158	82	82	75	8	0.573636	0.55576	2.89902e-06	5.05377e-06
823	15601	12260	67	67	63	7	0.633522	0.45646	2.6316e-06	4.15392e-06
824	15521	12177	79	80	75	5	0.589842	0.5279	2.82032e-06	4.78147e-06
825	15321	12010	66	69	64	6	0.628814	0.46392	2.64962e-06	4.21368e-06
826	15593	12340	70	70	63	8	0.618536	0.4804	2.70696e-06	4.3764e-06
827	15280	12012	60	60	55	7	0.661993	0.4125	2.48829e-06	3.75879e-06
828	15702	12362	60	62	56	6	0.657073	0.41996	2.50907e-06	3.81855e-06
829	15394	12166	86	87	80	8	0.555904	0.58716	2.96631e-06	5.33601e-06
830	15479	12167	84	84	80	4	0.578151	0.54792	2.86424e-06	4.95413e-06
831	15467	12158	62	62	57	7	0.653731	0.42506	2.53104e-06	3.87168e-06
832	15535	12219	73	73	67	7	0.610095	0.49414	2.74092e-06	4.49261e-06
833	15531	12199	58	59	52	8	0.662775	0.41132	2.48903e-06	3.75547e-06
834	15411	12118	63	65	56	11	0.628575	0.4643	2.67368e-06	4.25356e-06
835	15606	12280	55	56	49	7	0.678833	0.38738	2.39832e-06	3.533e-06
836	15303	12034	71	72	68	4	0.623404	0.47256	2.66615e-06	4.27676e-06
837	15727	12409	75	75	64	12	0.587311	0.5322	2.86089e-06	4.87117e-06
838	15406	12070	86	87	70	25	0.509737	0.67386	3.18039e-06	6.23927e-06
839	15536	12187	61	61	58	4	0.667991	0.40348	2.44207e-06	3.65584e-06
840	15298	11980	80	82	72	11	0.564926	0.57106	2.94506e-06	5.21317e-06
841	15329	12058	65	70	61	12	0.606046	0.5008	2.7811e-06	4.58893e-06
842	15541	12115	61	62	56	16	0.624403	0.47096	2.71608e-06	4.34988e-06
843	15519	12214	82	83	78	5	0.578834	0.54674	2.8657e-06	4.95082e-06
844	15620	12240	84	84	78	6	0.572284	0.55812	2.89598e-06	5.0604e-06
845	15537	12173	69	72	61	12	0.598481	0.51336	2.81395e-06	4.70183e-06
846	15537	12249	79	80	72	9	0.577931	0.5483	2.88619e-06	4.99401e-06
847	15418	12172	74	75	69	7	0.60248	0.5067	2.77473e-06	4.6055e-06
848	15445	12153	76	78	70	9	0.585236	0.53574	2.8566e-06	4.88111e-06
849	15486	12089	68	68	66	2	0.645816	0.43724	2.54755e-06	3.9447e-06
850	15513	12063	78	83	72	17	0.544471	0.60794	3.04273e-06	5.58842e-06
851	15552	12181	70	70	68	2	0.637756	0.4498	2.58776e-06	4.0576e-06
852	15534	12131	63	64	61	3	0.658876	0.41722	2.48531e-06	3.77205e-06
853	15635	12272	80	81	75	6	0.583168	0.53928	2.85231e-06	4.89105e-06
854	15341	12086	77	79	74	5	0.593558	0.52162	2.80458e-06	4.72503e-06
855	15306	12092	69	69	67	2	0.641773	0.44352	2.56783e-06	4.00115e-06
856	15430	12146	68	69	63	6	0.628814	0.46392	2.64962e-06	4.21368e-06
857	15505	12231	77	77	74	3	0.607222	0.49886	2.73606e-06	4.50586e-06
858	15496	12188	65	66	61	5	0.644049	0.43998	2.57053e-06	3.99121e-06
859	15541	12183	76	77	72	5	0.60106	0.50906	2.77217e-06	4.61213e-06
860	15563	12268	51	51	49	2	0.718579	0.33048	2.14503e-06	2.98509e-06
861	15204	11826	78	81	73	9	0.574313	0.55458	2.90054e-06	5.05045e-06
862	15651	12166	56	56	55	1	0.699926	0.35678	2.2497e-06	3.2142e-06
863	15357	12042	74	75	70	5	0.608657	0.4965	2.73849e-06	4.49924e-06
864	15829	12537	61	62	56	6	0.657073	0.41996	2.50907e-06	3.81855e-06
865	15440	12142	70	73	67	7	0.610095	0.49414	2.74092e-06	4.49261e-06
866	15566	12274	71	71	68	3	0.630539	0.46118	2.62757e-06	4.16718e-06
867	15445	12200	69	69	68	1	0.645055	0.43842	2.54669e-06	3.94802e-06
868	15539	12150	86	86	78	10	0.553729	0.59108	2.98229e-06	5.38583e-06
869	15280	11963	62	64	56	9	0.63902	0.44782	2.61413e-06	4.09085e-06
870	15413	12054	72	74	68	6	0.609376	0.49532	2.73971e-06	4.49592e-06
871	15535	12312	68	71	61	11	0.605331	0.50198	2.77983e-06	4.59224e-06
872	15372	12053	69	69	62	9	0.619266	0.47922	2.7081e-06	4.37308e-06
873	15713	12340	58	58	53	6	0.673788	0.39484	2.42076e-06	3.59276e-06
874	15451	12155	70	70	64	6	0.624877	0.4702	2.66831e-06	4.27013e-06
875	15648	12376	72	74	64	11	0.594033	0.52082	2.82854e-06	4.76159e-06
876	15516	12218	76	77	70	7	0.594961	0.51926	2.80726e-06	4.7184e-06
877	15373	12053	73	73	63	10	0.600832	0.50944	2.79507e-06	4.65201e-06
878	15586	12214	72	74	63	14	0.585014	0.53612	2.87884e-06	4.92099e-06
879	15573	12280	80	83	73	12	0.558534	0.58244	2.97294e-06	5.32275e-06
880	15690	12356	72	74	63	15	0.582038	0.54122	2.89513e-06	4.97412e-06
881	15386	12070	65	65	62	3	0.654751	0.4235	2.50671e-06	3.82849e-06
882	15573	12234	58	58	54	4	0.680696	0.38464	2.37324e-06	3.48649e-06
883	15461	12098	77	79	72	8	0.584546	0.53692	2.85517e-06	4.88443e-06
884	15398	12142	80	80	73	9	0.577931	0.5483	2.88619e-06	4.99401e-06
885	15525	12173	70	73	66	8	0.606992	0.49924	2.75923e-06	4.54574e-06
886	15446	11991	66	68	58	17	0.598254	0.51374	2.83674e-06	4.7417e-06
887	15598	12153	64	66	61	5	0.644049	0.43998	2.57053e-06	3.99121e-06
888	15290	12106	63	65	62	3	0.654751	0.4235	2.50671e-06	3.82849e-06
889	15713	12310	72	74	67	7	0.606276	0.50042	2.75798e-06	4.54905e-06
890	15399	12074	66	67	65	2	0.649885	0.43096	2.52692e-06	3.88826e-06
891	15413	12035	84	86	73	14	0.542547	0.61148	3.03737e-06	5.59836e-06
892	15471	12196	68	68	63	6	0.632775	0.45764	2.6306e-06	4.15724e-06
893	15560	12213	71	74	69	5	0.612492	0.49022	2.72117e-06	4.44279e-06
894	15649	12241	81	82	76	6	0.579517	0.54556	2.86716e-06	4.9475e-06
895	15506	12136	61	61	59	2	0.67484	0.39328	2.39539e-06	3.54957e-06
896	15374	12078	77	78	71	10	0.582259	0.54084	2.87301e-06	4.93424e-06
897	15345	12068	72	74	68	6	0.609376	0.49532	2.73971e-06	4.49592e-06
898	15468	12154	71	71	65	7	0.617806	0.48158	2.70581e-06	4.37971e-06
899	15412	12102	52	54	50	4	0.698011	0.35952	2.27601e-06	3.2607e-06
900	15476	12256	78	79	70	10	0.578614	0.54712	2.88768e-06	4.99069e-06
901	15481	12199	95	96	85	12	0.514747	0.66408	3.1176e-06	6.05657e-06
902	15542	12233	69	72	63	11	0.601541	0.50826	2.79638e-06	4.64869e-06
903	15546	12256	64	65	60	5	0.648107	0.4337	2.55014e-06	3.93476e-06
904	15568	12172	71	71	65	6	0.620965	0.47648	2.68666e-06	4.32658e-06
905	15626	12323	78	79	70	10	0.578614	0.54712	2.88768e-06	4.99069e-06
906	15331	12025	71	73	69	4	0.619502	0.47884	2.68443e-06	4.33321e-06
907	15543	12161	79	82	74	10	0.567815	0.56596	2.92994e-06	5.16004e-06
908	15423	12130	61	61	57	4	0.667991	0.40348	2.44207e-06	3.65584e-06
909	15536	12212	64	64	61	3	0.658876	0.41722	2.48531e-06	3.77205e-06
910	15491	12178	79	81	74	7	0.580201	0.54438	2.86862e-06	4.94419e-06
911	15662	12294	77	78	74	4	0.600351	0.51024	2.77089e-06	4.61545e-06
912	15556	12183	69	71	67	4	0.627332	0.46628	2.64754e-06	4.22031e-06
913	15544	12175	66	66	60	7	0.637513	0.45018	2.61219e-06	4.09747e-06
914	15642	12270	78	78	73	7	0.591236	0.52554	2.82306e-06	4.77485e-06
915	15348	12032	67	69	59	12	0.609864	0.49452	2.7642e-06	4.53248e-06
916	15806	12434	89	93	75	26	0.48839	0.71664	3.23856e-06	6.63109e-06
917	15434	12070	51	52	48	4	0.706834	0.34696	2.22498e-06	3.14781e-06
918	15605	12187	75	76	70	8	0.595663	0.51808	2.8086e-06	4.71508e-06
919	15500	12146	66	69	59	12	0.609864	0.49452	2.7642e-06	4.53248e-06
920	15326	12014	52	53	51	2	0.70961	0.34304	2.19836e-06	3.09799e-06
921	15535	12208	71	74	66	19	0.570284	0.56162	2.95787e-06	5.18665e-06
922	15803	12328	60	61	57	4	0.667991	0.40348	2.44207e-06	3.65584e-06
923	15568	12231	63	64	61	3	0.658876	0.41722	2.48531e-06	3.77205e-06
924	15447	12270	65	66	61	6	0.640773	0.44508	2.5915e-06	4.04434e-06
925	15545	12206	77	79	71	11	0.57567	0.55222	2.90358e-06	5.04383e-06
926	15445	12178	70	71	64	8	0.614664	0.48668	2.72471e-06	4.43285e-06
927	15450	12119	84	87	70	24	0.512343	0.66876	3.16943e-06	6.18614e-06
928	15510	12244	81	81	72	10	0.571392	0.55968	2.91615e-06	5.10359e-06
929	15414	12178	70	71	66	11	0.605331	0.50198	2.77983e-06	4.59224e-06
930	15579	12229	73	73	70	3	0.622669	0.47374	2.66507e-06	4.28007e-06
931	15336	12059	68	68	62	6	0.632775	0.45764	2.6306e-06	4.15724e-06
932	15678	12237	77	79	71	9	0.581572	0.54202	2.87155e-06	4.93756e-06
933	15379	12032	80	81	74	8	0.57725	0.54948	2.8847e-06	4.99732e-06
934	15444	12133	63	63	55	12	0.633282	0.45684	2.65585e-06	4.1938e-06
935	15455	12195	64	64	60	5	0.65219	0.42742	2.52939e-06	3.87831e-06
936	15616	12158	71	71	66	6	0.620965	0.47648	2.68666e-06	4.32658e-06
937	15520	12090	68	68	66	2	0.645816	0.43724	2.54755e-06	3.9447e-06
938	15477	12161	74	74	67	8	0.603192	0.50552	2.776e-06	4.60219e-06
939	15591	12302	71	71	65	7	0.617806	0.48158	2.70581e-06	4.37971e-06
940	15277	12027	53	55	47	11	0.669315	0.4015	2.46916e-06	3.68908e-06
941	15700	12380	61	61	56	11	0.644565	0.43918	2.59616e-06	4.02777e-06
942	15392	12111	79	82	76	8	0.573636	0.55576	2.89902e-06	5.05377e-06
943	15447	12085	77	77	72	5	0.60106	0.50906	2.77217e-06	4.61213e-06
944	15466	12130	71	71	69	2	0.633763	0.45608	2.60733e-06	4.11405e-06
945	15529	12235	90	94	80	18	0.505544	0.68212	3.16596e-06	6.26247e-06
946	15530	12182	66	67	62	5	0.640017	0.44626	2.59057e-06	4.04766e-06
947	15537	12195	59	59	54	5	0.672993	0.39602	2.42013e-06	3.59607e-06
948	15414	12131	67	68	62	6	0.632775	0.45764	2.6306e-06	4.15724e-06
949	15512	12175	66	67	59	9	0.627093	0.46666	2.67154e-06	4.26019e-06
950	15600	12288	83	84	75	9	0.563595	0.57342	2.94185e-06	5.2198e-06
951	15405	12038	63	63	61	2	0.666417	0.40584	2.44073e-06	3.66247e-06
952	15507	12072	81	83	76	7	0.57296	0.55694	2.8975e-06	5.05708e-06
953	15475	12198	69	70	62	9	0.615389	0.4855	2.72589e-06	4.42953e-06
954	15382	12121	54	56	53	3	0.692824	0.36698	2.3005e-06	3.32047e-06
955	15540	12246	70	71	67	4	0.627332	0.46628	2.64754e-06	4.22031e-06
956	15606	12245	66	69	64	5	0.632029	0.45882	2.62959e-06	4.16055e-06
957	15618	12323	74	74	67	8	0.603192	0.50552	2.776e-06	4.60219e-06
958	15321	12032	74	75	71	4	0.611769	0.4914	2.71999e-06	4.4461e-06
959	15548	12266	76	76	71	6	0.60177	0.50788	2.77345e-06	4.60882e-06
960	15417	12047	65	67	61	7	0.633522	0.45646	2.6316e-06	4.15392e-06
961	15291	11994	73	75	66	11	0.590314	0.5271	2.84416e-06	4.81804e-06
962	15485	12175	67	67	60	9	0.627093	0.46666	2.67154e-06	4.26019e-06
963	15216	11977	76	80	68	14	0.563381	0.5738	2.9632e-06	5.25967e-06
964	15550	12182	73	75	68	9	0.596366	0.5169	2.80994e-06	4.71177e-06
965	15326	12015	78	79	75	5	0.593558	0.52162	2.80458e-06	4.72503e-06
966	15633	12322	63	64	57	7	0.645571	0.43762	2.57233e-06	3.98458e-06
967	15339	12149	80	81	73	8	0.57725	0.54948	2.8847e-06	4.99732e-06
968	15785	12388	76	77	67	10	0.585927	0.53456	2.85803e-06	4.8778e-06
969	15428	12139	69	71	67	5	0.62414	0.47138	2.66723e-06	4.27345e-06
970	15653	12272	68	68	68	0	0.652437	0.42704	2.50434e-06	3.83844e-06
971	15495	12225	76	76	67	10	0.589618	0.52828	2.84276e-06	4.82135e-06
972	15377	12107	78	78	74	4	0.600351	0.51024	2.77089e-06	4.61545e-06
973	15561	12159	64	64	63	1	0.665631	0.40702	2.44006e-06	3.66578e-06
974	15460	12126	62	62	56	6	0.657073	0.41996	2.50907e-06	3.81855e-06
975	15607	12232	62	63	61	2	0.666417	0.40584	2.44073e-06	3.66247e-06
976	15478	12078	66	67	64	3	0.646579	0.43606	2.54842e-06	3.94139e-06
977	15329	12066	54	56	54	2	0.696366	0.36188	2.27526e-06	3.26733e-06
978	15439	12137	71	72	67	5	0.620233	0.47766	2.68554e-06	4.32989e-06
979	15696	12284	64	64	57	7	0.645571	0.43762	2.57233e-06	3.98458e-06
980	15505	12099	75	75	72	3	0.614897	0.4863	2.70123e-06	4.39297e-06
981	15448	12154	75	77	70	8	0.591934	0.52436	2.82443e-06	4.77153e-06
982	15573	12172	63	65	59	8	0.638266	0.449	2.61316e-06	4.09416e-06
983	15396	12222	62	63	55	9	0.643045	0.44154	2.5943e-06	4.0344e-06
984	15667	12295	82	83	75	9	0.567145	0.56714	2.92837e-06	5.16335e-06
985	15371	12059	66	66	65	1	0.657323	0.41958	2.48381e-06	3.77867e-06
986	15416	12065	55	55	53	2	0.700753	0.3556	2.25004e-06	3.21088e-06
987	15450	12126	76	77	71	6	0.598003	0.51416	2.78984e-06	4.66526e-06
988	15375	12052	81	81	76	6	0.583168	0.53928	2.85231e-06	4.89105e-06
989	15514	12108	57	57	56	1	0.695545	0.36306	2.27488e-06	3.27065e-06
990	15389	12055	73	75	70	6	0.605561	0.5016	2.75674e-06	4.55237e-06
991	15584	12211	73	74	67	9	0.600123	0.51062	2.79377e-06	4.65532e-06
992	15263	12016	78	78	69	10	0.582259	0.54084	2.87301e-06	4.93424e-06
993	15687	12409	70	71	62	11	0.605331	0.50198	2.77983e-06	4.59224e-06
994	15385	12064	74	74	70	4	0.615623	0.48512	2.70237e-06	4.38966e-06
995	15479	12206	83	84	76	9	0.563595	0.57342	2.94185e-06	5.2198e-06
996	15460	12054	73	73	69	5	0.61635	0.48394	2.70352e-06	4.38634e-06
997	15381	12175	75	76	66	16	0.571849	0.55888	2.93939e-06	5.14015e-06
998	15524	12133	79	79	71	9	0.581572	0.54202	2.87155e-06	4.93756e-06
999	15571	12253	78	78	73	5	0.597297	0.51534	2.78853e-06	4.66858e-06
1000	15597	12179	82	82	76	7	0.576569	0.55066	2.88321e-06	5.00064e-06