Hist	Tr_Tot	Tr_in	DSBs	DSBt	RIFs	NComb	PSurv	lPSurv	PMut*	PMut
1	1	0	0	0	0	0	1	-0	0	0
2	3	2	102	298	21	9573	9.63803e-23	50.6937	5.06445e-26	0.000525466
3	1	1	3	3	3	0	0.981336	0.01884	1.66182e-07	1.69343e-07
4	2	1	41	152	11	9188	1.7176e-21	47.8134	8.53248e-25	0.000496768
5	1	1	2	2	1	1	0.982495	0.01766	1.63122e-07	1.66028e-07
6	0	0	0	0	0	0	1	-0	0	0
7	5	5	33	33	20	23	0.72286	0.32454	2.2299e-06	3.08483e-06
8	3	3	10	10	8	3	0.924872	0.0781	6.69492e-07	7.23876e-07
9	4	3	152	292	43	9496	1.48218e-22	50.2634	7.72267e-26	0.000521036
10	3	2	104	286	37	14675	5.2034e-34	76.6386	4.14125e-37	0.000795874
11	3	2	118	334	31	10818	1.34354e-25	57.2693	7.9759e-29	0.000593648
12	3	2	19	45	5	707	0.0204801	3.8883	8.21362e-07	4.01053e-05
13	5	3	14	14	12	2	0.90654	0.09812	8.12743e-07	8.96533e-07
14	3	2	11	11	10	1	0.928505	0.07418	6.25865e-07	6.74057e-07
15	0	0	0	0	0	0	1	-0	0	0
16	2	1	2	2	2	0	0.987519	0.01256	1.11486e-07	1.12895e-07
17	3	2	127	302	26	11128	3.37992e-26	58.6494	2.05605e-29	0.000608313
18	3	2	1	1	1	0	0.99374	0.00628	5.60942e-08	5.64476e-08
19	3	2	5	5	4	1	0.964158	0.0365	3.23351e-07	3.35371e-07
20	5	2	36	85	15	1369	0.000544469	7.5157	4.22167e-08	7.75374e-05
21	6	4	139	262	46	2206	2.50816e-06	12.896	3.3108e-10	0.000132001
22	6	4	47	68	19	411	0.0802074	2.52314	2.05942e-06	2.56762e-05
23	3	1	18	19	16	4	0.869602	0.13972	1.11747e-06	1.28504e-06
24	0	0	0	0	0	0	1	-0	0	0
25	2	1	36	96	10	1957	2.53285e-05	10.5836	2.77096e-09	0.000109401
26	1	1	0	0	0	0	1	-0	0	0
27	3	2	10	24	5	95	0.529819	0.63522	3.39211e-06	6.4024e-06
28	1	1	2	2	2	0	0.987519	0.01256	1.11486e-07	1.12895e-07
29	2	1	0	0	0	0	1	-0	0	0
30	1	0	0	0	0	0	1	-0	0	0
31	3	3	68	216	9	13535	2.70515e-31	70.385	1.97841e-34	0.000731351
32	1	1	10	20	5	120	0.47826	0.7376	3.58931e-06	7.50494e-06
33	2	1	9	19	4	54	0.673869	0.39472	2.65619e-06	3.9417e-06
34	5	3	178	535	46	23336	7.14344e-54	122.373	9.073e-57	0.00127012
35	2	2	5	5	5	0	0.969088	0.0314	2.73513e-07	2.82238e-07
36	6	4	69	133	27	2216	5.35843e-06	12.1368	6.71147e-10	0.000125251
37	3	2	55	142	12	2215	5.08986e-06	12.1883	6.39824e-10	0.000125706
38	4	4	140	304	47	7796	8.00765e-19	41.6687	3.45439e-22	0.000431386
39	3	2	9	9	7	2	0.935457	0.06672	5.74646e-07	6.14295e-07
40	9	9	209	515	86	19649	1.18795e-45	103.444	1.27477e-48	0.00107308
41	3	3	9	9	6	4	0.925964	0.07692	6.67214e-07	7.20561e-07
42	2	1	2	2	1	1	0.982495	0.01766	1.63122e-07	1.66028e-07
43	3	3	1	1	1	0	0.99374	0.00628	5.60942e-08	5.64476e-08
44	2	1	1	1	1	0	0.99374	0.00628	5.60942e-08	5.64476e-08
45	3	2	3	3	1	3	0.966436	0.03414	3.17709e-07	3.28742e-07
46	4	2	1	1	1	0	0.99374	0.00628	5.60942e-08	5.64476e-08
47	3	1	77	187	20	5610	1.1598e-13	29.7854	3.57952e-17	0.000308633
48	3	1	164	373	24	12318	5.00645e-29	65.1642	3.38211e-32	0.00067555
49	2	1	10	10	7	3	0.924872	0.0781	6.69492e-07	7.23876e-07
50	6	6	201	408	73	9638	3.46744e-23	51.716	1.85553e-26	0.000535128
51	1	0	0	0	0	0	1	-0	0	0
52	3	3	5	5	3	3	0.954374	0.0467	4.21487e-07	4.41638e-07
53	2	1	63	211	20	10498	1.4876e-24	54.8649	8.47488e-28	0.000569703
54	2	2	52	128	10	3902	1.01941e-09	20.704	2.18716e-13	0.000214551
55	2	2	14	15	13	2	0.900865	0.1044	8.58507e-07	9.5298e-07
56	3	2	99	229	32	7924	6.67652e-19	41.8505	2.8973e-22	0.000433954
57	1	0	0	0	0	0	1	-0	0	0
58	2	2	5	5	5	0	0.969088	0.0314	2.73513e-07	2.82238e-07
59	1	1	0	0	0	0	1	-0	0	0
60	3	2	11	11	10	1	0.928505	0.07418	6.25865e-07	6.74057e-07
61	6	6	249	533	78	14750	7.52506e-35	78.5722	6.1239e-38	0.000813801
62	3	3	9	9	9	0	0.945048	0.05652	4.80111e-07	5.08028e-07
63	5	3	68	163	22	3957	6.18119e-10	21.2043	1.35646e-13	0.000219449
64	5	3	2	2	2	0	0.987519	0.01256	1.11486e-07	1.12895e-07
65	4	4	100	152	51	1273	0.00058327	7.44686	4.4456e-08	7.62186e-05
66	3	3	31	51	21	231	0.223492	1.49838	3.38648e-06	1.51526e-05
67	0	0	0	0	0	0	1	-0	0	0
68	2	1	7	7	7	0	0.956992	0.04396	3.78139e-07	3.95133e-07
69	4	2	34	34	22	23	0.718334	0.33082	2.25649e-06	3.14128e-06
70	3	2	107	300	28	12714	1.05082e-29	66.7254	7.27659e-33	0.00069247
71	3	2	44	117	20	1795	5.07165e-05	9.88926	5.17199e-09	0.000101978
72	3	2	12	12	10	3	0.913328	0.09066	7.64246e-07	8.36771e-07
73	2	1	37	80	20	915	0.00569083	5.1689	3.02369e-07	5.31327e-05
74	3	3	9	9	8	1	0.94024	0.06162	5.27627e-07	5.61162e-07
75	4	3	6	6	6	0	0.963021	0.03768	3.26161e-07	3.38686e-07
76	0	0	0	0	0	0	1	-0	0	0
77	2	1	34	96	8	3575	6.60539e-09	18.8354	1.2905e-12	0.00019537
78	1	0	0	0	0	0	1	-0	0	0
79	4	4	149	299	62	7792	8.43337e-19	41.6169	3.63387e-22	0.000430892
80	2	0	0	0	0	0	1	-0	0	0
81	3	1	7	7	5	3	0.942462	0.05926	5.22626e-07	5.54533e-07
82	2	2	26	59	12	1038	0.0034675	5.66432	2.02789e-07	5.84827e-05
83	4	3	179	516	50	15971	1.65379e-37	84.6926	1.45156e-40	0.000877717
84	1	1	2	2	2	0	0.987519	0.01256	1.11486e-07	1.12895e-07
85	1	1	2	2	2	0	0.987519	0.01256	1.11486e-07	1.12895e-07
86	1	0	0	0	0	0	1	-0	0	0
87	2	2	4	4	4	0	0.975193	0.02512	2.20189e-07	2.2579e-07
88	6	5	119	262	34	10823	2.05848e-25	56.8427	1.21419e-28	0.00058985
89	4	4	278	652	46	50863	3.67453e-115	263.496	1.00657e-117	0.00273932
90	5	4	33	38	21	67	0.559708	0.58034	3.1931e-06	5.70493e-06
91	3	1	50	123	23	1561	0.000161091	8.73354	1.44795e-08	8.9884e-05
92	2	0	2	2	1	1	0.982495	0.01766	1.63122e-07	1.66028e-07
93	5	3	88	190	31	7795	1.6468e-18	40.9477	6.99721e-22	0.000424898
94	2	2	59	158	18	4243	1.48336e-10	22.6315	3.47645e-14	0.000234363
95	3	1	6	6	5	1	0.958122	0.04278	3.7541e-07	3.91819e-07
96	2	1	5	5	4	1	0.964158	0.0365	3.23351e-07	3.35371e-07
97	5	4	209	478	53	15744	6.68194e-37	83.2962	5.76993e-40	0.000863511
98	7	6	124	334	28	13465	1.84249e-31	70.769	1.35293e-34	0.000734292
99	3	2	67	206	11	8909	5.07693e-21	46.7296	2.46227e-24	0.000484992
100	3	2	71	229	19	6841	1.6722e-16	36.3272	6.29435e-20	0.000376411
101	3	2	2	2	2	0	0.987519	0.01256	1.11486e-07	1.12895e-07
102	4	3	109	183	45	2301	2.53748e-06	12.8843	3.36443e-10	0.000132589
103	1	1	9	10	8	2	0.929601	0.073	6.23523e-07	6.70742e-07
104	4	2	49	144	12	4370	8.47496e-11	23.1913	2.03671e-14	0.000240321
105	2	1	24	39	12	303	0.166923	1.79022	3.05484e-06	1.83008e-05
106	2	2	6	6	6	0	0.963021	0.03768	3.26161e-07	3.38686e-07
107	3	2	72	218	18	9497	2.34699e-22	49.8037	1.21318e-25	0.000516912
108	4	4	25	26	16	19	0.770913	0.26018	1.90968e-06	2.47717e-06
109	2	1	19	49	12	567	0.0407859	3.19942	1.34155e-06	3.28925e-05
110	2	2	66	232	15	8025	3.91438e-19	42.3845	1.72033e-22	0.00043949
111	1	1	0	0	0	0	1	-0	0	0
112	1	1	55	95	27	898	0.0056483	5.1764	2.9979e-07	5.30761e-05
113	1	0	0	0	0	0	1	-0	0	0
114	3	2	24	29	21	29	0.718909	0.33002	2.28458e-06	3.17784e-06
115	4	3	60	145	19	3201	3.27062e-08	17.2357	5.83035e-12	0.000178264
116	4	2	6	6	6	0	0.963021	0.03768	3.26161e-07	3.38686e-07
117	6	5	228	481	65	11663	7.17356e-28	62.502	4.64018e-31	0.000646844
118	4	4	126	288	26	11346	1.21406e-26	59.6732	7.51634e-30	0.000619106
119	0	0	0	0	0	0	1	-0	0	0
120	3	2	4	4	4	0	0.975193	0.02512	2.20189e-07	2.2579e-07
121	6	5	128	294	45	6809	1.30884e-16	36.5722	4.95238e-20	0.00037838
122	4	4	28	84	10	2560	1.26111e-06	13.5835	1.77517e-10	0.000140763
123	4	4	348	953	50	52276	4.11725e-119	272.592	1.16575e-121	0.00283139
124	3	3	17	17	14	3	0.885095	0.12206	9.90429e-07	1.11901e-06
125	2	1	5	5	4	1	0.964158	0.0365	3.23351e-07	3.35371e-07
126	5	4	18	30	12	124	0.440079	0.8208	3.64471e-06	8.28194e-06
127	6	3	140	351	38	10964	5.73468e-26	58.1207	3.45438e-29	0.000602366
128	0	0	0	0	0	0	1	-0	0	0
129	3	2	87	205	20	6623	5.91009e-16	35.0647	2.14816e-19	0.000363473
130	2	2	3	3	2	1	0.976344	0.02394	2.17213e-07	2.22476e-07
131	5	4	119	265	38	5620	6.75303e-14	30.3262	2.11753e-17	0.000313567
132	2	1	31	64	18	531	0.0446001	3.11002	1.41946e-06	3.18264e-05
133	4	3	1	1	1	0	0.99374	0.00628	5.60942e-08	5.64476e-08
134	2	2	2	2	2	0	0.987519	0.01256	1.11486e-07	1.12895e-07
135	6	6	215	473	45	27706	2.20741e-63	144.271	3.30849e-66	0.00149881
136	3	2	65	163	19	6470	1.6789e-15	34.0206	5.92605e-19	0.000352973
137	0	0	0	0	0	0	1	-0	0	0
138	2	2	72	244	11	11880	1.05072e-27	62.1203	6.77711e-31	0.000644996
139	1	1	39	57	24	132	0.356593	1.03116	3.64834e-06	1.02311e-05
140	1	0	0	0	0	0	1	-0	0	0
141	5	3	79	139	43	1219	0.000833547	7.08982	6.05285e-08	7.26156e-05
142	11	9	293	576	110	17146	2.83353e-40	91.0619	2.67354e-43	0.000943536
143	3	2	8	8	8	0	0.951001	0.05024	4.29454e-07	4.51581e-07
144	4	2	134	397	37	10621	2.47037e-25	56.6603	1.44946e-28	0.000586737
145	6	5	107	202	35	6017	1.32436e-14	31.9553	4.38503e-18	0.000331105
146	1	1	1	1	1	0	0.99374	0.00628	5.60942e-08	5.64476e-08
147	5	3	29	80	9	1265	0.000954904	6.9539	6.84946e-08	7.17293e-05
148	2	1	0	0	0	0	1	-0	0	0
149	2	1	69	148	9	3356	1.45592e-08	18.045	2.71776e-12	0.000186669
150	4	1	14	26	13	79	0.56769	0.56618	3.21605e-06	5.66516e-06
151	4	4	55	72	37	292	0.143509	1.94136	2.80977e-06	1.95791e-05
152	4	3	39	42	28	23	0.683137	0.38106	2.45442e-06	3.59286e-06
153	3	2	176	426	41	13049	8.62753e-31	69.2252	6.18923e-34	0.000717382
154	7	4	77	153	29	5826	4.77193e-14	30.6734	1.51838e-17	0.000318191
155	1	1	7	8	6	3	0.936562	0.06554	5.72221e-07	6.1098e-07
156	6	5	86	164	30	2758	2.77979e-07	15.0957	4.33088e-11	0.000155799
157	2	0	0	0	0	0	1	-0	0	0
158	2	2	7	8	7	1	0.946163	0.05534	4.77542e-07	5.04714e-07
159	3	2	29	31	21	23	0.731996	0.31198	2.17545e-06	2.97194e-06
160	6	5	48	107	20	3181	4.598e-08	16.8951	8.0491e-12	0.000175057
161	3	2	19	23	12	39	0.709397	0.34334	2.39102e-06	3.37049e-06
162	3	2	112	320	19	15255	2.1823e-35	79.8101	1.80827e-38	0.00082861
163	2	1	1	1	1	0	0.99374	0.00628	5.60942e-08	5.64476e-08
164	1	1	0	0	0	0	1	-0	0	0
165	2	1	23	35	10	182	0.317271	1.148	3.69491e-06	1.16459e-05
166	1	1	4	4	4	0	0.975193	0.02512	2.20189e-07	2.2579e-07
167	1	1	19	30	6	300	0.179353	1.7184	3.1626e-06	1.76334e-05
168	2	1	91	191	32	5184	9.93165e-13	27.6379	2.84268e-16	0.000286224
169	3	2	5	6	4	3	0.948399	0.05298	4.72383e-07	4.98085e-07
170	5	4	61	92	34	728	0.0136973	4.29056	6.00955e-07	4.38741e-05
171	4	2	5	5	4	1	0.964158	0.0365	3.23351e-07	3.35371e-07
172	3	1	9	9	7	2	0.935457	0.06672	5.74646e-07	6.14295e-07
173	4	3	4	4	4	0	0.975193	0.02512	2.20189e-07	2.2579e-07
174	6	4	85	127	40	1494	0.000221086	8.41696	1.91349e-08	8.65498e-05
175	5	4	26	44	20	130	0.390894	0.93932	3.67089e-06	9.39101e-06
176	5	3	134	383	36	20395	6.0603e-47	106.42	6.69827e-50	0.00110527
177	2	1	5	5	3	2	0.959253	0.0416	3.72674e-07	3.88504e-07
178	4	3	144	371	36	20810	7.87115e-48	108.461	8.86799e-51	0.00112664
179	4	4	24	48	16	385	0.103836	2.26494	2.40545e-06	2.31658e-05
180	0	0	0	0	0	0	1	-0	0	0
181	4	3	183	393	45	11998	2.25814e-28	63.6578	1.48964e-31	0.000659676
182	2	2	49	100	17	1794	5.67191e-05	9.7774	5.72668e-09	0.000100966
183	9	8	335	841	82	32470	6.14355e-75	170.878	1.08907e-77	0.00177271
184	3	1	38	61	7	840	0.00939968	4.66708	4.51891e-07	4.80752e-05
185	4	3	19	43	10	387	0.106061	2.24374	2.43832e-06	2.29898e-05
186	2	2	1	2	1	1	0.982495	0.01766	1.63122e-07	1.66028e-07
187	2	2	7	7	6	1	0.952124	0.04906	4.26805e-07	4.48266e-07
188	3	2	22	39	10	380	0.112712	2.18292	2.52385e-06	2.23921e-05
189	0	0	0	0	0	0	1	-0	0	0
190	2	2	3	4	2	2	0.965296	0.03532	3.20533e-07	3.32057e-07
191	1	1	45	115	12	3326	2.08732e-08	17.6848	3.82423e-12	0.000183212
192	3	3	125	355	28	19651	3.21179e-45	102.45	3.41786e-48	0.00106416
193	1	1	1	1	1	0	0.99374	0.00628	5.60942e-08	5.64476e-08
194	4	3	11	11	11	0	0.933252	0.06908	5.79478e-07	6.20924e-07
195	4	4	22	22	18	4	0.853372	0.15856	1.24113e-06	1.45438e-06
196	3	2	12	13	9	7	0.889283	0.11734	9.83326e-07	1.10575e-06
197	6	4	167	360	53	16413	4.62341e-38	85.9671	4.12592e-41	0.000892396
198	1	0	0	0	0	0	1	-0	0	0
199	5	4	24	94	11	3323	2.41829e-08	17.5376	4.39809e-12	0.000181868
200	2	1	25	35	15	115	0.446507	0.8063	3.61045e-06	8.08598e-06
201	3	2	61	165	18	3403	1.02961e-08	18.3915	1.95756e-12	0.000190126
202	5	3	10	10	9	1	0.934354	0.0679	5.77066e-07	6.17609e-07
203	6	3	11	11	7	5	0.909755	0.09458	8.06579e-07	8.8659e-07
204	6	6	172	369	60	13434	1.73224e-31	70.8307	1.27254e-34	0.000734621
205	5	3	104	345	32	18389	2.13416e-42	95.9505	2.12678e-45	0.000996541
206	2	2	1	1	1	0	0.99374	0.00628	5.60942e-08	5.64476e-08
207	1	1	57	67	22	354	0.107942	2.22616	2.43854e-06	2.25911e-05
208	4	4	82	153	41	1909	2.26186e-05	10.6967	2.48957e-09	0.000110068
209	2	1	22	25	14	33	0.722311	0.3253	2.28581e-06	3.16459e-06
210	4	4	125	343	42	11445	5.18753e-27	60.5235	3.25502e-30	0.000627471
211	3	2	18	20	7	44	0.704688	0.35	2.44302e-06	3.46681e-06
212	6	3	96	300	31	18158	9.19605e-42	94.4898	9.02801e-45	0.000981727
213	3	3	11	11	7	10	0.886849	0.12008	1.02188e-06	1.15226e-06
214	4	4	192	371	67	4836	1.89182e-12	26.9935	5.25727e-16	0.000277894
215	2	2	19	29	17	67	0.592254	0.52382	3.07789e-06	5.1969e-06
216	1	1	0	0	0	0	1	-0	0	0
217	3	1	1	1	1	0	0.99374	0.00628	5.60942e-08	5.64476e-08
218	1	1	30	45	11	227	0.236857	1.4403	3.45843e-06	1.46014e-05
219	2	1	2	2	2	0	0.987519	0.01256	1.11486e-07	1.12895e-07
220	1	1	0	0	0	0	1	-0	0	0
221	4	3	47	90	14	1437	0.000373012	7.8939	3.03754e-08	8.14327e-05
222	4	3	36	50	17	343	0.127034	2.0633	2.67369e-06	2.10471e-05
223	4	3	37	77	17	1305	0.000793498	7.13906	5.84691e-08	7.36853e-05
224	4	3	54	126	29	1303	0.000589297	7.43658	4.49899e-08	7.6345e-05
225	2	0	2	2	2	0	0.987519	0.01256	1.11486e-07	1.12895e-07
226	6	6	121	259	39	6230	3.12444e-15	33.3995	1.07993e-18	0.00034564
227	3	3	15	27	9	171	0.352868	1.04166	3.74389e-06	1.06099e-05
228	4	3	25	43	14	357	0.123596	2.09074	2.64443e-06	2.13958e-05
229	2	1	21	52	9	946	0.00579268	5.15116	3.08166e-07	5.31993e-05
230	6	4	130	445	27	24583	2.17464e-56	128.168	2.89509e-59	0.00133129
231	3	1	5	5	5	0	0.969088	0.0314	2.73513e-07	2.82238e-07
232	0	0	0	0	0	0	1	-0	0	0
233	6	1	33	71	13	1024	0.0034538	5.66828	2.01758e-07	5.84162e-05
234	2	0	1	1	1	0	0.99374	0.00628	5.60942e-08	5.64476e-08
235	4	3	42	151	14	3103	5.19191e-08	16.7736	9.00255e-12	0.000173396
236	3	2	9	9	9	0	0.945048	0.05652	4.80111e-07	5.08028e-07
237	5	4	113	202	26	4489	3.20905e-11	24.1625	8.01998e-15	0.000249917
238	2	1	17	18	15	4	0.87508	0.13344	1.07511e-06	1.22859e-06
239	2	2	83	229	23	10718	4.32628e-25	56.0999	2.51966e-28	0.000582408
240	3	1	9	9	4	11	0.89349	0.11262	9.76132e-07	1.09249e-06
241	0	0	0	0	0	0	1	-0	0	0
242	3	1	67	152	15	5088	2.07023e-12	26.9034	5.77433e-16	0.000278922
243	1	1	2	2	1	1	0.982495	0.01766	1.63122e-07	1.66028e-07
244	2	1	63	105	21	1000	0.003153	5.7594	1.86217e-07	5.90602e-05
245	1	1	32	99	8	2116	1.10473e-05	11.4133	1.30379e-09	0.000118018
246	2	1	4	4	4	0	0.975193	0.02512	2.20189e-07	2.2579e-07
247	1	1	59	142	13	3400	1.20795e-08	18.2318	2.27901e-12	0.000188668
248	3	3	43	98	25	1299	0.000717068	7.24034	5.34588e-08	7.45519e-05
249	4	4	148	348	29	22969	1.50243e-52	119.327	1.86311e-55	0.00124006
250	0	0	0	0	0	0	1	-0	0	0
251	7	6	68	69	43	65	0.465418	0.76482	3.42014e-06	7.34854e-06
252	2	1	7	9	6	4	0.925964	0.07692	6.67214e-07	7.20561e-07
253	4	2	20	22	11	40	0.710235	0.34216	2.39148e-06	3.36718e-06
254	3	2	72	160	8	11031	1.35219e-25	57.2629	8.04749e-29	0.000595144
255	5	4	39	78	23	1333	0.000683598	7.28814	5.14267e-08	7.52295e-05
256	3	2	209	536	44	20150	8.08831e-47	106.131	8.90433e-50	0.00110089
257	4	2	9	9	6	4	0.925964	0.07692	6.67214e-07	7.20561e-07
258	2	1	7	7	5	3	0.942462	0.05926	5.22626e-07	5.54533e-07
259	1	1	79	228	17	5517	1.44061e-13	29.5685	4.40835e-17	0.000306006
260	3	3	5	5	4	1	0.964158	0.0365	3.23351e-07	3.35371e-07
261	2	1	0	0	0	0	1	-0	0	0
262	5	4	142	275	60	4595	1.18168e-11	25.1615	3.06847e-15	0.00025967
263	2	1	4	4	4	0	0.975193	0.02512	2.20189e-07	2.2579e-07
264	4	4	23	26	15	18	0.774855	0.25508	1.87827e-06	2.42404e-06
265	3	2	104	264	30	21521	4.10272e-49	111.415	4.75251e-52	0.00115838
266	5	3	70	146	22	3142	4.39119e-08	16.9411	7.69275e-12	0.000175186
267	2	2	1	1	1	0	0.99374	0.00628	5.60942e-08	5.64476e-08
268	1	1	0	0	0	0	1	-0	0	0
269	3	1	9	9	7	2	0.935457	0.06672	5.74646e-07	6.14295e-07
270	1	0	0	0	0	0	1	-0	0	0
271	2	2	40	71	21	1041	0.00316697	5.75498	1.87863e-07	5.93194e-05
272	1	1	4	4	4	0	0.975193	0.02512	2.20189e-07	2.2579e-07
273	2	1	82	165	18	3331	1.48644e-08	18.0243	2.76924e-12	0.000186301
274	1	1	2	2	2	0	0.987519	0.01256	1.11486e-07	1.12895e-07
275	6	4	231	384	75	6718	1.18299e-16	36.6733	4.47908e-20	0.000378625
276	5	4	71	136	30	2011	1.49593e-05	11.1102	1.71325e-09	0.000114528
277	2	1	0	0	0	0	1	-0	0	0
278	6	5	217	494	66	19182	1.46701e-44	100.931	1.53608e-47	0.00104709
279	3	2	68	243	6	14343	3.70606e-33	74.6753	2.87518e-36	0.000775806
280	6	4	77	243	17	8049	3.23224e-19	42.5759	1.42667e-22	0.000441386
281	3	1	2	2	2	0	0.987519	0.01256	1.11486e-07	1.12895e-07
282	2	1	7	8	7	1	0.946163	0.05534	4.77542e-07	5.04714e-07
283	3	3	197	433	32	19108	3.13837e-44	100.17	3.263e-47	0.00103971
284	4	3	5	5	4	1	0.964158	0.0365	3.23351e-07	3.35371e-07
285	3	3	66	106	20	1507	0.000236071	8.35138	2.03151e-08	8.60552e-05
286	2	1	8	8	8	0	0.951001	0.05024	4.29454e-07	4.51581e-07
287	3	1	3	3	3	0	0.981336	0.01884	1.66182e-07	1.69343e-07
288	4	3	122	256	50	5504	1.29114e-13	29.6781	3.96246e-17	0.000306896
289	3	1	68	236	17	11402	1.26482e-26	59.6323	7.83111e-30	0.000619146
290	3	0	0	0	0	0	1	-0	0	0
291	3	0	3	3	3	0	0.981336	0.01884	1.66182e-07	1.69343e-07
292	4	3	1	1	1	0	0.99374	0.00628	5.60942e-08	5.64476e-08
293	0	0	0	0	0	0	1	-0	0	0
294	3	3	35	35	22	18	0.732274	0.3116	2.14708e-06	2.93206e-06
295	1	1	4	4	4	0	0.975193	0.02512	2.20189e-07	2.2579e-07
296	2	0	3	3	2	1	0.976344	0.02394	2.17213e-07	2.22476e-07
297	1	0	0	0	0	0	1	-0	0	0
298	3	1	6	6	5	1	0.958122	0.04278	3.7541e-07	3.91819e-07
299	1	0	0	0	0	0	1	-0	0	0
300	2	1	40	64	11	1229	0.00126863	6.66982	8.74253e-08	6.89133e-05
301	1	1	3	3	3	0	0.981336	0.01884	1.66182e-07	1.69343e-07
302	0	0	0	0	0	0	1	-0	0	0
303	6	4	72	162	25	4409	6.20389e-11	23.5033	1.51008e-14	0.000243409
304	3	2	11	13	9	7	0.889283	0.11734	9.83326e-07	1.10575e-06
305	5	3	95	222	29	7965	5.66019e-19	42.0157	2.46635e-22	0.000435737
306	4	3	55	78	27	456	0.0598784	2.81544	1.71442e-06	2.86317e-05
307	7	5	129	272	22	6414	1.12661e-15	34.4196	4.01244e-19	0.00035615
308	3	1	1	1	1	0	0.99374	0.00628	5.60942e-08	5.64476e-08
309	5	3	71	249	10	23649	8.7231e-54	122.174	1.10836e-56	0.0012706
310	3	1	16	17	12	6	0.871656	0.13736	1.11433e-06	1.27841e-06
311	0	0	0	0	0	0	1	-0	0	0
312	3	2	96	272	21	25768	1.52955e-58	133.125	2.11765e-61	0.00138449
313	3	2	6	6	5	1	0.958122	0.04278	3.7541e-07	3.91819e-07
314	3	1	18	31	10	142	0.398966	0.91888	3.7083e-06	9.29479e-06
315	2	2	16	16	15	1	0.899802	0.10558	8.60476e-07	9.56295e-07
316	3	2	101	225	16	10377	2.52526e-24	54.3357	1.42441e-27	0.000564064
317	4	4	58	91	33	591	0.0277206	3.58558	1.01287e-06	3.65385e-05
318	3	2	38	93	12	2324	3.97121e-06	12.4364	5.11218e-10	0.000128731
319	2	1	3	3	2	1	0.976344	0.02394	2.17213e-07	2.22476e-07
320	1	0	0	0	0	0	1	-0	0	0
321	4	3	107	223	45	4808	5.52775e-12	25.9212	1.48173e-15	0.000268052
322	1	0	0	0	0	0	1	-0	0	0
323	3	2	62	75	29	518	0.0444762	3.1128	1.41241e-06	3.17566e-05
324	1	1	3	3	3	0	0.981336	0.01884	1.66182e-07	1.69343e-07
325	3	1	29	36	22	45	0.63408	0.45558	2.8046e-06	4.42311e-06
326	1	0	0	0	0	0	1	-0	0	0
327	1	1	123	279	23	10980	8.30695e-26	57.7501	4.97712e-29	0.000599151
328	1	1	92	208	6	9018	2.87556e-21	47.298	1.4116e-24	0.000490896
329	2	1	15	15	7	14	0.847385	0.1656	1.34783e-06	1.59058e-06
330	7	7	313	729	93	63308	6.17648e-143	327.449	2.10303e-145	0.00340491
331	3	2	58	82	27	666	0.0200093	3.91156	8.00679e-07	4.00154e-05
332	6	4	121	379	36	22369	2.63747e-51	116.462	3.19115e-54	0.00120993
333	3	2	71	125	32	2432	1.87257e-06	13.1882	2.55186e-10	0.000136276
334	4	3	74	106	32	821	0.00780664	4.85278	3.87255e-07	4.96058e-05
335	4	4	254	748	45	47588	3.60727e-108	247.396	9.27329e-111	0.00257073
336	9	6	92	226	41	5459	1.96094e-13	29.2602	5.93796e-17	0.000302811
337	3	1	4	4	2	2	0.965296	0.03532	3.20533e-07	3.32057e-07
338	2	1	2	2	2	0	0.987519	0.01256	1.11486e-07	1.12895e-07
339	2	2	5	5	3	3	0.954374	0.0467	4.21487e-07	4.41638e-07
340	6	3	187	443	56	13032	8.45618e-31	69.2452	6.06679e-34	0.000717438
341	4	3	54	72	36	343	0.110642	2.20146	2.46608e-06	2.22889e-05
342	3	2	36	40	19	128	0.404947	0.904	3.66839e-06	9.05895e-06
343	3	2	14	14	11	4	0.89734	0.10832	8.99852e-07	1.0028e-06
344	5	4	104	311	34	14312	2.83213e-33	74.9443	2.20339e-36	0.000777998
345	0	0	0	0	0	0	1	-0	0	0
346	6	3	2	2	2	0	0.987519	0.01256	1.11486e-07	1.12895e-07
347	1	0	0	0	0	0	1	-0	0	0
348	2	1	2	2	2	0	0.987519	0.01256	1.11486e-07	1.12895e-07
349	3	1	85	217	14	13220	1.34017e-30	68.7848	9.57776e-34	0.00071467
350	4	3	64	119	15	2115	9.79322e-06	11.5338	1.16631e-09	0.000119094
351	2	2	86	206	33	6366	2.17819e-15	33.7603	7.62094e-19	0.000349874
352	2	0	1	1	1	0	0.99374	0.00628	5.60942e-08	5.64476e-08
353	1	0	0	0	0	0	1	-0	0	0
354	0	0	0	0	0	0	1	-0	0	0
355	1	0	0	0	0	0	1	-0	0	0
356	3	1	38	80	15	1169	0.00155808	6.4643	1.03813e-07	6.66285e-05
357	5	1	31	39	17	62	0.57057	0.56112	3.13569e-06	5.49571e-06
358	2	1	31	55	9	499	0.0555595	2.8903	1.64557e-06	2.96181e-05
359	9	8	271	684	56	36982	1.67101e-84	192.904	3.348e-87	0.00200358
360	5	2	3	3	3	0	0.981336	0.01884	1.66182e-07	1.69343e-07
361	5	3	61	95	35	1029	0.00289578	5.8445	1.73853e-07	6.00366e-05
362	3	2	19	33	8	278	0.196904	1.62504	3.27526e-06	1.66338e-05
363	0	0	0	0	0	0	1	-0	0	0
364	4	3	46	115	14	4062	4.89126e-10	21.4384	1.08742e-13	0.000222319
365	3	2	80	215	15	7204	2.86723e-17	38.0906	1.13229e-20	0.000394908
366	3	2	1	1	1	0	0.99374	0.00628	5.60942e-08	5.64476e-08
367	2	2	4	4	3	1	0.970232	0.03022	2.70621e-07	2.78924e-07
368	5	3	153	405	42	10439	5.94367e-25	55.7823	3.43258e-28	0.000577519
369	4	3	43	66	12	1145	0.00192279	6.25398	1.24141e-07	6.45631e-05
370	3	1	5	5	5	0	0.969088	0.0314	2.73513e-07	2.82238e-07
371	3	1	68	172	13	7440	1.12726e-17	39.0242	4.56561e-21	0.00040502
372	1	1	67	115	17	2105	1.05678e-05	11.4577	1.25056e-09	0.000118337
373	5	4	128	307	36	9044	1.35246e-21	48.0524	6.73345e-25	0.000497866
374	2	1	14	14	8	12	0.861466	0.14912	1.23006e-06	1.42786e-06
375	5	4	70	166	37	7275	2.71547e-17	38.145	1.0751e-20	0.000395914
376	2	0	3	3	2	1	0.976344	0.02394	2.17213e-07	2.22476e-07
377	2	1	28	45	14	273	0.187327	1.6749	3.19308e-06	1.70455e-05
378	3	2	14	15	9	12	0.856073	0.1554	1.27068e-06	1.48431e-06
379	3	2	70	124	27	2088	1.08916e-05	11.4275	1.28457e-09	0.000117942
380	1	1	2	2	2	0	0.987519	0.01256	1.11486e-07	1.12895e-07
381	1	1	98	222	31	6358	2.052e-15	33.82	7.18924e-19	0.000350352
382	1	0	0	0	0	0	1	-0	0	0
383	4	3	46	49	30	43	0.590362	0.52702	2.98172e-06	5.05066e-06
384	5	3	13	14	12	2	0.90654	0.09812	8.12743e-07	8.96533e-07
385	3	1	107	282	19	15554	6.02974e-36	81.0964	5.07916e-39	0.000842352
386	4	4	147	370	36	19811	1.29257e-45	103.36	1.38758e-48	0.00107351
387	7	7	254	522	84	10392	3.62287e-25	56.2774	2.10716e-28	0.000581626
388	6	5	190	465	44	26268	3.55411e-60	136.887	5.05377e-63	0.00142195
389	5	4	126	270	55	7048	4.49761e-17	37.6404	1.75283e-20	0.000389724
390	2	0	0	0	0	0	1	-0	0	0
391	2	2	5	5	3	3	0.954374	0.0467	4.21487e-07	4.41638e-07
392	4	4	118	245	40	7979	4.56134e-19	42.2315	1.99686e-22	0.000437779
393	4	2	28	32	21	26	0.716369	0.33356	2.28363e-06	3.18779e-06
394	4	3	1	1	1	0	0.99374	0.00628	5.60942e-08	5.64476e-08
395	3	2	31	55	16	669	0.0233467	3.7573	9.02367e-07	3.86507e-05
396	2	0	5	5	5	0	0.969088	0.0314	2.73513e-07	2.82238e-07
397	5	3	118	291	34	15876	1.10294e-36	82.7951	9.48498e-40	0.000859969
398	4	3	118	282	33	7841	7.30864e-19	41.7601	3.16125e-22	0.000432536
399	1	1	3	3	3	0	0.981336	0.01884	1.66182e-07	1.69343e-07
400	2	1	74	178	22	2445	1.2563e-06	13.5873	1.7583e-10	0.000139958
401	3	2	13	13	13	0	0.921604	0.08164	6.7629e-07	7.33819e-07
402	6	2	5	5	4	1	0.964158	0.0365	3.23351e-07	3.35371e-07
403	2	1	35	59	15	390	0.0944656	2.35952	2.27212e-06	2.40524e-05
404	3	2	11	11	10	1	0.928505	0.07418	6.25865e-07	6.74057e-07
405	2	0	0	0	0	0	1	-0	0	0
406	0	0	0	0	0	0	1	-0	0	0
407	1	1	27	42	14	138	0.380009	0.96756	3.6873e-06	9.70318e-06
408	1	1	46	147	15	7651	4.49638e-18	39.9433	1.86519e-21	0.00041482
409	3	2	87	197	27	4535	2.61896e-11	24.3657	6.60185e-15	0.000252079
410	2	1	4	4	3	1	0.970232	0.03022	2.70621e-07	2.78924e-07
411	3	1	15	47	6	821	0.0113078	4.48226	5.23274e-07	4.62754e-05
412	4	3	100	164	36	2678	4.18027e-07	14.6877	6.33512e-11	0.000151548
413	3	2	12	12	12	0	0.92741	0.07536	6.28201e-07	6.77371e-07
414	4	3	100	230	26	3974	3.72122e-10	21.7118	8.34052e-14	0.000224134
415	0	0	0	0	0	0	1	-0	0	0
416	6	3	122	327	25	26035	2.77447e-59	134.832	3.8892e-62	0.00140178
417	4	2	23	24	16	11	0.813166	0.20682	1.5769e-06	1.93921e-06
418	5	4	111	255	39	16312	1.49638e-37	84.7926	1.31846e-40	0.000881103
419	2	1	19	56	9	1128	0.00223284	6.10448	1.40882e-07	6.30953e-05
420	4	3	72	212	27	10881	2.09629e-25	56.8245	1.23704e-28	0.000590109
421	5	3	79	203	26	8453	5.29394e-20	44.3851	2.43835e-23	0.000460594
422	5	2	22	22	18	5	0.849031	0.16366	1.27992e-06	1.50751e-06
423	4	3	239	619	62	43994	7.40229e-100	228.257	1.75618e-102	0.00237248
424	0	0	0	0	0	0	1	-0	0	0
425	9	9	391	1149	77	57001	4.11748e-130	297.921	1.27374e-132	0.0030935
426	2	0	0	0	0	0	1	-0	0	0
427	4	4	46	70	29	255	0.175503	1.7401	3.07135e-06	1.75003e-05
428	2	1	68	168	11	9355	6.62819e-22	48.7655	3.35747e-25	0.000506544
429	2	1	13	30	7	144	0.397405	0.9228	3.71359e-06	9.34461e-06
430	3	2	7	7	7	0	0.956992	0.04396	3.78139e-07	3.95133e-07
431	6	4	41	66	26	345	0.113724	2.17398	2.50835e-06	2.20565e-05
432	2	0	0	0	0	0	1	-0	0	0
433	1	1	0	0	0	0	1	-0	0	0
434	1	1	1	1	1	0	0.99374	0.00628	5.60942e-08	5.64476e-08
435	1	1	73	139	29	2649	5.67049e-07	14.3828	8.42613e-11	0.000148596
436	4	3	113	205	45	4898	3.91111e-12	26.2672	1.06311e-15	0.000271818
437	4	3	68	149	17	4341	9.52211e-11	23.0748	2.27637e-14	0.000239062
438	3	0	2	2	2	0	0.987519	0.01256	1.11486e-07	1.12895e-07
439	6	4	281	663	72	26784	7.37603e-62	140.762	1.0773e-64	0.00146054
440	3	1	3	3	2	1	0.976344	0.02394	2.17213e-07	2.22476e-07
441	4	3	7	7	6	1	0.952124	0.04906	4.26805e-07	4.48266e-07
442	2	1	5	5	5	0	0.969088	0.0314	2.73513e-07	2.82238e-07
443	3	1	3	3	3	0	0.981336	0.01884	1.66182e-07	1.69343e-07
444	5	3	68	190	29	7607	4.29577e-18	39.9889	1.78236e-21	0.000414909
445	6	5	92	159	31	1695	6.48768e-05	9.64302	6.42514e-09	9.90359e-05
446	6	4	12	13	11	3	0.90761	0.09694	8.10694e-07	8.93218e-07
447	4	2	25	25	19	10	0.812207	0.208	1.57773e-06	1.94252e-06
448	2	1	22	22	19	3	0.857735	0.15346	1.2019e-06	1.40125e-06
449	6	5	120	188	52	3477	6.10999e-09	18.9133	1.19363e-12	0.000195356
450	5	2	71	190	27	4098	2.54175e-10	22.093	5.807e-14	0.000228465
451	1	1	98	276	24	9527	1.39919e-22	50.321	7.30068e-26	0.00052178
452	4	3	93	172	25	2599	5.94788e-07	14.3351	8.7911e-11	0.000147802
453	2	1	4	4	3	1	0.970232	0.03022	2.70621e-07	2.78924e-07
454	4	4	81	151	26	2578	7.55353e-07	14.0961	1.09905e-10	0.000145501
455	3	1	13	15	9	21	0.817667	0.2013	1.60468e-06	1.96251e-06
456	4	4	31	41	16	197	0.283036	1.26218	3.61765e-06	1.27816e-05
457	2	1	34	103	10	2218	6.40367e-06	11.9586	7.919e-10	0.000123664
458	6	4	68	201	27	11900	1.24299e-27	61.9523	8.00025e-31	0.000643631
459	3	2	40	44	24	36	0.631334	0.45992	2.77565e-06	4.39649e-06
460	1	1	45	132	7	5025	3.23672e-12	26.4565	8.88304e-16	0.000274445
461	1	0	0	0	0	0	1	-0	0	0
462	1	1	0	0	0	0	1	-0	0	0
463	4	3	51	112	21	2716	4.77377e-07	14.555	7.19082e-11	0.000150632
464	6	5	182	472	53	17563	6.49173e-41	92.5355	6.2309e-44	0.000959822
465	4	3	224	489	45	12004	1.19849e-28	64.2913	7.97492e-32	0.000665414
466	5	4	182	396	83	5370	1.06155e-13	29.8739	3.26615e-17	0.000307679
467	0	0	0	0	0	0	1	-0	0	0
468	4	4	234	532	42	25456	1.46723e-58	133.167	2.02857e-61	0.00138259
469	3	3	83	335	12	22151	1.05692e-50	115.074	1.26393e-53	0.00119586
470	4	4	50	114	15	2909	1.76169e-07	15.5518	2.83632e-11	0.000161
471	2	1	14	14	11	4	0.89734	0.10832	8.99852e-07	1.0028e-06
472	2	1	114	241	31	8852	5.44995e-21	46.6587	2.63744e-24	0.000483939
473	3	1	16	17	12	5	0.876113	0.13226	1.07348e-06	1.22528e-06
474	5	3	55	115	19	2822	2.72835e-07	15.1144	4.26804e-11	0.000156433
475	4	3	143	509	33	38072	1.93208e-86	197.364	3.9639e-89	0.00205162
476	0	0	0	0	0	0	1	-0	0	0
477	5	3	330	827	67	49580	8.50416e-113	258.052	2.27999e-115	0.00268103
478	3	2	7	7	6	1	0.952124	0.04906	4.26805e-07	4.48266e-07
479	5	2	45	96	22	1849	4.39358e-05	10.0328	4.55449e-09	0.000103662
480	2	1	22	22	18	5	0.849031	0.16366	1.27992e-06	1.50751e-06
481	2	1	3	3	3	0	0.981336	0.01884	1.66182e-07	1.69343e-07
482	3	3	17	19	16	3	0.874048	0.13462	1.07674e-06	1.2319e-06
483	4	4	115	354	40	6815	8.70874e-17	36.9796	3.32748e-20	0.000382085
484	3	1	14	16	10	9	0.863829	0.14638	1.19326e-06	1.38136e-06
485	1	1	9	9	4	11	0.89349	0.11262	9.76132e-07	1.09249e-06
486	2	1	47	134	15	3119	5.32419e-08	16.7484	9.2261e-12	0.000173286
487	1	1	6	6	5	1	0.958122	0.04278	3.7541e-07	3.91819e-07
488	1	1	13	29	6	254	0.228203	1.47752	3.45335e-06	1.51328e-05
489	1	0	0	0	0	0	1	-0	0	0
490	4	3	63	122	24	2064	1.24653e-05	11.2926	1.45288e-09	0.000116554
491	2	1	5	6	4	3	0.948399	0.05298	4.72383e-07	4.98085e-07
492	5	5	53	91	35	962	0.00417901	5.47768	2.35073e-07	5.62509e-05
493	7	6	75	166	32	4133	2.47211e-10	22.1208	5.66038e-14	0.00022897
494	2	1	2	2	1	1	0.982495	0.01766	1.63122e-07	1.66028e-07
495	5	3	157	282	58	10423	1.39624e-24	54.9283	7.95473e-28	0.000569726
496	3	2	2	2	2	0	0.987519	0.01256	1.11486e-07	1.12895e-07
497	4	4	117	259	29	6407	1.26688e-15	34.3022	4.49798e-19	0.000355044
498	3	1	57	81	32	616	0.0259839	3.65028	9.69258e-07	3.73023e-05
499	5	3	26	30	11	63	0.600676	0.5097	3.0279e-06	5.04082e-06
500	2	2	3	3	3	0	0.981336	0.01884	1.66182e-07	1.69343e-07
501	6	5	164	389	46	13360	2.22825e-31	70.5789	1.63067e-34	0.000731818
502	3	2	26	34	13	106	0.470424	0.75412	3.55233e-06	7.55134e-06
503	1	1	1	1	1	0	0.99374	0.00628	5.60942e-08	5.64476e-08
504	3	3	70	166	21	3886	8.71261e-10	20.8611	1.88058e-13	0.000215846
505	2	1	62	141	11	6662	7.24044e-16	34.8617	2.62055e-19	0.000361932
506	5	4	57	68	31	257	0.175918	1.73774	3.07744e-06	1.74937e-05
507	3	1	50	211	8	16884	1.0669e-38	87.4335	9.69821e-42	0.000909011
508	6	3	101	268	33	6721	2.41385e-16	35.9601	8.98521e-20	0.000372236
509	2	1	0	0	0	0	1	-0	0	0
510	2	1	1	1	1	0	0.99374	0.00628	5.60942e-08	5.64476e-08
511	3	2	4	4	4	0	0.975193	0.02512	2.20189e-07	2.2579e-07
512	1	1	25	64	5	1116	0.00225745	6.09352	1.42015e-07	6.29093e-05
513	2	1	44	105	14	2819	2.94997e-07	15.0363	4.59339e-11	0.000155709
514	1	1	1	1	1	0	0.99374	0.00628	5.60942e-08	5.64476e-08
515	1	1	89	183	24	10910	2.16926e-25	56.7902	1.27989e-28	0.000590013
516	1	1	3	3	2	1	0.976344	0.02394	2.17213e-07	2.22476e-07
517	8	6	106	209	44	2856	1.27122e-07	15.8781	2.07903e-11	0.000163546
518	4	3	21	26	14	24	0.751503	0.28568	2.06125e-06	2.74283e-06
519	0	0	0	0	0	0	1	-0	0	0
520	6	3	12	12	12	0	0.92741	0.07536	6.28201e-07	6.77371e-07
521	3	2	80	164	27	3241	2.36709e-08	17.559	4.29537e-12	0.000181462
522	7	5	71	149	42	2000	1.4582e-05	11.1357	1.67223e-09	0.000114677
523	3	1	11	12	11	1	0.922692	0.08046	6.7403e-07	7.30504e-07
524	3	1	6	6	3	4	0.943574	0.05808	5.20116e-07	5.51218e-07
525	3	2	1	1	1	0	0.99374	0.00628	5.60942e-08	5.64476e-08
526	6	4	64	105	34	495	0.0414238	3.1839	1.335e-06	3.22279e-05
527	3	3	99	279	11	15407	1.30038e-35	80.3278	1.085e-38	0.000834372
528	0	0	0	0	0	0	1	-0	0	0
529	2	1	11	11	9	2	0.923781	0.07928	6.71764e-07	7.2719e-07
530	3	2	198	499	40	29870	3.01942e-68	155.471	4.87714e-71	0.00161526
531	3	2	130	333	32	11564	3.01065e-27	61.0676	1.90643e-30	0.000633229
532	2	1	0	0	0	0	1	-0	0	0
533	3	2	42	44	25	44	0.606094	0.50072	2.92232e-06	4.82156e-06
534	2	1	54	98	22	1263	0.000861582	7.05674	6.25846e-08	7.26391e-05
535	7	6	231	477	86	13398	1.05631e-31	71.3254	7.80403e-35	0.000738804
536	3	2	18	22	10	67	0.61887	0.47986	2.97167e-06	4.80177e-06
537	0	0	0	0	0	0	1	-0	0	0
538	2	0	0	0	0	0	1	-0	0	0
539	1	0	0	0	0	0	1	-0	0	0
540	3	3	86	209	22	7284	1.97986e-17	38.4609	7.89608e-21	0.00039882
541	1	1	1	1	1	0	0.99374	0.00628	5.60942e-08	5.64476e-08
542	1	1	6	6	5	1	0.958122	0.04278	3.7541e-07	3.91819e-07
543	1	1	0	0	0	0	1	-0	0	0
544	5	5	122	298	34	13246	7.05755e-31	69.426	5.08584e-34	0.000720624
545	8	4	109	225	50	3431	6.1237e-09	18.9111	1.19413e-12	0.000195001
546	2	1	0	0	0	0	1	-0	0	0
547	4	4	45	103	24	1728	7.79346e-05	9.45964	7.60862e-09	9.76283e-05
548	2	2	28	29	15	24	0.737477	0.30452	2.14766e-06	2.91218e-06
549	7	7	241	556	76	18600	1.93378e-43	98.3517	1.97181e-46	0.00101966
550	3	3	73	225	19	19710	5.37807e-45	101.934	5.70052e-48	0.00105996
551	6	5	156	396	55	13401	1.73006e-31	70.832	1.27054e-34	0.000734391
552	3	2	91	301	19	20467	7.02531e-47	106.272	7.75923e-50	0.00110447
553	2	0	0	0	0	0	1	-0	0	0
554	3	2	89	294	9	28490	1.24623e-64	147.145	1.90719e-67	0.00153036
555	1	1	16	22	8	70	0.609473	0.49516	3.0237e-06	4.96117e-06
556	3	2	27	52	12	460	0.0690752	2.67256	1.89104e-06	2.73765e-05
557	2	1	49	127	19	4779	1.17114e-11	25.1705	3.05775e-15	0.000261092
558	3	1	0	0	0	0	1	-0	0	0
559	5	3	15	15	14	1	0.905471	0.0993	8.14786e-07	8.99847e-07
560	3	2	37	51	20	140	0.355482	1.03428	3.66768e-06	1.03175e-05
561	2	1	0	0	0	0	1	-0	0	0
562	2	1	2	2	2	0	0.987519	0.01256	1.11486e-07	1.12895e-07
563	4	3	11	11	9	2	0.923781	0.07928	6.71764e-07	7.2719e-07
564	1	1	0	0	0	0	1	-0	0	0
565	3	2	2	2	2	0	0.987519	0.01256	1.11486e-07	1.12895e-07
566	1	0	0	0	0	0	1	-0	0	0
567	2	0	5	5	4	1	0.964158	0.0365	3.23351e-07	3.35371e-07
568	1	0	0	0	0	0	1	-0	0	0
569	1	1	9	10	7	3	0.924872	0.0781	6.69492e-07	7.23876e-07
570	1	1	0	0	0	0	1	-0	0	0
571	5	2	51	120	7	2206	6.11846e-06	12.0042	7.58601e-10	0.000123986
572	2	2	15	16	6	23	0.804302	0.21778	1.70932e-06	2.12523e-06
573	3	2	4	4	4	0	0.975193	0.02512	2.20189e-07	2.2579e-07
574	4	1	6	6	5	1	0.958122	0.04278	3.7541e-07	3.91819e-07
575	3	2	2	2	2	0	0.987519	0.01256	1.11486e-07	1.12895e-07
576	4	4	122	245	35	4852	3.84672e-12	26.2838	1.04489e-15	0.000271632
577	4	2	90	207	14	9619	1.34988e-22	50.3569	7.05678e-26	0.000522773
578	7	5	74	128	32	2391	2.26499e-06	12.9979	3.04113e-10	0.000134267
579	3	2	0	0	0	0	1	-0	0	0
580	0	0	0	0	0	0	1	-0	0	0
581	2	0	1	1	1	0	0.99374	0.00628	5.60942e-08	5.64476e-08
582	3	1	51	116	11	1887	3.19231e-05	10.3522	3.40972e-09	0.00010681
583	4	4	47	98	28	1292	0.00074313	7.20464	5.51253e-08	7.418e-05
584	3	2	78	223	26	7548	4.71756e-18	39.8952	1.95136e-21	0.000413637
585	3	2	6	6	5	1	0.958122	0.04278	3.7541e-07	3.91819e-07
586	2	1	1	1	1	0	0.99374	0.00628	5.60942e-08	5.64476e-08
587	3	3	6	7	6	1	0.952124	0.04906	4.26805e-07	4.48266e-07
588	6	4	276	589	52	16975	6.24627e-40	90.2714	5.84141e-43	0.000935184
589	0	0	0	0	0	0	1	-0	0	0
590	2	1	25	62	14	952	0.00527614	5.24456	2.85347e-07	5.40826e-05
591	1	1	5	5	4	1	0.964158	0.0365	3.23351e-07	3.35371e-07
592	4	3	20	21	14	14	0.81605	0.20328	1.57438e-06	1.92926e-06
593	1	0	0	0	0	0	1	-0	0	0
594	2	0	1	1	1	0	0.99374	0.00628	5.60942e-08	5.64476e-08
595	1	0	0	0	0	0	1	-0	0	0
596	1	1	14	14	11	3	0.901929	0.10322	8.56531e-07	9.49666e-07
597	1	0	1	1	1	0	0.99374	0.00628	5.60942e-08	5.64476e-08
598	2	1	14	20	10	46	0.697537	0.3602	2.49235e-06	3.57308e-06
599	6	6	160	368	53	14390	1.33012e-33	75.7	1.04462e-36	0.000785359
600	2	1	1	1	1	0	0.99374	0.00628	5.60942e-08	5.64476e-08
601	8	6	131	306	32	9505	1.29653e-22	50.3972	6.77183e-26	0.000522304
602	5	3	37	65	20	739	0.0153429	4.1771	6.58742e-07	4.29345e-05
603	4	2	16	16	14	3	0.890671	0.11578	9.46393e-07	1.06256e-06
604	3	2	99	238	20	5338	3.37085e-13	28.7184	1.00134e-16	0.00029706
605	2	1	132	320	29	14518	9.36045e-34	76.0514	7.38962e-37	0.000789451
606	5	4	106	295	30	16594	2.76277e-38	86.482	2.48192e-41	0.000898344
607	1	1	5	5	4	1	0.964158	0.0365	3.23351e-07	3.35371e-07
608	3	3	41	50	21	240	0.21481	1.538	3.34553e-06	1.55743e-05
609	2	0	0	0	0	0	1	-0	0	0
610	2	1	78	162	13	5681	9.44732e-14	29.9905	2.93806e-17	0.000310994
611	4	4	78	157	31	3619	3.5981e-09	19.4429	7.23763e-13	0.000201151
612	4	4	138	319	33	7667	1.40707e-18	41.105	5.98539e-22	0.000425379
613	3	2	49	53	28	68	0.506799	0.67964	3.3473e-06	6.60478e-06
614	3	2	42	127	13	2552	1.00275e-06	13.8128	1.43158e-10	0.000142765
615	5	1	4	4	3	1	0.970232	0.03022	2.70621e-07	2.78924e-07
616	1	0	0	0	0	0	1	-0	0	0
617	4	4	58	123	26	2779	3.23088e-07	14.9453	4.99495e-11	0.0001546
618	1	1	2	2	1	1	0.982495	0.01766	1.63122e-07	1.66028e-07
619	2	1	34	75	15	972	0.00439099	5.4282	2.45364e-07	5.5879e-05
620	1	1	94	212	17	7270	2.08671e-17	38.4084	8.31021e-21	0.000398245
621	3	2	4	4	4	0	0.975193	0.02512	2.20189e-07	2.2579e-07
622	1	0	0	0	0	0	1	-0	0	0
623	1	1	15	59	6	699	0.0195375	3.93542	7.90692e-07	4.04705e-05
624	1	0	0	0	0	0	1	-0	0	0
625	3	2	16	16	10	10	0.859435	0.15148	1.23285e-06	1.43449e-06
626	6	3	41	42	26	24	0.679662	0.38616	2.47804e-06	3.646e-06
627	3	2	6	6	5	1	0.958122	0.04278	3.7541e-07	3.91819e-07
628	5	4	63	64	40	71	0.46579	0.76402	3.43991e-06	7.3851e-06
629	2	1	5	5	5	0	0.969088	0.0314	2.73513e-07	2.82238e-07
630	8	5	92	170	35	4953	3.68077e-12	26.3279	1.00398e-15	0.000272765
631	4	4	198	513	25	29860	2.90998e-68	155.508	4.70112e-71	0.00161551
632	0	0	0	0	0	0	1	-0	0	0
633	3	3	31	82	14	1238	0.0010822	6.82876	7.61951e-08	7.04076e-05
634	4	3	139	329	51	7231	1.22107e-17	38.9442	4.91819e-21	0.000402777
635	6	4	78	102	38	383	0.074731	2.59386	1.95105e-06	2.61077e-05
636	4	2	99	307	25	14049	1.11056e-32	73.5779	8.48242e-36	0.000763798
637	3	2	8	8	4	10	0.903716	0.10124	8.88274e-07	9.82913e-07
638	2	0	0	0	0	0	1	-0	0	0
639	4	3	79	237	32	6226	3.66129e-15	33.241	1.26016e-18	0.000344185
640	4	2	99	301	20	9740	4.03569e-23	51.5643	2.15711e-26	0.000534508
641	0	0	0	0	0	0	1	-0	0	0
642	3	3	2	2	2	0	0.987519	0.01256	1.11486e-07	1.12895e-07
643	1	1	0	0	0	0	1	-0	0	0
644	6	6	76	140	34	2127	8.07369e-06	11.7269	9.76246e-10	0.000120917
645	2	0	0	0	0	0	1	-0	0	0
646	3	1	38	92	18	1318	0.000675836	7.29956	5.08382e-08	7.52227e-05
647	2	1	1	1	1	0	0.99374	0.00628	5.60942e-08	5.64476e-08
648	2	2	52	84	28	743	0.0133422	4.31682	5.89988e-07	4.42196e-05
649	1	1	22	89	8	2602	9.86483e-07	13.8291	1.4134e-10	0.000143276
650	0	0	0	0	0	0	1	-0	0	0
651	3	1	124	267	28	6663	3.26514e-16	35.6581	1.20516e-19	0.000369098
652	2	2	71	132	9	3730	2.39003e-09	19.852	4.91481e-13	0.000205638
653	3	2	4	4	3	1	0.970232	0.03022	2.70621e-07	2.78924e-07
654	4	3	63	177	17	4265	1.17679e-10	22.8631	2.78434e-14	0.000236604
655	3	3	59	132	21	1944	2.15883e-05	10.7434	2.39073e-09	0.000110742
656	4	4	65	126	35	1341	0.000485476	7.63038	3.80439e-08	7.8364e-05
657	5	3	45	53	20	131	0.367534	1.00094	3.65776e-06	9.95217e-06
658	8	7	116	268	40	5359	2.50845e-13	29.0139	7.52207e-17	0.000299869
659	1	0	0	0	0	0	1	-0	0	0
660	4	3	243	721	44	46578	7.3768e-106	242.076	1.85566e-108	0.00251554
661	2	1	1	1	1	0	0.99374	0.00628	5.60942e-08	5.64476e-08
662	2	1	1	1	1	0	0.99374	0.00628	5.60942e-08	5.64476e-08
663	5	3	167	349	33	23911	1.22357e-54	124.138	1.57861e-57	0.00129017
664	6	4	376	1063	67	58589	2.14744e-133	305.48	6.81389e-136	0.00317302
665	5	4	212	454	58	13544	5.7962e-32	71.9255	4.3197e-35	0.000745263
666	3	3	55	120	12	2073	1.20566e-05	11.3259	1.40964e-09	0.000116919
667	2	1	36	47	12	348	0.126191	2.06996	2.6681e-06	2.11434e-05
668	1	1	42	80	15	1516	0.000265472	8.234	2.25826e-08	8.50657e-05
669	4	4	183	429	51	12086	1.14989e-28	64.3327	7.66265e-32	0.000666384
670	2	1	107	233	32	7267	1.85708e-17	38.5249	7.4148e-21	0.000399271
671	2	0	0	0	0	0	1	-0	0	0
672	3	2	95	215	35	6851	1.73509e-16	36.2903	6.52659e-20	0.000376152
673	4	3	39	82	20	795	0.0103636	4.56946	4.85736e-07	4.68696e-05
674	2	0	0	0	0	0	1	-0	0	0
675	2	1	53	95	16	1362	0.000529912	7.5428	4.119e-08	7.77299e-05
676	1	1	40	72	14	840	0.00877227	4.73616	4.27175e-07	4.86961e-05
677	1	1	0	0	0	0	1	-0	0	0
678	4	3	105	311	29	22166	1.13834e-50	115	1.36067e-53	0.00119531
679	5	3	101	297	20	20414	9.43984e-47	105.977	1.03973e-49	0.00110143
680	3	3	89	193	26	9970	2.46063e-23	52.059	1.3303e-26	0.000540632
681	2	1	58	146	15	7307	2.61527e-17	38.1826	1.03692e-20	0.000396486
682	3	2	46	96	21	1078	0.00224134	6.10068	1.40524e-07	6.26966e-05
683	5	4	68	120	45	820	0.00718615	4.9356	3.61772e-07	5.03429e-05
684	3	2	89	222	31	6649	4.65202e-16	35.3041	1.70177e-19	0.000365814
685	3	2	16	16	9	16	0.833535	0.18208	1.46143e-06	1.75329e-06
686	2	0	1	1	1	0	0.99374	0.00628	5.60942e-08	5.64476e-08
687	7	6	93	204	40	5044	1.86918e-12	27.0055	5.22472e-16	0.000279519
688	4	4	82	287	13	21213	1.70817e-48	109.989	1.95298e-51	0.00114332
689	4	4	231	603	66	19479	1.62676e-45	103.13	1.73904e-48	0.00106902
690	2	1	6	6	6	0	0.963021	0.03768	3.26161e-07	3.38686e-07
691	6	5	87	176	37	4892	4.83819e-12	26.0545	1.30565e-15	0.000269862
692	5	3	146	371	27	21884	3.29029e-50	113.938	3.89474e-53	0.00118371
693	0	0	0	0	0	0	1	-0	0	0
694	6	5	124	234	47	3574	2.79085e-09	19.6969	5.6684e-13	0.000203107
695	1	1	6	6	5	1	0.958122	0.04278	3.7541e-07	3.91819e-07
696	4	3	46	57	25	139	0.344087	1.06686	3.64837e-06	1.0603e-05
697	3	2	2	2	2	0	0.987519	0.01256	1.11486e-07	1.12895e-07
698	4	3	41	66	13	701	0.0185075	3.98958	7.58287e-07	4.09719e-05
699	2	1	18	29	11	70	0.583261	0.53912	3.12413e-06	5.3563e-06
700	2	2	74	147	16	3494	7.24786e-09	18.7426	1.40569e-12	0.000193945
701	3	3	19	30	10	107	0.479937	0.7341	3.5413e-06	7.37868e-06
702	0	0	0	0	0	0	1	-0	0	0
703	1	1	3	3	3	0	0.981336	0.01884	1.66182e-07	1.69343e-07
704	1	1	45	61	16	407	0.0855392	2.45878	2.14434e-06	2.50685e-05
705	2	2	141	326	29	12431	3.77948e-29	65.4454	2.56589e-32	0.000678901
706	6	2	36	83	20	886	0.00647478	5.03984	3.35142e-07	5.17612e-05
707	5	4	59	171	19	5928	2.53327e-14	31.3067	8.22366e-18	0.000324626
708	5	4	64	99	21	1189	0.00124874	6.68562	8.5868e-08	6.87637e-05
709	3	2	14	14	10	4	0.89734	0.10832	8.99852e-07	1.0028e-06
710	5	4	197	458	56	11193	9.10895e-27	59.9605	5.65277e-30	0.000620573
711	1	1	14	14	6	13	0.857083	0.15422	1.26934e-06	1.481e-06
712	6	5	40	63	26	475	0.0597169	2.81814	1.71952e-06	2.87945e-05
713	2	2	7	7	4	4	0.937667	0.06436	5.69789e-07	6.07666e-07
714	3	2	93	193	34	7545	5.7834e-18	39.6915	2.38151e-21	0.000411784
715	3	2	8	8	7	1	0.946163	0.05534	4.77542e-07	5.04714e-07
716	4	3	6	6	6	0	0.963021	0.03768	3.26161e-07	3.38686e-07
717	4	4	77	130	29	2034	1.38144e-05	11.1898	1.59433e-09	0.000115411
718	4	1	8	8	8	0	0.951001	0.05024	4.29454e-07	4.51581e-07
719	2	1	6	6	5	1	0.958122	0.04278	3.7541e-07	3.91819e-07
720	1	1	98	195	31	4454	4.00858e-11	23.94	9.92774e-15	0.000247663
721	8	7	324	777	66	35258	6.13514e-81	184.695	1.17625e-83	0.00191723
722	2	1	1	1	1	0	0.99374	0.00628	5.60942e-08	5.64476e-08
723	3	2	2	2	2	0	0.987519	0.01256	1.11486e-07	1.12895e-07
724	2	1	43	67	24	331	0.121376	2.10886	2.5937e-06	2.13691e-05
725	5	4	49	108	10	2822	2.85096e-07	15.0704	4.44859e-11	0.000156038
726	3	3	56	105	27	1630	0.000126863	8.9724	1.17392e-08	9.25341e-05
727	4	4	36	56	20	533	0.0464221	3.06998	1.46142e-06	3.14811e-05
728	2	2	25	55	11	654	0.0252028	3.6808	9.5402e-07	3.78537e-05
729	1	0	1	1	1	0	0.99374	0.00628	5.60942e-08	5.64476e-08
730	1	1	3	3	3	0	0.981336	0.01884	1.66182e-07	1.69343e-07
731	1	1	0	0	0	0	1	-0	0	0
732	4	4	168	427	39	20844	4.65585e-48	108.986	5.26861e-51	0.00113161
733	2	2	14	14	10	4	0.89734	0.10832	8.99852e-07	1.0028e-06
734	5	3	9	10	5	8	0.901586	0.1036	8.92157e-07	9.89542e-07
735	6	6	31	56	20	533	0.0464221	3.06998	1.46142e-06	3.14811e-05
736	5	4	98	268	23	9182	8.54744e-22	48.5112	4.29934e-25	0.000502997
737	4	4	152	297	57	3850	4.59832e-10	21.5002	1.01774e-13	0.000221328
738	2	1	2	2	2	0	0.987519	0.01256	1.11486e-07	1.12895e-07
739	5	4	23	23	17	8	0.830905	0.18524	1.43195e-06	1.72336e-06
740	3	2	121	229	42	7204	2.62591e-17	38.1785	1.03907e-20	0.000395698
741	6	3	100	255	24	6416	1.24082e-15	34.323	4.40861e-19	0.000355297
742	2	1	0	0	0	0	1	-0	0	0
743	2	1	4	4	3	1	0.970232	0.03022	2.70621e-07	2.78924e-07
744	3	2	5	5	4	1	0.964158	0.0365	3.23351e-07	3.35371e-07
745	0	0	0	0	0	0	1	-0	0	0
746	3	3	39	40	30	12	0.731689	0.3124	2.11861e-06	2.8955e-06
747	2	1	7	7	5	2	0.947281	0.05416	4.74966e-07	5.014e-07
748	5	4	226	515	50	17258	2.34762e-40	91.25	2.22095e-43	0.000946043
749	3	3	121	263	48	4366	4.09676e-11	23.9182	1.01118e-14	0.000246825
750	8	7	116	189	48	1860	2.31638e-05	10.6729	2.53635e-09	0.000109496
751	2	0	0	0	0	0	1	-0	0	0
752	2	2	129	378	27	13419	1.7672e-31	70.8107	1.29771e-34	0.000734332
753	3	2	54	178	9	9166	1.63207e-21	47.8644	8.11246e-25	0.000497067
754	0	0	0	0	0	0	1	-0	0	0
755	2	1	66	136	16	1989	1.67355e-05	10.998	1.89711e-09	0.000113359
756	1	1	43	137	5	4567	3.2426e-11	24.1521	8.11924e-15	0.000250393
757	1	1	3	3	2	1	0.976344	0.02394	2.17213e-07	2.22476e-07
758	1	0	0	0	0	0	1	-0	0	0
759	4	3	149	314	52	5098	7.11273e-13	27.9717	2.05272e-16	0.000288598
760	4	4	126	349	28	16045	3.23629e-37	84.0212	2.82277e-40	0.000872222
761	4	4	63	94	41	690	0.0164189	4.10932	6.8907e-07	4.1968e-05
762	2	1	18	20	9	27	0.768511	0.2633	1.97012e-06	2.56355e-06
763	0	0	0	0	0	0	1	-0	0	0
764	6	4	146	351	35	13046	1.40308e-30	68.7389	1.00038e-33	0.000712989
765	2	1	1	1	1	0	0.99374	0.00628	5.60942e-08	5.64476e-08
766	4	4	15	15	14	1	0.905471	0.0993	8.14786e-07	8.99847e-07
767	3	2	133	364	20	23543	7.2745e-54	122.355	9.24925e-57	0.00127146
768	6	3	18	18	12	9	0.853048	0.15894	1.27467e-06	1.49426e-06
769	3	3	10	10	7	4	0.920167	0.0832	7.14978e-07	7.77009e-07
770	5	2	2	2	2	0	0.987519	0.01256	1.11486e-07	1.12895e-07
771	2	0	2	2	1	1	0.982495	0.01766	1.63122e-07	1.66028e-07
772	1	0	0	0	0	0	1	-0	0	0
773	3	2	4	6	3	6	0.933999	0.06828	6.1409e-07	6.57485e-07
774	2	1	3	3	3	0	0.981336	0.01884	1.66182e-07	1.69343e-07
775	3	2	21	28	13	60	0.617646	0.48184	2.94526e-06	4.76852e-06
776	2	2	72	120	36	795	0.00816336	4.8081	4.00124e-07	4.90146e-05
777	8	6	151	392	48	20437	4.62298e-47	106.69	5.12231e-50	0.00110801
778	3	2	54	121	10	1418	0.000338265	7.99168	2.77963e-08	8.2173e-05
779	7	6	224	446	51	17294	3.01356e-40	91.0003	2.84499e-43	0.000944061
780	2	1	41	52	22	123	0.385251	0.95386	3.64858e-06	9.47066e-06
781	1	1	4	4	4	0	0.975193	0.02512	2.20189e-07	2.2579e-07
782	3	2	35	63	12	795	0.0116769	4.45014	5.3477e-07	4.57971e-05
783	1	1	0	0	0	0	1	-0	0	0
784	1	1	42	43	20	49	0.594556	0.51994	2.99108e-06	5.03077e-06
785	1	1	1	1	1	0	0.99374	0.00628	5.60942e-08	5.64476e-08
786	8	6	52	54	36	24	0.630325	0.46152	2.72513e-06	4.32337e-06
787	4	3	90	162	38	5403	3.89988e-13	28.5727	1.15524e-16	0.000296223
788	4	2	31	41	13	212	0.262192	1.33868	3.56019e-06	1.35786e-05
789	5	3	182	415	27	13581	6.1314e-32	71.8693	4.56806e-35	0.000745028
790	2	1	48	92	12	1251	0.00095113	6.95786	6.81606e-08	7.16628e-05
791	6	4	140	251	45	5994	1.09473e-14	32.1457	3.64162e-18	0.000332649
792	3	1	3	3	3	0	0.981336	0.01884	1.66182e-07	1.69343e-07
793	6	6	51	79	25	840	0.00839499	4.78012	4.12121e-07	4.90912e-05
794	3	3	40	72	18	841	0.00872764	4.74126	4.25466e-07	4.87492e-05
795	2	0	0	0	0	0	1	-0	0	0
796	3	3	12	13	10	3	0.90761	0.09694	8.10694e-07	8.93218e-07
797	6	3	26	35	18	96	0.491939	0.7094	3.48119e-06	7.07645e-06
798	3	2	9	10	8	2	0.929601	0.073	6.23523e-07	6.70742e-07
799	2	1	4	4	4	0	0.975193	0.02512	2.20189e-07	2.2579e-07
800	2	1	24	38	11	281	0.18792	1.67174	3.20881e-06	1.70754e-05
801	3	1	1	1	1	0	0.99374	0.00628	5.60942e-08	5.64476e-08
802	3	2	19	65	12	1431	0.000449983	7.7063	3.58649e-08	7.97027e-05
803	2	1	14	14	12	3	0.901929	0.10322	8.56531e-07	9.49666e-07
804	2	2	22	23	18	7	0.835153	0.18014	1.3949e-06	1.67023e-06
805	4	4	196	341	71	5480	8.55667e-14	30.0895	2.65615e-17	0.000310419
806	0	0	0	0	0	0	1	-0	0	0
807	3	2	48	95	23	582	0.0283026	3.5648	1.02699e-06	3.6286e-05
808	1	0	0	0	0	0	1	-0	0	0
809	2	2	1	1	1	0	0.99374	0.00628	5.60942e-08	5.64476e-08
810	1	1	0	0	0	0	1	-0	0	0
811	1	1	39	92	14	2712	5.52418e-07	14.409	8.24708e-11	0.00014929
812	1	1	6	6	4	3	0.948399	0.05298	4.72383e-07	4.98085e-07
813	5	5	218	552	43	25344	2.29097e-58	132.721	3.15642e-61	0.00137777
814	2	1	0	0	0	0	1	-0	0	0
815	0	0	0	0	0	0	1	-0	0	0
816	5	5	48	68	31	368	0.0998746	2.30384	2.33621e-06	2.33915e-05
817	3	3	38	43	32	17	0.699954	0.35674	2.33121e-06	3.33051e-06
818	5	3	38	105	15	3745	2.62312e-09	19.7589	5.37506e-13	0.000204911
819	2	1	0	0	0	0	1	-0	0	0
820	6	5	189	413	76	6554	2.27578e-16	36.019	8.4556e-20	0.000371548
821	3	2	66	153	26	4361	8.38543e-11	23.2019	2.01544e-14	0.00024035
822	4	3	75	223	13	19740	4.67341e-45	102.074	4.96053e-48	0.00106144
823	3	2	107	259	36	5442	1.73826e-13	29.3807	5.28033e-17	0.000303771
824	0	0	0	0	0	0	1	-0	0	0
825	4	4	153	410	33	13835	1.73225e-32	73.1333	1.31347e-35	0.000758241
826	2	1	16	18	12	10	0.848708	0.16404	1.31328e-06	1.54739e-06
827	3	3	6	6	5	1	0.958122	0.04278	3.7541e-07	3.91819e-07
828	2	1	11	21	6	93	0.54543	0.60618	3.34174e-06	6.12679e-06
829	3	3	44	97	15	1782	6.14455e-05	9.69736	6.15431e-09	0.000100159
830	4	3	79	130	32	2465	1.53359e-06	13.3879	2.12113e-10	0.000138312
831	3	3	68	156	18	7370	1.78116e-17	38.5667	7.13173e-21	0.000400398
832	2	2	70	182	28	8081	4.02714e-19	42.3561	1.7705e-22	0.000439643
833	1	1	20	44	5	742	0.0172401	4.06052	7.22505e-07	4.19085e-05
834	4	3	141	434	27	17675	4.65513e-41	92.868	4.48581e-44	0.000963628
835	1	0	0	0	0	0	1	-0	0	0
836	2	1	8	9	5	5	0.921254	0.08202	7.12769e-07	7.73694e-07
837	1	0	0	0	0	0	1	-0	0	0
838	1	1	7	8	6	3	0.936562	0.06554	5.72221e-07	6.1098e-07
839	1	1	1	1	1	0	0.99374	0.00628	5.60942e-08	5.64476e-08
840	5	3	15	16	12	7	0.872686	0.13618	1.11276e-06	1.27509e-06
841	7	7	372	1076	84	56608	4.83266e-129	295.458	1.4829e-131	0.0030685
842	2	0	0	0	0	0	1	-0	0	0
843	4	3	25	43	11	384	0.107696	2.22844	2.45875e-06	2.28304e-05
844	3	2	32	39	22	59	0.579367	0.54582	3.09168e-06	5.33632e-06
845	7	5	29	33	21	40	0.662828	0.41124	2.64342e-06	3.9881e-06
846	3	1	29	80	5	2146	1.06815e-05	11.447	1.26618e-09	0.00011854
847	4	2	2	2	2	0	0.987519	0.01256	1.11486e-07	1.12895e-07
848	6	4	10	10	7	3	0.924872	0.0781	6.69492e-07	7.23876e-07
849	6	3	45	139	18	6680	6.68885e-16	34.9409	2.42655e-19	0.000362776
850	3	2	14	14	12	2	0.90654	0.09812	8.12743e-07	8.96533e-07
851	2	0	2	2	2	0	0.987519	0.01256	1.11486e-07	1.12895e-07
852	2	2	51	91	19	1970	2.44598e-05	10.6185	2.68591e-09	0.000109809
853	4	3	16	16	15	1	0.899802	0.10558	8.60476e-07	9.56295e-07
854	4	3	16	17	15	2	0.889621	0.11696	9.48225e-07	1.06588e-06
855	3	2	77	185	19	5531	1.75717e-13	29.3699	5.34747e-17	0.000304323
856	3	1	19	23	14	30	0.742717	0.29744	2.14815e-06	2.89229e-06
857	2	1	0	0	0	0	1	-0	0	0
858	0	0	0	0	0	0	1	-0	0	0
859	4	3	220	560	34	50128	2.78018e-113	259.17	7.49278e-116	0.00269507
860	1	1	56	143	16	4289	1.28906e-10	22.7719	3.04166e-14	0.00023596
861	2	2	22	23	16	14	0.805864	0.21584	1.6457e-06	2.04216e-06
862	1	1	3	3	3	0	0.981336	0.01884	1.66182e-07	1.69343e-07
863	3	2	6	6	6	0	0.963021	0.03768	3.26161e-07	3.38686e-07
864	1	0	0	0	0	0	1	-0	0	0
865	1	1	0	0	0	0	1	-0	0	0
866	3	2	2	2	2	0	0.987519	0.01256	1.11486e-07	1.12895e-07
867	0	0	0	0	0	0	1	-0	0	0
868	7	6	71	74	51	40	0.512364	0.66872	3.22915e-06	6.30245e-06
869	3	1	8	8	7	1	0.946163	0.05534	4.77542e-07	5.04714e-07
870	6	4	32	68	8	1301	0.000856942	7.06214	6.25266e-08	7.29647e-05
871	2	0	0	0	0	0	1	-0	0	0
872	5	5	137	278	54	4067	1.71311e-10	22.4875	3.97074e-14	0.000231785
873	4	4	84	149	37	2241	4.26606e-06	12.3648	5.43847e-10	0.000127482
874	8	7	306	770	104	30313	5.74918e-70	159.432	9.50966e-73	0.00165409
875	3	2	22	64	10	1012	0.00383679	5.56312	2.20168e-07	5.73834e-05
876	0	0	0	0	0	0	1	-0	0	0
877	6	6	214	460	59	10215	1.31883e-24	54.9853	7.50045e-28	0.000568722
878	3	3	176	384	43	10920	5.83394e-26	58.1035	3.51139e-29	0.00060189
879	3	2	161	457	37	21337	3.12055e-49	111.689	3.61828e-52	0.0011595
880	2	2	29	51	7	685	0.0220646	3.81378	8.66589e-07	3.92751e-05
881	4	2	25	69	10	1025	0.00347966	5.66082	2.03061e-07	5.83564e-05
882	5	4	29	38	24	33	0.665684	0.40694	2.59511e-06	3.8984e-06
883	3	2	2	2	2	0	0.987519	0.01256	1.11486e-07	1.12895e-07
884	3	3	52	167	16	7373	1.63703e-17	38.6511	6.56742e-21	0.000401178
885	1	0	2	2	2	0	0.987519	0.01256	1.11486e-07	1.12895e-07
886	4	4	88	173	39	3628	3.10814e-09	19.5892	6.29501e-13	0.000202533
887	1	1	2	3	2	1	0.976344	0.02394	2.17213e-07	2.22476e-07
888	3	3	103	258	28	12324	9.99743e-29	64.4726	6.69205e-32	0.000669377
889	1	1	53	148	15	3563	5.06587e-09	19.1007	1.00136e-12	0.000197668
890	2	1	1	1	1	0	0.99374	0.00628	5.60942e-08	5.64476e-08
891	1	0	1	1	1	0	0.99374	0.00628	5.60942e-08	5.64476e-08
892	1	1	1	1	1	0	0.99374	0.00628	5.60942e-08	5.64476e-08
893	3	1	9	10	6	5	0.915486	0.0883	7.59984e-07	8.30142e-07
894	2	1	36	99	13	3656	4.28854e-09	19.2673	8.57036e-13	0.000199843
895	2	1	2	2	2	0	0.987519	0.01256	1.11486e-07	1.12895e-07
896	4	3	74	276	16	32142	1.13729e-72	165.657	1.95999e-75	0.00172339
897	3	3	59	73	30	290	0.144072	1.93744	2.81363e-06	1.95293e-05
898	3	2	53	91	24	1005	0.00335609	5.69698	1.9645e-07	5.85356e-05
899	5	3	7	9	7	3	0.930698	0.07182	6.21174e-07	6.67428e-07
900	4	4	173	414	66	12749	4.29621e-30	67.6198	3.01063e-33	0.000700764
901	7	6	119	347	28	10018	7.32346e-24	53.271	4.04164e-27	0.000551876
902	4	2	19	20	14	8	0.846707	0.1664	1.3158e-06	1.55402e-06
903	2	1	38	53	22	229	0.222965	1.50074	3.37998e-06	1.51592e-05
904	2	2	11	24	6	154	0.392146	0.93612	3.74e-06	9.53726e-06
905	5	3	37	51	21	150	0.337807	1.08528	3.66481e-06	1.08488e-05
906	6	4	62	157	23	4490	4.23539e-11	23.885	1.04796e-14	0.00024743
907	4	3	30	70	12	1437	0.000422932	7.7683	3.3963e-08	8.03037e-05
908	3	3	92	173	31	1541	0.000130317	8.94554	1.19427e-08	9.16437e-05
909	2	2	118	322	30	11690	1.69662e-27	61.6412	1.08465e-30	0.000639303
910	5	3	185	329	66	5734	2.52609e-14	31.3095	8.16525e-18	0.000323237
911	5	3	119	265	47	6224	3.1024e-15	33.4066	1.07237e-18	0.00034566
912	1	1	19	28	7	158	0.374696	0.98164	3.73781e-06	9.97558e-06
913	2	1	2	2	2	0	0.987519	0.01256	1.11486e-07	1.12895e-07
914	1	1	0	0	0	0	1	-0	0	0
915	4	1	40	81	18	1257	0.000988443	6.91938	7.05359e-08	7.13607e-05
916	1	1	23	59	7	1278	0.00101963	6.88832	7.26326e-08	7.12346e-05
917	2	2	44	113	11	3731	2.67922e-09	19.7377	5.48218e-13	0.000204619
918	1	1	11	12	10	2	0.917998	0.08556	7.19378e-07	7.83638e-07
919	0	0	0	0	0	0	1	-0	0	0
920	5	4	45	71	27	392	0.0867192	2.44508	2.15376e-06	2.4836e-05
921	3	1	2	2	2	0	0.987519	0.01256	1.11486e-07	1.12895e-07
922	3	1	79	171	16	4462	4.47433e-11	23.8301	1.10396e-14	0.000246733
923	2	1	30	41	11	307	0.161511	1.82318	3.00835e-06	1.86262e-05
924	3	2	5	5	5	0	0.969088	0.0314	2.73513e-07	2.82238e-07
925	5	4	103	212	29	7598	3.91718e-18	40.0812	1.62827e-21	0.000415673
926	3	2	1	1	1	0	0.99374	0.00628	5.60942e-08	5.64476e-08
927	4	2	12	12	9	3	0.913328	0.09066	7.64246e-07	8.36771e-07
928	0	0	0	0	0	0	1	-0	0	0
929	4	3	11	11	11	0	0.933252	0.06908	5.79478e-07	6.20924e-07
930	4	3	71	189	28	4241	1.23347e-10	22.816	2.91107e-14	0.000236006
931	4	2	60	151	16	8397	9.76419e-20	43.773	4.43961e-23	0.000454683
932	2	2	28	44	17	112	0.428476	0.84752	3.61403e-06	8.43461e-06
933	2	2	7	7	6	1	0.952124	0.04906	4.26805e-07	4.48266e-07
934	5	4	92	159	38	1607	0.000101625	9.19422	9.58937e-09	9.43602e-05
935	4	4	9	9	8	1	0.94024	0.06162	5.27627e-07	5.61162e-07
936	4	4	37	95	16	3005	1.21652e-07	15.9221	2.0076e-11	0.000165028
937	0	0	0	0	0	0	1	-0	0	0
938	5	3	82	181	30	7525	6.90573e-18	39.5142	2.83166e-21	0.000410044
939	1	1	37	78	16	824	0.00916613	4.69224	4.41667e-07	4.81847e-05
940	5	5	7	7	6	1	0.952124	0.04906	4.26805e-07	4.48266e-07
941	2	2	4	4	4	0	0.975193	0.02512	2.20189e-07	2.2579e-07
942	2	1	0	0	0	0	1	-0	0	0
943	3	2	24	41	10	334	0.140735	1.96088	2.82325e-06	2.00608e-05
944	4	3	68	119	24	3177	4.35211e-08	16.95	7.63889e-12	0.000175521
945	1	1	61	177	14	12567	4.81486e-29	65.2033	3.26311e-32	0.000677716
946	1	1	80	186	13	10097	1.34538e-23	52.6628	7.35903e-27	0.000546985
947	2	1	23	39	14	146	0.371755	0.98952	3.70227e-06	9.9589e-06
948	7	7	188	526	56	35685	3.36226e-81	185.297	6.47487e-84	0.00192575
949	4	4	13	13	10	4	0.902993	0.10204	8.54549e-07	9.46352e-07
950	4	4	43	46	30	46	0.592455	0.52348	2.9864e-06	5.04072e-06
951	3	2	15	17	9	14	0.836809	0.17816	1.42548e-06	1.70347e-06
952	2	2	105	369	19	15443	6.14995e-36	81.0766	5.17435e-39	0.000841365
953	4	4	45	66	33	340	0.116661	2.14848	2.54215e-06	2.17908e-05
954	8	8	275	683	87	19971	8.00574e-47	106.141	8.80373e-50	0.00109968
955	2	1	7	7	6	1	0.952124	0.04906	4.26805e-07	4.48266e-07
956	3	3	40	51	29	75	0.495207	0.70278	3.39901e-06	6.86382e-06
957	3	3	83	112	39	583	0.0253074	3.67666	9.43934e-07	3.72988e-05
958	5	5	86	207	14	7309	1.76489e-17	38.5759	7.06017e-21	0.000400035
959	4	3	82	157	27	3738	1.9611e-09	20.0498	4.06878e-13	0.000207474
960	4	4	101	244	31	6245	3.18024e-15	33.3818	1.09906e-18	0.00034559
961	2	2	3	3	3	0	0.981336	0.01884	1.66182e-07	1.69343e-07
962	6	4	100	149	39	1672	7.76794e-05	9.46292	7.55428e-09	9.72494e-05
963	4	3	87	224	27	8065	3.35649e-19	42.5382	1.48076e-22	0.000441164
964	1	1	57	161	14	5476	2.70452e-13	28.9387	8.1148e-17	0.000300045
965	4	4	74	181	23	4822	6.70023e-12	25.7289	1.78511e-15	0.000266425
966	2	2	0	0	0	0	1	-0	0	0
967	5	4	110	222	35	4309	7.08781e-11	23.3701	1.71158e-14	0.000241482
968	2	2	16	16	11	6	0.877148	0.13108	1.07184e-06	1.22196e-06
969	4	3	294	751	52	33913	6.88302e-78	177.673	1.26943e-80	0.0018443
970	2	1	3	3	3	0	0.981336	0.01884	1.66182e-07	1.69343e-07
971	2	1	41	134	8	7388	1.86568e-17	38.5203	7.46482e-21	0.000400112
972	1	1	17	17	14	4	0.880593	0.12716	1.03218e-06	1.17214e-06
973	1	1	34	59	12	553	0.0411381	3.19082	1.34575e-06	3.27131e-05
974	4	3	86	239	15	16075	5.5413e-37	83.4834	4.80767e-40	0.000867607
975	2	0	2	2	1	1	0.982495	0.01766	1.63122e-07	1.66028e-07
976	5	5	232	579	74	18398	4.68909e-43	97.4659	4.73705e-46	0.00101023
977	7	5	171	319	52	7464	3.96225e-18	40.0697	1.64272e-21	0.000414593
978	4	3	94	221	40	5794	3.6653e-14	30.9373	1.1741e-17	0.000320329
979	4	2	47	90	16	1356	0.000563806	7.4808	4.34858e-08	7.71289e-05
980	0	0	0	0	0	0	1	-0	0	0
981	5	5	95	245	27	11376	1.36481e-26	59.5562	8.43823e-30	0.000618273
982	3	3	55	149	16	4384	7.64702e-11	23.2941	1.84558e-14	0.000241347
983	8	6	79	136	41	1405	0.000328958	8.01958	2.70828e-08	8.2329e-05
984	2	1	0	0	0	0	1	-0	0	0
985	2	2	67	130	16	3984	6.62633e-10	21.1348	1.4513e-13	0.000219021
986	3	2	11	11	9	2	0.923781	0.07928	6.71764e-07	7.2719e-07
987	5	3	117	247	36	4064	2.11339e-10	22.2776	4.85816e-14	0.000229876
988	3	2	5	5	4	1	0.964158	0.0365	3.23351e-07	3.35371e-07
989	0	0	0	0	0	0	1	-0	0	0
990	2	1	0	0	0	0	1	-0	0	0
991	2	1	2	2	1	1	0.982495	0.01766	1.63122e-07	1.66028e-07
992	4	4	122	331	32	17824	4.15748e-41	92.9811	4.015e-44	0.00096573
993	2	2	8	8	5	4	0.931797	0.07064	6.18819e-07	6.64114e-07
994	2	2	28	33	12	144	0.389988	0.94164	3.71032e-06	9.51395e-06
995	3	1	24	69	11	1339	0.000701549	7.26222	5.26444e-08	7.50402e-05
996	5	5	32	44	22	131	0.388905	0.94442	3.67288e-06	9.44414e-06
997	2	2	9	9	6	6	0.916567	0.08712	7.57843e-07	8.26828e-07
998	1	0	2	2	1	1	0.982495	0.01766	1.63122e-07	1.66028e-07
999	1	1	4	4	4	0	0.975193	0.02512	2.20189e-07	2.2579e-07
1000	1	1	5	5	3	3	0.954374	0.0467	4.21487e-07	4.41638e-07