Hist	Tr_Tot	Tr_in	DSBs	DSBt	RIFs	NComb	PSurv	lPSurv	PMut*	PMut
1	40	35	97	105	53	185	0.201312	1.6029	3.172e-06	1.57566e-05
2	26	22	71	77	45	87	0.395636	0.92726	3.54848e-06	8.96905e-06
3	48	41	76	83	54	79	0.396873	0.92414	3.52529e-06	8.88267e-06
4	30	22	42	44	37	8	0.728243	0.31712	2.11829e-06	2.90876e-06
5	32	25	66	72	39	68	0.449797	0.79896	3.45322e-06	7.67728e-06
6	37	31	34	34	27	8	0.775444	0.25432	1.81786e-06	2.34428e-06
7	35	24	75	83	44	116	0.328624	1.11284	3.56511e-06	1.08486e-05
8	23	18	44	47	25	80	0.495019	0.70316	3.41746e-06	6.90369e-06
9	29	20	35	38	27	21	0.707696	0.34574	2.30766e-06	3.26081e-06
10	44	39	84	88	58	68	0.406797	0.89944	3.4905e-06	8.58045e-06
11	35	20	34	36	22	26	0.698598	0.35868	2.38472e-06	3.41358e-06
12	30	24	57	59	36	48	0.540468	0.61532	3.17838e-06	5.8808e-06
13	31	25	77	82	42	98	0.362489	1.01476	3.56536e-06	9.83576e-06
14	28	22	45	47	28	89	0.472811	0.74906	3.49024e-06	7.38189e-06
15	34	27	42	46	27	29	0.646114	0.43678	2.67326e-06	4.13745e-06
16	34	26	59	61	28	115	0.379242	0.96958	3.62314e-06	9.55362e-06
17	37	30	62	66	34	81	0.437106	0.82758	3.50967e-06	8.02933e-06
18	31	27	61	66	35	58	0.491507	0.71028	3.34582e-06	6.80727e-06
19	42	34	94	104	55	90	0.328861	1.11212	3.5032e-06	1.06525e-05
20	28	16	48	50	30	53	0.557496	0.5843	3.14341e-06	5.63844e-06
21	33	28	59	63	33	70	0.471121	0.75264	3.42765e-06	7.27552e-06
22	31	23	62	67	39	55	0.49596	0.70126	3.32507e-06	6.70432e-06
23	27	20	44	45	27	56	0.566544	0.5682	3.12483e-06	5.5156e-06
24	34	32	64	64	34	73	0.461063	0.77422	3.454e-06	7.49137e-06
25	37	24	52	55	34	38	0.583215	0.5392	2.9882e-06	5.12368e-06
26	38	33	113	127	61	180	0.179863	1.71556	3.00961e-06	1.67328e-05
27	23	18	60	64	34	65	0.480264	0.73342	3.39369e-06	7.0663e-06
28	43	35	100	101	60	111	0.30108	1.20038	3.49222e-06	1.1599e-05
29	28	22	71	81	41	91	0.378031	0.97278	3.55628e-06	9.40738e-06
30	35	29	63	72	33	140	0.311561	1.16616	3.58385e-06	1.15029e-05
31	32	25	61	61	34	57	0.509778	0.67378	3.29923e-06	6.4719e-06
32	34	29	74	84	44	77	0.398431	0.92022	3.51929e-06	8.83285e-06
33	32	25	96	101	50	484	0.0449286	3.10268	1.41155e-06	3.14177e-05
34	31	23	84	90	43	118	0.311299	1.167	3.53325e-06	1.135e-05
35	34	25	54	59	39	29	0.595461	0.51842	2.90065e-06	4.87127e-06
36	28	23	56	63	39	73	0.463968	0.76794	3.44957e-06	7.43492e-06
37	35	30	44	47	27	43	0.597823	0.51446	2.95191e-06	4.93776e-06
38	29	24	65	68	33	73	0.449626	0.79934	3.46983e-06	7.71716e-06
39	39	30	49	49	30	55	0.555315	0.58822	3.15877e-06	5.68826e-06
40	32	23	62	67	44	44	0.524579	0.64516	3.21034e-06	6.11985e-06
41	37	31	98	102	51	104	0.310069	1.17096	3.49867e-06	1.12835e-05
42	35	30	45	48	34	32	0.628361	0.46464	2.77091e-06	4.40975e-06
43	49	38	95	99	64	60	0.395454	0.92772	3.47063e-06	8.7763e-06
44	39	33	129	137	65	160	0.187054	1.67636	3.03675e-06	1.62346e-05
45	25	16	39	41	28	22	0.690955	0.36968	2.40679e-06	3.48328e-06
46	29	20	45	48	21	60	0.544744	0.60744	3.21261e-06	5.89748e-06
47	30	22	46	49	28	49	0.57257	0.55762	3.07439e-06	5.36946e-06
48	32	25	104	116	56	132	0.246183	1.40168	3.33861e-06	1.35615e-05
49	33	26	74	78	48	51	0.472395	0.74994	3.36001e-06	7.11271e-06
50	35	27	86	87	41	128	0.301447	1.19916	3.53055e-06	1.1712e-05
51	36	31	58	59	42	27	0.601565	0.50822	2.86646e-06	4.765e-06
52	39	32	100	107	52	134	0.257854	1.35536	3.3933e-06	1.31597e-05
53	40	27	62	66	42	47	0.519868	0.65418	3.23504e-06	6.2228e-06
54	26	15	25	26	16	20	0.766991	0.26528	1.94072e-06	2.5303e-06
55	47	40	130	135	62	179	0.171924	1.7607	2.94528e-06	1.71313e-05
56	30	22	55	57	38	32	0.593831	0.52116	2.92033e-06	4.91778e-06
57	31	25	40	41	28	35	0.646631	0.43598	2.69905e-06	4.17401e-06
58	33	26	82	86	50	87	0.373895	0.98378	3.54343e-06	9.47708e-06
59	29	22	70	75	45	60	0.459783	0.777	3.41231e-06	7.42156e-06
60	26	20	71	75	38	75	0.425922	0.8535	3.50046e-06	8.21856e-06
61	28	23	67	76	40	102	0.368808	0.99748	3.58098e-06	9.7096e-06
62	32	28	42	45	25	35	0.63059	0.4611	2.77447e-06	4.3998e-06
63	37	30	91	99	49	155	0.243602	1.41222	3.36754e-06	1.3824e-05
64	31	27	58	62	38	53	0.517027	0.65966	3.26545e-06	6.31581e-06
65	31	24	28	28	22	16	0.773028	0.25744	1.87897e-06	2.43066e-06
66	40	36	61	63	47	32	0.571872	0.55884	3.00602e-06	5.25646e-06
67	34	24	71	73	48	36	0.526218	0.64204	3.17492e-06	6.03347e-06
68	21	17	26	28	15	23	0.745918	0.29314	2.09051e-06	2.8026e-06
69	37	26	49	52	30	35	0.603469	0.50506	2.8936e-06	4.79494e-06
70	25	18	31	32	25	11	0.773322	0.25706	1.84885e-06	2.39079e-06
71	41	32	78	90	54	73	0.391606	0.9375	3.5084e-06	8.95901e-06
72	27	20	48	52	33	54	0.547737	0.60196	3.17932e-06	5.80447e-06
73	34	22	68	71	39	64	0.461959	0.77228	3.42233e-06	7.4083e-06
74	31	25	78	87	41	137	0.287924	1.24506	3.50984e-06	1.21902e-05
75	32	28	72	76	42	125	0.327987	1.11478	3.58545e-06	1.09317e-05
76	34	26	78	80	52	49	0.471281	0.7523	3.35521e-06	7.11933e-06
77	39	31	46	49	35	21	0.660459	0.41482	2.56372e-06	3.88173e-06
78	37	26	86	90	49	120	0.30814	1.1772	3.53014e-06	1.14563e-05
79	22	17	29	31	19	26	0.720882	0.32728	2.25733e-06	3.13134e-06
80	42	28	62	64	41	71	0.46579	0.76402	3.43991e-06	7.3851e-06
81	28	18	48	52	29	37	0.597345	0.51526	2.92771e-06	4.9012e-06
82	38	31	75	76	42	77	0.41896	0.86998	3.51142e-06	8.38127e-06
83	32	25	68	74	46	45	0.499464	0.69422	3.28054e-06	6.56812e-06
84	24	16	49	50	24	63	0.529777	0.6353	3.2686e-06	6.16977e-06
85	35	27	73	79	33	177	0.246888	1.39882	3.42284e-06	1.38639e-05
86	30	23	36	40	26	20	0.702437	0.3532	2.33249e-06	3.32057e-06
87	35	22	35	36	28	14	0.742687	0.29748	2.06168e-06	2.77598e-06
88	30	23	34	34	27	9	0.771499	0.25942	1.8496e-06	2.39742e-06
89	32	24	66	68	33	112	0.368527	0.99824	3.60765e-06	9.78936e-06
90	29	22	39	41	16	52	0.592929	0.52268	3.01047e-06	5.07728e-06
91	41	27	83	92	44	105	0.328486	1.11326	3.53851e-06	1.07722e-05
92	32	28	55	60	35	60	0.5052	0.6828	3.32162e-06	6.57485e-06
93	43	32	82	88	54	69	0.404728	0.90454	3.49425e-06	8.63358e-06
94	35	26	34	39	23	34	0.658152	0.41832	2.63786e-06	4.00799e-06
95	32	23	109	115	46	212	0.164738	1.8034	2.92504e-06	1.77557e-05
96	39	33	97	109	54	216	0.167609	1.78612	2.95488e-06	1.76296e-05
97	25	18	53	58	29	64	0.501255	0.69064	3.34562e-06	6.67449e-06
98	33	27	48	51	27	48	0.568315	0.56508	3.08551e-06	5.42922e-06
99	29	20	70	72	37	88	0.40618	0.90096	3.54999e-06	8.73995e-06
100	33	21	85	90	44	126	0.298854	1.2078	3.51903e-06	1.17751e-05
101	32	25	56	61	37	41	0.55312	0.59218	3.10951e-06	5.62176e-06
102	40	25	55	59	33	60	0.508383	0.67652	3.31384e-06	6.5184e-06
103	36	33	66	71	43	53	0.488615	0.71618	3.33423e-06	6.82384e-06
104	33	26	57	59	34	55	0.521514	0.65102	3.26089e-06	6.25273e-06
105	39	31	82	85	51	62	0.427415	0.85	3.45877e-06	8.0923e-06
106	25	20	52	56	28	87	0.45141	0.79538	3.51362e-06	7.78365e-06
107	46	32	88	91	45	203	0.200532	1.60678	3.19303e-06	1.59228e-05
108	30	26	47	47	31	53	0.568099	0.56546	3.10699e-06	5.4691e-06
109	32	28	77	81	47	79	0.401889	0.91158	3.52448e-06	8.76978e-06
110	33	25	58	60	41	26	0.600856	0.5094	2.86507e-06	4.76832e-06
111	35	30	68	78	34	139	0.301574	1.19874	3.55508e-06	1.17884e-05
112	36	30	93	102	47	180	0.210439	1.55856	3.22427e-06	1.53216e-05
113	18	15	35	37	17	56	0.595735	0.51796	3.01681e-06	5.06402e-06
114	32	25	72	76	39	87	0.398129	0.92098	3.54836e-06	8.91261e-06
115	36	29	38	41	27	26	0.677003	0.39008	2.50208e-06	3.69581e-06
116	33	27	58	62	29	83	0.443676	0.81266	3.50939e-06	7.90981e-06
117	30	26	33	34	21	26	0.707428	0.34612	2.33499e-06	3.30068e-06
118	25	18	51	53	36	30	0.61518	0.48584	2.82104e-06	4.58572e-06
119	33	28	70	72	44	69	0.447508	0.80406	3.45943e-06	7.73042e-06
120	25	18	44	46	25	68	0.529575	0.63568	3.28848e-06	6.20965e-06
121	37	30	61	65	32	72	0.46052	0.7754	3.45145e-06	7.49468e-06
122	23	15	26	27	21	12	0.79393	0.23076	1.71623e-06	2.16168e-06
123	41	30	107	114	51	155	0.221702	1.50642	3.25252e-06	1.46707e-05
124	27	17	40	40	28	21	0.698863	0.3583	2.35776e-06	3.3737e-06
125	36	30	76	84	43	85	0.382503	0.96102	3.54118e-06	9.25792e-06
126	31	27	80	83	52	76	0.402991	0.90884	3.5154e-06	8.72327e-06
127	28	23	30	30	18	16	0.763379	0.27	1.9417e-06	2.54356e-06
128	34	29	73	79	40	163	0.26516	1.32742	3.47892e-06	1.31201e-05
129	41	34	85	88	62	41	0.466853	0.76174	3.33606e-06	7.14585e-06
130	37	31	95	106	55	115	0.285881	1.25218	3.45738e-06	1.20938e-05
131	28	23	39	42	26	32	0.65249	0.42696	2.65633e-06	4.07106e-06
132	42	35	78	80	41	82	0.39828	0.9206	3.53383e-06	8.87273e-06
133	28	22	47	52	32	37	0.597345	0.51526	2.92771e-06	4.9012e-06
134	39	32	73	79	48	69	0.428262	0.84802	3.47987e-06	8.12555e-06
135	31	29	106	109	53	168	0.214098	1.54132	3.22842e-06	1.50792e-05
136	26	18	53	57	31	58	0.520087	0.65376	3.27615e-06	6.29924e-06
137	34	27	40	43	21	43	0.613031	0.48934	2.88859e-06	4.71197e-06
138	49	42	115	128	68	180	0.178737	1.72184	3.00086e-06	1.67893e-05
139	38	27	75	80	43	94	0.374636	0.9818	3.56291e-06	9.51033e-06
140	23	17	60	66	22	170	0.277626	1.28148	3.54201e-06	1.27582e-05
141	27	18	41	42	33	12	0.722556	0.32496	2.17374e-06	3.0084e-06
142	30	24	66	72	30	108	0.366792	1.00296	3.59552e-06	9.80261e-06
143	44	36	101	101	65	62	0.386555	0.95048	3.47725e-06	8.99547e-06
144	32	26	83	88	43	112	0.325029	1.12384	3.54877e-06	1.09183e-05
145	30	21	33	33	28	7	0.784319	0.24294	1.75272e-06	2.2347e-06
146	35	30	82	88	44	116	0.318466	1.14424	3.54479e-06	1.11308e-05
147	32	28	54	60	36	95	0.422612	0.8613	3.56453e-06	8.43451e-06
148	38	30	75	80	46	96	0.370834	0.992	3.56616e-06	9.6166e-06
149	34	27	60	64	47	24	0.591958	0.52432	2.8934e-06	4.88784e-06
150	35	28	71	72	42	58	0.473331	0.74796	3.3824e-06	7.14595e-06
151	29	25	96	103	43	195	0.19372	1.64134	3.13344e-06	1.61751e-05
152	30	26	36	38	22	37	0.652242	0.42734	2.68132e-06	4.11094e-06
153	32	25	55	57	40	28	0.60607	0.50076	2.85171e-06	4.70524e-06
154	26	19	25	27	19	19	0.766087	0.26646	1.94097e-06	2.53362e-06
155	35	27	90	99	56	95	0.330807	1.10622	3.51845e-06	1.0636e-05
156	37	28	87	92	42	117	0.308986	1.17446	3.52545e-06	1.14098e-05
157	39	28	89	97	41	239	0.160725	1.82806	2.92106e-06	1.81743e-05
158	25	21	61	69	28	109	0.371867	0.98922	3.60205e-06	9.6864e-06
159	45	37	87	90	52	104	0.334339	1.0956	3.54604e-06	1.06061e-05
160	29	21	56	61	34	95	0.419967	0.86758	3.56592e-06	8.49096e-06
161	38	27	74	80	44	83	0.396254	0.9257	3.53691e-06	8.92586e-06
162	33	29	35	35	26	13	0.751187	0.2861	2.00296e-06	2.6664e-06
163	37	28	52	59	35	46	0.546009	0.60512	3.15295e-06	5.77454e-06
164	36	29	49	51	28	44	0.580027	0.54468	3.02582e-06	5.21669e-06
165	19	15	43	46	18	86	0.483125	0.72748	3.46209e-06	7.16604e-06
166	40	35	64	65	42	40	0.542157	0.6122	3.14149e-06	5.79442e-06
167	26	20	64	69	29	118	0.355184	1.03512	3.6103e-06	1.01646e-05
168	34	28	48	52	31	53	0.550538	0.59686	3.16633e-06	5.75133e-06
169	28	20	25	28	19	20	0.757418	0.27784	2.002e-06	2.6432e-06
170	30	23	45	46	27	35	0.626642	0.46738	2.79247e-06	4.45625e-06
171	33	23	52	55	34	42	0.571438	0.5596	3.04931e-06	5.33621e-06
172	28	19	23	24	21	3	0.847029	0.16602	1.28252e-06	1.51414e-06
173	36	25	49	49	32	28	0.637297	0.45052	2.71084e-06	4.25366e-06
174	26	15	37	38	26	34	0.662298	0.41204	2.61709e-06	3.95154e-06
175	40	31	100	109	57	154	0.229944	1.46992	3.29631e-06	1.43353e-05
176	27	22	24	24	20	5	0.838434	0.17622	1.3586e-06	1.62041e-06
177	37	30	42	42	35	14	0.715224	0.33516	2.22768e-06	3.11466e-06
178	31	24	78	82	32	188	0.229063	1.47376	3.34838e-06	1.46177e-05
179	38	30	101	108	52	188	0.194555	1.63704	3.12949e-06	1.60854e-05
180	34	29	101	107	52	120	0.276938	1.28396	3.43843e-06	1.24159e-05
181	28	22	57	61	34	52	0.522944	0.64828	3.24551e-06	6.20623e-06
182	37	29	68	73	35	108	0.364496	1.00924	3.59359e-06	9.85906e-06
183	30	24	79	80	37	140	0.296295	1.2164	3.54204e-06	1.19545e-05
184	41	28	98	101	52	123	0.283206	1.26158	3.46548e-06	1.22366e-05
185	27	20	57	59	34	62	0.503224	0.68672	3.33369e-06	6.62467e-06
186	41	34	64	68	35	72	0.451925	0.79424	3.46356e-06	7.66403e-06
187	31	26	63	66	40	41	0.536022	0.62358	3.16468e-06	5.904e-06
188	28	23	67	74	34	180	0.250895	1.38272	3.44758e-06	1.37411e-05
189	34	26	51	52	39	19	0.654777	0.42346	2.58297e-06	3.94481e-06
190	23	17	47	48	24	59	0.547529	0.60234	3.19995e-06	5.84434e-06
191	37	28	88	88	39	204	0.203307	1.59304	3.21358e-06	1.58066e-05
192	22	17	53	62	32	113	0.380732	0.96566	3.6184e-06	9.5038e-06
193	42	38	93	97	52	106	0.316713	1.14976	3.5179e-06	1.11075e-05
194	36	25	50	57	38	31	0.596868	0.51606	2.90355e-06	4.86464e-06
195	36	29	78	84	39	107	0.341906	1.07322	3.565e-06	1.04269e-05
196	32	24	75	82	34	151	0.276634	1.28506	3.49992e-06	1.26518e-05
197	31	26	83	90	59	56	0.427073	0.8508	3.44039e-06	8.05574e-06
198	35	28	112	117	66	117	0.264091	1.33146	3.3859e-06	1.2821e-05
199	33	27	61	64	37	51	0.515808	0.66202	3.26117e-06	6.32244e-06
200	38	28	68	71	40	82	0.421439	0.86408	3.52521e-06	8.3647e-06
201	36	25	66	75	37	115	0.347323	1.0575	3.59267e-06	1.03439e-05
202	46	39	86	90	55	71	0.39562	0.9273	3.50233e-06	8.85274e-06
203	29	21	92	98	53	114	0.302147	1.19684	3.5016e-06	1.1589e-05
204	32	29	61	65	40	71	0.462874	0.7703	3.4445e-06	7.44155e-06
205	32	24	36	38	26	24	0.696951	0.36104	2.38372e-06	3.42021e-06
206	33	26	52	55	29	111	0.401921	0.9115	3.61825e-06	9.0024e-06
207	35	25	56	63	38	46	0.532464	0.63024	3.19496e-06	6.00033e-06
208	42	34	103	121	48	253	0.128712	2.05018	2.60935e-06	2.02729e-05
209	38	24	58	60	42	43	0.550956	0.5961	3.12479e-06	5.67158e-06
210	24	19	61	64	33	103	0.395652	0.92722	3.59464e-06	9.08537e-06
211	44	36	114	121	58	150	0.217647	1.52488	3.22121e-06	1.48001e-05
212	29	26	73	79	40	91	0.382809	0.96022	3.55801e-06	9.29448e-06
213	31	27	70	72	39	78	0.427432	0.84996	3.50863e-06	8.20862e-06
214	32	26	46	46	32	27	0.652738	0.42658	2.63131e-06	4.03119e-06
215	40	31	47	47	32	26	0.651968	0.42776	2.63036e-06	4.0345e-06
216	35	30	69	74	46	70	0.439675	0.82172	3.47187e-06	7.89645e-06
217	23	12	44	46	27	39	0.613988	0.48778	2.86658e-06	4.66878e-06
218	39	30	102	106	54	133	0.260806	1.34398	3.40356e-06	1.30502e-05
219	25	21	48	51	36	25	0.639045	0.44778	2.68856e-06	4.20716e-06
220	46	37	85	95	56	76	0.373738	0.9842	3.51338e-06	9.40065e-06
221	30	21	63	64	47	27	0.58297	0.53962	2.94239e-06	5.04724e-06
222	29	24	65	69	40	45	0.515396	0.66282	3.23972e-06	6.28588e-06
223	34	27	35	36	20	40	0.650457	0.43008	2.70424e-06	4.15744e-06
224	30	25	60	63	33	97	0.410516	0.89034	3.57564e-06	8.71012e-06
225	36	28	113	118	62	135	0.239419	1.42954	3.31207e-06	1.38338e-05
226	28	23	45	47	30	32	0.63232	0.45836	2.75268e-06	4.3533e-06
227	40	28	65	69	41	47	0.510166	0.67302	3.26105e-06	6.39214e-06
228	36	28	73	79	49	77	0.411141	0.88882	3.51551e-06	8.55062e-06
229	39	32	79	81	44	70	0.420765	0.86568	3.48881e-06	8.29158e-06
230	30	21	47	49	33	21	0.660459	0.41482	2.56372e-06	3.88173e-06
231	26	17	49	52	26	78	0.484635	0.72436	3.43105e-06	7.07966e-06
232	33	27	59	66	25	122	0.35463	1.03668	3.61999e-06	1.02078e-05
233	27	18	45	51	30	115	0.403822	0.90678	3.63002e-06	8.98915e-06
234	36	30	49	52	31	42	0.582306	0.54076	3.0087e-06	5.16687e-06
235	35	30	74	78	46	81	0.405376	0.90294	3.52949e-06	8.7067e-06
236	41	34	82	83	45	131	0.304422	1.18934	3.54518e-06	1.16456e-05
237	27	22	41	46	30	31	0.639557	0.44698	2.7141e-06	4.24372e-06
238	45	33	59	68	34	121	0.351994	1.04414	3.61412e-06	1.02676e-05
239	31	26	41	43	29	17	0.699954	0.35674	2.33121e-06	3.33051e-06
240	30	20	76	83	43	123	0.317099	1.14854	3.55802e-06	1.12205e-05
241	34	25	31	33	23	16	0.749132	0.28884	2.03232e-06	2.7129e-06
242	35	29	56	61	32	62	0.496943	0.69928	3.34818e-06	6.73756e-06
243	37	30	64	64	34	71	0.46579	0.76402	3.43991e-06	7.3851e-06
244	21	17	56	59	33	56	0.518861	0.65612	3.27187e-06	6.30587e-06
245	42	34	64	66	43	36	0.549866	0.59808	3.10033e-06	5.63834e-06
246	28	25	81	86	43	102	0.346359	1.06028	3.55852e-06	1.02741e-05
247	52	43	91	97	60	87	0.348938	1.05286	3.52358e-06	1.0098e-05
248	39	29	99	108	58	137	0.25235	1.37694	3.37532e-06	1.33756e-05
249	33	29	47	50	29	43	0.586666	0.5333	2.99617e-06	5.10711e-06
250	26	21	54	58	36	38	0.57233	0.55804	3.02935e-06	5.29302e-06
251	32	22	45	47	36	22	0.665405	0.40736	2.54315e-06	3.82197e-06
252	37	31	73	82	39	162	0.261542	1.34116	3.46184e-06	1.32363e-05
253	37	33	48	52	30	41	0.585283	0.53566	2.99298e-06	5.11374e-06
254	32	25	61	70	34	102	0.382969	0.9598	3.58878e-06	9.37092e-06
255	28	24	44	47	30	40	0.60704	0.49916	2.90066e-06	4.77837e-06
256	36	30	59	66	37	82	0.434882	0.83268	3.51492e-06	8.08246e-06
257	32	27	56	58	31	58	0.516831	0.66004	3.28481e-06	6.35569e-06
258	36	27	63	70	40	53	0.491693	0.7099	3.32748e-06	6.76739e-06
259	35	25	62	64	40	43	0.537289	0.62122	3.16859e-06	5.89737e-06
260	20	18	44	47	25	39	0.610144	0.49406	2.88307e-06	4.72523e-06
261	38	33	68	71	38	75	0.436756	0.82838	3.49089e-06	7.99277e-06
262	24	20	53	54	31	49	0.554871	0.58902	3.13596e-06	5.6517e-06
263	44	41	79	86	45	88	0.371993	0.98888	3.54517e-06	9.53022e-06
264	29	24	46	48	31	26	0.647886	0.43404	2.65047e-06	4.09095e-06
265	33	28	85	87	54	77	0.390995	0.93906	3.51982e-06	9.0022e-06
266	32	29	73	78	35	85	0.39719	0.92334	3.54263e-06	8.91923e-06
267	43	37	102	106	59	102	0.305477	1.18588	3.48337e-06	1.1403e-05
268	35	30	92	96	55	91	0.344046	1.06698	3.52788e-06	1.02541e-05
269	26	17	25	27	18	12	0.79393	0.23076	1.71623e-06	2.16168e-06
270	39	31	64	70	41	65	0.462504	0.7711	3.42484e-06	7.40499e-06
271	25	20	38	38	28	26	0.689878	0.37124	2.43284e-06	3.52647e-06
272	45	38	79	84	57	54	0.448019	0.80292	3.40978e-06	7.61079e-06
273	29	23	69	73	41	179	0.253767	1.37134	3.45923e-06	1.36315e-05
274	33	26	64	69	43	57	0.484799	0.72402	3.3565e-06	6.92348e-06
275	31	25	51	53	34	42	0.57866	0.54704	3.02253e-06	5.22332e-06
276	32	25	60	64	32	120	0.362794	1.01392	3.62382e-06	9.98863e-06
277	36	28	59	63	30	78	0.452286	0.79344	3.48287e-06	7.70059e-06
278	30	23	56	59	35	55	0.521514	0.65102	3.26089e-06	6.25273e-06
279	39	35	89	94	47	132	0.282657	1.26352	3.48224e-06	1.23197e-05
280	35	28	61	65	34	70	0.465241	0.7652	3.43739e-06	7.38842e-06
281	42	34	76	81	49	91	0.378031	0.97278	3.55628e-06	9.40738e-06
282	30	24	78	86	39	170	0.244857	1.40708	3.40037e-06	1.38871e-05
283	28	22	61	64	40	49	0.521097	0.65182	3.23923e-06	6.21617e-06
284	33	27	44	46	34	18	0.683397	0.38068	2.4281e-06	3.55299e-06
285	36	26	69	75	33	138	0.308881	1.1748	3.5725e-06	1.1566e-05
286	36	31	51	53	37	27	0.624665	0.47054	2.76497e-06	4.42632e-06
287	33	26	58	65	40	46	0.525818	0.6428	3.21444e-06	6.11322e-06
288	40	31	59	61	35	42	0.550306	0.59728	3.12293e-06	5.6749e-06
289	26	19	43	46	25	52	0.574601	0.55408	3.07958e-06	5.35952e-06
290	29	19	31	33	21	24	0.719183	0.32964	2.25677e-06	3.13797e-06
291	30	24	24	26	18	13	0.794867	0.22958	1.71562e-06	2.15837e-06
292	32	28	71	74	36	91	0.39502	0.92882	3.56001e-06	9.01224e-06
293	34	22	60	66	32	66	0.471857	0.75108	3.41262e-06	7.23233e-06
294	43	29	92	99	51	233	0.163651	1.81002	2.94054e-06	1.79683e-05
295	37	28	96	107	38	317	0.101402	2.28866	2.3204e-06	2.28831e-05
296	21	17	40	40	23	85	0.504241	0.6847	3.41585e-06	6.77423e-06
297	41	28	66	68	38	71	0.454235	0.78914	3.45714e-06	7.61089e-06
298	27	19	63	72	25	237	0.189976	1.66086	3.16438e-06	1.66568e-05
299	50	41	92	94	48	110	0.316219	1.15132	3.52607e-06	1.11507e-05
300	31	29	68	72	35	71	0.442967	0.81426	3.47139e-06	7.83668e-06
301	34	21	40	43	32	20	0.689327	0.37204	2.40569e-06	3.48991e-06
302	28	18	35	39	18	48	0.612798	0.48972	2.91192e-06	4.75185e-06
303	36	25	61	66	38	58	0.491507	0.71028	3.34582e-06	6.80727e-06
304	37	28	80	85	48	75	0.399996	0.9163	3.51318e-06	8.78304e-06
305	39	29	60	64	43	48	0.523761	0.64672	3.22796e-06	6.16304e-06
306	33	29	73	77	54	40	0.502801	0.68756	3.25403e-06	6.47179e-06
307	28	19	67	70	30	123	0.344073	1.0669	3.6082e-06	1.04867e-05
308	41	29	53	55	40	26	0.620022	0.478	2.78147e-06	4.48608e-06
309	31	22	50	55	29	49	0.551397	0.5953	3.14745e-06	5.70814e-06
310	37	26	43	48	25	98	0.448772	0.80124	3.55272e-06	7.91654e-06
311	34	28	48	55	28	72	0.490368	0.7126	3.39835e-06	6.93021e-06
312	24	16	44	46	26	61	0.548823	0.59998	3.20387e-06	5.83771e-06
313	38	29	101	103	51	114	0.292807	1.22824	3.476e-06	1.18713e-05
314	45	34	91	96	51	104	0.321975	1.13328	3.52396e-06	1.09448e-05
315	43	33	75	79	48	62	0.443827	0.81232	3.44127e-06	7.75362e-06
316	29	22	65	68	37	146	0.309858	1.17164	3.59308e-06	1.15959e-05
317	33	30	92	104	46	179	0.208875	1.56602	3.21279e-06	1.53814e-05
318	32	26	48	49	35	37	0.608706	0.49642	2.88031e-06	4.73186e-06
319	32	23	59	63	35	53	0.51379	0.66594	3.274e-06	6.37226e-06
320	35	26	69	74	31	201	0.225413	1.48982	3.34894e-06	1.48569e-05
321	28	21	50	52	37	27	0.6286	0.46426	2.7469e-06	4.36987e-06
322	38	27	56	61	31	66	0.486908	0.71968	3.38406e-06	6.95009e-06
323	24	20	67	69	44	42	0.523342	0.64752	3.20624e-06	6.12648e-06
324	44	34	72	77	47	72	0.42709	0.85076	3.49021e-06	8.17206e-06
325	29	19	63	68	35	83	0.42727	0.85034	3.52433e-06	8.24849e-06
326	32	24	79	84	46	86	0.380557	0.96612	3.54338e-06	9.31105e-06
327	32	24	78	83	43	101	0.354751	1.03634	3.56581e-06	1.00516e-05
328	34	27	65	68	39	85	0.422934	0.86054	3.53351e-06	8.35476e-06
329	37	29	65	69	40	45	0.515396	0.66282	3.23972e-06	6.28588e-06
330	32	27	59	64	35	59	0.495187	0.70282	3.34128e-06	6.74751e-06
331	24	16	35	37	21	34	0.66647	0.40576	2.59596e-06	3.89509e-06
332	29	22	41	46	22	47	0.589441	0.52858	3.00253e-06	5.09385e-06
333	45	40	71	76	40	70	0.434187	0.83428	3.47755e-06	8.00934e-06
334	30	25	53	54	36	30	0.611329	0.49212	2.83789e-06	4.64217e-06
335	30	22	38	40	31	12	0.731689	0.3124	2.11861e-06	2.8955e-06
336	33	22	55	57	36	46	0.55291	0.59256	3.13038e-06	5.66164e-06
337	42	34	118	125	75	136	0.227957	1.4786	3.25569e-06	1.42821e-05
338	36	29	65	70	38	77	0.435048	0.8323	3.49891e-06	8.04259e-06
339	34	26	104	108	42	225	0.161098	1.82574	2.90804e-06	1.80513e-05
340	40	31	49	52	32	36	0.6004	0.51016	2.91078e-06	4.84807e-06
341	26	18	93	100	42	179	0.214188	1.5409	3.24615e-06	1.51556e-05
342	39	30	55	61	35	50	0.528306	0.63808	3.22265e-06	6.09996e-06
343	30	23	56	59	39	48	0.540468	0.61532	3.17838e-06	5.8808e-06
344	33	26	95	99	51	155	0.243602	1.41222	3.36754e-06	1.3824e-05
345	33	25	49	54	31	47	0.560559	0.57882	3.10854e-06	5.54543e-06
346	32	18	28	31	18	33	0.6956	0.36298	2.43688e-06	3.50327e-06
347	36	30	86	91	54	63	0.409516	0.89278	3.47438e-06	8.48412e-06
348	37	30	152	162	67	284	0.0849443	2.46576	2.05857e-06	2.42343e-05
349	41	24	84	89	49	121	0.308504	1.17602	3.53328e-06	1.1453e-05
350	27	21	26	28	18	16	0.773028	0.25744	1.87897e-06	2.43066e-06
351	49	39	92	100	48	214	0.179174	1.7194	3.04869e-06	1.70153e-05
352	31	24	72	72	44	47	0.500644	0.69186	3.28497e-06	6.56149e-06
353	26	21	50	53	30	64	0.517244	0.65924	3.30635e-06	6.39225e-06
354	34	23	55	57	33	50	0.541745	0.61296	3.1823e-06	5.87417e-06
355	33	26	76	84	48	74	0.404574	0.90492	3.50906e-06	8.67346e-06
356	39	27	51	53	36	27	0.624665	0.47054	2.76497e-06	4.42632e-06
357	33	25	34	34	27	9	0.771499	0.25942	1.8496e-06	2.39742e-06
358	34	29	58	64	35	76	0.454063	0.78952	3.47393e-06	7.65077e-06
359	28	23	60	66	30	103	0.390714	0.93978	3.59389e-06	9.19826e-06
360	38	28	78	83	46	82	0.390847	0.93944	3.53406e-06	9.04207e-06
361	31	24	101	110	56	140	0.245416	1.4048	3.34941e-06	1.36479e-05
362	39	28	60	63	38	47	0.529755	0.63534	3.20685e-06	6.05346e-06
363	34	26	39	41	28	26	0.677003	0.39008	2.50208e-06	3.69581e-06
364	27	16	44	47	23	96	0.456229	0.78476	3.53752e-06	7.75382e-06
365	37	30	58	61	33	55	0.515004	0.66358	3.27833e-06	6.36563e-06
366	40	30	61	66	37	60	0.486519	0.72048	3.36356e-06	6.91353e-06
367	42	30	48	50	33	27	0.636545	0.4517	2.70976e-06	4.25698e-06
368	28	21	82	87	40	109	0.33212	1.10226	3.5545e-06	1.07025e-05
369	34	26	42	42	31	17	0.704364	0.35046	2.30613e-06	3.27406e-06
370	32	23	73	81	42	111	0.341373	1.07478	3.57419e-06	1.047e-05
371	45	32	77	83	55	67	0.42192	0.86294	3.47876e-06	8.24508e-06
372	35	29	68	72	41	73	0.438472	0.82446	3.48276e-06	7.94295e-06
373	30	22	73	76	41	72	0.429781	0.84448	3.48793e-06	8.11561e-06
374	38	34	87	90	59	54	0.431452	0.8406	3.42981e-06	7.94948e-06
375	24	20	50	55	30	50	0.548592	0.6004	3.16059e-06	5.76128e-06
376	43	36	72	78	42	80	0.407449	0.89784	3.52589e-06	8.65357e-06
377	29	21	47	52	32	27	0.6286	0.46426	2.7469e-06	4.36987e-06
378	29	23	53	54	34	43	0.572112	0.55842	3.05102e-06	5.3329e-06
379	32	24	55	58	30	78	0.466713	0.76204	3.46224e-06	7.41835e-06
380	35	28	43	46	25	50	0.580492	0.54388	3.04947e-06	5.25325e-06
381	35	27	62	65	35	69	0.46762	0.7601	3.43012e-06	7.33528e-06
382	14	10	24	24	13	18	0.784648	0.24252	1.81343e-06	2.31114e-06
383	27	24	97	102	58	109	0.302262	1.19646	3.49088e-06	1.15492e-05
384	33	27	76	79	40	103	0.360083	1.02142	3.57638e-06	9.93208e-06
385	44	35	111	116	68	97	0.294293	1.22318	3.44377e-06	1.17018e-05
386	25	18	41	43	20	72	0.52875	0.63724	3.30619e-06	6.25284e-06
387	32	27	71	77	41	85	0.399692	0.91706	3.54239e-06	8.86279e-06
388	33	24	79	84	37	121	0.318345	1.14462	3.55614e-06	1.11707e-05
389	25	19	31	31	21	15	0.762479	0.27118	1.94194e-06	2.54687e-06
390	36	30	55	60	33	44	0.548153	0.6012	3.13802e-06	5.72472e-06
391	36	28	66	70	44	49	0.501827	0.6895	3.2894e-06	6.55486e-06
392	39	33	67	72	41	65	0.456731	0.78366	3.43365e-06	7.51789e-06
393	26	19	27	29	21	12	0.784021	0.24332	1.78332e-06	2.27458e-06
394	40	28	70	78	38	107	0.355035	1.03554	3.58165e-06	1.00882e-05
395	30	23	51	54	29	87	0.457115	0.78282	3.50642e-06	7.67076e-06
396	34	28	71	76	40	147	0.293177	1.22698	3.54761e-06	1.21006e-05
397	33	22	36	37	21	54	0.601842	0.50776	2.98379e-06	4.95775e-06
398	25	18	107	116	42	296	0.106663	2.23808	2.37596e-06	2.22753e-05
399	36	29	58	63	32	58	0.500854	0.69144	3.32463e-06	6.63792e-06
400	39	27	56	59	33	53	0.52686	0.64082	3.23833e-06	6.14647e-06
401	40	32	61	66	47	31	0.564068	0.57258	3.03055e-06	5.37267e-06
402	26	22	37	37	23	25	0.697774	0.35986	2.38422e-06	3.41689e-06
403	38	26	83	90	48	110	0.324263	1.1262	3.54255e-06	1.09249e-05
404	30	25	112	121	52	275	0.115051	2.16238	2.4669e-06	2.14418e-05
405	38	27	85	89	39	167	0.243992	1.41062	3.39078e-06	1.38971e-05
406	33	26	80	88	49	94	0.356279	1.03204	3.54922e-06	9.96191e-06
407	35	29	62	67	32	181	0.260837	1.34386	3.49498e-06	1.33991e-05
408	37	29	97	101	59	120	0.287573	1.24628	3.47307e-06	1.20772e-05
409	45	33	62	64	39	45	0.531836	0.63142	3.19295e-06	6.00364e-06
410	36	31	88	93	41	128	0.2903	1.23684	3.49831e-06	1.20507e-05
411	30	15	34	37	22	62	0.577781	0.54856	3.11009e-06	5.38282e-06
412	36	24	42	44	29	28	0.657625	0.41912	2.61171e-06	3.97142e-06
413	31	24	62	68	30	88	0.416512	0.87584	3.54625e-06	8.51416e-06
414	42	29	78	82	50	58	0.44452	0.81076	3.42744e-06	7.71043e-06
415	34	30	72	76	41	88	0.396103	0.92608	3.55136e-06	8.96574e-06
416	29	19	76	83	38	158	0.265261	1.32704	3.46967e-06	1.30802e-05
417	37	24	71	76	45	93	0.38613	0.95158	3.56453e-06	9.23141e-06
418	32	22	54	60	32	58	0.51038	0.6726	3.30143e-06	6.46858e-06
419	42	32	62	67	36	63	0.476132	0.74206	3.39453e-06	7.12938e-06
420	28	21	53	56	32	62	0.512795	0.66788	3.31025e-06	6.45532e-06
421	31	26	105	108	51	151	0.23496	1.44834	3.31751e-06	1.41195e-05
422	31	25	79	84	47	76	0.400469	0.91512	3.516e-06	8.77972e-06
423	18	15	48	50	22	63	0.529777	0.6353	3.2686e-06	6.16977e-06
424	34	25	65	66	40	56	0.496546	0.70008	3.32735e-06	6.701e-06
425	32	25	80	87	43	113	0.325413	1.12266	3.55188e-06	1.0915e-05
426	38	29	39	40	32	10	0.73919	0.3022	2.06178e-06	2.78924e-06
427	23	16	33	37	19	55	0.598781	0.51286	3.00042e-06	5.01089e-06
428	43	36	112	123	63	169	0.195081	1.63434	3.10619e-06	1.59226e-05
429	28	20	52	56	35	41	0.570764	0.56078	3.04761e-06	5.33953e-06
430	30	21	46	48	29	68	0.522965	0.64824	3.30647e-06	6.32254e-06
431	32	26	60	71	32	96	0.392397	0.93548	3.57418e-06	9.10857e-06
432	37	26	66	69	42	44	0.518031	0.65772	3.22876e-06	6.23275e-06
433	35	25	36	39	22	28	0.678602	0.38772	2.50349e-06	3.68919e-06
434	35	26	63	66	37	94	0.409065	0.89388	3.56708e-06	8.72006e-06
435	38	30	74	78	39	98	0.37171	0.98964	3.57213e-06	9.60997e-06
436	17	12	39	41	22	56	0.580956	0.54308	3.07315e-06	5.28981e-06
437	33	23	49	54	38	58	0.529978	0.63492	3.24871e-06	6.1299e-06
438	39	27	56	63	34	87	0.431996	0.83934	3.5332e-06	8.17879e-06
439	33	26	88	97	49	98	0.329902	1.10896	3.52417e-06	1.06825e-05
440	32	27	46	49	29	59	0.544101	0.60862	3.21063e-06	5.90079e-06
441	28	24	40	42	29	25	0.676204	0.39126	2.50137e-06	3.69913e-06
442	35	24	47	51	33	42	0.585974	0.53448	2.99457e-06	5.11042e-06
443	38	30	83	88	48	93	0.358101	1.02694	3.54834e-06	9.90878e-06
444	39	31	67	70	40	46	0.509564	0.6742	3.2589e-06	6.39546e-06
445	24	18	26	28	20	19	0.761291	0.27274	1.97179e-06	2.59006e-06
446	29	23	52	56	35	58	0.523363	0.64748	3.26725e-06	6.24279e-06
447	30	24	81	87	42	134	0.292363	1.22976	3.51735e-06	1.20308e-05
448	39	28	58	63	40	39	0.551816	0.59454	3.10584e-06	5.62839e-06
449	33	26	86	91	46	111	0.320594	1.13758	3.5376e-06	1.10345e-05
450	30	23	38	44	28	27	0.660988	0.41402	2.58994e-06	3.91829e-06
451	36	30	80	84	46	77	0.398431	0.92022	3.51929e-06	8.83285e-06
452	33	26	64	68	37	68	0.461239	0.77384	3.43692e-06	7.45149e-06
453	40	32	99	105	50	170	0.217317	1.5264	3.25098e-06	1.49596e-05
454	26	22	54	59	30	70	0.483106	0.72752	3.40577e-06	7.04973e-06
455	31	24	72	79	31	160	0.269249	1.31212	3.48964e-06	1.29607e-05
456	30	23	62	67	25	242	0.1911	1.65496	3.17994e-06	1.66402e-05
457	40	28	89	93	45	99	0.336573	1.08894	3.53732e-06	1.05098e-05
458	33	27	99	107	49	207	0.1777	1.72766	3.02773e-06	1.70385e-05
459	37	33	114	119	56	214	0.159021	1.83872	2.87633e-06	1.80878e-05
460	36	31	95	100	51	147	0.252158	1.3777	3.39287e-06	1.34553e-05
461	20	14	46	48	31	54	0.56167	0.57684	3.13338e-06	5.57868e-06
462	40	33	100	108	56	100	0.304757	1.18824	3.47718e-06	1.14097e-05
463	32	24	91	95	47	127	0.288143	1.2443	3.48953e-06	1.21104e-05
464	31	25	62	63	34	60	0.495772	0.70164	3.34358e-06	6.74419e-06
465	31	24	61	67	33	72	0.454772	0.78796	3.45971e-06	7.60758e-06
466	29	20	44	46	24	54	0.56877	0.56428	3.10877e-06	5.46578e-06
467	34	28	52	55	30	56	0.532059	0.631	3.23496e-06	6.08008e-06
468	44	35	77	80	40	152	0.278705	1.2776	3.50947e-06	1.25921e-05
469	37	26	103	111	52	181	0.197863	1.62018	3.14262e-06	1.58828e-05
470	37	30	66	70	45	65	0.462504	0.7711	3.42484e-06	7.40499e-06
471	41	32	83	87	50	68	0.40936	0.89316	3.48939e-06	8.524e-06
472	27	19	67	72	38	60	0.468528	0.75816	3.39787e-06	7.25222e-06
473	29	22	62	64	35	125	0.35366	1.03942	3.62653e-06	1.02543e-05
474	31	26	53	57	33	68	0.494227	0.70476	3.37585e-06	6.83057e-06
475	34	27	80	84	48	103	0.348952	1.05282	3.56431e-06	1.02143e-05
476	34	21	100	110	55	134	0.253042	1.3742	3.37282e-06	1.33291e-05
477	44	36	157	167	76	261	0.0925635	2.37986	2.15622e-06	2.32945e-05
478	37	28	60	60	40	50	0.531634	0.6318	3.21294e-06	6.04352e-06
479	34	24	89	95	39	164	0.238592	1.433	3.35851e-06	1.40764e-05
480	42	35	88	96	49	128	0.284882	1.25568	3.48126e-06	1.222e-05
481	28	21	34	36	21	33	0.674098	0.39438	2.5518e-06	3.78551e-06
482	32	26	49	54	33	43	0.572112	0.55842	3.05102e-06	5.3329e-06
483	32	25	60	64	46	38	0.551166	0.59572	3.104e-06	5.63171e-06
484	47	39	80	84	55	57	0.441216	0.81822	3.42833e-06	7.77019e-06
485	35	29	52	54	38	25	0.627118	0.46662	2.74458e-06	4.3765e-06
486	36	22	45	49	35	38	0.605609	0.50152	2.89784e-06	4.78499e-06
487	38	27	51	55	34	54	0.537514	0.6208	3.21101e-06	5.97381e-06
488	24	19	30	31	23	15	0.762479	0.27118	1.94194e-06	2.54687e-06
489	43	33	76	82	43	108	0.344466	1.06576	3.57111e-06	1.03671e-05
490	42	33	64	69	45	46	0.512774	0.66792	3.25048e-06	6.33901e-06
491	35	27	65	68	49	37	0.540241	0.61574	3.13576e-06	5.80437e-06
492	29	26	55	58	34	49	0.541106	0.61414	3.18034e-06	5.87749e-06
493	30	22	90	97	43	148	0.255646	1.36396	3.4101e-06	1.33391e-05
494	35	31	55	58	28	54	0.527482	0.63964	3.2404e-06	6.14315e-06
495	40	31	90	96	42	184	0.214107	1.54128	3.25346e-06	1.51955e-05
496	39	31	58	63	40	32	0.571872	0.55884	3.00602e-06	5.25646e-06
497	27	21	89	94	45	156	0.250094	1.38592	3.39999e-06	1.35949e-05
498	42	30	72	78	43	154	0.279364	1.27524	3.51591e-06	1.25854e-05
499	29	23	46	49	26	50	0.569657	0.56272	3.08902e-06	5.42259e-06
500	38	27	85	88	54	56	0.432471	0.83824	3.43505e-06	7.94285e-06
501	33	25	55	59	33	48	0.540468	0.61532	3.17838e-06	5.8808e-06
502	24	18	59	62	31	78	0.455136	0.78716	3.47912e-06	7.64414e-06
503	36	29	40	45	28	30	0.646876	0.4356	2.67428e-06	4.13414e-06
504	46	37	70	75	48	58	0.464497	0.7668	3.39793e-06	7.3153e-06
505	39	29	39	40	33	11	0.73543	0.3073	2.09036e-06	2.84237e-06
506	25	19	26	27	17	22	0.754455	0.28176	2.03176e-06	2.69302e-06
507	46	37	55	56	39	30	0.603699	0.50468	2.87062e-06	4.75506e-06
508	30	27	62	62	43	37	0.560986	0.57806	3.06617e-06	5.46568e-06
509	42	29	53	60	41	27	0.597799	0.5145	2.88226e-06	4.82145e-06
510	33	27	78	85	50	68	0.414534	0.8806	3.48669e-06	8.4111e-06
511	39	28	80	88	45	128	0.29956	1.20544	3.52536e-06	1.17684e-05
512	36	30	55	60	29	107	0.397524	0.9225	3.60638e-06	9.07211e-06
513	36	26	43	45	26	44	0.6023	0.507	2.93802e-06	4.878e-06
514	40	32	82	92	52	130	0.289164	1.24076	3.49903e-06	1.21005e-05
515	26	19	50	53	29	47	0.564091	0.57254	3.09629e-06	5.48898e-06
516	48	33	76	79	48	83	0.39875	0.91942	3.53668e-06	8.86942e-06
517	32	22	42	46	36	13	0.701047	0.35518	2.30457e-06	3.28732e-06
518	36	32	76	80	44	83	0.396254	0.9257	3.53691e-06	8.92586e-06
519	38	32	73	74	47	50	0.486889	0.71972	3.32729e-06	6.83378e-06
520	24	17	19	21	17	7	0.845709	0.16758	1.31705e-06	1.55733e-06
521	37	29	80	89	37	191	0.215883	1.53302	3.27543e-06	1.51723e-05
522	35	27	86	95	44	119	0.300142	1.2035	3.50727e-06	1.16854e-05
523	46	34	92	99	50	117	0.295697	1.21842	3.49067e-06	1.18049e-05
524	27	20	29	30	18	24	0.73286	0.3108	2.17559e-06	2.96862e-06
525	30	27	72	77	38	134	0.311312	1.16696	3.5696e-06	1.14663e-05
526	31	27	47	50	28	47	0.574819	0.5537	3.05783e-06	5.31964e-06
527	34	32	67	71	40	75	0.436756	0.82838	3.49089e-06	7.99277e-06
528	34	29	73	78	40	74	0.420109	0.86724	3.50152e-06	8.33477e-06
529	35	26	62	65	37	81	0.439859	0.8213	3.50695e-06	7.97288e-06
530	37	29	39	39	31	14	0.728826	0.31632	2.14663e-06	2.94532e-06
531	31	25	49	51	33	40	0.591981	0.52428	2.96237e-06	5.00416e-06
532	42	32	97	103	63	77	0.353617	1.03954	3.50271e-06	9.90536e-06
533	28	17	47	47	28	25	0.655301	0.42266	2.609e-06	3.98137e-06
534	33	26	83	87	50	75	0.395004	0.92886	3.51393e-06	8.89593e-06
535	31	25	54	58	36	43	0.55792	0.58354	3.1013e-06	5.55869e-06
536	38	24	80	86	49	122	0.312772	1.16228	3.54582e-06	1.13367e-05
537	34	27	47	50	32	29	0.630085	0.4619	2.74922e-06	4.36324e-06
538	38	33	79	83	45	77	0.400941	0.91394	3.51882e-06	8.77641e-06
539	38	29	45	45	33	17	0.691218	0.3693	2.38014e-06	3.44341e-06
540	23	19	49	51	30	49	0.565424	0.57018	3.09985e-06	5.48235e-06
541	43	37	63	67	42	56	0.493437	0.70636	3.33438e-06	6.75745e-06
542	28	22	69	76	33	130	0.319729	1.14028	3.58012e-06	1.11973e-05
543	55	41	68	69	52	19	0.588475	0.53022	2.88613e-06	4.90442e-06
544	30	25	24	24	22	3	0.847029	0.16602	1.28252e-06	1.51414e-06
545	32	21	50	53	33	28	0.621487	0.47564	2.78392e-06	4.47945e-06
546	35	24	81	86	45	127	0.304897	1.18778	3.53754e-06	1.16024e-05
547	39	35	61	69	39	57	0.484799	0.72402	3.3565e-06	6.92348e-06
548	38	27	86	87	51	66	0.413557	0.88296	3.48121e-06	8.41773e-06
549	29	23	65	67	37	78	0.441066	0.81856	3.49606e-06	7.92638e-06
550	34	25	99	103	50	122	0.281101	1.26904	3.45652e-06	1.22964e-05
551	29	25	65	70	40	74	0.441755	0.817	3.48244e-06	7.88319e-06
552	40	25	41	43	28	21	0.68582	0.37714	2.42989e-06	3.54304e-06
553	32	27	64	64	34	62	0.487668	0.71812	3.36828e-06	6.9069e-06
554	38	28	60	65	31	74	0.455846	0.7856	3.46486e-06	7.60095e-06
555	35	27	53	56	32	48	0.550747	0.59648	3.14557e-06	5.71146e-06
556	34	26	77	82	41	105	0.349777	1.05046	3.57041e-06	1.02077e-05
557	39	33	104	115	46	190	0.184298	1.6912	3.05691e-06	1.65868e-05
558	25	21	61	66	36	76	0.448395	0.80208	3.48119e-06	7.76366e-06
559	45	38	70	74	50	43	0.504584	0.68402	3.26055e-06	6.46185e-06
560	30	18	47	51	31	46	0.574141	0.55488	3.05613e-06	5.32295e-06
561	38	29	76	79	45	90	0.384766	0.95512	3.55576e-06	9.24135e-06
562	33	29	47	47	31	23	0.66202	0.41246	2.56539e-06	3.8751e-06
563	31	23	65	73	25	189	0.241149	1.42234	3.41536e-06	1.41628e-05
564	36	33	91	102	57	96	0.322982	1.13016	3.50708e-06	1.08584e-05
565	24	17	51	54	33	40	0.580933	0.54312	3.00546e-06	5.1735e-06
566	40	30	75	77	39	119	0.336062	1.09046	3.58555e-06	1.06693e-05
567	26	20	55	58	33	51	0.535615	0.62434	3.20499e-06	5.98375e-06
568	47	38	78	84	50	102	0.350737	1.04772	3.5639e-06	1.01612e-05
569	30	23	77	81	52	55	0.454217	0.78918	3.40417e-06	7.49458e-06
570	38	26	73	75	46	52	0.47893	0.7362	3.35083e-06	6.9965e-06
571	40	32	75	81	53	54	0.45654	0.78408	3.39732e-06	7.44145e-06
572	32	27	63	70	34	95	0.396888	0.9241	3.57159e-06	8.99899e-06
573	36	26	49	53	30	54	0.544308	0.60824	3.19014e-06	5.86092e-06
574	33	24	48	48	36	16	0.681786	0.38304	2.4269e-06	3.55962e-06
575	40	31	72	78	40	125	0.323894	1.12734	3.57726e-06	1.10446e-05
576	27	25	73	76	45	59	0.459241	0.77818	3.40981e-06	7.42488e-06
577	32	27	76	79	44	72	0.42176	0.86332	3.49426e-06	8.28495e-06
578	31	25	42	45	26	46	0.596188	0.5172	2.97156e-06	4.98427e-06
579	30	25	53	55	36	43	0.568531	0.5647	3.06401e-06	5.38935e-06
580	34	24	42	43	32	22	0.682331	0.38224	2.45378e-06	3.59618e-06
581	36	21	49	51	40	14	0.67592	0.39168	2.44865e-06	3.62269e-06
582	37	33	52	58	35	37	0.575256	0.55294	3.01428e-06	5.23989e-06
583	21	14	30	31	21	17	0.754741	0.28138	2.00243e-06	2.65314e-06
584	41	29	65	69	36	75	0.442277	0.81582	3.48508e-06	7.87987e-06
585	27	21	48	52	25	66	0.515221	0.66316	3.31909e-06	6.44207e-06
586	35	28	59	61	33	62	0.496943	0.69928	3.34818e-06	6.73756e-06
587	31	27	58	64	35	71	0.46579	0.76402	3.43991e-06	7.3851e-06
588	34	28	77	80	46	69	0.425581	0.8543	3.4821e-06	8.182e-06
589	34	25	66	72	36	87	0.408256	0.89586	3.54645e-06	8.68682e-06
590	40	32	90	95	52	113	0.309468	1.1729	3.51759e-06	1.13666e-05
591	37	28	61	63	40	50	0.521712	0.65064	3.24132e-06	6.21286e-06
592	22	20	45	49	23	65	0.527704	0.63922	3.2821e-06	6.21959e-06
593	42	36	77	79	55	38	0.501616	0.68992	3.24968e-06	6.47842e-06
594	28	25	103	114	49	219	0.159962	1.83282	2.8907e-06	1.80712e-05
595	33	26	71	76	43	67	0.440881	0.81898	3.46089e-06	7.84994e-06
596	32	27	84	88	40	128	0.29956	1.20544	3.52536e-06	1.17684e-05
597	31	24	77	79	41	98	0.369383	0.99592	3.57061e-06	9.66641e-06
598	46	34	125	139	65	251	0.116133	2.15302	2.46e-06	2.11826e-05
599	43	37	125	133	59	228	0.135601	1.99804	2.66075e-06	1.96219e-05
600	36	28	66	72	43	73	0.438472	0.82446	3.48276e-06	7.94295e-06
601	31	24	63	66	38	55	0.499084	0.69498	3.31785e-06	6.64787e-06
602	32	23	52	54	38	28	0.617596	0.48192	2.80136e-06	4.5359e-06
603	29	22	48	53	33	73	0.494039	0.70514	3.39427e-06	6.87045e-06
604	42	32	65	69	44	41	0.526018	0.64242	3.19469e-06	6.07335e-06
605	32	26	69	73	38	81	0.418307	0.87154	3.52401e-06	8.42446e-06
606	34	24	54	57	35	44	0.558579	0.58236	3.10311e-06	5.55537e-06
607	35	28	59	64	39	46	0.529131	0.63652	3.20482e-06	6.05677e-06
608	28	22	79	85	34	322	0.113495	2.176	2.48632e-06	2.19069e-05
609	39	32	77	84	50	66	0.421422	0.86412	3.47605e-06	8.24839e-06
610	33	29	110	120	56	171	0.196774	1.6257	3.12073e-06	1.58595e-05
611	44	36	75	77	50	41	0.500244	0.69266	3.26405e-06	6.52493e-06
612	29	27	83	92	47	121	0.302746	1.19486	3.51861e-06	1.16223e-05
613	26	23	46	50	30	38	0.601818	0.5078	2.91367e-06	4.84144e-06
614	32	25	50	54	26	107	0.412788	0.88482	3.60506e-06	8.73342e-06
615	35	23	45	53	23	331	0.132531	2.02094	2.72733e-06	2.05788e-05
616	35	31	53	54	30	44	0.569202	0.56352	3.06574e-06	5.38603e-06
617	25	20	66	71	40	59	0.47389	0.74678	3.38483e-06	7.14264e-06
618	39	32	62	64	41	36	0.556816	0.58552	3.07666e-06	5.52544e-06
619	25	20	62	67	34	66	0.468903	0.75736	3.41773e-06	7.28878e-06
620	46	34	108	108	73	64	0.366176	1.00464	3.47753e-06	9.49687e-06
621	30	23	64	68	41	48	0.510768	0.67184	3.26321e-06	6.38883e-06
622	27	17	43	47	27	38	0.613264	0.48896	2.86523e-06	4.6721e-06
623	33	28	81	86	42	170	0.244857	1.40708	3.40037e-06	1.38871e-05
624	33	25	57	59	36	41	0.560111	0.57962	3.08558e-06	5.50887e-06
625	29	26	56	58	37	47	0.546654	0.60394	3.15486e-06	5.77122e-06
626	34	24	45	47	33	23	0.66202	0.41246	2.56539e-06	3.8751e-06
627	37	33	62	70	38	133	0.326966	1.1179	3.60252e-06	1.1018e-05
628	34	26	73	76	39	75	0.423255	0.85978	3.50244e-06	8.27501e-06
629	33	23	39	42	25	38	0.632826	0.45756	2.77802e-06	4.38986e-06
630	30	21	64	66	34	83	0.43267	0.83778	3.52003e-06	8.1356e-06
631	35	28	66	70	35	71	0.448566	0.8017	3.46463e-06	7.72379e-06
632	33	27	117	134	54	243	0.124828	2.08082	2.55589e-06	2.04753e-05
633	38	30	89	92	48	189	0.214026	1.54166	3.26075e-06	1.52354e-05
634	37	30	32	32	27	5	0.797351	0.22646	1.6521e-06	2.07199e-06
635	25	20	41	47	27	49	0.579807	0.54506	3.04779e-06	5.25656e-06
636	41	30	64	68	46	44	0.521295	0.65144	3.21967e-06	6.1763e-06
637	27	21	66	70	37	84	0.41979	0.868	3.53233e-06	8.41452e-06
638	36	27	77	84	44	108	0.340167	1.07832	3.56494e-06	1.048e-05
639	31	24	45	50	32	34	0.614221	0.4874	2.84317e-06	4.62891e-06
640	34	27	54	58	28	81	0.459627	0.77734	3.48294e-06	7.57775e-06
641	34	28	91	95	41	197	0.201634	1.6013	3.19182e-06	1.58298e-05
642	34	26	34	35	23	23	0.713837	0.3371	2.28266e-06	3.19773e-06
643	37	29	95	101	50	126	0.278906	1.27688	3.45732e-06	1.2396e-05
644	22	21	59	63	36	89	0.427612	0.84954	3.54278e-06	8.28505e-06
645	42	29	81	89	51	93	0.355859	1.03322	3.54622e-06	9.96522e-06
646	28	21	64	68	27	119	0.355603	1.03394	3.61339e-06	1.01613e-05
647	40	30	40	42	34	11	0.726251	0.31986	2.14626e-06	2.95526e-06
648	31	27	44	46	34	15	0.693933	0.36538	2.35492e-06	3.39359e-06
649	27	20	41	42	22	32	0.65249	0.42696	2.65633e-06	4.07106e-06
650	34	28	63	69	34	79	0.433345	0.83622	3.50681e-06	8.09241e-06
651	30	22	62	67	38	76	0.445588	0.80836	3.48455e-06	7.82011e-06
652	38	26	63	66	39	70	0.462328	0.77148	3.44197e-06	7.44487e-06
653	32	27	97	105	49	156	0.2334	1.455	3.31797e-06	1.42158e-05
654	25	18	38	40	21	46	0.615205	0.4858	2.89271e-06	4.70203e-06
655	33	28	92	98	52	119	0.29454	1.22234	3.49169e-06	1.18547e-05
656	34	27	50	54	39	24	0.630325	0.46152	2.72513e-06	4.32337e-06
657	32	25	46	49	22	56	0.55249	0.59332	3.17206e-06	5.74139e-06
658	31	24	58	64	34	62	0.487668	0.71812	3.36828e-06	6.9069e-06
659	35	29	50	54	29	53	0.543666	0.60942	3.18818e-06	5.86423e-06
660	38	28	60	63	42	42	0.543438	0.60984	3.14531e-06	5.78779e-06
661	38	27	76	80	42	93	0.376552	0.9767	3.56112e-06	9.4572e-06
662	35	27	98	105	46	146	0.245613	1.404	3.36107e-06	1.36844e-05
663	40	33	129	137	49	327	0.0798137	2.52806	2.00395e-06	2.51079e-05
664	29	22	68	74	32	196	0.231235	1.46432	3.37401e-06	1.45912e-05
665	30	28	73	77	46	83	0.40379	0.90686	3.5358e-06	8.75652e-06
666	32	23	52	54	27	60	0.5246	0.64512	3.27149e-06	6.23616e-06
667	28	17	39	44	28	32	0.644346	0.43952	2.69591e-06	4.18396e-06
668	35	30	71	76	39	99	0.374494	0.98218	3.57649e-06	9.5502e-06
669	34	26	74	79	34	115	0.338707	1.08262	3.58002e-06	1.05697e-05
670	39	30	65	70	48	44	0.514788	0.664	3.2376e-06	6.28919e-06
671	25	19	46	48	31	26	0.647886	0.43404	2.65047e-06	4.09095e-06
672	45	39	98	106	60	86	0.331449	1.10428	3.49775e-06	1.05529e-05
673	29	21	75	77	27	179	0.247471	1.39646	3.42929e-06	1.38573e-05
674	39	33	71	75	42	72	0.432488	0.8382	3.48549e-06	8.05916e-06
675	33	25	54	59	29	84	0.449815	0.79892	3.50567e-06	7.7936e-06
676	35	31	163	179	71	353	0.0536958	2.92442	1.54967e-06	2.88601e-05
677	36	27	94	98	55	100	0.32451	1.12544	3.51937e-06	1.08452e-05
678	21	19	27	29	18	18	0.760393	0.27392	1.97199e-06	2.59338e-06
679	29	24	64	72	30	132	0.324536	1.12536	3.59514e-06	1.10778e-05
680	43	34	66	68	41	56	0.490348	0.71264	3.34118e-06	6.8139e-06
681	35	30	39	40	29	13	0.727967	0.3175	2.14651e-06	2.94864e-06
682	30	23	49	52	31	40	0.588275	0.53056	2.97703e-06	5.0606e-06
683	35	32	89	93	51	71	0.388237	0.94614	3.5027e-06	9.02208e-06
684	33	23	58	60	37	46	0.542591	0.6114	3.16384e-06	5.83098e-06
685	24	20	41	48	30	59	0.547529	0.60234	3.19995e-06	5.84434e-06
686	36	31	80	82	42	91	0.375664	0.97906	3.55522e-06	9.46382e-06
687	27	21	42	48	25	52	0.567429	0.56664	3.1052e-06	5.47241e-06
688	40	30	51	56	32	89	0.446829	0.80558	3.52544e-06	7.88992e-06
689	27	23	57	59	37	49	0.537719	0.62042	3.19079e-06	5.93394e-06
690	34	27	109	118	52	213	0.160841	1.82734	2.89163e-06	1.79782e-05
691	31	27	57	59	40	47	0.543231	0.61022	3.16577e-06	5.82767e-06
692	21	18	54	56	30	50	0.545158	0.60668	3.17158e-06	5.81773e-06
693	34	29	70	75	45	68	0.441402	0.8178	3.46351e-06	7.84663e-06
694	28	24	71	75	43	82	0.410984	0.8892	3.53056e-06	8.59049e-06
695	37	29	97	100	52	123	0.28499	1.2553	3.47122e-06	1.21801e-05
696	31	25	43	46	31	25	0.65943	0.41638	2.58821e-06	3.92492e-06
697	41	30	106	119	58	159	0.21051	1.55822	3.19248e-06	1.51654e-05
698	27	21	50	53	32	79	0.479151	0.73574	3.44473e-06	7.18925e-06
699	43	33	91	93	55	92	0.348806	1.05324	3.53615e-06	1.01379e-05
700	31	25	51	52	30	51	0.556182	0.58666	3.13968e-06	5.64507e-06
701	29	25	62	67	38	60	0.483473	0.72676	3.3698e-06	6.96998e-06
702	34	32	83	88	47	107	0.333424	1.09834	3.55185e-06	1.06526e-05
703	35	27	42	43	31	23	0.67886	0.38734	2.47737e-06	3.64931e-06
704	37	28	50	53	34	27	0.624665	0.47054	2.76497e-06	4.42632e-06
705	33	29	64	67	33	106	0.382373	0.96136	3.5997e-06	9.41411e-06
706	27	18	53	56	30	50	0.545158	0.60668	3.17158e-06	5.81773e-06
707	28	20	41	46	29	47	0.589441	0.52858	3.00253e-06	5.09385e-06
708	32	26	59	64	34	84	0.43591	0.83032	3.52034e-06	8.07584e-06
709	31	22	44	47	26	43	0.597823	0.51446	2.95191e-06	4.93776e-06
710	32	25	75	79	35	119	0.331867	1.10302	3.57826e-06	1.07822e-05
711	34	22	79	84	36	122	0.316725	1.14972	3.55488e-06	1.12238e-05
712	31	26	38	40	30	20	0.702437	0.3532	2.33249e-06	3.32057e-06
713	38	33	95	100	51	133	0.27082	1.3063	3.44252e-06	1.27115e-05
714	36	24	66	71	38	68	0.45263	0.79268	3.44942e-06	7.62084e-06
715	31	20	50	54	27	91	0.447884	0.80322	3.5308e-06	7.88329e-06
716	29	21	36	38	27	25	0.693406	0.36614	2.40843e-06	3.47334e-06
717	40	35	92	97	54	106	0.316713	1.14976	3.5179e-06	1.11075e-05
718	32	24	45	51	31	37	0.601108	0.50898	2.91222e-06	4.84476e-06
719	32	28	78	79	53	64	0.439323	0.82252	3.45303e-06	7.85989e-06
720	35	28	63	65	40	53	0.507377	0.6785	3.29042e-06	6.48515e-06
721	26	22	62	65	37	48	0.520482	0.653	3.23713e-06	6.21949e-06
722	38	26	50	51	34	26	0.635794	0.45288	2.70867e-06	4.26029e-06
723	24	20	63	65	27	177	0.269577	1.3109	3.52437e-06	1.30737e-05
724	44	36	69	73	39	113	0.355319	1.03474	3.59751e-06	1.01247e-05
725	29	28	70	73	39	73	0.435727	0.83074	3.48555e-06	7.9994e-06
726	35	31	58	61	40	46	0.539194	0.61768	3.17447e-06	5.88743e-06
727	32	23	38	44	19	120	0.411346	0.88832	3.6444e-06	8.85968e-06
728	37	32	80	88	46	100	0.345542	1.06264	3.55242e-06	1.02807e-05
729	35	26	86	96	52	94	0.338822	1.08228	3.52832e-06	1.04135e-05
730	25	18	33	34	28	7	0.779408	0.24922	1.78574e-06	2.29115e-06
731	39	30	59	62	39	32	0.575475	0.55256	2.99248e-06	5.20001e-06
732	47	37	93	98	53	109	0.309951	1.17134	3.5097e-06	1.13234e-05
733	36	30	41	42	25	57	0.574382	0.55446	3.10132e-06	5.39939e-06
734	30	25	70	74	41	80	0.417814	0.87272	3.52124e-06	8.42778e-06
735	41	32	93	96	51	127	0.286339	1.25058	3.48385e-06	1.21669e-05
736	33	27	54	59	37	46	0.546009	0.60512	3.15295e-06	5.77454e-06
737	27	23	58	62	34	74	0.464516	0.76676	3.4521e-06	7.43161e-06
738	36	20	72	77	47	51	0.475371	0.74366	3.35434e-06	7.05626e-06
739	29	24	96	104	52	115	0.289494	1.23962	3.46839e-06	1.19809e-05
740	40	35	73	86	41	112	0.329137	1.11128	3.55647e-06	1.08054e-05
741	26	21	50	52	29	48	0.564757	0.57136	3.09807e-06	5.48567e-06
742	40	29	63	67	42	78	0.441066	0.81856	3.49606e-06	7.92638e-06
743	30	23	69	69	45	50	0.502419	0.68832	3.29162e-06	6.55154e-06
744	27	19	50	51	28	49	0.565424	0.57018	3.09985e-06	5.48235e-06
745	33	26	48	48	32	36	0.615673	0.48504	2.84581e-06	4.62228e-06
746	33	27	89	94	47	102	0.329388	1.11052	3.5329e-06	1.07257e-05
747	36	29	77	82	40	104	0.351565	1.04536	3.56999e-06	1.01546e-05
748	23	16	22	22	11	21	0.782501	0.24526	1.84486e-06	2.35764e-06
749	41	32	74	79	43	87	0.390698	0.93982	3.5483e-06	9.08195e-06
750	27	22	24	25	21	5	0.833185	0.1825	1.39713e-06	1.67686e-06
751	34	25	80	86	53	68	0.411939	0.88688	3.48811e-06	8.46755e-06
752	31	25	52	57	33	41	0.567191	0.56706	3.06055e-06	5.39597e-06
753	31	21	70	76	43	64	0.447678	0.80368	3.44289e-06	7.69054e-06
754	34	26	48	49	27	43	0.590362	0.52702	2.98172e-06	5.05066e-06
755	25	18	50	56	37	26	0.616141	0.48428	2.79884e-06	4.54253e-06
756	37	31	60	65	35	75	0.453527	0.7907	3.47134e-06	7.65408e-06
757	21	16	41	44	23	64	0.547321	0.60272	3.22056e-06	5.88422e-06
758	41	32	108	114	63	98	0.296496	1.21572	3.45184e-06	1.16421e-05
759	38	31	122	131	65	177	0.178105	1.72538	2.99203e-06	1.67992e-05
760	45	37	79	82	43	87	0.383406	0.95866	3.547e-06	9.25129e-06
761	40	33	89	94	55	102	0.329388	1.11052	3.5329e-06	1.07257e-05
762	34	25	48	52	28	58	0.536676	0.62236	3.22918e-06	6.017e-06
763	34	27	64	65	39	49	0.517834	0.6581	3.24818e-06	6.27262e-06
764	30	22	40	41	27	31	0.659957	0.41558	2.61441e-06	3.96148e-06
765	38	25	64	68	36	82	0.429454	0.84524	3.51953e-06	8.19536e-06
766	38	30	63	66	39	62	0.481581	0.73068	3.38061e-06	7.0198e-06
767	42	35	64	69	44	37	0.536859	0.62202	3.14643e-06	5.86081e-06
768	28	23	48	53	36	29	0.618326	0.48074	2.80261e-06	4.53259e-06
769	37	31	57	58	37	51	0.535615	0.62434	3.20499e-06	5.98375e-06
770	32	24	67	73	42	74	0.43351	0.83584	3.49085e-06	8.05253e-06
771	36	31	55	58	37	52	0.53289	0.62944	3.217e-06	6.03689e-06
772	35	29	53	56	35	41	0.570764	0.56078	3.04761e-06	5.33953e-06
773	22	18	37	38	20	45	0.626166	0.46814	2.84029e-06	4.536e-06
774	38	33	79	88	40	169	0.243037	1.41454	3.38962e-06	1.39469e-05
775	24	17	33	33	16	41	0.659456	0.41634	2.66501e-06	4.04123e-06
776	44	34	76	82	51	68	0.422418	0.86176	3.48147e-06	8.24176e-06
777	29	21	51	52	35	27	0.6286	0.46426	2.7469e-06	4.36987e-06
778	29	20	39	43	24	58	0.567883	0.56584	3.12845e-06	5.50897e-06
779	32	25	74	79	43	89	0.386733	0.95002	3.55339e-06	9.18822e-06
780	39	26	58	62	31	103	0.400653	0.91466	3.59485e-06	8.97247e-06
781	35	29	36	40	21	45	0.61835	0.4807	2.87465e-06	4.6489e-06
782	27	22	47	50	29	43	0.586666	0.5333	2.99617e-06	5.10711e-06
783	39	28	30	30	23	9	0.791124	0.2343	1.71803e-06	2.17163e-06
784	25	23	78	85	45	121	0.316352	1.1509	3.55173e-06	1.12272e-05
785	45	42	97	104	54	156	0.234871	1.44872	3.32561e-06	1.41593e-05
786	32	24	32	34	19	26	0.707428	0.34612	2.33499e-06	3.30068e-06
787	37	28	64	65	39	66	0.474829	0.7448	3.40732e-06	7.17589e-06
788	33	25	74	77	45	48	0.4827	0.72836	3.32911e-06	6.89686e-06
789	29	23	48	50	35	23	0.649664	0.4313	2.62753e-06	4.04444e-06
790	36	25	97	105	54	186	0.200288	1.608	3.1665e-06	1.58098e-05
791	31	23	47	47	33	35	0.622719	0.47366	2.81014e-06	4.5127e-06
792	39	33	65	68	40	77	0.440546	0.81974	3.4934e-06	7.92969e-06
793	26	23	58	62	34	53	0.517027	0.65966	3.26545e-06	6.31581e-06
794	43	35	77	79	47	61	0.446096	0.80722	3.43516e-06	7.70049e-06
795	30	23	63	68	38	59	0.482903	0.72794	3.36742e-06	6.9733e-06
796	29	27	64	70	34	127	0.337126	1.0873	3.60699e-06	1.06992e-05
797	33	29	72	74	46	45	0.499464	0.69422	3.28054e-06	6.56812e-06
798	20	17	7	7	6	1	0.952124	0.04906	4.26805e-07	4.48266e-07
799	36	30	57	62	37	36	0.563854	0.57296	3.05189e-06	5.41255e-06
800	34	22	64	65	43	44	0.531209	0.6326	3.19095e-06	6.00695e-06
801	40	31	58	59	29	72	0.478203	0.73772	3.42202e-06	7.156e-06
802	26	17	26	27	20	22	0.754455	0.28176	2.03176e-06	2.69302e-06
803	40	26	66	73	46	45	0.50261	0.68794	3.27283e-06	6.51167e-06
804	30	29	58	59	32	55	0.521514	0.65102	3.26089e-06	6.25273e-06
805	32	30	79	81	48	71	0.418625	0.87078	3.4933e-06	8.34471e-06
806	34	28	51	52	29	47	0.567644	0.56626	3.08375e-06	5.43254e-06
807	39	28	77	82	46	69	0.420269	0.86686	3.48609e-06	8.29489e-06
808	37	28	62	65	36	58	0.494603	0.704	3.33898e-06	6.75082e-06
809	21	16	35	40	25	31	0.664115	0.4093	2.59339e-06	3.90503e-06
810	41	32	48	52	35	49	0.561884	0.57646	3.11216e-06	5.5388e-06
811	27	22	63	67	28	96	0.402379	0.91036	3.57425e-06	8.88278e-06
812	50	40	85	87	49	89	0.367784	1.00026	3.54536e-06	9.6398e-06
813	43	34	92	100	58	72	0.36965	0.9952	3.50071e-06	9.47035e-06
814	35	30	60	62	31	77	0.457463	0.78206	3.4726e-06	7.59101e-06
815	34	26	50	53	29	54	0.544308	0.60824	3.19014e-06	5.86092e-06
816	40	32	85	91	47	91	0.35502	1.03558	3.54021e-06	9.97185e-06
817	37	30	58	65	35	58	0.494603	0.704	3.33898e-06	6.75082e-06
818	40	35	99	104	60	144	0.249694	1.38752	3.37629e-06	1.35217e-05
819	34	27	70	74	45	54	0.477057	0.74012	3.36149e-06	7.04632e-06
820	28	23	37	39	20	46	0.61908	0.47952	2.87599e-06	4.64558e-06
821	31	23	50	52	33	27	0.6286	0.46426	2.7469e-06	4.36987e-06
822	31	27	47	52	26	75	0.492107	0.70906	3.40551e-06	6.92027e-06
823	38	32	101	113	55	155	0.223099	1.50014	3.26042e-06	1.46142e-05
824	34	27	79	86	39	131	0.29874	1.20818	3.5296e-06	1.18149e-05
825	25	15	66	74	28	150	0.292374	1.22972	3.5515e-06	1.21471e-05
826	38	29	93	104	44	164	0.225481	1.48952	3.2885e-06	1.45844e-05
827	47	37	88	92	45	113	0.315354	1.15406	3.53109e-06	1.11972e-05
828	43	36	135	148	68	325	0.07525	2.58694	1.92809e-06	2.56225e-05
829	28	25	60	62	42	49	0.527683	0.63926	3.22059e-06	6.10328e-06
830	32	26	70	73	37	102	0.375822	0.97864	3.58544e-06	9.54026e-06
831	32	27	71	80	29	139	0.29781	1.2113	3.54433e-06	1.19013e-05
832	42	28	103	109	55	163	0.219628	1.51582	3.25346e-06	1.48135e-05
833	35	30	86	91	48	126	0.296983	1.21408	3.51376e-06	1.18315e-05
834	29	23	45	49	28	86	0.474108	0.74632	3.47777e-06	7.33539e-06
835	38	29	57	59	40	27	0.601565	0.50822	2.86646e-06	4.765e-06
836	24	20	27	28	18	28	0.727137	0.31864	2.23105e-06	3.06826e-06
837	44	37	85	88	45	103	0.340296	1.07794	3.55273e-06	1.04401e-05
838	29	27	45	45	30	33	0.637055	0.4509	2.73522e-06	4.29354e-06
839	36	29	100	107	49	158	0.228148	1.47776	3.2933e-06	1.44349e-05
840	24	17	22	22	16	8	0.836139	0.17896	1.39377e-06	1.66691e-06
841	31	24	75	78	41	86	0.39517	0.92844	3.54561e-06	8.97237e-06
842	35	28	31	34	23	29	0.696686	0.36142	2.41059e-06	3.46008e-06
843	34	30	94	97	44	194	0.202187	1.59856	3.19118e-06	1.57833e-05
844	39	33	93	96	60	110	0.312272	1.16388	3.51732e-06	1.12636e-05
845	30	20	37	38	26	19	0.714952	0.33554	2.25534e-06	3.15454e-06
846	35	28	57	60	38	45	0.545365	0.6063	3.15104e-06	5.77785e-06
847	30	20	25	25	18	11	0.808075	0.2131	1.61264e-06	1.99566e-06
848	31	24	57	62	33	59	0.501446	0.69026	3.3269e-06	6.63461e-06
849	33	22	18	18	16	2	0.884051	0.12324	9.92191e-07	1.12232e-06
850	44	38	102	113	54	193	0.183794	1.69394	3.0571e-06	1.66333e-05
851	36	27	84	88	54	84	0.374921	0.98104	3.53572e-06	9.43058e-06
852	35	30	99	110	54	154	0.228504	1.4762	3.28858e-06	1.43917e-05
853	40	33	73	77	50	48	0.4827	0.72836	3.32911e-06	6.89686e-06
854	26	19	40	40	29	19	0.706028	0.3481	2.3069e-06	3.26743e-06
855	24	18	56	57	37	38	0.575935	0.55176	3.01593e-06	5.23657e-06
856	30	26	43	46	29	31	0.639557	0.44698	2.7141e-06	4.24372e-06
857	34	24	71	74	49	41	0.509758	0.67382	3.23981e-06	6.35558e-06
858	33	19	36	37	27	13	0.741812	0.29866	2.06171e-06	2.77929e-06
859	42	30	94	103	46	160	0.231578	1.46284	3.31513e-06	1.43154e-05
860	36	28	47	48	34	27	0.644591	0.43914	2.67124e-06	4.14408e-06
861	38	31	57	61	43	25	0.600147	0.51058	2.86368e-06	4.77163e-06
862	41	35	81	85	45	97	0.357543	1.0285	3.55825e-06	9.95197e-06
863	27	21	16	16	13	4	0.88614	0.12088	9.88662e-07	1.11569e-06
864	49	38	100	103	51	143	0.252552	1.37614	3.38726e-06	1.34122e-05
865	31	30	93	101	44	173	0.219461	1.51658	3.26849e-06	1.48933e-05
866	37	29	63	71	39	62	0.466695	0.76208	3.40782e-06	7.30204e-06
867	31	19	52	55	29	63	0.5134	0.6667	3.31246e-06	6.45201e-06
868	31	24	92	98	55	124	0.287124	1.24784	3.48006e-06	1.21204e-05
869	23	17	38	39	26	23	0.696129	0.36222	2.38321e-06	3.42352e-06
870	29	21	32	33	25	18	0.74153	0.29904	2.0905e-06	2.81917e-06
871	35	27	68	73	33	136	0.315991	1.15204	3.58549e-06	1.13468e-05
872	28	23	70	73	46	59	0.467975	0.75934	3.39541e-06	7.25553e-06
873	43	30	41	43	31	17	0.699954	0.35674	2.33121e-06	3.33051e-06
874	31	28	60	62	35	66	0.48386	0.72596	3.39018e-06	7.00654e-06
875	40	32	88	90	41	291	0.128825	2.0493	2.64633e-06	2.0542e-05
876	34	26	61	64	37	63	0.485187	0.72322	3.37692e-06	6.96004e-06
877	28	24	50	55	32	83	0.463615	0.7687	3.48392e-06	7.51467e-06
878	37	29	73	76	47	58	0.461589	0.77308	3.40272e-06	7.37174e-06
879	37	27	59	61	38	45	0.541951	0.61258	3.1619e-06	5.8343e-06
880	42	35	104	111	59	122	0.267328	1.31928	3.40788e-06	1.27479e-05
881	28	22	64	69	40	55	0.48977	0.71382	3.33886e-06	6.81721e-06
882	37	28	63	65	37	93	0.413747	0.8825	3.56256e-06	8.61048e-06
883	32	31	100	107	58	138	0.252648	1.37576	3.37847e-06	1.33723e-05
884	29	22	44	46	28	29	0.646114	0.43678	2.67326e-06	4.13745e-06
885	35	27	45	48	28	43	0.594081	0.52074	2.96697e-06	4.99421e-06
886	31	30	64	70	29	128	0.335411	1.0924	3.60646e-06	1.07524e-05
887	38	27	40	45	26	65	0.541128	0.6141	3.24341e-06	5.9938e-06
888	24	21	42	43	24	54	0.579587	0.54544	3.06975e-06	5.29644e-06
889	43	39	58	61	34	72	0.472234	0.75028	3.43262e-06	7.26889e-06
890	29	22	50	57	33	45	0.555737	0.58746	3.11686e-06	5.60851e-06
891	29	22	55	58	32	76	0.471498	0.75184	3.44763e-06	7.31208e-06
892	32	20	69	73	36	101	0.377743	0.97354	3.5837e-06	9.48713e-06
893	33	25	68	74	43	69	0.441923	0.81662	3.46614e-06	7.84331e-06
894	40	31	56	58	42	25	0.611561	0.49174	2.81458e-06	4.60229e-06
895	34	23	80	86	39	113	0.327463	1.11638	3.55577e-06	1.08585e-05
896	28	21	59	63	28	81	0.445419	0.80874	3.50099e-06	7.85999e-06
897	26	23	47	50	27	62	0.532485	0.6302	3.25702e-06	6.11664e-06
898	32	29	85	88	48	87	0.369228	0.99634	3.54089e-06	9.58998e-06
899	29	21	64	68	39	104	0.383874	0.95744	3.59471e-06	9.36429e-06
900	32	27	62	64	30	84	0.43591	0.83032	3.52034e-06	8.07584e-06
901	33	25	77	83	45	120	0.321988	1.13324	3.56156e-06	1.10611e-05
902	27	20	41	42	28	69	0.540284	0.61566	3.26169e-06	6.03699e-06
903	36	24	59	62	36	52	0.519671	0.65456	3.25453e-06	6.26268e-06
904	37	24	38	39	29	15	0.725119	0.32142	2.17424e-06	2.99845e-06
905	39	32	57	59	33	61	0.505797	0.68162	3.32386e-06	6.57153e-06
906	26	23	48	50	35	22	0.652986	0.4262	2.60627e-06	3.99131e-06
907	34	28	43	45	37	9	0.720003	0.3285	2.17321e-06	3.01834e-06
908	30	23	51	54	28	54	0.5409	0.61452	3.2007e-06	5.91736e-06
909	35	28	88	94	54	113	0.311418	1.16662	3.52217e-06	1.13101e-05
910	33	28	67	73	36	89	0.401583	0.91234	3.55382e-06	8.84953e-06
911	27	20	48	51	23	62	0.529152	0.63648	3.2665e-06	6.17309e-06
912	36	27	72	77	40	84	0.401736	0.91196	3.53916e-06	8.80965e-06
913	40	31	80	91	47	103	0.333945	1.09678	3.54297e-06	1.06095e-05
914	40	33	42	43	34	10	0.725394	0.32104	2.14614e-06	2.95858e-06
915	26	21	55	55	39	28	0.61373	0.4882	2.81846e-06	4.59235e-06
916	48	39	101	110	64	118	0.274556	1.2926	3.42617e-06	1.2479e-05
917	30	22	46	51	30	36	0.604182	0.50388	2.89501e-06	4.79162e-06
918	38	27	76	81	47	87	0.385822	0.95238	3.54757e-06	9.19484e-06
919	33	24	60	62	39	41	0.549657	0.59846	3.12107e-06	5.67821e-06
920	33	28	74	83	37	163	0.258583	1.35254	3.45101e-06	1.33459e-05
921	23	19	48	48	32	21	0.66462	0.40854	2.54236e-06	3.82528e-06
922	48	38	70	73	46	48	0.494979	0.70324	3.30204e-06	6.67107e-06
923	37	29	66	72	36	77	0.429618	0.84486	3.50374e-06	8.15548e-06
924	31	25	67	71	46	37	0.530158	0.63458	3.16701e-06	5.97371e-06
925	36	29	70	73	43	63	0.458525	0.77974	3.4243e-06	7.46807e-06
926	31	21	53	59	30	122	0.370567	0.99272	3.63625e-06	9.81266e-06
927	43	29	88	93	49	114	0.311785	1.16544	3.5253e-06	1.13068e-05
928	34	23	62	65	51	19	0.603445	0.5051	2.82329e-06	4.67862e-06
929	29	22	42	46	31	28	0.649417	0.43168	2.65243e-06	4.08432e-06
930	37	33	103	106	60	92	0.321461	1.13488	3.49482e-06	1.08717e-05
931	26	21	37	39	28	18	0.714109	0.33672	2.25505e-06	3.15785e-06
932	42	32	102	108	56	205	0.178398	1.72374	3.03074e-06	1.69886e-05
933	28	21	56	59	38	46	0.546009	0.60512	3.15295e-06	5.77454e-06
934	31	27	67	75	42	69	0.439156	0.8229	3.46923e-06	7.89976e-06
935	31	24	60	67	29	146	0.31181	1.16536	3.59812e-06	1.15394e-05
936	39	32	61	63	35	94	0.416845	0.87504	3.56433e-06	8.55072e-06
937	34	29	58	64	36	79	0.447168	0.80482	3.49246e-06	7.81017e-06
938	32	23	59	63	41	41	0.546216	0.60474	3.13237e-06	5.73466e-06
939	38	22	77	82	49	61	0.437771	0.82606	3.44518e-06	7.86983e-06
940	23	18	39	41	26	27	0.673559	0.39518	2.52514e-06	3.74895e-06
941	43	38	72	75	39	92	0.39055	0.9402	3.56253e-06	9.12182e-06
942	28	22	62	68	33	154	0.297471	1.21244	3.57588e-06	1.20209e-05
943	31	21	26	26	17	18	0.774855	0.25508	1.87827e-06	2.42404e-06
944	32	25	40	42	27	23	0.683137	0.38106	2.45442e-06	3.59286e-06
945	35	21	52	57	29	53	0.533519	0.62826	3.21903e-06	6.03357e-06
946	35	29	76	82	42	122	0.320729	1.13716	3.5636e-06	1.1111e-05
947	35	26	48	50	27	61	0.535208	0.6251	3.24524e-06	6.06351e-06
948	29	22	62	66	37	50	0.511975	0.66948	3.26753e-06	6.3822e-06
949	34	29	41	42	25	32	0.65249	0.42696	2.65633e-06	4.07106e-06
950	38	32	82	85	53	99	0.353914	1.0387	3.55975e-06	1.00582e-05
951	29	19	66	69	41	53	0.494791	0.70362	3.32051e-06	6.71094e-06
952	34	26	61	64	38	54	0.507977	0.67732	3.29262e-06	6.48184e-06
953	32	29	53	55	28	62	0.516025	0.6616	3.30198e-06	6.39888e-06
954	28	23	70	74	41	89	0.399069	0.91862	3.5541e-06	8.90598e-06
955	35	26	81	87	51	121	0.312403	1.16346	3.54267e-06	1.13401e-05
956	38	32	89	91	48	82	0.371696	0.98968	3.52875e-06	9.49365e-06
957	39	30	81	87	43	129	0.299914	1.20426	3.52852e-06	1.17651e-05
958	25	23	48	51	35	26	0.635794	0.45288	2.70867e-06	4.26029e-06
959	33	25	76	78	35	97	0.373611	0.98454	3.57054e-06	9.55683e-06
960	30	19	42	46	28	36	0.623454	0.47248	2.81139e-06	4.50938e-06
961	24	16	31	33	18	49	0.633092	0.45714	2.82758e-06	4.4663e-06
962	33	24	82	90	43	120	0.30814	1.1772	3.53014e-06	1.14563e-05
963	31	22	38	39	26	28	0.678602	0.38772	2.50349e-06	3.68919e-06
964	36	29	81	83	42	108	0.342309	1.07204	3.56808e-06	1.04235e-05
965	25	23	70	76	38	86	0.400164	0.91588	3.54524e-06	8.85947e-06
966	40	29	31	33	25	10	0.77241	0.25824	1.84923e-06	2.3941e-06
967	26	20	32	37	16	87	0.508617	0.67606	3.4134e-06	6.71115e-06
968	47	41	125	136	65	190	0.161527	1.82308	2.8707e-06	1.77722e-05
969	30	24	71	79	37	109	0.349232	1.05202	3.57993e-06	1.02509e-05
970	41	30	56	58	36	47	0.546654	0.60394	3.15486e-06	5.77122e-06
971	33	24	70	72	43	53	0.485556	0.72246	3.34077e-06	6.88029e-06
972	35	30	82	87	45	86	0.373454	0.98496	3.54049e-06	9.4804e-06
973	36	26	69	73	45	52	0.484984	0.72364	3.33843e-06	6.8836e-06
974	24	18	44	46	26	46	0.592455	0.52348	2.9864e-06	5.04072e-06
975	38	23	75	82	42	78	0.401415	0.91276	3.52165e-06	8.77309e-06
976	32	24	68	76	37	83	0.406334	0.90058	3.53513e-06	8.70007e-06
977	33	25	57	62	35	53	0.517027	0.65966	3.26545e-06	6.31581e-06
978	31	24	66	68	41	64	0.470744	0.75344	3.4077e-06	7.23896e-06
979	43	33	93	99	48	123	0.286786	1.24902	3.4769e-06	1.21237e-05
980	34	27	52	55	35	38	0.583215	0.5392	2.9882e-06	5.12368e-06
981	34	27	88	91	53	69	0.397174	0.92338	3.49629e-06	8.80292e-06
982	37	28	70	74	31	148	0.295372	1.21952	3.55652e-06	1.20408e-05
983	29	20	17	18	13	6	0.8662	0.14364	1.15625e-06	1.33486e-06
984	41	29	67	71	43	51	0.493625	0.70598	3.31596e-06	6.71757e-06
985	27	19	31	33	24	17	0.745321	0.29394	2.06158e-06	2.76604e-06
986	30	23	57	60	35	52	0.526239	0.642	3.23625e-06	6.14978e-06
987	31	22	111	120	54	193	0.175889	1.7379	2.99512e-06	1.70284e-05
988	40	32	124	130	60	232	0.135389	1.9996	2.66245e-06	1.96651e-05
989	34	25	65	68	40	54	0.495375	0.70244	3.32279e-06	6.70763e-06
990	28	26	66	72	40	62	0.463773	0.76836	3.41267e-06	7.35849e-06
991	37	29	54	54	39	21	0.640043	0.44622	2.66512e-06	4.16397e-06
992	36	30	45	45	30	40	0.614713	0.4866	2.86792e-06	4.66547e-06
993	42	28	84	86	45	119	0.317594	1.14698	3.54986e-06	1.11773e-05
994	28	20	42	42	28	20	0.693669	0.36576	2.38169e-06	3.43346e-06
995	32	24	58	62	39	58	0.50401	0.68516	3.31713e-06	6.58148e-06
996	32	20	44	46	34	17	0.686891	0.37558	2.40402e-06	3.49985e-06
997	34	27	95	103	50	149	0.24494	1.40674	3.36327e-06	1.37309e-05
998	35	24	53	53	36	26	0.627859	0.46544	2.74574e-06	4.37319e-06
999	37	26	52	56	43	14	0.655026	0.42308	2.55783e-06	3.90493e-06
1000	38	26	32	32	27	6	0.793295	0.23156	1.68585e-06	2.12512e-06