Hist	Tr_Tot	Tr_in	DSBs	DSBt	RIFs	NComb	PSurv	lPSurv	PMut*	PMut
1	29	25	50	51	27	71	0.505413	0.68238	3.36164e-06	6.65128e-06
2	18	16	29	33	19	22	0.726556	0.31944	2.2027e-06	3.0317e-06
3	36	33	41	44	24	43	0.609193	0.49562	2.90489e-06	4.76842e-06
4	21	16	18	19	14	6	0.860777	0.14992	1.1976e-06	1.3913e-06
5	22	16	33	35	15	56	0.603264	0.5054	2.98684e-06	4.95113e-06
6	26	21	19	20	17	3	0.868576	0.1409	1.11903e-06	1.28835e-06
7	25	18	36	38	18	90	0.497759	0.69764	3.44797e-06	6.927e-06
8	26	22	43	44	25	35	0.634562	0.45482	2.75613e-06	4.34336e-06
9	12	9	16	18	14	5	0.870628	0.13854	1.1159e-06	1.28172e-06
10	32	27	42	43	22	49	0.594556	0.51994	2.99108e-06	5.03077e-06
11	25	16	25	26	18	10	0.807122	0.21428	1.61341e-06	1.99897e-06
12	20	15	42	43	23	46	0.603723	0.50464	2.94096e-06	4.87137e-06
13	21	15	22	23	16	14	0.805864	0.21584	1.6457e-06	2.04216e-06
14	19	14	13	13	12	1	0.916915	0.08674	7.21568e-07	7.86952e-07
15	24	19	36	40	25	22	0.695308	0.3634	2.38271e-06	3.42683e-06
16	25	18	32	33	21	17	0.745321	0.29394	2.06158e-06	2.76604e-06
17	27	23	41	42	29	41	0.623217	0.47286	2.83518e-06	4.54926e-06
18	21	17	34	36	20	35	0.667257	0.40458	2.59681e-06	3.89178e-06
19	31	24	49	52	32	37	0.597345	0.51526	2.92771e-06	4.9012e-06
20	19	11	16	16	12	4	0.88614	0.12088	9.88662e-07	1.11569e-06
21	23	18	36	38	26	18	0.718607	0.33044	2.22869e-06	3.10141e-06
22	22	17	49	54	30	45	0.566306	0.56862	3.08023e-06	5.43916e-06
23	18	12	16	16	13	3	0.890671	0.11578	9.46393e-07	1.06256e-06
24	24	22	23	23	13	20	0.781578	0.24644	1.84527e-06	2.36096e-06
25	27	18	32	35	16	49	0.62519	0.4697	2.86286e-06	4.57919e-06
26	27	22	60	63	31	100	0.404283	0.90564	3.5858e-06	8.86952e-06
27	15	13	37	41	19	45	0.614479	0.48698	2.89134e-06	4.70535e-06
28	31	25	53	55	34	51	0.545801	0.6055	3.17351e-06	5.81441e-06
29	19	17	51	53	35	41	0.581619	0.54194	3.00708e-06	5.17018e-06
30	25	22	34	36	19	84	0.519712	0.65448	3.37569e-06	6.4953e-06
31	22	17	25	27	15	30	0.724292	0.32256	2.2584e-06	3.11808e-06
32	24	20	36	37	21	30	0.680206	0.38536	2.5049e-06	3.68256e-06
33	23	18	39	40	27	20	0.702437	0.3532	2.33249e-06	3.32057e-06
34	22	17	37	38	22	39	0.645623	0.43754	2.72272e-06	4.2172e-06
35	24	17	19	22	13	18	0.794565	0.22996	1.74665e-06	2.19824e-06
36	19	15	30	31	16	42	0.664394	0.40888	2.64526e-06	3.98147e-06
37	25	20	27	27	20	7	0.814436	0.20526	1.54418e-06	1.89602e-06
38	20	17	39	41	26	25	0.680464	0.38498	2.47871e-06	3.64268e-06
39	28	19	29	32	23	12	0.769388	0.26216	1.88032e-06	2.44392e-06
40	23	17	41	44	23	61	0.555759	0.58742	3.18162e-06	5.72482e-06
41	27	25	48	54	30	52	0.546446	0.60432	3.17545e-06	5.8111e-06
42	25	20	33	33	22	21	0.730271	0.31434	2.17516e-06	2.97857e-06
43	36	27	34	35	26	14	0.747366	0.2912	2.03249e-06	2.71953e-06
44	28	24	60	63	46	21	0.604871	0.50274	2.82596e-06	4.672e-06
45	22	17	39	42	17	56	0.577319	0.54936	3.0865e-06	5.34626e-06
46	33	23	30	30	20	14	0.771206	0.2598	1.87965e-06	2.43729e-06
47	20	14	12	12	8	7	0.894885	0.11106	9.39006e-07	1.0493e-06
48	32	23	69	71	38	76	0.434534	0.83348	3.49622e-06	8.0459e-06
49	23	18	29	33	22	12	0.764571	0.26844	1.91171e-06	2.50037e-06
50	25	18	49	50	29	46	0.577758	0.5486	3.04277e-06	5.26651e-06
51	26	23	38	38	28	12	0.740937	0.29984	2.06174e-06	2.78261e-06
52	29	23	58	61	29	96	0.41783	0.87268	3.56998e-06	8.54409e-06
53	29	19	35	37	21	22	0.708532	0.34456	2.30804e-06	3.25749e-06
54	17	10	17	19	11	23	0.789291	0.23662	1.81108e-06	2.29457e-06
55	35	31	54	55	33	46	0.559898	0.58	3.10673e-06	5.54875e-06
56	21	15	41	44	28	38	0.624927	0.47012	2.8139e-06	4.50276e-06
57	21	18	13	14	9	7	0.883716	0.12362	1.02705e-06	1.1622e-06
58	23	17	22	22	16	13	0.815087	0.20446	1.57522e-06	1.93258e-06
59	20	14	49	53	29	46	0.566975	0.56744	3.08199e-06	5.43585e-06
60	17	12	19	21	12	14	0.81605	0.20328	1.57438e-06	1.92926e-06
61	19	18	32	32	20	25	0.720032	0.32846	2.25705e-06	3.13465e-06
62	22	19	25	25	18	8	0.820534	0.1978	1.50671e-06	1.83626e-06
63	27	21	36	38	21	31	0.672509	0.39674	2.55025e-06	3.79214e-06
64	22	18	18	18	16	2	0.884051	0.12324	9.92191e-07	1.12232e-06
65	21	15	15	15	12	4	0.891723	0.1146	9.44554e-07	1.05925e-06
66	29	26	21	22	20	2	0.862121	0.14836	1.16224e-06	1.34811e-06
67	24	17	44	44	27	27	0.660988	0.41402	2.58994e-06	3.91829e-06
68	13	10	26	28	14	29	0.723438	0.32374	2.25814e-06	3.1214e-06
69	26	18	36	36	21	38	0.657126	0.41988	2.66213e-06	4.05118e-06
70	16	10	12	12	12	0	0.92741	0.07536	6.28201e-07	6.77371e-07
71	30	24	49	53	36	28	0.621487	0.47564	2.78392e-06	4.47945e-06
72	18	14	14	14	9	15	0.848386	0.16442	1.34661e-06	1.58726e-06
73	24	16	15	17	11	7	0.867222	0.14246	1.15474e-06	1.33154e-06
74	22	17	36	38	21	28	0.682877	0.38144	2.48071e-06	3.63274e-06
75	22	21	33	35	19	28	0.695865	0.3626	2.41005e-06	3.4634e-06
76	24	19	30	32	26	7	0.78926	0.23666	1.71921e-06	2.17826e-06
77	28	23	33	36	25	19	0.723988	0.32298	2.20212e-06	3.04164e-06
78	27	16	58	63	34	52	0.516417	0.66084	3.26331e-06	6.31913e-06
79	14	10	11	11	9	3	0.919082	0.08438	7.17181e-07	7.80323e-07
80	31	19	36	38	24	80	0.523803	0.64664	3.35007e-06	6.39566e-06
81	19	9	13	15	8	17	0.834519	0.1809	1.46039e-06	1.74998e-06
82	28	22	31	32	25	11	0.773322	0.25706	1.84885e-06	2.39079e-06
83	22	17	42	45	28	24	0.666977	0.405	2.54474e-06	3.81534e-06
84	15	10	28	31	12	57	0.615463	0.48538	2.94097e-06	4.77847e-06
85	25	19	36	40	20	53	0.593629	0.5215	3.01205e-06	5.07396e-06
86	21	14	13	14	11	4	0.89734	0.10832	8.99852e-07	1.0028e-06
87	25	16	13	14	7	9	0.874748	0.13382	1.10959e-06	1.26847e-06
88	21	16	20	20	17	4	0.864158	0.146	1.15925e-06	1.34148e-06
89	22	16	30	32	16	52	0.627407	0.46616	2.86678e-06	4.56925e-06
90	20	14	26	26	16	28	0.736328	0.30608	2.17612e-06	2.95537e-06
91	30	19	38	41	26	28	0.670132	0.40028	2.5479e-06	3.80208e-06
92	22	19	37	44	19	68	0.536269	0.62312	3.2695e-06	6.09675e-06
93	32	25	53	58	36	36	0.578197	0.54784	2.99897e-06	5.18676e-06
94	25	19	13	13	11	3	0.90761	0.09694	8.10694e-07	8.93218e-07
95	22	17	48	50	24	45	0.580712	0.5435	3.02747e-06	5.21337e-06
96	28	23	49	52	33	42	0.582306	0.54076	3.0087e-06	5.16687e-06
97	23	18	32	32	25	10	0.777276	0.25196	1.817e-06	2.33766e-06
98	23	20	20	21	15	8	0.841407	0.17268	1.35506e-06	1.61047e-06
99	20	13	30	31	22	14	0.766378	0.26608	1.91115e-06	2.49374e-06
100	23	15	34	35	22	21	0.721156	0.3269	2.22943e-06	3.09146e-06
101	23	20	30	31	19	16	0.7586	0.27628	1.97237e-06	2.60001e-06
102	29	20	32	33	21	29	0.701075	0.35514	2.3862e-06	3.40363e-06
103	25	24	40	43	31	16	0.703533	0.35164	2.30574e-06	3.27738e-06
104	24	18	21	21	14	14	0.81605	0.20328	1.57438e-06	1.92926e-06
105	28	23	30	31	20	16	0.7586	0.27628	1.97237e-06	2.60001e-06
106	17	15	22	25	15	24	0.756237	0.2794	2.03155e-06	2.68639e-06
107	34	23	32	33	21	25	0.715524	0.33474	2.28331e-06	3.1911e-06
108	20	18	15	15	11	5	0.887187	0.1197	9.86889e-07	1.11238e-06
109	22	19	21	24	17	9	0.821503	0.19662	1.50577e-06	1.83294e-06
110	23	21	36	40	24	31	0.664115	0.4093	2.59339e-06	3.90503e-06
111	25	22	42	44	22	60	0.558601	0.58232	3.16821e-06	5.67169e-06
112	26	23	58	59	27	84	0.449815	0.79892	3.50567e-06	7.7936e-06
113	11	9	4	5	3	3	0.954374	0.0467	4.21487e-07	4.41638e-07
114	23	21	36	39	25	22	0.699689	0.35712	2.35822e-06	3.37039e-06
115	26	20	23	23	17	7	0.835153	0.18014	1.3949e-06	1.67023e-06
116	23	19	30	31	17	22	0.735739	0.30688	2.14748e-06	2.91881e-06
117	21	20	19	21	15	9	0.837127	0.17778	1.39264e-06	1.6636e-06
118	19	16	29	31	16	39	0.674637	0.39358	2.57851e-06	3.82207e-06
119	24	22	33	34	23	23	0.718334	0.33082	2.25649e-06	3.14128e-06
120	16	11	21	22	12	25	0.7667	0.26566	1.97055e-06	2.57018e-06
121	26	21	32	35	19	37	0.664646	0.4085	2.61977e-06	3.94159e-06
122	15	12	10	10	9	1	0.934354	0.0679	5.77066e-07	6.17609e-07
123	30	24	69	71	45	49	0.498685	0.69578	3.29696e-06	6.61131e-06
124	18	14	21	22	16	13	0.815087	0.20446	1.57522e-06	1.93258e-06
125	25	21	32	34	23	18	0.736888	0.30532	2.11901e-06	2.87562e-06
126	21	19	37	40	27	18	0.709638	0.343	2.28099e-06	3.2143e-06
127	19	14	14	14	8	12	0.861466	0.14912	1.23006e-06	1.42786e-06
128	24	21	36	39	18	48	0.612798	0.48972	2.91192e-06	4.75185e-06
129	13	9	13	13	6	17	0.845066	0.16834	1.38344e-06	1.63708e-06
130	27	23	51	52	37	21	0.648133	0.43366	2.62563e-06	4.05107e-06
131	19	16	36	36	21	34	0.670669	0.39948	2.57446e-06	3.83864e-06
132	30	24	26	29	14	31	0.711614	0.34022	2.33702e-06	3.28411e-06
133	19	13	36	36	24	21	0.716641	0.33318	2.25592e-06	3.14791e-06
134	28	25	37	41	25	23	0.68744	0.37478	2.43108e-06	3.53642e-06
135	22	20	55	59	21	134	0.348569	1.05392	3.64263e-06	1.04503e-05
136	17	11	31	31	20	18	0.750902	0.28648	2.03215e-06	2.70627e-06
137	24	19	15	15	13	2	0.900865	0.1044	8.58507e-07	9.5298e-07
138	37	30	54	58	34	41	0.56364	0.57334	3.0732e-06	5.45242e-06
139	27	19	55	58	37	33	0.587112	0.53254	2.95162e-06	5.02736e-06
140	15	12	12	13	6	14	0.858095	0.15304	1.26799e-06	1.47768e-06
141	18	12	14	15	12	3	0.896282	0.1095	9.01762e-07	1.00611e-06
142	21	16	39	40	27	23	0.691771	0.3685	2.40734e-06	3.47997e-06
143	33	28	59	61	37	46	0.539194	0.61768	3.17447e-06	5.88743e-06
144	22	17	45	49	28	40	0.599464	0.51172	2.93213e-06	4.89126e-06
145	21	15	19	21	16	6	0.850033	0.16248	1.27862e-06	1.5042e-06
146	25	22	33	38	23	40	0.642338	0.44264	2.743e-06	4.27034e-06
147	22	19	32	33	24	12	0.764571	0.26844	1.91171e-06	2.50037e-06
148	28	21	38	40	24	36	0.647394	0.4348	2.70009e-06	4.1707e-06
149	24	17	23	23	18	11	0.818289	0.20054	1.54064e-06	1.88276e-06
150	25	22	33	39	21	27	0.682072	0.38262	2.48005e-06	3.63605e-06
151	20	17	57	60	29	93	0.426945	0.8511	3.5557e-06	8.32824e-06
152	21	19	32	34	15	44	0.645377	0.43792	2.74742e-06	4.25708e-06
153	23	18	28	29	19	32	0.707994	0.34532	2.36275e-06	3.33724e-06
154	18	13	18	18	14	7	0.861793	0.14874	1.19616e-06	1.38799e-06
155	25	18	50	53	32	31	0.612051	0.49094	2.83921e-06	4.63885e-06
156	26	17	32	33	22	34	0.683424	0.38064	2.50769e-06	3.6693e-06
157	28	20	60	63	30	97	0.410516	0.89034	3.57564e-06	8.71012e-06
158	16	16	26	28	17	18	0.765183	0.26764	1.94122e-06	2.53693e-06
159	33	27	53	57	32	54	0.530805	0.63336	3.23086e-06	6.08671e-06
160	20	13	26	28	15	20	0.757418	0.27784	2.002e-06	2.6432e-06
161	27	22	53	53	30	54	0.544308	0.60824	3.19014e-06	5.86092e-06
162	23	19	11	12	9	4	0.908682	0.09576	8.0864e-07	8.89904e-07
163	27	21	19	21	16	8	0.841407	0.17268	1.35506e-06	1.61047e-06
164	25	19	28	28	22	8	0.80522	0.21664	1.61495e-06	2.0056e-06
165	28	20	40	42	28	25	0.676204	0.39126	2.50137e-06	3.69913e-06
166	29	24	44	47	28	29	0.642069	0.44306	2.69277e-06	4.1939e-06
167	17	14	34	35	20	34	0.674894	0.3932	2.55258e-06	3.78219e-06
168	24	18	17	17	14	3	0.885095	0.12206	9.90429e-07	1.11901e-06
169	19	15	14	15	12	4	0.891723	0.1146	9.44554e-07	1.05925e-06
170	21	17	25	27	18	18	0.770004	0.26136	1.90998e-06	2.48048e-06
171	23	16	21	22	13	16	0.802711	0.21976	1.67925e-06	2.09198e-06
172	19	12	14	14	13	1	0.911175	0.09302	7.68485e-07	8.434e-07
173	26	19	19	19	12	18	0.809677	0.21112	1.64276e-06	2.0289e-06
174	17	10	38	40	24	64	0.561244	0.5776	3.17576e-06	5.65843e-06
175	29	24	55	56	33	45	0.559238	0.58118	3.10492e-06	5.55206e-06
176	18	15	9	9	6	4	0.925964	0.07692	6.67214e-07	7.20561e-07
177	21	12	37	40	24	46	0.615205	0.4858	2.89271e-06	4.70203e-06
178	21	17	48	54	17	150	0.331502	1.10412	3.65254e-06	1.10182e-05
179	27	21	41	41	27	27	0.673559	0.39518	2.52514e-06	3.74895e-06
180	24	20	46	48	28	34	0.621985	0.47484	2.80889e-06	4.51601e-06
181	19	14	37	37	24	22	0.708532	0.34456	2.30804e-06	3.25749e-06
182	26	21	38	39	20	39	0.641581	0.44382	2.74189e-06	4.27365e-06
183	21	16	45	50	28	65	0.5244	0.6455	3.29116e-06	6.27604e-06
184	30	22	32	32	21	15	0.757706	0.27746	1.97255e-06	2.60332e-06
185	18	12	18	19	12	17	0.813817	0.20602	1.60791e-06	1.97577e-06
186	30	24	31	34	17	36	0.672253	0.39712	2.57608e-06	3.83201e-06
187	22	19	26	26	20	9	0.811249	0.20918	1.57856e-06	1.94584e-06
188	19	16	27	32	14	41	0.66361	0.41006	2.64434e-06	3.98478e-06
189	24	19	34	36	30	7	0.76968	0.26178	1.85035e-06	2.40405e-06
190	27	20	48	50	30	34	0.614221	0.4874	2.84317e-06	4.62891e-06
191	27	21	55	62	25	119	0.369258	0.99626	3.62707e-06	9.8226e-06
192	14	12	39	44	17	105	0.444049	0.81182	3.58023e-06	8.06268e-06
193	31	28	49	53	30	38	0.590586	0.52664	2.9593e-06	5.01078e-06
194	26	17	24	25	18	8	0.820534	0.1978	1.50671e-06	1.83626e-06
195	25	21	28	31	18	31	0.702732	0.35278	2.38718e-06	3.397e-06
196	27	20	31	34	24	15	0.748249	0.29002	2.03241e-06	2.71622e-06
197	22	19	31	32	22	17	0.750017	0.28766	2.03224e-06	2.70959e-06
198	24	19	41	43	22	100	0.458388	0.78004	3.54818e-06	7.74057e-06
199	23	19	32	34	23	32	0.686108	0.37672	2.48336e-06	3.61948e-06
200	27	18	45	48	25	64	0.533743	0.62784	3.26118e-06	6.11001e-06
201	25	18	49	50	31	39	0.598757	0.5129	2.93066e-06	4.89457e-06
202	34	29	39	41	25	29	0.666723	0.40538	2.57036e-06	3.85521e-06
203	19	13	59	66	24	133	0.335283	1.09278	3.61846e-06	1.07923e-05
204	23	22	39	44	28	29	0.65428	0.42422	2.63319e-06	4.02456e-06
205	22	17	23	24	17	9	0.821503	0.19662	1.50577e-06	1.83294e-06
206	23	18	31	33	17	53	0.620307	0.47754	2.90231e-06	4.67883e-06
207	25	17	29	29	19	23	0.741248	0.29942	2.11926e-06	2.85904e-06
208	31	25	71	79	31	143	0.293634	1.22542	3.54047e-06	1.20574e-05
209	28	16	23	24	20	5	0.838434	0.17622	1.3586e-06	1.62041e-06
210	16	15	33	36	19	36	0.663863	0.40968	2.61888e-06	3.94491e-06
211	33	26	63	68	43	37	0.540241	0.61574	3.13576e-06	5.80437e-06
212	20	18	52	58	32	50	0.538353	0.61924	3.19277e-06	5.93062e-06
213	22	19	15	17	12	7	0.867222	0.14246	1.15474e-06	1.33154e-06
214	23	18	28	28	23	5	0.817634	0.20134	1.50952e-06	1.8462e-06
215	29	23	38	39	24	30	0.671716	0.39792	2.54947e-06	3.79545e-06
216	25	23	37	38	20	36	0.655577	0.42224	2.6602e-06	4.0578e-06
217	15	9	15	15	10	7	0.878183	0.1299	1.07019e-06	1.21865e-06
218	28	22	44	45	25	33	0.637055	0.4509	2.73522e-06	4.29354e-06
219	17	14	20	21	15	7	0.845709	0.16758	1.31705e-06	1.55733e-06
220	34	27	35	38	26	22	0.704096	0.35084	2.33333e-06	3.31394e-06
221	21	15	39	42	28	38	0.632826	0.45756	2.77802e-06	4.38986e-06
222	20	15	31	35	18	28	0.695865	0.3626	2.41005e-06	3.4634e-06
223	24	21	18	18	13	7	0.861793	0.14874	1.19616e-06	1.38799e-06
224	21	17	55	57	28	93	0.435065	0.83226	3.54965e-06	8.1589e-06
225	26	21	58	58	28	53	0.530179	0.63454	3.2288e-06	6.09002e-06
226	19	16	15	15	11	5	0.887187	0.1197	9.86889e-07	1.11238e-06
227	29	21	40	44	27	28	0.657625	0.41912	2.61171e-06	3.97142e-06
228	25	20	48	55	30	76	0.480465	0.733	3.43184e-06	7.14274e-06
229	28	22	36	37	23	22	0.708532	0.34456	2.30804e-06	3.25749e-06
230	21	14	24	25	21	4	0.837445	0.1774	1.35978e-06	1.62372e-06
231	18	12	10	10	9	1	0.934354	0.0679	5.77066e-07	6.17609e-07
232	23	19	40	42	18	48	0.601361	0.50856	2.95941e-06	4.92119e-06
233	18	12	25	25	16	30	0.733447	0.31	2.20414e-06	3.00519e-06
234	26	20	28	30	18	16	0.763379	0.27	1.9417e-06	2.54356e-06
235	25	21	24	27	9	59	0.624715	0.47046	2.91051e-06	4.65894e-06
236	30	26	41	43	24	39	0.625665	0.46894	2.81514e-06	4.49944e-06
237	18	15	26	27	21	8	0.810292	0.21036	1.57938e-06	1.94915e-06
238	33	24	40	44	22	86	0.489231	0.71492	3.45062e-06	7.05315e-06
239	21	16	13	14	9	8	0.87922	0.12872	1.06854e-06	1.21533e-06
240	21	12	44	44	30	18	0.692034	0.36812	2.38066e-06	3.44009e-06
241	24	17	21	23	13	23	0.769711	0.26174	1.93995e-06	2.52036e-06
242	29	24	34	34	20	51	0.622744	0.47362	2.88269e-06	4.62901e-06
243	27	22	32	34	19	29	0.696686	0.36142	2.41059e-06	3.46008e-06
244	13	12	21	23	9	42	0.698626	0.35864	2.46607e-06	3.52989e-06
245	30	23	27	29	17	23	0.741248	0.29942	2.11926e-06	2.85904e-06
246	19	17	44	45	26	25	0.663584	0.4101	2.56706e-06	3.86847e-06
247	39	31	55	56	38	23	0.62564	0.46898	2.74226e-06	4.38313e-06
248	28	22	37	39	24	26	0.685559	0.37752	2.4563e-06	3.58292e-06
249	23	20	33	33	25	12	0.764571	0.26844	1.91171e-06	2.50037e-06
250	18	14	24	27	18	12	0.79393	0.23076	1.71623e-06	2.16168e-06
251	23	17	21	22	15	22	0.77852	0.25036	1.87684e-06	2.41078e-06
252	27	24	51	51	27	53	0.554006	0.59058	3.155e-06	5.69489e-06
253	27	24	34	34	20	31	0.689616	0.37162	2.45941e-06	3.56635e-06
254	22	16	38	39	25	27	0.682072	0.38262	2.48005e-06	3.63605e-06
255	19	16	33	34	21	35	0.675691	0.39202	2.55335e-06	3.77888e-06
256	25	19	37	40	31	13	0.727967	0.3175	2.14651e-06	2.94864e-06
257	22	20	23	23	18	5	0.843715	0.16994	1.31954e-06	1.56396e-06
258	25	18	22	22	16	7	0.840415	0.17386	1.35624e-06	1.61378e-06
259	25	18	30	33	17	29	0.701075	0.35514	2.3862e-06	3.40363e-06
260	12	11	18	18	11	14	0.83157	0.18444	1.4635e-06	1.75992e-06
261	28	25	30	34	23	20	0.729409	0.31552	2.17501e-06	2.98188e-06
262	21	17	32	34	15	39	0.662046	0.41242	2.6425e-06	3.99141e-06
263	32	29	62	64	34	63	0.485187	0.72322	3.37692e-06	6.96004e-06
264	20	18	24	24	18	9	0.821503	0.19662	1.50577e-06	1.83294e-06
265	23	22	48	48	34	44	0.591059	0.52584	2.98328e-06	5.04735e-06
266	22	19	30	30	18	15	0.767283	0.2649	1.91086e-06	2.49043e-06
267	32	28	59	61	39	35	0.570307	0.56158	3.02432e-06	5.30297e-06
268	25	20	51	52	32	28	0.625402	0.46936	2.76616e-06	4.423e-06
269	18	11	8	8	7	1	0.946163	0.05534	4.77542e-07	5.04714e-07
270	28	24	33	34	19	26	0.707428	0.34612	2.33499e-06	3.30068e-06
271	16	13	14	14	12	2	0.90654	0.09812	8.12743e-07	8.96533e-07
272	33	28	33	40	23	41	0.631094	0.4603	2.79976e-06	4.43637e-06
273	20	15	29	31	16	38	0.678087	0.38848	2.55567e-06	3.76894e-06
274	24	18	41	42	28	30	0.659179	0.41676	2.61351e-06	3.9648e-06
275	22	18	27	28	17	20	0.757418	0.27784	2.002e-06	2.6432e-06
276	22	16	13	13	11	2	0.912251	0.09184	7.66369e-07	8.40085e-07
277	25	19	18	18	15	4	0.87508	0.13344	1.07511e-06	1.22859e-06
278	21	17	32	36	26	19	0.723988	0.32298	2.20212e-06	3.04164e-06
279	33	27	93	98	52	122	0.290068	1.23764	3.48491e-06	1.20141e-05
280	25	21	32	33	21	30	0.697509	0.36024	2.41113e-06	3.45677e-06
281	30	24	39	41	20	49	0.602071	0.50738	2.96091e-06	4.91788e-06
282	21	17	42	44	23	40	0.618585	0.48032	2.85107e-06	4.60902e-06
283	19	14	26	27	16	19	0.766087	0.26646	1.94097e-06	2.53362e-06
284	23	18	15	15	11	4	0.891723	0.1146	9.44554e-07	1.05925e-06
285	26	18	35	35	22	25	0.706593	0.3473	2.33458e-06	3.304e-06
286	26	21	26	26	18	11	0.803017	0.21938	1.64787e-06	2.0521e-06
287	23	17	24	24	18	7	0.829925	0.18642	1.43301e-06	1.72667e-06
288	29	25	29	31	22	16	0.7586	0.27628	1.97237e-06	2.60001e-06
289	18	13	30	31	13	38	0.678087	0.38848	2.55567e-06	3.76894e-06
290	20	11	13	14	9	11	0.86587	0.14402	1.19034e-06	1.37473e-06
291	21	16	8	9	8	1	0.94024	0.06162	5.27627e-07	5.61162e-07
292	22	20	48	51	26	74	0.497739	0.69768	3.38994e-06	6.81068e-06
293	24	15	22	24	16	12	0.809029	0.21192	1.61186e-06	1.99234e-06
294	32	22	42	44	20	52	0.581863	0.54152	3.05282e-06	5.24662e-06
295	26	19	38	42	23	42	0.620047	0.47796	2.8537e-06	4.60239e-06
296	13	10	24	26	13	42	0.685587	0.37748	2.53615e-06	3.69923e-06
297	30	20	34	35	16	49	0.62519	0.4697	2.86286e-06	4.57919e-06
298	18	12	11	11	6	8	0.895942	0.10988	9.37145e-07	1.04599e-06
299	38	33	58	63	37	46	0.532464	0.63024	3.19496e-06	6.00033e-06
300	21	19	28	29	21	10	0.792059	0.23312	1.71743e-06	2.16831e-06
301	24	15	26	27	19	9	0.806171	0.21546	1.61418e-06	2.00228e-06
302	19	11	11	11	9	3	0.919082	0.08438	7.17181e-07	7.80323e-07
303	22	20	16	17	12	6	0.871656	0.13736	1.11433e-06	1.27841e-06
304	19	13	19	20	12	36	0.734034	0.3092	2.23275e-06	3.04175e-06
305	28	20	36	37	23	28	0.687179	0.37516	2.45755e-06	3.57629e-06
306	23	21	42	45	29	21	0.67726	0.3897	2.47602e-06	3.65594e-06
307	19	12	47	47	28	41	0.603952	0.50426	2.91799e-06	4.8315e-06
308	30	21	29	32	22	14	0.76158	0.27236	1.94217e-06	2.55019e-06
309	22	15	12	12	9	4	0.908682	0.09576	8.0864e-07	8.89904e-07
310	27	19	19	21	16	11	0.828631	0.18798	1.46657e-06	1.76986e-06
311	24	20	17	19	14	7	0.856398	0.15502	1.23701e-06	1.44444e-06
312	15	10	16	19	9	19	0.805558	0.21622	1.6772e-06	2.08204e-06
313	27	20	58	63	33	72	0.46634	0.76284	3.44242e-06	7.38179e-06
314	33	25	46	48	32	35	0.618821	0.47994	2.82748e-06	4.56915e-06
315	32	26	44	44	30	20	0.685011	0.37832	2.4293e-06	3.54636e-06
316	19	13	23	23	17	7	0.835153	0.18014	1.3949e-06	1.67023e-06
317	20	17	33	33	17	46	0.642852	0.44184	2.7687e-06	4.3069e-06
318	22	19	12	12	12	0	0.92741	0.07536	6.28201e-07	6.77371e-07
319	22	15	27	28	18	13	0.784946	0.24214	1.78282e-06	2.27126e-06
320	25	19	21	21	16	9	0.837127	0.17778	1.39264e-06	1.6636e-06
321	19	14	32	32	27	5	0.797351	0.22646	1.6521e-06	2.07199e-06
322	28	22	34	35	20	31	0.685299	0.3779	2.4827e-06	3.6228e-06
323	16	13	21	21	12	14	0.81605	0.20328	1.57438e-06	1.92926e-06
324	33	27	35	37	30	8	0.760971	0.27316	1.9128e-06	2.51363e-06
325	20	15	36	42	20	57	0.574382	0.55446	3.10132e-06	5.39939e-06
326	22	17	31	31	21	13	0.770296	0.26098	1.87999e-06	2.44061e-06
327	23	18	36	37	24	21	0.712155	0.33946	2.282e-06	3.20436e-06
328	24	18	36	36	32	4	0.781547	0.24648	1.7543e-06	2.24465e-06
329	27	22	31	33	21	19	0.737758	0.30414	2.11906e-06	2.8723e-06
330	22	18	42	43	28	47	0.600652	0.50974	2.95791e-06	4.92451e-06
331	15	11	11	11	10	1	0.928505	0.07418	6.25865e-07	6.74057e-07
332	20	16	28	32	16	35	0.684231	0.37946	2.50838e-06	3.66599e-06
333	33	30	33	36	21	24	0.70576	0.34848	2.33417e-06	3.30731e-06
334	20	18	15	16	12	7	0.872686	0.13618	1.11276e-06	1.27509e-06
335	21	16	10	10	7	6	0.910829	0.0934	8.04513e-07	8.83275e-07
336	23	14	24	27	15	29	0.727996	0.31746	2.23127e-06	3.06495e-06
337	31	25	59	61	43	27	0.594057	0.52078	2.89775e-06	4.8779e-06
338	26	21	50	53	31	45	0.569874	0.56234	3.06747e-06	5.38272e-06
339	24	19	45	47	26	41	0.603952	0.50426	2.91799e-06	4.8315e-06
340	29	23	32	32	23	11	0.773322	0.25706	1.84885e-06	2.39079e-06
341	17	14	40	47	16	106	0.433545	0.83576	3.59199e-06	8.28516e-06
342	29	22	29	29	27	3	0.820846	0.19742	1.47455e-06	1.79638e-06
343	21	16	16	17	10	10	0.854055	0.15776	1.27335e-06	1.49094e-06
344	23	17	49	51	33	45	0.577077	0.54978	3.04109e-06	5.26982e-06
345	23	15	18	18	17	1	0.888572	0.11814	9.50052e-07	1.06919e-06
346	23	15	20	20	16	5	0.859762	0.1511	1.19904e-06	1.39462e-06
347	26	22	35	38	25	32	0.669088	0.40184	2.57282e-06	3.84527e-06
348	27	22	67	68	44	41	0.529332	0.63614	3.18493e-06	6.0169e-06
349	30	18	37	39	21	32	0.664899	0.40812	2.59425e-06	3.90172e-06
350	18	13	20	23	14	13	0.809985	0.21074	1.61108e-06	1.98903e-06
351	37	29	58	61	37	47	0.536451	0.62278	3.18682e-06	5.94056e-06
352	21	15	31	33	16	29	0.701075	0.35514	2.3862e-06	3.40363e-06
353	17	14	22	24	14	18	0.784648	0.24252	1.81343e-06	2.31114e-06
354	24	18	28	28	20	18	0.765183	0.26764	1.94122e-06	2.53693e-06
355	24	20	41	41	27	20	0.698039	0.35948	2.35729e-06	3.37702e-06
356	28	20	32	35	24	18	0.732274	0.3116	2.14708e-06	2.93206e-06
357	23	19	24	24	18	7	0.829925	0.18642	1.43301e-06	1.72667e-06
358	24	20	24	26	16	14	0.790824	0.23468	1.74891e-06	2.2115e-06
359	19	15	19	19	8	27	0.773353	0.25702	1.93887e-06	2.5071e-06
360	27	19	41	44	23	37	0.628123	0.46502	2.79491e-06	4.44962e-06
361	22	19	64	67	41	64	0.47371	0.74716	3.40243e-06	7.18251e-06
362	29	20	39	41	27	27	0.673559	0.39518	2.52514e-06	3.74895e-06
363	24	17	21	21	19	3	0.863139	0.14718	1.16075e-06	1.3448e-06
364	18	11	30	32	17	31	0.698332	0.35906	2.41166e-06	3.45345e-06
365	27	21	28	29	21	15	0.772116	0.25862	1.87931e-06	2.43398e-06
366	29	21	44	46	26	31	0.639557	0.44698	2.7141e-06	4.24372e-06
367	31	26	21	22	17	8	0.836139	0.17896	1.39377e-06	1.66691e-06
368	19	14	27	27	19	11	0.797989	0.22566	1.6826e-06	2.10855e-06
369	24	20	25	26	23	4	0.832202	0.18368	1.39824e-06	1.68017e-06
370	22	16	21	21	12	20	0.791457	0.23388	1.77925e-06	2.24806e-06
371	33	24	32	33	20	30	0.697509	0.36024	2.41113e-06	3.45677e-06
372	25	21	44	48	35	15	0.685272	0.37794	2.40289e-06	3.50648e-06
373	21	16	23	25	12	37	0.707725	0.3457	2.39007e-06	3.37712e-06
374	27	25	51	54	33	58	0.529978	0.63492	3.24871e-06	6.1299e-06
375	15	14	36	37	22	29	0.683684	0.38026	2.48138e-06	3.62942e-06
376	32	25	63	64	32	62	0.487668	0.71812	3.36828e-06	6.9069e-06
377	20	14	40	42	25	36	0.639314	0.44736	2.73856e-06	4.28359e-06
378	19	16	8	8	7	1	0.946163	0.05534	4.77542e-07	5.04714e-07
379	22	17	23	23	18	5	0.843715	0.16994	1.31954e-06	1.56396e-06
380	25	21	28	29	22	8	0.800179	0.22292	1.65001e-06	2.06205e-06
381	25	20	43	47	25	33	0.629103	0.46346	2.7721e-06	4.40643e-06
382	7	4	7	7	6	1	0.952124	0.04906	4.26805e-07	4.48266e-07
383	18	16	43	46	26	38	0.617127	0.48268	2.84844e-06	4.61565e-06
384	23	19	36	36	22	26	0.698598	0.35868	2.38472e-06	3.41358e-06
385	32	24	73	78	46	55	0.462856	0.77034	3.39053e-06	7.32524e-06
386	20	17	24	25	12	32	0.726004	0.3202	2.25893e-06	3.11145e-06
387	22	19	32	34	18	58	0.600904	0.50932	3.00509e-06	5.00094e-06
388	23	18	27	29	14	42	0.672791	0.39632	2.60274e-06	3.86857e-06
389	16	11	20	20	17	4	0.864158	0.146	1.15925e-06	1.34148e-06
390	25	22	43	46	29	26	0.656075	0.42148	2.6099e-06	3.97805e-06
391	26	20	25	26	16	16	0.782798	0.24488	1.81435e-06	2.31777e-06
392	29	25	47	48	36	18	0.674867	0.39324	2.47398e-06	3.66588e-06
393	17	11	11	12	8	5	0.90406	0.10086	8.52562e-07	9.43037e-07
394	29	19	23	23	14	16	0.797686	0.22604	1.71377e-06	2.14843e-06
395	21	15	35	37	19	56	0.595735	0.51796	3.01681e-06	5.06402e-06
396	24	20	37	42	23	49	0.598302	0.51366	2.97615e-06	4.97433e-06
397	23	17	28	32	18	30	0.701903	0.35396	2.38669e-06	3.40032e-06
398	16	9	28	28	15	30	0.719758	0.32884	2.28489e-06	3.17453e-06
399	26	24	47	48	33	21	0.66462	0.40854	2.54236e-06	3.82528e-06
400	29	18	37	40	23	31	0.664115	0.4093	2.59339e-06	3.90503e-06
401	29	24	41	47	30	24	0.658652	0.41756	2.58734e-06	3.92823e-06
402	18	14	21	21	15	7	0.845709	0.16758	1.31705e-06	1.55733e-06
403	27	17	47	51	31	32	0.616634	0.48348	2.82362e-06	4.57909e-06
404	21	19	51	59	28	107	0.400028	0.91622	3.60652e-06	9.01566e-06
405	27	18	58	62	34	122	0.363651	1.01156	3.62997e-06	9.982e-06
406	24	21	34	35	22	32	0.681813	0.383	2.5063e-06	3.67593e-06
407	25	22	42	47	30	30	0.638802	0.44816	2.71302e-06	4.24703e-06
408	26	23	60	60	36	43	0.550956	0.5961	3.12479e-06	5.67158e-06
409	34	24	37	38	29	16	0.725975	0.32024	2.1744e-06	2.99514e-06
410	26	24	42	45	24	36	0.627382	0.4662	2.79369e-06	4.45294e-06
411	21	8	12	13	10	4	0.902993	0.10204	8.54549e-07	9.46352e-07
412	26	18	29	29	14	37	0.690168	0.37082	2.48661e-06	3.60291e-06
413	21	15	30	32	17	26	0.716369	0.33356	2.28363e-06	3.18779e-06
414	31	20	54	54	32	28	0.617596	0.48192	2.80136e-06	4.5359e-06
415	24	21	51	54	30	45	0.566306	0.56862	3.08023e-06	5.43916e-06
416	12	7	28	30	12	49	0.645132	0.4383	2.7721e-06	4.29695e-06
417	27	18	48	49	29	50	0.569657	0.56272	3.08902e-06	5.42259e-06
418	22	16	26	27	12	54	0.64085	0.44496	2.81543e-06	4.39328e-06
419	31	23	26	26	23	4	0.832202	0.18368	1.39824e-06	1.68017e-06
420	19	15	36	37	16	82	0.521754	0.65056	3.36295e-06	6.44548e-06
421	23	19	46	46	31	32	0.636303	0.45208	2.7341e-06	4.29685e-06
422	22	17	47	54	27	54	0.5409	0.61452	3.2007e-06	5.91736e-06
423	11	9	23	23	15	17	0.793628	0.23114	1.74722e-06	2.20156e-06
424	24	18	33	33	25	12	0.764571	0.26844	1.91171e-06	2.50037e-06
425	22	18	46	47	29	33	0.629103	0.46346	2.7721e-06	4.40643e-06
426	27	19	21	22	15	10	0.827654	0.18916	1.46758e-06	1.77318e-06
427	15	12	20	21	11	19	0.795504	0.22878	1.74607e-06	2.19493e-06
428	31	25	70	76	34	104	0.365065	1.00768	3.58343e-06	9.81587e-06
429	19	12	26	28	14	25	0.738348	0.30334	2.14775e-06	2.90886e-06
430	21	17	23	25	15	17	0.783723	0.2437	1.81389e-06	2.31445e-06
431	22	19	38	45	18	87	0.483695	0.7263	3.46458e-06	7.16273e-06
432	27	18	41	42	25	30	0.659179	0.41676	2.61351e-06	3.9648e-06
433	25	17	22	23	16	8	0.830905	0.18524	1.43195e-06	1.72336e-06
434	24	19	27	29	19	14	0.776064	0.25352	1.84769e-06	2.38085e-06
435	28	23	41	43	25	60	0.56212	0.57604	3.15644e-06	5.61524e-06
436	9	6	16	16	7	30	0.776095	0.25348	1.93803e-06	2.49716e-06
437	23	16	17	17	14	3	0.885095	0.12206	9.90429e-07	1.11901e-06
438	29	20	43	46	24	61	0.548823	0.59998	3.20387e-06	5.83771e-06
439	23	20	46	49	30	36	0.611818	0.49132	2.86253e-06	4.67873e-06
440	23	19	29	29	15	39	0.683164	0.38102	2.53398e-06	3.70918e-06
441	19	16	13	13	11	3	0.90761	0.09694	8.10694e-07	8.93218e-07
442	25	16	31	34	23	21	0.725699	0.32062	2.20251e-06	3.03502e-06
443	27	21	33	33	25	11	0.768481	0.26334	1.88065e-06	2.44724e-06
444	28	23	38	41	30	15	0.716068	0.33398	2.22794e-06	3.11135e-06
445	17	11	18	19	11	19	0.805558	0.21622	1.6772e-06	2.08204e-06
446	20	15	14	14	12	3	0.901929	0.10322	8.56531e-07	9.49666e-07
447	20	15	39	42	18	47	0.604436	0.50346	2.94243e-06	4.86806e-06
448	28	21	23	23	17	9	0.826678	0.19034	1.46859e-06	1.77649e-06
449	23	17	51	54	29	47	0.560559	0.57882	3.10854e-06	5.54543e-06
450	21	15	16	17	15	2	0.889621	0.11696	9.48225e-07	1.06588e-06
451	26	23	42	45	32	16	0.694752	0.3642	2.3554e-06	3.39027e-06
452	24	19	36	37	20	28	0.687179	0.37516	2.45755e-06	3.57629e-06
453	29	23	34	35	22	23	0.713837	0.3371	2.28266e-06	3.19773e-06
454	17	14	20	21	12	18	0.799571	0.22368	1.71252e-06	2.1418e-06
455	35	27	58	61	31	90	0.430813	0.84208	3.54357e-06	8.22529e-06
456	21	17	30	30	16	34	0.696422	0.3618	2.43745e-06	3.49996e-06
457	29	21	49	54	28	47	0.560559	0.57882	3.10854e-06	5.54543e-06
458	23	19	41	44	24	43	0.609193	0.49562	2.90489e-06	4.76842e-06
459	27	24	54	57	30	63	0.506992	0.67926	3.32835e-06	6.5649e-06
460	26	22	45	46	27	39	0.613988	0.48778	2.86658e-06	4.66878e-06
461	12	8	17	17	15	2	0.889621	0.11696	9.48225e-07	1.06588e-06
462	29	24	31	34	18	41	0.655328	0.42262	2.68532e-06	4.09768e-06
463	22	19	74	78	41	91	0.38522	0.95394	3.55868e-06	9.23803e-06
464	21	17	35	35	25	14	0.747366	0.2912	2.03249e-06	2.71953e-06
465	27	20	48	52	30	36	0.6004	0.51016	2.91078e-06	4.84807e-06
466	19	13	18	18	15	4	0.87508	0.13344	1.07511e-06	1.22859e-06
467	24	19	16	16	14	3	0.890671	0.11578	9.46393e-07	1.06256e-06
468	32	24	36	40	18	72	0.538806	0.6184	3.27782e-06	6.08349e-06
469	26	18	38	38	21	53	0.601132	0.50894	2.98226e-06	4.96107e-06
470	26	20	18	19	13	9	0.847707	0.16522	1.31454e-06	1.5507e-06
471	30	23	36	38	26	17	0.722282	0.32534	2.20171e-06	3.04827e-06
472	19	13	33	35	20	30	0.688803	0.3728	2.45879e-06	3.56966e-06
473	20	16	26	27	18	25	0.742999	0.29706	2.11934e-06	2.85242e-06
474	22	19	24	27	17	28	0.731718	0.31236	2.2038e-06	3.01181e-06
475	24	18	36	36	34	2	0.78956	0.23628	1.68838e-06	2.13838e-06
476	24	16	43	51	24	71	0.505413	0.68238	3.36164e-06	6.65128e-06
477	33	26	81	85	40	125	0.309964	1.1713	3.54589e-06	1.14397e-05
478	27	20	27	27	20	9	0.806171	0.21546	1.61418e-06	2.00228e-06
479	21	15	34	37	15	54	0.601842	0.50776	2.98379e-06	4.95775e-06
480	31	25	32	34	24	14	0.752074	0.28492	2.00284e-06	2.66308e-06
481	19	14	27	27	18	24	0.746798	0.29196	2.0905e-06	2.79928e-06
482	22	18	21	23	13	23	0.769711	0.26174	1.93995e-06	2.52036e-06
483	22	16	39	40	25	20	0.702437	0.3532	2.33249e-06	3.32057e-06
484	35	27	57	59	39	31	0.589418	0.52862	2.93385e-06	4.97754e-06
485	25	21	20	22	18	5	0.849031	0.16366	1.27992e-06	1.50751e-06
486	26	17	28	30	22	18	0.755633	0.2802	2.00229e-06	2.64983e-06
487	27	20	30	33	15	29	0.701075	0.35514	2.3862e-06	3.40363e-06
488	15	13	8	8	7	1	0.946163	0.05534	4.77542e-07	5.04714e-07
489	32	26	43	44	35	10	0.720853	0.32732	2.17339e-06	3.01503e-06
490	31	26	40	41	25	27	0.673559	0.39518	2.52514e-06	3.74895e-06
491	25	20	45	48	29	26	0.647886	0.43404	2.65047e-06	4.09095e-06
492	20	17	30	30	18	17	0.759496	0.2751	1.97218e-06	2.59669e-06
493	21	13	36	41	21	67	0.549262	0.59918	3.22652e-06	5.87428e-06
494	25	23	38	41	21	81	0.511412	0.67058	3.3846e-06	6.61814e-06
495	29	23	26	27	18	17	0.773941	0.25626	1.87862e-06	2.42735e-06
496	28	21	28	30	19	16	0.763379	0.27	1.9417e-06	2.54356e-06
497	18	12	12	13	7	10	0.87578	0.13264	1.10799e-06	1.26515e-06
498	26	18	17	17	12	6	0.871656	0.13736	1.11433e-06	1.27841e-06
499	20	15	31	33	18	25	0.715524	0.33474	2.28331e-06	3.1911e-06
500	27	21	54	54	30	49	0.554871	0.58902	3.13596e-06	5.6517e-06
501	23	17	19	19	15	4	0.869602	0.13972	1.11747e-06	1.28504e-06
502	16	13	36	39	23	41	0.63507	0.45402	2.78155e-06	4.37992e-06
503	25	22	25	27	17	17	0.773941	0.25626	1.87862e-06	2.42735e-06
504	34	28	41	42	28	20	0.693669	0.36576	2.38169e-06	3.43346e-06
505	28	20	24	25	16	12	0.803965	0.2182	1.64715e-06	2.04879e-06
506	17	11	18	19	9	31	0.757736	0.27742	2.06076e-06	2.71963e-06
507	34	29	29	31	18	24	0.728272	0.31708	2.20308e-06	3.02507e-06
508	21	20	40	42	30	15	0.711585	0.34026	2.25416e-06	3.1678e-06
509	31	22	51	53	35	27	0.624665	0.47054	2.76497e-06	4.42632e-06
510	23	18	30	30	22	13	0.775149	0.2547	1.84808e-06	2.38416e-06
511	20	17	33	33	20	22	0.726556	0.31944	2.2027e-06	3.0317e-06
512	26	21	26	26	20	8	0.815397	0.20408	1.5433e-06	1.8927e-06
513	26	19	18	18	14	5	0.870628	0.13854	1.1159e-06	1.28172e-06
514	29	24	43	44	25	33	0.641068	0.44462	2.71626e-06	4.23709e-06
515	18	12	32	32	20	28	0.709099	0.34376	2.33581e-06	3.29405e-06
516	35	24	38	40	27	18	0.709638	0.343	2.28099e-06	3.2143e-06
517	21	17	17	17	14	3	0.885095	0.12206	9.90429e-07	1.11901e-06
518	25	22	47	49	25	69	0.517048	0.65962	3.32571e-06	6.43212e-06
519	27	22	33	33	24	11	0.768481	0.26334	1.88065e-06	2.44724e-06
520	16	11	16	16	13	6	0.877148	0.13108	1.07184e-06	1.22196e-06
521	26	23	40	41	21	43	0.620779	0.47678	2.85501e-06	4.59908e-06
522	14	10	15	15	13	2	0.900865	0.1044	8.58507e-07	9.5298e-07
523	34	26	43	45	29	29	0.650184	0.4305	2.6534e-06	4.081e-06
524	18	14	22	23	15	11	0.818289	0.20054	1.54064e-06	1.88276e-06
525	21	19	17	17	11	8	0.862811	0.14756	1.19471e-06	1.38467e-06
526	21	21	23	25	15	17	0.783723	0.2437	1.81389e-06	2.31445e-06
527	35	31	38	40	27	16	0.716914	0.3328	2.22819e-06	3.10804e-06
528	24	21	42	44	25	38	0.624927	0.47012	2.8139e-06	4.50276e-06
529	25	18	46	48	24	42	0.597118	0.51564	2.95041e-06	4.94108e-06
530	27	20	20	24	13	25	0.75713	0.27822	2.03144e-06	2.68307e-06
531	22	16	25	26	16	46	0.671743	0.39788	2.6277e-06	3.91176e-06
532	31	27	67	69	36	84	0.422435	0.86172	3.53074e-06	8.35807e-06
533	19	11	23	25	16	14	0.795806	0.2284	1.71501e-06	2.15505e-06
534	23	18	33	33	23	19	0.737758	0.30414	2.11906e-06	2.8723e-06
535	22	18	21	22	15	10	0.827654	0.18916	1.46758e-06	1.77318e-06
536	34	29	49	49	31	37	0.608706	0.49642	2.88031e-06	4.73186e-06
537	24	20	47	47	31	32	0.63232	0.45836	2.75268e-06	4.3533e-06
538	27	25	24	26	23	3	0.836457	0.17858	1.36095e-06	1.62704e-06
539	27	21	22	23	17	7	0.835153	0.18014	1.3949e-06	1.67023e-06
540	15	11	33	35	22	20	0.724843	0.3218	2.20231e-06	3.03833e-06
541	31	26	40	41	28	19	0.701608	0.35438	2.33206e-06	3.32388e-06
542	19	14	25	25	18	8	0.820534	0.1978	1.50671e-06	1.83626e-06
543	42	32	39	41	30	16	0.712425	0.33908	2.25446e-06	3.16448e-06
544	21	16	12	12	11	1	0.922692	0.08046	6.7403e-07	7.30504e-07
545	22	13	24	25	13	28	0.740966	0.2998	2.148e-06	2.89892e-06
546	24	19	54	57	32	54	0.530805	0.63336	3.23086e-06	6.08671e-06
547	28	26	33	37	26	13	0.741812	0.29866	2.06171e-06	2.77929e-06
548	25	17	34	34	22	26	0.707428	0.34612	2.33499e-06	3.30068e-06
549	20	15	40	41	24	49	0.602071	0.50738	2.96091e-06	4.91788e-06
550	24	18	80	83	33	143	0.28635	1.25054	3.5173e-06	1.22832e-05
551	20	17	26	29	14	37	0.690168	0.37082	2.48661e-06	3.60291e-06
552	29	17	27	27	15	19	0.766087	0.26646	1.94097e-06	2.53362e-06
553	23	18	28	28	18	15	0.776981	0.25234	1.8473e-06	2.37753e-06
554	28	20	37	40	29	22	0.695308	0.3634	2.38271e-06	3.42683e-06
555	25	20	31	33	17	30	0.697509	0.36024	2.41113e-06	3.45677e-06
556	24	19	29	30	14	48	0.648431	0.4332	2.75182e-06	4.24382e-06
557	28	24	56	61	34	44	0.544722	0.60748	3.14913e-06	5.78116e-06
558	16	14	21	22	15	9	0.831886	0.18406	1.43088e-06	1.72005e-06
559	33	28	34	34	24	14	0.752074	0.28492	2.00284e-06	2.66308e-06
560	20	10	23	23	18	6	0.839423	0.17504	1.35743e-06	1.61709e-06
561	27	21	45	46	32	23	0.66619	0.40618	2.54395e-06	3.81865e-06
562	23	21	15	16	12	5	0.881632	0.12598	1.03048e-06	1.16883e-06
563	22	16	24	26	16	26	0.743877	0.29588	2.11938e-06	2.8491e-06
564	26	25	69	75	43	78	0.419455	0.8688	3.51417e-06	8.37796e-06
565	16	10	24	25	14	33	0.722311	0.3253	2.28581e-06	3.16459e-06
566	29	24	30	33	20	19	0.737758	0.30414	2.11906e-06	2.8723e-06
567	17	12	25	25	14	21	0.767897	0.2641	1.94047e-06	2.52699e-06
568	35	28	40	45	27	32	0.640312	0.4458	2.71518e-06	4.2404e-06
569	21	15	51	51	27	44	0.580027	0.54468	3.02582e-06	5.21669e-06
570	27	17	31	31	19	22	0.735739	0.30688	2.14748e-06	2.91881e-06
571	29	23	48	48	32	29	0.638049	0.44934	2.71193e-06	4.25035e-06
572	22	18	21	22	15	14	0.810941	0.20956	1.6103e-06	1.98571e-06
573	18	12	11	11	8	3	0.919082	0.08438	7.17181e-07	7.80323e-07
574	20	14	19	21	13	11	0.828631	0.18798	1.46657e-06	1.76986e-06
575	29	26	44	46	27	43	0.601589	0.50818	2.93655e-06	4.88132e-06
576	27	20	19	19	16	4	0.869602	0.13972	1.11747e-06	1.28504e-06
577	22	18	33	33	24	18	0.74153	0.29904	2.0905e-06	2.81917e-06
578	21	17	25	25	18	14	0.795806	0.2284	1.71501e-06	2.15505e-06
579	21	17	24	26	15	23	0.755346	0.28058	2.03165e-06	2.6897e-06
580	24	18	23	25	16	16	0.78773	0.2386	1.78131e-06	2.26132e-06
581	26	17	36	37	26	17	0.726832	0.31906	2.17455e-06	2.99183e-06
582	26	23	17	17	15	2	0.889621	0.11696	9.48225e-07	1.06588e-06
583	13	8	9	10	7	6	0.910829	0.0934	8.04513e-07	8.83275e-07
584	30	21	31	33	16	34	0.683424	0.38064	2.50769e-06	3.6693e-06
585	18	17	31	33	21	26	0.711884	0.33984	2.30952e-06	3.24423e-06
586	25	21	31	35	20	24	0.710206	0.3422	2.30878e-06	3.25086e-06
587	22	18	24	24	14	18	0.784648	0.24252	1.81343e-06	2.31114e-06
588	24	20	49	53	30	36	0.596641	0.51644	2.92624e-06	4.90452e-06
589	24	20	16	16	10	16	0.833535	0.18208	1.46143e-06	1.75329e-06
590	31	22	50	55	33	40	0.577296	0.5494	3.01923e-06	5.22995e-06
591	27	20	21	22	13	25	0.7667	0.26566	1.97055e-06	2.57018e-06
592	14	12	15	15	8	12	0.856073	0.1554	1.27068e-06	1.48431e-06
593	31	25	28	31	18	22	0.735739	0.30688	2.14748e-06	2.91881e-06
594	19	17	46	51	20	84	0.47299	0.74868	3.4727e-06	7.34202e-06
595	23	19	56	57	35	35	0.584815	0.53646	2.96921e-06	5.07718e-06
596	22	18	36	40	20	45	0.61835	0.4807	2.87465e-06	4.6489e-06
597	22	16	38	45	20	53	0.575279	0.5529	3.08131e-06	5.3562e-06
598	34	25	83	87	36	147	0.273608	1.29606	3.48071e-06	1.27215e-05
599	31	27	53	55	38	22	0.632801	0.4576	2.7043e-06	4.27355e-06
600	27	21	40	47	25	56	0.559473	0.58076	3.14899e-06	5.6285e-06
601	19	15	21	22	15	10	0.827654	0.18916	1.46758e-06	1.77318e-06
602	23	19	29	29	21	9	0.796108	0.22802	1.68391e-06	2.11518e-06
603	20	14	27	27	20	8	0.810292	0.21036	1.57938e-06	1.94915e-06
604	31	22	37	37	28	19	0.719456	0.32926	2.22894e-06	3.09809e-06
605	22	17	28	32	22	11	0.773322	0.25706	1.84885e-06	2.39079e-06
606	24	17	19	20	14	10	0.838115	0.1766	1.39151e-06	1.66028e-06
607	25	22	47	52	24	130	0.37174	0.98956	3.65889e-06	9.84259e-06
608	19	16	49	54	25	104	0.419153	0.86952	3.59382e-06	8.57402e-06
609	28	24	42	44	22	56	0.570113	0.56192	3.11234e-06	5.45915e-06
610	16	14	20	21	13	11	0.828631	0.18798	1.46657e-06	1.76986e-06
611	30	16	40	41	34	9	0.738318	0.30338	2.06179e-06	2.79255e-06
612	20	19	38	40	23	29	0.670924	0.3991	2.54868e-06	3.79877e-06
613	17	16	13	14	8	9	0.874748	0.13382	1.10959e-06	1.26847e-06
614	23	18	42	46	21	98	0.454444	0.78868	3.54632e-06	7.80364e-06
615	25	16	13	13	11	3	0.90761	0.09694	8.10694e-07	8.93218e-07
616	25	21	25	25	18	12	0.803965	0.2182	1.64715e-06	2.04879e-06
617	17	14	33	34	29	6	0.783394	0.24412	1.75325e-06	2.23802e-06
618	28	22	29	29	18	24	0.737477	0.30452	2.14766e-06	2.91218e-06
619	17	16	24	25	18	9	0.81636	0.2029	1.54242e-06	1.88939e-06
620	34	26	50	54	37	25	0.627118	0.46662	2.74458e-06	4.3765e-06
621	20	15	34	35	21	24	0.710206	0.3422	2.30878e-06	3.25086e-06
622	18	11	34	35	20	24	0.710206	0.3422	2.30878e-06	3.25086e-06
623	23	20	41	44	20	89	0.481803	0.73022	3.47503e-06	7.21255e-06
624	23	17	43	47	24	55	0.562334	0.57566	3.13521e-06	5.57536e-06
625	20	18	29	33	14	41	0.659456	0.41634	2.66501e-06	4.04123e-06
626	24	16	37	38	23	19	0.714952	0.33554	2.25534e-06	3.15454e-06
627	27	24	44	48	26	47	0.582084	0.54114	3.03076e-06	5.20675e-06
628	24	17	36	45	20	60	0.555104	0.5886	3.17971e-06	5.72813e-06
629	24	18	22	23	18	6	0.839423	0.17504	1.35743e-06	1.61709e-06
630	21	15	25	26	17	12	0.798932	0.22448	1.68194e-06	2.10524e-06
631	30	25	50	55	34	33	0.598278	0.5137	2.90644e-06	4.85801e-06
632	24	20	60	65	35	70	0.465241	0.7652	3.43739e-06	7.38842e-06
633	27	22	76	81	36	191	0.227006	1.48278	3.34168e-06	1.47207e-05
634	26	20	31	32	23	11	0.773322	0.25706	1.84885e-06	2.39079e-06
635	16	12	12	12	10	2	0.917998	0.08556	7.19378e-07	7.83638e-07
636	30	20	43	45	29	26	0.660208	0.4152	2.58908e-06	3.92161e-06
637	18	14	33	36	19	37	0.660486	0.41478	2.64065e-06	3.99804e-06
638	26	19	43	43	22	45	0.60681	0.49954	2.92376e-06	4.81824e-06
639	21	17	28	30	19	16	0.763379	0.27	1.9417e-06	2.54356e-06
640	24	19	6	6	5	1	0.958122	0.04278	3.7541e-07	3.91819e-07
641	24	19	41	43	25	33	0.645106	0.43834	2.69696e-06	4.18064e-06
642	35	28	37	39	25	28	0.678602	0.38772	2.50349e-06	3.68919e-06
643	27	20	37	40	24	33	0.657375	0.4195	2.63693e-06	4.0113e-06
644	14	13	18	18	14	4	0.87508	0.13344	1.07511e-06	1.22859e-06
645	30	20	37	41	26	28	0.670132	0.40028	2.5479e-06	3.80208e-06
646	19	14	28	30	20	13	0.775149	0.2547	1.84808e-06	2.38416e-06
647	29	21	17	20	13	8	0.846707	0.1664	1.3158e-06	1.55402e-06
648	22	20	20	20	15	6	0.855388	0.1562	1.23839e-06	1.44775e-06
649	18	14	19	20	12	13	0.825389	0.1919	1.50195e-06	1.81968e-06
650	24	19	31	33	21	20	0.734005	0.30924	2.14728e-06	2.92543e-06
651	21	16	36	38	21	38	0.648924	0.43244	2.70216e-06	4.16407e-06
652	27	17	55	56	26	68	0.497341	0.69848	3.36905e-06	6.77412e-06
653	22	18	34	37	25	25	0.697774	0.35986	2.38422e-06	3.41689e-06
654	34	29	67	73	39	82	0.416179	0.87664	3.5282e-06	8.4776e-06
655	24	20	32	32	22	26	0.716369	0.33356	2.28363e-06	3.18779e-06
656	24	19	15	15	12	4	0.891723	0.1146	9.44554e-07	1.05925e-06
657	22	19	45	50	26	51	0.563212	0.5741	3.11578e-06	5.53217e-06
658	21	14	33	33	21	27	0.708263	0.34494	2.3354e-06	3.29737e-06
659	25	21	16	16	14	2	0.895225	0.11068	9.03665e-07	1.00943e-06
660	27	21	44	47	22	60	0.548175	0.60116	3.20191e-06	5.84103e-06
661	28	21	44	45	29	28	0.653508	0.4254	2.63225e-06	4.02787e-06
662	25	20	53	56	35	41	0.570764	0.56078	3.04761e-06	5.33953e-06
663	32	25	36	36	29	8	0.765765	0.26688	1.88162e-06	2.45718e-06
664	20	14	30	30	25	6	0.803322	0.219	1.61647e-06	2.01223e-06
665	21	20	44	45	31	28	0.653508	0.4254	2.63225e-06	4.02787e-06
666	23	17	36	40	22	48	0.608962	0.496	2.92807e-06	4.8083e-06
667	19	12	25	27	15	25	0.742999	0.29706	2.11934e-06	2.85242e-06
668	25	21	31	32	16	27	0.712725	0.33866	2.30988e-06	3.24092e-06
669	18	13	42	44	23	41	0.615439	0.48542	2.86927e-06	4.66216e-06
670	28	21	15	16	13	3	0.890671	0.11578	9.46393e-07	1.06256e-06
671	16	12	21	24	13	66	0.61427	0.48732	2.9863e-06	4.86153e-06
672	33	29	44	47	27	37	0.616399	0.48386	2.84713e-06	4.61897e-06
673	20	12	23	23	16	13	0.809985	0.21074	1.61108e-06	1.98903e-06
674	28	25	42	44	23	43	0.609193	0.49562	2.90489e-06	4.76842e-06
675	23	17	26	26	21	6	0.823757	0.19388	1.47159e-06	1.78644e-06
676	25	21	54	59	25	82	0.454426	0.78872	3.49332e-06	7.68733e-06
677	25	18	41	46	23	63	0.543253	0.61018	3.22909e-06	5.94398e-06
678	13	12	9	10	6	5	0.915486	0.0883	7.59984e-07	8.30142e-07
679	20	16	45	46	24	59	0.554449	0.58978	3.1778e-06	5.73145e-06
680	31	27	35	36	26	25	0.70217	0.35358	2.3596e-06	3.36044e-06
681	25	20	21	23	15	17	0.793628	0.23114	1.74722e-06	2.20156e-06
682	21	16	30	30	19	21	0.744159	0.2955	2.09051e-06	2.80923e-06
683	25	23	62	64	30	74	0.458718	0.77932	3.4608e-06	7.5445e-06
684	23	16	39	41	25	31	0.659957	0.41558	2.61441e-06	3.96148e-06
685	16	13	16	16	9	22	0.808415	0.21268	1.67511e-06	2.07209e-06
686	26	23	66	71	35	62	0.466695	0.76208	3.40782e-06	7.30204e-06
687	18	14	21	22	16	7	0.840415	0.17386	1.35624e-06	1.61378e-06
688	29	22	36	37	23	33	0.669878	0.40066	2.57364e-06	3.84196e-06
689	18	16	21	21	16	7	0.845709	0.16758	1.31705e-06	1.55733e-06
690	24	18	66	70	29	132	0.328637	1.1128	3.60348e-06	1.09649e-05
691	21	18	32	33	21	33	0.686918	0.37554	2.48401e-06	3.61617e-06
692	13	11	24	26	14	21	0.763089	0.27038	1.97139e-06	2.58343e-06
693	24	19	43	46	25	34	0.629846	0.46228	2.77329e-06	4.40312e-06
694	19	17	46	47	29	38	0.613264	0.48896	2.86523e-06	4.6721e-06
695	26	20	29	30	19	14	0.771206	0.2598	1.87965e-06	2.43729e-06
696	21	17	13	14	9	8	0.87922	0.12872	1.06854e-06	1.21533e-06
697	30	23	48	52	31	36	0.6004	0.51016	2.91078e-06	4.84807e-06
698	18	14	18	20	14	9	0.8424	0.1715	1.35386e-06	1.60715e-06
699	31	23	47	48	24	56	0.555971	0.58704	3.16066e-06	5.68494e-06
700	22	18	18	18	16	3	0.879554	0.12834	1.03388e-06	1.17546e-06
701	20	17	33	35	24	21	0.721156	0.3269	2.22943e-06	3.09146e-06
702	24	22	32	32	19	26	0.716369	0.33356	2.28363e-06	3.18779e-06
703	25	21	25	25	21	4	0.837445	0.1774	1.35978e-06	1.62372e-06
704	27	21	26	26	21	7	0.819566	0.19898	1.50765e-06	1.83957e-06
705	24	20	24	24	16	15	0.796745	0.22722	1.71439e-06	2.15174e-06
706	18	10	13	15	9	7	0.878183	0.1299	1.07019e-06	1.21865e-06
707	27	20	39	41	27	22	0.690955	0.36968	2.40679e-06	3.48328e-06
708	22	18	32	33	20	19	0.737758	0.30414	2.11906e-06	2.8723e-06
709	22	15	27	28	18	12	0.78896	0.23704	1.75002e-06	2.21813e-06
710	22	17	32	32	16	27	0.712725	0.33866	2.30988e-06	3.24092e-06
711	24	17	47	48	22	62	0.539215	0.61764	3.23731e-06	6.00374e-06
712	22	19	15	15	9	13	0.851718	0.1605	1.30947e-06	1.53745e-06
713	27	25	48	52	22	84	0.470029	0.75496	3.4775e-06	7.39846e-06
714	26	16	22	22	15	14	0.810941	0.20956	1.6103e-06	1.98571e-06
715	21	14	15	15	12	4	0.891723	0.1146	9.44554e-07	1.05925e-06
716	19	15	26	28	17	36	0.698067	0.35944	2.43858e-06	3.49333e-06
717	29	27	52	58	29	69	0.488635	0.71614	3.3912e-06	6.94015e-06
718	22	15	39	42	25	36	0.639314	0.44736	2.73856e-06	4.28359e-06
719	22	18	40	42	27	31	0.655826	0.42186	2.63506e-06	4.01793e-06
720	25	19	33	36	21	38	0.657126	0.41988	2.66213e-06	4.05118e-06
721	25	18	43	44	29	19	0.688514	0.37322	2.40513e-06	3.49323e-06
722	28	20	24	26	18	11	0.803017	0.21938	1.64787e-06	2.0521e-06
723	16	13	18	19	13	7	0.856398	0.15502	1.23701e-06	1.44444e-06
724	33	25	27	27	19	13	0.789891	0.23586	1.74946e-06	2.21482e-06
725	20	19	34	34	19	29	0.696686	0.36142	2.41059e-06	3.46008e-06
726	22	20	43	44	23	33	0.641068	0.44462	2.71626e-06	4.23709e-06
727	23	16	15	17	10	13	0.841087	0.17306	1.38808e-06	1.65034e-06
728	26	21	40	41	32	14	0.719729	0.32888	2.20109e-06	3.05822e-06
729	25	17	27	27	21	8	0.810292	0.21036	1.57938e-06	1.94915e-06
730	16	12	19	20	15	6	0.855388	0.1562	1.23839e-06	1.44775e-06
731	28	22	28	30	22	11	0.783096	0.2445	1.78381e-06	2.27789e-06
732	35	27	59	67	35	75	0.447867	0.80326	3.47857e-06	7.76698e-06
733	26	21	23	23	18	15	0.801765	0.22094	1.67993e-06	2.09529e-06
734	21	16	20	21	15	6	0.850033	0.16248	1.27862e-06	1.5042e-06
735	30	23	27	27	19	12	0.79393	0.23076	1.71623e-06	2.16168e-06
736	23	18	26	26	23	3	0.836457	0.17858	1.36095e-06	1.62704e-06
737	18	15	28	30	19	18	0.755633	0.2802	2.00229e-06	2.64983e-06
738	26	13	33	34	20	22	0.722007	0.32572	2.22967e-06	3.08815e-06
739	20	16	40	42	18	72	0.532081	0.63096	3.29698e-06	6.19639e-06
740	29	25	56	61	32	86	0.439692	0.82168	3.52315e-06	8.01276e-06
741	25	13	26	28	20	11	0.792994	0.23194	1.71683e-06	2.165e-06
742	29	22	46	48	37	18	0.674867	0.39324	2.47398e-06	3.66588e-06
743	21	15	36	37	18	29	0.683684	0.38026	2.48138e-06	3.62942e-06
744	18	12	20	21	11	19	0.795504	0.22878	1.74607e-06	2.19493e-06
745	23	17	9	9	9	0	0.945048	0.05652	4.80111e-07	5.08028e-07
746	24	18	66	66	37	59	0.489006	0.71538	3.35478e-06	6.8604e-06
747	26	20	44	45	26	40	0.614713	0.4866	2.86792e-06	4.66547e-06
748	15	10	5	5	4	1	0.964158	0.0365	3.23351e-07	3.35371e-07
749	30	25	49	49	32	30	0.630829	0.46072	2.75037e-06	4.35993e-06
750	18	14	11	11	8	4	0.914407	0.08948	7.62118e-07	8.33456e-07
751	24	17	32	35	21	25	0.706593	0.3473	2.33458e-06	3.304e-06
752	21	17	31	34	19	27	0.703829	0.35122	2.36051e-06	3.35381e-06
753	21	14	47	49	31	32	0.624428	0.47092	2.78881e-06	4.46619e-06
754	24	18	29	29	22	11	0.788029	0.23822	1.75056e-06	2.22145e-06
755	26	21	24	24	16	15	0.796745	0.22722	1.71439e-06	2.15174e-06
756	27	23	47	49	32	23	0.653757	0.42502	2.60718e-06	3.988e-06
757	13	9	8	8	6	3	0.936562	0.06554	5.72221e-07	6.1098e-07
758	30	22	61	62	35	49	0.527683	0.63926	3.22059e-06	6.10328e-06
759	27	21	64	66	40	65	0.474269	0.74598	3.40487e-06	7.1792e-06
760	33	27	34	35	21	38	0.661265	0.4136	2.64158e-06	3.99473e-06
761	22	17	23	25	14	20	0.771823	0.259	1.90938e-06	2.47385e-06
762	24	18	28	29	22	10	0.792059	0.23312	1.71743e-06	2.16831e-06
763	24	18	38	40	26	17	0.713267	0.3379	2.25476e-06	3.16117e-06
764	20	15	25	27	16	19	0.766087	0.26646	1.94097e-06	2.53362e-06
765	27	16	28	29	19	12	0.784021	0.24332	1.78332e-06	2.27458e-06
766	27	22	25	25	17	20	0.771823	0.259	1.90938e-06	2.47385e-06
767	31	26	29	30	25	5	0.807429	0.2139	1.58183e-06	1.95909e-06
768	19	16	17	17	13	6	0.871656	0.13736	1.11433e-06	1.27841e-06
769	26	22	30	30	18	25	0.729132	0.3159	2.20326e-06	3.02176e-06
770	22	15	50	51	32	28	0.629342	0.46308	2.74806e-06	4.36656e-06
771	26	22	35	37	20	38	0.653012	0.42616	2.68233e-06	4.10762e-06
772	25	20	30	33	21	30	0.697509	0.36024	2.41113e-06	3.45677e-06
773	14	12	17	18	13	8	0.857409	0.15384	1.23563e-06	1.44112e-06
774	28	23	38	43	23	55	0.576638	0.55054	3.08477e-06	5.34957e-06
775	15	13	22	22	12	17	0.798628	0.22486	1.71315e-06	2.14511e-06
776	32	24	58	61	37	44	0.544722	0.60748	3.14913e-06	5.78116e-06
777	20	13	24	25	12	31	0.729716	0.3151	2.2317e-06	3.05832e-06
778	20	13	7	7	6	1	0.952124	0.04906	4.26805e-07	4.48266e-07
779	22	18	37	38	26	18	0.718607	0.33044	2.22869e-06	3.10141e-06
780	28	20	33	33	15	70	0.568792	0.56424	3.17505e-06	5.58209e-06
781	25	19	12	13	11	3	0.90761	0.09694	8.10694e-07	8.93218e-07
782	18	13	26	26	17	14	0.790824	0.23468	1.74891e-06	2.2115e-06
783	28	20	15	16	15	1	0.899802	0.10558	8.60476e-07	9.56295e-07
784	16	14	36	38	23	29	0.679404	0.38654	2.50419e-06	3.68587e-06
785	33	31	62	64	36	58	0.497719	0.69772	3.33191e-06	6.69437e-06
786	23	16	9	10	4	12	0.88338	0.124	1.06189e-06	1.20207e-06
787	26	18	9	9	6	6	0.916567	0.08712	7.57843e-07	8.26828e-07
788	23	17	30	32	21	24	0.723713	0.32336	2.23014e-06	3.08152e-06
789	20	15	22	23	17	10	0.822473	0.19544	1.50482e-06	1.82963e-06
790	25	20	51	52	33	36	0.6004	0.51016	2.91078e-06	4.84807e-06
791	21	14	22	22	12	26	0.7628	0.27076	2.00106e-06	2.62331e-06
792	29	25	39	40	26	23	0.691771	0.3685	2.40734e-06	3.47997e-06
793	23	16	33	35	22	27	0.699423	0.3575	2.38521e-06	3.41026e-06
794	32	28	32	33	25	9	0.776359	0.25314	1.81743e-06	2.34097e-06
795	21	17	46	49	28	37	0.608706	0.49642	2.88031e-06	4.73186e-06
796	20	18	27	28	17	15	0.776981	0.25234	1.8473e-06	2.37753e-06
797	23	21	45	47	33	23	0.66202	0.41246	2.56539e-06	3.8751e-06
798	12	9	7	8	7	1	0.946163	0.05534	4.77542e-07	5.04714e-07
799	26	20	31	31	21	13	0.770296	0.26098	1.87999e-06	2.44061e-06
800	24	16	42	45	23	57	0.563662	0.5733	3.13889e-06	5.56873e-06
801	29	22	40	43	20	55	0.576638	0.55054	3.08477e-06	5.34957e-06
802	18	10	20	20	11	16	0.812857	0.2072	1.60871e-06	1.97908e-06
803	29	20	32	34	24	15	0.748249	0.29002	2.03241e-06	2.71622e-06
804	21	21	13	14	9	15	0.848386	0.16442	1.34661e-06	1.58726e-06
805	23	22	41	41	30	14	0.719729	0.32888	2.20109e-06	3.05822e-06
806	24	18	19	21	11	26	0.767605	0.26448	1.97034e-06	2.56686e-06
807	28	19	31	32	21	17	0.750017	0.28766	2.03224e-06	2.70959e-06
808	26	19	26	26	16	18	0.774855	0.25508	1.87827e-06	2.42404e-06
809	13	12	23	23	12	21	0.777602	0.25154	1.8772e-06	2.41409e-06
810	30	26	22	23	18	8	0.830905	0.18524	1.43195e-06	1.72336e-06
811	18	14	23	23	14	15	0.801765	0.22094	1.67993e-06	2.09529e-06
812	38	31	38	40	24	47	0.612075	0.4909	2.91052e-06	4.75516e-06
813	32	26	49	54	27	69	0.501065	0.69102	3.36433e-06	6.71436e-06
814	25	21	42	44	18	48	0.593855	0.52112	2.98952e-06	5.03409e-06
815	24	20	35	36	22	23	0.709369	0.34338	2.30841e-06	3.25418e-06
816	20	17	40	42	27	28	0.665937	0.40656	2.56954e-06	3.85853e-06
817	27	21	33	34	22	14	0.752074	0.28492	2.00284e-06	2.66308e-06
818	29	26	39	40	27	27	0.677802	0.3889	2.50278e-06	3.6925e-06
819	24	19	45	48	24	56	0.555971	0.58704	3.16066e-06	5.68494e-06
820	19	15	32	33	14	59	0.601614	0.50814	3.00664e-06	4.99763e-06
821	22	17	23	26	15	28	0.736328	0.30608	2.17612e-06	2.95537e-06
822	22	20	18	18	12	10	0.848708	0.16404	1.31328e-06	1.54739e-06
823	28	23	48	50	32	49	0.568986	0.5639	3.08726e-06	5.42591e-06
824	24	18	29	29	21	11	0.788029	0.23822	1.75056e-06	2.22145e-06
825	17	10	27	31	19	18	0.750902	0.28648	2.03215e-06	2.70627e-06
826	27	21	40	41	19	56	0.580956	0.54308	3.07315e-06	5.28981e-06
827	35	28	48	48	31	25	0.651199	0.42894	2.62942e-06	4.03781e-06
828	32	27	73	78	45	83	0.401262	0.91314	3.53631e-06	8.81297e-06
829	19	18	30	33	21	23	0.72286	0.32454	2.2299e-06	3.08483e-06
830	23	20	47	49	24	78	0.493852	0.70552	3.41267e-06	6.91032e-06
831	22	19	27	28	19	18	0.765183	0.26764	1.94122e-06	2.53693e-06
832	31	21	49	52	26	80	0.479716	0.73456	3.44721e-06	7.18593e-06
833	25	22	45	47	33	21	0.668807	0.40226	2.52062e-06	3.76883e-06
834	20	18	16	17	15	3	0.885095	0.12206	9.90429e-07	1.11901e-06
835	28	22	46	47	27	38	0.613264	0.48896	2.86523e-06	4.6721e-06
836	16	13	12	12	8	7	0.894885	0.11106	9.39006e-07	1.0493e-06
837	32	26	33	34	24	25	0.711045	0.34102	2.30915e-06	3.24755e-06
838	20	18	24	24	15	14	0.800819	0.22212	1.68061e-06	2.09861e-06
839	25	20	39	42	22	36	0.639314	0.44736	2.73856e-06	4.28359e-06
840	16	12	5	5	4	1	0.964158	0.0365	3.23351e-07	3.35371e-07
841	22	20	31	32	24	11	0.773322	0.25706	1.84885e-06	2.39079e-06
842	25	20	15	18	13	7	0.861793	0.14874	1.19616e-06	1.38799e-06
843	23	22	35	37	19	37	0.656351	0.42106	2.66117e-06	4.05449e-06
844	28	22	46	46	28	32	0.636303	0.45208	2.7341e-06	4.29685e-06
845	20	13	16	16	16	0	0.904403	0.10048	8.16822e-07	9.03162e-07
846	25	20	35	36	19	52	0.611843	0.49128	2.93381e-06	4.79504e-06
847	20	14	16	16	14	2	0.895225	0.11068	9.03665e-07	1.00943e-06
848	21	16	16	19	13	6	0.860777	0.14992	1.1976e-06	1.3913e-06
849	23	13	7	7	7	0	0.956992	0.04396	3.78139e-07	3.95133e-07
850	32	28	38	43	28	20	0.689327	0.37204	2.40569e-06	3.48991e-06
851	26	19	27	31	19	16	0.7586	0.27628	1.97237e-06	2.60001e-06
852	25	23	40	41	24	24	0.683943	0.37988	2.45505e-06	3.58955e-06
853	29	24	33	39	18	69	0.55056	0.59682	3.23049e-06	5.86765e-06
854	17	12	14	14	11	3	0.901929	0.10322	8.56531e-07	9.49666e-07
855	16	10	32	35	21	30	0.688803	0.3728	2.45879e-06	3.56966e-06
856	21	18	26	29	15	52	0.639339	0.44732	2.81303e-06	4.39991e-06
857	24	17	34	39	23	71	0.544972	0.60702	3.25562e-06	5.97391e-06
858	23	14	12	12	11	1	0.922692	0.08046	6.7403e-07	7.30504e-07
859	31	22	41	44	28	29	0.65428	0.42422	2.63319e-06	4.02456e-06
860	26	21	40	43	21	67	0.542406	0.61174	3.24748e-06	5.98717e-06
861	28	24	40	43	29	24	0.675407	0.39244	2.50066e-06	3.70244e-06
862	30	24	43	46	26	39	0.613988	0.48778	2.86658e-06	4.66878e-06
863	18	13	6	7	4	4	0.937667	0.06436	5.69789e-07	6.07666e-07
864	37	30	48	49	34	23	0.653757	0.42502	2.60718e-06	3.988e-06
865	21	21	45	51	15	124	0.385706	0.95268	3.65161e-06	9.46734e-06
866	26	18	16	16	13	4	0.88614	0.12088	9.88662e-07	1.11569e-06
867	21	12	29	29	17	18	0.760393	0.27392	1.97199e-06	2.59338e-06
868	22	18	51	52	30	36	0.6004	0.51016	2.91078e-06	4.84807e-06
869	26	21	16	16	13	4	0.88614	0.12088	9.88662e-07	1.11569e-06
870	20	14	10	11	6	7	0.900523	0.10478	8.94089e-07	9.92856e-07
871	25	19	35	40	16	82	0.512016	0.6694	3.38689e-06	6.61483e-06
872	19	14	36	38	19	39	0.645623	0.43754	2.72272e-06	4.2172e-06
873	32	23	32	35	26	13	0.751187	0.2861	2.00296e-06	2.6664e-06
874	22	21	27	27	16	19	0.766087	0.26646	1.94097e-06	2.53362e-06
875	29	22	53	53	26	102	0.426118	0.85304	3.58421e-06	8.41131e-06
876	24	17	34	37	23	33	0.669878	0.40066	2.57364e-06	3.84196e-06
877	19	17	25	27	21	10	0.80207	0.22056	1.64859e-06	2.05542e-06
878	27	21	42	48	27	79	0.494435	0.70434	3.41506e-06	6.90701e-06
879	26	19	13	14	10	5	0.892776	0.11342	9.42711e-07	1.05593e-06
880	31	27	66	71	40	83	0.419295	0.86918	3.52956e-06	8.41784e-06
881	19	15	27	29	19	14	0.776064	0.25352	1.84769e-06	2.38085e-06
882	26	20	26	31	16	38	0.678087	0.38848	2.55567e-06	3.76894e-06
883	22	21	42	47	26	40	0.60704	0.49916	2.90066e-06	4.77837e-06
884	20	15	21	23	13	21	0.777602	0.25154	1.8772e-06	2.41409e-06
885	25	18	32	32	18	22	0.731133	0.31316	2.17531e-06	2.97525e-06
886	21	20	19	20	15	7	0.851037	0.1613	1.27731e-06	1.50088e-06
887	27	19	21	21	15	8	0.841407	0.17268	1.35506e-06	1.61047e-06
888	15	14	23	24	15	14	0.800819	0.22212	1.68061e-06	2.09861e-06
889	32	30	32	32	21	18	0.746201	0.29276	2.06155e-06	2.76272e-06
890	20	15	37	37	30	9	0.7571	0.27826	1.94329e-06	2.56676e-06
891	20	16	40	41	32	15	0.716068	0.33398	2.22794e-06	3.11135e-06
892	22	14	34	36	25	13	0.746485	0.29238	2.03256e-06	2.72285e-06
893	23	16	45	47	24	54	0.565209	0.57056	3.12121e-06	5.52223e-06
894	29	21	34	35	27	12	0.755028	0.281	1.97309e-06	2.61326e-06
895	24	17	50	55	26	80	0.470763	0.7534	3.46259e-06	7.35527e-06
896	19	16	38	40	27	20	0.702437	0.3532	2.33249e-06	3.32057e-06
897	17	15	23	25	8	66	0.610425	0.4936	3.00206e-06	4.91798e-06
898	22	21	39	42	20	54	0.583238	0.53916	3.05616e-06	5.23999e-06
899	20	15	29	30	21	13	0.775149	0.2547	1.84808e-06	2.38416e-06
900	23	20	37	37	23	28	0.687179	0.37516	2.45755e-06	3.57629e-06
901	23	16	45	48	27	37	0.612541	0.49014	2.86388e-06	4.67541e-06
902	31	25	66	68	37	79	0.436075	0.82994	3.50428e-06	8.03596e-06
903	25	16	36	39	23	38	0.644861	0.43872	2.72165e-06	4.22052e-06
904	26	16	20	21	15	13	0.820222	0.19818	1.53884e-06	1.87613e-06
905	29	22	27	28	18	15	0.776981	0.25234	1.8473e-06	2.37753e-06
906	17	15	21	21	16	7	0.845709	0.16758	1.31705e-06	1.55733e-06
907	24	20	28	29	19	11	0.788029	0.23822	1.75056e-06	2.22145e-06
908	21	15	27	28	21	8	0.80522	0.21664	1.61495e-06	2.0056e-06
909	25	21	46	49	31	32	0.624428	0.47092	2.78881e-06	4.46619e-06
910	23	20	40	43	26	29	0.658402	0.41794	2.61261e-06	3.96811e-06
911	18	13	23	25	15	18	0.779736	0.2488	1.84609e-06	2.36759e-06
912	26	18	35	35	18	32	0.681813	0.383	2.5063e-06	3.67593e-06
913	29	22	50	55	31	41	0.574359	0.5545	3.03439e-06	5.28308e-06
914	29	23	21	22	16	7	0.840415	0.17386	1.35624e-06	1.61378e-06
915	18	15	33	35	26	13	0.751187	0.2861	2.00296e-06	2.6664e-06
916	36	27	45	45	27	42	0.608475	0.4968	2.90348e-06	4.77174e-06
917	21	16	20	23	15	13	0.809985	0.21074	1.61108e-06	1.98903e-06
918	28	19	23	25	20	5	0.833185	0.1825	1.39713e-06	1.67686e-06
919	24	18	44	45	22	50	0.584149	0.5376	3.0357e-06	5.1968e-06
920	23	19	39	45	22	59	0.557942	0.5835	3.16632e-06	5.675e-06
921	14	11	28	30	16	23	0.736608	0.3057	2.14757e-06	2.91549e-06
922	35	28	37	38	29	10	0.748533	0.28964	2.00333e-06	2.67634e-06
923	26	20	50	50	25	59	0.540695	0.6149	3.22105e-06	5.95724e-06
924	21	19	29	29	18	21	0.748847	0.28922	2.06141e-06	2.75278e-06
925	25	20	36	40	23	34	0.654031	0.4246	2.65827e-06	4.06443e-06
926	21	15	17	19	11	18	0.809677	0.21112	1.64276e-06	2.0289e-06
927	32	23	50	53	29	54	0.544308	0.60824	3.19014e-06	5.86092e-06
928	24	15	29	29	21	14	0.776064	0.25352	1.84769e-06	2.38085e-06
929	25	21	36	39	21	37	0.648159	0.43362	2.70113e-06	4.16738e-06
930	27	23	32	33	20	26	0.711884	0.33984	2.30952e-06	3.24423e-06
931	17	12	18	20	9	21	0.792391	0.2327	1.77872e-06	2.24475e-06
932	31	24	59	60	39	43	0.550956	0.5961	3.12479e-06	5.67158e-06
933	19	14	49	51	32	39	0.595008	0.51918	2.9459e-06	4.95102e-06
934	21	19	22	23	18	7	0.835153	0.18014	1.3949e-06	1.67023e-06
935	22	18	31	33	17	30	0.697509	0.36024	2.41113e-06	3.45677e-06
936	28	22	34	34	14	49	0.629128	0.46342	2.84539e-06	4.52275e-06
937	24	21	31	32	22	16	0.753851	0.28256	2.00257e-06	2.65645e-06
938	23	19	52	55	31	43	0.568531	0.5647	3.06401e-06	5.38935e-06
939	27	15	45	48	30	33	0.625165	0.46974	2.79004e-06	4.46288e-06
940	15	11	13	13	8	7	0.889283	0.11734	9.83326e-07	1.10575e-06
941	31	27	38	45	22	53	0.575279	0.5529	3.08131e-06	5.3562e-06
942	19	14	40	41	26	44	0.617621	0.48188	2.8733e-06	4.65221e-06
943	22	15	16	18	12	12	0.840095	0.17424	1.38923e-06	1.65366e-06
944	22	17	21	23	13	15	0.801765	0.22094	1.67993e-06	2.09529e-06
945	25	15	34	36	21	24	0.70576	0.34848	2.33417e-06	3.30731e-06
946	25	21	22	24	18	8	0.825703	0.19152	1.46959e-06	1.77981e-06
947	25	19	25	26	18	17	0.778816	0.24998	1.8465e-06	2.3709e-06
948	20	17	42	44	27	28	0.657625	0.41912	2.61171e-06	3.97142e-06
949	24	20	19	21	13	19	0.795504	0.22878	1.74607e-06	2.19493e-06
950	28	25	29	31	20	13	0.770296	0.26098	1.87999e-06	2.44061e-06
951	20	12	42	45	22	57	0.563662	0.5733	3.13889e-06	5.56873e-06
952	24	18	36	37	21	39	0.64969	0.43126	2.7032e-06	4.16076e-06
953	23	20	38	42	28	22	0.68663	0.37596	2.43048e-06	3.53973e-06
954	19	15	30	34	17	45	0.642094	0.44302	2.76756e-06	4.31021e-06
955	25	18	47	54	27	92	0.445606	0.80832	3.53652e-06	7.93642e-06
956	28	24	56	58	36	34	0.584125	0.53764	2.96764e-06	5.08049e-06
957	28	22	28	29	25	5	0.812516	0.20762	1.54593e-06	1.90265e-06
958	17	16	24	25	15	15	0.791758	0.2335	1.74835e-06	2.20819e-06
959	23	16	18	18	15	3	0.879554	0.12834	1.03388e-06	1.17546e-06
960	20	14	22	22	17	6	0.844712	0.16876	1.3183e-06	1.56065e-06
961	15	11	7	7	7	0	0.956992	0.04396	3.78139e-07	3.95133e-07
962	23	15	35	37	16	48	0.620543	0.47716	2.87867e-06	4.63895e-06
963	22	18	21	21	15	9	0.837127	0.17778	1.39264e-06	1.6636e-06
964	26	22	32	34	22	25	0.711045	0.34102	2.30915e-06	3.24755e-06
965	17	16	33	37	15	65	0.569008	0.56386	3.15357e-06	5.54222e-06
966	29	20	23	24	17	9	0.821503	0.19662	1.50577e-06	1.83294e-06
967	17	13	8	8	7	1	0.946163	0.05534	4.77542e-07	5.04714e-07
968	35	30	72	76	40	78	0.416829	0.87508	3.5157e-06	8.43441e-06
969	21	16	37	41	22	37	0.640069	0.44618	2.73967e-06	4.28028e-06
970	30	24	25	27	19	10	0.80207	0.22056	1.64859e-06	2.05542e-06
971	23	19	33	34	22	18	0.736888	0.30532	2.11901e-06	2.87562e-06
972	25	21	27	28	23	5	0.817634	0.20134	1.50952e-06	1.8462e-06
973	26	21	37	39	24	35	0.654804	0.42342	2.65923e-06	4.06112e-06
974	16	13	24	25	17	13	0.799875	0.2233	1.68127e-06	2.10192e-06
975	28	17	66	69	36	79	0.433345	0.83622	3.50681e-06	8.09241e-06
976	23	17	18	20	11	16	0.812857	0.2072	1.60871e-06	1.97908e-06
977	23	17	11	13	7	16	0.849387	0.16324	1.34539e-06	1.58395e-06
978	21	17	38	41	27	22	0.690955	0.36968	2.40679e-06	3.48328e-06
979	31	23	31	32	24	11	0.773322	0.25706	1.84885e-06	2.39079e-06
980	24	18	20	22	15	10	0.827654	0.18916	1.46758e-06	1.77318e-06
981	24	20	70	73	40	49	0.492461	0.70834	3.31141e-06	6.7242e-06
982	26	19	34	34	19	31	0.689616	0.37162	2.45941e-06	3.56635e-06
983	20	15	9	10	7	3	0.924872	0.0781	6.69492e-07	7.23876e-07
984	30	22	50	53	28	60	0.527904	0.63884	3.2623e-06	6.17971e-06
985	18	15	17	17	14	4	0.880593	0.12716	1.03218e-06	1.17214e-06
986	20	16	32	33	19	21	0.730271	0.31434	2.17516e-06	2.97857e-06
987	22	17	69	73	33	164	0.273942	1.29484	3.51591e-06	1.28345e-05
988	29	22	46	50	27	47	0.574819	0.5537	3.05783e-06	5.31964e-06
989	24	18	30	31	21	17	0.754741	0.28138	2.00243e-06	2.65314e-06
990	19	18	38	40	18	46	0.615205	0.4858	2.89271e-06	4.70203e-06
991	27	21	35	36	23	29	0.687991	0.37398	2.45817e-06	3.57298e-06
992	26	21	15	15	13	2	0.900865	0.1044	8.58507e-07	9.5298e-07
993	31	22	33	34	21	27	0.703829	0.35122	2.36051e-06	3.35381e-06
994	19	13	10	10	7	3	0.924872	0.0781	6.69492e-07	7.23876e-07
995	23	18	40	41	28	21	0.694488	0.36458	2.3822e-06	3.43015e-06
996	22	15	15	16	12	5	0.881632	0.12598	1.03048e-06	1.16883e-06
997	24	19	64	65	35	65	0.477257	0.7397	3.39938e-06	7.12275e-06
998	25	15	30	30	24	7	0.799235	0.2241	1.65071e-06	2.06536e-06
999	26	18	18	19	13	10	0.843395	0.17032	1.35267e-06	1.60384e-06
1000	27	20	16	16	15	1	0.899802	0.10558	8.60476e-07	9.56295e-07