Hist	Tr_Tot	Tr_in	DSBs	DSBt	RIFs	NComb	PSurv	lPSurv	PMut*	PMut
1	27	23	111	133	36	608	0.0195254	3.93604	7.77355e-07	3.98125e-05
2	16	14	61	71	25	128	0.333311	1.09868	3.6027e-06	1.08088e-05
3	33	30	90	96	30	322	0.105919	2.24508	2.38613e-06	2.25279e-05
4	19	15	28	30	14	35	0.692879	0.3669	2.46186e-06	3.55309e-06
5	20	14	68	74	29	161	0.276424	1.28582	3.51931e-06	1.27316e-05
6	24	19	25	25	16	18	0.779736	0.2488	1.84609e-06	2.36759e-06
7	23	17	62	70	17	375	0.0951691	2.3521	2.27228e-06	2.38763e-05
8	24	22	88	93	25	310	0.114745	2.16504	2.49237e-06	2.17209e-05
9	18	11	32	33	17	23	0.72286	0.32454	2.2299e-06	3.08483e-06
10	30	25	74	83	37	103	0.351151	1.04654	3.56694e-06	1.01579e-05
11	17	12	26	32	9	78	0.549493	0.59876	3.26987e-06	5.95071e-06
12	19	14	44	48	21	62	0.539215	0.61764	3.23731e-06	6.00374e-06
13	20	14	68	76	25	327	0.11707	2.14498	2.53628e-06	2.16646e-05
14	18	13	22	22	13	17	0.798628	0.22486	1.71315e-06	2.14511e-06
15	22	18	72	86	31	168	0.247368	1.39688	3.40894e-06	1.37809e-05
16	23	17	51	58	29	74	0.476332	0.74164	3.43236e-06	7.20582e-06
17	25	21	80	95	31	247	0.15625	1.8563	2.8885e-06	1.84864e-05
18	19	16	47	53	20	100	0.430486	0.84284	3.57521e-06	8.30504e-06
19	28	23	99	115	44	191	0.183361	1.6963	3.05111e-06	1.66399e-05
20	17	10	23	24	11	38	0.70856	0.34452	2.39054e-06	3.3738e-06
21	21	16	60	69	33	111	0.368093	0.99942	3.60461e-06	9.79267e-06
22	20	16	87	106	35	234	0.155816	1.85908	2.8696e-06	1.84166e-05
23	20	16	48	53	25	91	0.450706	0.79694	3.52761e-06	7.82684e-06
24	22	20	43	52	18	148	0.339134	1.08136	3.6623e-06	1.0799e-05
25	24	16	66	87	20	424	0.0666194	2.70876	1.828e-06	2.74394e-05
26	25	21	101	113	43	221	0.159336	1.83674	2.88733e-06	1.8121e-05
27	13	11	62	75	24	181	0.248056	1.3941	3.43575e-06	1.38507e-05
28	29	25	103	117	45	225	0.152246	1.88226	2.82558e-06	1.85593e-05
29	18	16	96	113	33	318	0.0971557	2.33144	2.26129e-06	2.32749e-05
30	23	20	57	62	24	134	0.342063	1.07276	3.63257e-06	1.06196e-05
31	20	16	69	75	30	176	0.254463	1.3686	3.45688e-06	1.3585e-05
32	22	18	80	100	32	229	0.165978	1.7959	2.95644e-06	1.78123e-05
33	21	16	64	72	29	113	0.357557	1.02846	3.59999e-06	1.00683e-05
34	14	12	18	20	11	20	0.796443	0.2276	1.7455e-06	2.19162e-06
35	22	15	51	57	29	59	0.517441	0.65886	3.28698e-06	6.35237e-06
36	17	13	67	72	22	254	0.174198	1.74756	3.05894e-06	1.75601e-05
37	23	18	52	60	23	95	0.422612	0.8613	3.56453e-06	8.43451e-06
38	18	15	67	72	26	128	0.331224	1.10496	3.59884e-06	1.08653e-05
39	26	17	25	27	14	32	0.716942	0.33276	2.31167e-06	3.22435e-06
40	21	15	90	104	39	235	0.156983	1.85162	2.88171e-06	1.83569e-05
41	25	23	96	107	32	303	0.108907	2.21726	2.41112e-06	2.21393e-05
42	23	18	35	40	21	59	0.575739	0.5521	3.10483e-06	5.39276e-06
43	34	25	52	63	27	87	0.431996	0.83934	3.5332e-06	8.17879e-06
44	26	23	129	150	50	310	0.0802186	2.523	2.00053e-06	2.49384e-05
45	15	10	30	38	16	54	0.598074	0.51404	2.99887e-06	5.0142e-06
46	18	12	31	37	11	99	0.478423	0.73726	3.51581e-06	7.34875e-06
47	19	13	34	37	16	58	0.589689	0.52816	3.04886e-06	5.17029e-06
48	30	22	151	176	58	580	0.0171925	4.06328	7.00631e-07	4.0752e-05
49	21	16	49	57	26	71	0.486723	0.72006	3.40218e-06	6.98997e-06
50	23	16	111	128	32	427	0.0507147	2.98154	1.51704e-06	2.99132e-05
51	24	21	56	66	31	134	0.333578	1.09788	3.61778e-06	1.08454e-05
52	26	20	51	59	19	138	0.34153	1.07432	3.64166e-06	1.06628e-05
53	27	19	81	91	35	186	0.218694	1.52008	3.28468e-06	1.50195e-05
54	16	10	10	10	5	11	0.887897	0.1189	1.02014e-06	1.14894e-06
55	32	28	144	167	48	743	0.00792241	4.83806	3.87443e-07	4.89047e-05
56	19	13	50	58	24	252	0.192157	1.64944	3.20202e-06	1.66635e-05
57	20	17	38	42	17	66	0.548614	0.60036	3.22453e-06	5.87759e-06
58	21	15	47	54	20	98	0.432177	0.83892	3.56772e-06	8.25522e-06
59	18	13	83	100	32	241	0.156125	1.8571	2.88048e-06	1.84499e-05
60	16	11	25	29	12	47	0.655852	0.42182	2.71145e-06	4.13424e-06
61	17	16	53	67	17	240	0.193059	1.64476	3.19203e-06	1.6534e-05
62	20	18	54	60	27	104	0.403653	0.9072	3.59764e-06	8.91271e-06
63	25	19	68	82	22	305	0.126128	2.07046	2.62779e-06	2.08343e-05
64	20	16	47	54	17	141	0.347073	1.05822	3.65813e-06	1.054e-05
65	19	14	18	19	11	21	0.797383	0.22642	1.74491e-06	2.1883e-06
66	27	24	43	48	28	40	0.60324	0.50544	2.91655e-06	4.83481e-06
67	22	15	71	85	24	301	0.126325	2.0689	2.62643e-06	2.07911e-05
68	11	9	33	38	10	108	0.454099	0.78944	3.57984e-06	7.88339e-06
69	24	17	76	82	31	231	0.183956	1.69306	3.10931e-06	1.69025e-05
70	15	10	13	14	9	8	0.87922	0.12872	1.06854e-06	1.21533e-06
71	28	22	112	133	55	284	0.101913	2.28364	2.30295e-06	2.25974e-05
72	17	13	26	33	10	57	0.607781	0.49794	2.97288e-06	4.89136e-06
73	22	15	31	39	14	84	0.510013	0.67332	3.39905e-06	6.66465e-06
74	20	16	50	60	16	270	0.173115	1.7538	3.06981e-06	1.77328e-05
75	20	19	65	71	29	157	0.287486	1.24658	3.55037e-06	1.23497e-05
76	22	18	71	81	30	173	0.248831	1.39098	3.42499e-06	1.37643e-05
77	34	29	105	117	39	313	0.0971927	2.33106	2.25828e-06	2.32351e-05
78	25	14	81	90	36	208	0.196715	1.626	3.1734e-06	1.6132e-05
79	13	10	38	41	14	99	0.466555	0.76238	3.53394e-06	7.57454e-06
80	29	19	52	54	21	101	0.425615	0.85422	3.58139e-06	8.41462e-06
81	17	8	17	19	8	24	0.785276	0.24172	1.84359e-06	2.3477e-06
82	26	20	50	62	22	154	0.308893	1.17476	3.60857e-06	1.16823e-05
83	20	16	90	98	42	152	0.248916	1.39064	3.38728e-06	1.36081e-05
84	14	9	55	63	18	181	0.267472	1.31874	3.52349e-06	1.31733e-05
85	23	19	79	92	27	298	0.122756	2.09756	2.58117e-06	2.10269e-05
86	19	12	26	28	16	19	0.761291	0.27274	1.97179e-06	2.59006e-06
87	23	14	30	34	15	60	0.594806	0.51952	3.0378e-06	5.10721e-06
88	19	14	43	53	19	173	0.296668	1.21514	3.61454e-06	1.21838e-05
89	20	15	49	58	9	477	0.0609964	2.79694	1.74563e-06	2.86185e-05
90	18	14	44	51	18	150	0.337807	1.08528	3.66481e-06	1.08488e-05
91	28	17	71	83	32	156	0.267981	1.31684	3.47676e-06	1.29739e-05
92	21	18	64	81	20	270	0.151726	1.88568	2.87038e-06	1.89182e-05
93	30	24	103	108	45	144	0.2435	1.41264	3.34752e-06	1.37475e-05
94	23	17	24	28	14	38	0.690983	0.36964	2.48726e-06	3.59959e-06
95	20	15	120	134	34	626	0.0177013	4.03412	7.2266e-07	4.08254e-05
96	26	21	105	121	46	295	0.103894	2.26438	2.33809e-06	2.25045e-05
97	21	17	31	37	13	104	0.466377	0.76276	3.55119e-06	7.61441e-06
98	16	13	20	21	14	17	0.803659	0.21858	1.67857e-06	2.08866e-06
99	18	12	25	29	9	113	0.468406	0.75842	3.5791e-06	7.64103e-06
100	21	14	56	62	24	117	0.373044	0.98606	3.62462e-06	9.71634e-06
101	21	18	70	79	36	109	0.349232	1.05202	3.57993e-06	1.02509e-05
102	27	18	58	64	33	132	0.341257	1.07512	3.62627e-06	1.06262e-05
103	23	22	65	74	31	95	0.387043	0.94922	3.57038e-06	9.22478e-06
104	22	17	40	47	14	148	0.349952	1.04996	3.68036e-06	1.05168e-05
105	26	21	45	54	25	75	0.485964	0.72162	3.41787e-06	7.03316e-06
106	15	13	42	47	22	104	0.43799	0.82556	3.58227e-06	8.17889e-06
107	32	22	86	96	35	333	0.100141	2.30118	2.31448e-06	2.31123e-05
108	19	17	16	17	11	10	0.854055	0.15776	1.27335e-06	1.49094e-06
109	20	17	54	66	22	170	0.277626	1.28148	3.54201e-06	1.27582e-05
110	21	20	66	81	29	170	0.252668	1.37568	3.43752e-06	1.36049e-05
111	23	20	77	95	28	535	0.0359689	3.3251	1.21535e-06	3.37888e-05
112	24	21	114	138	34	556	0.0246682	3.70224	9.20909e-07	3.73318e-05
113	9	8	4	4	3	1	0.970232	0.03022	2.70621e-07	2.78924e-07
114	21	19	69	82	26	230	0.184896	1.68796	3.11538e-06	1.68493e-05
115	24	18	36	41	11	109	0.443357	0.81338	3.59379e-06	8.10587e-06
116	21	18	53	58	26	115	0.386455	0.95074	3.6266e-06	9.38428e-06
117	19	18	48	59	16	165	0.297596	1.21202	3.60013e-06	1.20974e-05
118	15	11	26	32	17	31	0.698332	0.35906	2.41166e-06	3.45345e-06
119	22	20	80	89	26	200	0.206198	1.57892	3.22709e-06	1.56505e-05
120	15	10	27	32	12	51	0.630615	0.46106	2.84793e-06	4.51612e-06
121	24	20	66	79	19	315	0.122136	2.10262	2.58883e-06	2.11963e-05
122	13	11	25	29	8	60	0.613779	0.48812	2.96147e-06	4.82497e-06
123	28	22	135	146	59	316	0.0797802	2.52848	1.99701e-06	2.50314e-05
124	16	13	40	45	20	57	0.563662	0.5733	3.13889e-06	5.56873e-06
125	23	19	54	64	26	167	0.28547	1.25362	3.56434e-06	1.24859e-05
126	20	18	72	80	29	254	0.165663	1.7978	2.98386e-06	1.80116e-05
127	17	12	32	37	12	83	0.519099	0.65566	3.37343e-06	6.49862e-06
128	22	19	48	53	21	169	0.302783	1.19474	3.62468e-06	1.19712e-05
129	12	8	33	40	9	133	0.394751	0.9295	3.6809e-06	9.32462e-06
130	25	22	107	116	44	170	0.202811	1.59548	3.15991e-06	1.55806e-05
131	17	14	49	53	25	114	0.400821	0.91424	3.62699e-06	9.04891e-06
132	28	23	64	72	25	132	0.324536	1.12536	3.59514e-06	1.10778e-05
133	17	13	36	37	18	47	0.623716	0.47206	2.86025e-06	4.58582e-06
134	26	23	93	105	47	184	0.202341	1.5978	3.17747e-06	1.57035e-05
135	20	19	135	151	40	647	0.0142931	4.24798	6.13184e-07	4.29008e-05
136	16	11	76	96	26	306	0.114924	2.16348	2.4913e-06	2.16777e-05
137	22	17	45	54	14	150	0.331502	1.10412	3.65254e-06	1.10182e-05
138	35	28	104	124	36	351	0.0766259	2.56882	1.9654e-06	2.56493e-05
139	25	17	92	104	37	213	0.175622	1.73942	3.01858e-06	1.71879e-05
140	13	10	34	35	15	84	0.522986	0.6482	3.36743e-06	6.43885e-06
141	16	10	25	29	16	16	0.768189	0.26372	1.91057e-06	2.48711e-06
142	19	15	69	74	27	163	0.273619	1.29602	3.51267e-06	1.28378e-05
143	23	18	52	61	23	128	0.354914	1.03588	3.63586e-06	1.02444e-05
144	20	15	102	122	35	337	0.0833372	2.48486	2.06614e-06	2.47925e-05
145	19	15	23	26	14	29	0.732582	0.31118	2.20397e-06	3.0085e-06
146	23	20	83	90	36	181	0.225756	1.4883	3.31803e-06	1.46974e-05
147	21	18	41	46	21	55	0.565876	0.56938	3.12302e-06	5.51892e-06
148	26	20	75	84	32	143	0.284557	1.25682	3.51134e-06	1.23396e-05
149	22	15	38	40	20	44	0.621512	0.4756	2.85632e-06	4.59576e-06
150	23	20	86	98	33	228	0.168935	1.77824	2.98107e-06	1.76462e-05
151	18	15	114	136	32	781	0.00792938	4.83718	3.89919e-07	4.91739e-05
152	19	17	47	55	19	116	0.391801	0.937	3.63124e-06	9.26807e-06
153	21	17	29	31	15	48	0.644371	0.43948	2.77097e-06	4.30027e-06
154	16	11	29	33	15	79	0.543275	0.61014	3.2924e-06	6.06029e-06
155	23	17	84	98	35	169	0.228244	1.47734	3.31213e-06	1.45114e-05
156	24	15	54	67	22	198	0.239175	1.43056	3.42077e-06	1.43024e-05
157	26	18	135	161	38	786	0.00660664	5.01968	3.35953e-07	5.08508e-05
158	15	15	72	84	24	318	0.116563	2.14932	2.52219e-06	2.1638e-05
159	31	26	101	115	44	252	0.134337	2.0074	2.67077e-06	1.9881e-05
160	18	11	43	47	13	107	0.431339	0.84086	3.59663e-06	8.33829e-06
161	25	20	75	86	26	232	0.17848	1.72328	3.06653e-06	1.71814e-05
162	21	17	32	33	18	34	0.683424	0.38064	2.50769e-06	3.6693e-06
163	25	19	37	49	19	89	0.466909	0.76162	3.49939e-06	7.49479e-06
164	24	18	62	66	26	137	0.328513	1.11318	3.61521e-06	1.10048e-05
165	26	18	76	86	31	215	0.194645	1.63658	3.16845e-06	1.62781e-05
166	27	22	67	73	33	88	0.403637	0.90724	3.55055e-06	8.7964e-06
167	16	13	65	71	21	158	0.286024	1.25168	3.5475e-06	1.24028e-05
168	22	16	50	54	24	94	0.441084	0.81852	3.5475e-06	8.04269e-06
169	17	13	38	45	17	104	0.443525	0.813	3.57747e-06	8.06599e-06
170	19	16	46	48	22	93	0.460363	0.77574	3.52218e-06	7.65087e-06
171	21	14	24	29	9	66	0.595282	0.51872	3.06199e-06	5.14377e-06
172	17	11	21	27	17	23	0.750617	0.28686	2.06131e-06	2.74615e-06
173	24	18	40	41	24	33	0.65326	0.42578	2.6573e-06	4.06775e-06
174	16	10	34	39	17	104	0.460556	0.77532	3.55886e-06	7.72731e-06
175	27	22	79	94	38	141	0.269977	1.30942	3.45512e-06	1.27979e-05
176	16	13	16	18	6	43	0.717243	0.33234	2.36747e-06	3.30078e-06
177	19	11	54	62	13	298	0.148205	1.90916	2.86531e-06	1.93334e-05
178	19	16	90	102	21	515	0.0381183	3.26706	1.26253e-06	3.31213e-05
179	25	20	86	94	26	314	0.111724	2.19172	2.45681e-06	2.19899e-05
180	22	18	85	95	32	339	0.0977346	2.3255	2.28451e-06	2.33747e-05
181	18	13	51	56	19	100	0.422452	0.86168	3.58002e-06	8.47439e-06
182	24	20	79	91	33	190	0.214278	1.54048	3.26389e-06	1.5232e-05
183	19	14	85	98	25	362	0.085295	2.46164	2.11242e-06	2.47661e-05
184	28	21	49	58	24	86	0.448055	0.80284	3.51428e-06	7.84342e-06
185	17	11	34	37	15	106	0.461645	0.77296	3.56421e-06	7.72068e-06
186	28	23	64	75	29	182	0.246794	1.3992	3.43138e-06	1.39038e-05
187	20	17	38	45	17	76	0.511606	0.6702	3.36548e-06	6.57827e-06
188	17	14	54	67	18	232	0.201099	1.60396	3.23948e-06	1.61089e-05
189	22	17	54	60	27	82	0.451581	0.795	3.49695e-06	7.74378e-06
190	25	19	75	86	32	164	0.252466	1.37648	3.42554e-06	1.35683e-05
191	25	20	100	127	30	569	0.0247369	3.69946	9.252e-07	3.74016e-05
192	13	12	68	81	25	284	0.14127	1.95708	2.77767e-06	1.96621e-05
193	29	27	118	131	50	272	0.109714	2.20988	2.3969e-06	2.18469e-05
194	24	15	42	49	14	100	0.441437	0.81772	3.56648e-06	8.07925e-06
195	23	20	42	46	17	93	0.466182	0.76318	3.51407e-06	7.53798e-06
196	25	18	60	65	25	159	0.295496	1.2191	3.58061e-06	1.21173e-05
197	20	18	84	94	31	324	0.106169	2.24272	2.39106e-06	2.25212e-05
198	23	18	55	62	26	169	0.286144	1.25126	3.57087e-06	1.24793e-05
199	21	17	59	63	21	139	0.331363	1.10454	3.62568e-06	1.09417e-05
200	25	16	43	57	21	132	0.356593	1.03116	3.64834e-06	1.02311e-05
201	23	16	56	63	26	102	0.40018	0.91584	3.59193e-06	8.97579e-06
202	29	25	112	126	44	436	0.0490517	3.01488	1.48521e-06	3.02785e-05
203	18	12	87	102	29	346	0.0902511	2.40516	2.17882e-06	2.41417e-05
204	21	20	72	81	31	137	0.29898	1.20738	3.54336e-06	1.18515e-05
205	20	16	51	57	18	164	0.302898	1.19436	3.61398e-06	1.19314e-05
206	21	16	35	40	16	120	0.42181	0.8632	3.64186e-06	8.63389e-06
207	23	15	34	37	21	38	0.653012	0.42616	2.68233e-06	4.10762e-06
208	29	23	135	157	45	639	0.0143377	4.24486	6.13862e-07	4.28144e-05
209	26	15	45	53	24	64	0.517244	0.65924	3.30635e-06	6.39225e-06
210	14	13	59	63	22	135	0.338193	1.08414	3.62853e-06	1.07292e-05
211	30	23	143	164	59	349	0.0602158	2.80982	1.67405e-06	2.78009e-05
212	18	16	88	99	37	210	0.184018	1.69272	3.08162e-06	1.67463e-05
213	20	17	53	57	24	91	0.439525	0.82206	3.53934e-06	8.05263e-06
214	21	17	63	71	26	253	0.176192	1.73618	3.07464e-06	1.74505e-05
215	27	23	54	65	18	222	0.214295	1.5404	3.31401e-06	1.54647e-05
216	23	21	90	99	36	201	0.192662	1.64682	3.13424e-06	1.62681e-05
217	14	8	19	22	10	21	0.782501	0.24526	1.84486e-06	2.35764e-06
218	26	20	95	104	33	244	0.14994	1.89752	2.82413e-06	1.88351e-05
219	15	13	36	40	16	68	0.54991	0.598	3.2285e-06	5.87096e-06
220	31	24	62	72	25	219	0.208241	1.56906	3.26946e-06	1.57004e-05
221	19	14	74	89	25	323	0.110116	2.20622	2.44302e-06	2.21859e-05
222	18	14	44	52	16	122	0.387221	0.94876	3.64666e-06	9.41753e-06
223	22	19	37	44	19	108	0.437307	0.82712	3.59557e-06	8.22208e-06
224	19	15	63	73	20	214	0.212282	1.54984	3.2885e-06	1.54912e-05
225	24	19	114	132	34	370	0.0661414	2.71596	1.79312e-06	2.71104e-05
226	18	16	50	56	24	78	0.472612	0.74948	3.45265e-06	7.30546e-06
227	27	20	85	99	26	350	0.0901104	2.40672	2.17931e-06	2.41849e-05
228	16	13	19	25	11	25	0.75239	0.2845	2.06119e-06	2.73952e-06
229	26	20	67	73	32	142	0.306469	1.18264	3.57514e-06	1.16656e-05
230	19	12	42	45	25	52	0.57822	0.5478	3.06634e-06	5.30307e-06
231	16	10	21	24	13	32	0.730577	0.31392	2.23192e-06	3.055e-06
232	22	18	72	89	29	178	0.230681	1.46672	3.34062e-06	1.44815e-05
233	17	11	59	67	21	168	0.278717	1.27756	3.54203e-06	1.27084e-05
234	24	18	66	74	24	194	0.233606	1.45412	3.38377e-06	1.4485e-05
235	23	19	52	62	20	296	0.149724	1.89896	2.87877e-06	1.92272e-05
236	27	25	98	109	35	330	0.0937128	2.36752	2.21975e-06	2.36867e-05
237	16	13	30	36	18	41	0.647148	0.43518	2.72487e-06	4.21057e-06
238	31	23	77	85	37	144	0.281338	1.2682	3.50244e-06	1.24492e-05
239	20	15	16	16	12	6	0.877148	0.13108	1.07184e-06	1.22196e-06
240	19	11	106	132	33	375	0.0644761	2.74146	1.7651e-06	2.7376e-05
241	22	15	18	23	7	42	0.698626	0.35864	2.46607e-06	3.52989e-06
242	27	23	70	76	28	243	0.17968	1.71658	3.09074e-06	1.72014e-05
243	25	20	64	74	24	221	0.203555	1.59182	3.2405e-06	1.59196e-05
244	12	11	61	76	20	301	0.13367	2.01238	2.71125e-06	2.02831e-05
245	28	21	51	56	18	116	0.389349	0.94328	3.63049e-06	9.32452e-06
246	17	15	69	82	33	222	0.192596	1.64716	3.16325e-06	1.64243e-05
247	36	29	100	111	40	209	0.171533	1.76298	2.97962e-06	1.73705e-05
248	26	20	65	72	32	128	0.331224	1.10496	3.59884e-06	1.08653e-05
249	21	19	64	76	24	174	0.255462	1.36468	3.45773e-06	1.35352e-05
250	22	17	69	80	31	155	0.274474	1.2929	3.49994e-06	1.27515e-05
251	21	15	30	37	15	106	0.461645	0.77296	3.56421e-06	7.72068e-06
252	25	22	112	123	32	429	0.0518013	2.96034	1.54043e-06	2.97372e-05
253	25	22	70	82	32	263	0.156256	1.85626	2.90679e-06	1.86027e-05
254	20	14	73	94	28	304	0.11757	2.14072	2.52289e-06	2.14586e-05
255	17	14	71	75	32	123	0.333437	1.0983	3.59077e-06	1.0769e-05
256	24	18	43	44	22	47	0.596891	0.51602	2.97309e-06	4.98095e-06
257	20	18	37	39	18	45	0.622246	0.47442	2.85763e-06	4.59245e-06
258	24	17	63	72	27	165	0.274265	1.29366	3.51915e-06	1.28312e-05
259	23	17	59	69	25	118	0.355184	1.03512	3.6103e-06	1.01646e-05
260	10	10	32	37	14	90	0.500894	0.69136	3.44142e-06	6.87055e-06
261	25	23	70	85	30	184	0.22942	1.4722	3.3437e-06	1.45746e-05
262	14	12	55	60	23	108	0.395502	0.9276	3.60905e-06	9.12524e-06
263	30	27	82	92	32	161	0.246878	1.39886	3.39399e-06	1.37476e-05
264	18	16	37	40	22	36	0.647394	0.4348	2.70009e-06	4.1707e-06
265	21	20	73	86	26	245	0.16703	1.78958	2.98519e-06	1.78721e-05
266	21	18	60	69	26	123	0.346241	1.06062	3.61139e-06	1.04303e-05
267	30	26	129	152	50	399	0.0503146	2.98946	1.49838e-06	2.97802e-05
268	23	19	105	118	44	291	0.108052	2.22514	2.3904e-06	2.21226e-05
269	16	11	14	14	6	13	0.857083	0.15422	1.26934e-06	1.481e-06
270	26	22	55	60	23	114	0.383583	0.9582	3.62257e-06	9.44404e-06
271	15	12	31	33	14	59	0.601614	0.50814	3.00664e-06	4.99763e-06
272	31	26	51	59	27	67	0.490554	0.71222	3.38008e-06	6.89033e-06
273	18	14	59	72	30	148	0.299105	1.20696	3.56771e-06	1.19279e-05
274	22	18	62	69	25	154	0.295608	1.21872	3.57018e-06	1.20774e-05
275	20	16	38	42	19	49	0.598302	0.51366	2.97615e-06	4.97433e-06
276	20	14	33	43	14	228	0.23863	1.43284	3.47007e-06	1.45416e-05
277	23	18	25	26	16	17	0.778816	0.24998	1.8465e-06	2.3709e-06
278	19	15	47	52	24	98	0.437639	0.82636	3.5634e-06	8.14233e-06
279	31	25	135	162	52	566	0.0201619	3.90396	7.90708e-07	3.92179e-05
280	23	19	62	71	21	185	0.24923	1.38938	3.4487e-06	1.38374e-05
281	28	22	65	79	24	208	0.210784	1.55692	3.26949e-06	1.55111e-05
282	19	15	55	62	25	118	0.371146	0.99116	3.6259e-06	9.76947e-06
283	18	13	37	44	14	100	0.455518	0.78632	3.55168e-06	7.79701e-06
284	21	17	41	47	16	100	0.447016	0.80516	3.56109e-06	7.96636e-06
285	24	18	56	70	25	256	0.17461	1.7452	3.06501e-06	1.75534e-05
286	24	20	33	34	23	19	0.733139	0.31042	2.14718e-06	2.92875e-06
287	21	16	54	60	27	72	0.475209	0.744	3.42742e-06	7.21245e-06
288	27	23	47	56	24	108	0.405563	0.90248	3.60928e-06	8.89945e-06
289	16	12	41	47	12	142	0.360826	1.01936	3.67968e-06	1.0198e-05
290	18	9	23	25	13	23	0.760104	0.2743	2.00155e-06	2.63325e-06
291	19	14	10	12	6	12	0.872354	0.13656	1.14712e-06	1.31497e-06
292	20	18	86	97	26	431	0.0603702	2.80726	1.71305e-06	2.83758e-05
293	22	14	29	35	15	80	0.533765	0.6278	3.32339e-06	6.22632e-06
294	29	20	91	103	28	457	0.0509179	2.97754	1.53243e-06	3.0096e-05
295	24	18	82	93	19	566	0.0310971	3.47064	1.09844e-06	3.5323e-05
296	24	19	45	53	22	90	0.45301	0.79184	3.52157e-06	7.77371e-06
297	28	19	90	104	37	223	0.16689	1.79042	2.95717e-06	1.77193e-05
298	17	11	12	14	7	14	0.852723	0.15932	1.30819e-06	1.53413e-06
299	35	30	57	70	26	101	0.384928	0.9547	3.58667e-06	9.31779e-06
300	20	18	87	99	27	290	0.122368	2.10072	2.56936e-06	2.09969e-05
301	22	13	33	43	19	71	0.531453	0.63214	3.29485e-06	6.1997e-06
302	18	10	19	23	5	78	0.581444	0.54224	3.16462e-06	5.44268e-06
303	20	18	21	23	15	18	0.789591	0.23624	1.78029e-06	2.25469e-06
304	18	12	34	43	13	161	0.335833	1.09114	3.68802e-06	1.09817e-05
305	26	18	30	33	15	40	0.662828	0.41124	2.64342e-06	3.9881e-06
306	21	19	72	85	27	239	0.173305	1.7527	3.0323e-06	1.74969e-05
307	28	21	79	96	26	319	0.107552	2.22978	2.40577e-06	2.23685e-05
308	28	20	45	53	21	106	0.417513	0.87344	3.60056e-06	8.62384e-06
309	20	13	27	28	15	37	0.694516	0.36454	2.46307e-06	3.54646e-06
310	25	17	37	39	15	104	0.460556	0.77532	3.55886e-06	7.72731e-06
311	22	18	32	35	12	49	0.62519	0.4697	2.86286e-06	4.57919e-06
312	14	9	42	49	10	222	0.236947	1.43992	3.4503e-06	1.45615e-05
313	25	18	128	148	50	397	0.0521235	2.95414	1.53494e-06	2.94481e-05
314	31	23	79	94	33	202	0.197796	1.62052	3.17244e-06	1.6039e-05
315	29	23	72	78	29	202	0.218703	1.52004	3.31025e-06	1.51358e-05
316	18	12	23	26	18	9	0.811249	0.20918	1.57856e-06	1.94584e-06
317	19	16	82	102	27	551	0.0317247	3.45066	1.11144e-06	3.5034e-05
318	20	17	28	34	19	37	0.668834	0.40222	2.59852e-06	3.88515e-06
319	21	14	49	51	25	103	0.429308	0.84558	3.58539e-06	8.35155e-06
320	23	17	41	45	16	107	0.436791	0.8283	3.59278e-06	8.22539e-06
321	18	13	35	40	15	87	0.499124	0.6949	3.43422e-06	6.88049e-06
322	26	21	65	75	25	212	0.211782	1.5522	3.28215e-06	1.54978e-05
323	14	11	50	59	23	129	0.357571	1.02842	3.64172e-06	1.01846e-05
324	30	25	38	45	22	71	0.52482	0.6447	3.31298e-06	6.3126e-06
325	18	14	64	74	19	231	0.193434	1.64282	3.18216e-06	1.64509e-05
326	20	16	73	81	26	174	0.247566	1.39608	3.42072e-06	1.38174e-05
327	21	17	57	67	16	234	0.199058	1.61416	3.22775e-06	1.62152e-05
328	22	16	52	55	28	57	0.529353	0.6361	3.24663e-06	6.13321e-06
329	25	21	41	51	19	122	0.38966	0.94248	3.64764e-06	9.36108e-06
330	20	17	57	67	24	196	0.241627	1.42036	3.43016e-06	1.41961e-05
331	14	10	24	26	14	28	0.736328	0.30608	2.17612e-06	2.95537e-06
332	18	15	61	66	23	148	0.31059	1.16928	3.59951e-06	1.15893e-05
333	31	28	76	84	36	195	0.218271	1.52202	3.29645e-06	1.51026e-05
334	19	17	26	27	13	45	0.67095	0.39906	2.62682e-06	3.91508e-06
335	19	14	18	22	13	18	0.794565	0.22996	1.74665e-06	2.19824e-06
336	21	12	37	43	12	112	0.431176	0.84124	3.61246e-06	8.37817e-06
337	28	22	102	122	37	468	0.0427255	3.15296	1.35666e-06	3.17529e-05
338	24	19	84	102	31	474	0.0469834	3.05796	1.4538e-06	3.09428e-05
339	22	17	68	81	22	272	0.150186	1.89588	2.85721e-06	1.90245e-05
340	27	21	60	63	30	119	0.366946	1.00254	3.62508e-06	9.87905e-06
341	16	13	79	91	27	323	0.108742	2.21878	2.4248e-06	2.22988e-05
342	27	21	36	37	19	55	0.598781	0.51286	3.00042e-06	5.01089e-06
343	19	15	65	72	22	238	0.189009	1.66596	3.15833e-06	1.67099e-05
344	21	16	77	85	23	268	0.149479	1.9006	2.84574e-06	1.90377e-05
345	22	14	27	30	13	42	0.668579	0.4026	2.62419e-06	3.92502e-06
346	21	14	25	28	12	36	0.698067	0.35944	2.43858e-06	3.49333e-06
347	24	20	61	72	23	177	0.257983	1.35486	3.47473e-06	1.34688e-05
348	25	20	103	113	38	228	0.153748	1.87244	2.84325e-06	1.84929e-05
349	27	15	74	84	31	187	0.22736	1.48122	3.33708e-06	1.46775e-05
350	16	11	25	30	13	30	0.710775	0.3414	2.33662e-06	3.28742e-06
351	34	27	107	126	34	352	0.0752846	2.58648	1.94349e-06	2.58153e-05
352	19	14	50	59	20	117	0.380138	0.96722	3.62918e-06	9.54699e-06
353	15	13	55	64	30	73	0.461063	0.77422	3.454e-06	7.49137e-06
354	22	16	55	62	23	107	0.392562	0.93506	3.60569e-06	9.185e-06
355	22	18	63	78	28	143	0.295484	1.21914	3.54609e-06	1.2001e-05
356	26	19	31	35	10	109	0.460381	0.7757	3.57587e-06	7.76718e-06
357	21	17	24	24	13	17	0.78866	0.23742	1.7808e-06	2.25801e-06
358	22	19	55	68	20	235	0.196805	1.62554	3.2128e-06	1.63247e-05
359	18	15	44	49	16	137	0.365525	1.00642	3.67177e-06	1.00452e-05
360	25	18	46	49	24	67	0.522349	0.64942	3.3043e-06	6.32586e-06
361	20	17	103	121	33	367	0.0719647	2.63158	1.89483e-06	2.633e-05
362	26	19	91	107	42	277	0.124349	2.08466	2.58122e-06	2.07578e-05
363	22	15	14	15	13	3	0.896282	0.1095	9.01762e-07	1.00611e-06
364	16	9	43	52	17	151	0.333985	1.09666	3.65993e-06	1.09584e-05
365	25	19	56	67	26	190	0.249135	1.38976	3.45732e-06	1.38773e-05
366	27	20	76	85	25	198	0.213611	1.5436	3.27218e-06	1.53184e-05
367	29	25	60	68	25	172	0.271379	1.30424	3.52178e-06	1.29773e-05
368	17	12	66	77	24	161	0.271265	1.30466	3.49956e-06	1.29009e-05
369	22	18	55	64	27	99	0.403806	0.90682	3.58291e-06	8.87283e-06
370	20	14	24	25	17	12	0.803965	0.2182	1.64715e-06	2.04879e-06
371	31	22	67	77	34	194	0.229246	1.47296	3.35944e-06	1.46543e-05
372	23	20	50	57	30	82	0.46017	0.77616	3.48553e-06	7.57444e-06
373	19	14	42	47	18	73	0.51301	0.66746	3.35086e-06	6.53176e-06
374	25	23	91	100	44	152	0.245809	1.4032	3.37275e-06	1.3721e-05
375	14	13	34	38	12	80	0.523803	0.64664	3.35007e-06	6.39566e-06
376	30	23	89	102	28	429	0.0591038	2.82846	1.68752e-06	2.85518e-05
377	18	13	64	70	25	132	0.328637	1.1128	3.60348e-06	1.09649e-05
378	18	16	21	22	8	70	0.609473	0.49516	3.0237e-06	4.96117e-06
379	21	17	61	78	21	270	0.154611	1.86684	2.89879e-06	1.87489e-05
380	23	19	62	69	27	123	0.346241	1.06062	3.61139e-06	1.04303e-05
381	23	19	90	105	34	231	0.159215	1.8375	2.89783e-06	1.82008e-05
382	6	3	12	12	5	22	0.828979	0.18756	1.53055e-06	1.8463e-06
383	16	15	68	82	33	135	0.300154	1.20346	3.54232e-06	1.18017e-05
384	21	17	46	53	20	106	0.417513	0.87344	3.60056e-06	8.62384e-06
385	30	22	124	140	48	272	0.103685	2.2664	2.31786e-06	2.23549e-05
386	14	13	54	59	20	135	0.346796	1.05902	3.64253e-06	1.05034e-05
387	20	17	62	77	25	236	0.185044	1.68716	3.12464e-06	1.68859e-05
388	21	16	37	41	17	70	0.540922	0.61448	3.26375e-06	6.03368e-06
389	15	10	22	23	15	11	0.818289	0.20054	1.54064e-06	1.88276e-06
390	23	20	50	56	28	53	0.53688	0.62198	3.209e-06	5.97713e-06
391	24	18	65	74	35	103	0.371569	0.99002	3.58558e-06	9.64984e-06
392	26	23	81	98	37	222	0.174185	1.74764	3.01817e-06	1.73274e-05
393	21	18	55	61	23	106	0.397055	0.92368	3.60344e-06	9.07542e-06
394	27	17	58	63	27	101	0.402226	0.91074	3.58893e-06	8.92265e-06
395	19	14	50	58	22	132	0.354361	1.03744	3.6455e-06	1.02875e-05
396	23	19	61	75	23	296	0.137986	1.9806	2.75435e-06	1.9961e-05
397	21	15	55	64	21	206	0.23398	1.45252	3.4063e-06	1.45581e-05
398	15	8	79	97	25	458	0.0526042	2.94496	1.56815e-06	2.98104e-05
399	24	22	71	84	24	177	0.239256	1.43022	3.38456e-06	1.41462e-05
400	26	16	38	45	20	85	0.488654	0.7161	3.44817e-06	7.05646e-06
401	27	23	74	81	43	100	0.361071	1.01868	3.5694e-06	9.88558e-06
402	16	13	30	36	13	99	0.481437	0.73098	3.51078e-06	7.2923e-06
403	33	22	77	91	32	168	0.239721	1.42828	3.37122e-06	1.40631e-05
404	19	17	102	123	32	528	0.0312655	3.46524	1.09421e-06	3.49974e-05
405	25	16	116	131	40	800	0.00742665	4.90268	3.70599e-07	4.99012e-05
406	22	19	51	62	18	178	0.273307	1.29716	3.54136e-06	1.29575e-05
407	23	20	73	86	24	301	0.125534	2.07518	2.61708e-06	2.08476e-05
408	24	21	98	120	37	460	0.0450672	3.0996	1.40677e-06	3.1215e-05
409	31	22	85	100	37	205	0.187589	1.6735	3.10218e-06	1.65371e-05
410	24	22	63	70	31	100	0.386896	0.9496	3.58445e-06	9.26465e-06
411	19	6	18	20	10	26	0.772441	0.2582	1.93915e-06	2.51042e-06
412	24	16	46	49	19	100	0.441437	0.81772	3.56648e-06	8.07925e-06
413	20	14	40	45	15	123	0.402564	0.9099	3.65348e-06	9.07553e-06
414	28	19	105	125	39	328	0.0856231	2.4578	2.09637e-06	2.44836e-05
415	22	19	70	83	21	334	0.108106	2.22464	2.425e-06	2.24316e-05
416	11	7	40	46	9	231	0.230621	1.46698	3.42942e-06	1.48704e-05
417	25	16	73	83	32	196	0.218528	1.52084	3.29961e-06	1.50993e-05
418	20	14	38	43	19	88	0.487317	0.71884	3.4614e-06	7.10297e-06
419	28	21	41	43	24	46	0.603723	0.50464	2.94096e-06	4.87137e-06
420	17	14	66	71	21	224	0.204277	1.58828	3.24996e-06	1.59096e-05
421	20	19	96	112	37	262	0.130086	2.03956	2.63333e-06	2.0243e-05
422	20	15	65	72	27	128	0.331224	1.10496	3.59884e-06	1.08653e-05
423	29	26	83	101	36	239	0.156738	1.85318	2.88398e-06	1.84e-05
424	22	16	53	56	25	85	0.456038	0.78518	3.50118e-06	7.67739e-06
425	20	17	106	127	34	401	0.0582705	2.84266	1.65927e-06	2.84753e-05
426	25	18	23	23	22	1	0.861104	0.14954	1.16372e-06	1.35143e-06
427	13	11	27	31	12	79	0.550141	0.59758	3.27191e-06	5.9474e-06
428	29	23	133	153	41	615	0.0166168	4.09734	6.86497e-07	4.13134e-05
429	18	11	63	77	20	300	0.133513	2.01356	2.70849e-06	2.02864e-05
430	19	15	41	46	13	232	0.229448	1.47208	3.42416e-06	1.49235e-05
431	20	18	82	102	24	403	0.0674843	2.69586	1.83357e-06	2.71703e-05
432	25	16	63	70	35	99	0.388874	0.9445	3.58212e-06	9.21152e-06
433	23	15	31	32	20	24	0.723713	0.32336	2.23014e-06	3.08152e-06
434	23	18	44	53	18	167	0.305887	1.18454	3.62934e-06	1.1865e-05
435	26	21	66	70	25	122	0.345833	1.0618	3.60827e-06	1.04336e-05
436	8	5	18	22	6	95	0.536515	0.62266	3.37441e-06	6.2895e-06
437	22	15	31	34	20	30	0.693142	0.36652	2.43516e-06	3.51321e-06
438	27	18	56	73	24	194	0.235078	1.44784	3.39182e-06	1.44285e-05
439	21	18	95	107	44	227	0.160468	1.82966	2.90465e-06	1.81011e-05
440	21	17	58	68	24	174	0.268625	1.31444	3.51458e-06	1.30836e-05
441	17	15	35	40	18	49	0.605864	0.5011	2.94537e-06	4.86143e-06
442	23	15	35	39	18	62	0.57057	0.56112	3.13569e-06	5.49571e-06
443	25	19	37	38	22	53	0.601132	0.50894	2.98226e-06	4.96107e-06
444	26	22	78	89	38	117	0.314862	1.15562	3.53918e-06	1.12404e-05
445	16	12	42	44	15	81	0.501867	0.68942	3.40641e-06	6.78748e-06
446	21	15	68	81	22	391	0.0818571	2.50278	2.07486e-06	2.53473e-05
447	19	14	86	107	27	395	0.0681217	2.68646	1.84116e-06	2.70275e-05
448	26	19	59	74	20	304	0.133304	2.01512	2.71003e-06	2.03296e-05
449	21	15	76	80	27	182	0.239165	1.4306	3.39281e-06	1.41861e-05
450	19	14	21	22	17	8	0.836139	0.17896	1.39377e-06	1.66691e-06
451	24	21	93	109	37	259	0.134604	2.00542	2.68054e-06	1.99143e-05
452	22	17	40	50	14	152	0.336486	1.0892	3.66723e-06	1.08986e-05
453	27	22	57	70	22	167	0.274913	1.2913	3.52564e-06	1.28246e-05
454	16	13	63	72	24	161	0.279918	1.27326	3.53219e-06	1.26187e-05
455	32	25	115	137	41	397	0.0558514	2.88506	1.61004e-06	2.88272e-05
456	19	15	39	45	16	163	0.328276	1.1139	3.67697e-06	1.12009e-05
457	27	19	81	92	29	233	0.171005	1.76606	3.00512e-06	1.75732e-05
458	22	18	104	125	38	442	0.0478732	3.0392	1.46209e-06	3.05408e-05
459	25	22	124	148	40	602	0.0183222	3.99964	7.39127e-07	4.03404e-05
460	24	21	70	81	28	291	0.136316	1.99278	2.73096e-06	2.0034e-05
461	10	7	41	47	16	87	0.477658	0.73886	3.47526e-06	7.27563e-06
462	27	22	41	51	21	108	0.418499	0.87108	3.6063e-06	8.61721e-06
463	20	17	124	143	42	480	0.0352236	3.34604	1.18266e-06	3.35759e-05
464	19	15	67	73	33	119	0.344611	1.06534	3.59895e-06	1.04435e-05
465	25	18	77	86	29	178	0.235068	1.44788	3.36434e-06	1.43122e-05
466	18	13	42	46	15	79	0.500684	0.69178	3.4017e-06	6.79411e-06
467	22	17	25	32	10	77	0.552302	0.59366	3.25725e-06	5.89758e-06
468	30	22	78	90	31	252	0.157174	1.8504	2.90299e-06	1.84699e-05
469	24	18	101	115	30	410	0.0600126	2.8132	1.69692e-06	2.82761e-05
470	24	19	28	32	16	47	0.643611	0.44066	2.76984e-06	4.30358e-06
471	28	23	71	86	25	366	0.090114	2.40668	2.18988e-06	2.43012e-05
472	17	12	63	68	22	213	0.220173	1.51334	3.33691e-06	1.51558e-05
473	18	15	58	65	17	288	0.153049	1.877	2.90355e-06	1.89715e-05
474	20	18	42	44	28	23	0.67461	0.39362	2.49994e-06	3.70576e-06
475	22	17	56	64	28	121	0.360948	1.01902	3.62456e-06	1.00418e-05
476	22	15	80	92	34	174	0.231041	1.46516	3.33585e-06	1.44384e-05
477	20	15	32	34	16	40	0.658678	0.41752	2.66406e-06	4.04455e-06
478	25	18	58	63	25	129	0.348701	1.05354	3.63011e-06	1.04104e-05
479	20	14	87	95	30	288	0.126768	2.0654	2.61964e-06	2.06649e-05
480	29	23	55	64	24	113	0.37598	0.97822	3.61568e-06	9.6167e-06
481	17	12	33	38	13	119	0.429325	0.84554	3.63547e-06	8.46786e-06
482	20	17	22	33	8	157	0.36497	1.00794	3.7244e-06	1.02047e-05
483	20	16	75	82	35	127	0.312653	1.16266	3.55694e-06	1.13766e-05
484	13	12	52	58	20	157	0.311941	1.16494	3.62347e-06	1.16159e-05
485	23	19	37	44	24	41	0.615439	0.48542	2.86927e-06	4.66216e-06
486	24	16	18	20	10	17	0.808722	0.2123	1.6435e-06	2.03222e-06
487	25	18	30	34	19	29	0.696686	0.36142	2.41059e-06	3.46008e-06
488	14	12	27	32	13	39	0.670414	0.39986	2.60021e-06	3.87852e-06
489	30	24	89	101	27	386	0.07406	2.60288	1.94116e-06	2.62106e-05
490	29	24	59	64	31	91	0.420622	0.86602	3.55332e-06	8.44777e-06
491	23	18	80	97	37	206	0.190185	1.65976	3.12299e-06	1.64209e-05
492	21	18	66	73	30	160	0.279587	1.27444	3.52895e-06	1.2622e-05
493	19	12	63	80	20	612	0.0266864	3.6236	9.88287e-07	3.70333e-05
494	23	21	70	84	21	376	0.0867157	2.44512	2.14359e-06	2.47197e-05
495	27	22	67	76	21	263	0.162256	1.81858	2.96345e-06	1.8264e-05
496	26	19	48	58	25	105	0.406675	0.89974	3.60028e-06	8.85295e-06
497	16	10	10	10	8	3	0.924872	0.0781	6.69492e-07	7.23876e-07
498	24	17	49	54	18	135	0.357858	1.02762	3.65772e-06	1.02212e-05
499	18	14	56	64	23	134	0.337794	1.08532	3.62537e-06	1.07325e-05
500	25	19	82	95	35	233	0.167814	1.7849	2.97745e-06	1.77426e-05
501	21	15	30	33	11	78	0.546053	0.60504	3.28023e-06	6.00716e-06
502	14	11	50	56	18	156	0.317499	1.14728	3.63532e-06	1.14498e-05
503	23	20	52	69	23	191	0.244774	1.40742	3.43744e-06	1.40433e-05
504	32	26	60	69	33	73	0.446811	0.80562	3.47333e-06	7.77361e-06
505	26	19	51	63	25	157	0.302299	1.19634	3.59678e-06	1.18981e-05
506	15	10	19	23	8	41	0.702198	0.35354	2.44137e-06	3.47676e-06
507	34	27	109	120	43	247	0.133547	2.0133	2.65727e-06	1.98976e-05
508	19	18	90	103	35	250	0.146337	1.92184	2.79467e-06	1.90974e-05
509	29	22	58	69	28	111	0.368093	0.99942	3.60461e-06	9.79267e-06
510	21	16	49	54	20	144	0.341803	1.07352	3.65707e-06	1.06994e-05
511	26	18	66	71	25	177	0.259609	1.34858	3.48196e-06	1.34124e-05
512	24	19	62	74	24	154	0.28647	1.25012	3.54067e-06	1.23596e-05
513	24	17	41	48	15	115	0.411503	0.88794	3.62937e-06	8.8198e-06
514	27	23	91	109	35	353	0.0833406	2.48482	2.07591e-06	2.49088e-05
515	16	10	46	49	21	83	0.481418	0.73102	3.45465e-06	7.17599e-06
516	33	22	70	79	27	201	0.218445	1.52122	3.30707e-06	1.51391e-05
517	19	15	10	17	7	20	0.81159	0.20876	1.64126e-06	2.02227e-06
518	23	21	94	113	26	479	0.0427434	3.15254	1.3605e-06	3.18294e-05
519	25	21	41	46	25	55	0.565876	0.56938	3.12302e-06	5.51892e-06
520	14	11	21	23	15	12	0.814126	0.20564	1.57606e-06	1.93589e-06
521	24	21	93	115	26	725	0.0120378	4.4197	5.4186e-07	4.5013e-05
522	13	9	16	17	11	10	0.854055	0.15776	1.27335e-06	1.49094e-06
523	32	24	62	78	24	197	0.224352	1.49454	3.33615e-06	1.48702e-05
524	17	13	16	18	9	20	0.806509	0.21504	1.67651e-06	2.07872e-06
525	19	17	30	36	11	100	0.478988	0.73608	3.51837e-06	7.34543e-06
526	20	20	54	64	20	137	0.332665	1.10062	3.62335e-06	1.08919e-05
527	33	29	104	111	50	164	0.215783	1.53348	3.23233e-06	1.49795e-05
528	22	19	63	76	28	172	0.258081	1.35448	3.46576e-06	1.34289e-05
529	23	16	82	93	25	381	0.0798872	2.52714	2.03659e-06	2.54934e-05
530	25	19	25	30	18	20	0.747964	0.2904	2.06146e-06	2.75609e-06
531	20	14	19	20	12	12	0.82961	0.1868	1.46555e-06	1.76655e-06
532	28	24	127	149	47	351	0.0654925	2.72582	1.77226e-06	2.70604e-05
533	17	9	21	21	11	22	0.783425	0.24408	1.84444e-06	2.35433e-06
534	22	17	84	93	33	213	0.188183	1.67034	3.11763e-06	1.6567e-05
535	20	17	70	78	34	162	0.268195	1.31604	3.48935e-06	1.30105e-05
536	32	27	142	163	42	587	0.0180008	4.01734	7.27054e-07	4.03901e-05
537	22	18	78	95	25	370	0.0834423	2.4836	2.08788e-06	2.50218e-05
538	25	23	50	54	28	69	0.501065	0.69102	3.36433e-06	6.71436e-06
539	25	19	55	61	28	90	0.430813	0.84208	3.54357e-06	8.22529e-06
540	13	11	53	68	20	154	0.297471	1.21244	3.57588e-06	1.20209e-05
541	29	24	52	57	27	68	0.494227	0.70476	3.37585e-06	6.83057e-06
542	18	14	64	76	25	226	0.195953	1.62988	3.19367e-06	1.62981e-05
543	39	30	78	88	41	106	0.335129	1.09324	3.5522e-06	1.05995e-05
544	19	15	16	16	14	2	0.895225	0.11068	9.03665e-07	1.00943e-06
545	20	12	50	63	24	112	0.380283	0.96684	3.61539e-06	9.50712e-06
546	23	18	126	150	41	536	0.0253342	3.6756	9.36011e-07	3.69465e-05
547	26	24	71	77	32	113	0.346504	1.05986	3.5865e-06	1.03505e-05
548	23	16	56	59	21	180	0.275678	1.28852	3.5547e-06	1.28944e-05
549	18	14	60	76	25	320	0.121325	2.10928	2.58334e-06	2.12926e-05
550	22	16	99	119	33	334	0.0862315	2.45072	2.10955e-06	2.44638e-05
551	18	15	70	77	24	250	0.172293	1.75856	3.03748e-06	1.76298e-05
552	27	15	31	32	13	44	0.653534	0.42536	2.70837e-06	4.14418e-06
553	21	16	56	63	19	196	0.247774	1.39524	3.46147e-06	1.39703e-05
554	26	19	53	61	19	210	0.233615	1.45408	3.41108e-06	1.46013e-05
555	23	20	57	65	19	163	0.289529	1.2395	3.56984e-06	1.23298e-05
556	22	18	41	49	17	94	0.455154	0.78712	3.5322e-06	7.76045e-06
557	26	22	106	122	47	256	0.125964	2.07176	2.58084e-06	2.04887e-05
558	15	13	56	67	26	183	0.25819	1.35406	3.48695e-06	1.35054e-05
559	31	26	57	65	32	62	0.484615	0.7244	3.37455e-06	6.96335e-06
560	19	9	27	35	13	58	0.597142	0.5156	3.01998e-06	5.05739e-06
561	25	19	63	76	25	156	0.280024	1.27288	3.52236e-06	1.25788e-05
562	21	19	28	30	17	30	0.710775	0.3414	2.33662e-06	3.28742e-06
563	20	14	48	56	17	143	0.339263	1.08098	3.65017e-06	1.07591e-05
564	24	23	94	108	38	284	0.119237	2.12664	2.52618e-06	2.11862e-05
565	14	9	35	43	9	155	0.346269	1.06054	3.69223e-06	1.06629e-05
566	27	22	56	66	24	228	0.206536	1.57728	3.27151e-06	1.58399e-05
567	16	12	53	62	20	132	0.34557	1.06256	3.63309e-06	1.05133e-05
568	32	25	85	96	23	335	0.0991244	2.31138	2.30153e-06	2.32186e-05
569	19	14	86	96	30	336	0.0986201	2.31648	2.29506e-06	2.32717e-05
570	25	15	52	62	24	147	0.32012	1.13906	3.62066e-06	1.13103e-05
571	27	21	64	73	31	127	0.330834	1.10614	3.59569e-06	1.08686e-05
572	20	16	45	51	22	85	0.470584	0.75378	3.48004e-06	7.39515e-06
573	24	18	87	99	33	191	0.202742	1.59582	3.1905e-06	1.57368e-05
574	18	12	43	45	15	85	0.488654	0.7161	3.44817e-06	7.05646e-06
575	27	24	75	87	28	294	0.129282	2.04576	2.65443e-06	2.05321e-05
576	25	19	29	33	16	39	0.666217	0.40614	2.62154e-06	3.93497e-06
577	20	17	88	98	38	263	0.141318	1.95674	2.75654e-06	1.95059e-05
578	19	15	22	24	14	22	0.768803	0.26292	1.94021e-06	2.52367e-06
579	19	15	47	48	16	108	0.426459	0.85224	3.60267e-06	8.44787e-06
580	22	16	37	49	18	111	0.417354	0.87382	3.61584e-06	8.66372e-06
581	24	16	47	58	21	122	0.372902	0.98644	3.63811e-06	9.75621e-06
582	24	22	35	41	19	67	0.549262	0.59918	3.22652e-06	5.87428e-06
583	12	7	19	23	9	25	0.7619	0.27194	2.00123e-06	2.62662e-06
584	28	19	54	61	22	141	0.332146	1.10218	3.63205e-06	1.09351e-05
585	17	16	43	46	24	37	0.620283	0.47758	2.83005e-06	4.56252e-06
586	23	19	57	67	18	221	0.212703	1.54786	3.30209e-06	1.55244e-05
587	20	16	29	33	11	62	0.592479	0.52344	3.05543e-06	5.15703e-06
588	22	18	81	90	36	183	0.223465	1.4985	3.3081e-06	1.48037e-05
589	22	18	37	39	15	123	0.418023	0.87222	3.6522e-06	8.73684e-06
590	29	20	86	109	47	176	0.205539	1.58212	3.18672e-06	1.55042e-05
591	25	18	33	38	13	81	0.521138	0.65174	3.36072e-06	6.4488e-06
592	13	11	17	19	7	31	0.757736	0.27742	2.06076e-06	2.71963e-06
593	29	23	31	36	16	72	0.552512	0.59328	3.23645e-06	5.8577e-06
594	17	15	81	87	21	325	0.110376	2.20386	2.44806e-06	2.21792e-05
595	21	17	103	122	33	472	0.0418627	3.17336	1.33816e-06	3.19655e-05
596	20	17	82	97	28	320	0.106335	2.24116	2.3902e-06	2.2478e-05
597	20	14	58	73	19	266	0.162831	1.81504	2.97234e-06	1.82541e-05
598	32	23	144	165	37	543	0.0222481	3.8055	8.49102e-07	3.81652e-05
599	29	25	103	117	41	258	0.128663	2.05056	2.61349e-06	2.03127e-05
600	25	19	82	96	34	283	0.129228	2.04618	2.64344e-06	2.04557e-05
601	17	13	52	61	18	148	0.320498	1.13788	3.62387e-06	1.1307e-05
602	21	17	37	42	22	32	0.65249	0.42696	2.65633e-06	4.07106e-06
603	18	13	31	35	19	41	0.651225	0.4289	2.70527e-06	4.15413e-06
604	29	21	54	65	26	117	0.366081	1.0049	3.61896e-06	9.88568e-06
605	21	16	57	67	24	148	0.308646	1.17556	3.5944e-06	1.16457e-05
606	22	15	39	42	14	110	0.43834	0.82476	3.60116e-06	8.21545e-06
607	23	20	77	88	30	217	0.190265	1.65934	3.13885e-06	1.64973e-05
608	17	14	81	104	24	499	0.040843	3.19802	1.32266e-06	3.2384e-05
609	26	22	58	68	25	170	0.274161	1.29404	3.52875e-06	1.28711e-05
610	22	19	56	64	29	110	0.381776	0.96292	3.61057e-06	9.4573e-06
611	30	24	64	76	32	175	0.254163	1.36978	3.45365e-06	1.35883e-05
612	18	17	86	97	34	223	0.17439	1.74646	3.02116e-06	1.73241e-05
613	15	14	33	35	20	27	0.699423	0.3575	2.38521e-06	3.41026e-06
614	21	16	81	93	23	485	0.0470032	3.05754	1.458e-06	3.10192e-05
615	23	14	11	14	7	17	0.839776	0.17462	1.42219e-06	1.69353e-06
616	23	19	43	51	17	135	0.364664	1.00878	3.66553e-06	1.00518e-05
617	15	12	34	40	14	88	0.496585	0.7	3.44314e-06	6.93363e-06
618	26	20	44	47	20	71	0.518269	0.65726	3.33014e-06	6.42549e-06
619	15	15	58	64	30	85	0.433692	0.83542	3.52547e-06	8.12897e-06
620	32	25	99	111	34	272	0.124397	2.08428	2.57724e-06	2.07179e-05
621	19	14	53	65	21	137	0.330582	1.1069	3.61933e-06	1.09483e-05
622	17	10	57	68	20	190	0.247575	1.39604	3.44965e-06	1.39337e-05
623	21	18	68	85	19	514	0.0426299	3.1552	1.36878e-06	3.21085e-05
624	22	16	68	84	28	199	0.213863	1.54242	3.27533e-06	1.53151e-05
625	18	16	55	62	23	150	0.315259	1.15436	3.61594e-06	1.14697e-05
626	22	15	75	86	34	173	0.241139	1.42238	3.38717e-06	1.40465e-05
627	25	22	77	85	34	155	0.265989	1.3243	3.46682e-06	1.30337e-05
628	22	16	59	71	21	330	0.11897	2.12888	2.56283e-06	2.15417e-05
629	22	16	55	61	19	118	0.373484	0.98488	3.62766e-06	9.71302e-06
630	19	13	58	72	23	204	0.224796	1.49256	3.35023e-06	1.49034e-05
631	28	24	96	112	33	361	0.0785154	2.54446	2.0024e-06	2.55032e-05
632	22	18	93	107	28	274	0.126267	2.06936	2.60089e-06	2.05984e-05
633	25	20	107	129	32	553	0.026505	3.63042	9.71792e-07	3.66644e-05
634	24	18	45	52	22	73	0.497152	0.69886	3.38759e-06	6.814e-06
635	15	11	16	18	11	13	0.835822	0.17934	1.42657e-06	1.70679e-06
636	28	18	88	103	32	281	0.124938	2.07994	2.59177e-06	2.07445e-05
637	16	13	78	90	19	261	0.150123	1.8963	2.84454e-06	1.8948e-05
638	24	17	105	123	35	405	0.0585461	2.83794	1.66634e-06	2.8462e-05
639	20	16	36	44	16	92	0.474488	0.74552	3.4979e-06	7.37195e-06
640	22	17	10	14	7	14	0.852723	0.15932	1.30819e-06	1.53413e-06
641	22	17	60	65	23	140	0.325563	1.1222	3.61627e-06	1.11077e-05
642	21	17	36	41	16	63	0.560582	0.57878	3.17387e-06	5.66174e-06
643	25	19	64	69	31	98	0.393325	0.93312	3.58002e-06	9.10194e-06
644	18	17	30	35	17	38	0.661265	0.4136	2.64158e-06	3.99473e-06
645	28	18	58	68	27	131	0.334493	1.09514	3.61215e-06	1.07989e-05
646	17	12	16	19	9	26	0.777307	0.25192	1.90749e-06	2.45397e-06
647	27	20	37	45	19	86	0.486169	0.7212	3.45646e-06	7.1096e-06
648	20	18	43	49	18	74	0.50403	0.68512	3.37588e-06	6.69779e-06
649	17	13	21	24	5	51	0.663106	0.41082	2.69522e-06	4.06454e-06
650	22	17	50	55	21	101	0.422951	0.8605	3.58284e-06	8.47107e-06
651	19	15	64	74	25	181	0.249619	1.38782	3.4433e-06	1.37942e-05
652	25	15	71	88	21	300	0.124601	2.08264	2.60507e-06	2.09073e-05
653	21	17	67	76	29	162	0.271585	1.30348	3.50279e-06	1.28976e-05
654	15	12	23	24	11	33	0.726861	0.31902	2.25918e-06	3.10814e-06
655	18	14	33	36	17	57	0.596438	0.51678	3.0184e-06	5.06071e-06
656	31	24	44	49	23	54	0.558154	0.58312	3.14527e-06	5.63513e-06
657	20	17	73	83	26	217	0.196334	1.62794	3.18356e-06	1.62151e-05
658	19	12	49	54	20	112	0.402395	0.91032	3.62119e-06	8.99909e-06
659	23	19	38	47	21	91	0.468013	0.75926	3.50455e-06	7.48816e-06
660	25	19	87	104	26	363	0.081723	2.50442	2.05598e-06	2.51579e-05
661	26	19	85	105	34	367	0.0795714	2.5311	2.02325e-06	2.54269e-05
662	23	18	127	151	43	418	0.0459556	3.08008	1.41237e-06	3.07333e-05
663	30	23	76	85	40	136	0.293054	1.2274	3.52372e-06	1.20242e-05
664	18	13	58	65	21	120	0.360523	1.0202	3.62148e-06	1.00451e-05
665	19	18	48	57	26	70	0.489212	0.71496	3.39358e-06	6.93684e-06
666	21	15	28	30	17	25	0.729132	0.3159	2.20326e-06	3.02176e-06
667	17	12	40	52	14	196	0.265495	1.32616	3.54419e-06	1.33494e-05
668	23	20	69	78	31	173	0.253564	1.37214	3.44719e-06	1.3595e-05
669	16	11	67	83	28	187	0.228792	1.47494	3.34519e-06	1.46211e-05
670	26	19	50	59	28	60	0.508383	0.67652	3.31384e-06	6.5184e-06
671	15	11	43	53	20	232	0.21958	1.51604	3.36366e-06	1.53186e-05
672	31	28	137	159	41	532	0.0244355	3.71172	9.10026e-07	3.7242e-05
673	18	12	37	48	12	135	0.371599	0.98994	3.67231e-06	9.88247e-06
674	26	23	69	76	34	114	0.346913	1.05868	3.58958e-06	1.03472e-05
675	21	15	52	60	25	130	0.353525	1.0398	3.63925e-06	1.02942e-05
676	23	20	129	147	43	490	0.0326419	3.42216	1.12069e-06	3.43331e-05
677	24	17	93	105	36	248	0.145993	1.9242	2.78905e-06	1.9104e-05
678	12	11	16	17	10	14	0.836809	0.17816	1.42548e-06	1.70347e-06
679	18	15	78	93	31	264	0.145084	1.93044	2.79676e-06	1.92768e-05
680	29	25	69	74	31	129	0.325426	1.12262	3.58987e-06	1.10313e-05
681	23	18	32	36	17	71	0.555337	0.58818	3.22349e-06	5.80457e-06
682	19	14	49	50	20	95	0.450003	0.7985	3.54154e-06	7.87003e-06
683	23	21	128	145	43	458	0.038914	3.2464	1.26548e-06	3.25199e-05
684	21	15	28	30	17	27	0.721733	0.3261	2.2576e-06	3.12802e-06
685	14	11	42	47	18	103	0.440229	0.82046	3.57719e-06	8.12576e-06
686	24	21	105	121	42	265	0.121071	2.11138	2.53165e-06	2.09105e-05
687	17	14	43	49	22	70	0.514418	0.66472	3.33613e-06	6.48526e-06
688	27	21	61	70	17	353	0.106469	2.2399	2.41763e-06	2.27074e-05
689	16	14	65	78	31	143	0.295484	1.21914	3.54609e-06	1.2001e-05
690	22	17	114	134	33	834	0.0061278	5.09492	3.17892e-07	5.18771e-05
691	19	16	47	53	24	90	0.45301	0.79184	3.52157e-06	7.77371e-06
692	12	10	61	69	22	181	0.257581	1.35642	3.48044e-06	1.3512e-05
693	22	18	45	59	29	77	0.466163	0.76322	3.45971e-06	7.42166e-06
694	18	17	67	79	26	274	0.150541	1.89352	2.86297e-06	1.90179e-05
695	24	18	56	64	27	129	0.346518	1.05982	3.62695e-06	1.04668e-05
696	19	15	15	18	8	17	0.818944	0.19974	1.57182e-06	1.91932e-06
697	28	21	91	107	32	349	0.0861332	2.45186	2.11745e-06	2.45834e-05
698	17	14	40	45	13	114	0.421473	0.864	3.62354e-06	8.59733e-06
699	29	21	71	85	28	242	0.170674	1.768	3.01347e-06	1.76563e-05
700	20	16	46	51	21	98	0.440396	0.82008	3.56099e-06	8.08588e-06
701	18	15	41	50	24	59	0.540695	0.6149	3.22105e-06	5.95724e-06
702	22	20	87	98	27	350	0.090678	2.40044	2.18792e-06	2.41285e-05
703	23	19	31	32	20	20	0.738629	0.30296	2.11912e-06	2.86899e-06
704	25	20	43	49	22	65	0.527704	0.63922	3.2821e-06	6.21959e-06
705	22	19	47	51	16	186	0.281146	1.26888	3.58788e-06	1.27616e-05
706	17	9	36	44	16	86	0.489231	0.71492	3.45062e-06	7.05315e-06
707	25	19	81	87	28	190	0.219729	1.51536	3.29731e-06	1.50062e-05
708	21	17	53	63	20	137	0.33476	1.09434	3.62728e-06	1.08354e-05
709	20	13	50	58	25	97	0.423611	0.85894	3.57014e-06	8.42788e-06
710	21	16	101	125	26	626	0.0187305	3.9776	7.55165e-07	4.03173e-05
711	23	16	88	101	24	422	0.0616378	2.78648	1.73347e-06	2.81234e-05
712	20	17	23	26	8	77	0.57351	0.55598	3.18808e-06	5.55889e-06
713	25	23	102	129	29	418	0.0527643	2.94192	1.55609e-06	2.94914e-05
714	24	14	40	46	19	78	0.503244	0.68668	3.39236e-06	6.74098e-06
715	29	24	36	44	23	54	0.575958	0.55172	3.08304e-06	5.35289e-06
716	18	14	25	29	12	49	0.649196	0.43202	2.75292e-06	4.24051e-06
717	27	25	105	121	35	357	0.0757301	2.58058	1.95374e-06	2.57987e-05
718	20	14	69	79	26	229	0.189376	1.66402	3.14873e-06	1.66269e-05
719	21	17	78	97	27	343	0.0945657	2.35846	2.24122e-06	2.37001e-05
720	23	17	71	83	24	268	0.151368	1.88804	2.86462e-06	1.89248e-05
721	23	16	77	87	37	106	0.33724	1.08696	3.55554e-06	1.05431e-05
722	26	18	36	40	13	82	0.512016	0.6694	3.38689e-06	6.61483e-06
723	14	12	37	41	26	23	0.68744	0.37478	2.43108e-06	3.53642e-06
724	30	23	52	59	28	68	0.488059	0.71732	3.38882e-06	6.94347e-06
725	18	17	56	62	21	118	0.371146	0.99116	3.6259e-06	9.76947e-06
726	20	18	51	62	26	89	0.430305	0.84326	3.54081e-06	8.22861e-06
727	21	15	19	19	9	22	0.793327	0.23152	1.77819e-06	2.24143e-06
728	24	19	55	61	29	79	0.455673	0.78598	3.48172e-06	7.64083e-06
729	23	15	37	44	19	82	0.499314	0.69452	3.41562e-06	6.84062e-06
730	15	11	24	28	16	17	0.769096	0.26254	1.91028e-06	2.4838e-06
731	26	20	70	82	32	139	0.294093	1.22386	3.53329e-06	1.20142e-05
732	32	24	69	78	29	238	0.18202	1.70364	3.10318e-06	1.70486e-05
733	24	19	31	36	16	74	0.546905	0.60348	3.26173e-06	5.96397e-06
734	19	16	40	45	20	47	0.593155	0.5223	2.98796e-06	5.0374e-06
735	16	15	90	103	33	225	0.166237	1.79434	2.95388e-06	1.77691e-05
736	21	16	34	37	20	29	0.683684	0.38026	2.48138e-06	3.62942e-06
737	17	15	66	80	26	204	0.213782	1.5428	3.28261e-06	1.5355e-05
738	24	13	72	90	31	213	0.191762	1.6515	3.14445e-06	1.63977e-05
739	18	15	100	112	35	398	0.0650135	2.73316	1.78587e-06	2.74691e-05
740	27	23	81	93	29	374	0.0827907	2.49144	2.07982e-06	2.51214e-05
741	16	15	43	52	25	67	0.5126	0.66826	3.32944e-06	6.4952e-06
742	27	20	43	48	29	40	0.60324	0.50544	2.91655e-06	4.83481e-06
743	19	15	81	90	26	245	0.162887	1.8147	2.94791e-06	1.80979e-05
744	17	11	29	32	10	58	0.608499	0.49676	2.97437e-06	4.88805e-06
745	22	16	25	26	14	25	0.74768	0.29078	2.09049e-06	2.79597e-06
746	22	16	111	135	41	394	0.0574293	2.8572	1.63989e-06	2.85549e-05
747	24	19	70	77	35	118	0.33778	1.08536	3.58594e-06	1.06162e-05
748	13	8	17	17	12	9	0.858422	0.15266	1.23425e-06	1.43781e-06
749	27	22	61	69	20	178	0.261553	1.34112	3.49241e-06	1.33526e-05
750	16	12	19	19	11	15	0.82216	0.19582	1.53703e-06	1.8695e-06
751	22	15	49	54	30	48	0.557708	0.58392	3.12236e-06	5.59856e-06
752	19	16	44	50	15	154	0.333071	1.0994	3.66541e-06	1.10049e-05
753	19	13	86	98	37	183	0.212516	1.54874	3.24198e-06	1.52552e-05
754	22	16	55	63	24	113	0.378348	0.97194	3.6171e-06	9.56025e-06
755	24	19	52	59	39	47	0.543231	0.61022	3.16577e-06	5.82767e-06
756	25	21	64	73	28	158	0.282454	1.26424	3.53511e-06	1.25157e-05
757	12	9	11	12	8	7	0.894885	0.11106	9.39006e-07	1.0493e-06
758	28	21	81	90	33	157	0.255151	1.3659	3.42469e-06	1.34222e-05
759	25	19	112	138	37	523	0.0291897	3.53394	1.03852e-06	3.55784e-05
760	31	25	89	105	27	369	0.0787639	2.5413	2.01109e-06	2.55331e-05
761	20	16	41	45	20	85	0.488654	0.7161	3.44817e-06	7.05646e-06
762	22	16	36	39	12	67	0.556204	0.58662	3.2045e-06	5.76138e-06
763	22	18	66	81	26	151	0.278377	1.27878	3.50626e-06	1.25954e-05
764	23	20	118	138	35	476	0.0370962	3.29424	1.22719e-06	3.30812e-05
765	25	14	62	70	34	83	0.421937	0.8629	3.52798e-06	8.36139e-06
766	25	20	54	65	22	287	0.153831	1.8719	2.91023e-06	1.89183e-05
767	21	18	109	132	36	330	0.0811091	2.51196	2.02651e-06	2.4985e-05
768	17	14	33	37	13	73	0.54626	0.60466	3.25969e-06	5.96728e-06
769	24	20	49	57	24	120	0.379098	0.96996	3.63688e-06	9.5935e-06
770	20	13	75	85	31	179	0.235346	1.4467	3.36753e-06	1.43089e-05
771	24	20	52	57	23	98	0.424111	0.85776	3.57295e-06	8.42457e-06
772	23	19	67	75	21	336	0.112523	2.1846	2.48521e-06	2.20863e-05
773	12	10	47	56	17	166	0.301713	1.19828	3.61487e-06	1.19812e-05
774	25	20	102	122	35	625	0.0191844	3.95366	7.69194e-07	4.00949e-05
775	14	12	29	35	11	62	0.585084	0.536	3.08335e-06	5.26992e-06
776	30	23	106	129	39	443	0.0464481	3.06942	1.43152e-06	3.08197e-05
777	18	12	46	57	18	174	0.287837	1.24536	3.58723e-06	1.24627e-05
778	18	12	8	10	4	13	0.878886	0.1291	1.10318e-06	1.25521e-06
779	21	17	71	79	30	144	0.292141	1.23052	3.53798e-06	1.21105e-05
780	26	18	81	99	28	489	0.044351	3.11562	1.40018e-06	3.15704e-05
781	23	17	32	40	21	36	0.647394	0.4348	2.70009e-06	4.1707e-06
782	17	12	46	51	18	110	0.414252	0.88128	3.61372e-06	8.72348e-06
783	26	20	22	26	12	42	0.685587	0.37748	2.53615e-06	3.69923e-06
784	15	13	60	70	19	315	0.129238	2.0461	2.67371e-06	2.06883e-05
785	31	29	110	123	34	476	0.0407606	3.20004	1.31389e-06	3.22345e-05
786	21	15	13	14	6	24	0.810325	0.21032	1.6737e-06	2.06546e-06
787	24	16	45	53	23	76	0.486538	0.72044	3.42029e-06	7.02985e-06
788	21	16	50	54	25	65	0.511391	0.67062	3.32498e-06	6.50183e-06
789	18	13	42	50	16	135	0.366961	1.0025	3.66791e-06	9.99536e-06
790	23	19	78	93	28	291	0.126421	2.06814	2.61835e-06	2.07114e-05
791	20	13	19	21	7	60	0.645403	0.43788	2.8226e-06	4.37339e-06
792	27	23	68	74	33	136	0.314013	1.15832	3.58077e-06	1.14032e-05
793	21	15	69	78	23	210	0.20996	1.56084	3.26716e-06	1.55609e-05
794	29	25	66	79	26	245	0.174537	1.74562	3.05038e-06	1.7477e-05
795	19	15	85	100	40	251	0.148362	1.9081	2.81609e-06	1.89812e-05
796	18	16	58	67	29	111	0.372745	0.98686	3.60809e-06	9.67977e-06
797	21	19	74	81	40	143	0.289969	1.23798	3.52902e-06	1.21703e-05
798	11	8	2	2	2	0	0.987519	0.01256	1.11486e-07	1.12895e-07
799	24	18	64	76	38	90	0.392084	0.93628	3.55699e-06	9.07201e-06
800	22	15	65	78	21	247	0.173854	1.74954	3.0471e-06	1.75268e-05
801	27	21	62	74	22	243	0.181951	1.70402	3.10926e-06	1.70885e-05
802	16	9	23	26	9	39	0.696157	0.36218	2.46428e-06	3.53983e-06
803	27	19	63	70	26	160	0.284905	1.2556	3.54782e-06	1.24526e-05
804	19	19	29	34	16	34	0.679145	0.38692	2.53032e-06	3.72575e-06
805	21	20	61	66	39	72	0.457637	0.78168	3.45567e-06	7.55113e-06
806	22	17	43	50	10	228	0.228367	1.4768	3.41107e-06	1.49367e-05
807	26	18	55	57	30	61	0.51219	0.66906	3.30805e-06	6.45864e-06
808	24	17	60	67	23	162	0.287377	1.24696	3.56048e-06	1.23896e-05
809	11	10	32	41	13	123	0.412805	0.88478	3.65321e-06	8.84974e-06
810	28	24	33	38	19	45	0.626166	0.46814	2.84029e-06	4.536e-06
811	17	13	52	65	21	147	0.314145	1.1579	3.60628e-06	1.14797e-05
812	35	30	76	89	35	156	0.258071	1.35452	3.4356e-06	1.33126e-05
813	29	24	78	89	33	152	0.26339	1.33412	3.45043e-06	1.31001e-05
814	23	19	69	80	19	314	0.121992	2.1038	2.58619e-06	2.11996e-05
815	22	18	65	77	22	201	0.221206	1.50866	3.3239e-06	1.50262e-05
816	18	16	58	68	29	103	0.385837	0.95234	3.59259e-06	9.31116e-06
817	25	19	61	68	29	138	0.322762	1.13084	3.60552e-06	1.11708e-05
818	27	24	72	85	32	324	0.112343	2.1862	2.47303e-06	2.20132e-05
819	28	25	33	38	22	27	0.686369	0.37634	2.45693e-06	3.57961e-06
820	17	14	49	58	20	161	0.305642	1.18534	3.61526e-06	1.18284e-05
821	18	14	10	11	7	7	0.900523	0.10478	8.94089e-07	9.92856e-07
822	20	18	27	30	8	89	0.526081	0.6423	3.37864e-06	6.42228e-06
823	26	21	105	121	30	382	0.0666647	2.70808	1.80842e-06	2.7127e-05
824	22	16	46	52	24	62	0.525839	0.64276	3.27573e-06	6.22953e-06
825	15	9	74	82	26	209	0.205798	1.58086	3.23793e-06	1.57335e-05
826	25	20	62	78	26	208	0.212112	1.55064	3.27811e-06	1.54546e-05
827	33	28	118	135	40	447	0.0438272	3.1275	1.3749e-06	3.1371e-05
828	29	27	135	162	45	517	0.0258858	3.65406	9.47793e-07	3.66144e-05
829	18	17	75	84	24	247	0.167425	1.78722	2.99113e-06	1.78655e-05
830	26	21	102	111	35	242	0.144963	1.93128	2.77225e-06	1.91239e-05
831	20	17	42	53	17	97	0.437123	0.82754	3.56065e-06	8.14564e-06
832	29	20	106	137	37	616	0.0182798	4.00196	7.39661e-07	4.04634e-05
833	23	20	111	130	40	445	0.0456889	3.0859	1.41555e-06	3.09825e-05
834	18	16	16	19	10	12	0.834836	0.18052	1.42766e-06	1.7101e-06
835	26	20	96	112	35	364	0.0773233	2.55976	1.98432e-06	2.56626e-05
836	14	12	19	22	6	52	0.668072	0.40336	2.67548e-06	4.00477e-06
837	30	24	49	54	27	115	0.396286	0.92562	3.62938e-06	9.15849e-06
838	18	16	48	55	23	114	0.395818	0.9268	3.62641e-06	9.1618e-06
839	23	19	73	83	25	183	0.233508	1.45454	3.3645e-06	1.44085e-05
840	14	10	5	6	4	2	0.953248	0.04788	4.2415e-07	4.44952e-07
841	20	18	54	65	28	90	0.420126	0.8672	3.55052e-06	8.45108e-06
842	23	18	45	51	20	93	0.451771	0.79458	3.53295e-06	7.82022e-06
843	21	20	69	83	23	230	0.183739	1.69424	3.10625e-06	1.69058e-05
844	26	20	54	64	24	116	0.370271	0.99352	3.61981e-06	9.7761e-06
845	19	13	32	41	18	46	0.611353	0.49208	2.90911e-06	4.75848e-06
846	23	18	59	65	17	262	0.17475	1.7444	3.07385e-06	1.759e-05
847	19	13	20	23	10	38	0.713024	0.33824	2.36536e-06	3.31736e-06
848	20	15	20	22	15	9	0.831886	0.18406	1.43088e-06	1.72005e-06
849	21	12	13	15	8	13	0.851718	0.1605	1.30947e-06	1.53745e-06
850	22	20	32	38	14	70	0.55121	0.59564	3.23248e-06	5.86433e-06
851	24	18	57	62	22	170	0.284688	1.25636	3.56783e-06	1.25324e-05
852	23	21	97	111	39	239	0.147198	1.91598	2.79153e-06	1.89645e-05
853	27	23	44	56	23	112	0.397373	0.92288	3.62086e-06	9.11198e-06
854	16	11	33	40	16	73	0.536065	0.6235	3.28963e-06	6.13663e-06
855	14	9	40	54	20	136	0.356037	1.03272	3.65803e-06	1.02743e-05
856	19	16	42	48	16	137	0.367828	1.00014	3.67414e-06	9.98873e-06
857	22	15	61	69	28	109	0.371867	0.98922	3.60205e-06	9.6864e-06
858	22	13	29	31	9	67	0.584862	0.53638	3.1055e-06	5.3098e-06
859	29	21	99	114	42	308	0.101599	2.28672	2.31647e-06	2.28001e-05
860	24	19	64	72	18	215	0.212533	1.54866	3.29168e-06	1.54879e-05
861	26	23	85	89	41	202	0.204105	1.58912	3.21603e-06	1.57567e-05
862	27	22	93	106	38	259	0.137164	1.98658	2.70829e-06	1.97449e-05
863	16	11	19	21	9	26	0.767605	0.26448	1.97034e-06	2.56686e-06
864	34	27	96	115	38	308	0.100963	2.293	2.30766e-06	2.28565e-05
865	19	19	118	141	34	570	0.0225396	3.79248	8.62029e-07	3.8245e-05
866	24	17	25	28	11	59	0.620804	0.47674	2.92733e-06	4.71539e-06
867	20	11	48	51	20	154	0.330986	1.10568	3.66115e-06	1.10613e-05
868	20	17	111	128	49	318	0.0884215	2.42564	2.13287e-06	2.41217e-05
869	24	19	40	45	20	73	0.519494	0.6549	3.33456e-06	6.41887e-06
870	18	12	9	11	7	7	0.900523	0.10478	8.94089e-07	9.92856e-07
871	23	17	64	79	24	343	0.105883	2.24542	2.40186e-06	2.2684e-05
872	17	12	41	49	17	163	0.320133	1.13902	3.65804e-06	1.14266e-05
873	30	21	27	33	11	97	0.495623	0.70194	3.47763e-06	7.01669e-06
874	20	19	79	96	30	364	0.0854965	2.45928	2.11685e-06	2.47595e-05
875	27	20	85	96	30	445	0.0565641	2.87238	1.64394e-06	2.90632e-05
876	22	16	51	58	21	172	0.288968	1.24144	3.58692e-06	1.24129e-05
877	17	15	45	52	20	99	0.435413	0.83146	3.56841e-06	8.19546e-06
878	25	20	68	76	32	157	0.2786	1.27798	3.51925e-06	1.26319e-05
879	24	18	37	42	17	108	0.442834	0.81456	3.59102e-06	8.10918e-06
880	29	26	97	114	46	251	0.135875	1.99602	2.68645e-06	1.97715e-05
881	17	13	35	38	14	82	0.518487	0.65684	3.37117e-06	6.50193e-06
882	24	18	76	92	28	200	0.202349	1.59776	3.20113e-06	1.58198e-05
883	20	19	71	81	27	162	0.26319	1.33488	3.4688e-06	1.31798e-05
884	18	15	48	55	22	99	0.427287	0.8503	3.57417e-06	8.3648e-06
885	23	17	43	56	17	138	0.348025	1.05548	3.65199e-06	1.04934e-05
886	20	19	38	46	15	128	0.389972	0.94168	3.66482e-06	9.39764e-06
887	25	17	38	43	17	76	0.518073	0.65764	3.34953e-06	6.46537e-06
888	14	13	47	54	18	129	0.368977	0.99702	3.65374e-06	9.90235e-06
889	30	28	68	78	32	173	0.253564	1.37214	3.44719e-06	1.3595e-05
890	18	14	69	76	37	87	0.398129	0.92098	3.54836e-06	8.91261e-06
891	18	15	61	70	28	159	0.286362	1.2505	3.55074e-06	1.23995e-05
892	21	14	64	76	26	172	0.258081	1.35448	3.46576e-06	1.34289e-05
893	21	15	71	78	32	182	0.242188	1.41804	3.40835e-06	1.40732e-05
894	27	19	40	42	20	50	0.595258	0.51876	2.99264e-06	5.02746e-06
895	22	15	52	63	21	119	0.366946	1.00254	3.62508e-06	9.87905e-06
896	17	14	65	76	32	113	0.348687	1.05358	3.58941e-06	1.02941e-05
897	16	15	30	32	13	51	0.630615	0.46106	2.84793e-06	4.51612e-06
898	20	20	85	95	30	247	0.15625	1.8563	2.8885e-06	1.84864e-05
899	18	13	44	47	21	69	0.523583	0.64706	3.30864e-06	6.31923e-06
900	21	18	67	75	27	251	0.173583	1.7511	3.04985e-06	1.757e-05
901	21	15	85	96	31	223	0.175489	1.74018	3.03028e-06	1.72677e-05
902	29	24	131	158	50	459	0.0356809	3.33314	1.18842e-06	3.33069e-05
903	23	14	80	95	39	247	0.15625	1.8563	2.8885e-06	1.84864e-05
904	24	14	33	36	16	55	0.602553	0.50658	2.98531e-06	4.95444e-06
905	26	20	36	42	23	36	0.639314	0.44736	2.73856e-06	4.28359e-06
906	15	13	51	58	30	115	0.386455	0.95074	3.6266e-06	9.38428e-06
907	22	19	46	50	30	47	0.574819	0.5537	3.05783e-06	5.31964e-06
908	19	13	40	45	20	81	0.498725	0.6957	3.41324e-06	6.84393e-06
909	23	21	97	119	39	352	0.0786679	2.54252	1.99975e-06	2.54202e-05
910	21	18	72	83	27	216	0.197337	1.62284	3.18935e-06	1.61619e-05
911	16	12	33	37	7	95	0.488283	0.71686	3.48449e-06	7.13622e-06
912	24	17	65	74	30	126	0.330443	1.10732	3.59255e-06	1.08719e-05
913	27	20	102	121	37	412	0.0572069	2.86108	1.64304e-06	2.8721e-05
914	27	21	23	26	14	19	0.770913	0.26018	1.90968e-06	2.47717e-06
915	16	13	35	38	19	36	0.655577	0.42224	2.6602e-06	4.0578e-06
916	33	24	82	89	31	358	0.0921148	2.38472	2.21495e-06	2.40455e-05
917	19	14	38	44	21	65	0.544537	0.60782	3.23311e-06	5.93735e-06
918	26	17	30	41	17	91	0.485984	0.72158	3.47453e-06	7.14947e-06
919	22	17	67	85	20	287	0.135674	1.9975	2.71989e-06	2.00473e-05
920	21	17	84	100	32	250	0.149121	1.903	2.82256e-06	1.89281e-05
921	13	11	37	48	17	138	0.365957	1.00524	3.67489e-06	1.00419e-05
922	33	26	68	76	35	82	0.408412	0.89548	3.53151e-06	8.64694e-06
923	24	19	91	100	31	316	0.106501	2.2396	2.38934e-06	2.24349e-05
924	17	13	22	27	6	141	0.411206	0.88866	3.70738e-06	9.01587e-06
925	23	18	72	79	35	166	0.261134	1.34272	3.46773e-06	1.32795e-05
926	20	14	34	35	15	86	0.517679	0.6584	3.38827e-06	6.54512e-06
927	30	22	110	126	31	430	0.0505759	2.98428	1.51524e-06	2.99597e-05
928	22	14	36	36	22	31	0.681009	0.38418	2.5056e-06	3.67924e-06
929	23	19	46	53	23	82	0.471876	0.75104	3.46765e-06	7.34865e-06
930	25	21	74	82	34	163	0.260212	1.34626	3.45806e-06	1.32894e-05
931	15	11	36	40	14	75	0.530625	0.6337	3.31263e-06	6.24289e-06
932	28	22	96	110	39	296	0.110759	2.2004	2.42968e-06	2.19367e-05
933	17	13	60	66	24	147	0.312179	1.16418	3.60133e-06	1.15361e-05
934	20	18	51	58	29	66	0.496168	0.70084	3.36439e-06	6.78075e-06
935	20	16	29	37	15	69	0.557518	0.58426	3.20838e-06	5.75475e-06
936	26	20	73	84	23	371	0.0889554	2.41962	2.17532e-06	2.4454e-05
937	22	19	62	74	23	198	0.228889	1.47452	3.36409e-06	1.46975e-05
938	21	18	95	108	37	300	0.109894	2.20824	2.42165e-06	2.20363e-05
939	25	15	72	82	37	130	0.307906	1.17796	3.55201e-06	1.1536e-05
940	13	9	34	39	13	128	0.407498	0.89772	3.6685e-06	9.00251e-06
941	29	26	76	84	37	160	0.260926	1.34352	3.45541e-06	1.32429e-05
942	18	13	48	51	23	62	0.529152	0.63648	3.2665e-06	6.17309e-06
943	20	13	10	11	5	12	0.87785	0.13028	1.10479e-06	1.25852e-06
944	20	16	37	45	18	79	0.503838	0.6855	3.39469e-06	6.73766e-06
945	23	14	67	80	30	183	0.237949	1.4357	3.3882e-06	1.42392e-05
946	23	19	51	57	25	80	0.464887	0.76596	3.47186e-06	7.46817e-06
947	23	17	58	69	20	245	0.185849	1.68282	3.14318e-06	1.69125e-05
948	18	15	54	58	23	130	0.357994	1.02724	3.64483e-06	1.01813e-05
949	22	19	50	55	23	100	0.425113	0.8554	3.57858e-06	8.41794e-06
950	25	22	64	72	28	159	0.282787	1.26306	3.53835e-06	1.25124e-05
951	18	11	67	73	29	130	0.32581	1.12144	3.59303e-06	1.1028e-05
952	22	17	53	68	26	125	0.344886	1.06454	3.61444e-06	1.04801e-05
953	21	19	55	63	22	170	0.282906	1.26264	3.56146e-06	1.25888e-05
954	17	13	52	61	21	172	0.283575	1.26028	3.568e-06	1.25822e-05
955	23	17	73	87	20	334	0.105425	2.24976	2.38865e-06	2.26574e-05
956	26	23	119	134	50	265	0.111579	2.19302	2.41505e-06	2.16443e-05
957	26	20	41	45	20	71	0.52482	0.6447	3.31298e-06	6.3126e-06
958	15	14	51	59	24	73	0.47577	0.74282	3.42989e-06	7.20913e-06
959	21	14	15	17	10	14	0.836809	0.17816	1.42548e-06	1.70347e-06
960	19	14	44	45	26	32	0.640312	0.4458	2.71518e-06	4.2404e-06
961	14	10	7	7	7	0	0.956992	0.04396	3.78139e-07	3.95133e-07
962	21	13	56	63	13	268	0.171626	1.76244	3.05423e-06	1.77959e-05
963	20	17	44	51	22	73	0.500284	0.69258	3.38069e-06	6.75755e-06
964	24	20	53	56	21	146	0.334112	1.09628	3.648e-06	1.09185e-05
965	15	14	58	63	21	166	0.288737	1.24224	3.5735e-06	1.23763e-05
966	27	19	23	25	15	17	0.783723	0.2437	1.81389e-06	2.31445e-06
967	16	13	17	17	9	14	0.836809	0.17816	1.42548e-06	1.70347e-06
968	32	27	182	217	55	800	0.00432752	5.44276	2.36956e-07	5.47557e-05
969	19	14	95	112	27	319	0.0972705	2.33026	2.26364e-06	2.32716e-05
970	27	22	61	72	18	227	0.199916	1.60986	3.22373e-06	1.61255e-05
971	21	18	64	75	24	190	0.236928	1.44	3.39491e-06	1.43289e-05
972	23	19	40	50	17	121	0.39412	0.9311	3.6462e-06	9.2515e-06
973	24	19	59	71	23	164	0.277404	1.28228	3.52903e-06	1.27216e-05
974	14	11	49	55	22	76	0.480465	0.733	3.43184e-06	7.14274e-06
975	26	16	89	110	38	256	0.135823	1.9964	2.69084e-06	1.98113e-05
976	21	15	72	87	25	339	0.10277	2.27526	2.35581e-06	2.29231e-05
977	21	15	17	19	12	11	0.839105	0.17542	1.39037e-06	1.65697e-06
978	19	16	77	86	31	189	0.222244	1.50398	3.31069e-06	1.48967e-05
979	29	21	40	49	22	54	0.558154	0.58312	3.14527e-06	5.63513e-06
980	22	18	62	68	32	108	0.376123	0.97784	3.60206e-06	9.57682e-06
981	22	19	116	132	58	184	0.170783	1.76736	2.94218e-06	1.72276e-05
982	24	17	70	83	18	326	0.112608	2.18384	2.47812e-06	2.20066e-05
983	18	13	36	37	23	23	0.704928	0.34966	2.33375e-06	3.31062e-06
984	28	21	85	103	36	247	0.148594	1.90654	2.81407e-06	1.8938e-05
985	17	15	25	30	10	61	0.606834	0.4995	2.99445e-06	4.93455e-06
986	19	15	61	67	33	78	0.441066	0.81856	3.49606e-06	7.92638e-06
987	20	16	133	148	40	534	0.0259174	3.65284	9.51879e-07	3.67274e-05
988	27	20	79	96	35	266	0.140932	1.95948	2.75555e-06	1.95524e-05
989	22	17	76	90	35	214	0.190787	1.6566	3.13859e-06	1.64508e-05
990	39	35	156	177	55	632	0.013105	4.33476	5.71004e-07	4.35714e-05
991	25	20	66	80	28	188	0.231958	1.4612	3.36451e-06	1.45048e-05
992	13	10	26	27	12	58	0.627909	0.46536	2.89203e-06	4.60581e-06
993	29	20	69	77	29	153	0.282561	1.26386	3.52519e-06	1.24758e-05
994	17	12	35	41	16	69	0.543688	0.60938	3.25155e-06	5.98054e-06
995	21	17	81	88	28	279	0.138686	1.97554	2.74482e-06	1.97916e-05
996	20	15	22	28	10	49	0.653286	0.42574	2.73339e-06	4.18406e-06
997	22	17	110	132	37	542	0.0275113	3.59316	9.97263e-07	3.62493e-05
998	23	13	39	42	18	70	0.537536	0.62076	3.27366e-06	6.09012e-06
999	24	16	27	29	17	22	0.745038	0.29432	2.09051e-06	2.80591e-06
1000	25	18	31	33	17	46	0.642852	0.44184	2.7687e-06	4.3069e-06