Hist	Tr_Tot	Tr_in	DSBs	DSBt	RIFs	NComb	PSurv	lPSurv	PMut*	PMut
1	1005	786	148	151	135	18	0.353426	1.04008	3.35048e-06	9.47999e-06
2	931	716	102	105	93	14	0.481524	0.7308	3.21218e-06	6.67086e-06
3	1046	830	141	148	114	47	0.310634	1.16914	3.37085e-06	1.08515e-05
4	953	730	104	107	92	17	0.468294	0.75866	3.25144e-06	6.94316e-06
5	958	747	132	137	116	24	0.374277	0.98276	3.37168e-06	9.00852e-06
6	988	782	157	159	130	39	0.301972	1.19742	3.336e-06	1.10474e-05
7	958	752	130	131	113	22	0.392633	0.93488	3.36234e-06	8.56357e-06
8	912	719	85	88	81	7	0.555248	0.58834	2.96465e-06	5.33932e-06
9	893	710	138	141	121	26	0.361288	1.01808	3.37464e-06	9.34057e-06
10	1026	780	143	147	129	22	0.355099	1.03536	3.36162e-06	9.46673e-06
11	980	775	124	128	109	23	0.398065	0.92114	3.3626e-06	8.44736e-06
12	949	729	130	132	118	16	0.402299	0.91056	3.33957e-06	8.30121e-06
13	956	757	115	116	109	7	0.465716	0.76418	3.22268e-06	6.91985e-06
14	942	754	133	136	108	40	0.347122	1.05808	3.40256e-06	9.8022e-06
15	972	735	116	118	109	12	0.448324	0.80224	3.27205e-06	7.29842e-06
16	972	755	143	146	120	41	0.324334	1.12598	3.3795e-06	1.04198e-05
17	989	779	116	120	106	16	0.433788	0.8352	3.30713e-06	7.62384e-06
18	955	731	111	113	97	21	0.44187	0.81674	3.31154e-06	7.49438e-06
19	1014	810	149	151	125	31	0.330754	1.10638	3.36401e-06	1.01707e-05
20	939	724	127	131	105	33	0.371213	0.99098	3.39587e-06	9.14803e-06
21	965	743	128	128	112	18	0.408346	0.89564	3.34096e-06	8.18169e-06
22	958	746	144	146	128	20	0.360999	1.01888	3.35874e-06	9.30401e-06
23	983	778	144	146	127	21	0.359163	1.02398	3.36074e-06	9.35715e-06
24	974	773	130	132	114	21	0.39217	0.93606	3.35967e-06	8.56688e-06
25	988	772	139	141	120	27	0.35945	1.02318	3.37657e-06	9.39371e-06
26	992	786	123	125	112	14	0.424688	0.8564	3.31249e-06	7.79981e-06
27	913	725	93	100	83	20	0.481909	0.73	3.23237e-06	6.70742e-06
28	1019	794	154	154	128	28	0.329585	1.10992	3.3554e-06	1.01807e-05
29	942	730	139	140	116	30	0.356222	1.0322	3.38292e-06	9.49666e-06
30	980	793	143	143	126	19	0.369746	0.99494	3.35786e-06	9.08154e-06
31	961	749	107	110	95	17	0.459553	0.7775	3.26857e-06	7.1125e-06
32	972	768	162	165	141	28	0.307586	1.179	3.32242e-06	1.08016e-05
33	959	753	155	159	131	33	0.311355	1.16682	3.3404e-06	1.07286e-05
34	916	706	140	146	119	34	0.336122	1.09028	3.37732e-06	1.00479e-05
35	973	760	112	112	100	14	0.460814	0.77476	3.25611e-06	7.066e-06
36	940	739	107	107	97	14	0.475514	0.74336	3.22577e-06	6.78376e-06
37	980	780	133	137	113	27	0.368594	0.99806	3.37924e-06	9.16792e-06
38	946	763	132	136	116	25	0.374719	0.98158	3.37442e-06	9.0052e-06
39	998	769	149	150	133	22	0.348471	1.0542	3.35789e-06	9.63607e-06
40	963	749	103	104	93	13	0.487035	0.71942	3.19557e-06	6.56128e-06
41	929	731	112	114	103	12	0.459728	0.77712	3.25148e-06	7.07262e-06
42	979	762	128	130	111	23	0.393097	0.9337	3.36501e-06	8.56025e-06
43	1052	827	166	170	141	34	0.289095	1.241	3.29644e-06	1.14026e-05
44	999	781	129	129	113	26	0.389567	0.94272	3.3749e-06	8.6632e-06
45	924	707	109	110	90	30	0.430073	0.8438	3.35596e-06	7.80323e-06
46	943	737	99	99	85	16	0.494939	0.70332	3.18664e-06	6.43844e-06
47	949	747	119	121	100	29	0.403419	0.90778	3.37703e-06	8.37102e-06
48	959	730	133	135	119	22	0.382893	0.96	3.36538e-06	8.78936e-06
49	966	741	113	115	97	23	0.431926	0.8395	3.33168e-06	7.71354e-06
50	950	740	135	136	115	32	0.361577	1.01728	3.39056e-06	9.37714e-06
51	982	776	137	137	121	24	0.374277	0.98276	3.37168e-06	9.00852e-06
52	1001	761	117	119	103	23	0.421212	0.86462	3.34414e-06	7.93933e-06
53	1003	765	139	141	119	26	0.361288	1.01808	3.37464e-06	9.34057e-06
54	929	733	134	138	119	22	0.375747	0.97884	3.3662e-06	8.9587e-06
55	1040	819	159	161	140	22	0.325211	1.12328	3.33569e-06	1.0257e-05
56	951	733	155	161	127	39	0.298203	1.20998	3.32803e-06	1.11603e-05
57	956	761	120	121	106	18	0.426697	0.85168	3.3225e-06	7.78656e-06
58	968	766	135	142	119	32	0.348206	1.05496	3.38311e-06	9.71582e-06
59	965	759	112	113	102	11	0.46499	0.76574	3.23774e-06	6.96304e-06
60	929	720	133	136	110	32	0.361577	1.01728	3.39056e-06	9.37714e-06
61	960	750	122	122	109	16	0.428373	0.84776	3.31421e-06	7.73674e-06
62	960	773	148	150	120	42	0.31468	1.1562	3.36667e-06	1.06987e-05
63	988	781	129	132	118	18	0.398216	0.92076	3.348e-06	8.40748e-06
64	958	772	115	117	105	14	0.44657	0.80616	3.2815e-06	7.34823e-06
65	954	757	145	149	122	37	0.324841	1.12442	3.37075e-06	1.03766e-05
66	1007	801	133	139	113	30	0.358467	1.02592	3.384e-06	9.44021e-06
67	971	744	135	140	113	34	0.349029	1.0526	3.38879e-06	9.70919e-06
68	980	784	117	117	107	11	0.453455	0.79086	3.25981e-06	7.18883e-06
69	988	791	137	139	117	28	0.362142	1.01572	3.38021e-06	9.33395e-06
70	924	721	135	137	122	18	0.385907	0.95216	3.35342e-06	8.68972e-06
71	1011	804	160	163	128	53	0.274188	1.29394	3.29493e-06	1.2017e-05
72	937	740	105	107	91	19	0.463541	0.76886	3.2677e-06	7.04942e-06
73	973	748	140	142	125	21	0.368299	0.99886	3.36307e-06	9.13136e-06
74	957	741	128	132	113	32	0.370775	0.99216	3.39309e-06	9.15135e-06
75	961	757	141	146	119	32	0.339568	1.08008	3.37586e-06	9.94161e-06
76	973	765	127	128	107	24	0.39604	0.92624	3.36653e-06	8.50049e-06
77	998	798	159	160	129	42	0.295526	1.219	3.32857e-06	1.12632e-05
78	990	782	106	109	88	28	0.437219	0.82732	3.34058e-06	7.64052e-06
79	910	733	130	132	110	30	0.374576	0.98196	3.38807e-06	9.04508e-06
80	1016	792	126	127	103	31	0.384558	0.95566	3.39026e-06	8.81597e-06
81	941	738	131	131	123	9	0.419547	0.86858	3.30302e-06	7.87283e-06
82	996	803	107	108	95	15	0.470133	0.75474	3.24078e-06	6.89334e-06
83	959	747	103	103	94	12	0.492609	0.70804	3.17816e-06	6.4517e-06
84	918	700	127	131	114	19	0.398686	0.91958	3.35063e-06	8.40417e-06
85	975	755	118	119	104	19	0.429893	0.84422	3.32169e-06	7.7268e-06
86	952	754	121	123	108	15	0.427868	0.84894	3.31172e-06	7.74005e-06
87	980	774	131	133	114	24	0.383798	0.95764	3.37079e-06	8.78273e-06
88	950	766	117	118	110	8	0.457563	0.78184	3.24224e-06	7.08588e-06
89	960	739	125	127	104	27	0.392484	0.93526	3.37671e-06	8.60344e-06
90	944	749	129	133	115	19	0.39371	0.93214	3.35325e-06	8.51706e-06
91	1010	800	143	144	119	27	0.352741	1.04202	3.37328e-06	9.56305e-06
92	962	742	133	139	114	40	0.340643	1.07692	3.39674e-06	9.97154e-06
93	1023	785	133	135	119	18	0.390784	0.9396	3.35169e-06	8.57682e-06
94	978	772	122	123	110	14	0.430056	0.84384	3.30581e-06	7.68692e-06
95	960	772	133	134	119	17	0.395257	0.92822	3.34673e-06	8.46724e-06
96	997	787	138	142	115	52	0.314441	1.15696	3.38919e-06	1.07785e-05
97	922	724	108	108	96	15	0.470133	0.75474	3.24078e-06	6.89334e-06
98	929	740	111	113	98	16	0.453282	0.79124	3.27665e-06	7.22871e-06
99	947	724	157	160	138	26	0.320652	1.1374	3.33897e-06	1.04131e-05
100	967	776	132	136	116	29	0.367152	1.00198	3.38431e-06	9.21774e-06
101	964	740	150	153	127	31	0.326626	1.11894	3.35889e-06	1.02836e-05
102	958	740	134	135	108	33	0.362004	1.0161	3.39336e-06	9.37382e-06
103	981	785	157	162	134	36	0.300905	1.20096	3.3272e-06	1.10573e-05
104	970	755	138	140	120	25	0.365423	1.0067	3.37322e-06	9.23099e-06
105	1000	779	114	116	102	15	0.447097	0.80498	3.28389e-06	7.34492e-06
106	927	744	153	156	130	32	0.318899	1.14288	3.35038e-06	1.05061e-05
107	1036	826	131	133	106	37	0.359177	1.02394	3.40265e-06	9.47346e-06
108	950	764	110	115	99	21	0.436355	0.8293	3.31947e-06	7.60727e-06
109	959	736	108	111	100	12	0.468472	0.75828	3.23399e-06	6.90328e-06
110	967	768	117	121	103	20	0.422367	0.86188	3.33367e-06	7.89282e-06
111	961	762	142	145	121	31	0.343455	1.0687	3.37686e-06	9.83203e-06
112	983	770	141	144	121	30	0.347386	1.05732	3.37744e-06	9.72245e-06
113	888	676	94	98	86	12	0.508322	0.67664	3.13607e-06	6.16946e-06
114	964	737	122	125	107	26	0.399477	0.9176	3.37055e-06	8.43741e-06
115	984	790	139	146	125	30	0.34305	1.06988	3.37401e-06	9.83535e-06
116	966	754	115	116	96	24	0.427039	0.85088	3.34078e-06	7.82312e-06
117	953	741	118	119	104	22	0.423365	0.85952	3.33874e-06	7.88619e-06
118	961	759	133	138	115	28	0.364423	1.00944	3.38093e-06	9.2775e-06
119	969	761	148	152	126	32	0.327011	1.11776	3.36178e-06	1.02803e-05
120	989	798	123	125	109	17	0.41824	0.8717	3.32886e-06	7.95921e-06
121	986	778	120	121	106	18	0.426697	0.85168	3.3225e-06	7.78656e-06
122	914	743	106	106	90	21	0.461728	0.77278	3.27792e-06	7.09924e-06
123	1009	784	123	127	111	18	0.410919	0.88936	3.33881e-06	8.12524e-06
124	935	735	127	129	104	34	0.373992	0.98352	3.39894e-06	9.08827e-06
125	981	765	116	121	102	23	0.415954	0.87718	3.34936e-06	8.05222e-06
126	955	765	116	119	103	19	0.429893	0.84422	3.32169e-06	7.7268e-06
127	938	736	141	143	123	24	0.360436	1.02044	3.36907e-06	9.3472e-06
128	972	735	151	153	129	29	0.329974	1.10874	3.35826e-06	1.01773e-05
129	1011	785	149	154	125	38	0.313198	1.16092	3.35497e-06	1.0712e-05
130	989	791	104	105	91	14	0.481524	0.7308	3.21218e-06	6.67086e-06
131	906	718	117	122	106	18	0.424026	0.85796	3.32564e-06	7.843e-06
132	1013	787	146	150	129	24	0.344935	1.0644	3.36047e-06	9.74234e-06
133	939	738	137	138	107	53	0.320799	1.13694	3.40234e-06	1.06058e-05
134	999	799	156	159	137	26	0.322672	1.13112	3.34179e-06	1.03566e-05
135	958	759	133	133	118	16	0.39978	0.91684	3.34123e-06	8.35766e-06
136	930	725	122	122	106	20	0.419723	0.86816	3.33649e-06	7.94927e-06
137	974	768	122	123	106	19	0.419228	0.86934	3.33395e-06	7.95259e-06
138	1055	826	145	147	129	21	0.356914	1.03026	3.35985e-06	9.41359e-06
139	992	752	142	145	119	37	0.333104	1.0993	3.38128e-06	1.01508e-05
140	913	706	130	134	123	11	0.407538	0.89762	3.3208e-06	8.14844e-06
141	915	720	132	134	114	44	0.344411	1.06592	3.4103e-06	9.90184e-06
142	951	745	134	136	116	22	0.380496	0.96628	3.36579e-06	8.8458e-06
143	978	761	127	127	113	18	0.410919	0.88936	3.33881e-06	8.12524e-06
144	960	742	133	136	115	24	0.376635	0.97648	3.37166e-06	8.95207e-06
145	953	725	123	128	105	26	0.392021	0.93644	3.37403e-06	8.60676e-06
146	977	783	133	138	111	31	0.35889	1.02474	3.38681e-06	9.4369e-06
147	962	736	124	129	111	22	0.397596	0.92232	3.35995e-06	8.45067e-06
148	995	780	89	90	81	10	0.539993	0.6162	3.03023e-06	5.61162e-06
149	973	771	146	149	117	48	0.307119	1.18052	3.36636e-06	1.09611e-05
150	977	773	139	142	114	40	0.334285	1.09576	3.38995e-06	1.01409e-05
151	945	724	124	125	103	27	0.397444	0.9227	3.37452e-06	8.49055e-06
152	953	747	131	132	111	26	0.382296	0.96156	3.37665e-06	8.83255e-06
153	963	744	132	134	115	25	0.379455	0.96902	3.37423e-06	8.89231e-06
154	966	740	148	151	130	24	0.342775	1.07068	3.35878e-06	9.79878e-06
155	979	773	144	149	116	50	0.304002	1.19072	3.3645e-06	1.10674e-05
156	955	746	129	133	116	19	0.39371	0.93214	3.35325e-06	8.51706e-06
157	998	778	138	139	121	22	0.373394	0.98512	3.36621e-06	9.01515e-06
158	924	718	132	136	119	22	0.380496	0.96628	3.36579e-06	8.8458e-06
159	1031	822	161	163	131	42	0.29001	1.23784	3.31555e-06	1.14326e-05
160	948	746	147	149	125	27	0.341837	1.07342	3.36549e-06	9.84529e-06
161	993	768	141	145	123	25	0.354127	1.0381	3.36889e-06	9.51323e-06
162	965	762	92	93	81	13	0.521868	0.65034	3.10008e-06	5.94036e-06
163	981	765	114	115	90	33	0.41045	0.8905	3.38411e-06	8.24487e-06
164	982	777	126	128	109	23	0.398065	0.92114	3.3626e-06	8.44736e-06
165	882	681	143	144	122	26	0.354545	1.03692	3.37169e-06	9.50992e-06
166	1002	797	127	130	111	21	0.397127	0.9235	3.3573e-06	8.45399e-06
167	929	716	128	129	107	28	0.385613	0.95292	3.38163e-06	8.76947e-06
168	973	794	123	125	107	19	0.413996	0.8819	3.33907e-06	8.06548e-06
169	942	731	133	137	114	26	0.370478	0.99296	3.37683e-06	9.11478e-06
170	952	726	129	130	117	18	0.403249	0.9082	3.34479e-06	8.29459e-06
171	968	768	127	130	111	21	0.397127	0.9235	3.3573e-06	8.45399e-06
172	999	801	134	140	117	28	0.359874	1.022	3.37936e-06	9.39039e-06
173	984	754	125	127	107	24	0.398535	0.91996	3.36525e-06	8.44404e-06
174	930	732	121	121	102	29	0.403419	0.90778	3.37703e-06	8.37102e-06
175	1006	788	131	131	116	22	0.392633	0.93488	3.36234e-06	8.56357e-06
176	933	720	136	141	127	16	0.380192	0.96708	3.3492e-06	8.80924e-06
177	950	761	131	133	119	15	0.401824	0.91174	3.33696e-06	8.30453e-06
178	954	737	120	121	105	22	0.418081	0.87208	3.34427e-06	7.99909e-06
179	992	776	171	172	139	42	0.274073	1.29436	3.27259e-06	1.19406e-05
180	970	771	124	127	107	29	0.388501	0.94546	3.38373e-06	8.70971e-06
181	963	772	125	127	98	34	0.378719	0.97096	3.39915e-06	8.97537e-06
182	987	761	124	125	110	17	0.41824	0.8717	3.32886e-06	7.95921e-06
183	951	735	123	125	107	22	0.40771	0.8972	3.35336e-06	8.22488e-06
184	1011	771	130	132	108	27	0.380351	0.96666	3.37968e-06	8.88568e-06
185	937	701	126	126	112	15	0.419883	0.86778	3.32102e-06	7.9094e-06
186	1012	793	115	117	96	22	0.428716	0.84696	3.33254e-06	7.7733e-06
187	957	752	142	144	125	21	0.363702	1.01142	3.36215e-06	9.24425e-06
188	942	722	118	123	101	30	0.396357	0.92544	3.38372e-06	8.53705e-06
189	973	778	129	131	111	31	0.375018	0.98078	3.39083e-06	9.04176e-06
190	913	720	89	91	86	5	0.550472	0.59698	2.97387e-06	5.4024e-06
191	990	764	118	121	101	22	0.418081	0.87208	3.34427e-06	7.99909e-06
192	909	707	134	136	115	25	0.374719	0.98158	3.37442e-06	9.0052e-06
193	1015	820	120	121	108	16	0.431072	0.84148	3.31076e-06	7.68029e-06
194	1022	785	149	151	122	40	0.315916	1.15228	3.36416e-06	1.06489e-05
195	981	788	139	143	120	24	0.360436	1.02044	3.36907e-06	9.3472e-06
196	990	784	125	127	106	27	0.392484	0.93526	3.37671e-06	8.60344e-06
197	959	754	151	158	120	65	0.266138	1.32374	3.29276e-06	1.23724e-05
198	975	761	121	124	109	19	0.416604	0.87562	3.33659e-06	8.00903e-06
199	997	793	160	166	132	59	0.260962	1.34338	3.26337e-06	1.25052e-05
200	993	758	132	134	119	17	0.395257	0.92822	3.34673e-06	8.46724e-06
201	981	766	146	147	128	24	0.351495	1.04556	3.36486e-06	9.57299e-06
202	963	765	124	126	111	18	0.413507	0.88308	3.33651e-06	8.0688e-06
203	943	758	146	148	132	16	0.36384	1.01104	3.34892e-06	9.20438e-06
204	963	758	160	166	138	36	0.293441	1.22608	3.31092e-06	1.12831e-05
205	962	766	152	156	133	26	0.328808	1.11228	3.34967e-06	1.01873e-05
206	985	761	140	142	119	31	0.349987	1.04986	3.38181e-06	9.66269e-06
207	978	754	139	142	113	45	0.325869	1.12126	3.39117e-06	1.04066e-05
208	1015	783	151	154	129	27	0.331271	1.10482	3.35495e-06	1.01275e-05
209	997	749	134	135	118	19	0.388796	0.9447	3.35529e-06	8.62996e-06
210	921	748	115	116	99	32	0.409966	0.89168	3.38148e-06	8.24818e-06
211	1027	821	163	168	138	38	0.286837	1.24884	3.29928e-06	1.15023e-05
212	947	738	148	152	127	31	0.328683	1.11266	3.3615e-06	1.02272e-05
213	1015	799	137	137	117	23	0.37619	0.97766	3.36893e-06	8.95538e-06
214	964	747	166	169	148	24	0.306138	1.18372	3.31083e-06	1.08148e-05
215	990	780	169	172	149	25	0.298896	1.20766	3.29901e-06	1.10373e-05
216	980	761	145	146	129	19	0.362845	1.01378	3.35663e-06	9.25088e-06
217	916	706	136	139	114	36	0.347664	1.05652	3.39285e-06	9.75901e-06
218	1000	792	128	132	114	19	0.396191	0.92586	3.35202e-06	8.46061e-06
219	926	725	120	125	107	28	0.395423	0.9278	3.37836e-06	8.54368e-06
220	1035	808	129	132	116	19	0.396191	0.92586	3.35202e-06	8.46061e-06
221	951	735	123	127	107	25	0.396508	0.92506	3.36919e-06	8.49718e-06
222	945	763	130	134	113	29	0.371792	0.98942	3.38511e-06	9.10484e-06
223	971	742	123	126	108	22	0.405157	0.90348	3.35524e-06	8.28133e-06
224	1012	800	128	132	113	20	0.394175	0.93096	3.35591e-06	8.51375e-06
225	983	783	131	133	111	26	0.379903	0.96784	3.37695e-06	8.88899e-06
226	942	745	105	109	95	22	0.450805	0.79672	3.30067e-06	7.32172e-06
227	1004	817	132	132	122	10	0.4148	0.87996	3.3111e-06	7.98242e-06
228	981	759	105	108	91	20	0.458296	0.78024	3.28094e-06	7.159e-06
229	1000	770	142	145	117	37	0.333104	1.0993	3.38128e-06	1.01508e-05
230	952	737	133	136	120	18	0.388338	0.94588	3.35262e-06	8.63327e-06
231	931	727	126	128	108	24	0.39604	0.92624	3.36653e-06	8.50049e-06
232	969	780	120	122	109	13	0.434978	0.83246	3.29598e-06	7.57734e-06
233	935	719	114	115	103	13	0.454526	0.7885	3.2645e-06	7.18221e-06
234	986	767	137	147	116	42	0.320664	1.13736	3.3764e-06	1.05294e-05
235	979	741	150	151	125	32	0.329072	1.11148	3.36438e-06	1.02239e-05
236	1008	813	135	142	112	40	0.334285	1.09576	3.38995e-06	1.01409e-05
237	934	722	128	130	111	23	0.393097	0.9337	3.36501e-06	8.56025e-06
238	1030	834	135	137	123	15	0.391856	0.93686	3.34266e-06	8.53032e-06
239	955	759	135	138	120	22	0.375747	0.97884	3.3662e-06	8.9587e-06
240	951	730	139	144	127	19	0.367431	1.00122	3.35758e-06	9.13799e-06
241	971	754	148	151	128	29	0.334145	1.09618	3.36299e-06	1.00645e-05
242	978	764	117	120	99	32	0.399796	0.9168	3.38786e-06	8.47397e-06
243	988	790	144	145	127	22	0.359587	1.0228	3.36351e-06	9.35383e-06
244	905	729	130	134	116	20	0.389255	0.94352	3.35797e-06	8.62664e-06
245	1013	812	136	139	113	34	0.351228	1.04632	3.39031e-06	9.65275e-06
246	938	734	121	124	105	23	0.408191	0.89602	3.35597e-06	8.22157e-06
247	1066	832	146	151	134	20	0.34984	1.05028	3.35365e-06	9.58625e-06
248	1000	780	131	133	120	17	0.397747	0.92194	3.34537e-06	8.4108e-06
249	967	736	115	118	106	12	0.448324	0.80224	3.27205e-06	7.29842e-06
250	931	725	126	129	109	25	0.391559	0.93762	3.37135e-06	8.61007e-06
251	962	768	147	150	120	41	0.316289	1.1511	3.36708e-06	1.06456e-05
252	991	774	136	143	117	34	0.342515	1.07144	3.38355e-06	9.87854e-06
253	990	787	148	151	129	31	0.330754	1.10638	3.36401e-06	1.01707e-05
254	959	759	126	127	108	22	0.402621	0.90976	3.35696e-06	8.33778e-06
255	942	747	101	103	87	20	0.472915	0.74884	3.25212e-06	6.87677e-06
256	982	767	122	123	104	24	0.408673	0.89484	3.35858e-06	8.21825e-06
257	960	753	131	133	117	18	0.395723	0.92704	3.34937e-06	8.46393e-06
258	982	761	121	121	107	15	0.433276	0.83638	3.30467e-06	7.62716e-06
259	976	778	124	125	111	14	0.424688	0.8564	3.31249e-06	7.79981e-06
260	895	694	108	110	91	23	0.445704	0.8081	3.31216e-06	7.4313e-06
261	995	792	139	145	125	24	0.355938	1.033	3.3672e-06	9.4601e-06
262	918	740	140	141	119	28	0.357622	1.02828	3.37839e-06	9.44684e-06
263	1024	798	141	145	123	29	0.346976	1.0585	3.37461e-06	9.72576e-06
264	945	752	130	132	111	26	0.382296	0.96156	3.37665e-06	8.83255e-06
265	965	763	132	139	113	38	0.344135	1.06672	3.39499e-06	9.86528e-06
266	963	745	126	133	104	32	0.368454	0.99844	3.39265e-06	9.20779e-06
267	1000	782	148	149	128	25	0.345342	1.06322	3.36329e-06	9.73902e-06
268	979	759	118	120	104	21	0.422866	0.8607	3.3362e-06	7.88951e-06
269	931	724	146	149	130	22	0.350666	1.04792	3.35925e-06	9.57962e-06
270	998	775	137	140	116	42	0.335075	1.0934	3.39574e-06	1.01343e-05
271	923	723	158	161	137	31	0.310622	1.16918	3.33458e-06	1.07352e-05
272	1030	798	165	169	132	52	0.265399	1.32652	3.26509e-06	1.23026e-05
273	948	730	128	129	109	23	0.395573	0.92742	3.36388e-06	8.5038e-06
274	969	770	116	120	95	33	0.397763	0.9219	3.39176e-06	8.52711e-06
275	958	760	121	123	103	25	0.406594	0.89994	3.3631e-06	8.27138e-06
276	950	751	132	134	116	22	0.385305	0.95372	3.36483e-06	8.73291e-06
277	982	769	157	160	137	26	0.320652	1.1374	3.33897e-06	1.04131e-05
278	952	753	124	126	110	17	0.415622	0.87798	3.33148e-06	8.01566e-06
279	1028	786	141	146	128	20	0.360999	1.01888	3.35874e-06	9.30401e-06
280	978	760	129	132	112	24	0.386215	0.95136	3.37022e-06	8.72628e-06
281	1013	787	124	129	108	29	0.383652	0.95802	3.38481e-06	8.8226e-06
282	951	750	127	130	111	22	0.395106	0.9286	3.36122e-06	8.50712e-06
283	943	715	104	104	95	10	0.494544	0.70412	3.16601e-06	6.40188e-06
284	968	754	96	96	86	13	0.512128	0.66918	3.12895e-06	6.1097e-06
285	990	767	131	134	112	27	0.375604	0.97922	3.3799e-06	8.99857e-06
286	984	820	136	140	119	21	0.372954	0.9863	3.36347e-06	9.01846e-06
287	967	747	139	142	116	35	0.342919	1.07026	3.3864e-06	9.87522e-06
288	1006	792	111	114	97	19	0.443605	0.81282	3.30245e-06	7.44456e-06
289	932	714	134	135	118	22	0.382893	0.96	3.36538e-06	8.78936e-06
290	947	742	112	116	100	21	0.433623	0.83558	3.32316e-06	7.66372e-06
291	954	752	135	138	118	20	0.379599	0.96864	3.36037e-06	8.85243e-06
292	960	766	130	131	111	29	0.378863	0.97058	3.38533e-06	8.9355e-06
293	970	778	140	142	125	21	0.368299	0.99886	3.36307e-06	9.13136e-06
294	965	735	130	132	110	26	0.382296	0.96156	3.37665e-06	8.83255e-06
295	987	748	116	117	97	25	0.422207	0.86226	3.34924e-06	7.9327e-06
296	901	717	150	155	130	31	0.322549	1.1315	3.35338e-06	1.03965e-05
297	1010	795	140	143	123	24	0.360436	1.02044	3.36907e-06	9.3472e-06
298	936	736	122	123	109	16	0.425692	0.85404	3.31749e-06	7.79319e-06
299	987	778	99	101	88	15	0.491261	0.71078	3.19231e-06	6.49821e-06
300	956	756	102	105	89	23	0.459921	0.7767	3.28801e-06	7.14906e-06
301	974	766	121	123	112	11	0.436686	0.82854	3.28717e-06	7.52752e-06
302	943	733	128	131	115	18	0.400725	0.91448	3.34647e-06	8.35103e-06
303	985	751	126	130	108	25	0.389107	0.9439	3.37221e-06	8.66652e-06
304	943	757	122	123	110	15	0.427868	0.84894	3.31172e-06	7.74005e-06
305	1000	804	148	153	129	40	0.311973	1.16484	3.35739e-06	1.07618e-05
306	967	743	129	135	114	30	0.367585	1.0008	3.38709e-06	9.21442e-06
307	940	745	114	117	99	21	0.430908	0.84186	3.32668e-06	7.72017e-06
308	968	757	148	149	123	35	0.328171	1.11422	3.37043e-06	1.02704e-05
309	959	734	118	123	106	20	0.417096	0.87444	3.33915e-06	8.00572e-06
310	990	777	140	143	122	22	0.364132	1.01024	3.36492e-06	9.24094e-06
311	975	780	139	140	122	20	0.374861	0.9812	3.36075e-06	8.96533e-06
312	917	727	118	120	106	18	0.429386	0.8454	3.3192e-06	7.73011e-06
313	993	810	143	146	126	22	0.357336	1.02908	3.36263e-06	9.41028e-06
314	1031	817	145	148	131	19	0.358316	1.02634	3.35519e-06	9.36378e-06
315	1020	769	126	130	113	20	0.399157	0.9184	3.35326e-06	8.40085e-06
316	943	745	139	139	122	21	0.375304	0.98002	3.36348e-06	8.96201e-06
317	894	690	127	129	106	28	0.385613	0.95292	3.38163e-06	8.76947e-06
318	961	730	132	134	115	28	0.373693	0.98432	3.38256e-06	9.05171e-06
319	979	776	138	143	114	33	0.344266	1.06634	3.38255e-06	9.8254e-06
320	977	777	131	136	113	24	0.376635	0.97648	3.37166e-06	8.95207e-06
321	943	750	130	130	115	19	0.401198	0.9133	3.34909e-06	8.34772e-06
322	996	796	156	160	136	35	0.306266	1.1833	3.33563e-06	1.08913e-05
323	920	734	135	137	113	30	0.362997	1.01336	3.38579e-06	9.32732e-06
324	1026	784	145	146	125	26	0.35012	1.04948	3.36914e-06	9.62281e-06
325	946	726	107	108	96	15	0.470133	0.75474	3.24078e-06	6.89334e-06
326	961	757	126	127	110	22	0.402621	0.90976	3.35696e-06	8.33778e-06
327	964	759	130	132	117	17	0.400252	0.91566	3.34385e-06	8.35435e-06
328	966	737	138	142	122	22	0.366426	1.00396	3.36543e-06	9.18449e-06
329	991	790	128	131	107	29	0.378863	0.97058	3.38533e-06	8.9355e-06
330	960	766	125	127	110	19	0.408828	0.89446	3.34355e-06	8.17838e-06
331	918	735	114	118	100	19	0.432601	0.83794	3.3182e-06	7.67035e-06
332	935	723	137	141	115	32	0.3504	1.04868	3.38464e-06	9.65937e-06
333	1032	814	159	160	137	30	0.314177	1.1578	3.33832e-06	1.06256e-05
334	949	751	140	142	118	31	0.349987	1.04986	3.38181e-06	9.66269e-06
335	952	768	155	156	132	28	0.325472	1.12248	3.35026e-06	1.02936e-05
336	966	754	113	114	100	16	0.450445	0.79752	3.28156e-06	7.28516e-06
337	1090	859	170	176	144	41	0.268641	1.31438	3.25411e-06	1.21132e-05
338	983	799	109	112	98	16	0.456138	0.78496	3.27154e-06	7.17226e-06
339	975	758	120	124	100	28	0.397914	0.92152	3.37719e-06	8.48723e-06
340	1003	797	152	153	134	23	0.340228	1.07814	3.35415e-06	9.85855e-06
341	930	718	113	113	99	20	0.444129	0.81164	3.30487e-06	7.44124e-06
342	1002	797	131	132	115	19	0.396191	0.92586	3.35202e-06	8.46061e-06
343	952	743	122	123	111	15	0.427868	0.84894	3.31172e-06	7.74005e-06
344	967	760	143	145	130	15	0.372656	0.9871	3.34716e-06	8.9819e-06
345	969	726	118	120	109	11	0.444992	0.8097	3.27433e-06	7.35818e-06
346	905	718	146	148	125	28	0.342241	1.07224	3.36833e-06	9.84197e-06
347	985	751	156	158	133	30	0.318148	1.14524	3.3446e-06	1.05127e-05
348	991	769	135	136	114	30	0.365284	1.00708	3.3865e-06	9.27087e-06
349	1008	787	142	144	128	17	0.371198	0.99102	3.35255e-06	9.03172e-06
350	934	727	114	119	97	28	0.410606	0.89012	3.36902e-06	8.20499e-06
351	967	762	149	153	128	34	0.321666	1.13424	3.35917e-06	1.0443e-05
352	955	749	125	127	111	17	0.41302	0.88426	3.33394e-06	8.07211e-06
353	927	723	138	143	115	33	0.344266	1.06634	3.38255e-06	9.8254e-06
354	971	755	106	110	93	23	0.445704	0.8081	3.31216e-06	7.4313e-06
355	975	769	154	156	124	38	0.309289	1.17348	3.34802e-06	1.08249e-05
356	997	773	148	150	126	27	0.339697	1.0797	3.36359e-06	9.90174e-06
357	967	773	152	152	130	23	0.342371	1.07186	3.35596e-06	9.8021e-06
358	975	779	118	123	97	31	0.394341	0.93054	3.38746e-06	8.59018e-06
359	966	759	126	132	110	26	0.382296	0.96156	3.37665e-06	8.83255e-06
360	993	790	101	102	96	6	0.511115	0.67116	3.10577e-06	6.07645e-06
361	957	728	104	106	91	17	0.471244	0.75238	3.24532e-06	6.88671e-06
362	1001	787	136	138	124	21	0.377668	0.97374	3.36335e-06	8.90557e-06
363	973	772	140	143	127	21	0.365993	1.00514	3.36268e-06	9.1878e-06
364	932	706	157	162	133	38	0.297852	1.21116	3.32509e-06	1.11636e-05
365	991	769	131	135	114	27	0.373253	0.9855	3.37981e-06	9.05502e-06
366	1004	793	126	129	114	18	0.40579	0.90192	3.34295e-06	8.23814e-06
367	1017	801	153	156	130	31	0.32053	1.13778	3.35048e-06	1.0453e-05
368	941	740	123	125	100	29	0.393411	0.9329	3.38208e-06	8.59681e-06
369	972	795	152	156	128	38	0.309289	1.17348	3.34802e-06	1.08249e-05
370	960	750	128	130	108	27	0.385159	0.9541	3.37891e-06	8.77278e-06
371	982	755	124	128	105	32	0.380207	0.96704	3.39356e-06	8.92556e-06
372	976	764	130	132	108	28	0.378416	0.97176	3.38259e-06	8.93881e-06
373	952	762	144	147	123	34	0.334018	1.09656	3.37503e-06	1.01043e-05
374	994	793	141	141	126	17	0.378258	0.97218	3.35226e-06	8.86238e-06
375	917	720	121	122	110	13	0.434978	0.83246	3.29598e-06	7.57734e-06
376	1023	819	116	120	101	25	0.414327	0.8811	3.35689e-06	8.10204e-06
377	944	728	132	134	106	42	0.347942	1.05572	3.40829e-06	9.79557e-06
378	943	747	118	122	98	31	0.396825	0.92426	3.3864e-06	8.53374e-06
379	962	753	137	141	124	24	0.364992	1.00788	3.37045e-06	9.23431e-06
380	979	778	110	110	97	15	0.464265	0.7673	3.25275e-06	7.00623e-06
381	978	736	134	137	118	21	0.380047	0.96746	3.36308e-06	8.84912e-06
382	865	684	128	130	107	28	0.383199	0.9592	3.38209e-06	8.82592e-06
383	933	735	110	113	96	28	0.426373	0.85244	3.35398e-06	7.86631e-06
384	990	775	146	146	125	23	0.355518	1.03418	3.36441e-06	9.46341e-06
385	1023	804	154	155	138	24	0.334272	1.0958	3.35094e-06	1.00246e-05
386	948	755	131	131	118	14	0.408984	0.89408	3.32851e-06	8.1385e-06
387	960	747	141	143	118	28	0.353158	1.04084	3.3761e-06	9.55974e-06
388	965	742	102	103	83	29	0.451699	0.79474	3.32223e-06	7.35497e-06
389	946	758	110	112	97	19	0.449212	0.80026	3.29347e-06	7.33166e-06
390	981	751	105	107	90	19	0.463541	0.76886	3.2677e-06	7.04942e-06
391	983	751	135	136	114	26	0.372812	0.98668	3.37706e-06	9.05834e-06
392	1001	779	108	113	95	24	0.435161	0.83204	3.33062e-06	7.65378e-06
393	927	719	110	114	95	29	0.421549	0.86382	3.36223e-06	7.97589e-06
394	991	773	140	142	119	27	0.3572	1.02946	3.37559e-06	9.45016e-06
395	950	733	121	123	106	20	0.417096	0.87444	3.33915e-06	8.00572e-06
396	975	778	132	133	115	20	0.391707	0.93724	3.35701e-06	8.57019e-06
397	967	763	130	130	117	14	0.41156	0.8878	3.32625e-06	8.08205e-06
398	986	752	129	129	117	14	0.414153	0.88152	3.32383e-06	8.02561e-06
399	984	772	122	124	105	24	0.406115	0.90112	3.36048e-06	8.2747e-06
400	1001	797	128	131	113	18	0.400725	0.91448	3.34647e-06	8.35103e-06
401	1005	772	167	172	141	41	0.275475	1.28926	3.27469e-06	1.18874e-05
402	932	738	125	129	109	26	0.389567	0.94272	3.3749e-06	8.6632e-06
403	942	729	121	124	99	27	0.399948	0.91642	3.3732e-06	8.4341e-06
404	953	752	131	133	120	16	0.39978	0.91684	3.34123e-06	8.35766e-06
405	991	744	151	156	131	32	0.318899	1.14288	3.35038e-06	1.05061e-05
406	970	766	157	159	134	28	0.319397	1.14132	3.34182e-06	1.04629e-05
407	919	744	135	136	114	28	0.369029	0.99688	3.382e-06	9.1646e-06
408	987	764	162	165	140	30	0.304465	1.1892	3.32106e-06	1.09078e-05
409	1033	808	145	146	118	31	0.341305	1.07498	3.37498e-06	9.88848e-06
410	983	786	143	149	125	30	0.336647	1.08872	3.36805e-06	1.00047e-05
411	952	741	143	146	121	34	0.336122	1.09028	3.37732e-06	1.00479e-05
412	983	781	144	148	122	31	0.337045	1.08754	3.37091e-06	1.00014e-05
413	956	755	140	142	122	27	0.3572	1.02946	3.37559e-06	9.45016e-06
414	1015	808	144	146	118	37	0.331019	1.10558	3.3788e-06	1.02073e-05
415	972	774	125	126	112	16	0.417747	0.87288	3.32632e-06	7.96253e-06
416	944	746	154	158	135	24	0.328033	1.11464	3.34394e-06	1.01939e-05
417	989	786	159	163	129	42	0.29001	1.23784	3.31555e-06	1.14326e-05
418	962	738	119	120	108	13	0.440476	0.8199	3.28791e-06	7.46444e-06
419	1014	798	144	152	116	60	0.283495	1.26056	3.33618e-06	1.1768e-05
420	939	744	140	144	121	27	0.352741	1.04202	3.37328e-06	9.56305e-06
421	968	760	111	113	102	13	0.460271	0.77594	3.2538e-06	7.06931e-06
422	958	754	99	100	91	13	0.499424	0.6943	3.1641e-06	6.33549e-06
423	887	704	109	110	97	14	0.466639	0.7622	3.24459e-06	6.9531e-06
424	975	762	127	130	108	24	0.391097	0.9388	3.36867e-06	8.61338e-06
425	960	770	161	166	135	36	0.293441	1.22608	3.31092e-06	1.12831e-05
426	992	773	122	122	106	24	0.411248	0.88856	3.35652e-06	8.1618e-06
427	914	714	150	151	128	25	0.341032	1.07578	3.35982e-06	9.85192e-06
428	1020	804	139	144	121	27	0.352741	1.04202	3.37328e-06	9.56305e-06
429	943	733	109	110	101	10	0.476256	0.7418	3.21024e-06	6.74057e-06
430	953	729	118	121	98	28	0.405482	0.90268	3.37275e-06	8.31789e-06
431	961	719	127	130	113	19	0.401198	0.9133	3.34909e-06	8.34772e-06
432	990	781	153	155	131	33	0.319276	1.1417	3.35328e-06	1.05028e-05
433	977	747	119	122	104	25	0.409155	0.89366	3.36119e-06	8.21494e-06
434	975	769	126	128	106	28	0.388043	0.94664	3.38102e-06	8.71302e-06
435	996	763	150	151	131	24	0.342775	1.07068	3.35878e-06	9.79878e-06
436	969	754	102	103	90	17	0.480206	0.73354	3.22572e-06	6.71737e-06
437	969	735	123	123	107	21	0.414974	0.87954	3.34421e-06	8.05885e-06
438	1002	809	140	141	121	22	0.368734	0.99768	3.36582e-06	9.12804e-06
439	968	764	170	173	143	39	0.276557	1.28534	3.27377e-06	1.18376e-05
440	963	729	144	145	127	22	0.359587	1.0228	3.36351e-06	9.35383e-06
441	1001	788	105	107	86	30	0.438253	0.82496	3.34557e-06	7.63389e-06
442	980	787	139	140	116	27	0.361715	1.0169	3.37742e-06	9.33726e-06
443	992	780	145	148	128	23	0.35108	1.04674	3.36205e-06	9.57631e-06
444	999	788	143	145	125	20	0.363273	1.0126	3.35939e-06	9.24757e-06
445	925	726	113	114	97	19	0.443605	0.81282	3.30245e-06	7.44456e-06
446	956	749	114	117	92	33	0.405327	0.90306	3.38763e-06	8.35776e-06
447	949	769	138	140	119	25	0.365423	1.0067	3.37322e-06	9.23099e-06
448	999	786	120	122	105	25	0.409155	0.89366	3.36119e-06	8.21494e-06
449	966	751	139	146	119	33	0.337841	1.08518	3.37663e-06	9.99475e-06
450	971	771	123	123	110	15	0.427868	0.84894	3.31172e-06	7.74005e-06
451	982	777	124	130	106	56	0.332206	1.102	3.42626e-06	1.03136e-05
452	969	758	133	134	112	29	0.371792	0.98942	3.38511e-06	9.10484e-06
453	1003	793	123	126	110	17	0.415622	0.87798	3.33148e-06	8.01566e-06
454	929	730	110	113	101	13	0.460271	0.77594	3.2538e-06	7.06931e-06
455	954	738	130	131	109	28	0.3808	0.96548	3.38241e-06	8.88237e-06
456	952	773	123	130	111	24	0.391097	0.9388	3.36867e-06	8.61338e-06
457	1002	809	116	118	103	19	0.432601	0.83794	3.3182e-06	7.67035e-06
458	968	774	111	113	99	17	0.450977	0.79634	3.28394e-06	7.28184e-06
459	933	729	112	113	102	13	0.460271	0.77594	3.2538e-06	7.06931e-06
460	985	778	142	142	122	27	0.3572	1.02946	3.37559e-06	9.45016e-06
461	895	706	131	132	111	27	0.380351	0.96666	3.37968e-06	8.88568e-06
462	1007	788	117	121	106	15	0.433276	0.83638	3.30467e-06	7.62716e-06
463	961	751	129	133	111	28	0.376047	0.97804	3.38264e-06	8.99526e-06
464	917	734	118	119	103	17	0.4343	0.83402	3.30959e-06	7.62053e-06
465	969	723	138	142	122	24	0.362707	1.01416	3.36982e-06	9.29076e-06
466	944	731	134	135	119	19	0.388796	0.9447	3.35529e-06	8.62996e-06
467	971	770	111	113	100	16	0.453282	0.79124	3.27665e-06	7.22871e-06
468	953	756	130	132	103	34	0.367012	1.00236	3.39766e-06	9.25761e-06
469	988	771	128	131	111	22	0.392633	0.93488	3.36234e-06	8.56357e-06
470	970	755	150	150	127	29	0.33625	1.0899	3.36519e-06	1.0008e-05
471	1015	798	131	133	111	27	0.37797	0.97294	3.37986e-06	8.94213e-06
472	937	730	101	102	89	14	0.490682	0.71196	3.19018e-06	6.50152e-06
473	944	718	128	129	112	25	0.391559	0.93762	3.37135e-06	8.61007e-06
474	957	772	117	117	104	17	0.439789	0.82146	3.30178e-06	7.50763e-06
475	970	764	121	122	107	15	0.430564	0.84266	3.30828e-06	7.68361e-06
476	973	764	139	140	122	25	0.365423	1.0067	3.37322e-06	9.23099e-06
477	1026	779	128	130	107	30	0.379311	0.9694	3.38807e-06	8.93218e-06
478	991	782	135	137	115	28	0.366719	1.00316	3.38153e-06	9.22105e-06
479	910	716	135	137	116	27	0.368594	0.99806	3.37924e-06	9.16792e-06
480	1017	799	119	122	106	18	0.424026	0.85796	3.32564e-06	7.843e-06
481	941	717	133	137	114	30	0.362997	1.01336	3.38579e-06	9.32732e-06
482	961	752	139	142	121	24	0.362707	1.01416	3.36982e-06	9.29076e-06
483	960	767	131	134	120	17	0.395257	0.92822	3.34673e-06	8.46724e-06
484	970	753	128	129	110	25	0.391559	0.93762	3.37135e-06	8.61007e-06
485	976	765	127	128	113	18	0.408346	0.89564	3.34096e-06	8.18169e-06
486	983	773	115	116	107	9	0.46099	0.77438	3.23897e-06	7.02612e-06
487	994	795	140	140	123	19	0.376778	0.9761	3.35792e-06	8.91219e-06
488	917	717	109	111	100	13	0.466088	0.76338	3.2423e-06	6.95642e-06
489	1022	782	118	120	106	17	0.431581	0.8403	3.31324e-06	7.67698e-06
490	1016	794	145	147	123	28	0.344397	1.06596	3.37011e-06	9.78553e-06
491	976	745	131	131	113	24	0.388648	0.94508	3.36952e-06	8.66983e-06
492	944	751	142	147	126	26	0.347928	1.05576	3.36768e-06	9.67926e-06
493	950	737	144	147	121	29	0.342645	1.07106	3.37117e-06	9.83866e-06
494	978	770	136	138	122	21	0.377668	0.97374	3.36335e-06	8.90557e-06
495	1002	758	138	138	119	29	0.362569	1.01454	3.383e-06	9.33063e-06
496	997	792	116	120	97	32	0.399796	0.9168	3.38786e-06	8.47397e-06
497	934	728	120	123	111	15	0.427868	0.84894	3.31172e-06	7.74005e-06
498	1016	786	112	114	94	25	0.430237	0.84342	3.34008e-06	7.76336e-06
499	947	761	149	153	119	47	0.301032	1.20054	3.35161e-06	1.11337e-05
500	992	771	156	157	135	27	0.325088	1.12366	3.34739e-06	1.02969e-05
501	965	764	133	135	113	32	0.363855	1.011	3.39138e-06	9.32069e-06
502	920	726	158	161	130	49	0.283376	1.26098	3.31312e-06	1.16916e-05
503	981	772	126	131	108	29	0.378863	0.97058	3.38533e-06	8.9355e-06
504	1035	813	123	126	101	38	0.373409	0.98508	3.40977e-06	9.13146e-06
505	1001	795	132	134	112	25	0.379455	0.96902	3.37423e-06	8.89231e-06
506	927	735	135	137	117	23	0.37619	0.97766	3.36893e-06	8.95538e-06
507	977	737	140	143	122	28	0.353158	1.04084	3.3761e-06	9.55974e-06
508	950	760	122	126	108	19	0.411404	0.88818	3.34139e-06	8.12193e-06
509	1016	817	149	153	129	33	0.323311	1.12914	3.35916e-06	1.03899e-05
510	967	765	142	145	117	37	0.333104	1.0993	3.38128e-06	1.01508e-05
511	945	733	128	134	112	25	0.379455	0.96902	3.37423e-06	8.89231e-06
512	983	779	126	127	113	16	0.415131	0.87916	3.32893e-06	8.01898e-06
513	889	714	118	123	99	49	0.359752	1.02234	3.4344e-06	9.54658e-06
514	1005	815	152	153	133	22	0.341967	1.07304	3.35313e-06	9.80541e-06
515	931	726	125	128	115	13	0.418893	0.87014	3.31597e-06	7.91602e-06
516	1045	822	122	123	112	13	0.432255	0.83874	3.29974e-06	7.63379e-06
517	961	749	125	128	97	42	0.361302	1.01804	3.4168e-06	9.45689e-06
518	981	767	135	140	111	39	0.340241	1.0781	3.39386e-06	9.97486e-06
519	992	765	121	126	110	18	0.413507	0.88308	3.33651e-06	8.0688e-06
520	961	757	122	123	109	15	0.427868	0.84894	3.31172e-06	7.74005e-06
521	986	767	136	140	114	31	0.35441	1.0373	3.38455e-06	9.54979e-06
522	909	718	102	105	90	24	0.457582	0.7818	3.29559e-06	7.20219e-06
523	1036	797	148	155	125	38	0.311237	1.1672	3.35154e-06	1.07684e-05
524	935	758	115	117	102	17	0.439789	0.82146	3.30178e-06	7.50763e-06
525	953	746	166	174	139	45	0.266543	1.32222	3.25526e-06	1.22129e-05
526	956	751	114	120	104	18	0.429386	0.8454	3.3192e-06	7.73011e-06
527	971	758	112	113	97	20	0.444129	0.81164	3.30487e-06	7.44124e-06
528	972	764	142	144	122	23	0.360011	1.02162	3.36629e-06	9.35052e-06
529	976	777	140	145	121	29	0.346976	1.0585	3.37461e-06	9.72576e-06
530	989	774	115	117	99	22	0.428716	0.84696	3.33254e-06	7.7733e-06
531	958	758	125	126	112	22	0.405157	0.90348	3.35524e-06	8.28133e-06
532	1014	802	135	136	122	14	0.396341	0.92548	3.33748e-06	8.42074e-06
533	939	723	127	129	111	25	0.391559	0.93762	3.37135e-06	8.61007e-06
534	969	775	149	151	129	25	0.341032	1.07578	3.35982e-06	9.85192e-06
535	958	759	147	152	127	29	0.332053	1.10246	3.36068e-06	1.01209e-05
536	994	771	127	129	111	21	0.399628	0.91722	3.3559e-06	8.39754e-06
537	974	769	130	135	115	24	0.379007	0.9702	3.37151e-06	8.89562e-06
538	992	765	130	132	110	32	0.370775	0.99216	3.39309e-06	9.15135e-06
539	992	809	129	132	108	30	0.374576	0.98196	3.38807e-06	9.04508e-06
540	913	710	133	134	105	37	0.356928	1.03022	3.40149e-06	9.52991e-06
541	1019	811	144	146	123	26	0.35012	1.04948	3.36914e-06	9.62281e-06
542	942	744	127	129	106	31	0.379758	0.96822	3.39081e-06	8.92887e-06
543	984	769	142	144	122	28	0.350947	1.04712	3.37477e-06	9.61618e-06
544	953	758	113	113	103	10	0.467367	0.76064	3.22947e-06	6.90991e-06
545	960	769	124	128	104	34	0.376348	0.97724	3.39911e-06	9.03182e-06
546	975	734	154	156	128	32	0.318899	1.14288	3.35038e-06	1.05061e-05
547	998	778	132	137	115	25	0.372373	0.98786	3.37431e-06	9.06165e-06
548	995	765	131	134	117	19	0.391246	0.93842	3.35435e-06	8.57351e-06
549	945	732	129	131	109	24	0.388648	0.94508	3.36952e-06	8.66983e-06
550	971	779	132	136	111	28	0.369029	0.99688	3.382e-06	9.1646e-06
551	945	751	136	141	115	38	0.33984	1.07928	3.39098e-06	9.97817e-06
552	1003	772	152	154	132	25	0.334667	1.09462	3.35378e-06	1.00213e-05
553	963	778	128	132	104	37	0.36144	1.01766	3.40368e-06	9.41701e-06
554	934	739	118	120	100	24	0.416445	0.876	3.35193e-06	8.04891e-06
555	979	762	131	131	114	18	0.400725	0.91448	3.34647e-06	8.35103e-06
556	972	734	142	144	122	23	0.360011	1.02162	3.36629e-06	9.35052e-06
557	999	772	127	132	110	24	0.386215	0.95136	3.37022e-06	8.72628e-06
558	924	738	143	146	125	29	0.344804	1.06478	3.37294e-06	9.78221e-06
559	921	748	110	112	96	24	0.437902	0.82576	3.32689e-06	7.59733e-06
560	948	725	115	117	92	29	0.413681	0.88266	3.36953e-06	8.14523e-06
561	994	769	138	141	117	30	0.353992	1.03848	3.38173e-06	9.55311e-06
562	966	779	116	117	104	14	0.44657	0.80616	3.2815e-06	7.34823e-06
563	954	776	105	109	95	15	0.46719	0.76102	3.24687e-06	6.94979e-06
564	982	782	151	154	124	34	0.319653	1.14052	3.35618e-06	1.04995e-05
565	920	727	119	119	104	16	0.43652	0.82892	3.30332e-06	7.5674e-06
566	1002	798	127	128	107	24	0.39604	0.92624	3.36653e-06	8.50049e-06
567	929	726	133	134	121	13	0.403403	0.90782	3.32997e-06	8.25471e-06
568	1040	807	134	140	120	31	0.35441	1.0373	3.38455e-06	9.54979e-06
569	951	765	123	127	107	24	0.398535	0.91996	3.36525e-06	8.44404e-06
570	993	780	122	123	106	20	0.417096	0.87444	3.33915e-06	8.00572e-06
571	1003	774	139	139	119	24	0.369605	0.99532	3.37132e-06	9.12141e-06
572	969	779	117	118	101	20	0.4304	0.84304	3.32419e-06	7.72348e-06
573	935	733	109	111	95	18	0.454353	0.78888	3.28138e-06	7.22208e-06
574	970	782	137	140	121	20	0.374861	0.9812	3.36075e-06	8.96533e-06
575	991	799	152	155	140	18	0.344659	1.0652	3.34518e-06	9.70578e-06
576	993	776	144	146	119	45	0.317785	1.14638	3.3788e-06	1.06323e-05
577	961	755	124	127	108	29	0.388501	0.94546	3.38373e-06	8.70971e-06
578	954	743	131	133	116	20	0.391707	0.93724	3.35701e-06	8.57019e-06
579	923	727	115	118	103	18	0.434813	0.83284	3.31206e-06	7.61721e-06
580	970	754	112	113	96	19	0.4464	0.80654	3.29805e-06	7.38811e-06
581	984	755	142	145	131	15	0.372656	0.9871	3.34716e-06	8.9819e-06
582	987	788	118	119	106	13	0.443251	0.81362	3.2836e-06	7.408e-06
583	902	701	118	121	106	18	0.426697	0.85168	3.3225e-06	7.78656e-06
584	1011	773	139	140	117	30	0.356222	1.0322	3.38292e-06	9.49666e-06
585	937	743	124	126	102	30	0.38896	0.94428	3.38643e-06	8.70639e-06
586	976	764	150	153	126	33	0.323311	1.12914	3.35916e-06	1.03899e-05
587	957	741	122	124	104	23	0.408191	0.89602	3.35597e-06	8.22157e-06
588	972	763	136	137	119	23	0.37619	0.97766	3.36893e-06	8.95538e-06
589	973	771	161	161	139	29	0.313806	1.15898	3.33542e-06	1.06289e-05
590	1003	792	161	165	140	29	0.306021	1.1841	3.32178e-06	1.08547e-05
591	990	762	130	131	115	27	0.382747	0.96038	3.37937e-06	8.82923e-06
592	910	712	122	123	109	16	0.425692	0.85404	3.31749e-06	7.79319e-06
593	1016	789	121	121	103	23	0.415954	0.87718	3.34936e-06	8.05222e-06
594	940	742	110	115	93	26	0.425368	0.8548	3.3489e-06	7.87294e-06
595	965	759	123	124	107	19	0.416604	0.87562	3.33659e-06	8.00903e-06
596	959	749	116	117	110	7	0.4628	0.77046	3.22863e-06	6.9763e-06
597	957	750	145	146	132	15	0.370323	0.99338	3.34711e-06	9.03835e-06
598	982	781	110	112	96	17	0.453818	0.79006	3.27901e-06	7.2254e-06
599	1018	825	138	140	128	15	0.384543	0.9557	3.34539e-06	8.69966e-06
600	984	763	133	136	117	19	0.386362	0.95098	3.3561e-06	8.6864e-06
601	942	705	106	109	92	22	0.450805	0.79672	3.30067e-06	7.32172e-06
602	964	743	121	124	106	20	0.414484	0.88072	3.34164e-06	8.06217e-06
603	944	740	122	122	108	18	0.424026	0.85796	3.32564e-06	7.843e-06
604	1017	805	120	123	101	27	0.402468	0.91014	3.37174e-06	8.37765e-06
605	962	750	123	125	113	12	0.429042	0.8462	3.30086e-06	7.69355e-06
606	972	754	136	137	118	23	0.37619	0.97766	3.36893e-06	8.95538e-06
607	978	780	154	154	136	19	0.345066	1.06402	3.34799e-06	9.70246e-06
608	940	734	120	122	108	17	0.426194	0.85286	3.32e-06	7.78987e-06
609	997	790	128	133	110	28	0.376047	0.97804	3.38264e-06	8.99526e-06
610	921	718	124	130	107	34	0.371651	0.9898	3.39864e-06	9.14472e-06
611	935	718	125	129	106	32	0.377827	0.97332	3.39364e-06	8.982e-06
612	947	730	102	105	82	33	0.437053	0.8277	3.35674e-06	7.68039e-06
613	973	770	100	101	85	19	0.481341	0.73118	3.23015e-06	6.71074e-06
614	964	761	134	140	111	43	0.333371	1.0985	3.39618e-06	1.01874e-05
615	962	736	113	116	106	16	0.444822	0.81008	3.29082e-06	7.39805e-06
616	980	804	127	127	106	24	0.398535	0.91996	3.36525e-06	8.44404e-06
617	981	755	131	135	114	30	0.367585	1.0008	3.38709e-06	9.21442e-06
618	1000	776	132	134	116	26	0.377524	0.97412	3.37712e-06	8.94544e-06
619	926	728	124	127	109	21	0.404679	0.90466	3.35262e-06	8.28464e-06
620	1035	810	133	134	115	22	0.385305	0.95372	3.36483e-06	8.73291e-06
621	950	756	127	128	115	17	0.410434	0.89054	3.33624e-06	8.12856e-06
622	935	745	125	127	108	26	0.394491	0.93016	3.37302e-06	8.55031e-06
623	967	770	143	144	127	19	0.367431	1.00122	3.35758e-06	9.13799e-06
624	976	780	103	110	90	22	0.447983	0.803	3.30529e-06	7.37817e-06
625	945	742	161	163	144	25	0.316276	1.15114	3.33016e-06	1.05293e-05
626	972	781	132	132	109	28	0.378416	0.97176	3.38259e-06	8.93881e-06
627	989	770	151	156	127	38	0.309289	1.17348	3.34802e-06	1.08249e-05
628	973	752	118	118	105	14	0.443774	0.81244	3.286e-06	7.40468e-06
629	969	771	120	120	111	9	0.449554	0.7995	3.26012e-06	7.25191e-06
630	953	767	130	133	115	20	0.391707	0.93724	3.35701e-06	8.57019e-06
631	978	773	120	121	104	21	0.420219	0.86698	3.33904e-06	7.94596e-06
632	969	759	138	138	120	22	0.375747	0.97884	3.3662e-06	8.9587e-06
633	993	775	155	162	129	41	0.293329	1.22646	3.32136e-06	1.1323e-05
634	986	781	135	142	113	38	0.337713	1.08556	3.38882e-06	1.00346e-05
635	922	723	128	128	110	18	0.408346	0.89564	3.34096e-06	8.18169e-06
636	1008	795	112	112	99	15	0.45847	0.77986	3.26391e-06	7.11913e-06
637	935	703	131	134	109	41	0.349721	1.05062	3.40713e-06	9.74244e-06
638	984	787	112	113	99	16	0.453282	0.79124	3.27665e-06	7.22871e-06
639	955	752	126	128	115	19	0.406269	0.90074	3.34555e-06	8.23482e-06
640	974	761	126	126	109	18	0.413507	0.88308	3.33651e-06	8.0688e-06
641	972	778	150	155	125	36	0.314428	1.157	3.35249e-06	1.06622e-05
642	974	760	125	127	104	30	0.386525	0.95056	3.38705e-06	8.76284e-06
643	989	791	140	144	120	38	0.333497	1.09812	3.38417e-06	1.01475e-05
644	906	710	116	122	103	26	0.407074	0.89876	3.36572e-06	8.26807e-06
645	1013	793	130	134	112	39	0.353306	1.04042	3.40452e-06	9.63617e-06
646	938	745	129	132	113	25	0.384251	0.95646	3.3735e-06	8.77941e-06
647	1004	801	114	116	101	17	0.44256	0.81518	3.29759e-06	7.45119e-06
648	958	732	130	132	108	37	0.36144	1.01766	3.40368e-06	9.41701e-06
649	935	736	134	140	115	29	0.358044	1.0271	3.3812e-06	9.44353e-06
650	974	771	128	129	111	21	0.399628	0.91722	3.3559e-06	8.39754e-06
651	953	762	110	112	92	23	0.440141	0.82066	3.32051e-06	7.54419e-06
652	993	782	130	131	109	30	0.376936	0.97568	3.38814e-06	8.98863e-06
653	962	750	147	150	131	24	0.344935	1.0644	3.36047e-06	9.74234e-06
654	922	719	122	122	107	18	0.424026	0.85796	3.32564e-06	7.843e-06
655	942	744	124	126	110	18	0.413507	0.88308	3.33651e-06	8.0688e-06
656	974	778	145	147	121	49	0.309419	1.17306	3.37307e-06	1.09013e-05
657	960	745	129	132	116	18	0.398216	0.92076	3.348e-06	8.40748e-06
658	954	750	149	152	125	33	0.325348	1.12286	3.36196e-06	1.03334e-05
659	976	771	147	151	125	30	0.332445	1.10128	3.36354e-06	1.01176e-05
660	994	742	145	149	120	37	0.324841	1.12442	3.37075e-06	1.03766e-05
661	995	779	123	123	112	12	0.434465	0.83364	3.29353e-06	7.58065e-06
662	977	770	131	133	114	24	0.383798	0.95764	3.37079e-06	8.78273e-06
663	974	756	117	118	104	14	0.443774	0.81244	3.286e-06	7.40468e-06
664	945	752	149	153	136	23	0.340228	1.07814	3.35415e-06	9.85855e-06
665	950	757	157	161	135	34	0.305905	1.18448	3.33271e-06	1.08946e-05
666	963	774	137	139	112	35	0.349441	1.05142	3.39163e-06	9.70588e-06
667	969	760	127	128	106	27	0.390027	0.94154	3.37759e-06	8.65989e-06
668	979	756	122	125	107	21	0.409794	0.8921	3.34874e-06	8.17175e-06
669	974	771	128	128	112	20	0.404202	0.90584	3.35001e-06	8.28796e-06
670	998	783	112	114	99	17	0.448153	0.80262	3.28868e-06	7.33829e-06
671	924	732	148	152	123	38	0.317156	1.14836	3.36157e-06	1.05991e-05
672	1031	828	140	141	124	22	0.368734	0.99768	3.36582e-06	9.12804e-06
673	948	759	146	148	131	18	0.360148	1.02124	3.35321e-06	9.31064e-06
674	990	774	144	144	129	17	0.371198	0.99102	3.35255e-06	9.03172e-06
675	965	761	106	107	95	14	0.475514	0.74336	3.22577e-06	6.78376e-06
676	985	773	133	138	115	29	0.362569	1.01454	3.383e-06	9.33063e-06
677	982	767	128	130	116	17	0.405311	0.9031	3.34035e-06	8.24145e-06
678	904	735	133	136	118	24	0.376635	0.97648	3.37166e-06	8.95207e-06
679	947	734	126	130	109	29	0.38125	0.9643	3.38514e-06	8.87905e-06
680	1019	784	130	133	111	29	0.374134	0.98314	3.38532e-06	9.04839e-06
681	977	774	125	126	110	17	0.415622	0.87798	3.33148e-06	8.01566e-06
682	951	754	120	121	105	17	0.428879	0.84658	3.3167e-06	7.73342e-06
683	978	770	116	119	102	19	0.429893	0.84422	3.32169e-06	7.7268e-06
684	968	783	134	140	112	37	0.34373	1.0679	3.39213e-06	9.86859e-06
685	1004	771	139	141	122	23	0.366858	1.00278	3.36819e-06	9.18118e-06
686	984	777	115	115	101	17	0.445348	0.8089	3.29323e-06	7.39474e-06
687	936	735	116	119	103	19	0.429893	0.84422	3.32169e-06	7.7268e-06
688	1006	783	120	122	109	15	0.430564	0.84266	3.30828e-06	7.68361e-06
689	933	720	115	115	97	27	0.423204	0.8599	3.35435e-06	7.92607e-06
690	975	758	147	155	129	35	0.316036	1.1519	3.35284e-06	1.0609e-05
691	954	756	119	124	104	24	0.406115	0.90112	3.36048e-06	8.2747e-06
692	904	725	129	132	114	19	0.396191	0.92586	3.35202e-06	8.46061e-06
693	970	763	130	132	112	28	0.378416	0.97176	3.38259e-06	8.93881e-06
694	965	761	114	117	99	23	0.426535	0.85206	3.33825e-06	7.82643e-06
695	987	773	126	127	115	12	0.423687	0.85876	3.30749e-06	7.80644e-06
696	955	743	127	132	110	26	0.382296	0.96156	3.37665e-06	8.83255e-06
697	1010	794	131	138	107	46	0.332459	1.10124	3.40235e-06	1.02339e-05
698	936	730	126	129	117	14	0.414153	0.88152	3.32383e-06	8.02561e-06
699	1019	804	133	137	119	18	0.385907	0.95216	3.35342e-06	8.68972e-06
700	956	777	133	133	111	23	0.38576	0.95254	3.36753e-06	8.72959e-06
701	946	769	122	125	103	26	0.399477	0.9176	3.37055e-06	8.43741e-06
702	973	756	125	125	108	17	0.41824	0.8717	3.32886e-06	7.95921e-06
703	975	751	127	130	106	27	0.385159	0.9541	3.37891e-06	8.77278e-06
704	990	772	125	127	107	24	0.398535	0.91996	3.36525e-06	8.44404e-06
705	970	759	145	150	123	33	0.32946	1.1103	3.36726e-06	1.02205e-05
706	936	747	137	140	116	29	0.358044	1.0271	3.3812e-06	9.44353e-06
707	939	737	113	115	96	24	0.429729	0.8446	3.33757e-06	7.76667e-06
708	962	768	125	126	112	16	0.417747	0.87288	3.32632e-06	7.96253e-06
709	959	753	139	141	117	27	0.35945	1.02318	3.37657e-06	9.39371e-06
710	962	761	120	122	100	28	0.402943	0.90896	3.37438e-06	8.37434e-06
711	975	759	137	139	120	24	0.369605	0.99532	3.37132e-06	9.12141e-06
712	996	778	126	126	112	18	0.413507	0.88308	3.33651e-06	8.0688e-06
713	993	779	148	151	124	39	0.317531	1.14718	3.36449e-06	1.05958e-05
714	985	741	130	135	115	25	0.377079	0.9753	3.37439e-06	8.94876e-06
715	955	761	127	130	107	27	0.385159	0.9541	3.37891e-06	8.77278e-06
716	943	724	113	114	92	29	0.421549	0.86382	3.36223e-06	7.97589e-06
717	1006	768	166	172	141	47	0.267173	1.31986	3.26118e-06	1.22062e-05
718	961	752	156	162	133	35	0.302444	1.19586	3.32814e-06	1.10042e-05
719	962	759	138	139	119	30	0.358467	1.02592	3.384e-06	9.44021e-06
720	978	778	131	138	110	39	0.344542	1.06554	3.39786e-06	9.86196e-06
721	928	726	141	147	123	29	0.342645	1.07106	3.37117e-06	9.83866e-06
722	996	769	138	141	120	29	0.355802	1.03338	3.38011e-06	9.49997e-06
723	921	689	103	105	90	27	0.450634	0.7971	3.31738e-06	7.36159e-06
724	1027	804	152	153	126	36	0.318402	1.14444	3.35891e-06	1.05493e-05
725	946	766	141	145	119	32	0.341708	1.0738	3.37784e-06	9.88516e-06
726	976	773	115	116	104	15	0.447097	0.80498	3.28389e-06	7.34492e-06
727	964	758	126	128	102	34	0.376348	0.97724	3.39911e-06	9.03182e-06
728	994	754	160	165	131	51	0.273542	1.2963	3.28897e-06	1.20236e-05
729	980	761	150	152	129	32	0.327011	1.11776	3.36178e-06	1.02803e-05
730	923	722	115	117	94	28	0.415796	0.87756	3.36466e-06	8.0921e-06
731	1000	768	140	142	120	24	0.362707	1.01416	3.36982e-06	9.29076e-06
732	976	751	116	117	98	24	0.424366	0.85716	3.34382e-06	7.87957e-06
733	985	759	145	147	126	25	0.349707	1.05066	3.36632e-06	9.62613e-06
734	955	758	148	153	122	46	0.302571	1.19544	3.35267e-06	1.10806e-05
735	930	746	128	131	110	25	0.386671	0.95018	3.37292e-06	8.72297e-06
736	966	770	107	112	95	20	0.446927	0.80536	3.30046e-06	7.3848e-06
737	976	773	127	130	114	16	0.407384	0.898	3.33579e-06	8.18832e-06
738	983	755	109	112	101	15	0.45847	0.77986	3.26391e-06	7.11913e-06
739	946	739	145	147	125	27	0.346158	1.06086	3.36895e-06	9.73239e-06
740	1004	794	119	122	102	23	0.41335	0.88346	3.35172e-06	8.10867e-06
741	930	733	123	124	104	28	0.397914	0.92152	3.37719e-06	8.48723e-06
742	1005	781	166	168	143	36	0.289778	1.23864	3.30231e-06	1.1396e-05
743	952	770	130	131	115	18	0.400725	0.91448	3.34647e-06	8.35103e-06
744	936	724	123	126	112	15	0.419883	0.86778	3.32102e-06	7.9094e-06
745	969	765	101	102	83	28	0.456868	0.78336	3.31019e-06	7.24538e-06
746	1078	852	163	166	136	40	0.287515	1.24648	3.30517e-06	1.14956e-05
747	986	776	125	126	112	16	0.417747	0.87288	3.32632e-06	7.96253e-06
748	976	775	124	127	109	19	0.408828	0.89446	3.34355e-06	8.17838e-06
749	1008	773	152	156	127	38	0.309289	1.17348	3.34802e-06	1.08249e-05
750	934	734	138	141	126	17	0.378258	0.97218	3.35226e-06	8.86238e-06
751	973	754	120	121	105	29	0.403419	0.90778	3.37703e-06	8.37102e-06
752	955	750	148	149	114	52	0.300917	1.20092	3.36233e-06	1.11736e-05
753	955	763	107	107	90	19	0.463541	0.76886	3.2677e-06	7.04942e-06
754	971	773	111	118	98	27	0.415306	0.87874	3.36207e-06	8.09541e-06
755	926	732	119	122	102	21	0.417588	0.87326	3.34171e-06	8.0024e-06
756	988	789	105	108	99	9	0.484741	0.72414	3.18695e-06	6.57454e-06
757	905	728	103	104	91	15	0.482092	0.72962	3.21437e-06	6.66755e-06
758	1012	818	159	164	135	38	0.294134	1.22372	3.31679e-06	1.12765e-05
759	994	795	124	125	107	23	0.405636	0.9023	3.35786e-06	8.27801e-06
760	1032	805	129	131	115	19	0.398686	0.91958	3.35063e-06	8.40417e-06
761	1005	805	141	142	126	20	0.370182	0.99376	3.3606e-06	9.07822e-06
762	970	752	122	126	109	22	0.405157	0.90348	3.35524e-06	8.28133e-06
763	974	766	147	151	126	33	0.327398	1.11658	3.36466e-06	1.0277e-05
764	950	736	114	119	95	29	0.408518	0.89522	3.37359e-06	8.25813e-06
765	991	779	119	120	110	12	0.442728	0.8148	3.28119e-06	7.41131e-06
766	994	792	148	150	127	30	0.33454	1.095	3.36585e-06	1.00611e-05
767	963	782	132	137	119	19	0.383943	0.95726	3.35676e-06	8.74285e-06
768	942	747	124	128	103	39	0.366873	1.00274	3.411e-06	9.29749e-06
769	1005	797	139	141	121	25	0.363135	1.01298	3.3726e-06	9.28744e-06
770	960	757	128	132	105	41	0.354141	1.03806	3.41022e-06	9.62954e-06
771	985	764	142	143	127	18	0.371636	0.98984	3.35528e-06	9.0284e-06
772	976	773	124	124	116	9	0.438402	0.82462	3.27824e-06	7.4777e-06
773	906	716	132	135	102	44	0.342255	1.0722	3.40827e-06	9.95829e-06
774	995	787	145	148	124	27	0.343991	1.06714	3.36727e-06	9.78884e-06
775	918	720	119	122	107	16	0.428373	0.84776	3.31421e-06	7.73674e-06
776	1023	787	149	151	129	23	0.344528	1.06558	3.35765e-06	9.74565e-06
777	945	726	157	158	130	33	0.313317	1.16054	3.34375e-06	1.06721e-05
778	946	722	121	124	110	16	0.423027	0.86032	3.3206e-06	7.84963e-06
779	963	771	129	131	112	22	0.392633	0.93488	3.36234e-06	8.56357e-06
780	1005	779	154	156	135	27	0.327136	1.11738	3.35001e-06	1.02404e-05
781	979	754	123	124	113	15	0.42519	0.85522	3.31499e-06	7.7965e-06
782	937	723	92	94	83	14	0.515963	0.66172	3.12155e-06	6.04994e-06
783	998	787	135	136	118	20	0.384397	0.95608	3.35945e-06	8.73954e-06
784	923	721	132	133	112	26	0.379903	0.96784	3.37695e-06	8.88899e-06
785	1030	817	130	135	114	29	0.369465	0.9957	3.38477e-06	9.16129e-06
786	963	748	138	140	117	30	0.356222	1.0322	3.38292e-06	9.49666e-06
787	987	748	130	133	112	25	0.381845	0.96274	3.37393e-06	8.83586e-06
788	965	761	136	140	120	24	0.367291	1.0016	3.37095e-06	9.17786e-06
789	958	739	124	130	104	32	0.375461	0.9796	3.39359e-06	9.03845e-06
790	981	781	98	101	83	23	0.471621	0.75158	3.26516e-06	6.92327e-06
791	955	747	83	86	73	13	0.545321	0.60638	3.02393e-06	5.54523e-06
792	1002	787	126	128	116	16	0.412533	0.88544	3.33138e-06	8.07542e-06
793	965	757	142	143	119	27	0.354964	1.03574	3.3745e-06	9.5066e-06
794	1020	785	117	117	107	11	0.453455	0.79086	3.25981e-06	7.18883e-06
795	951	762	145	146	125	32	0.339568	1.08008	3.37586e-06	9.94161e-06
796	947	714	123	125	105	28	0.395423	0.9278	3.37836e-06	8.54368e-06
797	967	760	113	115	106	10	0.461534	0.7732	3.24126e-06	7.02281e-06
798	899	706	131	134	111	26	0.377524	0.97412	3.37712e-06	8.94544e-06
799	984	774	136	136	120	18	0.388338	0.94588	3.35262e-06	8.63327e-06
800	970	761	116	116	101	17	0.44256	0.81518	3.29759e-06	7.45119e-06
801	1006	798	154	155	132	30	0.324198	1.1264	3.3533e-06	1.03434e-05
802	932	756	129	131	112	21	0.394641	0.92978	3.35856e-06	8.51043e-06
803	1003	772	145	149	124	32	0.333231	1.09892	3.36928e-06	1.0111e-05
804	953	738	125	127	106	24	0.398535	0.91996	3.36525e-06	8.44404e-06
805	963	752	133	135	120	16	0.394791	0.9294	3.3441e-06	8.47056e-06
806	970	771	152	152	133	26	0.337173	1.08716	3.35875e-06	9.9615e-06
807	962	764	148	156	126	43	0.301502	1.19898	3.34382e-06	1.10906e-05
808	987	791	127	129	113	16	0.40995	0.89172	3.33366e-06	8.13187e-06
809	900	701	109	111	100	12	0.468472	0.75828	3.23399e-06	6.90328e-06
810	1010	795	134	136	125	12	0.400404	0.91528	3.32915e-06	8.31447e-06
811	936	720	130	131	106	30	0.376936	0.97568	3.38814e-06	8.98863e-06
812	1058	866	139	141	118	27	0.35945	1.02318	3.37657e-06	9.39371e-06
813	1021	793	152	158	135	26	0.324704	1.12484	3.34452e-06	1.03002e-05
814	978	781	128	130	116	16	0.407384	0.898	3.33579e-06	8.18832e-06
815	972	755	127	128	109	29	0.386069	0.95174	3.38434e-06	8.76616e-06
816	1006	784	118	119	105	16	0.43652	0.82892	3.30332e-06	7.5674e-06
817	990	775	120	124	109	15	0.42519	0.85522	3.31499e-06	7.7965e-06
818	942	758	139	141	118	36	0.343324	1.06908	3.38926e-06	9.87191e-06
819	970	779	137	143	125	18	0.371636	0.98984	3.35528e-06	9.0284e-06
820	940	718	146	150	123	33	0.32946	1.1103	3.36726e-06	1.02205e-05
821	959	753	125	127	110	17	0.41302	0.88426	3.33394e-06	8.07211e-06
822	959	740	109	110	101	10	0.476256	0.7418	3.21024e-06	6.74057e-06
823	995	776	136	138	124	16	0.387422	0.94824	3.34729e-06	8.6399e-06
824	975	783	136	142	119	25	0.360862	1.01926	3.37185e-06	9.34389e-06
825	925	724	115	115	101	14	0.452214	0.7936	3.27192e-06	7.23534e-06
826	993	772	124	128	111	21	0.402146	0.91094	3.35434e-06	8.34109e-06
827	914	706	118	119	101	20	0.427706	0.84932	3.32752e-06	7.77993e-06
828	1020	802	136	142	122	23	0.364562	1.00906	3.36768e-06	9.23762e-06
829	943	752	121	122	111	13	0.434978	0.83246	3.29598e-06	7.57734e-06
830	964	746	123	126	102	29	0.390948	0.93918	3.38298e-06	8.65326e-06
831	961	748	132	135	122	15	0.396809	0.9243	3.34011e-06	8.41742e-06
832	1016	789	145	147	124	33	0.335726	1.09146	3.37445e-06	1.00512e-05
833	977	776	134	137	121	18	0.385907	0.95216	3.35342e-06	8.68972e-06
834	947	739	121	122	99	32	0.394806	0.92936	3.39015e-06	8.58687e-06
835	996	770	117	120	103	19	0.427201	0.8505	3.32501e-06	7.78324e-06
836	920	750	140	141	123	20	0.372514	0.98748	3.36074e-06	9.02178e-06
837	1026	821	118	119	105	14	0.440996	0.81872	3.29033e-06	7.46113e-06
838	946	742	136	138	116	24	0.371934	0.98904	3.37157e-06	9.06497e-06
839	979	791	137	138	112	31	0.35889	1.02474	3.38681e-06	9.4369e-06
840	919	721	134	137	114	30	0.362997	1.01336	3.38579e-06	9.32732e-06
841	927	725	142	146	125	25	0.35191	1.04438	3.36767e-06	9.56968e-06
842	980	757	124	131	113	20	0.396658	0.92468	3.35466e-06	8.4573e-06
843	974	779	112	118	92	35	0.398702	0.91954	3.39714e-06	8.52048e-06
844	999	779	120	120	107	13	0.440476	0.8199	3.28791e-06	7.46444e-06
845	979	745	133	135	112	24	0.379007	0.9702	3.37151e-06	8.89562e-06
846	979	767	134	135	109	26	0.375161	0.9804	3.37716e-06	9.00189e-06
847	949	761	116	117	102	17	0.439789	0.82146	3.30178e-06	7.50763e-06
848	956	763	147	153	132	29	0.329974	1.10874	3.35826e-06	1.01773e-05
849	966	771	121	125	109	23	0.405636	0.9023	3.35786e-06	8.27801e-06
850	973	742	134	140	110	37	0.34373	1.0679	3.39213e-06	9.86859e-06
851	982	759	128	132	112	25	0.384251	0.95646	3.3735e-06	8.77941e-06
852	978	753	133	135	112	28	0.371354	0.9906	3.38235e-06	9.10816e-06
853	1003	807	160	166	136	36	0.293441	1.22608	3.31092e-06	1.12831e-05
854	930	749	112	116	97	21	0.433623	0.83558	3.32316e-06	7.66372e-06
855	921	730	119	122	102	23	0.41335	0.88346	3.35172e-06	8.10867e-06
856	952	738	107	109	96	14	0.469578	0.75592	3.23852e-06	6.89665e-06
857	971	769	136	138	112	44	0.335867	1.09104	3.40154e-06	1.01276e-05
858	969	759	151	154	137	21	0.341564	1.07422	3.35031e-06	9.80873e-06
859	980	775	127	128	110	21	0.402146	0.91094	3.35434e-06	8.34109e-06
860	985	770	141	141	123	22	0.368734	0.99768	3.36582e-06	9.12804e-06
861	896	715	137	140	117	32	0.352607	1.0424	3.38606e-06	9.60293e-06
862	1007	799	151	155	129	30	0.324198	1.1264	3.3533e-06	1.03434e-05
863	934	725	124	125	111	14	0.424688	0.8564	3.31249e-06	7.79981e-06
864	1052	834	120	122	104	21	0.417588	0.87326	3.34171e-06	8.0024e-06
865	955	744	113	119	103	20	0.427706	0.84932	3.32752e-06	7.77993e-06
866	986	802	132	134	124	11	0.407538	0.89762	3.3208e-06	8.14844e-06
867	956	739	123	129	108	28	0.385613	0.95292	3.38163e-06	8.76947e-06
868	979	767	146	149	127	24	0.347108	1.05812	3.36205e-06	9.68589e-06
869	915	720	100	102	93	11	0.498247	0.69666	3.15994e-06	6.34212e-06
870	948	750	142	144	121	30	0.347386	1.05732	3.37744e-06	9.72245e-06
871	978	778	109	110	94	17	0.459553	0.7775	3.26857e-06	7.1125e-06
872	938	741	133	133	115	21	0.389715	0.94234	3.36064e-06	8.62333e-06
873	1023	786	102	103	90	17	0.480206	0.73354	3.22572e-06	6.71737e-06
874	957	746	118	123	107	20	0.417096	0.87444	3.33915e-06	8.00572e-06
875	1007	801	134	137	120	18	0.385907	0.95216	3.35342e-06	8.68972e-06
876	973	750	120	121	101	29	0.403419	0.90778	3.37703e-06	8.37102e-06
877	938	760	133	133	114	21	0.389715	0.94234	3.36064e-06	8.62333e-06
878	991	797	104	106	95	12	0.483415	0.72688	3.20071e-06	6.62104e-06
879	988	777	153	156	128	32	0.318899	1.14288	3.35038e-06	1.05061e-05
880	1017	788	118	121	99	28	0.405482	0.90268	3.37275e-06	8.31789e-06
881	941	762	115	116	102	15	0.447097	0.80498	3.28389e-06	7.34492e-06
882	988	765	120	123	105	28	0.400421	0.91524	3.37586e-06	8.43078e-06
883	960	765	144	147	123	29	0.342645	1.07106	3.37117e-06	9.83866e-06
884	944	755	128	131	103	34	0.369324	0.99608	3.39821e-06	9.20116e-06
885	976	770	113	117	105	13	0.448853	0.80106	3.27443e-06	7.2951e-06
886	956	742	134	137	115	28	0.366719	1.00316	3.38153e-06	9.22105e-06
887	994	778	127	131	108	25	0.386671	0.95018	3.37292e-06	8.72297e-06
888	917	734	136	144	114	48	0.316916	1.14912	3.38429e-06	1.06788e-05
889	1023	818	139	140	115	33	0.350814	1.0475	3.38748e-06	9.65606e-06
890	944	728	118	123	103	22	0.412863	0.88464	3.34914e-06	8.11199e-06
891	948	730	135	137	118	22	0.378114	0.97256	3.36606e-06	8.90225e-06
892	962	742	122	123	111	13	0.432255	0.83874	3.29974e-06	7.63379e-06
893	968	754	150	154	129	31	0.324581	1.12522	3.35619e-06	1.03401e-05
894	1007	788	150	151	130	29	0.334145	1.09618	3.36299e-06	1.00645e-05
895	971	771	133	137	114	27	0.368594	0.99806	3.37924e-06	9.16792e-06
896	938	731	127	129	113	20	0.401672	0.91212	3.35171e-06	8.3444e-06
897	931	725	108	110	94	21	0.450274	0.7979	3.29827e-06	7.32503e-06
898	962	765	139	141	124	20	0.372514	0.98748	3.36074e-06	9.02178e-06
899	947	743	137	140	110	43	0.333371	1.0985	3.39618e-06	1.01874e-05
900	964	770	123	125	111	14	0.424688	0.8564	3.31249e-06	7.79981e-06
901	965	777	159	160	131	33	0.309406	1.1731	3.33695e-06	1.0785e-05
902	980	760	132	133	109	27	0.37797	0.97294	3.37986e-06	8.94213e-06
903	981	787	104	108	92	18	0.462995	0.77004	3.26538e-06	7.05274e-06
904	986	764	153	155	134	26	0.33088	1.106	3.35209e-06	1.01308e-05
905	1001	780	136	137	116	33	0.357486	1.02866	3.39137e-06	9.48672e-06
906	927	724	137	140	124	18	0.378704	0.971	3.35496e-06	8.85906e-06
907	980	773	132	135	119	16	0.394791	0.9294	3.3441e-06	8.47056e-06
908	950	756	115	119	98	34	0.398232	0.92072	3.39445e-06	8.52379e-06
909	978	792	146	149	123	33	0.331536	1.10402	3.36976e-06	1.01641e-05
910	967	763	144	148	121	33	0.333624	1.09774	3.37215e-06	1.01076e-05
911	1010	809	147	151	124	33	0.327398	1.11658	3.36466e-06	1.0277e-05
912	984	785	139	144	119	32	0.34386	1.06752	3.3797e-06	9.82872e-06
913	980	776	122	123	103	34	0.388353	0.94584	3.39793e-06	8.74958e-06
914	1005	785	130	138	101	49	0.327411	1.11654	3.40288e-06	1.03933e-05
915	932	720	104	105	91	14	0.481524	0.7308	3.21218e-06	6.67086e-06
916	1046	823	132	134	112	29	0.371792	0.98942	3.38511e-06	9.10484e-06
917	953	750	121	122	102	32	0.394806	0.92936	3.39015e-06	8.58687e-06
918	996	764	153	155	128	34	0.317652	1.1468	3.3531e-06	1.05559e-05
919	970	776	127	131	109	29	0.378863	0.97058	3.38533e-06	8.9355e-06
920	926	721	119	121	104	18	0.426697	0.85168	3.3225e-06	7.78656e-06
921	978	751	160	165	129	43	0.284933	1.2555	3.30482e-06	1.15986e-05
922	1045	797	146	148	123	26	0.34575	1.06204	3.36612e-06	9.73571e-06
923	987	763	137	139	109	43	0.335471	1.09222	3.39864e-06	1.01309e-05
924	956	751	132	136	111	31	0.363426	1.01218	3.38858e-06	9.324e-06
925	981	760	128	128	113	18	0.408346	0.89564	3.34096e-06	8.18169e-06
926	956	751	142	148	121	40	0.321924	1.13344	3.37363e-06	1.04796e-05
927	1022	817	165	168	127	62	0.253792	1.37124	3.24282e-06	1.27775e-05
928	972	766	135	136	120	18	0.388338	0.94588	3.35262e-06	8.63327e-06
929	948	746	132	136	122	16	0.392319	0.93568	3.34531e-06	8.527e-06
930	989	784	153	156	145	12	0.353144	1.04088	3.33489e-06	9.44342e-06
931	928	717	121	124	102	28	0.397914	0.92152	3.37719e-06	8.48723e-06
932	1014	771	126	127	106	28	0.390487	0.94036	3.38028e-06	8.65657e-06
933	939	744	157	161	127	43	0.292182	1.23038	3.32292e-06	1.13728e-05
934	955	726	114	117	88	54	0.364161	1.01016	3.4499e-06	9.47356e-06
935	958	755	106	109	96	13	0.471979	0.75082	3.23e-06	6.84352e-06
936	999	768	124	126	105	34	0.381105	0.96468	3.39905e-06	8.91893e-06
937	974	768	138	142	122	24	0.362707	1.01416	3.36982e-06	9.29076e-06
938	964	748	123	127	106	22	0.402621	0.90976	3.35696e-06	8.33778e-06
939	992	784	137	144	118	37	0.335203	1.09302	3.38366e-06	1.00944e-05
940	914	709	110	111	97	18	0.454353	0.78888	3.28138e-06	7.22208e-06
941	1019	838	128	131	114	17	0.402774	0.90938	3.34218e-06	8.2979e-06
942	943	741	129	133	109	38	0.35735	1.02904	3.40433e-06	9.52659e-06
943	956	738	143	145	121	30	0.345211	1.0636	3.37578e-06	9.7789e-06
944	961	753	127	131	111	27	0.382747	0.96038	3.37937e-06	8.82923e-06
945	977	759	142	145	126	23	0.357757	1.0279	3.36541e-06	9.40697e-06
946	977	736	120	123	105	20	0.417096	0.87444	3.33915e-06	8.00572e-06
947	979	763	116	117	102	16	0.442038	0.81636	3.29517e-06	7.4545e-06
948	948	744	113	117	97	28	0.415796	0.87756	3.36466e-06	8.0921e-06
949	973	771	101	102	89	17	0.483231	0.72726	3.21876e-06	6.66092e-06
950	995	782	129	132	117	19	0.396191	0.92586	3.35202e-06	8.46061e-06
951	946	743	111	116	102	16	0.444822	0.81008	3.29082e-06	7.39805e-06
952	971	734	108	112	99	13	0.463171	0.76966	3.24815e-06	7.01286e-06
953	963	781	132	134	125	12	0.405465	0.90272	3.32545e-06	8.20158e-06
954	940	743	123	126	109	26	0.396976	0.92388	3.37186e-06	8.49386e-06
955	980	768	129	131	117	16	0.404833	0.90428	3.33776e-06	8.24477e-06
956	996	789	112	117	103	15	0.444298	0.81126	3.28841e-06	7.40137e-06
957	999	780	122	126	103	30	0.38896	0.94428	3.38643e-06	8.70639e-06
958	925	716	108	109	84	33	0.426211	0.85282	3.36971e-06	7.90618e-06
959	982	782	144	148	120	36	0.328559	1.11304	3.37332e-06	1.0267e-05
960	949	724	106	107	96	16	0.470688	0.75356	3.24305e-06	6.89002e-06
961	917	714	123	125	108	20	0.41189	0.887	3.34397e-06	8.11861e-06
962	966	739	146	148	127	23	0.35108	1.04674	3.36205e-06	9.57631e-06
963	948	743	129	136	112	29	0.367152	1.00198	3.38431e-06	9.21774e-06
964	982	765	127	128	114	14	0.416762	0.87524	3.32124e-06	7.96916e-06
965	926	715	135	136	117	23	0.37856	0.97138	3.36878e-06	8.89894e-06
966	1003	780	108	111	96	17	0.456677	0.78378	3.27389e-06	7.16895e-06
967	929	719	118	120	103	24	0.416445	0.876	3.35193e-06	8.04891e-06
968	1041	821	129	131	107	32	0.373111	0.98588	3.3934e-06	9.0949e-06
969	952	762	103	103	94	10	0.497659	0.69784	3.15786e-06	6.34543e-06
970	1008	782	143	145	127	20	0.363273	1.0126	3.35939e-06	9.24757e-06
971	968	738	116	119	102	20	0.427706	0.84932	3.32752e-06	7.77993e-06
972	939	736	110	112	93	22	0.442392	0.81556	3.31398e-06	7.49106e-06
973	985	784	118	121	107	16	0.431072	0.84148	3.31076e-06	7.68029e-06
974	959	763	134	135	113	25	0.377079	0.9753	3.37439e-06	8.94876e-06
975	996	784	132	134	113	27	0.375604	0.97922	3.3799e-06	8.99857e-06
976	964	753	137	138	123	17	0.385451	0.95334	3.35074e-06	8.69303e-06
977	927	745	108	110	97	15	0.464265	0.7673	3.25275e-06	7.00623e-06
978	954	763	113	114	100	18	0.445873	0.80772	3.29564e-06	7.39142e-06
979	1019	770	114	114	100	15	0.452748	0.79242	3.27428e-06	7.23202e-06
980	971	773	137	143	121	24	0.360436	1.02044	3.36907e-06	9.3472e-06
981	957	749	141	141	121	25	0.363135	1.01298	3.3726e-06	9.28744e-06
982	988	785	117	120	101	26	0.412219	0.8862	3.36172e-06	8.15518e-06
983	944	756	125	128	108	24	0.39604	0.92624	3.36653e-06	8.50049e-06
984	1011	788	113	116	102	18	0.440308	0.82028	3.30421e-06	7.50432e-06
985	937	735	127	131	116	17	0.402774	0.90938	3.34218e-06	8.2979e-06
986	948	738	130	135	116	26	0.375161	0.9804	3.37716e-06	9.00189e-06
987	957	743	126	129	115	15	0.412046	0.88662	3.32881e-06	8.07874e-06
988	938	746	125	130	108	30	0.379311	0.9694	3.38807e-06	8.93218e-06
989	973	719	132	136	116	30	0.365284	1.00708	3.3865e-06	9.27087e-06
990	942	753	128	129	106	30	0.3817	0.96312	3.38787e-06	8.87574e-06
991	991	786	120	123	108	16	0.425692	0.85404	3.31749e-06	7.79319e-06
992	910	720	110	112	94	25	0.435674	0.83086	3.33311e-06	7.65046e-06
993	1016	789	130	132	113	20	0.394175	0.93096	3.35591e-06	8.51375e-06
994	941	737	129	133	113	24	0.383798	0.95764	3.37079e-06	8.78273e-06
995	964	765	120	124	102	27	0.399948	0.91642	3.3732e-06	8.4341e-06
996	959	734	116	117	104	15	0.444298	0.81126	3.28841e-06	7.40137e-06
997	940	744	126	128	110	22	0.4001	0.91604	3.35853e-06	8.39422e-06
998	976	776	131	135	111	32	0.363855	1.011	3.39138e-06	9.32069e-06
999	987	784	123	126	111	16	0.417747	0.87288	3.32632e-06	7.96253e-06
1000	994	794	154	156	131	29	0.323816	1.12758	3.35042e-06	1.03467e-05