Well	Directory	num_nuc	avg_nfoci	std_nfoci	num_nuc_no_outl	avg_foci_no_outl	std_foci_no_outl	avg_fitc	avg_fitc_bg	avg_nuc_area	avg_nuc_dapi	avg_p2a	spot_fitc_sum
A1	Foci_processed_20-Oct-2019	83	 2.69	 2.55	67	 2.37	 2.17	2304.24	1724.52	 0.55	29744.13	 1.14	18609.61
A10	Foci_processed_20-Oct-2019	11	 2.82	 2.89	10	 3.00	 2.98	3032.93	1926.57	 0.49	35018.14	 1.04	29068.40
A11	Foci_processed_20-Oct-2019	386	 2.86	 2.34	319	 2.91	 2.31	2650.28	1794.89	 0.56	26898.14	 1.07	26466.73
A12	Foci_processed_20-Oct-2019	310	 2.37	 2.39	253	 2.54	 2.37	2563.97	1830.47	 0.58	26609.50	 1.09	30217.63
A2	Foci_processed_20-Oct-2019	430	 3.10	 2.52	344	 3.16	 2.57	2365.55	1727.98	 0.55	29500.03	 1.09	25159.00
A3	Foci_processed_20-Oct-2019	126	 3.49	 2.88	107	 3.65	 2.95	2397.52	1634.07	 0.55	30049.80	 1.05	32022.06
A4	Foci_processed_20-Oct-2019	416	 2.81	 3.11	354	 2.79	 3.12	2241.92	1616.64	 0.55	29727.34	 1.08	24788.71
A5	Foci_processed_20-Oct-2019	12	 1.67	 2.87	10	 1.90	 3.11	2847.60	2131.84	 0.47	34941.25	 1.05	23282.80
A6	Foci_processed_20-Oct-2019	21	 2.05	 2.44	16	 2.63	 2.53	2362.99	1614.18	 0.51	33381.27	 1.04	25963.25
A7	Foci_processed_20-Oct-2019	21	 3.52	 4.45	18	 3.33	 4.79	2243.20	1613.31	 0.48	33508.51	 1.04	41922.67
A8	Foci_processed_20-Oct-2019	9	 1.67	 1.50	8	 1.88	 1.46	2593.50	1624.90	 0.51	30372.81	 1.03	16520.00
A9	Foci_processed_20-Oct-2019	5	 1.00	 1.73	5	 1.00	 1.73	2661.77	1832.18	 0.67	24791.32	 1.04	8202.40
B1	Foci_processed_20-Oct-2019	170	 2.47	 2.32	147	 2.56	 2.31	2730.84	1981.68	 0.55	26926.59	 1.07	27796.52
B10	Foci_processed_20-Oct-2019	206	 3.07	 2.65	176	 3.27	 2.69	3194.74	2256.09	 0.52	31235.89	 1.05	38551.43
B11	Foci_processed_20-Oct-2019	257	 2.85	 2.73	219	 2.62	 2.47	3315.68	2450.63	 0.56	30462.66	 1.07	28402.45
B12	Foci_processed_20-Oct-2019	520	 2.82	 2.71	433	 2.96	 2.74	3342.79	2540.35	 0.55	28146.61	 1.06	40241.78
B2	Foci_processed_20-Oct-2019	705	 3.46	 3.04	628	 3.66	 3.07	2646.05	1832.57	 0.48	32895.36	 1.04	43757.67
B3	Foci_processed_20-Oct-2019	801	 2.14	 2.06	678	 2.08	 2.00	2542.98	1884.82	 0.44	34808.77	 1.04	18261.72
B4	Foci_processed_20-Oct-2019	801	 2.69	 2.89	706	 2.79	 2.92	2639.30	1852.79	 0.47	32053.50	 1.04	30230.40
B5	Foci_processed_20-Oct-2019	562	 2.94	 2.56	493	 3.02	 2.51	2782.82	1904.76	 0.51	31700.35	 1.04	37978.82
B6	Foci_processed_20-Oct-2019	368	 2.61	 2.31	325	 2.77	 2.36	2922.82	2012.07	 0.52	30410.38	 1.04	35712.38
B7	Foci_processed_20-Oct-2019	801	 3.19	 2.04	660	 3.39	 1.96	3056.58	2114.14	 0.52	31259.89	 1.05	49173.68
B8	Foci_processed_20-Oct-2019	388	 2.16	 2.17	330	 2.26	 2.14	2641.53	1884.63	 0.52	28589.01	 1.06	24652.59
B9	Foci_processed_20-Oct-2019	316	 2.72	 2.87	280	 2.66	 2.84	3028.74	2175.33	 0.50	32470.01	 1.04	33599.79
C1	Foci_processed_20-Oct-2019	801	 3.59	 2.13	656	 3.74	 2.00	2867.18	1839.79	 0.53	28884.74	 1.06	54435.60
C10	Foci_processed_20-Oct-2019	801	 2.81	 2.81	696	 2.91	 2.87	2573.29	1892.76	 0.47	35769.38	 1.03	25823.91
C11	Foci_processed_20-Oct-2019	801	 3.02	 2.72	665	 3.08	 2.68	2716.44	1979.91	 0.54	28327.95	 1.06	36694.83
C12	Foci_processed_20-Oct-2019	801	 4.00	 2.35	698	 4.11	 2.26	2977.82	2209.82	 0.58	25556.38	 1.07	48832.70
C2	Foci_processed_20-Oct-2019	801	 3.07	 2.57	681	 3.17	 2.56	2757.20	1852.85	 0.51	29791.58	 1.05	41595.94
C3	Foci_processed_20-Oct-2019	801	 3.43	 2.96	668	 3.62	 3.04	2553.43	1778.78	 0.48	30979.32	 1.05	44920.19
C4	Foci_processed_20-Oct-2019	801	 3.40	 2.99	676	 3.55	 3.00	2414.03	1691.65	 0.49	32976.98	 1.04	41228.93
C5	Foci_processed_20-Oct-2019	762	 3.74	 3.32	668	 3.87	 3.36	2401.98	1677.32	 0.48	31810.65	 1.04	35095.72
C6	Foci_processed_20-Oct-2019	801	 2.62	 2.92	689	 2.73	 2.96	2445.32	1802.35	 0.48	33507.54	 1.04	26596.31
C7	Foci_processed_20-Oct-2019	801	 2.29	 3.22	674	 2.35	 3.21	2367.51	1826.61	 0.46	25163.39	 1.05	24352.14
C8	Foci_processed_20-Oct-2019	801	 1.91	 2.59	680	 1.96	 2.64	2281.77	1759.98	 0.49	33045.38	 1.04	18374.94
C9	Foci_processed_20-Oct-2019	801	 2.40	 2.87	711	 2.43	 2.90	2392.85	1800.92	 0.46	33242.35	 1.03	21581.72
D1	Foci_processed_20-Oct-2019	801	 3.54	 2.18	686	 3.60	 2.05	3229.05	2201.40	 0.54	29134.63	 1.05	53512.33
D10	Foci_processed_20-Oct-2019	801	 3.25	 2.64	673	 3.32	 2.68	3247.23	2486.70	 0.52	31917.10	 1.05	41952.49
D11	Foci_processed_20-Oct-2019	801	 3.88	 2.16	691	 4.04	 2.09	3932.97	3043.56	 0.58	27974.97	 1.06	59280.30
D12	Foci_processed_20-Oct-2019	801	 3.70	 2.90	681	 3.86	 2.89	3386.33	2620.08	 0.60	26907.95	 1.05	52390.61
D2	Foci_processed_20-Oct-2019	578	 2.60	 2.47	507	 2.74	 2.47	2938.95	1998.13	 0.50	31723.73	 1.04	35470.50
D3	Foci_processed_20-Oct-2019	801	 3.28	 2.24	697	 3.42	 2.21	2958.43	2134.29	 0.47	33390.24	 1.05	46993.50
D4	Foci_processed_20-Oct-2019	801	 3.66	 1.80	681	 3.73	 1.75	2716.56	1981.42	 0.51	30387.78	 1.07	45058.78
D5	Foci_processed_20-Oct-2019	801	 2.81	 1.89	709	 2.82	 1.79	2831.39	2123.46	 0.46	28941.08	 1.05	35361.35
D6	Foci_processed_20-Oct-2019	801	 3.04	 2.34	677	 3.15	 2.33	3215.86	2319.20	 0.50	29672.83	 1.05	45767.57
D7	Foci_processed_20-Oct-2019	801	 2.82	 2.34	672	 2.98	 2.35	3314.06	2478.40	 0.48	32914.24	 1.04	41442.82
D8	Foci_processed_20-Oct-2019	801	 3.11	 2.51	667	 3.17	 2.48	2876.85	2120.62	 0.52	30012.70	 1.04	39265.28
D9	Foci_processed_20-Oct-2019	801	 3.10	 2.66	677	 3.32	 2.71	3236.03	2552.41	 0.48	33791.63	 1.03	39043.24
E1	Foci_processed_20-Oct-2019	392	 2.79	 2.19	337	 2.99	 2.13	2748.51	1844.03	 0.54	27277.59	 1.04	38441.08
E10	Foci_processed_20-Oct-2019	801	 3.83	 3.52	686	 4.12	 3.58	2726.71	2148.88	 0.47	34509.22	 1.03	44273.76
E11	Foci_processed_20-Oct-2019	267	 2.79	 2.81	224	 3.01	 2.87	3337.52	2337.51	 0.55	28162.09	 1.06	42467.39
E12	Foci_processed_20-Oct-2019	801	 2.79	 2.45	683	 2.80	 2.42	3498.10	2624.30	 0.52	30019.37	 1.07	39686.31
E2	Foci_processed_20-Oct-2019	293	 2.47	 2.42	251	 2.63	 2.44	2731.13	1848.64	 0.53	28585.36	 1.05	33056.78
E3	Foci_processed_20-Oct-2019	723	 3.89	 3.75	624	 4.07	 3.80	2354.64	1694.06	 0.48	28878.08	 1.04	47010.29
E4	Foci_processed_20-Oct-2019	801	 3.20	 2.77	693	 3.38	 2.79	2532.34	1820.57	 0.48	31178.55	 1.04	41141.99
E5	Foci_processed_20-Oct-2019	801	 4.02	 3.90	692	 4.32	 3.98	2139.74	1627.51	 0.46	30470.98	 1.04	44725.83
E6	Foci_processed_20-Oct-2019	801	 3.77	 3.78	688	 3.96	 3.80	2389.72	1836.21	 0.47	33069.23	 1.04	43735.16
E7	Foci_processed_20-Oct-2019	801	 2.91	 3.16	685	 3.11	 3.29	2746.00	2042.76	 0.50	28999.97	 1.06	37957.30
E8	Foci_processed_20-Oct-2019	801	 2.57	 3.19	680	 2.67	 3.26	2490.15	1909.97	 0.48	32500.59	 1.05	29791.95
E9	Foci_processed_20-Oct-2019	801	 2.70	 2.17	669	 2.73	 2.14	3291.19	2339.74	 0.51	30240.91	 1.08	37894.69
F1	Foci_processed_20-Oct-2019	751	 2.17	 2.37	635	 2.24	 2.41	2898.06	2120.87	 0.49	30919.53	 1.05	25848.57
F10	Foci_processed_20-Oct-2019	801	 2.14	 2.81	670	 2.39	 2.92	2373.28	1827.76	 0.47	32109.28	 1.04	25772.63
F11	Foci_processed_20-Oct-2019	222	 2.86	 2.71	186	 3.01	 2.71	2831.75	2075.61	 0.58	28132.47	 1.04	34533.78
F12	Foci_processed_20-Oct-2019	333	 2.02	 1.98	293	 2.05	 2.00	3239.37	2253.69	 0.53	30622.41	 1.05	21319.07
F2	Foci_processed_20-Oct-2019	573	 1.92	 2.15	479	 1.88	 2.13	2681.22	1883.95	 0.50	29653.91	 1.06	23175.01
F3	Foci_processed_20-Oct-2019	742	 2.36	 2.32	632	 2.40	 2.37	2705.26	1907.49	 0.49	31235.44	 1.07	29809.77
F4	Foci_processed_20-Oct-2019	801	 2.62	 2.58	689	 2.77	 2.60	2665.64	1887.00	 0.47	31301.19	 1.04	33503.81
F5	Foci_processed_20-Oct-2019	801	 2.27	 2.64	668	 2.35	 2.67	2589.25	1920.33	 0.46	33631.25	 1.04	24123.77
F6	Foci_processed_20-Oct-2019	710	 2.07	 2.49	599	 2.12	 2.51	3030.80	2372.71	 0.47	31994.18	 1.05	26242.56
F7	Foci_processed_20-Oct-2019	801	 2.45	 2.82	671	 2.51	 2.72	2425.73	1819.35	 0.46	34644.19	 1.04	25434.59
F8	Foci_processed_20-Oct-2019	801	 2.05	 2.74	695	 2.17	 2.81	2170.98	1627.10	 0.47	31162.23	 1.04	21080.13
F9	Foci_processed_20-Oct-2019	801	 2.90	 2.73	705	 3.11	 2.77	2383.17	1733.89	 0.47	34534.83	 1.03	31549.57
G1	Foci_processed_20-Oct-2019	188	 2.52	 2.30	161	 2.45	 2.38	3009.90	1992.35	 0.48	33319.04	 1.03	29166.56
G10	Foci_processed_20-Oct-2019	279	 1.57	 1.79	239	 1.49	 1.69	2712.76	1955.67	 0.53	28302.65	 1.07	12951.03
G11	Foci_processed_20-Oct-2019	501	 2.03	 2.13	409	 1.94	 1.92	2925.78	1998.36	 0.54	28299.39	 1.09	18039.10
G12	Foci_processed_20-Oct-2019	232	 2.00	 2.08	194	 2.05	 2.11	3085.19	2167.26	 0.55	27626.17	 1.07	23257.20
G2	Foci_processed_20-Oct-2019	369	 1.88	 2.30	325	 1.96	 2.39	2812.40	1917.90	 0.45	33144.16	 1.03	19416.16
G3	Foci_processed_20-Oct-2019	156	 1.63	 1.98	140	 1.71	 2.03	3006.47	2051.54	 0.45	33881.34	 1.03	17329.06
G4	Foci_processed_20-Oct-2019	307	 1.38	 1.54	266	 1.36	 1.52	2679.13	1874.40	 0.46	32667.97	 1.04	12293.76
G5	Foci_processed_20-Oct-2019	79	 2.28	 1.89	66	 2.35	 1.97	3021.49	1975.02	 0.49	30356.20	 1.04	26078.24
G6	Foci_processed_20-Oct-2019	141	 1.88	 1.57	119	 1.84	 1.60	3898.38	2750.95	 0.50	31813.94	 1.03	20655.33
G7	Foci_processed_20-Oct-2019	74	 2.01	 2.17	62	 2.00	 2.16	3178.76	2109.94	 0.49	30994.86	 1.03	20705.42
G8	Foci_processed_20-Oct-2019	228	 2.58	 2.15	193	 2.41	 2.02	2750.90	1746.68	 0.53	30130.84	 1.05	23601.22
G9	Foci_processed_20-Oct-2019	43	 3.23	 2.65	36	 3.06	 2.74	2527.52	1712.89	 0.53	28006.05	 1.05	29285.89
H1	Foci_processed_20-Oct-2019	344	 3.11	 3.13	292	 3.21	 3.21	2895.45	2015.67	 0.48	33703.65	 1.04	39830.85
H10	Foci_processed_20-Oct-2019	290	 2.26	 2.39	250	 2.27	 2.40	2742.51	1947.45	 0.50	31941.12	 1.05	24028.48
H11	Foci_processed_20-Oct-2019	131	 2.67	 2.28	110	 2.85	 2.16	3168.28	2100.85	 0.59	25784.02	 1.07	34542.62
H12	Foci_processed_20-Oct-2019	527	 2.37	 2.49	435	 2.46	 2.55	3556.95	2554.62	 0.49	29478.24	 1.04	32965.31
H2	Foci_processed_20-Oct-2019	146	 1.64	 1.85	129	 1.74	 1.81	2876.15	2002.68	 0.50	31950.04	 1.05	18129.77
H3	Foci_processed_20-Oct-2019	166	 1.70	 1.77	148	 1.71	 1.77	2739.16	1910.40	 0.51	31093.75	 1.05	15312.81
H4	Foci_processed_20-Oct-2019	171	 2.36	 2.65	145	 2.48	 2.71	2746.48	1941.14	 0.48	32827.73	 1.05	28436.97
H5	Foci_processed_20-Oct-2019	170	 2.40	 2.26	144	 2.63	 2.31	2872.22	1946.48	 0.51	31237.50	 1.04	28933.67
H6	Foci_processed_20-Oct-2019	260	 2.25	 2.27	230	 2.28	 2.31	2927.29	2020.93	 0.49	32271.26	 1.04	23662.68
H7	Foci_processed_20-Oct-2019	155	 1.83	 2.19	134	 2.01	 2.24	2832.02	1977.81	 0.51	31303.35	 1.05	19630.90
H8	Foci_processed_20-Oct-2019	394	 2.72	 3.16	338	 2.90	 3.28	2375.12	1698.76	 0.50	30329.12	 1.05	32180.06
H9	Foci_processed_20-Oct-2019	342	 2.65	 2.81	295	 2.78	 2.84	2668.75	1846.68	 0.51	30524.26	 1.05	31360.23
