Hist	Tr_Tot	Tr_in	DSBs	DSBt	RIFs	NComb	PSurv	lPSurv	PMut*	PMut
1	73	60	159	183	36	746	0.00705626	4.95384	3.52582e-07	4.99673e-05
2	72	52	58	72	21	174	0.261961	1.33956	3.48654e-06	1.33094e-05
3	70	57	108	120	27	607	0.0212946	3.8493	8.31035e-07	3.90256e-05
4	69	61	121	137	23	707	0.0114925	4.46606	5.20593e-07	4.52985e-05
5	68	55	110	120	29	417	0.0561179	2.8803	1.62351e-06	2.89303e-05
6	67	49	89	98	27	307	0.112913	2.18114	2.46644e-06	2.18438e-05
7	66	60	154	168	27	1522	0.000148157	8.81724	1.33862e-08	9.03519e-05
8	65	54	214	234	21	1897	1.44586e-05	11.1442	1.64832e-09	0.000114002
9	64	52	126	138	23	721	0.0106336	4.54374	4.90195e-07	4.60988e-05
10	70	55	149	168	33	740	0.00799419	4.82904	3.90131e-07	4.88018e-05
11	62	48	100	112	25	430	0.0552239	2.89636	1.61085e-06	2.91694e-05
12	61	45	135	148	30	685	0.0119989	4.42294	5.36957e-07	4.47505e-05
13	60	49	99	107	32	292	0.115191	2.16116	2.48293e-06	2.15548e-05
14	58	40	94	105	33	266	0.133187	2.016	2.67179e-06	2.00604e-05
15	63	47	112	121	25	481	0.0402365	3.21298	1.30315e-06	3.23872e-05
16	81	64	189	206	32	1260	0.000444003	7.71968	3.4888e-08	7.8576e-05
17	54	44	68	74	16	218	0.206693	1.57652	3.25752e-06	1.57602e-05
18	52	39	132	148	26	688	0.0118167	4.43824	5.30687e-07	4.49099e-05
19	61	53	116	134	28	636	0.0168211	4.08512	6.95666e-07	4.13567e-05
20	68	57	93	105	22	311	0.105875	2.2455	2.37704e-06	2.24514e-05
21	69	56	151	167	30	674	0.0112638	4.48616	5.09558e-07	4.52385e-05
22	68	46	116	122	24	649	0.0169742	4.07606	7.02224e-07	4.13701e-05
23	71	58	171	190	31	1377	0.000270321	8.2159	2.26771e-08	8.38895e-05
24	59	46	104	113	24	584	0.025021	3.68804	9.35995e-07	3.74084e-05
25	59	48	130	141	29	548	0.0252159	3.68028	9.34908e-07	3.70761e-05
26	53	38	85	97	28	232	0.166567	1.79236	2.96527e-06	1.78023e-05
27	63	50	87	96	28	221	0.177288	1.72998	3.04251e-06	1.71614e-05
28	72	55	66	68	26	99	0.393789	0.93194	3.58294e-06	9.09862e-06
29	73	59	117	132	30	539	0.0279354	3.57786	1.00819e-06	3.60899e-05
30	66	54	111	116	31	296	0.106663	2.23808	2.37596e-06	2.22753e-05
31	60	46	109	116	20	914	0.00456252	5.38988	2.51448e-07	5.51117e-05
32	56	41	86	97	26	302	0.116559	2.14936	2.50854e-06	2.15216e-05
33	69	52	114	133	29	450	0.0437073	3.13024	1.37317e-06	3.14175e-05
34	79	59	87	94	27	347	0.0944183	2.36002	2.2418e-06	2.37433e-05
35	77	54	126	140	21	701	0.0116285	4.4543	5.25014e-07	4.5149e-05
36	75	61	181	196	29	1128	0.000926886	6.98368	6.5807e-08	7.0998e-05
37	73	56	123	134	25	550	0.0260817	3.64652	9.59475e-07	3.67872e-05
38	72	58	112	124	24	642	0.0173716	4.05292	7.14163e-07	4.1111e-05
39	71	53	176	202	34	1010	0.00162937	6.41956	1.06018e-07	6.50669e-05
40	69	48	129	142	26	631	0.0164101	4.10986	6.81717e-07	4.15426e-05
41	68	56	157	178	32	946	0.00262562	5.94244	1.58355e-07	6.03117e-05
42	67	49	102	113	20	458	0.0475754	3.04544	1.46121e-06	3.07136e-05
43	66	44	73	78	15	399	0.0800791	2.52474	2.05027e-06	2.56031e-05
44	65	57	165	184	33	889	0.00338155	5.68942	1.94851e-07	5.76218e-05
45	64	53	125	139	22	735	0.00983882	4.62142	4.61432e-07	4.68991e-05
46	63	50	131	142	26	806	0.00672206	5.00236	3.41756e-07	5.08409e-05
47	62	47	73	83	20	336	0.107009	2.23484	2.41176e-06	2.25379e-05
48	61	50	89	100	25	344	0.0923287	2.3824	2.20874e-06	2.39226e-05
49	60	47	166	188	30	1015	0.00173432	6.35714	1.11937e-07	6.45423e-05
50	75	65	136	144	29	539	0.0259076	3.65322	9.5255e-07	3.67672e-05
51	57	45	91	99	21	323	0.103413	2.26902	2.35269e-06	2.27503e-05
52	56	44	97	105	23	493	0.0418485	3.1737	1.34424e-06	3.21217e-05
53	54	45	110	116	28	444	0.0501428	2.99288	1.51126e-06	3.01391e-05
54	70	55	156	173	27	1002	0.00203626	6.19664	1.28294e-07	6.30049e-05
55	73	52	184	209	33	1846	2.19417e-05	10.7271	2.41099e-09	0.000109881
56	46	37	110	128	18	948	0.0035577	5.63864	2.04908e-07	5.75956e-05
57	55	46	127	140	24	671	0.0135509	4.3013	5.90211e-07	4.3555e-05
58	75	51	121	139	26	626	0.0171541	4.06552	7.05163e-07	4.11076e-05
59	71	56	148	160	34	862	0.00451207	5.401	2.47408e-07	5.48324e-05
60	59	50	114	121	25	458	0.0452442	3.09568	1.41004e-06	3.11652e-05
61	61	49	107	122	22	402	0.0598233	2.81636	1.68978e-06	2.82462e-05
62	67	53	181	208	32	1292	0.000372438	7.89544	2.994e-08	8.03892e-05
63	63	54	136	143	22	1183	0.000976691	6.93134	6.92753e-08	7.09286e-05
64	55	44	134	153	25	971	0.00270422	5.91294	1.62872e-07	6.02288e-05
65	66	51	76	81	24	216	0.199832	1.61028	3.2071e-06	1.6049e-05
66	66	57	143	163	32	628	0.0146043	4.22644	6.21684e-07	4.25686e-05
67	51	46	152	160	27	827	0.00539383	5.2225	2.85726e-07	5.29728e-05
68	86	69	170	194	33	1067	0.00128112	6.66002	8.66601e-08	6.7644e-05
69	83	66	149	162	31	1188	0.000845012	7.07616	6.10663e-08	7.22668e-05
70	80	57	144	155	30	909	0.00366363	5.6093	2.09001e-07	5.70475e-05
71	77	55	171	191	35	947	0.00240747	6.02918	1.47093e-07	6.10986e-05
72	73	56	77	84	27	308	0.122662	2.09832	2.58899e-06	2.11066e-05
73	61	45	109	121	25	581	0.0241619	3.72298	9.10915e-07	3.77005e-05
74	72	55	122	134	27	683	0.0132359	4.32482	5.80448e-07	4.3854e-05
75	71	60	228	249	37	1758	2.67355e-05	10.5295	2.87309e-09	0.000107464
76	70	54	105	121	27	535	0.0305503	3.48838	1.0771e-06	3.52564e-05
77	69	55	132	149	24	899	0.00400337	5.52062	2.24899e-07	5.61774e-05
78	68	55	140	152	29	656	0.0135664	4.30016	5.89262e-07	4.34354e-05
79	67	51	104	110	20	449	0.0507573	2.9807	1.52607e-06	3.0066e-05
80	66	57	148	164	24	939	0.00297111	5.81882	1.7574e-07	5.91495e-05
81	65	47	170	191	28	1376	0.000270002	8.21708	2.26512e-08	8.38928e-05
82	64	54	137	153	32	776	0.00731053	4.91844	3.6456e-07	4.98678e-05
83	62	40	58	61	21	119	0.371584	0.98998	3.62895e-06	9.76615e-06
84	64	45	130	143	25	749	0.00893356	4.71794	4.27639e-07	4.78688e-05
85	60	50	151	169	32	865	0.00419937	5.47282	2.33065e-07	5.54999e-05
86	59	45	73	80	22	206	0.211612	1.553	3.27179e-06	1.54612e-05
87	58	43	96	106	26	343	0.0893691	2.41498	2.16346e-06	2.42081e-05
88	56	41	144	156	22	1584	0.000116446	9.05808	1.08259e-08	9.29688e-05
89	65	47	102	113	21	720	0.0125048	4.38164	5.58147e-07	4.46345e-05
90	48	36	87	100	22	470	0.0485578	3.025	1.48671e-06	3.06174e-05
91	50	39	68	75	20	259	0.166643	1.7919	2.99876e-06	1.79951e-05
92	68	48	82	86	21	297	0.128121	2.05478	2.64378e-06	2.06351e-05
93	64	51	90	98	21	472	0.0486726	3.02264	1.4899e-06	3.06107e-05
94	49	44	120	134	28	766	0.00866798	4.74812	4.18351e-07	4.8264e-05
95	71	53	146	162	26	753	0.00776864	4.85766	3.81858e-07	4.91538e-05
96	59	43	91	101	19	395	0.0707375	2.64878	1.8879e-06	2.66888e-05
97	74	59	152	176	25	1075	0.00137709	6.58778	9.23382e-08	6.7053e-05
98	72	56	164	184	30	1079	0.00128317	6.65842	8.68927e-08	6.77171e-05
99	63	51	115	131	25	623	0.018316	3.99998	7.41736e-07	4.04966e-05
100	68	54	137	153	31	696	0.0109936	4.51044	5.01498e-07	4.56172e-05
101	58	44	172	189	31	938	0.0025524	5.97072	1.5444e-07	6.05075e-05
102	60	47	101	113	19	601	0.0229431	3.77474	8.78986e-07	3.83116e-05
103	79	61	161	174	33	697	0.0095863	4.64742	4.49173e-07	4.68557e-05
104	65	50	140	156	31	636	0.0146505	4.22328	6.2409e-07	4.25985e-05
105	69	53	151	158	30	620	0.0156977	4.15424	6.57127e-07	4.18613e-05
106	57	49	152	171	24	1243	0.000603249	7.41318	4.56642e-08	7.56971e-05
107	74	60	203	227	33	1431	0.000162691	8.72366	1.44546e-08	8.88472e-05
108	76	63	129	141	33	540	0.026266	3.63948	9.62676e-07	3.6651e-05
109	74	63	144	158	26	1248	0.000638084	7.35704	4.80024e-08	7.5229e-05
110	73	56	174	194	29	924	0.00265657	5.93072	1.59516e-07	6.00459e-05
111	71	52	104	109	22	543	0.0316246	3.45382	1.10699e-06	3.50041e-05
112	70	56	165	181	35	943	0.00261634	5.94598	1.57822e-07	6.03216e-05
113	69	52	133	149	22	702	0.0109335	4.51592	4.99774e-07	4.57102e-05
114	68	60	141	155	27	1210	0.000789272	7.1444	5.76488e-08	7.30406e-05
115	67	49	158	184	34	1508	0.00014391	8.84632	1.30255e-08	9.05112e-05
116	66	54	141	155	29	710	0.0101083	4.5944	4.69772e-07	4.64739e-05
117	65	48	81	92	30	182	0.221804	1.50596	3.29677e-06	1.48634e-05
118	64	45	134	147	27	1106	0.00141057	6.56376	9.45974e-08	6.70631e-05
119	63	52	120	132	26	779	0.00821445	4.80186	4.01209e-07	4.88418e-05
120	62	48	104	116	28	588	0.0240582	3.72728	9.09165e-07	3.77902e-05
121	61	52	83	92	23	278	0.135938	1.99556	2.71388e-06	1.99642e-05
122	59	49	128	138	24	602	0.0195098	3.93684	7.7602e-07	3.9776e-05
123	58	46	131	145	32	649	0.0146913	4.2205	6.26853e-07	4.26683e-05
124	57	48	142	168	27	708	0.00941134	4.66584	4.43288e-07	4.71015e-05
125	55	46	81	86	27	221	0.188779	1.66718	3.13315e-06	1.65969e-05
126	53	41	91	104	17	505	0.0396121	3.22862	1.29543e-06	3.27028e-05
127	78	55	141	161	32	580	0.0188908	3.96908	7.53844e-07	3.99053e-05
128	68	55	121	134	27	521	0.0302391	3.49862	1.06582e-06	3.52464e-05
129	55	42	76	87	21	321	0.112651	2.18346	2.47457e-06	2.19667e-05
130	73	53	127	138	32	545	0.0260916	3.64614	9.58799e-07	3.67474e-05
131	71	57	196	219	31	1567	8.54978e-05	9.36702	8.17545e-09	9.56217e-05
132	66	44	113	125	24	580	0.0236829	3.743	8.96949e-07	3.78732e-05
133	61	41	70	80	21	271	0.151905	1.8845	2.87327e-06	1.89149e-05
134	49	39	71	77	21	233	0.187897	1.67186	3.14286e-06	1.67265e-05
135	63	48	147	164	26	778	0.00675333	4.99772	3.41685e-07	5.0595e-05
136	66	49	129	144	21	760	0.00839331	4.78032	4.07157e-07	4.85097e-05
137	70	45	106	116	20	528	0.0326706	3.42128	1.13048e-06	3.46023e-05
138	66	51	113	124	25	557	0.0267982	3.61942	9.80672e-07	3.65947e-05
139	51	35	73	81	20	199	0.21793	1.52358	3.30072e-06	1.51458e-05
140	84	66	122	140	34	607	0.0187812	3.9749	7.54149e-07	4.01545e-05
141	69	55	149	169	31	969	0.00247078	6.00322	1.50781e-07	6.10257e-05
142	81	68	191	212	38	1251	0.000447667	7.71146	3.51135e-08	7.84365e-05
143	78	61	147	159	28	937	0.00309731	5.77722	1.82001e-07	5.8761e-05
144	76	61	128	144	22	1021	0.0022174	6.11142	1.38316e-07	6.23775e-05
145	74	58	172	194	39	682	0.00912698	4.69652	4.30681e-07	4.71877e-05
146	73	59	182	207	33	1066	0.00118672	6.73656	8.10824e-08	6.83246e-05
147	78	61	172	190	31	736	0.00710611	4.9468	3.54105e-07	4.98311e-05
148	70	50	93	99	24	319	0.105545	2.24862	2.37875e-06	2.25378e-05
149	69	51	120	130	25	598	0.0209378	3.8662	8.18915e-07	3.91118e-05
150	68	52	152	169	30	930	0.0030145	5.80432	1.77716e-07	5.89535e-05
151	67	56	160	179	23	1113	0.00111331	6.80042	7.70869e-08	6.92414e-05
152	66	51	100	110	27	326	0.0950455	2.3534	2.23648e-06	2.35307e-05
153	65	51	107	118	24	364	0.074464	2.59744	1.93616e-06	2.60013e-05
154	64	48	99	111	24	404	0.0634515	2.75748	1.7596e-06	2.77315e-05
155	63	53	196	217	34	1416	0.000187008	8.58436	1.63605e-08	8.74857e-05
156	62	52	135	152	31	566	0.0214687	3.84116	8.29838e-07	3.86534e-05
157	61	50	62	67	22	151	0.30396	1.19086	3.58828e-06	1.18051e-05
158	62	48	123	133	25	613	0.0190338	3.96154	7.62839e-07	4.00782e-05
159	58	43	77	85	19	304	0.124407	2.0842	2.60639e-06	2.09505e-05
160	57	44	53	57	12	273	0.173729	1.75026	3.07897e-06	1.77229e-05
161	55	45	121	134	24	953	0.00333988	5.70182	1.94381e-07	5.81999e-05
162	54	41	96	103	23	467	0.0483862	3.02854	1.48194e-06	3.06273e-05
163	70	53	126	140	27	701	0.0116285	4.4543	5.25014e-07	4.5149e-05
164	68	47	179	200	24	1470	0.000157987	8.753	1.41233e-08	8.93953e-05
165	67	52	129	141	30	473	0.0369651	3.29778	1.22322e-06	3.30911e-05
166	74	59	93	104	27	322	0.100729	2.29532	2.3147e-06	2.29794e-05
167	71	54	165	184	33	840	0.00434157	5.43952	2.38865e-07	5.50182e-05
168	60	50	122	136	23	881	0.00476156	5.34718	2.59444e-07	5.44872e-05
169	59	44	88	95	22	384	0.0776922	2.555	2.00179e-06	2.57657e-05
170	66	50	151	171	26	1297	0.000458028	7.68858	3.59856e-08	7.85663e-05
171	61	49	118	135	30	481	0.03685	3.3009	1.22259e-06	3.31775e-05
172	70	58	144	166	26	962	0.00260928	5.94868	1.57821e-07	6.04844e-05
173	84	70	155	170	37	856	0.00436909	5.4332	2.40641e-07	5.50781e-05
174	64	48	133	147	29	659	0.0137866	4.28406	5.97132e-07	4.33126e-05
175	60	47	129	144	32	505	0.030813	3.47982	1.07724e-06	3.49607e-05
176	90	73	206	228	33	1647	5.37299e-05	9.83154	5.39344e-09	0.00010038
177	69	46	124	133	30	382	0.0618255	2.78344	1.71902e-06	2.78044e-05
178	57	44	92	100	16	397	0.0704607	2.6527	1.88402e-06	2.67386e-05
179	58	45	109	118	21	695	0.0137662	4.28554	6.00046e-07	4.35884e-05
180	73	53	89	94	22	353	0.0915729	2.39062	2.20344e-06	2.40621e-05
181	61	48	96	111	24	470	0.0453167	3.09408	1.41562e-06	3.12383e-05
182	73	53	78	89	21	323	0.110116	2.20622	2.44302e-06	2.21859e-05
183	72	59	135	145	30	676	0.0128014	4.3582	5.6458e-07	4.41029e-05
184	71	47	93	99	23	453	0.0532893	2.93202	1.58044e-06	2.96577e-05
185	69	59	211	241	29	1775	2.57782e-05	10.566	2.78187e-09	0.000107915
186	68	54	164	182	31	870	0.00377272	5.57996	2.13156e-07	5.64993e-05
187	67	52	90	104	18	415	0.0626858	2.76962	1.75024e-06	2.79208e-05
188	66	55	129	143	26	563	0.0230673	3.76934	8.76234e-07	3.7986e-05
189	65	51	141	161	25	744	0.00818477	4.80548	3.97937e-07	4.86192e-05
190	64	47	84	90	22	253	0.156375	1.8555	2.89653e-06	1.8523e-05
191	63	55	112	125	20	737	0.010634	4.5437	4.91451e-07	4.62151e-05
192	62	51	98	109	19	464	0.0473154	3.05092	1.45763e-06	3.08066e-05
193	61	50	104	117	28	320	0.0937841	2.36676	2.21396e-06	2.3607e-05
194	60	41	109	127	24	619	0.019169	3.95446	7.67878e-07	4.00583e-05
195	59	51	87	102	23	355	0.0862022	2.45106	2.12229e-06	2.46199e-05
196	57	48	133	144	28	584	0.0205947	3.88272	8.06453e-07	3.91582e-05
197	56	39	111	121	28	569	0.0256867	3.66178	9.52027e-07	3.7063e-05
198	68	51	87	95	22	417	0.0656577	2.7233	1.80684e-06	2.75191e-05
199	52	39	114	126	27	421	0.0529514	2.93838	1.56109e-06	2.94815e-05
200	49	37	104	120	18	718	0.0120897	4.4154	5.43111e-07	4.49233e-05
201	55	44	115	126	27	552	0.0271472	3.60648	9.89298e-07	3.64419e-05
202	69	58	70	79	19	360	0.0970897	2.33212	2.29009e-06	2.35873e-05
203	71	52	92	100	29	283	0.126022	2.0713	2.60632e-06	2.06815e-05
204	60	47	126	137	25	601	0.0197331	3.92546	7.82739e-07	3.96664e-05
205	62	45	98	108	25	542	0.0319865	3.44244	1.11616e-06	3.48945e-05
206	57	39	110	122	28	407	0.0583171	2.84186	1.66273e-06	2.85118e-05
207	63	55	108	116	31	343	0.0839293	2.47778	2.07915e-06	2.47726e-05
208	66	54	187	202	28	1828	2.51322e-05	10.5914	2.7276e-09	0.00010853
209	55	46	160	176	29	953	0.00256556	5.96558	1.55398e-07	6.05707e-05
210	66	53	142	159	25	1201	0.000805844	7.12362	5.86559e-08	7.27881e-05
211	51	42	79	86	24	274	0.144067	1.93748	2.79676e-06	1.9413e-05
212	63	47	88	98	22	270	0.136362	1.99244	2.71059e-06	1.98778e-05
213	69	55	127	143	29	718	0.0104637	4.55984	4.83651e-07	4.62216e-05
214	57	50	101	110	28	436	0.0542366	2.9144	1.59322e-06	2.93753e-05
215	71	58	117	124	33	386	0.0640994	2.74732	1.76331e-06	2.75089e-05
216	77	58	125	139	28	634	0.0164683	4.10632	6.83971e-07	4.15327e-05
217	75	58	93	108	18	1924	2.77954e-05	10.4906	3.01093e-09	0.000108325
218	74	58	116	135	29	455	0.0420751	3.1683	1.33782e-06	3.1796e-05
219	72	59	161	179	24	1355	0.000324048	8.03462	2.66042e-08	8.20996e-05
220	71	58	103	111	21	768	0.00991328	4.61388	4.66638e-07	4.7072e-05
221	65	47	123	141	23	1113	0.00141337	6.56178	9.48318e-08	6.70964e-05
222	69	55	68	72	19	241	0.186139	1.68126	3.14004e-06	1.68693e-05
223	67	53	143	157	28	982	0.00249327	5.99416	1.52187e-07	6.10391e-05
224	66	52	94	107	23	338	0.0911034	2.39576	2.18638e-06	2.39989e-05
225	65	49	122	136	28	654	0.0151542	4.18948	6.4293e-07	4.2426e-05
226	64	57	130	143	30	527	0.0277162	3.58574	9.9981e-07	3.60732e-05
227	63	48	123	136	28	847	0.00566312	5.17378	2.98337e-07	5.26807e-05
228	62	43	133	142	27	681	0.0127164	4.36486	5.62057e-07	4.41993e-05
229	61	48	125	137	31	560	0.0243223	3.71636	9.11794e-07	3.74879e-05
230	60	46	113	123	27	616	0.0199597	3.91404	7.91863e-07	3.96731e-05
231	59	42	91	99	19	371	0.0809584	2.51382	2.04831e-06	2.53007e-05
232	81	65	148	167	26	1157	0.000959153	6.94946	6.80057e-08	7.09019e-05
233	56	47	127	142	25	631	0.0164101	4.10986	6.81717e-07	4.15426e-05
234	54	43	83	92	21	325	0.106964	2.23526	2.40258e-06	2.24615e-05
235	52	41	110	122	26	458	0.044961	3.10196	1.40375e-06	3.12216e-05
236	68	54	116	131	25	887	0.00476537	5.34638	2.59826e-07	5.45238e-05
237	75	60	74	80	21	237	0.180667	1.7111	3.09092e-06	1.71084e-05
238	64	51	161	179	29	1130	0.00102085	6.88712	7.16071e-08	7.01446e-05
239	72	57	151	169	26	1051	0.00162635	6.42142	1.06335e-07	6.53826e-05
240	60	46	126	135	27	477	0.0376094	3.2805	1.23979e-06	3.2965e-05
241	74	59	137	148	25	872	0.00462333	5.37664	2.52833e-07	5.46864e-05
242	69	56	149	165	35	625	0.0146444	4.2237	6.22709e-07	4.25221e-05
243	74	49	177	193	36	1178	0.00073192	7.21984	5.37853e-08	7.34853e-05
244	58	45	82	92	19	370	0.0850292	2.46476	2.11319e-06	2.48525e-05
245	84	68	132	151	27	654	0.0137918	4.28368	5.96809e-07	4.32727e-05
246	57	45	115	127	28	508	0.033764	3.38836	1.1534e-06	3.41605e-05
247	70	54	113	121	31	317	0.0928676	2.37658	2.19849e-06	2.36734e-05
248	78	61	128	144	25	873	0.00471682	5.35662	2.57132e-07	5.45137e-05
249	69	55	145	158	29	802	0.00620475	5.08244	3.1974e-07	5.15315e-05
250	83	62	142	153	30	718	0.00982682	4.62264	4.59759e-07	4.67861e-05
251	80	63	174	188	28	848	0.0040646	5.50544	2.26273e-07	5.56691e-05
252	78	67	131	142	34	346	0.0702033	2.65636	1.85334e-06	2.63996e-05
253	76	56	161	175	30	730	0.00805067	4.822	3.9179e-07	4.86656e-05
254	74	61	143	163	28	1110	0.00124996	6.68464	8.52211e-08	6.81788e-05
255	78	63	143	159	35	862	0.00454049	5.39472	2.4871e-07	5.4776e-05
256	71	52	106	118	30	358	0.0767778	2.56684	1.97185e-06	2.56825e-05
257	70	52	119	129	31	555	0.0262361	3.64062	9.64718e-07	3.67707e-05
258	69	52	118	123	30	483	0.0393311	3.23574	1.28244e-06	3.26064e-05
259	68	50	86	94	23	258	0.148656	1.90612	2.82661e-06	1.90144e-05
260	67	50	206	237	37	1159	0.000611705	7.39926	4.58531e-08	7.49595e-05
261	65	48	119	130	30	520	0.0311669	3.4684	1.08983e-06	3.49675e-05
262	65	53	104	124	26	630	0.0184679	3.99172	7.4746e-07	4.04734e-05
263	64	51	122	139	24	974	0.00290791	5.84032	1.73306e-07	5.9598e-05
264	63	44	121	129	29	563	0.0251872	3.68142	9.36856e-07	3.71957e-05
265	62	52	117	132	26	887	0.00473554	5.35266	2.58467e-07	5.45802e-05
266	61	49	164	182	25	1223	0.000623439	7.38026	4.69171e-08	7.52554e-05
267	59	47	104	119	25	348	0.0802892	2.52212	2.0239e-06	2.52076e-05
268	58	48	133	149	30	444	0.0407573	3.20012	1.30431e-06	3.20018e-05
269	57	49	117	132	23	781	0.00813109	4.81206	3.98002e-07	4.89481e-05
270	55	45	126	134	22	706	0.011771	4.44212	5.30588e-07	4.5076e-05
271	68	61	200	218	36	1207	0.000539569	7.52474	4.12432e-08	7.64373e-05
272	68	60	111	124	25	754	0.00981229	4.62412	4.61785e-07	4.70619e-05
273	48	40	87	102	20	436	0.057031	2.86416	1.64955e-06	2.89237e-05
274	78	57	135	158	29	660	0.0128009	4.35824	5.63068e-07	4.39866e-05
275	72	57	188	203	35	994	0.00175684	6.34424	1.12918e-07	6.42733e-05
276	60	49	142	158	26	775	0.00712077	4.94474	3.56729e-07	5.0097e-05
277	62	49	91	103	26	303	0.111678	2.19214	2.44724e-06	2.19135e-05
278	64	46	94	114	18	650	0.017758	4.03092	7.27573e-07	4.09716e-05
279	78	65	147	166	41	686	0.0106619	4.54108	4.88524e-07	4.58197e-05
280	64	41	127	139	25	649	0.0152554	4.18282	6.45757e-07	4.23297e-05
281	53	37	110	117	22	946	0.00385124	5.55936	2.19014e-07	5.68684e-05
282	66	55	146	163	36	634	0.0141642	4.25704	6.07464e-07	4.28874e-05
283	51	36	62	70	14	278	0.156078	1.8574	2.92215e-06	1.87224e-05
284	73	52	110	118	22	582	0.0244961	3.70924	9.20671e-07	3.75843e-05
285	69	50	92	98	19	357	0.0874979	2.43614	2.14374e-06	2.45004e-05
286	57	47	127	144	24	889	0.00434721	5.43822	2.40679e-07	5.53639e-05
287	55	44	121	135	21	754	0.00915734	4.6932	4.36648e-07	4.76829e-05
288	63	49	100	116	23	572	0.0261037	3.64568	9.64272e-07	3.69401e-05
289	61	54	102	115	21	562	0.0276425	3.5884	1.00487e-06	3.63523e-05
290	74	60	162	175	31	710	0.00891518	4.72	4.24388e-07	4.76029e-05
291	73	60	169	187	35	916	0.00289156	5.84596	1.71255e-07	5.92257e-05
292	71	62	164	186	29	1390	0.000259415	8.25708	2.18828e-08	8.43544e-05
293	70	52	169	181	30	1321	0.000380593	7.87378	3.0602e-08	8.0406e-05
294	69	55	73	78	24	213	0.206772	1.57614	3.25051e-06	1.57203e-05
295	67	56	148	155	30	850	0.00494984	5.3084	2.66859e-07	5.39126e-05
296	67	47	102	111	21	546	0.0307557	3.48168	1.08495e-06	3.52764e-05
297	66	42	75	84	17	400	0.0767256	2.56752	1.99447e-06	2.59949e-05
298	65	56	122	136	26	670	0.0139667	4.27108	6.04424e-07	4.32761e-05
299	64	47	117	131	25	598	0.0208067	3.87248	8.14963e-07	3.91683e-05
300	63	49	87	97	26	287	0.125825	2.07286	2.60769e-06	2.07246e-05
301	62	50	130	144	26	516	0.0291319	3.53592	1.0355e-06	3.55452e-05
302	61	54	123	134	29	583	0.0220417	3.81482	8.495e-07	3.85406e-05
303	60	44	101	115	29	459	0.0467426	3.0631	1.44339e-06	3.08796e-05
304	58	46	140	153	31	732	0.00914965	4.69404	4.34883e-07	4.753e-05
305	57	40	107	117	27	354	0.0788538	2.54016	2.00395e-06	2.54135e-05
306	48	31	105	113	18	753	0.0105678	4.54994	4.9022e-07	4.63879e-05
307	53	41	120	132	23	747	0.00967065	4.63866	4.5589e-07	4.71416e-05
308	51	40	107	124	20	701	0.0128576	4.35382	5.68896e-07	4.42459e-05
309	65	49	117	124	28	374	0.0681448	2.68612	1.83114e-06	2.68713e-05
310	71	55	113	123	23	580	0.0239823	3.73044	9.05578e-07	3.77603e-05
311	72	56	105	117	26	473	0.0429783	3.14706	1.36398e-06	3.17364e-05
312	60	50	117	130	28	659	0.0153399	4.1773	6.49689e-07	4.2353e-05
313	66	51	93	102	27	406	0.0664597	2.71116	1.81633e-06	2.73297e-05
314	81	57	137	147	31	596	0.0190106	3.96276	7.59761e-07	3.99652e-05
315	75	55	100	111	26	323	0.0959066	2.34438	2.24687e-06	2.34277e-05
316	64	48	118	132	19	782	0.00808973	4.81716	3.96407e-07	4.90012e-05
317	85	62	144	160	33	666	0.0122602	4.4014	5.44576e-07	4.44183e-05
318	58	46	124	135	25	688	0.0128219	4.3566	5.66421e-07	4.41761e-05
319	72	53	99	111	23	525	0.0342325	3.37458	1.1694e-06	3.41606e-05
320	61	54	206	231	34	1312	0.000291089	8.14188	2.40877e-08	8.27502e-05
321	69	53	114	121	28	420	0.0549199	2.90188	1.6007e-06	2.91461e-05
322	57	45	86	91	28	184	0.220936	1.50988	3.29488e-06	1.49132e-05
323	68	56	146	156	34	753	0.00806695	4.81998	3.93789e-07	4.88151e-05
324	79	63	161	183	26	1302	0.000414085	7.78944	3.29236e-08	7.95093e-05
325	77	58	145	156	27	763	0.00766585	4.87098	3.78282e-07	4.93465e-05
326	75	64	150	169	31	646	0.0128306	4.35592	5.62799e-07	4.38637e-05
327	73	60	184	212	34	1585	8.15039e-05	9.41486	7.83929e-09	9.6183e-05
328	72	49	118	131	26	657	0.0154001	4.17338	6.51474e-07	4.23031e-05
329	67	56	102	112	27	345	0.085191	2.46286	2.10022e-06	2.46531e-05
330	69	53	125	139	31	603	0.019289	3.94822	7.69352e-07	3.98855e-05
331	68	55	132	146	27	772	0.0077965	4.85408	3.84057e-07	4.92602e-05
332	67	55	160	171	38	646	0.0126705	4.36848	5.57205e-07	4.39766e-05
333	66	57	174	192	27	1383	0.000258902	8.25906	2.18309e-08	8.43212e-05
334	65	44	82	91	23	273	0.140327	1.96378	2.75632e-06	1.96421e-05
335	58	42	82	92	25	295	0.124648	2.08226	2.60109e-06	2.08675e-05
336	63	53	117	126	28	470	0.0412427	3.18828	1.32327e-06	3.2085e-05
337	62	46	99	113	26	398	0.0646065	2.73944	1.77833e-06	2.75256e-05
338	61	46	115	135	24	649	0.0156435	4.1577	6.58652e-07	4.21039e-05
339	60	46	173	189	31	1226	0.000587567	7.43952	4.45434e-08	7.58099e-05
340	59	51	116	134	23	618	0.0184384	3.99332	7.44917e-07	4.04003e-05
341	57	42	85	99	24	349	0.0905711	2.40162	2.18564e-06	2.41318e-05
342	56	43	70	75	14	321	0.121469	2.1081	2.58598e-06	2.12893e-05
343	54	42	108	120	27	424	0.0541499	2.916	1.58671e-06	2.93022e-05
344	68	57	153	169	37	968	0.00248342	5.99812	1.5142e-07	6.09726e-05
345	55	45	140	150	27	776	0.00744956	4.8996	3.70232e-07	4.96985e-05
346	61	38	159	181	28	937	0.00269763	5.91538	1.61866e-07	6.00028e-05
347	72	58	124	140	33	433	0.0456159	3.0875	1.40996e-06	3.09093e-05
348	60	48	136	155	27	1095	0.00141886	6.5579	9.49648e-08	6.69302e-05
349	62	53	97	105	27	300	0.111984	2.1894	2.44875e-06	2.1867e-05
350	58	51	87	98	20	413	0.0657602	2.72174	1.80682e-06	2.74759e-05
351	59	45	158	181	30	1257	0.00052749	7.54738	4.06196e-08	7.70054e-05
352	64	56	140	153	27	556	0.0224506	3.79644	8.57129e-07	3.81785e-05
353	53	42	139	157	22	1004	0.00222865	6.10636	1.3864e-07	6.2208e-05
354	66	51	166	179	32	931	0.00281661	5.87222	1.67789e-07	5.95711e-05
355	51	37	92	103	22	456	0.0511783	2.97244	1.53754e-06	3.00428e-05
356	72	50	90	98	28	323	0.104065	2.26274	2.36164e-06	2.26939e-05
357	69	50	152	165	24	1219	0.000707976	7.2531	5.24492e-08	7.40832e-05
358	86	64	149	172	36	589	0.016839	4.08406	6.90472e-07	4.10044e-05
359	82	63	160	174	31	906	0.00330169	5.71332	1.91368e-07	5.79606e-05
360	79	70	182	205	38	1118	0.000921784	6.9892	6.54233e-08	7.09747e-05
361	77	61	123	141	36	431	0.045795	3.08358	1.41321e-06	3.08595e-05
362	75	57	150	171	33	960	0.00255455	5.96988	1.5496e-07	6.06604e-05
363	84	67	136	149	27	745	0.00878052	4.73522	4.2142e-07	4.79949e-05
364	72	61	144	159	31	620	0.0155994	4.16052	6.53894e-07	4.19178e-05
365	71	56	97	107	21	545	0.0316993	3.45146	1.1094e-06	3.49975e-05
366	70	49	79	89	18	625	0.0236021	3.74642	9.02357e-07	3.82321e-05
367	68	54	143	158	29	755	0.00788542	4.84274	3.86656e-07	4.90343e-05
368	67	57	121	143	25	643	0.0153393	4.17734	6.47879e-07	4.22367e-05
369	50	41	84	95	25	401	0.0712401	2.6417	1.8999e-06	2.66689e-05
370	65	52	110	125	28	394	0.0611516	2.7944	1.71166e-06	2.79904e-05
371	64	53	115	127	25	561	0.025767	3.65866	9.52776e-07	3.69766e-05
372	63	49	119	133	30	434	0.0474234	3.04864	1.44961e-06	3.05673e-05
373	62	45	99	104	26	436	0.0563192	2.87672	1.63532e-06	2.90366e-05
374	61	47	106	122	27	385	0.0652415	2.72966	1.78389e-06	2.73429e-05
375	60	40	82	84	18	256	0.159914	1.83312	2.93341e-06	1.83437e-05
376	59	49	94	111	22	352	0.0827211	2.49228	2.06543e-06	2.49686e-05
377	58	53	137	158	29	697	0.0105996	4.54694	4.87078e-07	4.59526e-05
378	56	44	78	91	27	231	0.173847	1.74958	3.02676e-06	1.74105e-05
379	66	52	116	132	30	447	0.0446608	3.10866	1.39349e-06	3.12016e-05
380	54	46	98	104	19	548	0.0318117	3.44792	1.11301e-06	3.49875e-05
381	50	38	52	57	17	142	0.338863	1.08216	3.64699e-06	1.07624e-05
382	74	60	89	103	26	322	0.101364	2.28904	2.32356e-06	2.2923e-05
383	72	61	75	93	28	179	0.223814	1.49694	3.3036e-06	1.47605e-05
384	60	50	171	188	31	1339	0.000332278	8.00954	2.71662e-08	8.17575e-05
385	66	53	116	123	25	634	0.018209	4.00584	7.39822e-07	4.06295e-05
386	77	57	125	135	27	513	0.0313012	3.4641	1.09171e-06	3.48778e-05
387	77	54	137	157	27	1096	0.00139403	6.57556	9.35339e-08	6.70963e-05
388	71	55	146	163	27	980	0.00242569	6.02164	1.48626e-07	6.12715e-05
389	85	68	223	245	33	1859	1.63792e-05	11.0195	1.84436e-09	0.000112604
390	67	51	138	154	30	756	0.00804488	4.82272	3.93086e-07	4.88616e-05
391	56	41	165	179	31	748	0.00716233	4.93892	3.57026e-07	4.98478e-05
392	62	49	101	113	23	364	0.0768392	2.56604	1.97623e-06	2.57191e-05
393	69	55	178	197	29	1518	0.000126034	8.97896	1.15669e-08	9.17764e-05
394	57	40	82	85	19	355	0.0959143	2.3443	2.26936e-06	2.36603e-05
395	70	50	156	167	31	1063	0.00154913	6.47006	1.02099e-07	6.59073e-05
396	73	57	118	136	25	593	0.0206843	3.87838	8.10512e-07	3.91849e-05
397	61	48	132	142	23	881	0.00458548	5.38486	2.51403e-07	5.48259e-05
398	76	56	99	114	20	543	0.030647	3.48522	1.08142e-06	3.52864e-05
399	74	54	150	166	33	719	0.00901036	4.70938	4.28651e-07	4.75731e-05
400	72	55	122	137	26	702	0.0117893	4.44056	5.30907e-07	4.50328e-05
401	71	58	173	182	34	798	0.00544662	5.21276	2.86894e-07	5.26738e-05
402	70	58	86	91	22	265	0.146171	1.92298	2.80897e-06	1.9217e-05
403	67	50	118	133	21	666	0.0145256	4.23184	6.23066e-07	4.28942e-05
404	68	52	127	150	33	802	0.00652444	5.0322	3.33268e-07	5.108e-05
405	67	50	149	160	25	745	0.00819444	4.8043	3.98379e-07	4.86158e-05
406	66	56	144	156	31	676	0.0119469	4.42728	5.34313e-07	4.47239e-05
407	65	53	129	143	29	468	0.0374466	3.28484	1.23343e-06	3.29383e-05
408	64	45	100	110	25	284	0.117749	2.1392	2.50794e-06	2.12991e-05
409	75	57	161	180	26	1791	3.48485e-05	10.2645	3.67032e-09	0.000105322
410	62	54	135	147	33	589	0.0197015	3.92706	7.80047e-07	3.95933e-05
411	60	46	110	118	21	654	0.0169678	4.07644	7.02634e-07	4.14099e-05
412	59	44	114	131	26	544	0.0274036	3.59708	9.94727e-07	3.62991e-05
413	58	47	136	143	30	892	0.00430818	5.44724	2.38961e-07	5.54668e-05
414	66	56	95	107	26	274	0.126267	2.06936	2.60089e-06	2.05984e-05
415	55	37	102	112	19	687	0.0148901	4.20706	6.37662e-07	4.28246e-05
416	53	36	53	56	16	107	0.407636	0.89738	3.60608e-06	8.84632e-06
417	55	43	111	119	26	580	0.0245923	3.70532	9.23062e-07	3.75345e-05
418	77	65	157	172	31	841	0.00465758	5.36926	2.53344e-07	5.4394e-05
419	72	56	172	186	31	1331	0.000350489	7.95618	2.84666e-08	8.12195e-05
420	60	49	101	111	19	548	0.0304436	3.49188	1.07718e-06	3.53827e-05
421	51	37	81	86	25	210	0.199672	1.61108	3.19724e-06	1.60125e-05
422	66	50	137	150	30	653	0.0139497	4.2723	6.02111e-07	4.31631e-05
423	53	43	73	76	23	215	0.20726	1.57378	3.25682e-06	1.57137e-05
424	52	37	121	133	25	603	0.0200297	3.91054	7.92111e-07	3.95469e-05
425	65	51	125	136	29	537	0.0275217	3.59278	9.96545e-07	3.62094e-05
426	66	49	108	123	24	640	0.0176602	4.03644	7.23156e-07	4.09483e-05
427	51	43	116	135	23	991	0.00273424	5.9019	1.64808e-07	6.02754e-05
428	59	39	113	128	25	629	0.0181019	4.01174	7.3577e-07	4.06461e-05
429	69	60	174	188	31	1075	0.00127713	6.66314	8.65004e-08	6.77303e-05
430	57	48	104	121	25	712	0.0123873	4.39108	5.53231e-07	4.4661e-05
431	64	53	155	163	36	642	0.0135979	4.29784	5.88959e-07	4.33125e-05
432	81	54	110	121	26	622	0.0196029	3.93208	7.81742e-07	3.9879e-05
433	78	59	116	142	26	683	0.0125874	4.37506	5.57691e-07	4.43055e-05
434	76	55	156	175	33	851	0.00434339	5.4391	2.39298e-07	5.50947e-05
435	74	52	109	120	28	387	0.0653956	2.7273	1.78767e-06	2.73363e-05
436	73	66	176	183	35	1027	0.0016834	6.38694	1.09249e-07	6.48977e-05
437	71	57	147	168	27	730	0.00841247	4.77804	4.06074e-07	4.82704e-05
438	70	57	151	173	28	1141	0.00100222	6.90554	7.05465e-08	7.03904e-05
439	69	60	87	95	26	282	0.130707	2.0348	2.65937e-06	2.03461e-05
440	68	49	123	135	20	724	0.0106713	4.5402	4.91827e-07	4.60889e-05
441	67	54	136	148	33	516	0.0284093	3.56104	1.01623e-06	3.5771e-05
442	66	43	68	75	18	175	0.255764	1.3635	3.46097e-06	1.35319e-05
443	59	46	119	131	25	1057	0.00200246	6.21338	1.27269e-07	6.35564e-05
444	64	54	140	152	30	720	0.00978837	4.62656	4.58448e-07	4.68359e-05
445	63	48	84	90	31	169	0.240004	1.4271	3.37441e-06	1.40598e-05
446	62	51	165	184	29	1089	0.00121937	6.70942	8.32201e-08	6.82484e-05
447	61	50	177	201	32	1013	0.00161474	6.42858	1.05233e-07	6.51699e-05
448	60	53	111	123	26	557	0.026967	3.61314	9.85328e-07	3.65382e-05
449	58	49	92	108	18	474	0.045246	3.09564	1.41536e-06	3.12815e-05
450	57	47	130	146	26	1272	0.000608764	7.40408	4.61606e-08	7.58268e-05
451	55	38	89	102	19	552	0.0315633	3.45576	1.10747e-06	3.50872e-05
452	53	36	122	132	25	823	0.00656331	5.02626	3.35908e-07	5.11797e-05
453	69	48	113	129	26	549	0.0270513	3.61002	9.86071e-07	3.64519e-05
454	59	48	154	172	27	1146	0.000983139	6.92476	6.94093e-08	7.05996e-05
455	45	35	48	57	16	107	0.405084	0.90366	3.60637e-06	8.90277e-06
456	60	46	68	72	20	178	0.256671	1.35996	3.47069e-06	1.35219e-05
457	66	51	183	204	34	1265	0.000438294	7.73262	3.45064e-08	7.87288e-05
458	77	63	118	127	32	406	0.0568033	2.86816	1.63258e-06	2.87409e-05
459	77	59	132	143	28	888	0.00439697	5.42684	2.42951e-07	5.52543e-05
460	63	51	92	97	23	332	0.100023	2.30236	2.31208e-06	2.31156e-05
461	85	66	120	134	25	827	0.00635051	5.05922	3.27084e-07	5.15051e-05
462	84	61	127	144	25	1192	0.000927034	6.98352	6.62489e-08	7.14632e-05
463	60	53	99	116	28	453	0.0478933	3.03878	1.46636e-06	3.06173e-05
464	71	60	158	173	33	655	0.011951	4.42694	5.32629e-07	4.45677e-05
465	69	56	162	184	33	864	0.00384139	5.56192	2.16245e-07	5.62934e-05
466	57	43	160	172	28	916	0.00317718	5.75176	1.85481e-07	5.8379e-05
467	85	67	177	195	30	1417	0.000213623	8.4513	1.8435e-08	8.6297e-05
468	81	67	213	237	34	1223	0.000441355	7.72566	3.45846e-08	7.836e-05
469	79	68	115	131	26	648	0.0161235	4.12748	6.74363e-07	4.18249e-05
470	76	67	164	182	30	926	0.00283543	5.86556	1.68637e-07	5.94748e-05
471	79	61	104	110	29	273	0.124544	2.0831	2.57987e-06	2.07146e-05
472	73	53	157	179	35	893	0.00341896	5.67842	1.96768e-07	5.75521e-05
473	72	57	118	130	28	675	0.0141378	4.2589	6.10799e-07	4.32031e-05
474	70	56	111	124	26	472	0.0413402	3.18592	1.32613e-06	3.20784e-05
475	69	58	118	126	29	394	0.0607687	2.80068	1.70437e-06	2.80469e-05
476	68	53	104	116	23	637	0.0187384	3.97718	7.56915e-07	4.03938e-05
477	69	49	70	76	20	240	0.18245	1.70128	3.10931e-06	1.7042e-05
478	66	56	132	154	27	727	0.0093272	4.67482	4.4137e-07	4.73208e-05
479	65	49	94	107	27	397	0.0674304	2.69666	1.82964e-06	2.71338e-05
480	64	49	118	131	25	677	0.0139068	4.27538	6.03078e-07	4.33658e-05
481	63	43	130	145	28	893	0.00423276	5.4649	2.35481e-07	5.56328e-05
482	62	42	141	154	25	900	0.00385988	5.55712	2.18132e-07	5.65128e-05
483	66	43	73	81	19	265	0.155645	1.86018	2.90317e-06	1.86526e-05
484	60	48	90	100	18	408	0.0666167	2.7088	1.82018e-06	2.73231e-05
485	59	41	110	119	27	421	0.0553311	2.89442	1.60938e-06	2.90863e-05
486	57	36	95	107	21	479	0.0443847	3.11486	1.39771e-06	3.14907e-05
487	56	49	76	86	20	358	0.0938667	2.36588	2.24118e-06	2.38762e-05
488	68	49	159	176	29	1008	0.00193804	6.24608	1.23052e-07	6.3493e-05
489	52	43	153	167	24	769	0.00693857	4.97066	3.48914e-07	5.02862e-05
490	49	39	113	127	25	758	0.00943471	4.66336	4.47619e-07	4.74438e-05
491	72	57	162	188	32	993	0.00194025	6.24494	1.2296e-07	6.33734e-05
492	60	44	95	107	22	485	0.0430471	3.14546	1.36931e-06	3.18095e-05
493	67	51	144	165	25	825	0.00528068	5.2437	2.80662e-07	5.31487e-05
494	68	55	116	136	30	602	0.0197564	3.92428	7.83598e-07	3.96631e-05
495	63	50	99	108	26	398	0.0666673	2.70804	1.81624e-06	2.72434e-05
496	77	61	142	153	28	993	0.00241721	6.02514	1.48411e-07	6.13978e-05
497	68	44	107	123	22	386	0.0645032	2.74104	1.77077e-06	2.74525e-05
498	66	54	152	173	24	1090	0.00129994	6.64544	8.79805e-08	6.76806e-05
499	52	46	132	141	27	604	0.0189514	3.96588	7.59031e-07	4.00516e-05
500	70	50	91	105	29	252	0.143044	1.9446	2.76313e-06	1.93166e-05
501	69	49	133	157	29	937	0.00313646	5.76466	1.83947e-07	5.86481e-05
502	57	44	107	120	20	588	0.0234614	3.7524	8.91908e-07	3.8016e-05
503	64	56	125	136	27	843	0.00577984	5.15338	3.03257e-07	5.24682e-05
504	52	42	50	59	16	213	0.232976	1.45682	3.41258e-06	1.46478e-05
505	61	50	114	125	24	503	0.0350738	3.3503	1.18486e-06	3.37819e-05
506	77	59	196	214	39	1006	0.00154224	6.47452	1.01066e-07	6.55318e-05
507	75	61	154	162	23	936	0.00305505	5.79096	1.79873e-07	5.88772e-05
508	73	59	106	114	29	280	0.117195	2.14392	2.49769e-06	2.13123e-05
509	72	55	116	129	36	583	0.0227448	3.78342	8.70178e-07	3.82584e-05
510	71	55	154	165	29	799	0.00602945	5.1111	3.12128e-07	5.17673e-05
511	67	51	117	130	25	586	0.0222592	3.805	8.56406e-07	3.84742e-05
512	68	57	129	151	25	830	0.00562081	5.18128	2.9579e-07	5.26241e-05
513	67	52	131	146	28	631	0.016003	4.13498	6.68419e-07	4.17684e-05
514	66	55	110	120	28	639	0.0180881	4.0125	7.36654e-07	4.07258e-05
515	65	51	136	158	25	759	0.00772619	4.86314	3.8049e-07	4.92468e-05
516	64	51	126	131	28	447	0.0449421	3.10238	1.39973e-06	3.11452e-05
517	75	67	144	158	28	871	0.00436411	5.43434	2.40889e-07	5.51977e-05
518	62	52	86	104	24	333	0.0952338	2.35142	2.24408e-06	2.35639e-05
519	61	46	96	106	22	397	0.0678551	2.69038	1.83734e-06	2.70773e-05
520	60	44	136	149	27	857	0.00495965	5.30642	2.67553e-07	5.39458e-05
521	59	50	114	129	19	1210	0.000929262	6.98112	6.651e-08	7.15729e-05
522	58	45	86	97	23	306	0.114205	2.16976	2.48215e-06	2.17342e-05
523	63	48	145	161	28	909	0.00352816	5.64698	2.02467e-07	5.73861e-05
524	54	44	96	102	27	318	0.104105	2.26236	2.35838e-06	2.2654e-05
525	52	37	85	95	23	267	0.141098	1.9583	2.75834e-06	1.95491e-05
526	76	57	191	210	31	1510	0.00012099	9.0198	1.11414e-08	9.20851e-05
527	72	53	90	101	25	282	0.125873	2.07248	2.60366e-06	2.06848e-05
528	60	47	70	79	24	165	0.26247	1.33762	3.47151e-06	1.32263e-05
529	61	47	152	168	30	1073	0.00146289	6.52734	9.72752e-08	6.64951e-05
530	77	63	142	156	28	690	0.0111237	4.49868	5.05768e-07	4.54677e-05
531	63	42	113	126	22	527	0.0308389	3.47898	1.08286e-06	3.51136e-05
532	59	48	168	178	30	845	0.00439477	5.42734	2.41472e-07	5.49452e-05
533	54	41	85	91	19	279	0.136098	1.99438	2.71664e-06	1.99609e-05
534	81	62	172	186	37	820	0.00474777	5.35008	2.56705e-07	5.40685e-05
535	69	59	152	165	30	635	0.0139162	4.2747	5.99141e-07	4.30534e-05
536	68	53	111	125	26	389	0.062731	2.7689	1.7392e-06	2.77248e-05
537	69	53	155	173	33	715	0.00880056	4.73294	4.20277e-07	4.77557e-05
538	57	38	109	117	24	505	0.0365067	3.31026	1.22066e-06	3.34366e-05
539	65	53	189	211	32	1438	0.000173579	8.65888	1.53298e-08	8.8316e-05
540	73	60	125	136	30	407	0.0534088	2.92978	1.56499e-06	2.93021e-05
541	80	54	118	133	23	683	0.0133193	4.31854	5.83353e-07	4.37975e-05
542	77	57	165	178	36	652	0.0117601	4.44304	5.25566e-07	4.46905e-05
543	75	52	82	94	16	442	0.0581622	2.84452	1.67454e-06	2.87909e-05
544	74	56	156	172	28	911	0.00325924	5.72626	1.89406e-07	5.81133e-05
545	72	52	93	106	23	395	0.0685508	2.68018	1.84889e-06	2.69711e-05
546	71	55	151	171	27	1186	0.000806763	7.12248	5.86263e-08	7.26685e-05
547	70	55	125	138	30	593	0.0204261	3.89094	8.02701e-07	3.92978e-05
548	69	55	155	171	31	1084	0.00135727	6.60228	9.12749e-08	6.72489e-05
549	68	55	197	220	39	834	0.00357068	5.635	2.0257e-07	5.67316e-05
550	67	54	125	136	26	663	0.0144743	4.23538	6.21008e-07	4.29042e-05
551	59	48	148	167	29	812	0.00557223	5.18996	2.92937e-07	5.25709e-05
552	65	57	144	166	31	852	0.00457257	5.38768	2.49844e-07	5.46398e-05
553	64	51	119	136	20	795	0.00738296	4.90858	3.68541e-07	4.99178e-05
554	63	50	123	135	26	596	0.0204986	3.8874	8.05344e-07	3.92878e-05
555	62	53	159	175	27	1002	0.00201085	6.2092	1.2692e-07	6.31178e-05
556	60	50	115	125	28	445	0.0471463	3.0545	1.4474e-06	3.07002e-05
557	65	44	84	93	20	431	0.0619059	2.78214	1.74265e-06	2.815e-05
558	58	44	105	115	27	485	0.0409379	3.1957	1.3207e-06	3.22611e-05
559	56	47	129	142	25	740	0.00941209	4.66576	4.45513e-07	4.73341e-05
560	55	44	95	115	21	527	0.0330445	3.4099	1.13979e-06	3.44927e-05
561	56	42	65	69	23	149	0.303243	1.19322	3.58183e-06	1.18117e-05
562	56	44	180	192	24	1895	1.90154e-05	10.8703	2.1207e-09	0.000111525
563	47	40	74	82	21	192	0.224437	1.49416	3.32846e-06	1.48303e-05
564	60	49	101	104	20	466	0.0483292	3.02972	1.48035e-06	3.06306e-05
565	64	51	122	137	22	702	0.0117893	4.44056	5.30907e-07	4.50328e-05
566	72	57	119	142	31	503	0.0315223	3.45706	1.09513e-06	3.47416e-05
567	63	49	126	137	27	419	0.0499237	2.99726	1.49752e-06	2.99961e-05
568	61	51	120	128	29	510	0.0332121	3.40484	1.13995e-06	3.43232e-05
569	68	53	104	109	29	465	0.0470747	3.05602	1.45271e-06	3.08597e-05
570	66	51	139	151	28	787	0.00699906	4.96198	3.52328e-07	5.03394e-05
571	52	42	83	90	24	254	0.155579	1.8606	2.89006e-06	1.85761e-05
572	69	52	115	124	24	484	0.038886	3.24712	1.27219e-06	3.2716e-05
573	69	52	173	190	34	836	0.00426719	5.4568	2.35312e-07	5.51444e-05
574	57	48	123	136	32	461	0.0405516	3.20518	1.3046e-06	3.21713e-05
575	65	48	83	95	22	352	0.0914649	2.3918	2.20114e-06	2.40654e-05
576	66	51	129	141	29	515	0.0298378	3.51198	1.05395e-06	3.53227e-05
577	80	65	168	180	29	1018	0.00179599	6.3222	1.15393e-07	6.42502e-05
578	66	53	213	241	30	1682	4.14228e-05	10.0917	4.26546e-09	0.000102974
579	61	46	101	110	26	411	0.0616119	2.7869	1.72803e-06	2.8047e-05
580	74	54	119	132	35	389	0.0600331	2.81286	1.68812e-06	2.81199e-05
581	73	59	149	161	26	937	0.00305866	5.78978	1.80075e-07	5.88739e-05
582	71	55	144	154	25	672	0.0123473	4.39432	5.482e-07	4.43984e-05
583	70	54	109	116	28	349	0.0814	2.50838	2.04244e-06	2.50914e-05
584	69	50	105	116	28	378	0.0702089	2.65628	1.86982e-06	2.66323e-05
585	68	55	63	65	22	145	0.317366	1.1477	3.60953e-06	1.13734e-05
586	67	55	84	94	21	446	0.0569877	2.86492	1.65284e-06	2.90035e-05
587	66	49	104	110	25	365	0.0779023	2.5523	1.99452e-06	2.56029e-05
588	65	50	111	118	28	434	0.0521078	2.95444	1.54868e-06	2.97206e-05
589	64	53	163	173	33	683	0.0103607	4.56974	4.77164e-07	4.60554e-05
590	63	46	72	80	21	184	0.236738	1.4408	3.38354e-06	1.42923e-05
591	64	49	110	121	23	458	0.0452442	3.09568	1.41004e-06	3.11652e-05
592	61	44	134	149	28	645	0.0146221	4.22522	6.24095e-07	4.26816e-05
593	59	44	143	154	28	758	0.00796323	4.83292	3.89943e-07	4.89679e-05
594	58	47	104	112	26	468	0.0454947	3.09016	1.41891e-06	3.11885e-05
595	57	43	80	90	21	367	0.0874315	2.4369	2.14908e-06	2.45802e-05
596	54	35	117	126	28	543	0.0284223	3.56058	1.02217e-06	3.59637e-05
597	62	48	91	100	21	375	0.078827	2.5405	2.01558e-06	2.55697e-05
598	51	42	75	79	20	230	0.188413	1.66912	3.14272e-06	1.668e-05
599	72	60	140	148	27	838	0.00549872	5.20324	2.90772e-07	5.28799e-05
600	60	45	84	96	19	447	0.0559901	2.88258	1.6332e-06	2.91695e-05
601	80	66	169	186	29	1166	0.000813081	7.11468	5.89098e-08	7.24526e-05
602	77	61	155	169	37	777	0.00657803	5.02402	3.34323e-07	5.08241e-05
603	63	46	80	86	13	633	0.0230894	3.76838	8.88662e-07	3.84878e-05
604	74	62	152	171	26	1058	0.00154972	6.46968	1.02076e-07	6.58675e-05
605	68	52	146	165	27	1034	0.00181876	6.3096	1.16862e-07	6.42536e-05
606	63	45	76	81	20	218	0.197804	1.62048	3.19558e-06	1.61553e-05
607	66	48	136	150	29	618	0.0166757	4.0938	6.88766e-07	4.13035e-05
608	58	46	79	88	14	340	0.101607	2.28664	2.34029e-06	2.30327e-05
609	69	56	80	87	23	241	0.169406	1.77546	3.0012e-06	1.7716e-05
610	57	45	104	114	26	552	0.0292721	3.53112	1.0469e-06	3.57646e-05
611	60	50	72	75	25	216	0.207505	1.5726	3.25997e-06	1.57103e-05
612	73	58	172	193	32	1108	0.00104594	6.86284	7.2971e-08	6.9766e-05
613	61	51	111	123	27	506	0.0349779	3.35304	1.18325e-06	3.38285e-05
614	56	49	98	116	25	474	0.043029	3.14588	1.36544e-06	3.17331e-05
615	76	65	174	185	27	999	0.00191756	6.2567	1.21809e-07	6.35229e-05
616	75	59	159	178	25	1061	0.00146055	6.52894	9.70129e-08	6.6422e-05
617	73	57	131	142	26	724	0.0102123	4.58416	4.7471e-07	4.6484e-05
618	72	58	158	181	30	953	0.00248625	5.99698	1.51296e-07	6.0853e-05
619	70	55	125	135	26	487	0.0357395	3.3315	1.19714e-06	3.34963e-05
620	69	51	119	132	24	721	0.0110419	4.50606	5.05278e-07	4.57601e-05
621	68	59	163	178	25	909	0.0031709	5.75374	1.85009e-07	5.83458e-05
622	67	47	93	105	22	406	0.0652193	2.73	1.79347e-06	2.74991e-05
623	66	55	125	140	29	545	0.025766	3.6587	9.49741e-07	3.68603e-05
624	65	48	105	117	25	494	0.0386132	3.25416	1.26853e-06	3.28522e-05
625	75	54	139	164	30	685	0.0108518	4.52342	4.95426e-07	4.56536e-05
626	63	52	116	132	23	1125	0.00140677	6.56646	9.45713e-08	6.72259e-05
627	62	48	146	158	31	914	0.00350474	5.65364	2.01461e-07	5.74825e-05
628	61	44	113	131	23	689	0.0130812	4.33658	5.75617e-07	4.40034e-05
629	60	52	141	157	30	989	0.00240583	6.02986	1.47744e-07	6.1411e-05
630	58	46	138	153	26	838	0.00532874	5.23464	2.83287e-07	5.31621e-05
631	74	53	217	236	25	2757	1.77769e-07	15.5428	2.84093e-11	0.00015981
632	56	43	49	54	13	178	0.287389	1.24692	3.59405e-06	1.25059e-05
633	54	44	116	124	27	861	0.00568559	5.16982	2.99899e-07	5.27472e-05
634	52	36	162	186	26	1043	0.00152253	6.48738	1.00361e-07	6.59172e-05
635	72	58	119	134	31	506	0.0326432	3.42212	1.12454e-06	3.44494e-05
636	60	46	158	181	26	1318	0.000386461	7.85848	3.10122e-08	8.02466e-05
637	41	31	122	130	23	831	0.00638056	5.0545	3.28547e-07	5.14919e-05
638	85	59	148	162	32	866	0.00436577	5.43396	2.40807e-07	5.51579e-05
639	63	52	137	145	33	502	0.0310921	3.4708	1.0838e-06	3.48578e-05
640	57	45	128	140	27	612	0.0183083	4.0004	7.40025e-07	4.04202e-05
641	50	37	81	86	21	359	0.0933892	2.37098	2.23474e-06	2.39293e-05
642	61	48	147	167	29	744	0.00788211	4.84316	3.85891e-07	4.89578e-05
643	52	45	162	189	31	948	0.00242549	6.02172	1.48049e-07	6.10389e-05
644	51	40	82	89	23	245	0.163913	1.80842	2.95723e-06	1.80415e-05
645	69	56	107	121	21	666	0.0156626	4.15648	6.61226e-07	4.22169e-05
646	57	47	114	125	25	741	0.0104193	4.5641	4.83741e-07	4.64277e-05
647	62	46	127	135	27	561	0.0245045	3.7089	9.17157e-07	3.74282e-05
648	73	59	168	192	31	1059	0.00135134	6.60666	9.06829e-08	6.7106e-05
649	82	65	123	135	27	692	0.012563	4.377	5.57654e-07	4.43886e-05
650	79	64	119	129	28	541	0.0281778	3.56922	1.01516e-06	3.60268e-05
651	77	64	189	209	31	1412	0.000200696	8.51372	1.74247e-08	8.68216e-05
652	75	63	169	193	28	1119	0.000988878	6.91894	6.9568e-08	7.03504e-05
653	73	56	132	152	27	650	0.0139879	4.26956	6.03112e-07	4.31166e-05
654	66	55	116	128	30	600	0.0209873	3.86384	8.20711e-07	3.91052e-05
655	71	58	116	128	28	446	0.046031	3.07844	1.4234e-06	3.09227e-05
656	69	52	113	126	28	641	0.0172425	4.06038	7.09886e-07	4.11708e-05
657	68	59	112	132	20	629	0.0176528	4.03686	7.21504e-07	4.08719e-05
658	67	56	176	194	31	1126	0.000948224	6.96092	6.71142e-08	7.07788e-05
659	66	52	105	115	24	793	0.00851011	4.7665	4.13814e-07	4.86261e-05
660	65	49	103	114	21	419	0.0576814	2.85282	1.65533e-06	2.86978e-05
661	64	52	151	169	22	1342	0.000368703	7.90552	2.98075e-08	8.08444e-05
662	63	51	132	144	27	756	0.00856629	4.75992	4.13728e-07	4.82972e-05
663	62	47	142	155	26	906	0.00372012	5.594	2.1163e-07	5.68881e-05
664	61	42	109	121	26	574	0.02504	3.68728	9.34709e-07	3.73286e-05
665	65	51	136	147	27	527	0.0270286	3.61086	9.81111e-07	3.6299e-05
666	59	46	127	136	22	743	0.00962511	4.64338	4.53871e-07	4.71548e-05
667	57	49	133	143	22	735	0.00959474	4.64654	4.52151e-07	4.71249e-05
668	56	44	144	160	25	1030	0.00191546	6.2578	1.22127e-07	6.37588e-05
669	54	40	120	130	28	653	0.0158165	4.1467	6.64834e-07	4.20342e-05
670	66	53	143	160	29	949	0.0028952	5.8447	1.72134e-07	5.9455e-05
671	72	56	164	174	37	694	0.0097341	4.63212	4.54547e-07	4.66963e-05
672	60	47	96	103	20	350	0.087875	2.43184	2.14509e-06	2.44107e-05
673	42	31	106	117	25	420	0.0563169	2.87676	1.6287e-06	2.89203e-05
674	77	58	119	133	28	631	0.0173643	4.05334	7.12536e-07	4.10346e-05
675	63	48	118	129	20	648	0.0163272	4.11492	6.81043e-07	4.17121e-05
676	69	53	119	131	29	590	0.0216732	3.83168	8.39689e-07	3.87432e-05
677	66	49	88	101	27	467	0.0489978	3.01598	1.49514e-06	3.05144e-05
678	74	59	182	202	33	1485	0.000144525	8.84206	1.30513e-08	9.03052e-05
679	81	61	131	142	25	606	0.0186416	3.98236	7.49658e-07	4.02143e-05
680	66	53	112	121	33	415	0.0563383	2.87638	1.62708e-06	2.88804e-05
681	70	54	133	142	24	659	0.0142263	4.25266	6.12164e-07	4.30303e-05
682	57	48	111	125	25	854	0.00585535	5.1404	3.07006e-07	5.24317e-05
683	75	58	86	92	22	270	0.141598	1.95476	2.76671e-06	1.95391e-05
684	73	62	160	171	27	793	0.00598691	5.11818	3.10045e-07	5.17872e-05
685	61	49	131	142	26	714	0.0107467	4.53316	4.93838e-07	4.59527e-05
686	66	55	153	177	28	1064	0.00144744	6.53796	9.62908e-08	6.6525e-05
687	79	62	151	166	31	1091	0.00135145	6.60658	9.10045e-08	6.73386e-05
688	64	54	89	100	22	313	0.108143	2.2243	2.40894e-06	2.22755e-05
689	74	56	76	83	16	283	0.14022	1.96454	2.7654e-06	1.97218e-05
690	72	58	160	183	29	898	0.0032502	5.72904	1.88653e-07	5.80435e-05
691	71	60	202	227	38	1435	0.000159405	8.74406	1.41966e-08	8.90597e-05
692	70	54	186	205	34	1137	0.000836654	7.0861	6.02259e-08	7.19842e-05
693	69	54	168	185	29	886	0.00341219	5.6804	1.96265e-07	5.75188e-05
694	68	55	123	139	26	582	0.0214695	3.84112	8.32369e-07	3.87697e-05
695	67	60	139	150	26	667	0.0129884	4.3437	5.70281e-07	4.3907e-05
696	66	55	121	133	27	587	0.0217326	3.82894	8.40982e-07	3.86967e-05
697	65	50	132	143	24	684	0.012445	4.38644	5.52744e-07	4.44151e-05
698	64	51	137	147	29	493	0.0321462	3.43746	1.1088e-06	3.44925e-05
699	63	53	113	119	26	409	0.0588231	2.83322	1.67344e-06	2.84487e-05
700	61	44	106	114	23	449	0.0494981	3.00582	1.49939e-06	3.02918e-05
701	60	53	107	117	28	368	0.0734199	2.61156	1.92047e-06	2.61574e-05
702	59	44	128	139	29	852	0.0054175	5.21812	2.87755e-07	5.31157e-05
703	58	44	98	113	20	422	0.0571635	2.86184	1.64635e-06	2.88008e-05
704	68	49	102	114	24	452	0.0487466	3.02112	1.48439e-06	3.04512e-05
705	56	46	109	122	23	452	0.0463581	3.07136	1.43259e-06	3.09028e-05
706	53	38	98	109	25	357	0.0816576	2.50522	2.05135e-06	2.51213e-05
707	50	36	105	119	29	390	0.0648084	2.73632	1.77829e-06	2.74392e-05
708	60	49	147	161	33	1024	0.00196261	6.23348	1.24619e-07	6.34965e-05
709	75	59	209	237	29	1573	7.40581e-05	9.51066	7.18043e-09	9.69566e-05
710	64	54	86	96	16	509	0.040812	3.19878	1.32491e-06	3.24638e-05
711	63	55	108	113	23	846	0.00657658	5.02424	3.37571e-07	5.13293e-05
712	56	44	156	167	29	766	0.00704554	4.95536	3.5317e-07	5.01268e-05
713	58	45	84	95	23	386	0.0769038	2.5652	1.98965e-06	2.58719e-05
714	66	50	93	98	22	372	0.081054	2.51264	2.05046e-06	2.52974e-05
715	52	40	78	86	18	367	0.0896556	2.41178	2.18351e-06	2.43544e-05
716	67	53	163	177	26	1074	0.00137547	6.58896	9.22339e-08	6.70563e-05
717	70	51	119	132	28	435	0.0474794	3.04746	1.45116e-06	3.0564e-05
718	57	48	126	140	28	598	0.0196633	3.929	7.80168e-07	3.96763e-05
719	66	54	119	130	29	476	0.0390076	3.244	1.2728e-06	3.26296e-05
720	69	50	87	97	20	445	0.05621	2.87866	1.63682e-06	2.91197e-05
721	61	48	148	166	28	984	0.00233235	6.06088	1.43797e-07	6.16534e-05
722	52	44	85	91	23	302	0.121034	2.11168	2.56387e-06	2.1183e-05
723	78	59	159	175	35	743	0.00753422	4.8883	3.71861e-07	4.93563e-05
724	76	61	164	186	35	1105	0.00110979	6.80358	7.68105e-08	6.92114e-05
725	74	60	155	167	32	794	0.00610797	5.09816	3.1526e-07	5.16145e-05
726	73	61	213	237	31	1520	9.70426e-05	9.24036	9.13565e-09	9.41405e-05
727	71	60	161	178	29	1023	0.0017729	6.33514	1.1418e-07	6.44029e-05
728	54	47	89	101	19	423	0.0613242	2.79158	1.72791e-06	2.81766e-05
729	69	49	103	116	26	371	0.0727606	2.62058	1.91072e-06	2.62603e-05
730	68	56	105	109	24	386	0.0704311	2.65312	1.87785e-06	2.66622e-05
731	67	53	113	126	26	797	0.0077817	4.85598	3.8488e-07	4.94596e-05
732	66	54	124	138	28	566	0.0234417	3.75324	8.87576e-07	3.78632e-05
733	65	50	79	91	25	242	0.164363	1.80568	2.9577e-06	1.7995e-05
734	64	51	169	200	26	1305	0.000366504	7.9115	2.95506e-08	8.06283e-05
735	63	51	151	159	29	770	0.00725895	4.92552	3.62133e-07	4.98877e-05
736	62	50	118	130	31	523	0.0306936	3.4837	1.07817e-06	3.51269e-05
737	61	51	110	124	29	348	0.0778073	2.55352	1.9833e-06	2.54899e-05
738	59	47	79	86	22	252	0.161173	1.82528	2.94044e-06	1.82441e-05
739	71	60	177	197	31	1653	6.33105e-05	9.66746	6.26453e-09	9.89494e-05
740	57	46	153	173	32	925	0.00301565	5.80394	1.77663e-07	5.89136e-05
741	55	46	137	153	22	1102	0.00138641	6.58104	9.31517e-08	6.71893e-05
742	53	38	88	102	19	427	0.0597097	2.81826	1.69848e-06	2.84455e-05
743	72	58	137	155	33	782	0.00700172	4.9616	3.52183e-07	5.02995e-05
744	60	49	133	144	27	578	0.0212347	3.85212	8.24743e-07	3.88394e-05
745	71	53	128	135	29	697	0.0122467	4.4025	5.46867e-07	4.46543e-05
746	77	67	163	176	34	1046	0.0015966	6.43988	1.04597e-07	6.55121e-05
747	63	51	97	106	25	414	0.0622199	2.77708	1.74095e-06	2.79806e-05
748	62	51	173	188	31	1141	0.000912119	6.99974	6.49767e-08	7.12371e-05
749	69	59	215	242	34	2046	6.43113e-06	11.9544	7.86983e-10	0.000122371
750	59	46	85	88	16	509	0.0429147	3.14854	1.37379e-06	3.20122e-05
751	63	40	112	123	24	618	0.0197571	3.92424	7.85927e-07	3.97794e-05
752	81	64	152	173	24	1099	0.00124162	6.69134	8.46272e-08	6.81588e-05
753	70	62	130	139	28	529	0.0281328	3.57082	1.01148e-06	3.59537e-05
754	57	44	118	130	19	714	0.0115878	4.4578	5.24642e-07	4.52753e-05
755	60	40	94	101	22	377	0.0775386	2.55698	1.99525e-06	2.57324e-05
756	74	55	83	95	24	236	0.165266	1.8002	2.95858e-06	1.7902e-05
757	84	64	186	207	33	1305	0.000350742	7.95546	2.84183e-08	8.10235e-05
758	81	66	96	106	25	305	0.108481	2.22118	2.40709e-06	2.21891e-05
759	78	58	109	122	25	520	0.0327727	3.41816	1.13118e-06	3.45159e-05
760	76	59	114	129	29	525	0.0305736	3.48762	1.07548e-06	3.51767e-05
761	74	58	150	174	30	811	0.00535985	5.22882	2.83605e-07	5.29129e-05
762	67	56	119	139	26	575	0.0222499	3.80542	8.54345e-07	3.83978e-05
763	72	53	166	176	29	798	0.00565576	5.17508	2.95995e-07	5.23351e-05
764	70	63	153	171	32	846	0.00456891	5.38848	2.49477e-07	5.46032e-05
765	69	53	117	122	29	493	0.037611	3.28046	1.24422e-06	3.30813e-05
766	68	51	90	101	20	414	0.0642046	2.74568	1.77836e-06	2.76984e-05
767	67	54	199	226	37	919	0.00222905	6.10618	1.3728e-07	6.15866e-05
768	66	47	131	149	25	1093	0.00148845	6.51002	9.896e-08	6.64853e-05
769	65	49	111	123	28	386	0.0645032	2.74104	1.77077e-06	2.74525e-05
770	64	52	134	149	31	494	0.0315835	3.45512	1.09464e-06	3.46585e-05
771	63	44	82	86	22	302	0.124895	2.08028	2.6104e-06	2.09007e-05
772	62	46	111	123	21	627	0.0188708	3.97014	7.59692e-07	4.02576e-05
773	61	46	152	172	27	806	0.00556777	5.19076	2.92499e-07	5.25343e-05
774	60	53	62	69	21	154	0.295608	1.21872	3.57018e-06	1.20774e-05
775	58	42	137	155	21	951	0.00295724	5.8235	1.75302e-07	5.92791e-05
776	57	41	47	48	15	92	0.462717	0.77064	3.5156e-06	7.59774e-06
777	55	42	153	167	29	893	0.00368657	5.60306	2.09672e-07	5.68747e-05
778	60	51	135	149	22	758	0.00821725	4.80152	4.00062e-07	4.86857e-05
779	72	50	108	116	27	437	0.0519653	2.95718	1.54686e-06	2.97671e-05
780	49	40	80	93	16	406	0.0703242	2.65464	1.88621e-06	2.68217e-05
781	60	48	135	151	25	621	0.0163197	4.11538	6.77584e-07	4.15193e-05
782	69	57	136	151	20	1570	0.000129054	8.95528	1.18656e-08	9.19427e-05
783	63	52	149	169	34	793	0.00606258	5.10562	3.13279e-07	5.16743e-05
784	67	52	200	233	30	1570	7.71129e-05	9.47024	7.4469e-09	9.65714e-05
785	56	47	152	167	35	747	0.00776243	4.85846	3.81269e-07	4.91172e-05
786	72	54	125	140	30	497	0.0329126	3.4139	1.12923e-06	3.43099e-05
787	67	50	97	105	25	354	0.0850258	2.4648	2.10321e-06	2.47362e-05
788	64	49	117	126	31	468	0.0416656	3.17808	1.33241e-06	3.19787e-05
789	70	61	212	239	30	1861	1.68355e-05	10.992	1.89184e-09	0.000112372
790	58	44	124	147	21	1413	0.000294727	8.12946	2.45729e-08	8.3375e-05
791	66	50	148	162	27	988	0.00234338	6.05616	1.44446e-07	6.16401e-05
792	61	48	103	113	21	459	0.0473334	3.05054	1.45629e-06	3.07667e-05
793	61	52	135	147	33	465	0.0370807	3.29466	1.22384e-06	3.30047e-05
794	63	51	93	98	17	366	0.0835726	2.48204	2.08753e-06	2.49786e-05
795	69	56	123	131	30	411	0.0539995	2.91878	1.57853e-06	2.92324e-05
796	64	55	143	164	28	631	0.0142925	4.24802	6.11497e-07	4.27845e-05
797	75	60	134	144	26	563	0.0229229	3.77562	8.72042e-07	3.80424e-05
798	73	64	167	186	29	1052	0.00145423	6.53328	9.6554e-08	6.63954e-05
799	72	51	160	173	32	963	0.00248436	5.99774	1.51379e-07	6.09327e-05
800	71	57	184	203	31	1251	0.000473698	7.65494	3.69146e-08	7.79285e-05
801	69	49	96	108	25	357	0.0821721	2.49894	2.05963e-06	2.50649e-05
802	74	57	111	119	23	504	0.0362354	3.31772	1.21375e-06	3.34964e-05
803	67	54	140	162	27	917	0.0033659	5.69406	1.94777e-07	5.78677e-05
804	66	53	184	204	33	1430	0.000188933	8.57412	1.65308e-08	8.74958e-05
805	65	46	119	128	19	587	0.0224259	3.79754	8.61478e-07	3.84145e-05
806	64	52	83	90	19	341	0.0998287	2.3043	2.3159e-06	2.31987e-05
807	63	52	158	171	26	998	0.00210449	6.16368	1.31909e-07	6.26795e-05
808	62	50	142	156	28	775	0.00721077	4.93218	3.60423e-07	4.99841e-05
809	61	43	124	141	28	569	0.0226549	3.78738	8.65233e-07	3.81919e-05
810	60	42	117	130	24	490	0.0363195	3.3154	1.21211e-06	3.33735e-05
811	59	47	73	77	22	228	0.19275	1.64636	3.17283e-06	1.64608e-05
812	57	44	120	132	23	696	0.0125434	4.37856	5.57326e-07	4.44318e-05
813	77	60	235	261	33	2963	5.31377e-08	16.7504	9.14852e-12	0.000172166
814	54	49	101	114	22	683	0.0150073	4.19922	6.41186e-07	4.2725e-05
815	52	44	72	80	23	193	0.226118	1.4867	3.33987e-06	1.47705e-05
816	60	40	54	61	18	183	0.268104	1.31638	3.53004e-06	1.31667e-05
817	72	57	94	99	30	298	0.117476	2.14152	2.51657e-06	2.1422e-05
818	77	61	170	185	28	813	0.00495133	5.3081	2.6559e-07	5.36401e-05
819	63	51	165	182	35	870	0.00377272	5.57996	2.13156e-07	5.64993e-05
820	72	58	150	179	28	916	0.00304054	5.79572	1.78705e-07	5.87741e-05
821	86	70	216	235	31	2316	1.69573e-06	13.2874	2.31164e-10	0.000136322
822	66	55	127	142	23	646	0.0152015	4.18636	6.43626e-07	4.23396e-05
823	62	49	118	130	28	662	0.015107	4.1926	6.42232e-07	4.25124e-05
824	80	62	191	202	33	1308	0.000356435	7.93936	2.88358e-08	8.09006e-05
825	70	54	142	163	39	656	0.0126609	4.36924	5.57791e-07	4.40563e-05
826	58	40	75	83	18	307	0.124066	2.08694	2.60502e-06	2.0997e-05
827	64	46	99	106	22	393	0.0692536	2.66998	1.86048e-06	2.68648e-05
828	74	57	163	180	32	1042	0.00158908	6.4446	1.04125e-07	6.55254e-05
829	61	53	148	160	30	772	0.0071403	4.942	3.57375e-07	5.00504e-05
830	65	52	100	108	30	321	0.0987326	2.31534	2.28587e-06	2.31521e-05
831	80	61	209	236	36	1650	5.03214e-05	9.89708	5.08203e-09	0.000100991
832	77	57	196	228	28	1613	6.39033e-05	9.65814	6.29919e-09	9.85739e-05
833	75	59	182	199	37	1258	0.000468713	7.66552	3.65946e-08	7.80746e-05
834	74	62	183	204	32	942	0.00227604	6.08532	1.40128e-07	6.15668e-05
835	72	49	123	134	28	543	0.0270297	3.61082	9.84294e-07	3.64153e-05
836	67	52	103	120	26	395	0.0627812	2.7681	1.74289e-06	2.77613e-05
837	70	56	193	224	38	1229	0.000464467	7.67462	3.62029e-08	7.7945e-05
838	69	52	98	107	27	317	0.101402	2.28866	2.3204e-06	2.28831e-05
839	67	58	180	199	31	1319	0.000343398	7.97662	2.79237e-08	8.13158e-05
840	66	48	105	112	25	426	0.056362	2.87596	1.63207e-06	2.89569e-05
841	65	50	129	140	29	719	0.0106085	4.5461	4.89109e-07	4.61054e-05
842	62	50	131	143	27	943	0.0033215	5.70734	1.93233e-07	5.81766e-05
843	63	51	148	167	26	1071	0.0014872	6.51086	9.86496e-08	6.63324e-05
844	62	40	133	154	26	1424	0.000266664	8.22952	2.24944e-08	8.43546e-05
845	61	48	70	79	24	264	0.158418	1.84252	2.92859e-06	1.84865e-05
846	60	52	167	187	32	1219	0.000616619	7.39126	4.64468e-08	7.53251e-05
847	69	50	93	106	27	383	0.0728772	2.61898	1.91911e-06	2.63335e-05
848	58	51	149	168	27	1092	0.00132779	6.62424	8.96319e-08	6.75047e-05
849	56	46	83	94	26	293	0.124354	2.08462	2.59579e-06	2.08741e-05
850	54	40	75	82	19	280	0.143279	1.94296	2.7948e-06	1.9506e-05
851	72	56	95	109	23	395	0.0672714	2.69902	1.82577e-06	2.71404e-05
852	60	46	116	125	26	449	0.0461942	3.0749	1.42799e-06	3.09128e-05
853	63	57	155	179	27	1044	0.00158286	6.44852	1.03797e-07	6.55752e-05
854	68	51	106	116	27	428	0.054406	2.91128	1.59349e-06	2.92889e-05
855	63	49	131	146	26	755	0.00850263	4.76738	4.11161e-07	4.83569e-05
856	67	50	141	155	32	727	0.00926881	4.6811	4.39131e-07	4.73772e-05
857	64	52	195	216	28	1805	2.58816e-05	10.562	2.79775e-09	0.000108098
858	57	46	102	109	25	379	0.0729909	2.61742	1.91895e-06	2.62903e-05
859	65	55	78	87	24	388	0.0800455	2.52516	2.04329e-06	2.55266e-05
860	65	55	122	132	26	575	0.0232498	3.76146	8.83553e-07	3.80027e-05
861	70	52	105	122	33	321	0.0904227	2.40326	2.16493e-06	2.39424e-05
862	58	44	64	72	19	168	0.270101	1.30896	3.50877e-06	1.29906e-05
863	67	58	152	160	27	1015	0.00206774	6.1813	1.30189e-07	6.29618e-05
864	71	59	104	115	29	480	0.0419952	3.1702	1.34365e-06	3.19954e-05
865	87	68	210	236	39	1420	0.000162622	8.72408	1.44361e-08	8.87708e-05
866	83	68	189	203	33	1162	0.00074581	7.20104	5.4593e-08	7.31996e-05
867	80	66	201	229	39	1111	0.00082163	7.10422	5.91225e-08	7.19575e-05
868	78	68	158	185	33	1018	0.00174047	6.3536	1.12317e-07	6.45324e-05
869	73	53	135	149	39	460	0.0375636	3.28172	1.23404e-06	3.2852e-05
870	62	50	103	118	23	811	0.00761877	4.87714	3.79048e-07	4.97518e-05
871	72	49	69	74	22	137	0.312416	1.16342	3.57915e-06	1.14564e-05
872	71	51	155	173	29	925	0.00301565	5.80394	1.77663e-07	5.89136e-05
873	70	59	153	168	33	675	0.0111364	4.49754	5.05013e-07	4.53481e-05
874	69	48	107	116	29	256	0.130801	2.03408	2.63564e-06	2.015e-05
875	68	51	150	156	34	614	0.0163901	4.11108	6.79034e-07	4.14296e-05
876	55	44	71	80	18	274	0.149599	1.8998	2.85349e-06	1.90743e-05
877	66	51	97	104	21	524	0.0359538	3.32552	1.21209e-06	3.37123e-05
878	65	46	141	158	32	679	0.0116187	4.45514	5.22797e-07	4.49962e-05
879	64	51	121	140	20	803	0.00691197	4.9745	3.49529e-07	5.05686e-05
880	63	48	143	163	24	1192	0.000822765	7.10284	5.96799e-08	7.25357e-05
881	62	54	165	183	26	1086	0.00124597	6.68784	8.47666e-08	6.80326e-05
882	61	44	127	139	32	573	0.022478	3.79522	8.60716e-07	3.82915e-05
883	59	49	126	143	28	720	0.0103575	4.57004	4.79843e-07	4.63279e-05
884	58	47	133	150	24	1563	0.000134587	8.9133	1.23166e-08	9.15143e-05
885	57	40	71	77	20	290	0.140498	1.96256	2.77556e-06	1.97551e-05
886	64	52	60	64	20	122	0.359112	1.02412	3.6252e-06	1.00949e-05
887	72	57	156	165	36	740	0.00814623	4.8102	3.96171e-07	4.86324e-05
888	51	41	111	122	20	764	0.00944226	4.66256	4.48322e-07	4.74804e-05
889	48	34	96	108	23	324	0.0972335	2.33064	2.26666e-06	2.33115e-05
890	77	60	86	92	21	252	0.155213	1.86296	2.88427e-06	1.85827e-05
891	63	52	111	126	26	551	0.027286	3.60138	9.92906e-07	3.63888e-05
892	65	54	125	139	31	653	0.0149474	4.20322	6.35894e-07	4.25422e-05
893	87	67	137	151	32	736	0.00907819	4.70188	4.32391e-07	4.76296e-05
894	70	52	174	196	29	1289	0.000407781	7.80478	3.244e-08	7.95524e-05
895	63	51	122	133	28	569	0.0238221	3.73714	8.99055e-07	3.77403e-05
896	62	52	146	162	34	649	0.0132037	4.32726	5.76049e-07	4.3628e-05
897	70	50	118	132	24	600	0.0204666	3.88896	8.04973e-07	3.9331e-05
898	58	44	89	101	25	368	0.0811805	2.51108	2.05015e-06	2.52542e-05
899	63	52	138	157	31	610	0.0166231	4.09696	6.86095e-07	4.12735e-05
900	74	62	165	186	28	1397	0.000250318	8.29278	2.12085e-08	8.47263e-05
901	61	47	128	137	28	432	0.0467211	3.06356	1.43372e-06	3.06869e-05
902	72	55	102	117	22	520	0.0338181	3.38676	1.15772e-06	3.42336e-05
903	80	63	165	183	30	833	0.00452771	5.39754	2.47167e-07	5.45899e-05
904	64	46	126	141	28	722	0.010382	4.56768	4.80908e-07	4.63213e-05
905	76	60	99	107	26	309	0.105625	2.24786	2.37213e-06	2.24581e-05
906	74	63	139	161	28	720	0.00925048	4.68308	4.37954e-07	4.7344e-05
907	73	57	105	121	24	599	0.0220426	3.81478	8.52098e-07	3.86569e-05
908	71	59	123	137	22	735	0.00996317	4.60886	4.66139e-07	4.67862e-05
909	70	59	159	176	30	708	0.00895019	4.71608	4.25609e-07	4.75531e-05
910	71	57	146	162	31	709	0.00972301	4.63326	4.55192e-07	4.6816e-05
911	68	51	130	146	23	873	0.00465795	5.36918	2.54448e-07	5.46266e-05
912	67	50	120	139	26	1402	0.000327796	8.02312	2.69904e-08	8.2339e-05
913	66	58	215	244	29	2175	3.28935e-06	12.6248	4.25438e-10	0.000129338
914	65	50	109	116	28	481	0.04152	3.18158	1.333e-06	3.2105e-05
915	64	52	146	164	32	768	0.00710668	4.94672	3.55787e-07	5.00637e-05
916	52	40	108	120	21	996	0.00292869	5.8332	1.74826e-07	5.96944e-05
917	62	51	156	172	39	577	0.0179017	4.02286	7.22635e-07	4.03668e-05
918	61	48	105	120	21	750	0.0102693	4.5786	4.7879e-07	4.66236e-05
919	60	45	117	129	17	961	0.00330863	5.71122	1.93035e-07	5.83427e-05
920	58	47	106	119	24	723	0.0118596	4.43462	5.35253e-07	4.51326e-05
921	56	45	102	117	23	410	0.0592636	2.82576	1.68243e-06	2.8389e-05
922	55	45	108	121	26	438	0.0501027	2.99368	1.50822e-06	3.01025e-05
923	53	46	159	176	30	972	0.00232862	6.06248	1.43397e-07	6.15802e-05
924	51	44	129	151	26	1055	0.00178421	6.32878	1.15223e-07	6.45791e-05
925	70	55	191	208	34	819	0.00415626	5.48314	2.29663e-07	5.52572e-05
926	59	45	82	88	22	297	0.126522	2.06734	2.62507e-06	2.07479e-05
927	63	48	116	129	31	477	0.0390536	3.24282	1.27417e-06	3.26263e-05
928	52	39	142	155	25	866	0.00456197	5.39	2.49826e-07	5.47627e-05
929	67	52	124	138	27	659	0.0145882	4.22754	6.24443e-07	4.28045e-05
930	55	44	84	96	15	621	0.0230525	3.76998	8.85556e-07	3.84147e-05
931	80	60	143	155	29	845	0.00507768	5.2829	2.72402e-07	5.36469e-05
932	75	59	198	220	40	1089	0.000972637	6.9355	6.83574e-08	7.02805e-05
933	70	51	84	90	21	253	0.156375	1.8555	2.89653e-06	1.8523e-05
934	58	48	100	111	21	1578	0.000159275	8.74488	1.43522e-08	9.01099e-05
935	67	53	112	126	33	461	0.0431799	3.14238	1.36478e-06	3.16068e-05
936	71	53	179	197	32	1140	0.000866403	7.05116	6.21142e-08	7.1692e-05
937	61	48	110	127	29	656	0.0158726	4.14316	6.67034e-07	4.20242e-05
938	61	49	95	102	24	319	0.103575	2.26746	2.35189e-06	2.27071e-05
939	81	62	194	216	31	1413	0.000191087	8.56278	1.66762e-08	8.72699e-05
940	79	64	244	266	35	1940	9.49752e-06	11.5645	1.12159e-09	0.000118093
941	77	65	145	161	35	751	0.00789773	4.84118	3.86918e-07	4.89911e-05
942	75	67	205	232	38	1219	0.00046482	7.67386	3.61933e-08	7.78652e-05
943	73	57	151	168	31	661	0.0119606	4.42614	5.33492e-07	4.46042e-05
944	54	42	107	119	25	412	0.05793	2.84852	1.65727e-06	2.86081e-05
945	70	55	92	99	24	293	0.12051	2.11602	2.54956e-06	2.11563e-05
946	69	51	131	143	25	859	0.00509783	5.27894	2.73822e-07	5.37134e-05
947	68	52	148	160	28	779	0.00688989	4.9777	3.47405e-07	5.04224e-05
948	67	52	91	103	26	344	0.0906055	2.40124	2.18286e-06	2.40919e-05
949	66	53	133	143	27	632	0.0162244	4.12124	6.75781e-07	4.16522e-05
950	62	44	85	93	22	268	0.142155	1.95084	2.7705e-06	1.94893e-05
951	64	47	97	105	28	281	0.123378	2.0925	2.57335e-06	2.08574e-05
952	63	50	82	90	23	219	0.185983	1.6821	3.10898e-06	1.67165e-05
953	62	50	90	98	22	375	0.0798233	2.52794	2.03205e-06	2.54568e-05
954	61	50	135	144	26	722	0.0101883	4.58652	4.73658e-07	4.64906e-05
955	60	46	86	91	25	274	0.139613	1.96888	2.74971e-06	1.96952e-05
956	59	49	148	161	32	602	0.0168858	4.08128	6.93573e-07	4.10743e-05
957	57	48	103	106	21	420	0.0603448	2.80768	1.70772e-06	2.82994e-05
958	56	44	114	127	19	904	0.00448077	5.40796	2.47344e-07	5.52013e-05
959	54	41	118	136	21	1191	0.000979782	6.92818	6.95239e-08	7.09585e-05
960	60	45	98	109	24	386	0.0704311	2.65312	1.87785e-06	2.66622e-05
961	49	39	90	97	24	582	0.0279494	3.57736	1.01733e-06	3.63989e-05
962	46	40	111	123	24	512	0.0339237	3.38364	1.1584e-06	3.41473e-05
963	64	48	138	155	30	609	0.0169193	4.0793	6.9551e-07	4.11075e-05
964	59	44	96	105	26	294	0.115464	2.1588	2.48803e-06	2.15482e-05
965	87	63	126	138	32	454	0.0415009	3.18204	1.32439e-06	3.19122e-05
966	67	53	128	142	26	785	0.00748196	4.89526	3.72042e-07	4.97251e-05
967	63	48	161	175	27	831	0.0048098	5.3371	2.59883e-07	5.4032e-05
968	70	58	125	133	30	550	0.026246	3.64024	9.64038e-07	3.67308e-05
969	70	52	187	213	27	2780	1.8266e-07	15.5156	2.91769e-11	0.000159734
970	58	47	108	123	24	643	0.0173921	4.05174	7.14949e-07	4.11077e-05
971	62	50	72	83	21	236	0.178202	1.72484	3.06945e-06	1.72246e-05
972	74	57	169	185	28	1395	0.000254477	8.2763	2.15195e-08	8.45636e-05
973	61	45	165	180	29	1131	0.0010093	6.8985	7.09075e-08	7.02542e-05
974	86	69	153	167	35	576	0.0185672	3.98636	7.43271e-07	4.00315e-05
975	82	67	167	180	29	1098	0.00119429	6.7302	8.18101e-08	6.85008e-05
976	79	64	157	166	33	624	0.0146271	4.22488	6.22023e-07	4.25254e-05
977	70	55	117	131	29	459	0.0422741	3.16358	1.34359e-06	3.17828e-05
978	60	46	77	93	20	290	0.127067	2.06304	2.62498e-06	2.06583e-05
979	74	54	145	163	23	1069	0.00154067	6.47554	1.01685e-07	6.60003e-05
980	72	49	140	160	26	846	0.00489569	5.3194	2.64281e-07	5.39823e-05
981	71	57	160	176	25	1464	0.000189394	8.57168	1.6614e-08	8.77218e-05
982	70	51	174	193	24	1393	0.000244489	8.31634	2.07593e-08	8.49089e-05
983	68	54	103	108	29	271	0.127411	2.06034	2.61134e-06	2.04954e-05
984	80	64	177	197	38	885	0.00318068	5.75066	1.84935e-07	5.81431e-05
985	66	58	109	126	25	469	0.0414536	3.18318	1.32784e-06	3.20319e-05
986	65	49	92	101	25	464	0.0497532	3.00068	1.51026e-06	3.0355e-05
987	64	47	132	149	24	1012	0.00224979	6.09692	1.39895e-07	6.21815e-05
988	63	46	120	133	26	593	0.0210777	3.85954	8.22357e-07	3.90155e-05
989	62	46	88	99	16	540	0.0341935	3.37572	1.17216e-06	3.42802e-05
990	57	44	145	161	23	911	0.00349235	5.65718	2.00784e-07	5.74924e-05
991	60	46	134	143	31	511	0.0300726	3.50414	1.05925e-06	3.52231e-05
992	59	52	173	187	34	836	0.00434834	5.43796	2.39051e-07	5.49751e-05
993	58	43	128	140	22	1482	0.000216613	8.4374	1.87686e-08	8.66461e-05
994	56	43	66	69	22	141	0.315871	1.15242	3.59672e-06	1.13867e-05
995	72	54	148	160	31	693	0.010683	4.5391	4.89848e-07	4.58529e-05
996	52	42	65	70	11	373	0.0961448	2.3419	2.28536e-06	2.377e-05
997	50	34	84	91	21	323	0.108742	2.21878	2.4248e-06	2.22988e-05
998	66	53	88	97	23	301	0.117155	2.14426	2.51514e-06	2.14685e-05
999	64	54	128	143	25	548	0.0249012	3.69284	9.2605e-07	3.7189e-05
1000	63	54	108	119	25	413	0.0576353	2.85362	1.6519e-06	2.86613e-05