Hist	Tr_Tot	Tr_in	DSBs	DSBt	RIFs	NComb	PSurv	lPSurv	PMut*	PMut
1	20	16	39	44	16	73	0.522767	0.64862	3.32606e-06	6.36242e-06
2	19	15	31	34	20	29	0.696686	0.36142	2.41059e-06	3.46008e-06
3	19	16	18	18	11	8	0.857409	0.15384	1.23563e-06	1.44112e-06
4	18	17	24	25	12	25	0.75239	0.2845	2.06119e-06	2.73952e-06
5	17	15	23	27	15	22	0.754455	0.28176	2.03176e-06	2.69302e-06
6	17	10	27	30	14	46	0.655079	0.423	2.71042e-06	4.13756e-06
7	16	15	43	48	19	84	0.481986	0.72984	3.45713e-06	7.17267e-06
8	16	11	37	43	16	65	0.547967	0.60154	3.22254e-06	5.8809e-06
9	15	10	50	54	20	93	0.443339	0.81342	3.54208e-06	7.98956e-06
10	18	15	59	65	24	124	0.353243	1.0406	3.62343e-06	1.02576e-05
11	14	11	12	15	4	35	0.761321	0.2727	2.06042e-06	2.70638e-06
12	14	10	56	64	23	192	0.251297	1.38112	3.47147e-06	1.38142e-05
13	13	9	39	43	11	162	0.334125	1.09624	3.68701e-06	1.10348e-05
14	13	8	26	29	18	16	0.768189	0.26372	1.91057e-06	2.48711e-06
15	12	8	18	19	8	39	0.727443	0.31822	2.28759e-06	3.1447e-06
16	24	18	54	62	21	199	0.245549	1.40426	3.45567e-06	1.40733e-05
17	10	9	26	29	17	16	0.768189	0.26372	1.91057e-06	2.48711e-06
18	9	5	33	38	9	116	0.435945	0.83024	3.62203e-06	8.30846e-06
19	14	12	17	20	8	30	0.756843	0.2786	2.06084e-06	2.72295e-06
20	17	15	30	34	15	40	0.658678	0.41752	2.66406e-06	4.04455e-06
21	18	14	28	30	14	30	0.710775	0.3414	2.33662e-06	3.28742e-06
22	17	11	33	35	13	53	0.612565	0.4901	2.93524e-06	4.79173e-06
23	20	17	39	47	20	81	0.4925	0.70826	3.42624e-06	6.95683e-06
24	15	12	36	37	19	45	0.630111	0.46186	2.82261e-06	4.47956e-06
25	13	9	21	21	11	17	0.803659	0.21858	1.67857e-06	2.08866e-06
26	10	6	27	31	10	85	0.533562	0.62818	3.3434e-06	6.2662e-06
27	15	11	22	26	9	68	0.600448	0.51008	3.05069e-06	5.0807e-06
28	19	14	12	12	10	3	0.913328	0.09066	7.64246e-07	8.36771e-07
29	20	16	26	28	16	17	0.769096	0.26254	1.91028e-06	2.4838e-06
30	16	13	41	43	15	95	0.470227	0.75454	3.5149e-06	7.4749e-06
31	13	10	43	46	15	99	0.452133	0.79378	3.5523e-06	7.85678e-06
32	11	5	3	4	2	3	0.960386	0.04042	3.69931e-07	3.8519e-07
33	18	12	21	22	11	20	0.786502	0.24016	1.8125e-06	2.30451e-06
34	23	14	38	42	16	54	0.583238	0.53916	3.05616e-06	5.23999e-06
35	22	16	44	46	23	47	0.589441	0.52858	3.00253e-06	5.09385e-06
36	21	18	90	100	34	199	0.193418	1.6429	3.13691e-06	1.62183e-05
37	20	16	37	43	18	75	0.520721	0.65254	3.33899e-06	6.41224e-06
38	19	13	27	28	16	20	0.757418	0.27784	2.002e-06	2.6432e-06
39	19	17	48	64	22	122	0.359112	1.02412	3.6252e-06	1.00949e-05
40	18	12	40	43	24	32	0.648405	0.43324	2.6763e-06	4.12751e-06
41	18	14	43	48	15	222	0.238439	1.43364	3.45858e-06	1.45051e-05
42	17	13	27	29	13	44	0.665964	0.40652	2.6471e-06	3.97484e-06
43	16	11	28	28	11	38	0.690983	0.36964	2.48726e-06	3.59959e-06
44	16	15	45	47	19	69	0.523583	0.64706	3.30864e-06	6.31923e-06
45	15	11	20	23	9	27	0.754168	0.28214	2.06106e-06	2.73289e-06
46	15	12	27	29	13	49	0.649196	0.43202	2.75292e-06	4.24051e-06
47	14	10	15	17	11	10	0.854055	0.15776	1.27335e-06	1.49094e-06
48	14	11	21	22	14	16	0.802711	0.21976	1.67925e-06	2.09198e-06
49	13	8	75	83	18	316	0.1185	2.13284	2.54482e-06	2.14752e-05
50	21	20	21	23	10	32	0.73518	0.30764	2.20448e-06	2.99856e-06
51	12	9	30	37	14	50	0.614246	0.48736	2.91473e-06	4.74522e-06
52	11	8	2	2	2	0	0.987519	0.01256	1.11486e-07	1.12895e-07
53	10	7	38	43	14	111	0.43338	0.83614	3.6079e-06	8.32503e-06
54	19	16	58	60	36	44	0.548153	0.6012	3.13802e-06	5.72472e-06
55	20	13	30	34	14	69	0.568121	0.56542	3.17319e-06	5.58541e-06
56	7	6	5	5	2	4	0.949519	0.0518	4.69794e-07	4.94771e-07
57	11	11	49	53	23	89	0.455327	0.78674	3.51539e-06	7.72058e-06
58	20	14	44	50	16	116	0.404299	0.9056	3.63296e-06	8.98583e-06
59	19	17	43	47	11	219	0.243641	1.41206	3.48144e-06	1.42892e-05
60	15	14	55	60	18	180	0.273953	1.2948	3.54791e-06	1.29508e-05
61	14	13	39	42	16	52	0.589217	0.52896	3.02488e-06	5.13373e-06
62	17	13	50	56	18	148	0.330721	1.10648	3.64613e-06	1.10248e-05
63	15	14	43	43	24	38	0.628864	0.46384	2.79612e-06	4.44631e-06
64	11	9	49	56	18	207	0.244784	1.40738	3.46605e-06	1.41596e-05
65	12	7	26	27	10	44	0.674381	0.39396	2.60442e-06	3.86195e-06
66	16	14	27	28	14	46	0.663358	0.41044	2.66979e-06	4.02466e-06
67	9	9	14	16	6	38	0.745068	0.29428	2.17725e-06	2.92222e-06
68	27	20	46	48	25	53	0.564542	0.57174	3.1194e-06	5.52554e-06
69	25	21	63	72	28	98	0.385984	0.95196	3.57856e-06	9.27128e-06
70	23	14	49	54	28	52	0.546446	0.60432	3.17545e-06	5.8111e-06
71	22	15	50	57	21	100	0.419807	0.86796	3.5813e-06	8.53083e-06
72	20	15	12	13	7	12	0.866893	0.14284	1.18887e-06	1.37142e-06
73	14	10	48	48	22	84	0.481986	0.72984	3.45713e-06	7.17267e-06
74	19	15	32	38	11	137	0.391668	0.93734	3.69118e-06	9.42426e-06
75	19	14	27	31	13	32	0.699157	0.35788	2.41219e-06	3.45014e-06
76	18	15	40	44	16	78	0.509605	0.67412	3.3777e-06	6.62808e-06
77	18	16	34	36	20	28	0.691508	0.36888	2.434e-06	3.51984e-06
78	17	14	36	41	15	63	0.560582	0.57878	3.17387e-06	5.66174e-06
79	17	12	17	20	10	20	0.796443	0.2276	1.7455e-06	2.19162e-06
80	16	14	31	36	18	31	0.681009	0.38418	2.5056e-06	3.67924e-06
81	16	9	33	35	18	39	0.657902	0.4187	2.66309e-06	4.04786e-06
82	15	13	13	13	8	6	0.89383	0.11224	9.40861e-07	1.05262e-06
83	15	12	13	15	6	37	0.753595	0.2829	2.11959e-06	2.81264e-06
84	15	12	35	40	12	175	0.318638	1.1437	3.68225e-06	1.15562e-05
85	14	11	19	20	12	11	0.833851	0.1817	1.42874e-06	1.71342e-06
86	13	12	18	19	8	39	0.727443	0.31822	2.28759e-06	3.1447e-06
87	12	7	22	24	10	51	0.663106	0.41082	2.69522e-06	4.06454e-06
88	11	9	21	22	10	37	0.721185	0.32686	2.3134e-06	3.20778e-06
89	16	10	6	6	5	1	0.958122	0.04278	3.7541e-07	3.91819e-07
90	7	5	11	13	8	8	0.884759	0.12244	1.02533e-06	1.15888e-06
91	8	6	2	2	1	1	0.982495	0.01766	1.63122e-07	1.66028e-07
92	17	14	14	14	9	6	0.888234	0.11852	9.8511e-07	1.10907e-06
93	15	13	29	34	14	34	0.679145	0.38692	2.53032e-06	3.72575e-06
94	8	8	1	1	1	0	0.99374	0.00628	5.60942e-08	5.64476e-08
95	13	10	28	33	16	40	0.662828	0.41124	2.64342e-06	3.9881e-06
96	16	9	13	13	8	7	0.889283	0.11734	9.83326e-07	1.10575e-06
97	20	17	34	40	15	86	0.501676	0.6898	3.42512e-06	6.82736e-06
98	19	14	64	71	26	143	0.308763	1.17518	3.58345e-06	1.16058e-05
99	15	10	17	18	9	20	0.806509	0.21504	1.67651e-06	2.07872e-06
100	17	10	27	28	10	51	0.646657	0.43594	2.77437e-06	4.29033e-06
101	12	10	34	35	17	30	0.688803	0.3728	2.45879e-06	3.56966e-06
102	16	15	24	26	11	36	0.70689	0.34688	2.38959e-06	3.38043e-06
103	23	19	65	74	27	116	0.347733	1.05632	3.59576e-06	1.03406e-05
104	16	11	15	16	10	8	0.868246	0.14128	1.15323e-06	1.32823e-06
105	18	13	53	58	21	106	0.404607	0.90484	3.60346e-06	8.90608e-06
106	12	8	13	14	8	7	0.883716	0.12362	1.02705e-06	1.1622e-06
107	20	16	63	72	28	130	0.327863	1.11516	3.59716e-06	1.09715e-05
108	21	16	57	66	23	143	0.318612	1.14378	3.60784e-06	1.13236e-05
109	20	16	47	53	19	83	0.469475	0.75614	3.47495e-06	7.40178e-06
110	20	17	81	90	39	135	0.285447	1.2537	3.49765e-06	1.22533e-05
111	19	13	40	47	16	71	0.518269	0.65726	3.33014e-06	6.42549e-06
112	18	14	22	23	10	28	0.750332	0.28724	2.09044e-06	2.78602e-06
113	18	16	36	43	12	117	0.42032	0.86674	3.63317e-06	8.64383e-06
114	17	17	65	80	22	210	0.207339	1.5734	3.24979e-06	1.56738e-05
115	17	11	47	56	23	100	0.422452	0.86168	3.58002e-06	8.47439e-06
116	16	15	35	37	18	36	0.659707	0.41596	2.63972e-06	4.00136e-06
117	16	10	41	41	19	54	0.586912	0.53288	3.04229e-06	5.18354e-06
118	15	13	58	62	26	107	0.392562	0.93506	3.60569e-06	9.185e-06
119	15	12	41	46	18	85	0.485595	0.72238	3.454e-06	7.11291e-06
120	14	12	18	19	9	21	0.797383	0.22642	1.74491e-06	2.1883e-06
121	14	13	29	31	17	24	0.728272	0.31708	2.20308e-06	3.02507e-06
122	13	10	33	36	15	60	0.587382	0.53208	3.0662e-06	5.22011e-06
123	13	11	12	13	8	8	0.884759	0.12244	1.02533e-06	1.15888e-06
124	12	11	25	26	14	16	0.782798	0.24488	1.81435e-06	2.31777e-06
125	11	9	45	52	13	157	0.32392	1.12726	3.6529e-06	1.12772e-05
126	10	8	26	28	11	68	0.592953	0.52264	3.07956e-06	5.19359e-06
127	22	16	56	64	25	136	0.334366	1.09552	3.62411e-06	1.08388e-05
128	17	13	23	26	15	21	0.763089	0.27038	1.97139e-06	2.58343e-06
129	11	7	21	22	14	11	0.823444	0.19426	1.50387e-06	1.82631e-06
130	20	11	47	48	21	67	0.525639	0.64314	3.29545e-06	6.26941e-06
131	19	15	44	53	23	63	0.519889	0.65414	3.29564e-06	6.33911e-06
132	16	10	26	28	9	42	0.67703	0.39004	2.58092e-06	3.81213e-06
133	14	10	35	36	22	27	0.695044	0.36378	2.40952e-06	3.46671e-06
134	8	6	4	4	3	1	0.970232	0.03022	2.70621e-07	2.78924e-07
135	15	12	45	45	16	149	0.352572	1.0425	3.68684e-06	1.0457e-05
136	16	11	6	6	6	0	0.963021	0.03768	3.26161e-07	3.38686e-07
137	18	13	27	29	18	48	0.652516	0.42692	2.73233e-06	4.18737e-06
138	16	10	10	11	5	12	0.87785	0.13028	1.10479e-06	1.25852e-06
139	9	8	15	17	11	8	0.862811	0.14756	1.19471e-06	1.38467e-06
140	25	21	57	63	28	87	0.431996	0.83934	3.5332e-06	8.17879e-06
141	18	12	22	26	10	58	0.631865	0.45908	2.87458e-06	4.54936e-06
142	24	18	40	45	20	62	0.549471	0.5988	3.20583e-06	5.8344e-06
143	23	19	90	98	33	235	0.163011	1.81394	2.93715e-06	1.80182e-05
144	21	17	16	18	7	27	0.778225	0.25074	1.90716e-06	2.45065e-06
145	21	14	40	46	28	33	0.633066	0.45718	2.75383e-06	4.34999e-06
146	20	16	60	66	27	127	0.345701	1.06218	3.62069e-06	1.04735e-05
147	22	16	41	43	20	40	0.622482	0.47404	2.8339e-06	4.55257e-06
148	18	16	26	28	19	17	0.769096	0.26254	1.91028e-06	2.4838e-06
149	18	13	30	32	13	44	0.653534	0.42536	2.70837e-06	4.14418e-06
150	17	16	61	73	26	183	0.248642	1.39174	3.44222e-06	1.38441e-05
151	17	11	27	32	9	63	0.593178	0.52226	3.05707e-06	5.15371e-06
152	16	14	41	51	20	82	0.47784	0.73848	3.45753e-06	7.23575e-06
153	16	12	31	34	12	45	0.642094	0.44302	2.76756e-06	4.31021e-06
154	15	11	15	16	11	6	0.877148	0.13108	1.07184e-06	1.22196e-06
155	15	13	16	16	11	8	0.868246	0.14128	1.15323e-06	1.32823e-06
156	14	11	26	29	12	42	0.672791	0.39632	2.60274e-06	3.86857e-06
157	14	13	18	19	8	23	0.789291	0.23662	1.81108e-06	2.29457e-06
158	14	10	12	12	9	4	0.908682	0.09576	8.0864e-07	8.89904e-07
159	13	11	20	21	9	37	0.725728	0.32058	2.28701e-06	3.15133e-06
160	12	8	0	0	0	0	1	-0	0	0
161	11	10	9	9	4	9	0.90265	0.10242	8.90218e-07	9.86227e-07
162	7	6	12	15	7	20	0.821848	0.1962	1.56922e-06	1.90938e-06
163	18	12	35	41	17	89	0.490966	0.71138	3.45798e-06	7.04321e-06
164	17	11	49	53	24	63	0.519889	0.65414	3.29564e-06	6.33911e-06
165	10	6	19	19	13	7	0.856398	0.15502	1.23701e-06	1.44444e-06
166	20	16	25	26	13	34	0.714137	0.33668	2.3382e-06	3.27417e-06
167	19	15	49	55	23	93	0.440564	0.8197	3.54478e-06	8.04601e-06
168	12	11	72	80	28	147	0.285904	1.2521	3.52416e-06	1.23264e-05
169	13	11	10	11	7	6	0.905127	0.09968	8.50568e-07	9.39723e-07
170	16	14	30	33	17	48	0.636329	0.45204	2.80822e-06	4.41316e-06
171	14	12	25	26	11	39	0.696157	0.36218	2.46428e-06	3.53983e-06
172	18	15	35	40	16	59	0.575739	0.5521	3.10483e-06	5.39276e-06
173	25	21	32	34	17	54	0.613288	0.48892	2.93668e-06	4.78841e-06
174	16	12	43	50	11	180	0.291709	1.232	3.61321e-06	1.23864e-05
175	13	8	20	22	16	9	0.831886	0.18406	1.43088e-06	1.72005e-06
176	28	24	116	130	40	370	0.0669774	2.7034	1.80822e-06	2.69975e-05
177	26	22	76	80	36	98	0.367071	1.0022	3.56898e-06	9.72286e-06
178	24	20	48	57	22	90	0.441773	0.81696	3.53396e-06	7.9995e-06
179	13	11	28	29	13	42	0.672791	0.39632	2.60274e-06	3.86857e-06
180	20	18	41	43	18	46	0.603723	0.50464	2.94096e-06	4.87137e-06
181	14	11	42	51	19	107	0.420639	0.86598	3.60239e-06	8.56408e-06
182	20	13	32	34	14	49	0.629128	0.46342	2.84539e-06	4.52275e-06
183	19	16	13	15	8	12	0.856073	0.1554	1.27068e-06	1.48431e-06
184	19	14	15	19	9	31	0.757736	0.27742	2.06076e-06	2.71963e-06
185	18	13	23	28	9	49	0.653286	0.42574	2.73339e-06	4.18406e-06
186	17	12	13	15	11	5	0.887187	0.1197	9.86889e-07	1.11238e-06
187	17	14	9	9	7	3	0.930698	0.07182	6.21174e-07	6.67428e-07
188	16	14	34	38	16	47	0.619811	0.47834	2.87733e-06	4.64227e-06
189	16	11	11	12	9	4	0.908682	0.09576	8.0864e-07	8.89904e-07
190	15	8	17	17	8	19	0.81574	0.20366	1.60631e-06	1.96914e-06
191	15	12	35	38	16	62	0.574164	0.55484	3.12303e-06	5.43927e-06
192	19	15	37	44	22	53	0.578903	0.54662	3.06804e-06	5.29975e-06
193	14	11	14	17	9	12	0.845388	0.16796	1.35026e-06	1.59721e-06
194	13	8	7	8	5	6	0.922341	0.08084	7.10553e-07	7.7038e-07
195	13	11	41	45	13	127	0.394435	0.9303	3.66354e-06	9.28806e-06
196	12	11	17	18	8	38	0.735768	0.30684	2.23314e-06	3.03512e-06
197	16	13	32	35	19	30	0.688803	0.3728	2.45879e-06	3.56966e-06
198	18	14	9	9	6	6	0.916567	0.08712	7.57843e-07	8.26828e-07
199	9	6	10	10	5	9	0.896999	0.1087	9.35279e-07	1.04267e-06
200	17	11	24	26	10	45	0.675177	0.39278	2.60526e-06	3.85863e-06
201	11	9	20	21	12	30	0.752105	0.28488	2.0904e-06	2.7794e-06
202	18	16	20	21	9	18	0.799571	0.22368	1.71252e-06	2.1418e-06
203	19	13	20	23	14	15	0.801765	0.22094	1.67993e-06	2.09529e-06
204	16	13	39	43	18	82	0.50246	0.68824	3.40877e-06	6.78417e-06
205	19	13	30	38	12	112	0.444929	0.80984	3.60211e-06	8.09593e-06
206	26	20	44	46	15	135	0.376296	0.97738	3.67625e-06	9.76957e-06
207	15	9	9	11	6	7	0.900523	0.10478	8.94089e-07	9.92856e-07
208	16	13	70	79	26	192	0.228706	1.47532	3.35304e-06	1.46609e-05
209	11	7	10	13	5	19	0.836491	0.17854	1.4583e-06	1.74335e-06
210	16	13	48	51	13	191	0.274068	1.29438	3.57035e-06	1.30273e-05
211	9	4	0	0	0	0	1	-0	0	0
212	15	12	33	37	17	48	0.620543	0.47716	2.87867e-06	4.63895e-06
213	18	13	28	30	17	18	0.755633	0.2802	2.00229e-06	2.64983e-06
214	12	12	5	6	3	6	0.933999	0.06828	6.1409e-07	6.57485e-07
215	19	14	16	17	10	11	0.84971	0.16286	1.31202e-06	1.54407e-06
216	22	17	42	46	20	84	0.488078	0.71728	3.44572e-06	7.05978e-06
217	21	17	42	49	15	109	0.421633	0.86362	3.6081e-06	8.55745e-06
218	20	17	32	36	20	32	0.677545	0.38928	2.52885e-06	3.73238e-06
219	19	17	41	49	21	115	0.408926	0.89422	3.62973e-06	8.87625e-06
220	19	16	54	65	16	213	0.224361	1.4945	3.36237e-06	1.49865e-05
221	16	14	62	75	21	214	0.209632	1.5624	3.27112e-06	1.56041e-05
222	18	13	33	37	9	101	0.473568	0.74746	3.53046e-06	7.45501e-06
223	17	11	36	41	18	54	0.586912	0.53288	3.04229e-06	5.18354e-06
224	17	13	17	17	13	5	0.876113	0.13226	1.07348e-06	1.22528e-06
225	16	12	31	32	17	34	0.687729	0.37436	2.48466e-06	3.61285e-06
226	16	14	25	27	11	35	0.706057	0.34806	2.38912e-06	3.38375e-06
227	15	12	28	29	16	32	0.707994	0.34532	2.36275e-06	3.33724e-06
228	15	11	21	22	10	35	0.728578	0.31666	2.25969e-06	3.10151e-06
229	14	13	44	50	22	87	0.468743	0.7577	3.48978e-06	7.44497e-06
230	13	7	26	28	8	81	0.554915	0.58894	3.2653e-06	5.88432e-06
231	13	10	40	43	22	53	0.58255	0.54034	3.05449e-06	5.24331e-06
232	24	20	46	53	19	120	0.388742	0.94484	3.64162e-06	9.36771e-06
233	11	10	34	44	16	154	0.34586	1.06172	3.68902e-06	1.06662e-05
234	11	8	17	17	8	16	0.828316	0.18836	1.49904e-06	1.80974e-06
235	10	8	48	52	18	144	0.346123	1.06096	3.66422e-06	1.05865e-05
236	17	14	17	17	8	20	0.81159	0.20876	1.64126e-06	2.02227e-06
237	21	16	20	22	13	18	0.794565	0.22996	1.74665e-06	2.19824e-06
238	15	11	18	19	13	7	0.856398	0.15502	1.23701e-06	1.44444e-06
239	19	15	48	52	24	87	0.462893	0.77026	3.49848e-06	7.55786e-06
240	21	17	19	21	11	21	0.787431	0.23898	1.81203e-06	2.3012e-06
241	20	15	24	27	19	10	0.80207	0.22056	1.64859e-06	2.05542e-06
242	18	15	35	39	15	64	0.564779	0.57132	3.16388e-06	5.60198e-06
243	21	13	18	19	11	11	0.839105	0.17542	1.39037e-06	1.65697e-06
244	12	9	10	12	5	12	0.872354	0.13656	1.14712e-06	1.31497e-06
245	26	22	44	50	20	194	0.271607	1.3034	3.56626e-06	1.31302e-05
246	12	9	15	18	6	29	0.770327	0.26094	1.96966e-06	2.55692e-06
247	18	10	14	14	10	7	0.883716	0.12362	1.02705e-06	1.1622e-06
248	22	16	22	24	17	10	0.817324	0.20172	1.54153e-06	1.88607e-06
249	18	15	37	42	14	117	0.422967	0.86046	3.63218e-06	8.58738e-06
250	25	16	50	55	26	66	0.505605	0.682	3.34276e-06	6.61141e-06
251	23	16	33	35	17	41	0.651225	0.4289	2.70527e-06	4.15413e-06
252	22	21	39	45	22	50	0.584149	0.5376	3.0357e-06	5.1968e-06
253	21	14	73	78	23	215	0.204673	1.58634	3.23927e-06	1.58266e-05
254	20	14	46	49	18	103	0.434734	0.83302	3.58163e-06	8.23865e-06
255	23	21	50	58	23	83	0.454963	0.78754	3.49594e-06	7.68402e-06
256	19	13	19	22	11	23	0.77456	0.25546	1.90845e-06	2.46391e-06
257	18	14	25	26	9	42	0.685587	0.37748	2.53615e-06	3.69923e-06
258	18	17	26	29	13	35	0.697244	0.36062	2.43801e-06	3.49664e-06
259	17	13	19	20	16	5	0.859762	0.1511	1.19904e-06	1.39462e-06
260	17	12	46	54	19	185	0.27731	1.28262	3.57114e-06	1.28778e-05
261	16	13	44	51	19	137	0.360963	1.01898	3.66669e-06	1.01581e-05
262	16	15	18	20	11	22	0.78836	0.2378	1.81156e-06	2.29788e-06
263	15	13	21	23	8	33	0.73144	0.31274	2.23213e-06	3.05169e-06
264	15	9	11	13	5	24	0.81543	0.20404	1.63821e-06	2.00902e-06
265	14	13	22	22	11	20	0.786502	0.24016	1.8125e-06	2.30451e-06
266	14	11	32	33	19	32	0.69043	0.37044	2.46003e-06	3.56303e-06
267	13	10	32	36	17	40	0.650457	0.43008	2.70424e-06	4.15744e-06
268	12	10	28	31	12	41	0.667791	0.40378	2.62331e-06	3.92834e-06
269	12	11	14	14	8	9	0.874748	0.13382	1.10959e-06	1.26847e-06
270	11	11	17	20	5	94	0.546074	0.605	3.34387e-06	6.12347e-06
271	17	16	67	78	31	129	0.317353	1.14774	3.57248e-06	1.12571e-05
272	17	15	30	33	17	28	0.70466	0.35004	2.36096e-06	3.3505e-06
273	7	6	20	20	9	24	0.78036	0.248	1.8761e-06	2.40415e-06
274	22	13	47	49	26	45	0.584371	0.53722	3.01356e-06	5.15693e-06
275	19	15	54	60	26	93	0.426945	0.8511	3.5557e-06	8.32824e-06
276	16	13	37	39	17	66	0.559048	0.58152	3.19118e-06	5.70825e-06
277	12	10	20	24	6	44	0.687207	0.37512	2.53758e-06	3.6926e-06
278	16	10	19	21	9	23	0.77944	0.24918	1.87647e-06	2.40746e-06
279	22	19	34	38	25	15	0.729687	0.31514	2.14674e-06	2.94201e-06
280	16	10	22	23	9	30	0.742717	0.29744	2.14815e-06	2.89229e-06
281	10	7	42	49	9	274	0.181751	1.70512	3.14872e-06	1.73244e-05
282	16	15	50	52	26	53	0.550538	0.59686	3.16633e-06	5.75133e-06
283	9	6	8	8	6	2	0.94135	0.06044	5.2513e-07	5.57847e-07
284	18	12	16	17	10	9	0.858422	0.15266	1.23425e-06	1.43781e-06
285	18	14	22	23	16	9	0.826678	0.19034	1.46859e-06	1.77649e-06
286	25	23	68	74	32	118	0.344204	1.06652	3.59585e-06	1.04468e-05
287	11	8	22	25	8	48	0.669115	0.4018	2.65075e-06	3.96158e-06
288	22	15	23	25	7	62	0.623005	0.4732	2.93152e-06	4.70545e-06
289	14	12	29	34	14	45	0.642094	0.44302	2.76756e-06	4.31021e-06
290	21	19	36	38	22	26	0.689878	0.37124	2.43284e-06	3.52647e-06
291	20	18	57	60	28	80	0.456211	0.7848	3.48432e-06	7.63751e-06
292	19	16	63	75	21	203	0.221729	1.5063	3.33028e-06	1.50196e-05
293	18	12	40	45	21	58	0.560795	0.5784	3.15271e-06	5.62187e-06
294	18	14	19	23	8	47	0.681036	0.38414	2.58491e-06	3.79556e-06
295	17	15	27	28	18	14	0.780953	0.24724	1.81525e-06	2.3244e-06
296	17	11	29	32	18	20	0.738629	0.30296	2.11912e-06	2.86899e-06
297	16	9	18	20	5	120	0.47826	0.7376	3.58931e-06	7.50494e-06
298	16	14	43	51	18	132	0.370286	0.99348	3.66302e-06	9.89241e-06
299	15	11	24	26	13	30	0.728855	0.31628	2.23149e-06	3.06163e-06
300	15	10	19	20	7	30	0.756843	0.2786	2.06084e-06	2.72295e-06
301	14	12	17	19	8	27	0.773353	0.25702	1.93887e-06	2.5071e-06
302	14	12	32	37	10	123	0.423306	0.85966	3.65057e-06	8.62394e-06
303	13	10	22	22	11	21	0.782501	0.24526	1.84486e-06	2.35764e-06
304	13	10	28	28	13	41	0.680491	0.38494	2.55796e-06	3.75899e-06
305	12	9	17	20	10	24	0.78036	0.248	1.8761e-06	2.40415e-06
306	8	6	36	42	9	135	0.385868	0.95226	3.68264e-06	9.54378e-06
307	10	8	42	47	16	97	0.453908	0.78986	3.54364e-06	7.80696e-06
308	9	8	21	23	6	111	0.491379	0.71054	3.536e-06	7.19608e-06
309	16	11	14	15	7	15	0.843074	0.1707	1.38577e-06	1.64371e-06
310	15	13	22	26	15	18	0.774855	0.25508	1.87827e-06	2.42404e-06
311	19	14	27	31	18	35	0.688541	0.37318	2.48532e-06	3.60954e-06
312	13	11	33	37	19	38	0.653012	0.42616	2.68233e-06	4.10762e-06
313	18	13	46	55	18	106	0.412302	0.886	3.60217e-06	8.73674e-06
314	24	15	37	38	15	58	0.585997	0.53444	3.06285e-06	5.22673e-06
315	21	14	33	39	16	71	0.544972	0.60702	3.25562e-06	5.97391e-06
316	15	11	7	8	5	4	0.931797	0.07064	6.18819e-07	6.64114e-07
317	26	18	29	31	18	18	0.750902	0.28648	2.03215e-06	2.70627e-06
318	12	10	37	38	15	49	0.613521	0.48854	2.91333e-06	4.74854e-06
319	19	18	21	21	16	5	0.854379	0.15738	1.23976e-06	1.45107e-06
320	14	14	46	50	22	71	0.508597	0.6761	3.35411e-06	6.59484e-06
321	18	14	26	28	11	54	0.636838	0.45124	2.83375e-06	4.44973e-06
322	12	9	24	30	9	62	0.603747	0.5046	3.0113e-06	4.98769e-06
323	18	16	63	65	36	65	0.477257	0.7397	3.39938e-06	7.12275e-06
324	23	17	28	31	14	45	0.654306	0.42418	2.7094e-06	4.14087e-06
325	22	20	74	82	32	115	0.332385	1.10146	3.56949e-06	1.0739e-05
326	21	18	13	13	8	8	0.884759	0.12244	1.02533e-06	1.15888e-06
327	20	16	47	51	23	67	0.515829	0.66198	3.32129e-06	6.43875e-06
328	19	14	29	33	17	27	0.708263	0.34494	2.3354e-06	3.29737e-06
329	17	15	23	27	11	60	0.621537	0.47556	2.92873e-06	4.71208e-06
330	18	13	30	31	18	20	0.743282	0.29668	2.09051e-06	2.81254e-06
331	17	16	22	24	13	21	0.772734	0.25782	1.90907e-06	2.47054e-06
332	17	15	24	28	14	23	0.745918	0.29314	2.09051e-06	2.8026e-06
333	16	13	30	33	16	40	0.662828	0.41124	2.64342e-06	3.9881e-06
334	16	12	36	39	19	42	0.631839	0.45912	2.80098e-06	4.43305e-06
335	13	8	6	6	5	1	0.958122	0.04278	3.7541e-07	3.91819e-07
336	15	10	15	16	10	10	0.859435	0.15148	1.23285e-06	1.43449e-06
337	14	9	13	13	7	21	0.828002	0.18874	1.53149e-06	1.84962e-06
338	14	10	29	33	14	49	0.633092	0.45714	2.82758e-06	4.4663e-06
339	13	11	12	15	7	15	0.843074	0.1707	1.38577e-06	1.64371e-06
340	13	12	35	39	13	65	0.561906	0.57642	3.17764e-06	5.65511e-06
341	12	11	42	48	18	131	0.379257	0.96954	3.66739e-06	9.66993e-06
342	11	10	13	14	10	4	0.89734	0.10832	8.99852e-07	1.0028e-06
343	10	9	31	40	17	118	0.426135	0.853	3.63391e-06	8.52762e-06
344	17	13	40	47	19	85	0.482555	0.72866	3.45961e-06	7.16936e-06
345	11	10	6	6	5	1	0.958122	0.04278	3.7541e-07	3.91819e-07
346	14	10	37	41	19	43	0.620779	0.47678	2.85501e-06	4.59908e-06
347	19	17	15	16	10	8	0.868246	0.14128	1.15323e-06	1.32823e-06
348	13	11	37	43	16	121	0.411832	0.88714	3.64733e-06	8.85636e-06
349	15	9	21	25	12	34	0.718636	0.3304	2.31237e-06	3.21772e-06
350	13	10	15	15	9	10	0.864849	0.1452	1.1918e-06	1.37805e-06
351	10	10	22	24	15	20	0.776685	0.25272	1.87756e-06	2.41741e-06
352	15	12	11	11	6	9	0.891384	0.11498	9.7974e-07	1.09912e-06
353	16	15	48	54	24	69	0.501065	0.69102	3.36433e-06	6.71436e-06
354	16	10	42	45	21	43	0.605379	0.5019	2.92088e-06	4.82487e-06
355	9	7	7	7	5	3	0.942462	0.05926	5.22626e-07	5.54533e-07
356	19	15	47	52	16	146	0.342611	1.07116	3.66344e-06	1.06927e-05
357	18	14	26	29	12	43	0.669369	0.40142	2.62507e-06	3.92171e-06
358	26	18	52	62	20	144	0.325055	1.12376	3.62467e-06	1.11509e-05
359	24	18	53	58	23	100	0.417179	0.87424	3.58243e-06	8.58728e-06
360	23	19	46	49	30	33	0.621251	0.47602	2.80764e-06	4.51933e-06
361	22	16	26	30	16	22	0.740374	0.3006	2.11922e-06	2.86236e-06
362	21	14	57	63	18	288	0.154983	1.86444	2.92276e-06	1.88586e-05
363	25	22	39	41	21	83	0.506222	0.68078	3.40404e-06	6.72441e-06
364	19	15	55	62	25	107	0.392562	0.93506	3.60569e-06	9.185e-06
365	19	17	35	36	18	40	0.650457	0.43008	2.70424e-06	4.15744e-06
366	18	15	32	34	17	36	0.672253	0.39712	2.57608e-06	3.83201e-06
367	18	12	25	25	12	27	0.744755	0.2947	2.11941e-06	2.84579e-06
368	17	11	29	31	18	28	0.713566	0.33748	2.31025e-06	3.23761e-06
369	9	8	9	9	4	7	0.911905	0.09222	8.0244e-07	8.79961e-07
370	16	14	26	28	11	95	0.516676	0.66034	3.42462e-06	6.62819e-06
371	16	14	15	19	6	49	0.691273	0.36922	2.54114e-06	3.67603e-06
372	15	12	56	59	22	122	0.370567	0.99272	3.63625e-06	9.81266e-06
373	15	11	23	30	9	96	0.507631	0.678	3.44896e-06	6.79422e-06
374	14	11	25	27	13	22	0.754455	0.28176	2.03176e-06	2.69302e-06
375	13	10	32	38	12	125	0.416387	0.87614	3.65865e-06	8.78666e-06
376	13	12	10	10	7	4	0.920167	0.0832	7.14978e-07	7.77009e-07
377	12	9	39	43	16	85	0.49483	0.70354	3.43589e-06	6.94357e-06
378	11	8	8	8	7	1	0.946163	0.05534	4.77542e-07	5.04714e-07
379	11	7	17	19	9	20	0.80146	0.22132	1.71125e-06	2.13517e-06
380	17	13	35	40	14	62	0.566998	0.5674	3.14806e-06	5.55216e-06
381	8	7	16	19	8	24	0.785276	0.24172	1.84359e-06	2.3477e-06
382	20	17	33	38	16	60	0.580051	0.54464	3.09341e-06	5.333e-06
383	19	18	21	24	11	30	0.738067	0.30372	2.17637e-06	2.94874e-06
384	13	12	66	77	27	166	0.264435	1.33016	3.4817e-06	1.31666e-05
385	11	9	16	17	8	31	0.767313	0.26486	2.00019e-06	2.60674e-06
386	15	12	28	33	18	30	0.697509	0.36024	2.41113e-06	3.45677e-06
387	22	16	33	38	16	57	0.588994	0.52934	3.04722e-06	5.1736e-06
388	23	16	37	41	19	67	0.549262	0.59918	3.22652e-06	5.87428e-06
389	26	19	37	43	14	102	0.453736	0.79024	3.56039e-06	7.84683e-06
390	17	14	32	37	18	39	0.64969	0.43126	2.7032e-06	4.16076e-06
391	12	9	51	55	20	66	0.505605	0.682	3.34276e-06	6.61141e-06
392	14	10	3	3	2	1	0.976344	0.02394	2.17213e-07	2.22476e-07
393	18	16	50	53	25	66	0.511995	0.66944	3.32721e-06	6.49851e-06
394	12	9	8	8	5	4	0.931797	0.07064	6.18819e-07	6.64114e-07
395	18	14	50	57	17	172	0.290788	1.23516	3.5931e-06	1.23564e-05
396	20	15	21	23	11	17	0.793628	0.23114	1.74722e-06	2.20156e-06
397	14	11	17	20	7	38	0.726585	0.3194	2.2873e-06	3.14801e-06
398	21	16	34	37	19	37	0.656351	0.42106	2.66117e-06	4.05449e-06
399	20	16	70	76	24	301	0.13367	2.01238	2.71125e-06	2.02831e-05
400	20	16	30	34	15	79	0.539874	0.61642	3.30227e-06	6.11674e-06
401	19	14	40	41	27	20	0.698039	0.35948	2.35729e-06	3.37702e-06
402	18	16	17	19	15	5	0.865178	0.14482	1.15776e-06	1.33817e-06
403	17	12	32	35	14	43	0.644616	0.4391	2.74632e-06	4.26039e-06
404	17	14	59	65	26	253	0.182958	1.6985	3.13074e-06	1.71118e-05
405	17	13	25	27	12	29	0.727996	0.31746	2.23127e-06	3.06495e-06
406	16	13	43	50	20	81	0.483309	0.7271	3.44414e-06	7.12617e-06
407	16	14	28	29	17	18	0.760393	0.27392	1.97199e-06	2.59338e-06
408	15	15	27	29	15	32	0.707994	0.34532	2.36275e-06	3.33724e-06
409	21	17	44	52	18	81	0.477276	0.73966	3.45503e-06	7.23906e-06
410	14	12	18	20	11	14	0.821191	0.197	1.53794e-06	1.87282e-06
411	14	9	13	13	7	10	0.87578	0.13264	1.10799e-06	1.26515e-06
412	13	8	27	27	18	16	0.777898	0.25116	1.8469e-06	2.37422e-06
413	12	9	10	10	7	4	0.920167	0.0832	7.14978e-07	7.77009e-07
414	12	11	32	34	13	58	0.600904	0.50932	3.00509e-06	5.00094e-06
415	11	6	8	10	7	6	0.910829	0.0934	8.04513e-07	8.83275e-07
416	10	8	7	8	5	4	0.931797	0.07064	6.18819e-07	6.64114e-07
417	9	8	17	18	9	30	0.766408	0.26604	2.00037e-06	2.61005e-06
418	14	14	29	35	12	66	0.573269	0.5564	3.14292e-06	5.48246e-06
419	19	14	35	38	17	46	0.622981	0.47324	2.85894e-06	4.58914e-06
420	13	11	7	7	5	2	0.947281	0.05416	4.74966e-07	5.014e-07
421	18	13	28	31	12	51	0.634588	0.45478	2.83005e-06	4.45967e-06
422	22	16	22	26	12	27	0.740093	0.30098	2.14792e-06	2.90223e-06
423	10	9	17	21	8	24	0.775475	0.25428	1.90813e-06	2.4606e-06
424	9	8	41	46	14	88	0.478222	0.73768	3.47778e-06	7.27231e-06
425	16	14	26	28	13	32	0.712454	0.33904	2.33742e-06	3.2808e-06
426	16	12	34	38	17	45	0.626166	0.46814	2.84029e-06	4.536e-06
427	9	9	20	20	10	20	0.796443	0.2276	1.7455e-06	2.19162e-06
428	13	8	28	30	10	51	0.638585	0.4485	2.81183e-06	4.40322e-06
429	18	16	61	65	27	76	0.45122	0.7958	3.47765e-06	7.70722e-06
430	12	11	34	38	11	155	0.357314	1.02914	3.70915e-06	1.03807e-05
431	15	13	37	38	20	41	0.639071	0.44774	2.763e-06	4.32347e-06
432	24	18	27	32	15	42	0.660235	0.41516	2.66597e-06	4.03792e-06
433	22	17	36	40	25	24	0.688252	0.3736	2.43166e-06	3.5331e-06
434	21	15	38	43	14	136	0.381502	0.96364	3.68277e-06	9.65336e-06
435	20	13	16	16	12	5	0.881632	0.12598	1.03048e-06	1.16883e-06
436	20	19	49	51	27	48	0.568315	0.56508	3.08551e-06	5.42922e-06
437	17	12	38	42	17	114	0.429489	0.84516	3.61972e-06	8.42798e-06
438	18	13	48	55	18	174	0.291475	1.2328	3.59966e-06	1.23498e-05
439	18	16	18	20	13	11	0.833851	0.1817	1.42874e-06	1.71342e-06
440	17	11	33	35	21	27	0.699423	0.3575	2.38521e-06	3.41026e-06
441	17	13	22	25	13	20	0.771823	0.259	1.90938e-06	2.47385e-06
442	16	10	28	30	12	60	0.609937	0.4944	2.97736e-06	4.88142e-06
443	13	10	54	57	17	128	0.363942	1.01076	3.64618e-06	1.00186e-05
444	15	14	40	43	21	51	0.588523	0.53014	3.02326e-06	5.13704e-06
445	15	14	16	16	12	4	0.88614	0.12088	9.88662e-07	1.11569e-06
446	14	13	28	30	17	22	0.740374	0.3006	2.11922e-06	2.86236e-06
447	14	13	36	38	15	85	0.510615	0.67214	3.40137e-06	6.66133e-06
448	13	10	9	10	6	4	0.920167	0.0832	7.14978e-07	7.77009e-07
449	12	12	24	26	10	29	0.732582	0.31118	2.20397e-06	3.0085e-06
450	12	11	16	19	7	78	0.596235	0.51712	3.1105e-06	5.21689e-06
451	11	8	13	13	11	2	0.912251	0.09184	7.66369e-07	8.40085e-07
452	10	7	12	12	8	4	0.908682	0.09576	8.0864e-07	8.89904e-07
453	18	12	30	33	16	43	0.652764	0.42654	2.70734e-06	4.1475e-06
454	13	9	29	31	10	64	0.593879	0.52108	3.05871e-06	5.1504e-06
455	6	6	11	12	6	9	0.885804	0.12126	1.02361e-06	1.15557e-06
456	13	9	3	3	3	0	0.981336	0.01884	1.66182e-07	1.69343e-07
457	20	16	67	72	24	147	0.300635	1.20186	3.56998e-06	1.18748e-05
458	22	19	24	30	15	46	0.655079	0.423	2.71042e-06	4.13756e-06
459	22	18	50	59	19	106	0.402074	0.91112	3.6036e-06	8.96253e-06
460	15	13	10	11	8	3	0.919082	0.08438	7.17181e-07	7.80323e-07
461	26	18	32	38	9	158	0.351889	1.04444	3.70893e-06	1.05401e-05
462	26	19	44	45	23	74	0.516851	0.66	3.34506e-06	6.472e-06
463	27	22	75	82	32	188	0.229063	1.47376	3.34838e-06	1.46177e-05
464	19	19	37	43	18	88	0.487317	0.71884	3.4614e-06	7.10297e-06
465	18	16	31	32	12	45	0.65021	0.43046	2.72914e-06	4.19732e-06
466	12	11	45	50	14	140	0.357722	1.028	3.67059e-06	1.0261e-05
467	26	22	32	33	21	33	0.686918	0.37554	2.48401e-06	3.61617e-06
468	24	18	61	71	28	116	0.354347	1.03748	3.60414e-06	1.01712e-05
469	23	20	50	54	18	192	0.267584	1.31832	3.54543e-06	1.32497e-05
470	20	17	51	58	30	59	0.514202	0.66514	3.29542e-06	6.40882e-06
471	23	18	29	36	16	56	0.599488	0.51168	3.00198e-06	5.00757e-06
472	20	13	26	29	12	78	0.559943	0.57992	3.23724e-06	5.78137e-06
473	19	15	13	14	7	13	0.857083	0.15422	1.26934e-06	1.481e-06
474	19	16	62	66	29	103	0.390714	0.93978	3.59389e-06	9.19826e-06
475	18	16	30	32	17	28	0.709099	0.34376	2.33581e-06	3.29405e-06
476	17	15	18	20	10	19	0.800515	0.2225	1.71189e-06	2.13848e-06
477	18	13	33	38	19	48	0.616658	0.48344	2.89546e-06	4.6954e-06
478	16	13	34	35	13	57	0.600195	0.5105	3.00353e-06	5.00426e-06
479	16	12	27	31	15	30	0.706325	0.34768	2.36186e-06	3.34387e-06
480	15	11	17	23	9	56	0.650483	0.43004	2.78e-06	4.27375e-06
481	15	9	35	41	11	99	0.466555	0.76238	3.53394e-06	7.57454e-06
482	14	8	38	42	16	85	0.497948	0.69726	3.42943e-06	6.88712e-06
483	17	12	22	25	13	41	0.693433	0.3661	2.48918e-06	3.58965e-06
484	13	10	12	14	8	21	0.822818	0.19502	1.56834e-06	1.90606e-06
485	13	6	14	15	4	35	0.761321	0.2727	2.06042e-06	2.70638e-06
486	12	8	6	7	5	2	0.947281	0.05416	4.74966e-07	5.014e-07
487	11	10	15	16	9	11	0.855063	0.15658	1.27201e-06	1.48763e-06
488	17	12	34	38	17	40	0.642338	0.44264	2.743e-06	4.27034e-06
489	9	7	39	44	17	76	0.514829	0.66392	3.35762e-06	6.52182e-06
490	8	7	8	8	6	2	0.94135	0.06044	5.2513e-07	5.57847e-07
491	19	13	35	39	18	58	0.582329	0.54072	3.07655e-06	5.28318e-06
492	13	9	47	55	19	111	0.401921	0.9115	3.61825e-06	9.0024e-06
493	15	11	43	50	22	101	0.436442	0.8291	3.57395e-06	8.18883e-06
494	14	10	16	18	8	17	0.818944	0.19974	1.57182e-06	1.91932e-06
495	16	15	33	36	16	35	0.667257	0.40458	2.59681e-06	3.89178e-06
496	22	19	10	11	6	8	0.895942	0.10988	9.37145e-07	1.04599e-06
497	22	20	53	60	20	126	0.360811	1.0194	3.63757e-06	1.00816e-05
498	16	11	34	39	18	41	0.63507	0.45402	2.78155e-06	4.37992e-06
499	9	8	15	15	10	6	0.882673	0.1248	1.02877e-06	1.16551e-06
500	18	12	46	52	20	97	0.439877	0.82126	3.55825e-06	8.0892e-06
501	18	10	23	27	12	34	0.709667	0.34296	2.36363e-06	3.33061e-06
502	12	8	10	13	6	13	0.862483	0.14794	1.22865e-06	1.42455e-06
503	16	15	46	52	24	77	0.487113	0.71926	3.42271e-06	7.02653e-06
504	9	8	6	7	2	15	0.886513	0.12046	1.05684e-06	1.19213e-06
505	14	10	31	31	12	46	0.650978	0.42928	2.7302e-06	4.194e-06
506	22	15	55	68	17	243	0.188937	1.66634	3.16466e-06	1.67498e-05
507	21	20	35	40	24	35	0.650704	0.4297	2.67932e-06	4.11757e-06
508	20	19	32	34	21	17	0.740655	0.30022	2.09049e-06	2.82248e-06
509	19	14	35	39	18	60	0.576419	0.55092	3.10658e-06	5.38945e-06
510	19	16	37	39	19	37	0.648159	0.43362	2.70113e-06	4.16738e-06
511	18	15	35	36	12	68	0.563899	0.57288	3.18331e-06	5.64517e-06
512	18	16	31	32	19	23	0.727414	0.31826	2.20289e-06	3.02839e-06
513	17	13	17	20	12	12	0.82961	0.1868	1.46555e-06	1.76655e-06
514	17	17	51	56	20	236	0.21113	1.55528	3.31485e-06	1.57005e-05
515	16	14	48	52	13	231	0.222093	1.50466	3.37782e-06	1.5209e-05
516	16	14	6	8	5	6	0.922341	0.08084	7.10553e-07	7.7038e-07
517	21	20	69	75	30	125	0.330054	1.1085	3.58941e-06	1.08752e-05
518	15	13	32	32	19	20	0.738629	0.30296	2.11912e-06	2.86899e-06
519	14	10	4	4	3	1	0.970232	0.03022	2.70621e-07	2.78924e-07
520	13	11	35	39	15	70	0.547759	0.60192	3.24316e-06	5.92078e-06
521	13	11	17	19	9	18	0.809677	0.21112	1.64276e-06	2.0289e-06
522	8	4	0	0	0	0	1	-0	0	0
523	15	11	36	40	20	31	0.664115	0.4093	2.59339e-06	3.90503e-06
524	10	8	16	18	7	29	0.770327	0.26094	1.96966e-06	2.55692e-06
525	9	6	13	13	7	10	0.87578	0.13264	1.10799e-06	1.26515e-06
526	22	15	58	62	24	95	0.417338	0.87386	3.56715e-06	8.54741e-06
527	19	15	20	25	9	74	0.586021	0.5344	3.13114e-06	5.34305e-06
528	13	11	32	36	17	36	0.663863	0.40968	2.61888e-06	3.94491e-06
529	11	8	10	10	5	11	0.887897	0.1189	1.02014e-06	1.14894e-06
530	21	17	47	51	20	107	0.420639	0.86598	3.60239e-06	8.56408e-06
531	22	16	31	34	18	30	0.693142	0.36652	2.43516e-06	3.51321e-06
532	13	9	20	23	9	56	0.650483	0.43004	2.78e-06	4.27375e-06
533	10	7	12	14	7	10	0.870298	0.13892	1.15018e-06	1.3216e-06
534	24	17	49	52	25	56	0.542178	0.61216	3.20467e-06	5.91073e-06
535	18	17	32	34	20	19	0.733139	0.31042	2.14718e-06	2.92875e-06
536	17	12	17	19	6	31	0.757736	0.27742	2.06076e-06	2.71963e-06
537	18	14	47	52	19	91	0.453545	0.79066	3.52423e-06	7.7704e-06
538	12	5	9	11	6	9	0.891384	0.11498	9.7974e-07	1.09912e-06
539	16	13	74	80	29	188	0.231958	1.4612	3.36451e-06	1.45048e-05
540	20	18	35	41	15	51	0.595961	0.51758	2.99419e-06	5.02414e-06
541	23	14	33	38	15	60	0.580051	0.54464	3.09341e-06	5.333e-06
542	22	15	33	38	12	117	0.433727	0.83534	3.62665e-06	8.36159e-06
543	21	15	28	30	14	59	0.613055	0.4893	2.96001e-06	4.82829e-06
544	20	11	19	22	9	26	0.7628	0.27076	2.00106e-06	2.62331e-06
545	16	14	39	40	16	55	0.587605	0.5317	3.04393e-06	5.18023e-06
546	19	13	28	32	8	79	0.546697	0.60386	3.28229e-06	6.00385e-06
547	18	10	12	14	8	10	0.870298	0.13892	1.15018e-06	1.3216e-06
548	18	16	54	57	22	107	0.405084	0.90366	3.60637e-06	8.90277e-06
549	17	12	45	51	18	85	0.470584	0.75378	3.48004e-06	7.39515e-06
550	17	12	22	24	10	48	0.67333	0.39552	2.62944e-06	3.90514e-06
551	13	10	24	29	12	33	0.704392	0.35042	2.38815e-06	3.39038e-06
552	16	14	26	28	19	14	0.780953	0.24724	1.81525e-06	2.3244e-06
553	15	13	34	36	17	63	0.578463	0.54738	3.11185e-06	5.37951e-06
554	15	10	14	17	7	26	0.787131	0.23936	1.84273e-06	2.34107e-06
555	14	13	50	56	15	163	0.306364	1.18298	3.62177e-06	1.18218e-05
556	14	12	11	14	6	13	0.857083	0.15422	1.26934e-06	1.481e-06
557	16	13	25	27	14	35	0.706057	0.34806	2.38912e-06	3.38375e-06
558	12	10	19	19	12	9	0.847707	0.16522	1.31454e-06	1.5507e-06
559	12	10	25	28	10	46	0.663358	0.41044	2.66979e-06	4.02466e-06
560	11	10	5	5	4	1	0.964158	0.0365	3.23351e-07	3.35371e-07
561	11	8	11	14	7	14	0.852723	0.15932	1.30819e-06	1.53413e-06
562	11	9	29	32	14	38	0.673842	0.39476	2.5777e-06	3.82538e-06
563	7	5	13	13	8	6	0.89383	0.11224	9.40861e-07	1.05262e-06
564	13	11	34	37	8	140	0.388151	0.94636	3.698e-06	9.52721e-06
565	16	11	21	24	14	21	0.772734	0.25782	1.90907e-06	2.47054e-06
566	20	16	13	13	10	3	0.90761	0.09694	8.10694e-07	8.93218e-07
567	11	9	10	10	7	3	0.924872	0.0781	6.69492e-07	7.23876e-07
568	14	12	48	50	23	53	0.557496	0.5843	3.14341e-06	5.63844e-06
569	17	14	5	5	4	1	0.964158	0.0365	3.23351e-07	3.35371e-07
570	16	12	17	17	9	17	0.824103	0.19346	1.5352e-06	1.86287e-06
571	9	6	28	34	10	102	0.48012	0.73372	3.5235e-06	7.3388e-06
572	18	13	28	28	12	58	0.623978	0.47164	2.90915e-06	4.66226e-06
573	18	16	14	18	9	15	0.82734	0.18954	1.50001e-06	1.81305e-06
574	12	10	8	9	6	4	0.925964	0.07692	6.67214e-07	7.20561e-07
575	27	20	34	37	21	34	0.66647	0.40576	2.59596e-06	3.89509e-06
576	25	15	40	42	19	54	0.583238	0.53916	3.05616e-06	5.23999e-06
577	14	11	27	29	21	12	0.784021	0.24332	1.78332e-06	2.27458e-06
578	22	16	74	82	33	215	0.199596	1.61146	3.20398e-06	1.60523e-05
579	21	17	23	26	11	27	0.740093	0.30098	2.14792e-06	2.90223e-06
580	20	12	17	17	12	6	0.871656	0.13736	1.11433e-06	1.27841e-06
581	20	16	55	59	20	137	0.343276	1.06922	3.64204e-06	1.06097e-05
582	19	17	48	52	25	85	0.467638	0.76006	3.48465e-06	7.4516e-06
583	18	12	15	17	6	35	0.751819	0.28526	2.11958e-06	2.81927e-06
584	18	11	13	16	4	46	0.715281	0.33508	2.39425e-06	3.34729e-06
585	17	13	20	21	13	11	0.828631	0.18798	1.46657e-06	1.76986e-06
586	17	16	41	44	17	63	0.550119	0.59762	3.20779e-06	5.83109e-06
587	16	10	15	16	4	33	0.764311	0.26878	2.03044e-06	2.65656e-06
588	16	12	11	11	8	3	0.919082	0.08438	7.17181e-07	7.80323e-07
589	15	13	67	79	30	168	0.258484	1.35292	3.46e-06	1.33857e-05
590	15	11	30	32	17	23	0.727414	0.31826	2.20289e-06	3.02839e-06
591	16	15	34	34	14	48	0.632345	0.45832	2.82634e-06	4.46961e-06
592	14	12	28	34	17	34	0.679145	0.38692	2.53032e-06	3.72575e-06
593	13	11	30	38	17	62	0.574164	0.55484	3.12303e-06	5.43927e-06
594	12	9	34	36	13	73	0.549701	0.59838	3.2492e-06	5.91084e-06
595	12	8	9	9	7	2	0.935457	0.06672	5.74646e-07	6.14295e-07
596	10	7	22	24	10	33	0.726861	0.31902	2.25918e-06	3.10814e-06
597	14	12	26	26	18	14	0.790824	0.23468	1.74891e-06	2.2115e-06
598	9	7	8	8	7	1	0.946163	0.05534	4.77542e-07	5.04714e-07
599	19	18	38	42	18	97	0.468387	0.75846	3.52448e-06	7.52472e-06
600	13	9	10	10	6	6	0.910829	0.0934	8.04513e-07	8.83275e-07
601	15	14	30	34	16	48	0.632345	0.45832	2.82634e-06	4.46961e-06
602	13	9	13	15	7	21	0.817667	0.2013	1.60468e-06	1.96251e-06
603	11	8	31	34	9	148	0.37972	0.96832	3.71478e-06	9.78293e-06
604	21	19	45	53	20	138	0.354644	1.03664	3.66138e-06	1.03241e-05
605	17	12	31	36	20	30	0.684491	0.37908	2.48204e-06	3.62611e-06
606	15	10	2	3	2	1	0.976344	0.02394	2.17213e-07	2.22476e-07
607	16	14	34	38	17	36	0.655577	0.42224	2.6602e-06	4.0578e-06
608	19	17	19	22	14	18	0.794565	0.22996	1.74665e-06	2.19824e-06
609	18	13	22	26	16	21	0.763089	0.27038	1.97139e-06	2.58343e-06
610	12	10	8	9	8	1	0.94024	0.06162	5.27627e-07	5.61162e-07
611	17	14	22	23	7	121	0.466947	0.76154	3.60829e-06	7.72741e-06
612	20	15	30	34	12	105	0.47283	0.74902	3.54537e-06	7.4982e-06
613	14	13	31	34	11	73	0.556649	0.58582	3.22742e-06	5.79794e-06
614	20	16	39	42	16	79	0.513421	0.66666	3.37231e-06	6.56832e-06
615	22	20	32	32	20	16	0.753851	0.28256	2.00257e-06	2.65645e-06
616	21	17	50	59	20	114	0.385999	0.95192	3.6236e-06	9.38759e-06
617	20	14	32	35	18	34	0.674894	0.3932	2.55258e-06	3.78219e-06
618	19	17	28	30	13	30	0.710775	0.3414	2.33662e-06	3.28742e-06
619	17	14	22	25	12	26	0.748563	0.2896	2.09048e-06	2.79265e-06
620	18	11	50	54	21	91	0.447884	0.80322	3.5308e-06	7.88329e-06
621	17	15	21	23	11	18	0.789591	0.23624	1.78029e-06	2.25469e-06
622	17	14	37	41	19	73	0.532709	0.62978	3.29911e-06	6.19308e-06
623	16	12	32	35	11	116	0.444236	0.8114	3.61569e-06	8.13912e-06
624	16	13	20	21	11	14	0.81605	0.20328	1.57438e-06	1.92926e-06
625	21	16	49	52	21	95	0.444387	0.81106	3.54751e-06	7.98293e-06
626	15	12	10	11	6	8	0.895942	0.10988	9.37145e-07	1.04599e-06
627	14	9	23	27	13	27	0.735459	0.30726	2.17599e-06	2.95868e-06
628	14	9	14	15	6	18	0.830274	0.186	1.49708e-06	1.80311e-06
629	13	11	13	13	9	5	0.8984	0.10714	8.97937e-07	9.99485e-07
630	13	9	30	30	17	21	0.744159	0.2955	2.09051e-06	2.80923e-06
631	21	12	41	48	20	83	0.484451	0.72474	3.44906e-06	7.11954e-06
632	11	11	22	22	12	21	0.782501	0.24526	1.84486e-06	2.35764e-06
633	10	7	22	23	11	26	0.758024	0.27704	2.03132e-06	2.67976e-06
634	22	19	27	33	20	25	0.715524	0.33474	2.28331e-06	3.1911e-06
635	19	17	45	49	25	63	0.533114	0.62902	3.2591e-06	6.11332e-06
636	13	9	18	20	5	72	0.610913	0.4928	3.0268e-06	4.95454e-06
637	4	2	15	17	5	43	0.721762	0.32606	2.34164e-06	3.24434e-06
638	26	21	51	52	25	47	0.567644	0.56626	3.08375e-06	5.43254e-06
639	11	10	10	11	5	16	0.860123	0.15068	1.26529e-06	1.47105e-06
640	12	9	25	25	12	20	0.771823	0.259	1.90938e-06	2.47385e-06
641	9	5	11	15	3	51	0.701664	0.3543	2.49547e-06	3.55651e-06
642	14	13	26	28	11	56	0.630375	0.46144	2.87198e-06	4.55599e-06
643	16	12	36	38	14	58	0.585997	0.53444	3.06285e-06	5.22673e-06
644	9	7	13	15	7	14	0.847385	0.1656	1.34783e-06	1.59058e-06
645	18	14	20	23	11	25	0.7619	0.27194	2.00123e-06	2.62662e-06
646	12	9	6	6	5	1	0.958122	0.04278	3.7541e-07	3.91819e-07
647	14	10	59	70	24	124	0.342323	1.072	3.60803e-06	1.05398e-05
648	20	17	51	60	24	94	0.424773	0.8562	3.56018e-06	8.38138e-06
649	24	22	39	41	22	31	0.659957	0.41558	2.61441e-06	3.96148e-06
650	23	18	20	21	12	25	0.77153	0.25938	1.93942e-06	2.51373e-06
651	22	20	33	36	23	30	0.684491	0.37908	2.48204e-06	3.62611e-06
652	21	17	38	41	20	47	0.608243	0.49718	2.92663e-06	4.81161e-06
653	20	16	47	48	21	113	0.415721	0.87774	3.6224e-06	8.71354e-06
654	16	12	19	22	9	28	0.755059	0.28096	2.06099e-06	2.72958e-06
655	19	14	16	17	10	10	0.854055	0.15776	1.27335e-06	1.49094e-06
656	18	15	63	71	30	110	0.365357	1.00688	3.59966e-06	9.85243e-06
657	18	14	13	16	7	17	0.829294	0.18718	1.49806e-06	1.80643e-06
658	17	13	32	40	11	88	0.496585	0.7	3.44314e-06	6.93363e-06
659	16	13	21	21	11	20	0.791457	0.23388	1.77925e-06	2.24806e-06
660	16	10	4	4	3	1	0.970232	0.03022	2.70621e-07	2.78924e-07
661	16	13	34	37	17	48	0.620543	0.47716	2.87867e-06	4.63895e-06
662	15	13	24	27	11	36	0.702465	0.35316	2.41429e-06	3.43688e-06
663	14	10	14	15	13	2	0.900865	0.1044	8.58507e-07	9.5298e-07
664	14	11	16	16	6	26	0.79209	0.23308	1.80963e-06	2.28462e-06
665	16	13	24	25	14	15	0.791758	0.2335	1.74835e-06	2.20819e-06
666	13	10	30	32	12	53	0.624215	0.47126	2.88536e-06	4.62238e-06
667	12	10	26	28	11	54	0.636838	0.45124	2.83375e-06	4.44973e-06
668	11	10	31	32	16	47	0.643611	0.44066	2.76984e-06	4.30358e-06
669	16	12	28	29	16	24	0.737477	0.30452	2.14766e-06	2.91218e-06
670	17	15	20	21	15	9	0.837127	0.17778	1.39264e-06	1.6636e-06
671	19	14	33	37	19	48	0.620543	0.47716	2.87867e-06	4.63895e-06
672	7	7	27	35	11	123	0.428656	0.8471	3.64831e-06	8.51105e-06
673	15	12	13	13	9	7	0.889283	0.11734	9.83326e-07	1.10575e-06
674	22	19	59	67	18	297	0.144358	1.93546	2.82401e-06	1.95625e-05
675	23	19	53	56	23	160	0.311088	1.16768	3.62802e-06	1.16624e-05
676	13	11	23	24	10	28	0.745634	0.29352	2.11944e-06	2.84247e-06
677	16	14	26	27	16	23	0.750617	0.28686	2.06131e-06	2.74615e-06
678	20	17	48	50	24	78	0.49076	0.7118	3.41901e-06	6.96677e-06
679	24	21	33	34	22	18	0.736888	0.30532	2.11901e-06	2.87562e-06
680	17	13	31	36	14	75	0.544123	0.60858	3.27404e-06	6.0171e-06
681	18	12	25	27	15	43	0.677829	0.38886	2.58172e-06	3.80881e-06
682	12	8	39	45	15	132	0.384504	0.9558	3.67345e-06	9.55372e-06
683	29	24	111	124	36	636	0.0179114	4.02232	7.30644e-07	4.07922e-05
684	20	18	34	40	16	84	0.50682	0.6796	3.40638e-06	6.72109e-06
685	14	12	7	7	6	1	0.952124	0.04906	4.26805e-07	4.48266e-07
686	23	17	42	46	22	45	0.595484	0.51838	2.97003e-06	4.98758e-06
687	23	19	53	56	25	129	0.364372	1.00958	3.64928e-06	1.00152e-05
688	16	15	10	11	6	9	0.891384	0.11498	9.7974e-07	1.09912e-06
689	20	16	9	9	8	1	0.94024	0.06162	5.27627e-07	5.61162e-07
690	19	17	56	66	26	108	0.380877	0.96528	3.60459e-06	9.46393e-06
691	19	16	16	19	9	26	0.777307	0.25192	1.90749e-06	2.45397e-06
692	18	15	77	83	33	125	0.313881	1.15874	3.55527e-06	1.13268e-05
693	18	15	51	55	19	107	0.410204	0.8911	3.60564e-06	8.78987e-06
694	17	15	25	28	13	32	0.712454	0.33904	2.33742e-06	3.2808e-06
695	17	15	38	41	13	73	0.532709	0.62978	3.29911e-06	6.19308e-06
696	16	14	40	42	15	74	0.526681	0.64116	3.31949e-06	6.30266e-06
697	16	13	37	41	16	70	0.540922	0.61448	3.26375e-06	6.03368e-06
698	15	11	17	18	6	58	0.664421	0.40884	2.72265e-06	4.09778e-06
699	15	11	36	41	19	46	0.611353	0.49208	2.90911e-06	4.75848e-06
700	14	9	22	23	11	25	0.7619	0.27194	2.00123e-06	2.62662e-06
701	14	14	20	20	12	14	0.821191	0.197	1.53794e-06	1.87282e-06
702	13	9	11	13	8	11	0.871325	0.13774	1.14865e-06	1.31828e-06
703	12	7	31	35	15	40	0.654555	0.4238	2.68433e-06	4.10099e-06
704	18	13	38	44	18	166	0.325328	1.12292	3.67745e-06	1.13038e-05
705	11	9	6	6	5	1	0.958122	0.04278	3.7541e-07	3.91819e-07
706	10	7	10	15	4	56	0.683998	0.3798	2.61436e-06	3.82217e-06
707	19	13	36	40	16	51	0.599715	0.5113	2.9792e-06	4.9677e-06
708	13	10	38	39	15	61	0.573487	0.55602	3.12125e-06	5.44258e-06
709	16	12	7	7	4	4	0.937667	0.06436	5.69789e-07	6.07666e-07
710	15	13	47	53	15	96	0.439358	0.82244	3.55551e-06	8.09251e-06
711	12	12	13	15	7	15	0.843074	0.1707	1.38577e-06	1.64371e-06
712	19	13	30	31	14	39	0.674637	0.39358	2.57851e-06	3.82207e-06
713	19	16	27	33	17	39	0.666217	0.40614	2.62154e-06	3.93497e-06
714	17	12	11	14	9	11	0.86587	0.14402	1.19034e-06	1.37473e-06
715	15	13	47	54	19	161	0.313417	1.16022	3.63646e-06	1.16026e-05
716	17	12	42	43	19	85	0.49483	0.70354	3.43589e-06	6.94357e-06
717	18	14	18	19	14	8	0.852042	0.16012	1.27599e-06	1.49757e-06
718	12	8	21	26	14	20	0.766991	0.26528	1.94072e-06	2.5303e-06
719	16	14	66	71	36	77	0.432324	0.83858	3.50141e-06	8.09904e-06
720	18	15	27	32	13	37	0.677287	0.38966	2.5549e-06	3.77225e-06
721	14	11	45	51	17	101	0.43371	0.83538	3.57606e-06	8.24528e-06
722	22	19	60	64	27	94	0.414236	0.88132	3.5654e-06	8.60717e-06
723	22	17	35	40	21	38	0.640824	0.445	2.74078e-06	4.27697e-06
724	21	17	77	85	38	115	0.326182	1.1203	3.55811e-06	1.09084e-05
725	20	16	29	30	18	21	0.744159	0.2955	2.09051e-06	2.80923e-06
726	20	17	22	25	11	23	0.760104	0.2743	2.00155e-06	2.63325e-06
727	19	14	59	70	26	119	0.351165	1.0465	3.60793e-06	1.02742e-05
728	10	8	27	33	19	27	0.708263	0.34494	2.3354e-06	3.29737e-06
729	18	12	46	53	20	90	0.45301	0.79184	3.52157e-06	7.77371e-06
730	17	15	37	39	13	82	0.515241	0.66312	3.37915e-06	6.55838e-06
731	17	13	32	38	16	65	0.565446	0.57014	3.16575e-06	5.59867e-06
732	16	14	39	40	15	62	0.566998	0.5674	3.14806e-06	5.55216e-06
733	16	14	12	12	10	3	0.913328	0.09066	7.64246e-07	8.36771e-07
734	15	13	52	60	25	103	0.405717	0.9021	3.59448e-06	8.85958e-06
735	15	12	29	31	16	31	0.702732	0.35278	2.38718e-06	3.397e-06
736	14	11	6	6	5	1	0.958122	0.04278	3.7541e-07	3.91819e-07
737	14	12	26	31	13	66	0.587852	0.53128	3.09014e-06	5.25667e-06
738	13	8	16	16	12	4	0.88614	0.12088	9.88662e-07	1.11569e-06
739	19	17	40	43	17	60	0.56212	0.57604	3.15644e-06	5.61524e-06
740	12	10	31	36	15	69	0.561031	0.57798	3.19692e-06	5.6983e-06
741	11	10	25	26	10	42	0.685587	0.37748	2.53615e-06	3.69923e-06
742	10	8	7	7	5	2	0.947281	0.05416	4.74966e-07	5.014e-07
743	19	18	40	43	24	40	0.622482	0.47404	2.8339e-06	4.55257e-06
744	13	12	49	52	20	114	0.403346	0.90796	3.62707e-06	8.99246e-06
745	19	14	35	40	19	62	0.566998	0.5674	3.14806e-06	5.55216e-06
746	22	19	65	71	29	153	0.293411	1.22618	3.56118e-06	1.21372e-05
747	24	18	51	57	25	103	0.413433	0.88326	3.59283e-06	8.69023e-06
748	20	15	64	72	27	105	0.372447	0.98766	3.59159e-06	9.64321e-06
749	18	18	52	63	19	177	0.272985	1.29834	3.53809e-06	1.29608e-05
750	13	8	18	19	10	13	0.830589	0.18562	1.46452e-06	1.76324e-06
751	15	11	32	36	13	88	0.509218	0.67488	3.41575e-06	6.70784e-06
752	24	21	37	41	24	29	0.666723	0.40538	2.57036e-06	3.85521e-06
753	18	16	66	73	25	159	0.281017	1.26934	3.53206e-06	1.25689e-05
754	12	9	40	44	16	86	0.489231	0.71492	3.45062e-06	7.05315e-06
755	13	7	22	24	10	60	0.633358	0.45672	2.87718e-06	4.54273e-06
756	20	16	38	39	23	26	0.685559	0.37752	2.4563e-06	3.58292e-06
757	25	24	59	64	26	160	0.295845	1.21792	3.58385e-06	1.2114e-05
758	24	19	43	49	23	57	0.549679	0.59842	3.18513e-06	5.79452e-06
759	23	19	68	73	28	161	0.278165	1.27954	3.52578e-06	1.26751e-05
760	21	18	18	18	13	7	0.861793	0.14874	1.19616e-06	1.38799e-06
761	14	10	39	44	19	84	0.494247	0.70472	3.43348e-06	6.94688e-06
762	17	14	58	63	28	64	0.48576	0.72204	3.3793e-06	6.95672e-06
763	19	15	68	74	29	117	0.345964	1.06142	3.59585e-06	1.03937e-05
764	18	17	57	67	29	108	0.378492	0.97156	3.60339e-06	9.52037e-06
765	18	16	41	43	20	59	0.564994	0.57094	3.14256e-06	5.56211e-06
766	17	14	44	47	14	95	0.458562	0.77966	3.53124e-06	7.70069e-06
767	17	10	22	24	15	12	0.809029	0.21192	1.61186e-06	1.99234e-06
768	16	11	22	22	15	13	0.815087	0.20446	1.57522e-06	1.93258e-06
769	16	10	15	16	8	12	0.850713	0.16168	1.31075e-06	1.54076e-06
770	15	13	36	41	19	63	0.560582	0.57878	3.17387e-06	5.66174e-06
771	15	10	17	21	10	19	0.795504	0.22878	1.74607e-06	2.19493e-06
772	14	10	16	16	12	5	0.881632	0.12598	1.03048e-06	1.16883e-06
773	14	11	63	70	30	121	0.347601	1.0567	3.60825e-06	1.03804e-05
774	13	10	8	8	7	1	0.946163	0.05534	4.77542e-07	5.04714e-07
775	13	7	11	11	7	7	0.900523	0.10478	8.94089e-07	9.92856e-07
776	12	7	7	7	5	3	0.942462	0.05926	5.22626e-07	5.54533e-07
777	11	9	30	32	12	69	0.575302	0.55286	3.14835e-06	5.47251e-06
778	14	12	40	45	19	89	0.478787	0.7365	3.4803e-06	7.269e-06
779	19	13	32	36	16	47	0.627645	0.46578	2.84284e-06	4.52937e-06
780	8	7	7	7	4	4	0.937667	0.06436	5.69789e-07	6.07666e-07
781	16	14	51	57	13	216	0.232338	1.45956	3.41405e-06	1.46943e-05
782	27	23	55	63	27	95	0.414725	0.88014	3.56823e-06	8.60385e-06
783	15	12	45	50	14	116	0.404299	0.9056	3.63296e-06	8.98583e-06
784	12	10	38	44	14	111	0.430667	0.84242	3.60963e-06	8.38148e-06
785	16	15	48	54	24	101	0.425615	0.85422	3.58139e-06	8.41462e-06
786	19	18	44	53	17	144	0.343957	1.06724	3.6607e-06	1.06429e-05
787	17	13	31	34	10	82	0.531677	0.63172	3.33688e-06	6.27614e-06
788	15	8	13	13	8	11	0.871325	0.13774	1.14865e-06	1.31828e-06
789	18	16	36	40	17	52	0.596665	0.5164	2.99575e-06	5.02083e-06
790	12	8	16	16	10	8	0.868246	0.14128	1.15323e-06	1.32823e-06
791	16	13	46	51	20	104	0.427124	0.85068	3.58984e-06	8.40468e-06
792	14	12	26	30	6	115	0.46075	0.7749	3.59557e-06	7.80375e-06
793	14	12	10	11	8	3	0.919082	0.08438	7.17181e-07	7.80323e-07
794	10	7	13	15	5	18	0.830274	0.186	1.49708e-06	1.80311e-06
795	18	15	12	15	8	17	0.834519	0.1809	1.46039e-06	1.74998e-06
796	16	15	47	55	21	104	0.416529	0.8758	3.59484e-06	8.63047e-06
797	21	16	38	44	18	60	0.558601	0.58232	3.16821e-06	5.67169e-06
798	20	18	79	84	27	221	0.191165	1.65462	3.15117e-06	1.6484e-05
799	19	13	56	63	22	112	0.380283	0.96684	3.61539e-06	9.50712e-06
800	19	15	31	34	13	58	0.600904	0.50932	3.00509e-06	5.00094e-06
801	18	16	23	25	13	29	0.737197	0.3049	2.17624e-06	2.95205e-06
802	20	17	47	48	17	104	0.435248	0.83184	3.58441e-06	8.23534e-06
803	17	13	35	37	18	50	0.614246	0.48736	2.91473e-06	4.74522e-06
804	16	12	53	63	23	148	0.316497	1.15044	3.61437e-06	1.14199e-05
805	16	11	38	42	18	54	0.583238	0.53916	3.05616e-06	5.23999e-06
806	15	10	31	32	20	23	0.727414	0.31826	2.20289e-06	3.02839e-06
807	15	12	48	54	21	87	0.457115	0.78282	3.50642e-06	7.67076e-06
808	14	11	34	36	19	34	0.670669	0.39948	2.57446e-06	3.83864e-06
809	14	11	22	24	13	21	0.772734	0.25782	1.90907e-06	2.47054e-06
810	13	9	9	10	4	13	0.878886	0.1291	1.10318e-06	1.25521e-06
811	13	12	32	36	15	66	0.56968	0.56268	3.1554e-06	5.5389e-06
812	12	5	8	8	5	6	0.922341	0.08084	7.10553e-07	7.7038e-07
813	22	18	56	58	26	79	0.464339	0.76714	3.4693e-06	7.47148e-06
814	10	9	3	4	2	3	0.960386	0.04042	3.69931e-07	3.8519e-07
815	9	8	20	20	15	6	0.855388	0.1562	1.23839e-06	1.44775e-06
816	13	7	8	9	4	15	0.875448	0.13302	1.14248e-06	1.30503e-06
817	19	15	59	62	23	174	0.27894	1.27676	3.55507e-06	1.27449e-05
818	22	17	45	46	22	65	0.53774	0.62038	3.25346e-06	6.05025e-06
819	15	14	45	50	22	62	0.532485	0.6302	3.25702e-06	6.11664e-06
820	19	16	30	37	13	73	0.54626	0.60466	3.25969e-06	5.96728e-06
821	24	16	25	26	14	20	0.766991	0.26528	1.94072e-06	2.5303e-06
822	16	14	31	35	10	138	0.397087	0.9236	3.6961e-06	9.30805e-06
823	14	13	30	32	12	60	0.602324	0.50696	3.0082e-06	4.99432e-06
824	23	17	47	53	25	56	0.538784	0.61844	3.21502e-06	5.96718e-06
825	18	12	19	22	11	40	0.710235	0.34216	2.39148e-06	3.36718e-06
826	12	6	15	16	6	27	0.788061	0.23818	1.8423e-06	2.33776e-06
827	15	11	32	37	18	50	0.614246	0.48736	2.91473e-06	4.74522e-06
828	20	13	24	25	13	17	0.783723	0.2437	1.81389e-06	2.31445e-06
829	14	11	25	27	12	38	0.695336	0.36336	2.46368e-06	3.54315e-06
830	21	15	29	31	15	32	0.699157	0.35788	2.41219e-06	3.45014e-06
831	23	15	65	79	24	168	0.258484	1.35292	3.46e-06	1.33857e-05
832	22	14	15	18	9	30	0.766408	0.26604	2.00037e-06	2.61005e-06
833	21	15	63	64	25	138	0.330972	1.10572	3.6225e-06	1.0945e-05
834	20	18	51	59	18	221	0.223662	1.49762	3.37122e-06	1.50728e-05
835	19	11	33	36	12	71	0.555337	0.58818	3.22349e-06	5.80457e-06
836	11	9	16	16	8	17	0.829294	0.18718	1.49806e-06	1.80643e-06
837	18	15	34	37	16	71	0.55186	0.59446	3.23446e-06	5.86102e-06
838	18	14	25	26	15	18	0.774855	0.25508	1.87827e-06	2.42404e-06
839	17	16	23	26	11	43	0.682099	0.38258	2.55949e-06	3.75237e-06
840	17	11	12	12	9	4	0.908682	0.09576	8.0864e-07	8.89904e-07
841	16	13	21	23	16	11	0.818289	0.20054	1.54064e-06	1.88276e-06
842	15	13	33	35	16	47	0.631599	0.4595	2.8251e-06	4.47293e-06
843	15	12	25	28	15	19	0.761291	0.27274	1.97179e-06	2.59006e-06
844	15	11	38	45	12	156	0.340207	1.0782	3.68408e-06	1.08289e-05
845	14	11	10	11	6	11	0.882338	0.12518	1.06356e-06	1.20539e-06
846	13	12	27	30	12	41	0.671998	0.3975	2.6019e-06	3.87189e-06
847	13	11	29	31	11	54	0.624952	0.47008	2.8867e-06	4.61907e-06
848	12	10	25	30	9	50	0.64185	0.4434	2.79211e-06	4.35009e-06
849	11	9	5	5	5	0	0.969088	0.0314	2.73513e-07	2.82238e-07
850	11	9	15	17	7	26	0.787131	0.23936	1.84273e-06	2.34107e-06
851	10	8	11	11	5	10	0.886849	0.12008	1.02188e-06	1.15226e-06
852	13	12	18	18	14	5	0.870628	0.13854	1.1159e-06	1.28172e-06
853	16	15	27	31	8	81	0.544558	0.60778	3.29657e-06	6.05366e-06
854	17	15	39	42	19	100	0.461275	0.77376	3.5445e-06	7.68412e-06
855	15	12	25	27	17	18	0.770004	0.26136	1.90998e-06	2.48048e-06
856	15	9	17	19	11	18	0.809677	0.21112	1.64276e-06	2.0289e-06
857	16	13	51	58	16	189	0.26497	1.32814	3.52837e-06	1.33161e-05
858	12	10	23	25	6	85	0.55405	0.5905	3.28414e-06	5.92751e-06
859	16	15	7	7	6	1	0.952124	0.04906	4.26805e-07	4.48266e-07
860	17	10	35	38	13	91	0.495227	0.70274	3.45675e-06	6.98013e-06
861	18	14	27	30	13	50	0.64185	0.4434	2.79211e-06	4.35009e-06
862	12	7	14	17	5	33	0.759527	0.27506	2.0606e-06	2.713e-06
863	17	16	28	30	14	43	0.665178	0.4077	2.64618e-06	3.97816e-06
864	19	17	21	23	14	12	0.814126	0.20564	1.57606e-06	1.93589e-06
865	27	19	68	73	34	130	0.32581	1.12144	3.59303e-06	1.1028e-05
866	25	24	41	45	21	49	0.587135	0.5325	3.02003e-06	5.14367e-06
867	23	18	67	80	27	180	0.241617	1.4204	3.40192e-06	1.40798e-05
868	22	20	24	28	12	32	0.712454	0.33904	2.33742e-06	3.2808e-06
869	21	13	42	47	20	78	0.500094	0.69296	3.39935e-06	6.79743e-06
870	14	12	16	20	11	19	0.800515	0.2225	1.71189e-06	2.13848e-06
871	20	15	19	23	11	37	0.71667	0.33314	2.33937e-06	3.26422e-06
872	19	13	24	28	13	39	0.687468	0.37474	2.51113e-06	3.65273e-06
873	18	13	39	44	22	69	0.533541	0.62822	3.28121e-06	6.14989e-06
874	18	15	27	31	13	39	0.674637	0.39358	2.57851e-06	3.82207e-06
875	17	13	8	10	5	11	0.887897	0.1189	1.02014e-06	1.14894e-06
876	11	9	17	18	8	21	0.802406	0.22014	1.71061e-06	2.13185e-06
877	16	15	19	22	11	47	0.685326	0.37786	2.56251e-06	3.73911e-06
878	16	11	58	63	21	131	0.345162	1.06374	3.62995e-06	1.05166e-05
879	15	13	41	53	18	163	0.312191	1.16414	3.63779e-06	1.16524e-05
880	15	11	32	36	16	58	0.593404	0.52188	3.03457e-06	5.11384e-06
881	14	12	32	38	13	77	0.531879	0.63134	3.31694e-06	6.23627e-06
882	14	10	35	39	16	63	0.567667	0.56622	3.1499e-06	5.54885e-06
883	13	11	27	34	14	52	0.619576	0.47872	2.90094e-06	4.68214e-06
884	12	10	22	26	8	49	0.661543	0.41318	2.69325e-06	4.07116e-06
885	12	8	1	1	1	0	0.99374	0.00628	5.60942e-08	5.64476e-08
886	15	11	24	25	10	33	0.722311	0.3253	2.28581e-06	3.16459e-06
887	19	13	22	25	15	22	0.76399	0.2692	1.97119e-06	2.58012e-06
888	9	6	31	37	8	144	0.380313	0.96676	3.70415e-06	9.73974e-06
889	12	10	24	26	12	31	0.725148	0.32138	2.25867e-06	3.11477e-06
890	22	15	42	47	20	100	0.447016	0.80516	3.56109e-06	7.96636e-06
891	15	12	24	28	10	44	0.670159	0.40024	2.62595e-06	3.91839e-06
892	11	8	10	10	6	5	0.915486	0.0883	7.59984e-07	8.30142e-07
893	15	10	20	20	10	18	0.804608	0.2174	1.67789e-06	2.08535e-06
894	18	15	56	61	16	226	0.215309	1.53568	3.32683e-06	1.54514e-05
895	15	13	21	22	10	20	0.786502	0.24016	1.8125e-06	2.30451e-06
896	14	10	9	9	5	5	0.921254	0.08202	7.12769e-07	7.73694e-07
897	18	13	31	36	9	161	0.350926	1.04718	3.7151e-06	1.05866e-05
898	12	10	27	30	12	30	0.710775	0.3414	2.33662e-06	3.28742e-06
899	15	12	25	25	14	21	0.767897	0.2641	1.94047e-06	2.52699e-06
900	20	16	39	45	23	50	0.584149	0.5376	3.0357e-06	5.1968e-06
901	14	11	17	19	9	22	0.793327	0.23152	1.77819e-06	2.24143e-06
902	22	21	56	67	20	156	0.296307	1.21636	3.57665e-06	1.20708e-05
903	23	18	54	62	21	134	0.342063	1.07276	3.63257e-06	1.06196e-05
904	16	12	48	53	20	124	0.380892	0.96524	3.64903e-06	9.58024e-06
905	21	16	22	25	13	25	0.75239	0.2845	2.06119e-06	2.73952e-06
906	21	17	86	97	33	181	0.216047	1.53226	3.26069e-06	1.50925e-05
907	20	14	43	47	22	56	0.559473	0.58076	3.14899e-06	5.6285e-06
908	19	15	26	30	13	49	0.645132	0.4383	2.7721e-06	4.29695e-06
909	18	16	54	59	28	70	0.483106	0.72752	3.40577e-06	7.04973e-06
910	19	15	60	63	23	190	0.255473	1.36464	3.48759e-06	1.36515e-05
911	17	15	41	49	19	130	0.37881	0.97072	3.66433e-06	9.67325e-06
912	17	11	43	47	13	109	0.426962	0.85106	3.60551e-06	8.44456e-06
913	16	13	44	47	19	101	0.444742	0.81026	3.56661e-06	8.01949e-06
914	16	11	23	25	14	18	0.779736	0.2488	1.84609e-06	2.36759e-06
915	15	13	23	27	12	32	0.716942	0.33276	2.31167e-06	3.22435e-06
916	9	7	20	21	10	34	0.736917	0.30528	2.2048e-06	2.99193e-06
917	14	13	62	68	23	195	0.241342	1.42154	3.42692e-06	1.41994e-05
918	14	10	23	26	11	33	0.717789	0.33158	2.31202e-06	3.22103e-06
919	13	12	29	34	10	83	0.528972	0.63682	3.34801e-06	6.32927e-06
920	13	13	37	38	23	20	0.711315	0.34064	2.28167e-06	3.20767e-06
921	11	9	19	25	12	35	0.714981	0.3355	2.3386e-06	3.27085e-06
922	11	9	31	34	13	62	0.58877	0.52972	3.06954e-06	5.21348e-06
923	10	9	50	55	16	165	0.305166	1.1869	3.62281e-06	1.18716e-05
924	9	8	27	29	11	67	0.592254	0.52382	3.07789e-06	5.1969e-06
925	16	9	21	26	9	37	0.703294	0.35198	2.41481e-06	3.43357e-06
926	13	11	7	8	4	7	0.917649	0.08594	7.55696e-07	8.23513e-07
927	15	8	13	15	7	29	0.784978	0.2421	1.87419e-06	2.38758e-06
928	9	7	48	56	14	157	0.315884	1.15238	3.63361e-06	1.1503e-05
929	23	17	32	36	15	71	0.555337	0.58818	3.22349e-06	5.80457e-06
930	11	10	61	66	26	96	0.404914	0.90408	3.57391e-06	8.82633e-06
931	23	17	73	81	29	140	0.29444	1.22268	3.53649e-06	1.20109e-05
932	21	18	58	63	22	170	0.282906	1.26264	3.56146e-06	1.25888e-05
933	18	13	34	38	18	62	0.574164	0.55484	3.12303e-06	5.43927e-06
934	12	11	12	13	8	6	0.89383	0.11224	9.40861e-07	1.05262e-06
935	17	14	34	38	16	44	0.629367	0.46304	2.82137e-06	4.48287e-06
936	19	15	55	62	16	296	0.149724	1.89896	2.87877e-06	1.92272e-05
937	14	11	8	9	5	7	0.911905	0.09222	8.0244e-07	8.79961e-07
938	11	9	12	14	7	17	0.839776	0.17462	1.42219e-06	1.69353e-06
939	24	16	57	60	23	98	0.416196	0.8766	3.57675e-06	8.59391e-06
940	23	19	53	60	24	106	0.399557	0.9174	3.60359e-06	9.01898e-06
941	22	19	41	48	19	88	0.472253	0.75024	3.48769e-06	7.38521e-06
942	21	20	65	73	26	112	0.357136	1.02964	3.59692e-06	1.00716e-05
943	20	12	26	27	12	36	0.702465	0.35316	2.41429e-06	3.43688e-06
944	19	8	14	14	8	8	0.87922	0.12872	1.06854e-06	1.21533e-06
945	19	16	52	60	17	197	0.251201	1.3815	3.48017e-06	1.38541e-05
946	18	13	17	18	5	32	0.758631	0.27624	2.06068e-06	2.71632e-06
947	17	12	9	12	4	20	0.837478	0.17736	1.45724e-06	1.74004e-06
948	17	13	34	34	16	32	0.686108	0.37672	2.48336e-06	3.61948e-06
949	16	12	33	38	16	54	0.598074	0.51404	2.99887e-06	5.0142e-06
950	15	12	25	28	10	50	0.649963	0.43084	2.75402e-06	4.23719e-06
951	15	11	27	29	12	66	0.595282	0.51872	3.06199e-06	5.14377e-06
952	15	11	9	10	4	12	0.88338	0.124	1.06189e-06	1.20207e-06
953	14	11	23	26	11	35	0.710504	0.34178	2.36406e-06	3.3273e-06
954	14	10	19	21	11	20	0.791457	0.23388	1.77925e-06	2.24806e-06
955	17	12	54	60	24	105	0.401599	0.9123	3.60068e-06	8.96584e-06
956	13	9	22	24	12	22	0.768803	0.26292	1.94021e-06	2.52367e-06
957	12	12	7	8	6	2	0.94135	0.06044	5.2513e-07	5.57847e-07
958	11	9	24	24	10	36	0.715825	0.33432	2.33898e-06	3.26754e-06
959	20	18	31	35	17	41	0.651225	0.4289	2.70527e-06	4.15413e-06
960	13	11	32	33	18	29	0.701075	0.35514	2.3862e-06	3.40363e-06
961	21	17	28	29	17	26	0.729993	0.31472	2.20344e-06	3.01844e-06
962	6	6	6	7	5	2	0.947281	0.05416	4.74966e-07	5.014e-07
963	15	13	56	59	23	100	0.414567	0.88052	3.58341e-06	8.64373e-06
964	13	9	16	16	8	17	0.829294	0.18718	1.49806e-06	1.80643e-06
965	27	19	44	45	24	45	0.599236	0.5121	2.95491e-06	4.93114e-06
966	11	9	14	17	3	61	0.658454	0.41786	2.76599e-06	4.20073e-06
967	15	11	63	72	27	161	0.279918	1.27326	3.53219e-06	1.26187e-05
968	18	17	44	47	22	95	0.458562	0.77966	3.53124e-06	7.70069e-06
969	18	15	58	68	25	168	0.276972	1.28384	3.53549e-06	1.27648e-05
970	12	10	27	29	7	82	0.548636	0.60032	3.28847e-06	5.9939e-06
971	10	9	60	68	20	156	0.294452	1.22264	3.57088e-06	1.21272e-05
972	20	16	35	38	17	55	0.595032	0.51914	3.01523e-06	5.06733e-06
973	14	10	44	50	13	154	0.333071	1.0994	3.66541e-06	1.10049e-05
974	26	21	58	66	28	98	0.400805	0.91428	3.58023e-06	8.9326e-06
975	24	19	55	59	31	61	0.505797	0.68162	3.32386e-06	6.57153e-06
976	23	17	65	69	22	159	0.288166	1.24422	3.55685e-06	1.23431e-05
977	18	16	57	63	19	142	0.326332	1.11984	3.62265e-06	1.11011e-05
978	13	11	9	9	8	1	0.94024	0.06162	5.27627e-07	5.61162e-07
979	20	13	28	29	11	75	0.568576	0.56462	3.19652e-06	5.62197e-06
980	19	16	57	66	23	139	0.325179	1.12338	3.61308e-06	1.11111e-05
981	19	14	42	52	19	98	0.437639	0.82636	3.5634e-06	8.14233e-06
982	18	11	29	30	13	41	0.671998	0.3975	2.6019e-06	3.87189e-06
983	18	14	28	35	14	94	0.496983	0.6992	3.46406e-06	6.97019e-06
984	24	19	66	77	28	225	0.195722	1.63106	3.19055e-06	1.63014e-05
985	17	14	32	37	13	67	0.563234	0.57406	3.18142e-06	5.64849e-06
986	16	11	36	39	23	26	0.685559	0.37752	2.4563e-06	3.58292e-06
987	16	13	51	56	21	98	0.426783	0.85148	3.57137e-06	8.36812e-06
988	15	12	21	23	12	24	0.765796	0.26684	1.97077e-06	2.57349e-06
989	15	11	21	24	8	51	0.663106	0.41082	2.69522e-06	4.06454e-06
990	12	12	38	42	22	57	0.574382	0.55446	3.10132e-06	5.39939e-06
991	13	9	20	23	10	29	0.746515	0.29234	2.11947e-06	2.83916e-06
992	13	12	33	37	15	58	0.589689	0.52816	3.04886e-06	5.17029e-06
993	12	8	13	13	10	3	0.90761	0.09694	8.10694e-07	8.93218e-07
994	16	11	7	9	4	7	0.911905	0.09222	8.0244e-07	8.79961e-07
995	20	15	53	56	22	111	0.399405	0.91778	3.61815e-06	9.05885e-06
996	10	7	24	28	10	52	0.643367	0.44104	2.79444e-06	4.34346e-06
997	8	2	1	1	1	0	0.99374	0.00628	5.60942e-08	5.64476e-08
998	16	14	25	27	15	25	0.742999	0.29706	2.11934e-06	2.85242e-06
999	15	15	26	27	10	42	0.681295	0.38376	2.55873e-06	3.75568e-06
1000	15	10	7	7	5	2	0.947281	0.05416	4.74966e-07	5.014e-07