Hist	Tr_Tot	Tr_in	DSBs	DSBt	RIFs	NComb	PSurv	lPSurv	PMut*	PMut
1	6	5	32	39	14	72	0.5422	0.61212	3.26787e-06	6.02705e-06
2	5	4	15	17	6	31	0.767313	0.26486	2.00019e-06	2.60674e-06
3	4	4	2	2	2	0	0.987519	0.01256	1.11486e-07	1.12895e-07
4	7	6	24	25	9	62	0.623005	0.4732	2.93152e-06	4.70545e-06
5	2	2	1	1	1	0	0.99374	0.00628	5.60942e-08	5.64476e-08
6	3	2	17	20	4	68	0.623504	0.4724	2.95666e-06	4.74201e-06
7	2	2	21	24	8	72	0.595758	0.51792	3.08623e-06	5.18033e-06
8	5	4	29	35	11	70	0.561693	0.5768	3.19884e-06	5.69499e-06
9	9	7	20	23	9	52	0.663889	0.40964	2.6962e-06	4.06122e-06
10	7	4	15	16	5	28	0.784052	0.24328	1.87458e-06	2.39089e-06
11	4	4	0	0	0	0	1	-0	0	0
12	7	4	29	32	8	159	0.363542	1.01186	3.72794e-06	1.02545e-05
13	9	7	30	33	11	84	0.529596	0.63564	3.35021e-06	6.32596e-06
14	6	4	7	7	3	10	0.909409	0.09496	8.42536e-07	9.26465e-07
15	8	6	12	12	5	13	0.867916	0.14166	1.1874e-06	1.3681e-06
16	8	7	8	8	4	7	0.917649	0.08594	7.55696e-07	8.23513e-07
17	6	5	34	39	14	72	0.5422	0.61212	3.26787e-06	6.02705e-06
18	4	2	0	0	0	0	1	-0	0	0
19	10	8	6	6	4	3	0.948399	0.05298	4.72383e-07	4.98085e-07
20	7	7	29	32	14	42	0.660235	0.41516	2.66597e-06	4.03792e-06
21	7	7	16	19	5	42	0.716398	0.33352	2.36705e-06	3.3041e-06
22	4	3	0	0	0	0	1	-0	0	0
23	6	6	32	40	13	99	0.469494	0.7561	3.5297e-06	7.51809e-06
24	12	9	16	18	8	18	0.814778	0.20484	1.60711e-06	1.97245e-06
25	8	5	1	1	1	0	0.99374	0.00628	5.60942e-08	5.64476e-08
26	11	9	49	57	20	131	0.358416	1.02606	3.64795e-06	1.0178e-05
27	6	6	22	27	4	120	0.457691	0.78156	3.61579e-06	7.90007e-06
28	3	1	0	0	0	0	1	-0	0	0
29	6	5	14	16	9	9	0.863829	0.14638	1.19326e-06	1.38136e-06
30	2	1	5	6	2	10	0.915138	0.08868	7.96186e-07	8.70018e-07
31	9	7	22	28	9	98	0.508831	0.67564	3.45373e-06	6.78759e-06
32	7	3	0	0	0	0	1	-0	0	0
33	4	2	2	2	2	0	0.987519	0.01256	1.11486e-07	1.12895e-07
34	6	5	30	34	13	68	0.571026	0.56032	3.15908e-06	5.53228e-06
35	6	3	14	18	2	97	0.54458	0.60774	3.36005e-06	6.16998e-06
36	4	4	4	4	4	0	0.975193	0.02512	2.20189e-07	2.2579e-07
37	4	4	7	8	5	4	0.931797	0.07064	6.18819e-07	6.64114e-07
38	7	5	19	24	5	106	0.500914	0.69132	3.49982e-06	6.98686e-06
39	1	1	0	0	0	0	1	-0	0	0
40	5	5	27	32	8	125	0.432376	0.83846	3.6527e-06	8.44797e-06
41	5	5	8	8	2	21	0.854414	0.15734	1.33919e-06	1.56738e-06
42	5	4	9	10	6	4	0.920167	0.0832	7.14978e-07	7.77009e-07
43	2	1	20	23	5	60	0.637348	0.45044	2.85932e-06	4.48629e-06
44	3	3	4	6	1	15	0.892097	0.11418	1.01314e-06	1.13568e-06
45	5	5	33	39	6	187	0.30161	1.19862	3.66075e-06	1.21374e-05
46	5	5	0	0	0	0	1	-0	0	0
47	6	4	7	7	5	3	0.942462	0.05926	5.22626e-07	5.54533e-07
48	4	4	2	2	1	1	0.982495	0.01766	1.63122e-07	1.66028e-07
49	5	4	6	7	4	6	0.928152	0.07456	6.62638e-07	7.13932e-07
50	10	9	12	13	6	14	0.858095	0.15304	1.26799e-06	1.47768e-06
51	6	4	4	4	3	1	0.970232	0.03022	2.70621e-07	2.78924e-07
52	4	3	2	2	1	1	0.982495	0.01766	1.63122e-07	1.66028e-07
53	9	7	22	26	8	88	0.542222	0.61208	3.33106e-06	6.14336e-06
54	7	7	32	40	15	99	0.469494	0.7561	3.5297e-06	7.51809e-06
55	6	5	7	9	3	12	0.888945	0.11772	1.0184e-06	1.14563e-06
56	2	2	0	0	0	0	1	-0	0	0
57	7	7	46	52	18	217	0.23853	1.43326	3.45038e-06	1.44652e-05
58	5	4	44	55	18	145	0.337936	1.0849	3.65272e-06	1.08089e-05
59	4	3	6	6	4	2	0.953248	0.04788	4.2415e-07	4.44952e-07
60	7	7	29	31	8	102	0.489251	0.71488	3.50767e-06	7.16946e-06
61	9	8	10	10	4	8	0.901586	0.1036	8.92157e-07	9.89542e-07
62	4	3	14	15	7	19	0.82605	0.1911	1.53335e-06	1.85624e-06
63	4	4	4	4	3	1	0.970232	0.03022	2.70621e-07	2.78924e-07
64	7	7	20	24	6	62	0.62693	0.46692	2.9146e-06	4.649e-06
65	7	5	36	43	12	139	0.375709	0.97894	3.68674e-06	9.81276e-06
66	3	3	0	0	0	0	1	-0	0	0
67	8	6	10	10	6	7	0.906196	0.0985	8.48569e-07	9.36408e-07
68	3	3	16	17	6	30	0.771237	0.25976	1.96943e-06	2.55361e-06
69	3	2	6	8	5	4	0.931797	0.07064	6.18819e-07	6.64114e-07
70	3	2	4	4	2	3	0.960386	0.04042	3.69931e-07	3.8519e-07
71	10	7	44	51	8	231	0.223492	1.49838	3.38648e-06	1.51526e-05
72	8	3	0	0	0	0	1	-0	0	0
73	6	4	6	8	4	10	0.903716	0.10124	8.88274e-07	9.82913e-07
74	4	4	0	0	0	0	1	-0	0	0
75	6	4	18	20	8	20	0.796443	0.2276	1.7455e-06	2.19162e-06
76	8	7	23	25	14	39	0.700543	0.3559	2.44026e-06	3.48338e-06
77	5	5	8	8	5	6	0.922341	0.08084	7.10553e-07	7.7038e-07
78	4	4	11	14	5	18	0.835504	0.17972	1.45934e-06	1.74666e-06
79	1	1	0	0	0	0	1	-0	0	0
80	1	1	0	0	0	0	1	-0	0	0
81	7	4	13	14	6	24	0.810325	0.21032	1.6737e-06	2.06546e-06
82	8	7	37	38	10	99	0.475428	0.74354	3.52064e-06	7.4052e-06
83	11	9	65	75	15	278	0.151253	1.8888	2.87451e-06	1.90046e-05
84	9	8	24	30	9	88	0.528771	0.6372	3.36782e-06	6.36915e-06
85	4	2	0	0	0	0	1	-0	0	0
86	5	4	0	0	0	0	1	-0	0	0
87	5	3	0	0	0	0	1	-0	0	0
88	5	3	11	12	7	11	0.876814	0.13146	1.1064e-06	1.26184e-06
89	5	2	0	0	0	0	1	-0	0	0
90	5	4	37	45	10	283	0.178013	1.7259	3.1289e-06	1.75768e-05
91	5	3	13	13	6	11	0.871325	0.13774	1.14865e-06	1.31828e-06
92	4	4	0	0	0	0	1	-0	0	0
93	6	6	4	4	4	0	0.975193	0.02512	2.20189e-07	2.2579e-07
94	7	6	28	34	10	102	0.48012	0.73372	3.5235e-06	7.3388e-06
95	6	6	17	22	10	30	0.747396	0.29116	2.1195e-06	2.83584e-06
96	4	4	36	45	14	134	0.380602	0.966	3.67662e-06	9.65999e-06
97	8	7	32	39	11	112	0.442144	0.81612	3.60452e-06	8.15237e-06
98	5	3	5	6	3	6	0.933999	0.06828	6.1409e-07	6.57485e-07
99	8	7	4	4	3	1	0.970232	0.03022	2.70621e-07	2.78924e-07
100	4	3	7	7	5	2	0.947281	0.05416	4.74966e-07	5.014e-07
101	8	6	36	41	14	89	0.490966	0.71138	3.45798e-06	7.04321e-06
102	2	2	12	16	3	69	0.636112	0.45238	2.90662e-06	4.56935e-06
103	7	6	38	46	15	111	0.425292	0.85498	3.61259e-06	8.49437e-06
104	4	4	22	25	6	76	0.580074	0.5446	3.161e-06	5.44931e-06
105	7	7	21	25	12	23	0.760104	0.2743	2.00155e-06	2.63325e-06
106	6	4	5	6	2	10	0.915138	0.08868	7.96186e-07	8.70018e-07
107	6	6	29	33	12	136	0.406228	0.90084	3.69216e-06	9.08889e-06
108	3	3	16	19	4	58	0.660261	0.41512	2.74288e-06	4.15423e-06
109	6	5	4	5	1	10	0.920904	0.0824	7.49219e-07	8.1357e-07
110	4	3	2	2	2	0	0.987519	0.01256	1.11486e-07	1.12895e-07
111	3	2	2	2	2	0	0.987519	0.01256	1.11486e-07	1.12895e-07
112	9	8	54	60	18	129	0.355333	1.0347	3.63898e-06	1.0241e-05
113	1	1	0	0	0	0	1	-0	0	0
114	4	4	9	11	5	10	0.886849	0.12008	1.02188e-06	1.15226e-06
115	2	2	0	0	0	0	1	-0	0	0
116	4	4	0	0	0	0	1	-0	0	0
117	7	5	28	32	9	94	0.506435	0.68036	3.44418e-06	6.80084e-06
118	10	9	70	84	23	375	0.0871591	2.44002	2.14991e-06	2.46665e-05
119	6	4	26	28	11	63	0.608268	0.49714	2.9975e-06	4.92792e-06
120	6	5	26	28	11	60	0.617646	0.48184	2.94526e-06	4.76852e-06
121	4	4	6	6	2	7	0.929248	0.07338	6.6034e-07	7.10618e-07
122	9	5	1	1	1	0	0.99374	0.00628	5.60942e-08	5.64476e-08
123	11	7	31	36	8	151	0.369287	0.99618	3.71327e-06	1.00552e-05
124	11	7	17	19	6	40	0.723742	0.32332	2.31441e-06	3.19783e-06
125	8	5	19	20	6	31	0.752993	0.2837	2.09037e-06	2.77608e-06
126	6	5	12	12	8	4	0.908682	0.09576	8.0864e-07	8.89904e-07
127	7	6	9	9	7	2	0.935457	0.06672	5.74646e-07	6.14295e-07
128	6	4	26	34	9	95	0.49757	0.69802	3.4665e-06	6.96687e-06
129	10	6	42	48	18	78	0.496963	0.69924	3.40612e-06	6.85387e-06
130	4	3	26	32	7	88	0.522171	0.64976	3.38474e-06	6.48204e-06
131	3	1	0	0	0	0	1	-0	0	0
132	5	5	10	13	5	17	0.845066	0.16834	1.38344e-06	1.63708e-06
133	5	5	43	52	8	252	0.199536	1.61176	3.2574e-06	1.63248e-05
134	6	6	13	14	7	12	0.861466	0.14912	1.23006e-06	1.42786e-06
135	7	7	41	47	13	175	0.304934	1.18766	3.64437e-06	1.19513e-05
136	5	4	10	12	3	31	0.791789	0.23346	1.84051e-06	2.3245e-06
137	4	3	0	0	0	0	1	-0	0	0
138	3	2	12	13	3	55	0.696185	0.36214	2.54535e-06	3.65614e-06
139	6	6	13	14	8	9	0.874748	0.13382	1.10959e-06	1.26847e-06
140	5	3	12	18	4	105	0.522809	0.64854	3.44794e-06	6.59504e-06
141	4	3	18	19	5	60	0.653561	0.42532	2.78449e-06	4.2605e-06
142	3	3	4	4	4	0	0.975193	0.02512	2.20189e-07	2.2579e-07
143	6	6	44	49	13	126	0.386617	0.95032	3.65768e-06	9.46072e-06
144	5	5	2	2	2	0	0.987519	0.01256	1.11486e-07	1.12895e-07
145	6	6	42	48	12	134	0.373499	0.98484	3.67125e-06	9.82933e-06
146	6	4	7	7	4	6	0.928152	0.07456	6.62638e-07	7.13932e-07
147	6	5	11	12	5	14	0.863501	0.14676	1.22724e-06	1.42124e-06
148	4	4	10	11	6	8	0.895942	0.10988	9.37145e-07	1.04599e-06
149	5	4	4	4	2	3	0.960386	0.04042	3.69931e-07	3.8519e-07
150	3	2	0	0	0	0	1	-0	0	0
151	2	2	7	12	3	37	0.767927	0.26406	2.02986e-06	2.6433e-06
152	3	2	18	21	4	59	0.648703	0.43278	2.80257e-06	4.32026e-06
153	6	3	15	17	3	105	0.526102	0.64226	3.43997e-06	6.5386e-06
154	6	4	3	3	3	0	0.981336	0.01884	1.66182e-07	1.69343e-07
155	9	6	9	12	6	8	0.890333	0.11616	9.81536e-07	1.10244e-06
156	4	3	15	19	6	58	0.660261	0.41512	2.74288e-06	4.15423e-06
157	9	4	23	29	8	76	0.565684	0.56972	3.21031e-06	5.6751e-06
158	9	6	3	3	3	0	0.981336	0.01884	1.66182e-07	1.69343e-07
159	4	2	8	8	6	2	0.94135	0.06044	5.2513e-07	5.57847e-07
160	6	6	13	14	9	6	0.888234	0.11852	9.8511e-07	1.10907e-06
161	11	9	25	30	11	40	0.675434	0.3924	2.57932e-06	3.81876e-06
162	7	4	29	29	9	77	0.562806	0.57482	3.22389e-06	5.72824e-06
163	8	6	42	55	9	316	0.141282	1.957	2.81076e-06	1.98947e-05
164	9	6	62	80	18	273	0.150363	1.8947	2.86009e-06	1.90212e-05
165	6	3	16	19	7	42	0.716398	0.33352	2.36705e-06	3.3041e-06
166	6	6	41	47	11	140	0.364525	1.00916	3.67867e-06	1.00917e-05
167	4	4	6	6	6	0	0.963021	0.03768	3.26161e-07	3.38686e-07
168	9	8	78	93	28	237	0.166503	1.79274	2.97078e-06	1.78422e-05
169	7	7	19	24	12	22	0.768803	0.26292	1.94021e-06	2.52367e-06
170	2	1	0	0	0	0	1	-0	0	0
171	10	8	21	25	16	13	0.799875	0.2233	1.68127e-06	2.10192e-06
172	6	4	6	8	4	7	0.917649	0.08594	7.55696e-07	8.23513e-07
173	3	3	5	5	3	3	0.954374	0.0467	4.21487e-07	4.41638e-07
174	4	3	2	2	2	0	0.987519	0.01256	1.11486e-07	1.12895e-07
175	12	11	26	27	13	33	0.713295	0.33786	2.33781e-06	3.27748e-06
176	5	3	24	25	5	118	0.468228	0.7588	3.59642e-06	7.68091e-06
177	4	4	5	6	3	6	0.933999	0.06828	6.1409e-07	6.57485e-07
178	5	4	7	8	5	4	0.931797	0.07064	6.18819e-07	6.64114e-07
179	5	5	8	12	3	27	0.808108	0.21306	1.7067e-06	2.11197e-06
180	5	1	0	0	0	0	1	-0	0	0
181	5	3	24	28	11	55	0.633598	0.45634	2.853e-06	4.50286e-06
182	3	3	8	9	4	15	0.875448	0.13302	1.14248e-06	1.30503e-06
183	3	3	0	0	0	0	1	-0	0	0
184	7	5	19	26	6	58	0.631865	0.45908	2.87458e-06	4.54936e-06
185	5	4	6	6	4	3	0.948399	0.05298	4.72383e-07	4.98085e-07
186	6	4	35	41	11	126	0.406537	0.90008	3.66255e-06	9.00913e-06
187	1	1	11	13	4	25	0.811282	0.20914	1.67298e-06	2.06215e-06
188	3	3	14	14	6	20	0.827025	0.18992	1.53242e-06	1.85293e-06
189	1	1	0	0	0	0	1	-0	0	0
190	7	4	20	27	7	73	0.581665	0.54186	3.14263e-06	5.40281e-06
191	6	5	10	13	5	19	0.836491	0.17854	1.4583e-06	1.74335e-06
192	6	5	10	14	2	51	0.706085	0.34802	2.47134e-06	3.50006e-06
193	3	1	4	4	3	1	0.970232	0.03022	2.70621e-07	2.78924e-07
194	10	7	1	1	1	0	0.99374	0.00628	5.60942e-08	5.64476e-08
195	9	8	17	19	12	13	0.830589	0.18562	1.46452e-06	1.76324e-06
196	9	7	11	11	5	16	0.860123	0.15068	1.26529e-06	1.47105e-06
197	13	9	8	8	6	3	0.936562	0.06554	5.72221e-07	6.1098e-07
198	7	6	7	9	3	16	0.870994	0.13812	1.18295e-06	1.35816e-06
199	5	4	11	15	5	27	0.793025	0.2319	1.80914e-06	2.28131e-06
200	4	3	11	12	8	5	0.90406	0.10086	8.52562e-07	9.43037e-07
201	7	6	8	9	6	4	0.925964	0.07692	6.67214e-07	7.20561e-07
202	8	8	33	35	13	105	0.46987	0.7553	3.5497e-06	7.55465e-06
203	4	2	1	1	1	0	0.99374	0.00628	5.60942e-08	5.64476e-08
204	3	2	5	5	3	3	0.954374	0.0467	4.21487e-07	4.41638e-07
205	7	7	33	38	13	66	0.56257	0.57524	3.17953e-06	5.6518e-06
206	7	3	3	3	2	1	0.976344	0.02394	2.17213e-07	2.22476e-07
207	9	6	2	2	2	0	0.987519	0.01256	1.11486e-07	1.12895e-07
208	5	4	26	32	13	53	0.624215	0.47126	2.88536e-06	4.62238e-06
209	10	6	16	18	12	8	0.857409	0.15384	1.23563e-06	1.44112e-06
210	2	2	23	24	5	71	0.598805	0.51282	3.07019e-06	5.1272e-06
211	5	4	6	7	4	4	0.937667	0.06436	5.69789e-07	6.07666e-07
212	6	5	23	31	5	112	0.464925	0.76588	3.58029e-06	7.70079e-06
213	3	1	3	3	2	1	0.976344	0.02394	2.17213e-07	2.22476e-07
214	4	3	8	9	4	11	0.89349	0.11262	9.76132e-07	1.09249e-06
215	8	8	7	8	6	2	0.94135	0.06044	5.2513e-07	5.57847e-07
216	4	4	0	0	0	0	1	-0	0	0
217	8	6	26	34	12	97	0.49252	0.70822	3.48366e-06	7.07314e-06
218	6	5	17	18	8	24	0.790223	0.23544	1.8106e-06	2.29125e-06
219	4	4	19	22	9	30	0.747396	0.29116	2.1195e-06	2.83584e-06
220	8	6	34	39	12	183	0.307826	1.17822	3.67078e-06	1.19248e-05
221	7	7	47	54	11	234	0.215991	1.53252	3.34383e-06	1.54813e-05
222	3	1	0	0	0	0	1	-0	0	0
223	2	1	0	0	0	0	1	-0	0	0
224	3	2	0	0	0	0	1	-0	0	0
225	2	2	0	0	0	0	1	-0	0	0
226	5	4	6	7	4	6	0.928152	0.07456	6.62638e-07	7.13932e-07
227	5	5	43	52	11	245	0.206788	1.57606	3.29887e-06	1.59529e-05
228	7	6	10	10	5	8	0.901586	0.1036	8.92157e-07	9.89542e-07
229	5	5	39	42	16	110	0.43834	0.82476	3.60116e-06	8.21545e-06
230	7	2	4	4	3	1	0.970232	0.03022	2.70621e-07	2.78924e-07
231	6	4	15	17	4	44	0.71809	0.33116	2.36788e-06	3.29747e-06
232	6	5	13	16	7	20	0.816703	0.20248	1.6055e-06	1.96583e-06
233	5	4	22	25	8	77	0.577123	0.5497	3.17559e-06	5.50245e-06
234	4	3	13	14	5	25	0.806203	0.21542	1.70802e-06	2.1186e-06
235	9	6	49	53	16	158	0.320254	1.13864	3.64666e-06	1.13868e-05
236	7	5	6	7	2	11	0.904783	0.10006	8.86324e-07	9.79598e-07
237	6	4	11	15	6	22	0.813508	0.2064	1.63974e-06	2.01564e-06
238	9	7	25	33	9	68	0.574624	0.55404	3.14654e-06	5.47583e-06
239	5	5	32	34	8	83	0.528972	0.63682	3.34801e-06	6.32927e-06
240	7	5	6	7	4	4	0.937667	0.06436	5.69789e-07	6.07666e-07
241	6	5	20	21	11	17	0.803659	0.21858	1.67857e-06	2.08866e-06
242	7	7	39	40	9	158	0.347497	1.057	3.70187e-06	1.06529e-05
243	7	5	3	5	1	10	0.920904	0.0824	7.49219e-07	8.1357e-07
244	3	3	0	0	0	0	1	-0	0	0
245	3	3	20	26	5	158	0.379432	0.96908	3.74222e-06	9.86268e-06
246	3	2	7	8	4	7	0.917649	0.08594	7.55696e-07	8.23513e-07
247	10	7	8	9	4	8	0.907266	0.09732	8.46564e-07	9.33094e-07
248	9	8	46	52	14	167	0.307814	1.17826	3.63483e-06	1.18085e-05
249	8	5	12	16	4	28	0.784052	0.24328	1.87458e-06	2.39089e-06
250	6	3	18	23	7	46	0.684518	0.37904	2.56176e-06	3.74242e-06
251	6	4	43	52	11	144	0.346123	1.06096	3.66422e-06	1.05865e-05
252	4	4	15	15	5	22	0.813508	0.2064	1.63974e-06	2.01564e-06
253	7	3	30	36	6	130	0.411034	0.88908	3.67441e-06	8.93943e-06
254	8	8	8	10	4	21	0.843749	0.1699	1.41773e-06	1.68027e-06
255	3	3	5	5	2	6	0.939883	0.062	5.64905e-07	6.01037e-07
256	4	2	0	0	0	0	1	-0	0	0
257	6	5	29	34	9	152	0.372053	0.98872	3.71884e-06	9.99546e-06
258	6	6	28	35	10	75	0.547551	0.6023	3.26376e-06	5.96066e-06
259	2	2	2	2	2	0	0.987519	0.01256	1.11486e-07	1.12895e-07
260	4	3	52	64	11	352	0.111123	2.19712	2.47976e-06	2.23155e-05
261	3	2	3	3	2	1	0.976344	0.02394	2.17213e-07	2.22476e-07
262	6	5	14	16	7	31	0.772147	0.25858	1.9692e-06	2.55029e-06
263	7	6	8	13	4	37	0.76312	0.27034	2.06023e-06	2.69975e-06
264	7	4	4	5	1	10	0.920904	0.0824	7.49219e-07	8.1357e-07
265	6	5	12	13	2	36	0.767022	0.26524	2.03001e-06	2.64661e-06
266	13	10	49	56	14	225	0.223313	1.49918	3.37561e-06	1.5116e-05
267	5	5	0	0	0	0	1	-0	0	0
268	5	4	10	10	3	16	0.865541	0.1444	1.2244e-06	1.41461e-06
269	7	6	34	37	12	64	0.571918	0.55876	3.13931e-06	5.48909e-06
270	6	6	18	21	8	44	0.700277	0.35628	2.46726e-06	3.52326e-06
271	5	5	52	65	18	202	0.237307	1.4384	3.4177e-06	1.4402e-05
272	5	3	2	2	1	1	0.982495	0.01766	1.63122e-07	1.66028e-07
273	5	5	13	13	8	9	0.880258	0.12754	1.06689e-06	1.21202e-06
274	5	2	0	0	0	0	1	-0	0	0
275	4	2	10	11	6	11	0.882338	0.12518	1.06356e-06	1.20539e-06
276	4	2	4	4	3	1	0.970232	0.03022	2.70621e-07	2.78924e-07
277	6	4	9	9	5	5	0.921254	0.08202	7.12769e-07	7.73694e-07
278	6	5	27	40	7	330	0.14454	1.9342	2.86071e-06	1.97919e-05
279	7	5	8	9	7	3	0.930698	0.07182	6.21174e-07	6.67428e-07
280	7	4	3	3	2	1	0.976344	0.02394	2.17213e-07	2.22476e-07
281	7	5	66	83	6	1050	0.00280531	5.87624	1.69651e-07	6.0475e-05
282	3	3	26	31	8	100	0.494267	0.70468	3.4911e-06	7.0632e-06
283	6	3	6	7	5	2	0.947281	0.05416	4.74966e-07	5.014e-07
284	3	3	1	1	1	0	0.99374	0.00628	5.60942e-08	5.64476e-08
285	3	3	1	1	1	0	0.99374	0.00628	5.60942e-08	5.64476e-08
286	4	4	8	8	6	2	0.94135	0.06044	5.2513e-07	5.57847e-07
287	8	6	20	26	9	34	0.714137	0.33668	2.3382e-06	3.27417e-06
288	8	6	33	37	15	68	0.560369	0.57916	3.19501e-06	5.70162e-06
289	8	8	78	84	16	591	0.0289664	3.54162	1.04694e-06	3.61433e-05
290	6	5	12	13	4	27	0.803049	0.21934	1.74134e-06	2.16842e-06
291	5	4	30	41	8	174	0.318262	1.14488	3.67896e-06	1.15595e-05
292	6	5	2	2	2	0	0.987519	0.01256	1.11486e-07	1.12895e-07
293	4	4	26	35	7	161	0.353137	1.0409	3.71857e-06	1.05301e-05
294	6	5	11	11	5	10	0.886849	0.12008	1.02188e-06	1.15226e-06
295	3	3	6	6	3	6	0.933999	0.06828	6.1409e-07	6.57485e-07
296	3	3	0	0	0	0	1	-0	0	0
297	2	2	0	0	0	0	1	-0	0	0
298	8	7	50	57	18	115	0.38889	0.94446	3.6275e-06	9.32783e-06
299	10	6	12	13	6	17	0.845066	0.16834	1.38344e-06	1.63708e-06
300	8	7	34	39	9	111	0.444405	0.81102	3.59934e-06	8.09924e-06
301	3	3	0	0	0	0	1	-0	0	0
302	8	7	64	71	20	199	0.232055	1.46078	3.38366e-06	1.45813e-05
303	6	4	17	24	5	86	0.554704	0.58932	3.28618e-06	5.9242e-06
304	6	5	42	43	16	115	0.424629	0.85654	3.6253e-06	8.53756e-06
305	7	7	15	17	6	30	0.771237	0.25976	1.96943e-06	2.55361e-06
306	9	6	47	54	16	172	0.296319	1.21632	3.61126e-06	1.21871e-05
307	3	2	7	8	4	10	0.903716	0.10124	8.88274e-07	9.82913e-07
308	4	4	0	0	0	0	1	-0	0	0
309	6	5	5	5	3	3	0.954374	0.0467	4.21487e-07	4.41638e-07
310	9	7	20	22	10	15	0.806816	0.21466	1.64497e-06	2.03885e-06
311	7	4	5	6	5	1	0.958122	0.04278	3.7541e-07	3.91819e-07
312	7	6	14	16	5	38	0.745068	0.29428	2.17725e-06	2.92222e-06
313	5	4	20	22	10	29	0.751218	0.28606	2.09042e-06	2.78271e-06
314	5	2	7	8	3	8	0.912981	0.09104	8.00362e-07	8.76646e-07
315	5	4	19	24	7	56	0.646411	0.43632	2.79909e-06	4.3302e-06
316	5	3	0	0	0	0	1	-0	0	0
317	4	2	0	0	0	0	1	-0	0	0
318	1	1	0	0	0	0	1	-0	0	0
319	5	5	3	3	2	1	0.976344	0.02394	2.17213e-07	2.22476e-07
320	7	7	19	24	6	61	0.630136	0.46182	2.89602e-06	4.59587e-06
321	5	3	14	16	5	48	0.708022	0.34528	2.44519e-06	3.45356e-06
322	9	8	38	44	9	138	0.375266	0.98012	3.68364e-06	9.81608e-06
323	5	5	17	18	7	27	0.778225	0.25074	1.90716e-06	2.45065e-06
324	2	2	0	0	0	0	1	-0	0	0
325	5	5	9	9	5	10	0.898059	0.10752	9.33407e-07	1.03936e-06
326	4	4	5	6	2	7	0.929248	0.07338	6.6034e-07	7.10618e-07
327	3	3	40	42	11	237	0.229361	1.47246	3.43201e-06	1.49634e-05
328	9	9	56	63	19	212	0.228358	1.47684	3.38437e-06	1.48204e-05
329	6	5	5	5	1	10	0.920904	0.0824	7.49219e-07	8.1357e-07
330	3	1	16	19	3	57	0.663637	0.41002	2.72164e-06	4.1011e-06
331	2	2	8	8	3	11	0.899119	0.10634	9.31529e-07	1.03605e-06
332	5	4	7	9	5	5	0.921254	0.08202	7.12769e-07	7.73694e-07
333	4	4	19	23	10	79	0.578487	0.54734	3.17926e-06	5.49582e-06
334	0	0	0	0	0	0	1	-0	0	0
335	8	4	23	27	10	56	0.634346	0.45516	2.85427e-06	4.49954e-06
336	6	5	65	77	22	469	0.0563902	2.87546	1.65031e-06	2.92659e-05
337	4	3	5	5	5	0	0.969088	0.0314	2.73513e-07	2.82238e-07
338	8	7	16	22	5	86	0.561715	0.57676	3.2643e-06	5.8113e-06
339	9	7	9	11	6	9	0.891384	0.11498	9.7974e-07	1.09912e-06
340	11	8	11	13	5	17	0.845066	0.16834	1.38344e-06	1.63708e-06
341	6	5	1	1	1	0	0.99374	0.00628	5.60942e-08	5.64476e-08
342	6	6	0	0	0	0	1	-0	0	0
343	7	6	27	31	17	37	0.681554	0.38338	2.53252e-06	3.7158e-06
344	6	4	0	0	0	0	1	-0	0	0
345	7	6	9	10	4	12	0.88338	0.124	1.06189e-06	1.20207e-06
346	9	6	18	23	8	44	0.691536	0.36884	2.51453e-06	3.63616e-06
347	3	3	11	12	6	10	0.881298	0.12636	1.06523e-06	1.2087e-06
348	3	1	3	4	2	3	0.960386	0.04042	3.69931e-07	3.8519e-07
349	6	5	12	12	3	27	0.808108	0.21306	1.7067e-06	2.11197e-06
350	8	7	10	11	7	5	0.909755	0.09458	8.06579e-07	8.8659e-07
351	11	9	7	8	2	16	0.876481	0.13184	1.14093e-06	1.30171e-06
352	8	6	14	16	2	57	0.676258	0.39118	2.65888e-06	3.93175e-06
353	4	4	8	9	4	15	0.875448	0.13302	1.14248e-06	1.30503e-06
354	3	1	0	0	0	0	1	-0	0	0
355	6	5	2	2	2	0	0.987519	0.01256	1.11486e-07	1.12895e-07
356	6	4	3	3	3	0	0.981336	0.01884	1.66182e-07	1.69343e-07
357	6	5	39	50	12	397	0.0964529	2.3387	2.30679e-06	2.39163e-05
358	3	2	1	1	1	0	0.99374	0.00628	5.60942e-08	5.64476e-08
359	5	2	5	5	5	0	0.969088	0.0314	2.73513e-07	2.82238e-07
360	4	4	16	22	4	100	0.523007	0.64816	3.4284e-06	6.55517e-06
361	8	5	4	5	4	1	0.964158	0.0365	3.23351e-07	3.35371e-07
362	6	4	4	4	1	6	0.945804	0.05572	5.15075e-07	5.4459e-07
363	5	4	20	24	7	64	0.620568	0.47712	2.95097e-06	4.75527e-06
364	4	3	29	35	9	95	0.494455	0.7043	3.47271e-06	7.02332e-06
365	5	5	22	26	4	106	0.494662	0.70388	3.51198e-06	7.09976e-06
366	4	4	10	12	7	8	0.890333	0.11616	9.81536e-07	1.10244e-06
367	2	2	3	5	2	6	0.939883	0.062	5.64905e-07	6.01037e-07
368	3	1	6	6	3	4	0.943574	0.05808	5.20116e-07	5.51218e-07
369	5	4	5	5	2	4	0.949519	0.0518	4.69794e-07	4.94771e-07
370	1	1	0	0	0	0	1	-0	0	0
371	8	5	27	32	9	90	0.516872	0.65996	3.40531e-06	6.58831e-06
372	8	6	18	21	11	14	0.81605	0.20328	1.57438e-06	1.92926e-06
373	11	8	1	2	1	1	0.982495	0.01766	1.63122e-07	1.66028e-07
374	8	6	4	5	4	1	0.964158	0.0365	3.23351e-07	3.35371e-07
375	3	3	13	15	6	22	0.813508	0.2064	1.63974e-06	2.01564e-06
376	6	6	31	32	6	87	0.524841	0.64466	3.37416e-06	6.42891e-06
377	7	5	10	13	5	17	0.845066	0.16834	1.38344e-06	1.63708e-06
378	6	6	9	10	6	7	0.906196	0.0985	8.48569e-07	9.36408e-07
379	3	3	1	3	1	3	0.966436	0.03414	3.17709e-07	3.28742e-07
380	9	7	15	19	9	32	0.753882	0.28252	2.09034e-06	2.77277e-06
381	9	9	25	31	8	105	0.481822	0.73018	3.53121e-06	7.32886e-06
382	6	5	1	1	1	0	0.99374	0.00628	5.60942e-08	5.64476e-08
383	7	7	9	15	4	40	0.742153	0.2982	2.20571e-06	2.97204e-06
384	10	8	6	6	5	1	0.958122	0.04278	3.7541e-07	3.91819e-07
385	8	6	7	7	4	6	0.928152	0.07456	6.62638e-07	7.13932e-07
386	6	5	0	0	0	0	1	-0	0	0
387	7	7	26	32	11	80	0.543916	0.60896	3.29449e-06	6.05698e-06
388	6	4	13	14	3	32	0.777929	0.25112	1.93745e-06	2.49053e-06
389	3	3	2	2	2	0	0.987519	0.01256	1.11486e-07	1.12895e-07
390	4	4	4	4	4	0	0.975193	0.02512	2.20189e-07	2.2579e-07
391	9	7	66	74	18	255	0.171149	1.76522	3.0338e-06	1.77261e-05
392	12	9	16	17	9	15	0.832552	0.18326	1.46247e-06	1.75661e-06
393	4	4	4	5	3	2	0.959253	0.0416	3.72674e-07	3.88504e-07
394	11	7	14	15	7	21	0.817667	0.2013	1.60468e-06	1.96251e-06
395	6	6	12	13	4	30	0.790856	0.23464	1.84097e-06	2.32781e-06
396	6	3	2	3	1	3	0.966436	0.03414	3.17709e-07	3.28742e-07
397	6	4	1	1	1	0	0.99374	0.00628	5.60942e-08	5.64476e-08
398	3	2	0	0	0	0	1	-0	0	0
399	3	2	7	7	3	10	0.909409	0.09496	8.42536e-07	9.26465e-07
400	7	7	23	31	8	137	0.40927	0.89338	3.69535e-06	9.02912e-06
401	6	5	9	10	4	12	0.88338	0.124	1.06189e-06	1.20207e-06
402	7	5	8	9	2	28	0.819288	0.19932	1.6351e-06	1.99576e-06
403	3	2	3	3	2	1	0.976344	0.02394	2.17213e-07	2.22476e-07
404	3	3	14	20	7	34	0.741559	0.299	2.17683e-06	2.93548e-06
405	3	3	5	5	3	3	0.954374	0.0467	4.21487e-07	4.41638e-07
406	2	1	6	6	3	6	0.933999	0.06828	6.1409e-07	6.57485e-07
407	7	5	22	25	12	24	0.756237	0.2794	2.03155e-06	2.68639e-06
408	5	5	21	22	5	67	0.61887	0.47986	2.97167e-06	4.80177e-06
409	5	3	0	0	0	0	1	-0	0	0
410	3	3	5	6	4	3	0.948399	0.05298	4.72383e-07	4.98085e-07
411	8	5	16	16	9	17	0.829294	0.18718	1.49806e-06	1.80643e-06
412	5	4	3	4	2	3	0.960386	0.04042	3.69931e-07	3.8519e-07
413	2	2	0	0	0	0	1	-0	0	0
414	6	6	21	23	10	25	0.7619	0.27194	2.00123e-06	2.62662e-06
415	4	1	8	8	3	9	0.908337	0.09614	8.44553e-07	9.2978e-07
416	4	4	5	5	2	6	0.939883	0.062	5.64905e-07	6.01037e-07
417	7	6	24	27	12	54	0.64085	0.44496	2.81543e-06	4.39328e-06
418	7	6	16	18	6	41	0.724597	0.32214	2.31474e-06	3.19452e-06
419	4	3	2	2	1	1	0.982495	0.01766	1.63122e-07	1.66028e-07
420	7	6	23	26	10	48	0.664926	0.40808	2.67169e-06	4.01803e-06
421	6	5	6	6	3	6	0.933999	0.06828	6.1409e-07	6.57485e-07
422	6	4	39	43	16	98	0.463087	0.76984	3.53535e-06	7.6343e-06
423	8	6	5	6	3	6	0.933999	0.06828	6.1409e-07	6.57485e-07
424	8	7	62	72	15	226	0.200938	1.60476	3.22954e-06	1.60723e-05
425	10	7	56	64	14	224	0.213457	1.54432	3.31167e-06	1.55145e-05
426	4	3	4	4	1	6	0.945804	0.05572	5.15075e-07	5.4459e-07
427	4	4	34	37	6	362	0.12511	2.07856	2.6677e-06	2.13228e-05
428	6	6	1	1	1	0	0.99374	0.00628	5.60942e-08	5.64476e-08
429	3	2	0	0	0	0	1	-0	0	0
430	5	4	5	6	2	7	0.929248	0.07338	6.6034e-07	7.10618e-07
431	5	3	5	5	3	2	0.959253	0.0416	3.72674e-07	3.88504e-07
432	2	2	1	1	1	0	0.99374	0.00628	5.60942e-08	5.64476e-08
433	9	8	27	27	13	36	0.702465	0.35316	2.41429e-06	3.43688e-06
434	6	6	15	17	9	12	0.845388	0.16796	1.35026e-06	1.59721e-06
435	6	2	0	0	0	0	1	-0	0	0
436	9	7	8	10	5	15	0.869967	0.1393	1.18444e-06	1.36147e-06
437	7	6	17	19	11	24	0.785276	0.24172	1.84359e-06	2.3477e-06
438	2	2	10	13	5	36	0.767022	0.26524	2.03001e-06	2.64661e-06
439	2	2	3	3	1	3	0.966436	0.03414	3.17709e-07	3.28742e-07
440	3	1	0	0	0	0	1	-0	0	0
441	6	5	26	29	6	95	0.513441	0.66662	3.43217e-06	6.68463e-06
442	2	0	0	0	0	0	1	-0	0	0
443	11	8	20	24	11	41	0.697802	0.35982	2.46548e-06	3.5332e-06
444	11	5	27	31	10	99	0.496794	0.69958	3.48256e-06	7.01006e-06
445	8	7	13	17	1	136	0.449167	0.80036	3.67676e-06	8.18572e-06
446	8	6	5	5	3	3	0.954374	0.0467	4.21487e-07	4.41638e-07
447	7	6	26	26	6	85	0.550582	0.59678	3.29466e-06	5.98396e-06
448	7	6	4	5	4	1	0.964158	0.0365	3.23351e-07	3.35371e-07
449	1	1	0	0	0	0	1	-0	0	0
450	5	5	4	4	4	0	0.975193	0.02512	2.20189e-07	2.2579e-07
451	3	3	6	8	2	21	0.854414	0.15734	1.33919e-06	1.56738e-06
452	5	3	9	11	1	55	0.704984	0.34958	2.49793e-06	3.54325e-06
453	6	3	4	6	4	2	0.953248	0.04788	4.2415e-07	4.44952e-07
454	6	6	29	34	13	60	0.594806	0.51952	3.0378e-06	5.10721e-06
455	4	4	3	3	3	0	0.981336	0.01884	1.66182e-07	1.69343e-07
456	5	5	30	39	11	87	0.502269	0.68862	3.4275e-06	6.82404e-06
457	4	3	4	4	3	1	0.970232	0.03022	2.70621e-07	2.78924e-07
458	6	5	7	11	3	29	0.804946	0.21698	1.74012e-06	2.16179e-06
459	8	3	10	11	3	29	0.804946	0.21698	1.74012e-06	2.16179e-06
460	5	5	7	7	5	2	0.947281	0.05416	4.74966e-07	5.014e-07
461	3	2	0	0	0	0	1	-0	0	0
462	4	3	1	1	1	0	0.99374	0.00628	5.60942e-08	5.64476e-08
463	8	8	32	37	7	131	0.406383	0.90046	3.67736e-06	9.04901e-06
464	6	3	3	3	2	1	0.976344	0.02394	2.17213e-07	2.22476e-07
465	8	4	4	5	2	4	0.949519	0.0518	4.69794e-07	4.94771e-07
466	10	9	5	5	5	0	0.969088	0.0314	2.73513e-07	2.82238e-07
467	5	4	13	15	9	9	0.869271	0.1401	1.15171e-06	1.32491e-06
468	4	4	16	16	8	36	0.752706	0.28408	2.11959e-06	2.81596e-06
469	7	6	10	10	2	21	0.843749	0.1699	1.41773e-06	1.68027e-06
470	6	6	19	25	7	79	0.571266	0.5599	3.20407e-06	5.60871e-06
471	4	4	1	1	1	0	0.99374	0.00628	5.60942e-08	5.64476e-08
472	6	4	9	9	4	7	0.911905	0.09222	8.0244e-07	8.79961e-07
473	6	4	13	17	6	48	0.70359	0.35156	2.4696e-06	3.51e-06
474	6	5	37	41	15	93	0.481052	0.73178	3.49039e-06	7.25574e-06
475	3	3	7	7	3	6	0.928152	0.07456	6.62638e-07	7.13932e-07
476	8	6	23	24	14	38	0.70856	0.34452	2.39054e-06	3.3738e-06
477	6	5	1	2	1	1	0.982495	0.01766	1.63122e-07	1.66028e-07
478	1	1	0	0	0	0	1	-0	0	0
479	0	0	0	0	0	0	1	-0	0	0
480	6	3	7	7	5	2	0.947281	0.05416	4.74966e-07	5.014e-07
481	6	4	23	27	8	60	0.621537	0.47556	2.92873e-06	4.71208e-06
482	5	2	4	4	4	0	0.975193	0.02512	2.20189e-07	2.2579e-07
483	7	5	9	10	4	10	0.892436	0.1138	9.77939e-07	1.09581e-06
484	9	5	11	13	6	14	0.858095	0.15304	1.26799e-06	1.47768e-06
485	2	1	1	1	1	0	0.99374	0.00628	5.60942e-08	5.64476e-08
486	9	8	10	10	4	21	0.843749	0.1699	1.41773e-06	1.68027e-06
487	8	6	6	6	4	3	0.948399	0.05298	4.72383e-07	4.98085e-07
488	7	5	0	0	0	0	1	-0	0	0
489	4	3	21	25	8	56	0.642364	0.4426	2.81783e-06	4.38665e-06
490	4	3	12	13	7	16	0.849387	0.16324	1.34539e-06	1.58395e-06
491	7	5	14	15	8	10	0.864849	0.1452	1.1918e-06	1.37805e-06
492	7	6	22	26	5	110	0.484673	0.72428	3.54407e-06	7.31229e-06
493	7	6	34	36	11	218	0.262401	1.33788	3.57263e-06	1.36152e-05
494	5	4	6	7	4	4	0.937667	0.06436	5.69789e-07	6.07666e-07
495	5	5	0	0	0	0	1	-0	0	0
496	5	4	8	11	3	21	0.838467	0.17618	1.45618e-06	1.73672e-06
497	5	5	31	38	8	148	0.370301	0.99344	3.70624e-06	1.00087e-05
498	4	4	5	5	4	1	0.964158	0.0365	3.23351e-07	3.35371e-07
499	8	6	35	41	13	67	0.549262	0.59918	3.22652e-06	5.87428e-06
500	5	5	35	45	10	135	0.378666	0.9711	3.67803e-06	9.71312e-06
501	3	2	0	0	0	0	1	-0	0	0
502	5	4	4	4	3	1	0.970232	0.03022	2.70621e-07	2.78924e-07
503	7	6	34	35	13	71	0.558836	0.5819	3.21226e-06	5.74812e-06
504	5	4	22	29	6	106	0.48543	0.72272	3.52864e-06	7.2691e-06
505	10	7	8	9	5	10	0.898059	0.10752	9.33407e-07	1.03936e-06
506	1	1	5	5	2	6	0.939883	0.062	5.64905e-07	6.01037e-07
507	5	3	0	0	0	0	1	-0	0	0
508	5	5	39	41	15	58	0.575061	0.55328	3.10307e-06	5.39608e-06
509	4	3	12	17	7	26	0.787131	0.23936	1.84273e-06	2.34107e-06
510	5	5	50	59	12	234	0.209314	1.56392	3.29954e-06	1.57636e-05
511	3	3	19	23	8	46	0.684518	0.37904	2.56176e-06	3.74242e-06
512	3	3	6	7	3	10	0.909409	0.09496	8.42536e-07	9.26465e-07
513	3	3	9	9	3	16	0.870994	0.13812	1.18295e-06	1.35816e-06
514	2	2	8	10	2	36	0.78161	0.2464	1.93626e-06	2.47727e-06
515	2	1	5	7	3	7	0.92343	0.07966	7.08332e-07	7.67066e-07
516	10	8	8	9	5	6	0.916567	0.08712	7.57843e-07	8.26828e-07
517	10	9	9	13	6	18	0.840768	0.17344	1.42108e-06	1.69022e-06
518	9	7	1	1	1	0	0.99374	0.00628	5.60942e-08	5.64476e-08
519	6	5	16	17	10	13	0.841087	0.17306	1.38808e-06	1.65034e-06
520	4	4	18	27	8	89	0.536086	0.62346	3.35212e-06	6.25294e-06
521	2	2	1	1	1	0	0.99374	0.00628	5.60942e-08	5.64476e-08
522	8	5	10	11	5	16	0.860123	0.15068	1.26529e-06	1.47105e-06
523	4	3	1	1	1	0	0.99374	0.00628	5.60942e-08	5.64476e-08
524	4	3	0	0	0	0	1	-0	0	0
525	9	6	25	26	9	34	0.714137	0.33668	2.3382e-06	3.27417e-06
526	8	6	17	19	6	40	0.723742	0.32332	2.31441e-06	3.19783e-06
527	6	5	14	15	3	78	0.611402	0.492	3.05157e-06	4.9911e-06
528	9	7	18	20	12	15	0.817013	0.2021	1.57353e-06	1.92595e-06
529	6	4	0	0	0	0	1	-0	0	0
530	6	5	56	65	22	318	0.131336	2.03	2.70097e-06	2.05655e-05
531	7	5	27	32	11	58	0.608499	0.49676	2.97437e-06	4.88805e-06
532	6	6	31	34	14	101	0.482574	0.72862	3.51588e-06	7.28567e-06
533	6	3	0	0	0	0	1	-0	0	0
534	6	5	21	22	6	51	0.671487	0.39826	2.65348e-06	3.95164e-06
535	4	4	21	23	9	31	0.738939	0.30254	2.17649e-06	2.94542e-06
536	7	6	53	66	12	408	0.0824734	2.49528	2.09514e-06	2.54039e-05
537	8	7	37	46	10	158	0.334647	1.09468	3.67831e-06	1.09916e-05
538	10	5	1	1	1	0	0.99374	0.00628	5.60942e-08	5.64476e-08
539	7	5	20	21	8	33	0.740685	0.30018	2.17672e-06	2.9388e-06
540	5	4	2	2	2	0	0.987519	0.01256	1.11486e-07	1.12895e-07
541	5	4	12	13	5	21	0.828002	0.18874	1.53149e-06	1.84962e-06
542	4	2	11	13	7	10	0.87578	0.13264	1.10799e-06	1.26515e-06
543	3	2	0	0	0	0	1	-0	0	0
544	3	0	0	0	0	0	1	-0	0	0
545	7	6	15	19	6	37	0.734901	0.30802	2.23295e-06	3.03843e-06
546	2	0	0	0	0	0	1	-0	0	0
547	2	2	0	0	0	0	1	-0	0	0
548	5	3	6	9	6	4	0.925964	0.07692	6.67214e-07	7.20561e-07
549	4	4	21	25	10	43	0.686396	0.3763	2.53686e-06	3.69592e-06
550	3	3	14	17	2	120	0.487356	0.71876	3.57505e-06	7.33559e-06
551	3	3	15	16	6	55	0.683192	0.38098	2.61354e-06	3.82549e-06
552	5	5	3	3	1	3	0.966436	0.03414	3.17709e-07	3.28742e-07
553	4	3	15	16	6	46	0.715281	0.33508	2.39425e-06	3.34729e-06
554	5	5	25	31	8	90	0.520128	0.65368	3.39741e-06	6.53186e-06
555	9	9	22	27	6	71	0.587629	0.53166	3.1124e-06	5.29654e-06
556	7	5	5	5	4	1	0.964158	0.0365	3.23351e-07	3.35371e-07
557	2	1	5	6	3	3	0.948399	0.05298	4.72383e-07	4.98085e-07
558	11	9	67	76	22	188	0.237858	1.43608	3.39639e-06	1.42791e-05
559	6	5	1	1	1	0	0.99374	0.00628	5.60942e-08	5.64476e-08
560	5	4	21	28	4	131	0.430013	0.84394	3.67273e-06	8.54098e-06
561	5	5	25	28	12	38	0.690983	0.36964	2.48726e-06	3.59959e-06
562	10	6	17	20	5	39	0.722889	0.3245	2.31407e-06	3.20115e-06
563	2	2	31	39	11	76	0.531251	0.63252	3.31479e-06	6.23958e-06
564	4	4	7	8	4	5	0.927057	0.07574	6.64929e-07	7.17247e-07
565	6	6	26	31	15	42	0.664394	0.40888	2.64526e-06	3.98147e-06
566	7	6	3	3	3	0	0.981336	0.01884	1.66182e-07	1.69343e-07
567	7	5	15	15	8	11	0.86045	0.1503	1.23146e-06	1.43118e-06
568	10	9	22	24	9	41	0.697802	0.35982	2.46548e-06	3.5332e-06
569	6	6	54	62	16	198	0.246804	1.39916	3.46023e-06	1.40201e-05
570	3	2	4	4	3	1	0.970232	0.03022	2.70621e-07	2.78924e-07
571	9	7	36	42	14	77	0.518684	0.65646	3.35177e-06	6.46206e-06
572	4	4	21	26	5	92	0.531273	0.63248	3.37671e-06	6.35589e-06
573	6	6	23	25	11	27	0.744755	0.2947	2.11941e-06	2.84579e-06
574	7	6	35	37	11	85	0.513831	0.66586	3.3938e-06	6.60488e-06
575	6	5	6	6	2	10	0.915138	0.08868	7.96186e-07	8.70018e-07
576	4	3	20	24	7	76	0.583728	0.53832	3.14797e-06	5.39287e-06
577	9	7	23	25	11	20	0.771823	0.259	1.90938e-06	2.47385e-06
578	6	5	6	7	4	4	0.937667	0.06436	5.69789e-07	6.07666e-07
579	6	5	32	39	6	220	0.254891	1.36692	3.54063e-06	1.38908e-05
580	1	1	1	1	1	0	0.99374	0.00628	5.60942e-08	5.64476e-08
581	6	4	7	10	4	16	0.865541	0.1444	1.2244e-06	1.41461e-06
582	4	4	30	33	9	124	0.431866	0.83964	3.64982e-06	8.45129e-06
583	3	1	4	5	2	6	0.939883	0.062	5.64905e-07	6.01037e-07
584	7	3	2	3	1	3	0.966436	0.03414	3.17709e-07	3.28742e-07
585	3	0	0	0	0	0	1	-0	0	0
586	1	1	0	0	0	0	1	-0	0	0
587	3	2	1	2	1	1	0.982495	0.01766	1.63122e-07	1.66028e-07
588	7	7	8	10	5	11	0.887897	0.1189	1.02014e-06	1.14894e-06
589	6	5	8	8	4	7	0.917649	0.08594	7.55696e-07	8.23513e-07
590	10	9	41	45	22	69	0.530201	0.6345	3.2906e-06	6.20633e-06
591	10	9	53	61	18	162	0.298412	1.20928	3.59613e-06	1.20509e-05
592	5	5	35	39	14	110	0.446677	0.80592	3.59401e-06	8.04611e-06
593	2	2	18	19	6	36	0.738658	0.30292	2.20512e-06	2.9853e-06
594	5	4	5	5	3	2	0.959253	0.0416	3.72674e-07	3.88504e-07
595	5	5	17	18	9	18	0.814778	0.20484	1.60711e-06	1.97245e-06
596	7	5	17	20	7	30	0.756843	0.2786	2.06084e-06	2.72295e-06
597	9	7	31	34	12	46	0.638828	0.44812	2.78743e-06	4.36335e-06
598	5	2	8	10	5	15	0.869967	0.1393	1.18444e-06	1.36147e-06
599	6	6	5	6	2	7	0.929248	0.07338	6.6034e-07	7.10618e-07
600	8	4	11	12	4	36	0.771854	0.25896	1.99923e-06	2.59017e-06
601	9	8	26	31	13	60	0.606118	0.50068	2.99293e-06	4.93787e-06
602	4	3	5	6	3	4	0.943574	0.05808	5.20116e-07	5.51218e-07
603	5	3	24	34	7	123	0.431357	0.84082	3.64695e-06	8.4546e-06
604	5	4	5	6	2	10	0.915138	0.08868	7.96186e-07	8.70018e-07
605	4	4	24	27	12	31	0.720608	0.32766	2.2852e-06	3.17121e-06
606	6	6	9	10	3	17	0.861138	0.1495	1.26393e-06	1.46774e-06
607	8	7	28	30	12	45	0.658428	0.4179	2.6893e-06	4.08442e-06
608	7	6	23	29	11	55	0.629632	0.46262	2.87068e-06	4.55931e-06
609	3	2	21	25	8	47	0.672536	0.3967	2.62857e-06	3.90845e-06
610	11	9	30	36	11	75	0.544123	0.60858	3.27404e-06	6.0171e-06
611	6	6	3	3	3	0	0.981336	0.01884	1.66182e-07	1.69343e-07
612	5	5	4	4	1	6	0.945804	0.05572	5.15075e-07	5.4459e-07
613	5	4	4	5	3	2	0.959253	0.0416	3.72674e-07	3.88504e-07
614	9	6	3	3	2	1	0.976344	0.02394	2.17213e-07	2.22476e-07
615	3	3	18	23	3	173	0.358173	1.02674	3.75735e-06	1.04903e-05
616	3	3	0	0	0	0	1	-0	0	0
617	9	6	36	45	15	104	0.443525	0.813	3.57747e-06	8.06599e-06
618	6	4	9	10	3	16	0.865541	0.1444	1.2244e-06	1.41461e-06
619	4	3	8	13	5	15	0.85373	0.15814	1.3069e-06	1.53082e-06
620	1	1	1	1	1	0	0.99374	0.00628	5.60942e-08	5.64476e-08
621	4	3	9	9	3	21	0.849065	0.16362	1.37873e-06	1.62383e-06
622	2	2	5	5	4	1	0.964158	0.0365	3.23351e-07	3.35371e-07
623	4	2	0	0	0	0	1	-0	0	0
624	6	4	10	13	4	31	0.786832	0.23974	1.87341e-06	2.38095e-06
625	7	6	36	43	15	123	0.407653	0.89734	3.65364e-06	8.96263e-06
626	3	2	1	1	1	0	0.99374	0.00628	5.60942e-08	5.64476e-08
627	9	5	19	21	5	97	0.534416	0.62658	3.38784e-06	6.33932e-06
628	4	4	16	22	2	159	0.387105	0.94906	3.75105e-06	9.69003e-06
629	2	0	0	0	0	0	1	-0	0	0
630	8	8	21	23	11	27	0.754168	0.28214	2.06106e-06	2.73289e-06
631	5	3	11	18	4	48	0.699185	0.35784	2.49361e-06	3.56645e-06
632	5	5	41	48	16	105	0.433034	0.83694	3.58919e-06	8.28847e-06
633	5	4	15	15	6	25	0.801156	0.2217	1.74255e-06	2.17504e-06
634	5	5	19	24	11	24	0.761001	0.27312	2.00139e-06	2.62994e-06
635	4	4	15	20	7	29	0.760712	0.2735	2.03096e-06	2.66981e-06
636	6	5	3	3	2	1	0.976344	0.02394	2.17213e-07	2.22476e-07
637	2	2	3	4	2	2	0.965296	0.03532	3.20533e-07	3.32057e-07
638	5	3	16	17	8	18	0.819911	0.19856	1.57095e-06	1.91601e-06
639	5	5	6	7	3	7	0.92343	0.07966	7.08332e-07	7.67066e-07
640	7	4	7	7	4	4	0.937667	0.06436	5.69789e-07	6.07666e-07
641	8	5	8	10	7	4	0.920167	0.0832	7.14978e-07	7.77009e-07
642	4	2	0	0	0	0	1	-0	0	0
643	5	4	19	20	2	94	0.546074	0.605	3.34387e-06	6.12347e-06
644	5	4	2	2	1	1	0.982495	0.01766	1.63122e-07	1.66028e-07
645	4	4	12	12	6	12	0.872354	0.13656	1.14712e-06	1.31497e-06
646	4	2	2	2	2	0	0.987519	0.01256	1.11486e-07	1.12895e-07
647	3	3	4	4	3	1	0.970232	0.03022	2.70621e-07	2.78924e-07
648	7	5	30	36	10	69	0.561031	0.57798	3.19692e-06	5.6983e-06
649	6	4	1	1	1	0	0.99374	0.00628	5.60942e-08	5.64476e-08
650	5	4	3	3	2	1	0.976344	0.02394	2.17213e-07	2.22476e-07
651	6	4	19	20	5	61	0.646165	0.4367	2.82379e-06	4.37008e-06
652	8	5	10	10	5	8	0.901586	0.1036	8.92157e-07	9.89542e-07
653	6	6	8	9	4	8	0.907266	0.09732	8.46564e-07	9.33094e-07
654	4	4	10	10	5	6	0.910829	0.0934	8.04513e-07	8.83275e-07
655	2	1	0	0	0	0	1	-0	0	0
656	4	3	1	1	1	0	0.99374	0.00628	5.60942e-08	5.64476e-08
657	3	2	5	6	1	15	0.892097	0.11418	1.01314e-06	1.13568e-06
658	5	4	15	19	6	28	0.769419	0.26212	1.96989e-06	2.56023e-06
659	6	6	15	18	10	17	0.818944	0.19974	1.57182e-06	1.91932e-06
660	1	1	0	0	0	0	1	-0	0	0
661	5	4	2	2	1	1	0.982495	0.01766	1.63122e-07	1.66028e-07
662	12	10	59	66	20	166	0.283348	1.26108	3.55478e-06	1.25457e-05
663	11	9	19	20	7	59	0.65279	0.4265	2.78337e-06	4.26381e-06
664	6	6	4	4	3	1	0.970232	0.03022	2.70621e-07	2.78924e-07
665	3	2	20	23	6	38	0.713024	0.33824	2.36536e-06	3.31736e-06
666	6	3	11	13	7	12	0.866893	0.14284	1.18887e-06	1.37142e-06
667	4	2	22	23	8	36	0.720334	0.32804	2.31306e-06	3.21109e-06
668	7	7	27	31	11	101	0.491752	0.70978	3.49947e-06	7.11633e-06
669	13	10	50	59	21	94	0.427449	0.84992	3.55848e-06	8.32493e-06
670	7	5	9	11	8	4	0.914407	0.08948	7.62118e-07	8.33456e-07
671	7	5	17	19	7	28	0.769419	0.26212	1.96989e-06	2.56023e-06
672	6	6	42	49	16	128	0.382694	0.96052	3.66123e-06	9.56698e-06
673	11	8	15	21	6	54	0.665458	0.40728	2.69816e-06	4.05459e-06
674	8	8	18	27	7	77	0.56992	0.56226	3.20029e-06	5.61534e-06
675	12	9	56	71	18	215	0.213871	1.54238	3.30034e-06	1.54314e-05
676	5	5	30	37	7	119	0.43203	0.83926	3.63398e-06	8.41141e-06
677	3	2	4	4	2	3	0.960386	0.04042	3.69931e-07	3.8519e-07
678	2	2	8	8	5	3	0.936562	0.06554	5.72221e-07	6.1098e-07
679	5	5	7	9	3	13	0.884423	0.12282	1.06021e-06	1.19876e-06
680	4	4	3	3	1	3	0.966436	0.03414	3.17709e-07	3.28742e-07
681	5	4	13	15	5	28	0.788991	0.237	1.84186e-06	2.33444e-06
682	7	7	27	33	9	68	0.574624	0.55404	3.14654e-06	5.47583e-06
683	4	3	26	29	9	73	0.574405	0.55442	3.16825e-06	5.5157e-06
684	5	4	6	9	3	16	0.870994	0.13812	1.18295e-06	1.35816e-06
685	6	5	0	0	0	0	1	-0	0	0
686	5	5	36	42	13	112	0.433892	0.83496	3.61073e-06	8.32172e-06
687	4	3	46	52	12	152	0.332286	1.10176	3.65897e-06	1.10115e-05
688	5	5	17	19	5	60	0.653561	0.42532	2.78449e-06	4.2605e-06
689	5	5	24	29	11	46	0.659205	0.41672	2.69029e-06	4.08111e-06
690	5	4	21	31	6	147	0.388921	0.94438	3.71826e-06	9.56046e-06
691	3	3	1	1	1	0	0.99374	0.00628	5.60942e-08	5.64476e-08
692	7	7	28	34	15	45	0.642094	0.44302	2.76756e-06	4.31021e-06
693	6	6	9	10	4	13	0.878886	0.1291	1.10318e-06	1.25521e-06
694	1	1	3	4	3	1	0.970232	0.03022	2.70621e-07	2.78924e-07
695	3	3	11	12	5	12	0.872354	0.13656	1.14712e-06	1.31497e-06
696	2	2	2	2	2	0	0.987519	0.01256	1.11486e-07	1.12895e-07
697	6	5	17	19	5	56	0.66703	0.40492	2.70011e-06	4.04796e-06
698	5	2	9	9	4	7	0.911905	0.09222	8.0244e-07	8.79961e-07
699	12	10	21	24	10	40	0.70137	0.35472	2.44082e-06	3.48007e-06
700	7	3	3	4	2	3	0.960386	0.04042	3.69931e-07	3.8519e-07
701	2	2	1	1	1	0	0.99374	0.00628	5.60942e-08	5.64476e-08
702	7	4	12	13	7	7	0.889283	0.11734	9.83326e-07	1.10575e-06
703	7	3	10	11	6	6	0.905127	0.09968	8.50568e-07	9.39723e-07
704	6	5	16	21	5	121	0.472849	0.74898	3.60051e-06	7.61452e-06
705	8	7	5	5	2	6	0.939883	0.062	5.64905e-07	6.01037e-07
706	4	3	5	6	2	7	0.929248	0.07338	6.6034e-07	7.10618e-07
707	5	4	0	0	0	0	1	-0	0	0
708	8	7	20	24	11	25	0.75713	0.27822	2.03144e-06	2.68307e-06
709	8	7	35	41	8	156	0.348862	1.05308	3.69903e-06	1.06031e-05
710	8	7	6	7	1	21	0.859796	0.15106	1.29909e-06	1.51093e-06
711	1	1	0	0	0	0	1	-0	0	0
712	7	5	4	5	2	6	0.939883	0.062	5.64905e-07	6.01037e-07
713	6	4	26	28	11	33	0.70883	0.34414	2.36319e-06	3.33393e-06
714	5	3	0	0	0	0	1	-0	0	0
715	12	11	15	17	10	11	0.84971	0.16286	1.31202e-06	1.54407e-06
716	6	5	7	8	4	5	0.927057	0.07574	6.64929e-07	7.17247e-07
717	2	1	0	0	0	0	1	-0	0	0
718	6	4	20	22	8	44	0.695893	0.36256	2.49109e-06	3.57971e-06
719	3	3	5	6	3	4	0.943574	0.05808	5.20116e-07	5.51218e-07
720	7	7	20	23	9	34	0.727719	0.31784	2.25944e-06	3.10482e-06
721	4	3	5	5	3	3	0.954374	0.0467	4.21487e-07	4.41638e-07
722	5	4	40	46	12	169	0.31639	1.15078	3.66256e-06	1.15761e-05
723	4	2	1	1	1	0	0.99374	0.00628	5.60942e-08	5.64476e-08
724	5	5	14	17	7	18	0.819911	0.19856	1.57095e-06	1.91601e-06
725	5	2	0	0	0	0	1	-0	0	0
726	5	5	29	33	7	139	0.40006	0.91614	3.69987e-06	9.24829e-06
727	3	2	0	0	0	0	1	-0	0	0
728	4	4	0	0	0	0	1	-0	0	0
729	3	2	3	5	1	10	0.920904	0.0824	7.49219e-07	8.1357e-07
730	3	3	0	0	0	0	1	-0	0	0
731	5	5	19	25	5	93	0.5319	0.6313	3.37894e-06	6.35258e-06
732	4	4	10	11	3	24	0.825736	0.19148	1.5657e-06	1.89612e-06
733	7	6	3	3	3	0	0.981336	0.01884	1.66182e-07	1.69343e-07
734	5	4	16	16	4	34	0.760423	0.27388	2.06051e-06	2.70969e-06
735	7	5	14	16	7	25	0.79614	0.22798	1.77658e-06	2.23149e-06
736	6	3	0	0	0	0	1	-0	0	0
737	3	3	5	5	3	3	0.954374	0.0467	4.21487e-07	4.41638e-07
738	8	4	12	13	6	12	0.866893	0.14284	1.18887e-06	1.37142e-06
739	5	5	29	32	8	81	0.541149	0.61406	3.30648e-06	6.11011e-06
740	5	5	24	28	10	42	0.67703	0.39004	2.58092e-06	3.81213e-06
741	9	6	37	46	7	295	0.166397	1.79338	3.04022e-06	1.82709e-05
742	6	4	6	6	1	15	0.892097	0.11418	1.01314e-06	1.13568e-06
743	5	5	30	36	12	81	0.527725	0.63918	3.34361e-06	6.3359e-06
744	8	5	17	19	13	6	0.860777	0.14992	1.1976e-06	1.3913e-06
745	7	6	17	19	6	38	0.731162	0.31312	2.26044e-06	3.09157e-06
746	4	3	0	0	0	0	1	-0	0	0
747	4	3	9	10	5	8	0.901586	0.1036	8.92157e-07	9.89542e-07
748	8	7	29	35	9	125	0.424306	0.8573	3.65638e-06	8.61732e-06
749	6	4	29	31	11	67	0.584862	0.53638	3.1055e-06	5.3098e-06
750	3	2	1	1	1	0	0.99374	0.00628	5.60942e-08	5.64476e-08
751	6	3	8	10	4	21	0.843749	0.1699	1.41773e-06	1.68027e-06
752	7	5	12	16	5	19	0.820879	0.19738	1.57009e-06	1.91269e-06
753	6	5	26	29	11	124	0.442852	0.81452	3.64268e-06	8.2255e-06
754	7	4	9	11	4	16	0.860123	0.15068	1.26529e-06	1.47105e-06
755	8	4	15	16	4	51	0.697272	0.36058	2.51921e-06	3.61295e-06
756	6	3	8	10	4	16	0.865541	0.1444	1.2244e-06	1.41461e-06
757	4	4	7	8	4	7	0.917649	0.08594	7.55696e-07	8.23513e-07
758	4	3	1	3	1	3	0.966436	0.03414	3.17709e-07	3.28742e-07
759	4	4	32	39	7	186	0.303152	1.19352	3.66336e-06	1.20842e-05
760	4	3	4	4	4	0	0.975193	0.02512	2.20189e-07	2.2579e-07
761	8	5	16	21	10	23	0.77944	0.24918	1.87647e-06	2.40746e-06
762	6	4	1	1	1	0	0.99374	0.00628	5.60942e-08	5.64476e-08
763	2	2	16	21	5	67	0.622769	0.47358	2.95524e-06	4.74532e-06
764	6	5	2	3	2	1	0.976344	0.02394	2.17213e-07	2.22476e-07
765	4	2	0	0	0	0	1	-0	0	0
766	3	1	0	0	0	0	1	-0	0	0
767	5	5	1	1	1	0	0.99374	0.00628	5.60942e-08	5.64476e-08
768	1	1	5	6	2	10	0.915138	0.08868	7.96186e-07	8.70018e-07
769	4	2	1	1	1	0	0.99374	0.00628	5.60942e-08	5.64476e-08
770	5	5	0	0	0	0	1	-0	0	0
771	8	5	38	45	13	145	0.359838	1.0221	3.68635e-06	1.02445e-05
772	7	6	8	8	5	4	0.931797	0.07064	6.18819e-07	6.64114e-07
773	4	3	7	10	4	10	0.892436	0.1138	9.77939e-07	1.09581e-06
774	5	3	12	14	4	27	0.798021	0.22562	1.77549e-06	2.22486e-06
775	6	5	14	15	2	61	0.666777	0.4053	2.72568e-06	4.08784e-06
776	4	3	0	0	0	0	1	-0	0	0
777	7	7	36	42	11	141	0.374239	0.98286	3.69096e-06	9.86258e-06
778	8	6	24	30	6	101	0.49485	0.7035	3.49358e-06	7.05988e-06
779	5	3	1	1	1	0	0.99374	0.00628	5.60942e-08	5.64476e-08
780	4	4	2	2	2	0	0.987519	0.01256	1.11486e-07	1.12895e-07
781	8	7	0	0	0	0	1	-0	0	0
782	6	6	15	22	8	43	0.699451	0.35746	2.46667e-06	3.52657e-06
783	8	6	7	7	4	4	0.937667	0.06436	5.69789e-07	6.07666e-07
784	6	5	55	71	17	287	0.148143	1.90958	2.85278e-06	1.9257e-05
785	8	7	12	12	7	8	0.890333	0.11616	9.81536e-07	1.10244e-06
786	2	2	11	14	2	78	0.615254	0.48572	3.03607e-06	4.93466e-06
787	7	6	43	51	17	136	0.362809	1.01388	3.66616e-06	1.01049e-05
788	6	2	2	2	1	1	0.982495	0.01766	1.63122e-07	1.66028e-07
789	5	4	16	19	3	81	0.587182	0.53242	3.15686e-06	5.37629e-06
790	6	3	11	17	6	32	0.76341	0.26996	2.03057e-06	2.65987e-06
791	3	2	21	25	9	39	0.700543	0.3559	2.44026e-06	3.48338e-06
792	7	6	29	34	14	52	0.619576	0.47872	2.90094e-06	4.68214e-06
793	11	7	40	45	18	62	0.549471	0.5988	3.20583e-06	5.8344e-06
794	8	4	24	27	6	92	0.527947	0.63876	3.38537e-06	6.41234e-06
795	5	4	3	3	2	1	0.976344	0.02394	2.17213e-07	2.22476e-07
796	7	6	11	12	9	4	0.908682	0.09576	8.0864e-07	8.89904e-07
797	5	5	15	15	9	10	0.864849	0.1452	1.1918e-06	1.37805e-06
798	4	3	2	2	2	0	0.987519	0.01256	1.11486e-07	1.12895e-07
799	3	3	12	16	5	29	0.780063	0.24838	1.90649e-06	2.44402e-06
800	8	6	33	44	12	144	0.363957	1.01072	3.68866e-06	1.01349e-05
801	3	2	5	6	3	4	0.943574	0.05808	5.20116e-07	5.51218e-07
802	4	4	15	17	7	28	0.779144	0.24956	1.90683e-06	2.44734e-06
803	6	2	1	1	1	0	0.99374	0.00628	5.60942e-08	5.64476e-08
804	4	3	22	24	11	32	0.730577	0.31392	2.23192e-06	3.055e-06
805	1	1	5	6	4	2	0.953248	0.04788	4.2415e-07	4.44952e-07
806	9	6	25	28	5	186	0.324834	1.12444	3.72368e-06	1.14633e-05
807	8	7	40	47	13	193	0.278187	1.27946	3.59077e-06	1.29077e-05
808	3	2	1	1	1	0	0.99374	0.00628	5.60942e-08	5.64476e-08
809	2	1	0	0	0	0	1	-0	0	0
810	4	3	18	20	6	105	0.516283	0.6611	3.4632e-06	6.70794e-06
811	8	7	28	34	10	87	0.51829	0.65722	3.39055e-06	6.54181e-06
812	5	3	5	5	4	1	0.964158	0.0365	3.23351e-07	3.35371e-07
813	6	6	54	61	13	184	0.26674	1.32148	3.52626e-06	1.32198e-05
814	5	4	1	1	1	0	0.99374	0.00628	5.60942e-08	5.64476e-08
815	5	4	14	20	5	57	0.659482	0.4163	2.74183e-06	4.15754e-06
816	6	3	2	2	2	0	0.987519	0.01256	1.11486e-07	1.12895e-07
817	5	3	39	46	11	164	0.324562	1.12528	3.67093e-06	1.13104e-05
818	7	5	29	30	9	108	0.477496	0.7392	3.54866e-06	7.43181e-06
819	10	8	39	46	14	155	0.339806	1.07938	3.68086e-06	1.08322e-05
820	5	4	5	5	2	6	0.939883	0.062	5.64905e-07	6.01037e-07
821	4	2	9	13	2	48	0.721488	0.32644	2.36952e-06	3.28421e-06
822	3	3	4	4	2	3	0.960386	0.04042	3.69931e-07	3.8519e-07
823	9	8	28	32	9	123	0.436809	0.82826	3.64373e-06	8.34171e-06
824	7	6	60	64	21	208	0.231605	1.46272	3.39634e-06	1.46644e-05
825	2	1	0	0	0	0	1	-0	0	0
826	7	6	22	26	11	32	0.721459	0.32648	2.28551e-06	3.1679e-06
827	7	4	3	3	3	0	0.981336	0.01884	1.66182e-07	1.69343e-07
828	5	3	2	3	1	3	0.966436	0.03414	3.17709e-07	3.28742e-07
829	7	3	12	14	3	35	0.766117	0.26642	2.03016e-06	2.64993e-06
830	8	6	15	17	6	32	0.76341	0.26996	2.03057e-06	2.65987e-06
831	3	1	3	3	2	1	0.976344	0.02394	2.17213e-07	2.22476e-07
832	3	2	11	11	7	7	0.900523	0.10478	8.94089e-07	9.92856e-07
833	8	4	21	22	11	15	0.806816	0.21466	1.64497e-06	2.03885e-06
834	6	6	33	39	14	91	0.492126	0.70902	3.46288e-06	7.03658e-06
835	4	1	0	0	0	0	1	-0	0	0
836	5	5	9	10	7	3	0.924872	0.0781	6.69492e-07	7.23876e-07
837	4	4	32	41	11	121	0.417037	0.87458	3.64635e-06	8.74347e-06
838	3	3	35	38	14	65	0.565446	0.57014	3.16575e-06	5.59867e-06
839	4	3	11	12	4	17	0.85039	0.16206	1.34416e-06	1.58064e-06
840	4	2	10	11	4	22	0.834202	0.18128	1.4931e-06	1.78985e-06
841	2	2	6	6	1	15	0.892097	0.11418	1.01314e-06	1.13568e-06
842	8	7	23	28	7	94	0.519317	0.65524	3.41454e-06	6.57505e-06
843	8	4	4	5	2	6	0.939883	0.062	5.64905e-07	6.01037e-07
844	8	5	1	1	1	0	0.99374	0.00628	5.60942e-08	5.64476e-08
845	4	3	8	8	3	9	0.908337	0.09614	8.44553e-07	9.2978e-07
846	10	9	24	27	10	96	0.517286	0.65916	3.42695e-06	6.62487e-06
847	6	6	0	0	0	0	1	-0	0	0
848	3	3	4	4	3	1	0.970232	0.03022	2.70621e-07	2.78924e-07
849	7	6	3	3	2	1	0.976344	0.02394	2.17213e-07	2.22476e-07
850	7	5	1	1	1	0	0.99374	0.00628	5.60942e-08	5.64476e-08
851	4	3	7	8	5	4	0.931797	0.07064	6.18819e-07	6.64114e-07
852	10	7	15	18	10	13	0.835822	0.17934	1.42657e-06	1.70679e-06
853	3	1	0	0	0	0	1	-0	0	0
854	5	4	8	9	4	15	0.875448	0.13302	1.14248e-06	1.30503e-06
855	8	5	7	8	3	9	0.908337	0.09614	8.44553e-07	9.2978e-07
856	10	5	23	27	14	31	0.720608	0.32766	2.2852e-06	3.17121e-06
857	8	8	9	9	8	1	0.94024	0.06162	5.27627e-07	5.61162e-07
858	4	3	14	16	5	34	0.760423	0.27388	2.06051e-06	2.70969e-06
859	7	6	20	24	10	42	0.694252	0.36492	2.48982e-06	3.58634e-06
860	5	4	16	17	8	25	0.791156	0.23426	1.81012e-06	2.28794e-06
861	4	3	8	8	7	1	0.946163	0.05534	4.77542e-07	5.04714e-07
862	4	3	0	0	0	0	1	-0	0	0
863	5	5	46	56	22	129	0.364372	1.00958	3.64928e-06	1.00152e-05
864	6	5	9	11	4	18	0.851394	0.16088	1.34292e-06	1.57732e-06
865	4	3	12	14	3	40	0.746828	0.29192	2.17745e-06	2.91559e-06
866	7	7	16	18	10	13	0.835822	0.17934	1.42657e-06	1.70679e-06
867	5	4	5	8	3	9	0.908337	0.09614	8.44553e-07	9.2978e-07
868	6	4	0	0	0	0	1	-0	0	0
869	5	4	10	11	6	7	0.900523	0.10478	8.94089e-07	9.92856e-07
870	6	4	12	13	8	11	0.871325	0.13774	1.14865e-06	1.31828e-06
871	2	1	0	0	0	0	1	-0	0	0
872	4	2	0	0	0	0	1	-0	0	0
873	3	0	0	0	0	0	1	-0	0	0
874	5	5	22	23	6	83	0.566805	0.56774	3.23552e-06	5.70835e-06
875	6	5	2	2	1	1	0.982495	0.01766	1.63122e-07	1.66028e-07
876	5	5	20	20	10	16	0.812857	0.2072	1.60871e-06	1.97908e-06
877	1	0	0	0	0	0	1	-0	0	0
878	10	7	47	56	12	310	0.14476	1.93268	2.84197e-06	1.96324e-05
879	8	4	13	18	5	34	0.750932	0.28644	2.11957e-06	2.82259e-06
880	6	6	8	9	5	6	0.916567	0.08712	7.57843e-07	8.26828e-07
881	3	3	7	7	5	2	0.947281	0.05416	4.74966e-07	5.014e-07
882	3	3	20	20	5	46	0.697537	0.3602	2.49235e-06	3.57308e-06
883	4	3	5	5	3	3	0.954374	0.0467	4.21487e-07	4.41638e-07
884	3	3	2	2	2	0	0.987519	0.01256	1.11486e-07	1.12895e-07
885	10	7	11	13	4	18	0.840768	0.17344	1.42108e-06	1.69022e-06
886	12	9	28	33	5	220	0.264678	1.32924	3.58694e-06	1.35521e-05
887	6	5	11	15	4	23	0.809369	0.2115	1.67441e-06	2.06878e-06
888	4	2	42	55	15	170	0.297482	1.2124	3.61062e-06	1.21373e-05
889	8	6	33	41	9	147	0.365248	1.00718	3.69811e-06	1.01249e-05
890	7	6	20	26	9	45	0.675177	0.39278	2.60526e-06	3.85863e-06
891	7	5	0	0	0	0	1	-0	0	0
892	7	5	36	42	9	188	0.294475	1.22256	3.63967e-06	1.23598e-05
893	6	6	1	1	1	0	0.99374	0.00628	5.60942e-08	5.64476e-08
894	2	2	0	0	0	0	1	-0	0	0
895	8	6	64	68	22	122	0.350204	1.04924	3.61434e-06	1.03207e-05
896	9	4	2	3	2	1	0.976344	0.02394	2.17213e-07	2.22476e-07
897	10	8	43	50	11	177	0.296206	1.2167	3.6217e-06	1.2227e-05
898	12	8	29	40	11	86	0.501676	0.6898	3.42512e-06	6.82736e-06
899	1	1	0	0	0	0	1	-0	0	0
900	6	5	24	28	11	122	0.450211	0.79804	3.62995e-06	8.06278e-06
901	7	6	37	43	13	78	0.512815	0.66784	3.37003e-06	6.57164e-06
902	6	5	11	11	6	9	0.891384	0.11498	9.7974e-07	1.09912e-06
903	4	3	29	31	13	97	0.501887	0.68938	3.46493e-06	6.9038e-06
904	5	3	7	8	1	28	0.824449	0.19304	1.59886e-06	1.93931e-06
905	5	5	32	39	6	248	0.220972	1.50972	3.39821e-06	1.53785e-05
906	5	3	13	20	4	121	0.475827	0.7427	3.59634e-06	7.55807e-06
907	5	4	9	13	5	18	0.840768	0.17344	1.42108e-06	1.69022e-06
908	6	4	18	18	3	94	0.552976	0.59244	3.32371e-06	6.01058e-06
909	5	4	1	1	1	0	0.99374	0.00628	5.60942e-08	5.64476e-08
910	4	3	5	5	2	6	0.939883	0.062	5.64905e-07	6.01037e-07
911	3	1	0	0	0	0	1	-0	0	0
912	3	1	0	0	0	0	1	-0	0	0
913	2	2	9	9	1	36	0.786533	0.24012	1.90406e-06	2.42082e-06
914	5	4	10	11	4	14	0.868941	0.14048	1.18592e-06	1.36479e-06
915	9	7	14	17	11	21	0.807461	0.21386	1.67581e-06	2.07541e-06
916	8	6	17	20	6	40	0.719211	0.3296	2.34052e-06	3.25428e-06
917	2	2	24	28	7	64	0.605174	0.50224	3.0144e-06	4.98106e-06
918	4	4	12	13	3	22	0.82379	0.19384	1.56747e-06	1.90275e-06
919	9	8	82	97	17	560	0.031268	3.46516	1.10157e-06	3.523e-05
920	6	6	15	16	5	42	0.730022	0.31468	2.28844e-06	3.13476e-06
921	7	7	5	6	3	6	0.933999	0.06828	6.1409e-07	6.57485e-07
922	5	5	5	6	2	10	0.915138	0.08868	7.96186e-07	8.70018e-07
923	5	4	1	1	1	0	0.99374	0.00628	5.60942e-08	5.64476e-08
924	8	6	28	38	12	92	0.492707	0.70784	3.46534e-06	7.03326e-06
925	4	3	11	12	3	45	0.737227	0.30486	2.26208e-06	3.06837e-06
926	6	5	16	18	7	40	0.728302	0.31704	2.28788e-06	3.14138e-06
927	8	7	2	2	2	0	0.987519	0.01256	1.11486e-07	1.12895e-07
928	6	5	10	10	5	8	0.901586	0.1036	8.92157e-07	9.89542e-07
929	4	3	2	2	1	1	0.982495	0.01766	1.63122e-07	1.66028e-07
930	5	5	55	67	18	234	0.199058	1.61416	3.22775e-06	1.62152e-05
931	8	5	26	28	9	65	0.602095	0.50734	3.03106e-06	5.03419e-06
932	7	6	5	6	3	4	0.943574	0.05808	5.20116e-07	5.51218e-07
933	6	4	4	4	3	1	0.970232	0.03022	2.70621e-07	2.78924e-07
934	6	6	8	10	3	22	0.839457	0.175	1.45512e-06	1.73341e-06
935	3	3	1	1	1	0	0.99374	0.00628	5.60942e-08	5.64476e-08
936	6	4	16	18	11	22	0.798325	0.22524	1.74433e-06	2.18499e-06
937	10	8	35	36	20	34	0.670669	0.39948	2.57446e-06	3.83864e-06
938	10	7	21	26	6	173	0.351488	1.04558	3.74675e-06	1.06597e-05
939	2	2	5	5	3	2	0.959253	0.0416	3.72674e-07	3.88504e-07
940	4	3	7	8	4	7	0.917649	0.08594	7.55696e-07	8.23513e-07
941	7	5	5	5	2	6	0.939883	0.062	5.64905e-07	6.01037e-07
942	7	7	25	27	10	37	0.698891	0.35826	2.43914e-06	3.49001e-06
943	3	3	10	12	2	46	0.733476	0.30996	2.28955e-06	3.1215e-06
944	4	1	6	8	1	28	0.824449	0.19304	1.59886e-06	1.93931e-06
945	3	2	5	5	2	4	0.949519	0.0518	4.69794e-07	4.94771e-07
946	4	2	9	10	6	7	0.906196	0.0985	8.48569e-07	9.36408e-07
947	6	5	29	33	7	104	0.478241	0.73764	3.53354e-06	7.38862e-06
948	5	5	17	22	8	40	0.710235	0.34216	2.39148e-06	3.36718e-06
949	4	3	0	0	0	0	1	-0	0	0
950	0	0	0	0	0	0	1	-0	0	0
951	5	4	27	34	7	132	0.412005	0.88672	3.68036e-06	8.9328e-06
952	5	3	27	29	10	63	0.60446	0.50342	3.01285e-06	4.98437e-06
953	3	0	0	0	0	0	1	-0	0	0
954	6	4	4	5	3	3	0.954374	0.0467	4.21487e-07	4.41638e-07
955	4	4	12	16	3	59	0.669396	0.40138	2.70303e-06	4.03802e-06
956	2	2	5	5	2	6	0.939883	0.062	5.64905e-07	6.01037e-07
957	8	7	51	64	13	345	0.115161	2.16142	2.52706e-06	2.19436e-05
958	8	8	22	26	11	42	0.685587	0.37748	2.53615e-06	3.69923e-06
959	6	6	24	26	12	28	0.736328	0.30608	2.17612e-06	2.95537e-06
960	9	8	41	44	18	76	0.514829	0.66392	3.35762e-06	6.52182e-06
961	8	8	21	23	8	40	0.705788	0.34844	2.41635e-06	3.42362e-06
962	4	4	0	0	0	0	1	-0	0	0
963	7	5	27	33	9	111	0.461469	0.77334	3.58126e-06	7.76056e-06
964	7	6	26	29	11	62	0.60755	0.49832	2.99598e-06	4.93124e-06
965	5	3	7	10	1	45	0.746545	0.2923	2.20639e-06	2.95547e-06
966	3	3	29	35	5	172	0.333871	1.097	3.71084e-06	1.11146e-05
967	9	6	26	30	9	78	0.556438	0.5862	3.24838e-06	5.83782e-06
968	6	4	20	22	7	61	0.6381	0.44926	2.86059e-06	4.48297e-06
969	5	4	38	42	15	69	0.540284	0.61566	3.26169e-06	6.03699e-06
970	4	4	26	30	5	181	0.329065	1.1115	3.7219e-06	1.13105e-05
971	9	6	9	10	7	4	0.920167	0.0832	7.14978e-07	7.77009e-07
972	6	5	45	51	16	132	0.370286	0.99348	3.66302e-06	9.89241e-06
973	6	3	27	29	7	65	0.598326	0.51362	3.04586e-06	5.09064e-06
974	6	4	27	30	9	87	0.531475	0.6321	3.3568e-06	6.31602e-06
975	4	3	17	17	8	30	0.771237	0.25976	1.96943e-06	2.55361e-06
976	5	5	18	19	6	47	0.69836	0.35902	2.49298e-06	3.56976e-06
977	8	7	22	29	10	91	0.524023	0.64622	3.39153e-06	6.4721e-06
978	11	9	12	14	5	16	0.84407	0.16952	1.38461e-06	1.6404e-06
979	2	2	19	22	9	30	0.747396	0.29116	2.1195e-06	2.83584e-06
980	6	4	22	22	9	25	0.7667	0.26566	1.97055e-06	2.57018e-06
981	4	4	22	25	6	55	0.645649	0.4375	2.79793e-06	4.33352e-06
982	5	5	1	1	1	0	0.99374	0.00628	5.60942e-08	5.64476e-08
983	7	5	11	13	4	18	0.840768	0.17344	1.42108e-06	1.69022e-06
984	4	4	15	18	8	24	0.790223	0.23544	1.8106e-06	2.29125e-06
985	2	1	2	2	1	1	0.982495	0.01766	1.63122e-07	1.66028e-07
986	1	1	0	0	0	0	1	-0	0	0
987	3	3	16	18	7	36	0.743312	0.29664	2.17705e-06	2.92885e-06
988	10	8	3	3	3	0	0.981336	0.01884	1.66182e-07	1.69343e-07
989	7	5	14	15	7	24	0.805252	0.2166	1.70867e-06	2.12191e-06
990	9	8	4	4	3	1	0.970232	0.03022	2.70621e-07	2.78924e-07
991	9	7	59	70	16	319	0.126628	2.0665	2.64663e-06	2.09008e-05
992	4	4	36	44	10	160	0.335437	1.09232	3.68478e-06	1.0985e-05
993	10	6	18	23	11	29	0.746515	0.29234	2.11947e-06	2.83916e-06
994	5	3	13	22	4	50	0.674921	0.39316	2.63118e-06	3.89851e-06
995	5	5	18	24	7	96	0.527124	0.64032	3.40286e-06	6.45553e-06
996	3	2	0	0	0	0	1	-0	0	0
997	3	2	9	10	5	11	0.887897	0.1189	1.02014e-06	1.14894e-06
998	5	5	9	9	6	3	0.930698	0.07182	6.21174e-07	6.67428e-07
999	6	6	22	24	8	59	0.636596	0.45162	2.85806e-06	4.4896e-06
1000	8	5	4	4	3	1	0.970232	0.03022	2.70621e-07	2.78924e-07