Hist	Tr_Tot	Tr_in	DSBs	DSBt	RIFs	NComb	PSurv	lPSurv	PMut*	PMut
1	193	168	78	83	41	70	0.415514	0.87824	3.49217e-06	8.40447e-06
2	191	153	79	83	43	91	0.373312	0.98534	3.55403e-06	9.52027e-06
3	189	154	59	62	36	37	0.560986	0.57806	3.06617e-06	5.46568e-06
4	187	155	72	72	39	64	0.459067	0.77856	3.42682e-06	7.46475e-06
5	185	142	44	47	25	39	0.610144	0.49406	2.88307e-06	4.72523e-06
6	183	132	68	74	30	111	0.356714	1.03082	3.59386e-06	1.00749e-05
7	181	159	74	79	39	73	0.419614	0.86842	3.49878e-06	8.33808e-06
8	180	146	70	71	41	57	0.478748	0.73658	3.36865e-06	7.03637e-06
9	178	142	61	62	28	72	0.469278	0.75656	3.43762e-06	7.32534e-06
10	188	145	73	74	43	60	0.46268	0.77072	3.40769e-06	7.36511e-06
11	175	134	54	55	35	26	0.620022	0.478	2.78147e-06	4.48608e-06
12	173	132	51	56	31	47	0.553563	0.59138	3.13224e-06	5.65833e-06
13	171	131	51	52	33	28	0.625402	0.46936	2.76616e-06	4.423e-06
14	169	131	38	41	27	16	0.712425	0.33908	2.25446e-06	3.16448e-06
15	167	135	49	56	31	37	0.582527	0.54038	2.98661e-06	5.12699e-06
16	206	161	100	101	53	88	0.338551	1.08308	3.51312e-06	1.03769e-05
17	161	127	63	65	32	65	0.477257	0.7397	3.39938e-06	7.12275e-06
18	157	123	64	65	33	67	0.472414	0.7499	3.41509e-06	7.22902e-06
19	172	146	61	61	41	43	0.547507	0.60238	3.13614e-06	5.72803e-06
20	184	148	64	66	34	47	0.519868	0.65418	3.23504e-06	6.2228e-06
21	187	156	77	81	47	54	0.45654	0.78408	3.39732e-06	7.44145e-06
22	184	145	60	60	37	37	0.568076	0.5655	3.04079e-06	5.35278e-06
23	190	150	71	76	43	46	0.490721	0.71188	3.30458e-06	6.73414e-06
24	170	136	60	67	31	89	0.417004	0.87466	3.54905e-06	8.51084e-06
25	169	133	64	69	37	49	0.504988	0.68322	3.28162e-06	6.49841e-06
26	160	127	39	42	28	20	0.693669	0.36576	2.38169e-06	3.43346e-06
27	176	137	59	59	36	54	0.52418	0.64592	3.24971e-06	6.1996e-06
28	192	152	64	65	40	38	0.547715	0.602	3.11549e-06	5.68816e-06
29	193	149	65	67	38	67	0.466517	0.76246	3.42513e-06	7.34191e-06
30	181	145	79	83	41	86	0.382954	0.95984	3.54409e-06	9.25461e-06
31	171	139	69	71	38	57	0.478748	0.73658	3.36865e-06	7.03637e-06
32	165	131	50	50	36	21	0.656324	0.4211	2.58472e-06	3.93818e-06
33	186	153	74	75	44	48	0.488801	0.7158	3.31601e-06	6.78396e-06
34	203	153	45	48	34	16	0.681786	0.38304	2.4269e-06	3.55962e-06
35	199	151	72	74	43	58	0.467423	0.76052	3.39295e-06	7.25885e-06
36	196	156	76	77	35	87	0.395636	0.92726	3.54848e-06	8.96905e-06
37	194	151	81	84	38	76	0.400469	0.91512	3.516e-06	8.77972e-06
38	191	154	68	72	40	45	0.505777	0.68166	3.2649e-06	6.45522e-06
39	189	142	68	69	47	28	0.562075	0.57612	3.02543e-06	5.38261e-06
40	187	132	72	73	43	45	0.50261	0.68794	3.27283e-06	6.51167e-06
41	185	144	55	57	34	35	0.584815	0.53646	2.96921e-06	5.07718e-06
42	184	139	54	54	31	35	0.595937	0.51762	2.92476e-06	4.90783e-06
43	182	134	42	42	30	23	0.683137	0.38106	2.45442e-06	3.59286e-06
44	180	145	89	93	39	132	0.284438	1.25724	3.48812e-06	1.22632e-05
45	179	136	63	63	34	48	0.52706	0.64044	3.21854e-06	6.10659e-06
46	177	135	56	63	38	37	0.557474	0.58434	3.07844e-06	5.52213e-06
47	175	133	55	57	39	25	0.615414	0.48546	2.79758e-06	4.54584e-06
48	173	135	57	58	39	27	0.605355	0.50194	2.85035e-06	4.70856e-06
49	171	130	90	92	40	132	0.28623	1.25096	3.49394e-06	1.22068e-05
50	182	146	67	68	36	68	0.461239	0.77384	3.43692e-06	7.45149e-06
51	167	131	44	45	30	22	0.673815	0.3948	2.49923e-06	3.70907e-06
52	165	121	70	72	40	53	0.485556	0.72246	3.34077e-06	6.88029e-06
53	162	127	69	75	39	63	0.452802	0.7923	3.43268e-06	7.58096e-06
54	189	146	68	69	37	70	0.4537	0.79032	3.45456e-06	7.61421e-06
55	193	151	87	91	50	71	0.393144	0.93358	3.50259e-06	8.90919e-06
56	149	112	58	59	34	47	0.543231	0.61022	3.16577e-06	5.82767e-06
57	163	119	62	62	32	52	0.519671	0.65456	3.25453e-06	6.26268e-06
58	196	148	90	93	48	90	0.352382	1.04304	3.53496e-06	1.00316e-05
59	190	146	83	87	45	72	0.401094	0.91356	3.50417e-06	8.73653e-06
60	170	141	44	46	27	50	0.580492	0.54388	3.04947e-06	5.25325e-06
61	194	151	65	67	30	70	0.459434	0.77776	3.44636e-06	7.50131e-06
62	184	146	64	65	32	72	0.46052	0.7754	3.45145e-06	7.49468e-06
63	176	145	55	56	30	51	0.542385	0.61178	3.18426e-06	5.87086e-06
64	163	129	68	72	38	51	0.490534	0.71226	3.32289e-06	6.77402e-06
65	181	142	44	46	27	32	0.636303	0.45208	2.7341e-06	4.29685e-06
66	181	147	64	67	40	42	0.529957	0.63496	3.18694e-06	6.01358e-06
67	156	125	59	60	30	48	0.537084	0.6216	3.1888e-06	5.93725e-06
68	215	161	96	99	54	86	0.346345	1.06032	3.51809e-06	1.01578e-05
69	209	156	72	74	47	41	0.509758	0.67382	3.23981e-06	6.35558e-06
70	204	150	90	92	44	102	0.333551	1.09796	3.5399e-06	1.06128e-05
71	200	149	66	69	37	58	0.482333	0.72912	3.36505e-06	6.97661e-06
72	193	147	53	53	33	34	0.602758	0.50624	2.89218e-06	4.79825e-06
73	172	126	61	62	38	43	0.544079	0.60866	3.14722e-06	5.78448e-06
74	192	147	69	73	44	56	0.47519	0.74404	3.37201e-06	7.09613e-06
75	190	156	78	83	42	74	0.407123	0.89864	3.50818e-06	8.61701e-06
76	188	143	54	54	31	36	0.592906	0.52272	2.94138e-06	4.96097e-06
77	186	142	64	64	37	56	0.502822	0.68752	3.31264e-06	6.58811e-06
78	184	153	85	88	46	87	0.369228	0.99634	3.54089e-06	9.58998e-06
79	182	133	47	47	33	25	0.655301	0.42266	2.609e-06	3.98137e-06
80	181	146	62	63	33	47	0.529755	0.63534	3.20685e-06	6.05346e-06
81	179	140	79	83	38	89	0.37714	0.97514	3.55039e-06	9.41401e-06
82	177	148	57	59	37	28	0.598505	0.51332	2.88368e-06	4.81814e-06
83	176	135	57	59	32	47	0.543231	0.61022	3.16577e-06	5.82767e-06
84	178	137	63	68	36	63	0.473151	0.74834	3.39998e-06	7.18583e-06
85	172	142	71	74	42	53	0.479496	0.73502	3.3532e-06	6.99318e-06
86	170	133	69	70	43	49	0.501827	0.6895	3.2894e-06	6.55486e-06
87	168	130	70	73	37	82	0.416179	0.87664	3.5282e-06	8.4776e-06
88	165	128	85	89	42	97	0.348673	1.05362	3.54871e-06	1.01778e-05
89	179	139	41	41	28	27	0.673559	0.39518	2.52514e-06	3.74895e-06
90	151	123	51	54	32	45	0.566306	0.56862	3.08023e-06	5.43916e-06
91	155	124	75	77	38	82	0.405855	0.90176	3.53231e-06	8.70339e-06
92	185	141	45	45	27	28	0.653508	0.4254	2.63225e-06	4.02787e-06
93	178	138	59	60	37	39	0.562311	0.5757	3.06968e-06	5.45905e-06
94	154	124	69	70	43	36	0.536226	0.6232	3.1445e-06	5.86413e-06
95	190	145	67	71	43	42	0.51681	0.66008	3.22457e-06	6.23937e-06
96	171	132	74	75	49	36	0.51965	0.6546	3.19396e-06	6.14637e-06
97	173	138	46	47	30	22	0.665405	0.40736	2.54315e-06	3.82197e-06
98	191	155	87	91	50	88	0.360494	1.02028	3.53733e-06	9.81245e-06
99	176	130	61	61	32	63	0.494415	0.70438	3.35742e-06	6.7907e-06
100	185	142	66	68	38	61	0.478002	0.73814	3.38405e-06	7.07956e-06
101	168	122	71	73	40	52	0.484984	0.72364	3.33843e-06	6.8836e-06
102	181	152	90	93	47	101	0.333157	1.09914	3.53683e-06	1.06161e-05
103	203	160	86	92	51	69	0.394688	0.92966	3.49669e-06	8.85937e-06
104	180	138	69	70	43	45	0.512169	0.6691	3.24834e-06	6.34233e-06
105	186	147	66	67	40	43	0.527261	0.64006	3.19874e-06	6.06672e-06
106	166	131	80	81	45	66	0.429437	0.84528	3.46944e-06	8.07905e-06
107	194	154	73	76	41	60	0.456905	0.78328	3.41674e-06	7.47801e-06
108	198	164	85	88	47	75	0.392531	0.93514	3.51409e-06	8.95238e-06
109	195	159	75	77	39	85	0.399692	0.91706	3.54239e-06	8.86279e-06
110	192	156	91	96	43	112	0.309103	1.17408	3.51447e-06	1.13699e-05
111	190	143	70	71	41	49	0.498685	0.69578	3.29696e-06	6.61131e-06
112	188	154	83	85	42	82	0.385968	0.952	3.53353e-06	9.15497e-06
113	186	147	50	51	29	56	0.545594	0.60588	3.19406e-06	5.85429e-06
114	184	145	75	77	40	59	0.456366	0.78446	3.41422e-06	7.48132e-06
115	183	137	89	95	43	124	0.292585	1.229	3.49669e-06	1.1951e-05
116	181	140	60	61	39	47	0.536451	0.62278	3.18682e-06	5.94056e-06
117	179	138	71	76	41	69	0.436407	0.82918	3.47214e-06	7.95621e-06
118	178	137	83	87	41	109	0.33212	1.10226	3.5545e-06	1.07025e-05
119	176	142	63	64	40	36	0.556816	0.58552	3.07666e-06	5.52544e-06
120	174	130	43	44	27	31	0.64764	0.43442	2.67529e-06	4.13082e-06
121	172	133	69	73	40	51	0.487463	0.71854	3.3296e-06	6.83047e-06
122	170	141	84	90	40	144	0.272641	1.2996	3.47112e-06	1.27315e-05
123	168	139	104	108	46	150	0.236161	1.44324	3.32192e-06	1.40663e-05
124	167	137	80	81	42	78	0.403944	0.90648	3.52103e-06	8.71665e-06
125	163	134	55	57	42	20	0.631309	0.45996	2.70211e-06	4.28018e-06
126	160	128	51	52	26	43	0.579343	0.54586	3.02417e-06	5.22e-06
127	201	159	98	100	46	112	0.301435	1.1992	3.49535e-06	1.15957e-05
128	185	151	67	68	45	34	0.54857	0.60044	3.09666e-06	5.64497e-06
129	163	120	58	60	36	38	0.565186	0.5706	3.05535e-06	5.40592e-06
130	193	148	55	56	32	37	0.582527	0.54038	2.98661e-06	5.12699e-06
131	190	154	85	88	45	87	0.369228	0.99634	3.54089e-06	9.58998e-06
132	182	130	57	60	37	66	0.489975	0.7134	3.37772e-06	6.89365e-06
133	194	146	93	97	46	140	0.266292	1.32316	3.43892e-06	1.29141e-05
134	154	116	80	85	41	103	0.346768	1.0591	3.56157e-06	1.02708e-05
135	176	138	69	69	42	43	0.52068	0.65262	3.2176e-06	6.17961e-06
136	182	144	73	78	38	64	0.442091	0.81624	3.44983e-06	7.80344e-06
137	188	132	74	78	43	79	0.409532	0.89274	3.52215e-06	8.60044e-06
138	181	136	65	69	38	41	0.526018	0.64242	3.19469e-06	6.07335e-06
139	156	120	49	53	32	35	0.599691	0.51134	2.90933e-06	4.85138e-06
140	211	160	93	94	45	91	0.348394	1.05442	3.53314e-06	1.01412e-05
141	186	140	67	69	38	50	0.502419	0.68832	3.29162e-06	6.55154e-06
142	206	164	70	75	43	48	0.488801	0.7158	3.31601e-06	6.78396e-06
143	202	151	64	67	43	37	0.543644	0.60946	3.12482e-06	5.74792e-06
144	198	151	63	63	34	52	0.516417	0.66084	3.26331e-06	6.31913e-06
145	195	145	82	84	44	72	0.408722	0.89472	3.5016e-06	8.56719e-06
146	193	160	85	89	43	125	0.302274	1.19642	3.52618e-06	1.16655e-05
147	202	161	78	81	45	55	0.454217	0.78918	3.40417e-06	7.49458e-06
148	189	142	57	58	31	59	0.514202	0.66514	3.29542e-06	6.40882e-06
149	187	145	56	57	35	42	0.564305	0.57216	3.07496e-06	5.44911e-06
150	185	136	55	60	33	52	0.526239	0.642	3.23625e-06	6.14978e-06
151	183	148	79	82	40	73	0.411782	0.88726	3.50321e-06	8.50743e-06
152	181	139	57	59	35	43	0.554427	0.58982	3.11318e-06	5.61514e-06
153	180	145	89	93	44	99	0.336573	1.08894	3.53732e-06	1.05098e-05
154	178	132	78	80	34	128	0.314995	1.1552	3.56475e-06	1.13169e-05
155	176	139	78	81	45	61	0.440529	0.81978	3.44202e-06	7.81338e-06
156	175	138	62	64	36	60	0.492668	0.70792	3.35046e-06	6.80064e-06
157	173	136	50	51	26	55	0.548384	0.60078	3.18126e-06	5.80115e-06
158	174	143	70	73	43	60	0.465595	0.76444	3.40288e-06	7.30867e-06
159	169	128	72	75	34	79	0.417321	0.8739	3.51847e-06	8.43109e-06
160	166	126	69	72	37	68	0.449797	0.79896	3.45322e-06	7.67728e-06
161	164	126	57	59	34	40	0.562975	0.57452	3.07144e-06	5.45574e-06
162	161	131	52	54	37	25	0.627118	0.46662	2.74458e-06	4.3765e-06
163	189	149	67	68	39	52	0.500454	0.69224	3.30368e-06	6.60136e-06
164	185	144	110	112	52	123	0.264303	1.33066	3.39828e-06	1.28575e-05
165	147	120	47	50	28	41	0.59268	0.5231	2.9639e-06	5.00084e-06
166	195	154	66	69	42	44	0.518031	0.65772	3.22876e-06	6.23275e-06
167	190	155	75	80	42	82	0.39828	0.9206	3.53383e-06	8.87273e-06
168	171	138	76	79	35	130	0.313762	1.15912	3.56643e-06	1.13667e-05
169	170	133	50	52	35	22	0.644836	0.43876	2.64654e-06	4.10421e-06
170	181	144	100	101	50	109	0.304167	1.19018	3.4957e-06	1.14927e-05
171	173	130	58	62	32	62	0.493832	0.70556	3.3551e-06	6.79401e-06
172	188	144	68	72	39	48	0.498097	0.69696	3.29472e-06	6.61462e-06
173	212	167	68	73	40	45	0.50261	0.68794	3.27283e-06	6.51167e-06
174	179	134	57	60	32	49	0.534352	0.6267	3.20097e-06	5.99038e-06
175	171	140	71	72	36	75	0.434022	0.83466	3.49354e-06	8.04922e-06
176	139	114	47	50	26	36	0.607988	0.4976	2.87893e-06	4.73518e-06
177	186	138	56	57	38	26	0.612283	0.49056	2.81588e-06	4.59898e-06
178	166	127	53	57	23	108	0.403024	0.90876	3.60944e-06	8.9559e-06
179	169	125	66	69	28	120	0.351579	1.04532	3.61102e-06	1.02709e-05
180	193	149	56	57	37	28	0.60607	0.50076	2.85171e-06	4.70524e-06
181	173	131	48	53	35	27	0.624665	0.47054	2.76497e-06	4.42632e-06
182	193	150	53	55	34	33	0.598278	0.5137	2.90644e-06	4.85801e-06
183	191	152	65	67	37	53	0.501045	0.69106	3.30592e-06	6.59805e-06
184	189	140	48	50	28	44	0.583681	0.5384	3.01194e-06	5.16024e-06
185	187	151	103	110	54	127	0.262239	1.3385	3.39787e-06	1.29572e-05
186	185	145	76	77	47	45	0.490142	0.71306	3.30231e-06	6.73746e-06
187	183	140	58	58	39	35	0.581154	0.54274	2.98342e-06	5.13362e-06
188	182	151	55	56	38	27	0.613006	0.48938	2.81717e-06	4.59566e-06
189	180	146	74	75	41	60	0.459783	0.777	3.41231e-06	7.42156e-06
190	178	132	62	63	35	39	0.551816	0.59454	3.10584e-06	5.62839e-06
191	177	153	68	69	29	151	0.300166	1.20342	3.57738e-06	1.1918e-05
192	175	144	56	57	34	42	0.564305	0.57216	3.07496e-06	5.44911e-06
193	173	141	67	68	40	51	0.503013	0.68714	3.29384e-06	6.54823e-06
194	171	129	61	63	34	45	0.535186	0.62514	3.18286e-06	5.94719e-06
195	169	143	53	57	31	46	0.55291	0.59256	3.13038e-06	5.66164e-06
196	167	135	69	73	35	77	0.426928	0.85114	3.5059e-06	8.21193e-06
197	180	142	86	89	40	96	0.350456	1.04852	3.54824e-06	1.01246e-05
198	157	131	50	51	34	26	0.635794	0.45288	2.70867e-06	4.26029e-06
199	158	130	68	68	40	43	0.52396	0.64634	3.20829e-06	6.12316e-06
200	154	117	64	66	37	64	0.476694	0.74088	3.39695e-06	7.12607e-06
201	163	129	65	66	38	46	0.522526	0.64908	3.22381e-06	6.16967e-06
202	187	141	57	59	31	45	0.548801	0.60002	3.13991e-06	5.7214e-06
203	191	150	74	77	42	50	0.477801	0.73856	3.3461e-06	7.00313e-06
204	171	141	82	84	43	71	0.410812	0.88962	3.49767e-06	8.51406e-06
205	169	126	43	43	27	25	0.671971	0.39754	2.52364e-06	3.75558e-06
206	202	157	94	97	46	98	0.329902	1.10896	3.52417e-06	1.06825e-05
207	176	135	65	67	40	45	0.52191	0.65026	3.22174e-06	6.17298e-06
208	182	146	84	85	47	85	0.380108	0.9673	3.54047e-06	9.31437e-06
209	163	129	58	61	39	33	0.576154	0.55138	2.9941e-06	5.1967e-06
210	181	141	62	62	40	35	0.566737	0.56786	3.03738e-06	5.35941e-06
211	157	124	60	63	31	63	0.488244	0.71694	3.37064e-06	6.90359e-06
212	177	146	32	35	25	12	0.755028	0.281	1.97309e-06	2.61326e-06
213	187	147	61	61	42	33	0.576154	0.55138	2.9941e-06	5.1967e-06
214	166	136	52	53	32	38	0.590586	0.52664	2.9593e-06	5.01078e-06
215	189	146	79	82	44	93	0.371852	0.98926	3.55866e-06	9.57009e-06
216	200	159	77	78	45	55	0.462856	0.77034	3.39053e-06	7.32524e-06
217	197	155	46	49	24	56	0.55249	0.59332	3.17206e-06	5.74139e-06
218	194	153	65	69	42	50	0.502419	0.68832	3.29162e-06	6.55154e-06
219	192	152	67	69	36	62	0.472593	0.74952	3.39754e-06	7.18914e-06
220	189	143	49	53	30	44	0.572788	0.55724	3.05272e-06	5.32958e-06
221	179	139	71	71	42	51	0.493625	0.70598	3.31596e-06	6.71757e-06
222	186	141	63	66	29	88	0.421776	0.86328	3.54345e-06	8.40126e-06
223	184	145	57	60	33	48	0.537084	0.6216	3.1888e-06	5.93725e-06
224	182	140	58	62	35	69	0.476513	0.74126	3.41467e-06	7.16594e-06
225	181	148	81	84	44	68	0.417146	0.87432	3.48511e-06	8.35466e-06
226	179	154	63	66	37	40	0.538763	0.61848	3.15223e-06	5.85087e-06
227	177	138	70	70	41	63	0.467246	0.7609	3.4103e-06	7.29872e-06
228	176	127	57	59	30	84	0.449815	0.79892	3.50567e-06	7.7936e-06
229	174	140	79	81	50	46	0.475552	0.74328	3.33665e-06	7.01638e-06
230	172	130	55	56	34	33	0.594532	0.51998	2.92181e-06	4.91446e-06
231	170	131	39	39	22	34	0.658152	0.41832	2.63786e-06	4.00799e-06
232	206	160	88	93	47	78	0.374621	0.98184	3.5192e-06	9.39402e-06
233	165	132	67	71	44	37	0.530158	0.63458	3.16701e-06	5.97371e-06
234	162	127	59	60	30	50	0.531634	0.6318	3.21294e-06	6.04352e-06
235	159	126	71	73	36	69	0.444707	0.81034	3.46287e-06	7.78687e-06
236	172	135	77	81	42	60	0.442781	0.81468	3.43609e-06	7.76025e-06
237	196	141	57	57	33	42	0.564305	0.57216	3.07496e-06	5.44911e-06
238	177	144	96	101	44	118	0.290521	1.23608	3.4778e-06	1.19709e-05
239	191	154	81	83	44	69	0.417638	0.87314	3.48784e-06	8.35134e-06
240	171	137	75	77	40	81	0.40793	0.89666	3.5287e-06	8.65025e-06
241	190	149	61	62	38	32	0.575475	0.55256	2.99248e-06	5.20001e-06
242	198	158	65	65	41	38	0.547715	0.602	3.11549e-06	5.68816e-06
243	195	143	92	94	47	106	0.322736	1.13092	3.53015e-06	1.09382e-05
244	168	126	63	64	35	47	0.526439	0.64162	3.21649e-06	6.10991e-06
245	212	164	70	77	44	55	0.465772	0.76406	3.3856e-06	7.26879e-06
246	166	133	63	65	35	57	0.497132	0.6989	3.32963e-06	6.69769e-06
247	186	153	59	59	39	28	0.598505	0.51332	2.88368e-06	4.81814e-06
248	201	161	69	72	37	77	0.429618	0.84486	3.50374e-06	8.15548e-06
249	187	144	49	52	25	54	0.547737	0.60196	3.17932e-06	5.80447e-06
250	210	159	75	80	41	82	0.39828	0.9206	3.53383e-06	8.87273e-06
251	205	155	89	92	43	119	0.30585	1.18466	3.52218e-06	1.1516e-05
252	201	156	59	61	41	28	0.591035	0.52588	2.91441e-06	4.93103e-06
253	197	155	72	73	46	43	0.507763	0.67774	3.25243e-06	6.4054e-06
254	195	153	76	79	38	93	0.378924	0.97042	3.56217e-06	9.40075e-06
255	202	159	69	70	37	50	0.499274	0.6946	3.2992e-06	6.60799e-06
256	190	151	75	77	44	67	0.438121	0.82526	3.46396e-06	7.90639e-06
257	188	142	80	82	49	60	0.440009	0.82096	3.43942e-06	7.8167e-06
258	186	139	61	65	37	42	0.536655	0.6224	3.16663e-06	5.90069e-06
259	184	131	66	69	40	51	0.499864	0.69342	3.30144e-06	6.60468e-06
260	183	143	83	87	49	63	0.419933	0.86766	3.46795e-06	8.25833e-06
261	180	132	61	67	40	48	0.513986	0.66556	3.25475e-06	6.33238e-06
262	179	141	66	69	36	65	0.465418	0.76482	3.42014e-06	7.34854e-06
263	178	135	70	71	40	87	0.410828	0.88958	3.5456e-06	8.63037e-06
264	176	137	84	85	41	126	0.308387	1.1764	3.54424e-06	1.14928e-05
265	174	137	60	60	36	46	0.542591	0.6114	3.16384e-06	5.83098e-06
266	172	140	60	62	39	31	0.578417	0.54746	2.97704e-06	5.14688e-06
267	170	136	61	62	35	54	0.514397	0.66476	3.27617e-06	6.36894e-06
268	168	136	55	58	35	39	0.569418	0.56314	3.0442e-06	5.34616e-06
269	166	139	49	50	31	27	0.636545	0.4517	2.70976e-06	4.25698e-06
270	163	137	62	64	33	68	0.472972	0.74872	3.41755e-06	7.2257e-06
271	185	155	67	71	44	41	0.519452	0.65498	3.21346e-06	6.18624e-06
272	185	149	99	103	51	100	0.314478	1.15684	3.49933e-06	1.11274e-05
273	151	125	60	61	36	39	0.558791	0.58198	3.08201e-06	5.5155e-06
274	202	150	82	86	38	96	0.357121	1.02968	3.55524e-06	9.95528e-06
275	191	153	82	83	48	63	0.430615	0.84254	3.45894e-06	8.03254e-06
276	171	136	80	83	44	86	0.382954	0.95984	3.54409e-06	9.25461e-06
277	188	151	70	74	42	44	0.502018	0.68912	3.27064e-06	6.51498e-06
278	193	151	81	84	44	64	0.425743	0.85392	3.46645e-06	8.14212e-06
279	201	169	89	94	54	91	0.348394	1.05442	3.53314e-06	1.01412e-05
280	179	133	64	67	35	60	0.483473	0.72676	3.3698e-06	6.96998e-06
281	160	116	44	45	26	26	0.660208	0.4152	2.58908e-06	3.92161e-06
282	181	130	65	68	37	60	0.480446	0.73304	3.37582e-06	7.02643e-06
283	157	124	75	82	37	91	0.375664	0.97906	3.55522e-06	9.46382e-06
284	193	145	59	60	39	33	0.579784	0.5451	2.98023e-06	5.14025e-06
285	187	139	54	55	31	39	0.580248	0.5443	3.00383e-06	5.17681e-06
286	166	133	57	60	34	43	0.550956	0.5961	3.12479e-06	5.67158e-06
287	163	129	52	54	32	28	0.617596	0.48192	2.80136e-06	4.5359e-06
288	176	133	51	55	32	40	0.577296	0.5494	3.01923e-06	5.22995e-06
289	173	147	76	76	43	59	0.459241	0.77818	3.40981e-06	7.42488e-06
290	195	159	71	71	42	61	0.469081	0.75698	3.40032e-06	7.2489e-06
291	193	155	79	80	47	58	0.450138	0.7982	3.41994e-06	7.59753e-06
292	190	154	87	89	42	94	0.354049	1.03832	3.54699e-06	1.00184e-05
293	188	145	72	75	43	45	0.496337	0.7005	3.28802e-06	6.62456e-06
294	186	145	66	67	42	38	0.540879	0.61456	3.13767e-06	5.80105e-06
295	183	147	77	80	38	93	0.376552	0.9767	3.56112e-06	9.4572e-06
296	183	131	70	73	38	80	0.420446	0.86644	3.51969e-06	8.37133e-06
297	181	132	62	63	38	37	0.557474	0.58434	3.07844e-06	5.52213e-06
298	180	141	57	60	34	46	0.542591	0.6114	3.16384e-06	5.83098e-06
299	178	126	62	65	38	38	0.547715	0.602	3.11549e-06	5.68816e-06
300	176	133	55	57	33	50	0.541745	0.61296	3.1823e-06	5.87417e-06
301	175	143	66	72	44	41	0.516201	0.66126	3.22248e-06	6.24269e-06
302	173	142	54	56	30	42	0.56786	0.56588	3.06228e-06	5.39266e-06
303	171	140	69	72	42	49	0.495563	0.70206	3.30429e-06	6.66775e-06
304	169	132	67	67	42	38	0.540879	0.61456	3.13767e-06	5.80105e-06
305	166	126	78	83	40	83	0.388858	0.94454	3.53675e-06	9.09521e-06
306	152	112	75	75	38	91	0.392547	0.9351	3.55988e-06	9.06869e-06
307	161	129	73	77	37	70	0.431469	0.84056	3.48014e-06	8.06579e-06
308	157	125	57	60	32	62	0.500074	0.693	3.34105e-06	6.68111e-06
309	180	143	42	43	24	28	0.661768	0.41284	2.59081e-06	3.91498e-06
310	190	151	62	62	41	32	0.575475	0.55256	2.99248e-06	5.20001e-06
311	191	147	63	65	36	53	0.507377	0.6785	3.29042e-06	6.48515e-06
312	171	133	80	80	40	79	0.404421	0.9053	3.52385e-06	8.71333e-06
313	164	131	77	79	38	74	0.417479	0.87352	3.50316e-06	8.39122e-06
314	199	154	70	73	40	68	0.446981	0.80524	3.45683e-06	7.73373e-06
315	196	155	77	81	47	60	0.442781	0.81468	3.43609e-06	7.76025e-06
316	178	139	70	72	36	71	0.442967	0.81426	3.47139e-06	7.83668e-06
317	212	161	78	81	43	63	0.436058	0.82998	3.45343e-06	7.91965e-06
318	168	129	74	77	46	55	0.465772	0.76406	3.3856e-06	7.26879e-06
319	191	153	65	66	31	74	0.452992	0.79188	3.46874e-06	7.6574e-06
320	173	148	83	85	52	48	0.459048	0.7786	3.37329e-06	7.34844e-06
321	187	143	90	92	50	92	0.351003	1.04696	3.53862e-06	1.00814e-05
322	166	134	55	56	34	40	0.573682	0.55568	3.03271e-06	5.28639e-06
323	185	148	70	71	43	39	0.524778	0.64478	3.19064e-06	6.07997e-06
324	203	156	55	57	33	41	0.567191	0.56706	3.06055e-06	5.39597e-06
325	199	155	70	71	41	49	0.498685	0.69578	3.29696e-06	6.61131e-06
326	196	159	91	95	44	108	0.317461	1.1474	3.52411e-06	1.11009e-05
327	193	152	88	89	52	60	0.421085	0.86492	3.45788e-06	8.21183e-06
328	191	140	51	52	29	40	0.588275	0.53056	2.97703e-06	5.0606e-06
329	183	145	63	68	37	53	0.497908	0.69734	3.31333e-06	6.6545e-06
330	187	143	57	60	35	38	0.565186	0.5706	3.05535e-06	5.40592e-06
331	185	148	66	67	40	44	0.524579	0.64516	3.21034e-06	6.11985e-06
332	183	142	82	85	46	66	0.418784	0.8704	3.47793e-06	8.30484e-06
333	182	147	79	81	42	66	0.429437	0.84528	3.46944e-06	8.07905e-06
334	180	134	56	56	31	53	0.53688	0.62198	3.209e-06	5.97713e-06
335	169	131	57	59	33	49	0.537719	0.62042	3.19079e-06	5.93394e-06
336	177	142	72	75	45	48	0.488801	0.7158	3.31601e-06	6.78396e-06
337	175	140	55	59	37	42	0.557262	0.58472	3.09949e-06	5.562e-06
338	173	134	77	77	38	72	0.42709	0.85076	3.49021e-06	8.17206e-06
339	171	132	78	83	48	64	0.428425	0.84764	3.4641e-06	8.08568e-06
340	175	139	71	72	42	60	0.468528	0.75816	3.39787e-06	7.25222e-06
341	167	124	62	64	35	58	0.497719	0.69772	3.33191e-06	6.69437e-06
342	164	127	44	45	25	34	0.633814	0.456	2.75498e-06	4.34667e-06
343	161	119	61	62	33	62	0.493832	0.70556	3.3551e-06	6.79401e-06
344	185	143	68	72	43	47	0.500644	0.69186	3.28497e-06	6.56149e-06
345	164	132	73	74	39	73	0.432999	0.83702	3.48817e-06	8.05585e-06
346	174	131	88	95	40	142	0.266922	1.3208	3.44527e-06	1.29074e-05
347	191	158	92	97	47	103	0.321596	1.13446	3.52087e-06	1.09481e-05
348	171	139	94	98	46	142	0.26194	1.33964	3.42533e-06	1.30768e-05
349	186	153	90	92	38	152	0.258474	1.35296	3.4298e-06	1.32694e-05
350	168	138	62	64	34	78	0.449455	0.79972	3.48644e-06	7.75704e-06
351	159	125	59	60	30	54	0.520899	0.6522	3.25877e-06	6.25605e-06
352	178	153	91	94	57	56	0.416479	0.87592	3.44908e-06	8.28153e-06
353	181	142	57	59	30	75	0.470942	0.75302	3.44513e-06	7.3154e-06
354	181	142	115	121	54	199	0.169521	1.77478	2.95028e-06	1.74037e-05
355	157	119	79	85	44	84	0.382051	0.9622	3.53827e-06	9.26123e-06
356	191	132	49	49	31	31	0.62762	0.46582	2.76973e-06	4.41306e-06
357	187	144	80	85	47	76	0.397962	0.9214	3.51646e-06	8.83617e-06
358	214	169	83	88	48	77	0.388547	0.94534	3.51971e-06	9.05865e-06
359	208	162	90	94	47	78	0.372276	0.98812	3.51818e-06	9.45046e-06
360	204	167	99	101	57	77	0.358087	1.02698	3.50655e-06	9.79246e-06
361	200	165	77	81	41	63	0.436058	0.82998	3.45343e-06	7.91965e-06
362	185	139	91	92	40	105	0.328486	1.11326	3.53851e-06	1.07722e-05
363	202	158	85	91	48	84	0.367924	0.99988	3.53204e-06	9.59992e-06
364	191	160	71	75	37	59	0.462134	0.7719	3.4052e-06	7.36843e-06
365	189	151	60	61	37	36	0.567406	0.56668	3.03908e-06	5.3561e-06
366	187	145	53	54	27	57	0.532688	0.62982	3.23702e-06	6.07676e-06
367	186	148	62	62	37	42	0.546861	0.60356	3.13425e-06	5.73135e-06
368	184	151	48	49	27	35	0.614947	0.48622	2.84449e-06	4.62559e-06
369	156	124	42	42	28	17	0.704364	0.35046	2.30613e-06	3.27406e-06
370	180	141	66	69	39	54	0.492274	0.70872	3.32978e-06	6.76408e-06
371	179	138	71	74	41	56	0.472215	0.75032	3.37756e-06	7.15258e-06
372	177	129	54	56	36	37	0.582527	0.54038	2.98661e-06	5.12699e-06
373	175	134	65	68	41	55	0.492855	0.70754	3.33208e-06	6.76076e-06
374	174	132	57	60	36	42	0.553773	0.591	3.11135e-06	5.61845e-06
375	172	135	63	65	36	47	0.523143	0.6479	3.22589e-06	6.16635e-06
376	170	139	63	66	39	47	0.519868	0.65418	3.23504e-06	6.2228e-06
377	167	142	82	87	42	84	0.377283	0.97476	3.5367e-06	9.37413e-06
378	165	127	80	85	45	74	0.402041	0.9112	3.50978e-06	8.7299e-06
379	181	140	61	63	39	36	0.560324	0.57924	3.06441e-06	5.46899e-06
380	161	124	64	68	35	61	0.478002	0.73814	3.38405e-06	7.07956e-06
381	155	127	51	54	30	46	0.563426	0.57372	3.0945e-06	5.4923e-06
382	195	160	83	88	38	128	0.29956	1.20544	3.52536e-06	1.17684e-05
383	191	154	66	72	40	62	0.463773	0.76836	3.41267e-06	7.35849e-06
384	171	138	71	73	46	41	0.512969	0.66754	3.23126e-06	6.29914e-06
385	182	147	58	59	37	38	0.568747	0.56432	3.04249e-06	5.34947e-06
386	199	151	81	83	43	90	0.375221	0.98024	3.55227e-06	9.46714e-06
387	177	145	42	44	30	24	0.671179	0.39872	2.52289e-06	3.75889e-06
388	189	146	91	99	45	103	0.317582	1.14702	3.51278e-06	1.1061e-05
389	213	157	104	106	55	92	0.321461	1.13488	3.49482e-06	1.08717e-05
390	184	146	82	85	46	62	0.427415	0.85	3.45877e-06	8.0923e-06
391	165	131	69	69	43	42	0.523342	0.64752	3.20624e-06	6.12648e-06
392	162	118	61	64	34	62	0.487668	0.71812	3.36828e-06	6.9069e-06
393	187	154	71	74	44	57	0.469813	0.75542	3.38534e-06	7.20571e-06
394	167	136	49	51	31	30	0.622956	0.47328	2.78637e-06	4.47282e-06
395	187	139	53	55	32	43	0.568531	0.5647	3.06401e-06	5.38935e-06
396	193	152	61	63	38	38	0.554638	0.58944	3.09225e-06	5.57526e-06
397	173	137	69	72	42	52	0.488039	0.71736	3.33192e-06	6.82715e-06
398	197	150	55	56	39	20	0.635286	0.45368	2.68328e-06	4.22373e-06
399	194	146	71	72	38	74	0.436241	0.82956	3.48822e-06	7.99608e-06
400	192	152	68	68	33	97	0.397826	0.92174	3.5774e-06	8.99236e-06
401	190	158	76	79	39	68	0.430452	0.84292	3.47479e-06	8.07242e-06
402	188	149	56	58	30	47	0.546654	0.60394	3.15486e-06	5.77122e-06
403	183	139	70	73	40	55	0.47762	0.73894	3.36388e-06	7.043e-06
404	184	149	70	73	34	94	0.391473	0.93784	3.56835e-06	9.1152e-06
405	182	138	70	70	44	47	0.506972	0.6793	3.26925e-06	6.44859e-06
406	181	147	60	65	34	53	0.507377	0.6785	3.29042e-06	6.48515e-06
407	179	143	61	62	43	30	0.581375	0.54236	2.96138e-06	5.09375e-06
408	178	142	49	50	33	26	0.6398	0.4466	2.68962e-06	4.20384e-06
409	196	155	81	83	39	107	0.34406	1.06694	3.56804e-06	1.03704e-05
410	174	147	57	58	36	33	0.587112	0.53254	2.95162e-06	5.02736e-06
411	172	134	72	74	46	41	0.509758	0.67382	3.23981e-06	6.35558e-06
412	170	132	75	75	37	78	0.419455	0.8688	3.51417e-06	8.37796e-06
413	168	134	70	73	42	69	0.444707	0.81034	3.46287e-06	7.78687e-06
414	181	145	47	48	32	24	0.654529	0.42384	2.60809e-06	3.98468e-06
415	163	123	63	67	36	58	0.48843	0.71656	3.35244e-06	6.86371e-06
416	160	116	47	49	31	40	0.599464	0.51172	2.93213e-06	4.89126e-06
417	156	130	52	56	38	25	0.619291	0.47918	2.78024e-06	4.4894e-06
418	155	122	52	55	32	38	0.583215	0.5392	2.9882e-06	5.12368e-06
419	191	143	54	57	33	42	0.564305	0.57216	3.07496e-06	5.44911e-06
420	171	137	47	49	32	30	0.630829	0.46072	2.75037e-06	4.35993e-06
421	157	115	70	74	35	67	0.446454	0.80642	3.45423e-06	7.73705e-06
422	182	143	58	61	37	39	0.558791	0.58198	3.08201e-06	5.5155e-06
423	177	137	50	54	34	31	0.608219	0.49722	2.85577e-06	4.6953e-06
424	158	127	74	76	36	80	0.412599	0.88528	3.52387e-06	8.54067e-06
425	179	142	69	71	40	49	0.498685	0.69578	3.29696e-06	6.61131e-06
426	182	134	50	52	34	30	0.619056	0.47956	2.80387e-06	4.52927e-06
427	157	123	52	56	33	48	0.550747	0.59648	3.14557e-06	5.71146e-06
428	169	125	77	83	42	90	0.375221	0.98024	3.55227e-06	9.46714e-06
429	187	162	87	95	50	89	0.349763	1.0505	3.52959e-06	1.00914e-05
430	167	134	61	64	36	43	0.537289	0.62122	3.16859e-06	5.89737e-06
431	178	149	87	88	48	84	0.374921	0.98104	3.53572e-06	9.43058e-06
432	206	154	58	62	37	39	0.555293	0.58826	3.09406e-06	5.57195e-06
433	201	156	74	76	41	53	0.473511	0.74758	3.36481e-06	7.10608e-06
434	198	155	109	111	57	117	0.274232	1.29378	3.42304e-06	1.24823e-05
435	195	155	78	81	40	99	0.362917	1.01358	3.56836e-06	9.83244e-06
436	193	162	75	78	41	65	0.439842	0.82134	3.45565e-06	7.85657e-06
437	184	142	80	82	39	104	0.351565	1.04536	3.56999e-06	1.01546e-05
438	188	159	85	89	51	64	0.412582	0.88532	3.47574e-06	8.42436e-06
439	186	153	78	85	45	75	0.399996	0.9163	3.51318e-06	8.78304e-06
440	185	147	76	76	45	48	0.485741	0.72208	3.32267e-06	6.84041e-06
441	183	149	83	87	44	80	0.385059	0.95436	3.52775e-06	9.1616e-06
442	181	129	50	51	33	28	0.629342	0.46308	2.74806e-06	4.36656e-06
443	169	136	62	62	42	28	0.587335	0.53216	2.92932e-06	4.98748e-06
444	178	140	58	60	36	35	0.5739	0.5553	3.01098e-06	5.24652e-06
445	176	136	50	50	26	48	0.571895	0.5588	3.07266e-06	5.37277e-06
446	174	141	77	78	42	65	0.439842	0.82134	3.45565e-06	7.85657e-06
447	173	141	52	53	37	21	0.644075	0.43994	2.64555e-06	4.10752e-06
448	171	150	61	63	37	44	0.537923	0.62004	3.17055e-06	5.89406e-06
449	169	135	69	72	37	56	0.478184	0.73776	3.36626e-06	7.03969e-06
450	166	136	74	76	38	91	0.390089	0.94138	3.55962e-06	9.12514e-06
451	164	125	47	49	31	32	0.624428	0.47092	2.78881e-06	4.46619e-06
452	160	120	73	75	36	85	0.404744	0.9045	3.54147e-06	8.74989e-06
453	187	144	68	70	41	52	0.494207	0.7048	3.31824e-06	6.71426e-06
454	170	134	69	70	37	49	0.501827	0.6895	3.2894e-06	6.55486e-06
455	146	116	32	32	22	20	0.738629	0.30296	2.11912e-06	2.86899e-06
456	171	124	51	51	27	32	0.616634	0.48348	2.82362e-06	4.57909e-06
457	182	141	94	94	50	68	0.391754	0.93712	3.49411e-06	8.91913e-06
458	199	148	74	76	34	149	0.290201	1.23718	3.54245e-06	1.22069e-05
459	177	136	49	51	28	43	0.582993	0.53958	3.01032e-06	5.16356e-06
460	176	141	46	47	25	41	0.603952	0.50426	2.91799e-06	4.8315e-06
461	213	168	62	63	36	39	0.551816	0.59454	3.10584e-06	5.62839e-06
462	212	163	70	70	42	40	0.525398	0.6436	3.19266e-06	6.07666e-06
463	171	137	59	63	34	58	0.500854	0.69144	3.32463e-06	6.63792e-06
464	190	150	56	57	38	33	0.59081	0.52626	2.93686e-06	4.97091e-06
465	187	145	85	87	48	56	0.435195	0.83196	3.43213e-06	7.8864e-06
466	167	125	67	71	35	82	0.421439	0.86408	3.52521e-06	8.3647e-06
467	212	171	74	75	43	79	0.417321	0.8739	3.51847e-06	8.43109e-06
468	207	167	88	89	53	62	0.416812	0.87512	3.46708e-06	8.31809e-06
469	202	158	51	54	26	55	0.538149	0.61962	3.21302e-06	5.9705e-06
470	179	140	86	87	40	137	0.287924	1.24506	3.50984e-06	1.21902e-05
471	203	159	81	83	40	90	0.375221	0.98024	3.55227e-06	9.46714e-06
472	193	148	89	92	42	113	0.315354	1.15406	3.53109e-06	1.11972e-05
473	191	150	73	75	36	92	0.39055	0.9402	3.56253e-06	9.12182e-06
474	189	153	70	74	37	74	0.430796	0.84212	3.49332e-06	8.10898e-06
475	187	150	52	55	34	35	0.592206	0.5239	2.93988e-06	4.96428e-06
476	185	146	75	78	42	65	0.439842	0.82134	3.45565e-06	7.85657e-06
477	187	137	71	74	41	51	0.484412	0.72482	3.3361e-06	6.88692e-06
478	182	146	71	73	41	52	0.484984	0.72364	3.33843e-06	6.8836e-06
479	180	139	50	51	29	35	0.607271	0.49878	2.87755e-06	4.73849e-06
480	178	134	67	68	39	51	0.503013	0.68714	3.29384e-06	6.54823e-06
481	177	128	83	85	46	62	0.427415	0.85	3.45877e-06	8.0923e-06
482	175	126	78	80	36	113	0.340037	1.0787	3.57714e-06	1.05199e-05
483	182	142	80	81	42	70	0.420765	0.86568	3.48881e-06	8.29158e-06
484	171	133	42	43	24	38	0.628864	0.46384	2.79612e-06	4.44631e-06
485	169	123	59	59	36	47	0.543231	0.61022	3.16577e-06	5.82767e-06
486	167	118	60	63	33	65	0.483289	0.72714	3.38779e-06	7.00986e-06
487	164	131	46	46	24	72	0.518881	0.65608	3.33235e-06	6.42218e-06
488	185	141	72	75	43	68	0.441402	0.8178	3.46351e-06	7.84663e-06
489	158	131	90	94	48	145	0.264525	1.32982	3.44157e-06	1.30104e-05
490	153	126	66	67	34	59	0.485945	0.72166	3.36121e-06	6.91685e-06
491	191	155	84	87	50	59	0.428588	0.84726	3.44833e-06	8.0458e-06
492	171	130	58	60	34	50	0.531634	0.6318	3.21294e-06	6.04352e-06
493	183	144	65	68	39	47	0.513379	0.66674	3.25262e-06	6.3357e-06
494	185	146	70	74	41	65	0.451031	0.79622	3.44172e-06	7.63078e-06
495	177	144	76	81	42	75	0.410171	0.89118	3.50994e-06	8.55725e-06
496	199	165	75	79	36	96	0.37317	0.98572	3.56756e-06	9.56015e-06
497	184	139	81	86	45	81	0.385513	0.95318	3.53064e-06	9.15828e-06
498	182	148	84	89	48	66	0.408395	0.89552	3.48387e-06	8.53063e-06
499	158	132	64	66	40	44	0.527883	0.63888	3.20077e-06	6.0634e-06
500	188	146	63	66	40	40	0.538763	0.61848	3.15223e-06	5.85087e-06
501	187	146	56	57	34	42	0.564305	0.57216	3.07496e-06	5.44911e-06
502	167	128	55	57	35	46	0.55291	0.59256	3.13038e-06	5.66164e-06
503	179	148	75	78	42	66	0.437604	0.82644	3.46132e-06	7.9097e-06
504	159	128	73	78	36	85	0.39719	0.92334	3.54263e-06	8.91923e-06
505	173	147	71	71	41	39	0.524778	0.64478	3.19064e-06	6.07997e-06
506	200	160	115	117	52	181	0.190546	1.65786	3.09094e-06	1.62215e-05
507	196	154	61	62	37	33	0.572547	0.55766	3.00767e-06	5.25315e-06
508	194	150	66	67	43	36	0.546424	0.60436	3.11177e-06	5.69478e-06
509	191	148	59	61	41	30	0.585037	0.53608	2.94701e-06	5.0373e-06
510	189	159	76	76	48	39	0.508556	0.67618	3.23554e-06	6.36221e-06
511	187	148	70	73	47	43	0.507763	0.67774	3.25243e-06	6.4054e-06
512	185	148	67	68	41	43	0.52396	0.64634	3.20829e-06	6.12316e-06
513	184	143	60	61	37	41	0.55312	0.59218	3.10951e-06	5.62176e-06
514	182	146	50	50	31	51	0.563212	0.5741	3.11578e-06	5.53217e-06
515	180	144	77	81	38	80	0.399844	0.91668	3.52779e-06	8.82291e-06
516	179	141	58	59	40	27	0.601565	0.50822	2.86646e-06	4.765e-06
517	196	168	84	86	49	80	0.387484	0.94808	3.5281e-06	9.10515e-06
518	175	141	60	65	39	43	0.533925	0.6275	3.17889e-06	5.95382e-06
519	174	140	76	79	43	78	0.409049	0.89392	3.51936e-06	8.60375e-06
520	172	133	82	84	44	88	0.376695	0.97632	3.54746e-06	9.41732e-06
521	170	143	68	70	40	50	0.499274	0.6946	3.2992e-06	6.60799e-06
522	153	122	58	61	35	46	0.539194	0.61768	3.17447e-06	5.88743e-06
523	176	146	57	59	38	27	0.601565	0.50822	2.86646e-06	4.765e-06
524	162	131	58	60	28	49	0.534352	0.6267	3.20097e-06	5.99038e-06
525	159	120	59	62	31	57	0.506587	0.68006	3.30717e-06	6.52834e-06
526	199	151	104	108	55	112	0.286665	1.24944	3.45353e-06	1.20473e-05
527	191	143	64	67	36	65	0.4713	0.75226	3.41016e-06	7.23565e-06
528	171	140	69	71	40	58	0.476313	0.74168	3.37682e-06	7.08951e-06
529	194	149	70	71	36	67	0.454944	0.78758	3.44288e-06	7.5677e-06
530	199	163	72	73	43	47	0.49751	0.69814	3.29249e-06	6.61794e-06
531	177	126	62	63	34	50	0.521712	0.65064	3.24132e-06	6.21286e-06
532	171	137	86	86	49	134	0.294205	1.22348	3.52291e-06	1.19743e-05
533	161	132	71	72	36	81	0.420942	0.86526	3.52245e-06	8.36802e-06
534	207	162	85	86	48	89	0.370101	0.99398	3.5468e-06	9.58335e-06
535	187	146	81	85	45	84	0.382051	0.9622	3.53827e-06	9.26123e-06
536	185	137	67	70	39	48	0.504393	0.6844	3.27942e-06	6.50173e-06
537	187	147	63	64	37	36	0.556816	0.58552	3.07666e-06	5.52544e-06
538	167	119	71	71	42	53	0.488615	0.71618	3.33423e-06	6.82384e-06
539	180	144	75	82	42	80	0.397341	0.92296	3.52813e-06	8.87936e-06
540	193	154	60	62	39	38	0.558132	0.58316	3.08023e-06	5.51881e-06
541	204	153	50	53	30	56	0.538784	0.61844	3.21502e-06	5.96718e-06
542	200	154	86	89	43	84	0.372574	0.98732	3.53462e-06	9.48703e-06
543	197	150	65	68	34	67	0.463597	0.76874	3.42986e-06	7.39836e-06
544	194	150	92	97	43	116	0.300965	1.20076	3.5029e-06	1.16389e-05
545	179	139	69	69	36	73	0.446811	0.80562	3.47333e-06	7.77361e-06
546	190	147	75	76	42	70	0.434187	0.83428	3.47755e-06	8.00934e-06
547	188	151	91	96	45	105	0.320338	1.13838	3.52306e-06	1.0998e-05
548	186	141	70	72	42	67	0.452096	0.79386	3.44685e-06	7.62415e-06
549	184	150	91	95	47	115	0.306328	1.1831	3.51445e-06	1.14728e-05
550	182	136	71	74	36	86	0.405222	0.90332	3.54431e-06	8.74658e-06
551	169	139	64	68	35	49	0.50817	0.67694	3.27361e-06	6.44196e-06
552	179	146	62	63	36	46	0.532464	0.63024	3.19496e-06	6.00033e-06
553	177	135	69	72	36	98	0.385984	0.95196	3.57856e-06	9.27128e-06
554	176	145	91	96	42	148	0.257257	1.35768	3.41706e-06	1.32827e-05
555	174	145	73	75	39	65	0.448207	0.8025	3.44547e-06	7.68723e-06
556	172	143	48	50	29	43	0.586666	0.5333	2.99617e-06	5.10711e-06
557	180	133	82	84	50	56	0.443472	0.81312	3.4223e-06	7.71706e-06
558	168	131	72	76	41	70	0.434187	0.83428	3.47755e-06	8.00934e-06
559	165	143	83	84	39	159	0.26226	1.33842	3.45915e-06	1.31898e-05
560	163	121	63	66	38	49	0.514592	0.66438	3.25689e-06	6.32907e-06
561	164	127	47	47	29	26	0.651968	0.42776	2.63036e-06	4.0345e-06
562	165	136	60	61	29	65	0.489398	0.71458	3.37536e-06	6.89696e-06
563	150	118	48	50	32	26	0.6398	0.4466	2.68962e-06	4.20384e-06
564	171	142	50	50	31	32	0.620518	0.4772	2.80638e-06	4.52264e-06
565	178	143	71	74	45	68	0.444182	0.81152	3.46026e-06	7.79018e-06
566	192	148	63	66	35	60	0.486519	0.72048	3.36356e-06	6.91353e-06
567	177	139	84	88	46	80	0.382648	0.96064	3.52727e-06	9.21804e-06
568	191	154	72	74	44	63	0.455655	0.78602	3.42858e-06	7.52451e-06
569	184	145	61	61	37	41	0.55312	0.59218	3.10951e-06	5.62176e-06
570	182	143	92	98	44	147	0.255345	1.36514	3.40693e-06	1.33424e-05
571	158	119	58	63	32	72	0.46634	0.76284	3.44242e-06	7.38179e-06
572	186	146	67	69	42	49	0.504988	0.68322	3.28162e-06	6.49841e-06
573	187	145	75	78	44	66	0.437604	0.82644	3.46132e-06	7.9097e-06
574	167	130	70	73	38	75	0.431305	0.84094	3.49601e-06	8.10566e-06
575	179	136	56	59	33	45	0.548801	0.60002	3.13991e-06	5.7214e-06
576	181	142	82	85	38	107	0.339765	1.0795	3.56186e-06	1.04833e-05
577	173	137	72	73	39	61	0.463226	0.76954	3.41018e-06	7.3618e-06
578	181	142	108	111	55	106	0.290056	1.23768	3.45103e-06	1.18978e-05
579	173	140	73	75	38	67	0.443659	0.8127	3.45765e-06	7.79349e-06
580	195	147	86	91	42	95	0.347851	1.05598	3.54265e-06	1.01844e-05
581	192	149	93	94	47	108	0.319461	1.14112	3.52827e-06	1.10445e-05
582	190	152	54	55	36	34	0.595234	0.5188	2.92328e-06	4.91115e-06
583	188	143	46	47	32	20	0.672226	0.39716	2.49779e-06	3.7157e-06
584	186	135	81	85	41	89	0.372432	0.9877	3.54813e-06	9.5269e-06
585	184	147	57	59	31	53	0.52686	0.64082	3.23833e-06	6.14647e-06
586	183	153	70	74	42	54	0.477057	0.74012	3.36149e-06	7.04632e-06
587	181	139	45	45	29	19	0.684203	0.3795	2.4287e-06	3.54967e-06
588	179	135	63	68	37	69	0.458892	0.77894	3.44381e-06	7.50463e-06
589	178	138	61	65	39	40	0.542157	0.6122	3.14149e-06	5.79442e-06
590	176	135	65	68	36	58	0.485372	0.72284	3.35885e-06	6.92016e-06
591	179	144	65	67	32	69	0.461783	0.77266	3.43944e-06	7.44818e-06
592	173	136	66	69	35	65	0.465418	0.76482	3.42014e-06	7.34854e-06
593	171	136	70	74	39	74	0.430796	0.84212	3.49332e-06	8.10898e-06
594	168	128	44	45	27	29	0.650184	0.4305	2.6534e-06	4.081e-06
595	166	129	64	69	37	57	0.484799	0.72402	3.3565e-06	6.92348e-06
596	162	127	65	67	34	59	0.485945	0.72166	3.36121e-06	6.91685e-06
597	174	145	58	58	36	39	0.569418	0.56314	3.0442e-06	5.34616e-06
598	156	122	32	32	20	23	0.727414	0.31826	2.20289e-06	3.02839e-06
599	191	155	66	66	36	57	0.49402	0.70518	3.33667e-06	6.75413e-06
600	171	136	52	54	33	33	0.602047	0.50742	2.89077e-06	4.80157e-06
601	204	162	77	83	37	89	0.37714	0.97514	3.55039e-06	9.41401e-06
602	199	154	72	77	40	66	0.440361	0.82016	3.45827e-06	7.85326e-06
603	177	143	69	70	41	51	0.496734	0.6997	3.30881e-06	6.66113e-06
604	178	142	69	69	45	34	0.545136	0.60672	3.10805e-06	5.70141e-06
605	185	142	88	92	44	109	0.321853	1.13366	3.53546e-06	1.09847e-05
606	177	133	53	54	29	77	0.481033	0.73182	3.4343e-06	7.13943e-06
607	182	147	80	81	43	71	0.418625	0.87078	3.4933e-06	8.34471e-06
608	169	131	56	58	29	53	0.530179	0.63454	3.2288e-06	6.09002e-06
609	187	145	67	67	34	59	0.485945	0.72166	3.36121e-06	6.91685e-06
610	167	134	59	60	31	62	0.500074	0.693	3.34105e-06	6.68111e-06
611	171	141	51	55	34	39	0.580248	0.5443	3.00383e-06	5.17681e-06
612	194	159	88	89	47	85	0.370679	0.99242	3.53633e-06	9.54016e-06
613	173	136	50	55	36	26	0.620022	0.478	2.78147e-06	4.48608e-06
614	165	141	36	36	22	22	0.712996	0.33828	2.28233e-06	3.20104e-06
615	199	162	86	90	42	95	0.350043	1.0497	3.54521e-06	1.01279e-05
616	196	152	87	90	44	85	0.368358	0.9987	3.53499e-06	9.59661e-06
617	193	160	68	71	45	42	0.51681	0.66008	3.22457e-06	6.23937e-06
618	191	152	80	84	43	66	0.421422	0.86412	3.47605e-06	8.24839e-06
619	189	143	67	69	44	34	0.545136	0.60672	3.10805e-06	5.70141e-06
620	187	138	84	88	42	106	0.335129	1.09324	3.5522e-06	1.05995e-05
621	185	154	66	69	38	57	0.484799	0.72402	3.3565e-06	6.92348e-06
622	183	140	57	59	35	46	0.546009	0.60512	3.15295e-06	5.77454e-06
623	181	150	64	70	39	50	0.499274	0.6946	3.2992e-06	6.60799e-06
624	180	143	75	79	40	81	0.402838	0.90922	3.53013e-06	8.76315e-06
625	196	145	55	59	31	75	0.470942	0.75302	3.44513e-06	7.3154e-06
626	177	139	65	68	39	49	0.50817	0.67694	3.27361e-06	6.44196e-06
627	175	140	53	55	36	29	0.610608	0.4933	2.83657e-06	4.64548e-06
628	173	132	80	87	38	110	0.33043	1.10736	3.55397e-06	1.07556e-05
629	171	134	79	79	38	144	0.292141	1.23052	3.53798e-06	1.21105e-05
630	169	136	66	68	37	52	0.500454	0.69224	3.30368e-06	6.60136e-06
631	195	148	106	108	48	123	0.271026	1.30554	3.42353e-06	1.26317e-05
632	164	127	49	51	33	26	0.635794	0.45288	2.70867e-06	4.26029e-06
633	161	133	98	102	46	135	0.264726	1.32906	3.42308e-06	1.29306e-05
634	189	150	72	74	38	63	0.455655	0.78602	3.42858e-06	7.52451e-06
635	191	139	70	72	31	87	0.408256	0.89586	3.54645e-06	8.68682e-06
636	171	135	68	71	34	77	0.432324	0.83858	3.50141e-06	8.09904e-06
637	140	112	50	51	33	26	0.635794	0.45288	2.70867e-06	4.26029e-06
638	213	154	72	79	37	103	0.360083	1.02142	3.57638e-06	9.93208e-06
639	177	141	63	65	42	41	0.539399	0.6173	3.15416e-06	5.84756e-06
640	166	128	51	52	37	19	0.654777	0.42346	2.58297e-06	3.94481e-06
641	156	125	66	66	38	53	0.504201	0.68478	3.29828e-06	6.5416e-06
642	173	131	64	65	32	57	0.497132	0.6989	3.32963e-06	6.69769e-06
643	158	130	73	75	42	93	0.388563	0.9453	3.56505e-06	9.17496e-06
644	157	121	38	40	25	25	0.684751	0.3787	2.45568e-06	3.58623e-06
645	187	146	56	58	36	39	0.569418	0.56314	3.0442e-06	5.34616e-06
646	167	134	92	98	46	104	0.317957	1.14584	3.51588e-06	1.10577e-05
647	174	138	88	92	46	108	0.323499	1.12856	3.53635e-06	1.09316e-05
648	193	147	69	72	42	58	0.473331	0.74796	3.3824e-06	7.14595e-06
649	208	165	64	67	40	45	0.52191	0.65026	3.22174e-06	6.17298e-06
650	203	165	91	94	53	69	0.389762	0.94222	3.49704e-06	8.97227e-06
651	199	166	103	106	57	87	0.329763	1.10938	3.49748e-06	1.0606e-05
652	196	159	79	80	45	52	0.464126	0.7676	3.37825e-06	7.27873e-06
653	173	139	58	59	40	27	0.601565	0.50822	2.86646e-06	4.765e-06
654	182	157	63	66	36	47	0.519868	0.65418	3.23504e-06	6.2228e-06
655	189	150	58	60	38	41	0.556605	0.5859	3.09768e-06	5.56532e-06
656	187	145	66	69	33	76	0.440027	0.82092	3.49073e-06	7.93301e-06
657	185	153	79	82	41	77	0.403467	0.90766	3.51822e-06	8.71996e-06
658	184	158	79	83	51	44	0.474431	0.74564	3.33193e-06	7.02301e-06
659	182	140	75	78	39	62	0.446623	0.80604	3.43774e-06	7.69717e-06
660	180	141	98	99	51	99	0.324127	1.12662	3.51629e-06	1.08485e-05
661	179	136	70	74	42	49	0.489378	0.71462	3.3183e-06	6.78065e-06
662	177	133	96	97	38	153	0.24921	1.38946	3.39045e-06	1.36048e-05
663	175	138	64	65	41	53	0.507377	0.6785	3.29042e-06	6.48515e-06
664	173	131	69	72	36	77	0.429618	0.84486	3.50374e-06	8.15548e-06
665	180	148	69	72	36	71	0.442967	0.81426	3.47139e-06	7.83668e-06
666	169	138	64	65	36	51	0.512579	0.6683	3.26969e-06	6.37889e-06
667	167	137	62	63	34	75	0.459259	0.77814	3.46336e-06	7.54119e-06
668	165	129	59	60	39	35	0.5739	0.5553	3.01098e-06	5.24652e-06
669	162	130	65	67	39	52	0.503607	0.68596	3.29606e-06	6.54492e-06
670	182	147	65	69	42	48	0.50757	0.67812	3.27143e-06	6.44528e-06
671	191	149	93	100	47	100	0.320459	1.138	3.51162e-06	1.09581e-05
672	149	114	52	53	33	32	0.608937	0.49604	2.85712e-06	4.69199e-06
673	155	118	65	70	37	66	0.460151	0.7762	3.43186e-06	7.45812e-06
674	200	155	75	76	42	69	0.436407	0.82918	3.47214e-06	7.95621e-06
675	177	133	65	68	37	57	0.487854	0.71774	3.3501e-06	6.86703e-06
676	187	147	62	63	37	51	0.519058	0.65574	3.25241e-06	6.26599e-06
677	214	162	59	61	41	27	0.594057	0.52078	2.89775e-06	4.8779e-06
678	194	156	81	83	41	118	0.325289	1.12304	3.5635e-06	1.09549e-05
679	207	154	76	78	38	72	0.424416	0.85704	3.49231e-06	8.2285e-06
680	182	137	68	72	38	63	0.461414	0.77346	3.41982e-06	7.41162e-06
681	187	143	85	86	44	100	0.34991	1.05008	3.55782e-06	1.01678e-05
682	167	138	63	69	38	84	0.422435	0.86172	3.53074e-06	8.35807e-06
683	196	154	68	70	34	81	0.426262	0.8527	3.51885e-06	8.25512e-06
684	194	161	108	116	51	155	0.218935	1.51898	3.23664e-06	1.47836e-05
685	173	139	61	63	34	48	0.52706	0.64044	3.21854e-06	6.10659e-06
686	181	149	72	76	37	69	0.436407	0.82918	3.47214e-06	7.95621e-06
687	203	163	72	73	43	57	0.472773	0.74914	3.37998e-06	7.14927e-06
688	179	150	63	65	37	51	0.512579	0.6683	3.26969e-06	6.37889e-06
689	194	146	57	58	34	38	0.57233	0.55804	3.02935e-06	5.29302e-06
690	192	151	85	88	47	71	0.400621	0.91474	3.50136e-06	8.73985e-06
691	190	158	102	106	52	106	0.299309	1.20628	3.47664e-06	1.16156e-05
692	188	149	93	97	51	90	0.34364	1.06816	3.52486e-06	1.02574e-05
693	186	148	90	94	47	88	0.353766	1.03912	3.53122e-06	9.9818e-06
694	184	147	70	75	38	76	0.423755	0.8586	3.50517e-06	8.27169e-06
695	182	146	57	59	38	28	0.598505	0.51332	2.88368e-06	4.81814e-06
696	181	146	71	72	35	102	0.378189	0.97236	3.58668e-06	9.48381e-06
697	179	143	61	62	35	60	0.498895	0.69536	3.33648e-06	6.68774e-06
698	177	140	70	73	42	49	0.492461	0.70834	3.31141e-06	6.7242e-06
699	176	142	73	74	38	73	0.432999	0.83702	3.48817e-06	8.05585e-06
700	174	140	75	76	48	42	0.500834	0.69148	3.26625e-06	6.52161e-06
701	172	139	43	47	34	16	0.686081	0.37676	2.40346e-06	3.50317e-06
702	170	128	52	54	28	58	0.529978	0.63492	3.24871e-06	6.1299e-06
703	168	127	73	77	40	53	0.470547	0.75386	3.3703e-06	7.16252e-06
704	185	140	51	51	34	21	0.652216	0.42738	2.60536e-06	3.99462e-06
705	165	131	59	60	38	61	0.50263	0.6879	3.33143e-06	6.62798e-06
706	159	117	55	58	34	46	0.549449	0.59884	3.1418e-06	5.71809e-06
707	155	126	67	70	42	55	0.486704	0.7201	3.34543e-06	6.87366e-06
708	172	138	67	70	38	50	0.499274	0.6946	3.2992e-06	6.60799e-06
709	197	150	61	61	35	37	0.56452	0.57178	3.05362e-06	5.40923e-06
710	178	145	65	69	35	63	0.470189	0.75462	3.40524e-06	7.24228e-06
711	177	145	53	56	35	36	0.585505	0.53528	2.97077e-06	5.07386e-06
712	165	132	72	75	46	48	0.488801	0.7158	3.31601e-06	6.78396e-06
713	190	142	46	46	33	19	0.67992	0.38578	2.45187e-06	3.60612e-06
714	182	142	53	55	31	37	0.586197	0.5341	2.97234e-06	5.07055e-06
715	158	124	47	47	32	18	0.679118	0.38696	2.45123e-06	3.60943e-06
716	183	139	81	83	40	93	0.369524	0.99554	3.55724e-06	9.62654e-06
717	187	146	79	80	42	73	0.416987	0.8747	3.50041e-06	8.39453e-06
718	167	135	81	84	41	120	0.319973	1.13952	3.55732e-06	1.11176e-05
719	181	144	62	65	40	41	0.539399	0.6173	3.15416e-06	5.84756e-06
720	187	141	58	59	37	35	0.577515	0.54902	2.99735e-06	5.19007e-06
721	173	128	75	77	37	75	0.420605	0.86606	3.50426e-06	8.33146e-06
722	159	125	60	61	29	57	0.509778	0.67378	3.29923e-06	6.4719e-06
723	201	157	105	111	50	115	0.277044	1.28358	3.42869e-06	1.2376e-05
724	198	156	85	86	44	109	0.334212	1.09598	3.55802e-06	1.0646e-05
725	195	163	105	110	48	122	0.269012	1.313	3.41416e-06	1.26915e-05
726	192	157	99	104	58	95	0.320581	1.13762	3.50017e-06	1.09182e-05
727	190	153	97	101	49	105	0.310435	1.16978	3.50177e-06	1.12802e-05
728	162	126	52	57	36	41	0.567191	0.56706	3.06055e-06	5.39597e-06
729	186	141	77	79	40	73	0.419614	0.86842	3.49878e-06	8.33808e-06
730	184	146	69	72	46	37	0.526839	0.64086	3.17692e-06	6.03016e-06
731	183	149	60	62	37	44	0.541312	0.61376	3.15997e-06	5.83761e-06
732	181	148	80	85	46	54	0.445214	0.8092	3.41356e-06	7.66724e-06
733	179	137	56	58	30	51	0.535615	0.62434	3.20499e-06	5.98375e-06
734	178	140	105	111	56	120	0.270068	1.30908	3.41412e-06	1.26417e-05
735	176	135	82	86	44	69	0.409843	0.89198	3.49215e-06	8.52068e-06
736	174	133	64	67	39	49	0.511371	0.67066	3.26537e-06	6.38552e-06
737	172	137	75	76	43	63	0.449967	0.79858	3.43659e-06	7.63741e-06
738	170	126	50	52	30	32	0.612773	0.48976	2.84053e-06	4.63554e-06
739	190	150	60	62	39	36	0.563854	0.57296	3.05189e-06	5.41255e-06
740	166	132	66	69	43	49	0.504988	0.68322	3.28162e-06	6.49841e-06
741	163	129	61	63	32	44	0.537923	0.62004	3.17055e-06	5.89406e-06
742	160	123	65	69	37	58	0.482333	0.72912	3.36505e-06	6.97661e-06
743	191	144	55	57	33	40	0.570091	0.56196	3.0459e-06	5.34284e-06
744	172	136	85	85	47	74	0.402041	0.9112	3.50978e-06	8.7299e-06
745	189	141	82	82	38	77	0.403467	0.90766	3.51822e-06	8.71996e-06
746	200	164	65	66	40	53	0.504201	0.68478	3.29828e-06	6.5416e-06
747	177	132	65	67	34	68	0.464144	0.76756	3.43237e-06	7.39505e-06
748	160	128	53	54	34	32	0.605125	0.50232	2.8734e-06	4.74843e-06
749	215	167	99	104	52	113	0.292462	1.22942	3.47287e-06	1.18746e-05
750	170	138	63	65	35	48	0.520482	0.653	3.23713e-06	6.21949e-06
751	176	133	74	77	34	97	0.375965	0.97826	3.57181e-06	9.50039e-06
752	166	129	52	55	32	42	0.571438	0.5596	3.04931e-06	5.33621e-06
753	187	160	57	60	37	30	0.588723	0.5298	2.93234e-06	4.98085e-06
754	167	123	56	57	34	57	0.522746	0.64866	3.26513e-06	6.24611e-06
755	171	132	53	54	30	43	0.572112	0.55842	3.05102e-06	5.3329e-06
756	194	153	62	65	37	45	0.528507	0.6377	3.2028e-06	6.06009e-06
757	212	169	89	93	51	71	0.388237	0.94614	3.5027e-06	9.02208e-06
758	206	165	62	65	37	47	0.523143	0.6479	3.22589e-06	6.16635e-06
759	202	148	66	68	39	55	0.492855	0.70754	3.33208e-06	6.76076e-06
760	198	156	69	69	34	72	0.449095	0.80052	3.46723e-06	7.72047e-06
761	195	159	77	80	48	59	0.447849	0.8033	3.42634e-06	7.65067e-06
762	183	152	59	61	36	37	0.56452	0.57178	3.05362e-06	5.40923e-06
763	191	148	79	83	42	72	0.411297	0.88844	3.50044e-06	8.51074e-06
764	189	162	83	87	47	95	0.3567	1.03086	3.55223e-06	9.9586e-06
765	187	146	53	55	32	39	0.580248	0.5443	3.00383e-06	5.17681e-06
766	185	143	78	79	43	68	0.430452	0.84292	3.47479e-06	8.07242e-06
767	183	140	93	95	40	146	0.261532	1.3412	3.43129e-06	1.312e-05
768	181	132	74	76	42	70	0.434187	0.83428	3.47755e-06	8.00934e-06
769	180	142	69	70	35	64	0.464869	0.766	3.41765e-06	7.35186e-06
770	178	140	67	71	40	68	0.45263	0.79268	3.44942e-06	7.62084e-06
771	176	131	45	48	30	27	0.644591	0.43914	2.67124e-06	4.14408e-06
772	175	134	75	76	35	72	0.429781	0.84448	3.48793e-06	8.11561e-06
773	173	132	80	81	36	98	0.364773	1.00848	3.56723e-06	9.77931e-06
774	171	147	41	44	31	17	0.695573	0.36302	2.35588e-06	3.38696e-06
775	169	126	56	60	40	36	0.570981	0.5604	3.026e-06	5.29965e-06
776	166	131	52	54	30	44	0.569202	0.56352	3.06574e-06	5.38603e-06
777	164	129	67	72	28	113	0.357557	1.02846	3.59999e-06	1.00683e-05
778	172	135	89	95	37	144	0.264213	1.331	3.43839e-06	1.30137e-05
779	192	145	69	70	42	49	0.501827	0.6895	3.2894e-06	6.55486e-06
780	153	117	61	61	42	47	0.536451	0.62278	3.18682e-06	5.94056e-06
781	171	143	68	70	39	60	0.47445	0.7456	3.38725e-06	7.13932e-06
782	187	143	59	60	35	40	0.559451	0.5808	3.08379e-06	5.51218e-06
783	177	136	66	66	38	39	0.541517	0.61338	3.13958e-06	5.79774e-06
784	183	141	95	99	52	95	0.330807	1.10622	3.51845e-06	1.0636e-05
785	165	134	87	94	45	129	0.287015	1.24822	3.49018e-06	1.21603e-05
786	191	144	77	79	44	50	0.471838	0.75112	3.35761e-06	7.11602e-06
787	183	139	51	53	31	35	0.599691	0.51134	2.90933e-06	4.85138e-06
788	179	137	100	103	47	157	0.235148	1.44754	3.32876e-06	1.4156e-05
789	187	148	81	83	46	61	0.43503	0.83234	3.44817e-06	7.92628e-06
790	167	127	65	65	37	52	0.509972	0.6734	3.28015e-06	6.43202e-06
791	182	140	69	69	43	37	0.536859	0.62202	3.14643e-06	5.86081e-06
792	174	141	48	48	33	21	0.66462	0.40854	2.54236e-06	3.82528e-06
793	174	142	98	102	50	135	0.264726	1.32906	3.42308e-06	1.29306e-05
794	176	144	84	87	45	66	0.413557	0.88296	3.48121e-06	8.41773e-06
795	186	143	75	75	38	76	0.423755	0.8586	3.50517e-06	8.27169e-06
796	179	149	75	79	45	63	0.441569	0.81742	3.44722e-06	7.80675e-06
797	196	160	73	76	46	46	0.490721	0.71188	3.30458e-06	6.73414e-06
798	193	151	83	84	42	129	0.305618	1.18542	3.54388e-06	1.15958e-05
799	191	147	88	89	47	87	0.366917	1.00262	3.53944e-06	9.64642e-06
800	189	147	62	63	32	57	0.503415	0.68634	3.31488e-06	6.58479e-06
801	187	146	60	62	41	33	0.572547	0.55766	3.00767e-06	5.25315e-06
802	190	148	68	69	38	74	0.444538	0.81072	3.47928e-06	7.82674e-06
803	183	148	56	58	35	32	0.590114	0.52744	2.93536e-06	4.97422e-06
804	182	142	82	84	39	82	0.3884	0.94572	3.53386e-06	9.09852e-06
805	180	138	53	54	30	33	0.602047	0.50742	2.89077e-06	4.80157e-06
806	178	141	56	56	33	53	0.53688	0.62198	3.209e-06	5.97713e-06
807	177	128	59	61	40	34	0.573223	0.55648	3.00933e-06	5.24983e-06
808	175	136	68	69	38	47	0.510166	0.67302	3.26105e-06	6.39214e-06
809	173	130	60	61	35	39	0.558791	0.58198	3.08201e-06	5.5155e-06
810	171	127	73	77	40	53	0.470547	0.75386	3.3703e-06	7.16252e-06
811	169	135	50	51	35	26	0.635794	0.45288	2.70867e-06	4.26029e-06
812	167	125	90	94	47	110	0.316219	1.15132	3.52607e-06	1.11507e-05
813	199	158	108	112	47	170	0.20797	1.57036	3.19334e-06	1.53548e-05
814	162	135	56	59	33	47	0.543231	0.61022	3.16577e-06	5.82767e-06
815	158	126	41	44	30	20	0.685011	0.37832	2.4293e-06	3.54636e-06
816	172	126	59	61	32	49	0.531007	0.63298	3.21091e-06	6.04683e-06
817	192	154	68	72	38	62	0.463773	0.76836	3.41267e-06	7.35849e-06
818	200	162	90	92	52	68	0.396706	0.92456	3.49349e-06	8.80624e-06
819	177	145	65	69	44	41	0.526018	0.64242	3.19469e-06	6.07335e-06
820	174	140	86	92	46	87	0.360069	1.02146	3.53435e-06	9.81577e-06
821	215	170	79	81	48	55	0.454217	0.78918	3.40417e-06	7.49458e-06
822	182	142	65	66	34	78	0.443845	0.81228	3.49303e-06	7.86993e-06
823	175	134	53	55	33	29	0.610608	0.4933	2.83657e-06	4.64548e-06
824	205	163	93	96	48	86	0.352932	1.04148	3.52523e-06	9.98842e-06
825	187	146	58	61	35	41	0.55312	0.59218	3.10951e-06	5.62176e-06
826	167	121	40	41	25	22	0.690955	0.36968	2.40679e-06	3.48328e-06
827	178	136	56	57	36	29	0.602987	0.50586	2.86924e-06	4.75838e-06
828	194	149	79	83	42	84	0.38688	0.94964	3.53931e-06	9.14834e-06
829	174	147	80	86	43	83	0.381601	0.96338	3.53536e-06	9.26455e-06
830	180	142	56	59	34	42	0.557262	0.58472	3.09949e-06	5.562e-06
831	204	157	95	99	53	70	0.375792	0.97872	3.49773e-06	9.30764e-06
832	200	156	71	74	38	58	0.467423	0.76052	3.39295e-06	7.25885e-06
833	197	154	65	66	40	67	0.469456	0.75618	3.42021e-06	7.28547e-06
834	194	168	91	93	49	104	0.328099	1.11444	3.53542e-06	1.07755e-05
835	192	142	72	76	38	86	0.400164	0.91588	3.54524e-06	8.85947e-06
836	162	134	66	70	34	67	0.45781	0.7813	3.43873e-06	7.51126e-06
837	187	147	72	73	41	59	0.467975	0.75934	3.39541e-06	7.25553e-06
838	186	135	65	67	36	63	0.476132	0.74206	3.39453e-06	7.12938e-06
839	184	146	75	78	44	50	0.47481	0.74484	3.35196e-06	7.05957e-06
840	182	138	83	87	47	67	0.411453	0.88806	3.48536e-06	8.47087e-06
841	181	144	76	79	40	75	0.415356	0.87862	3.50741e-06	8.44435e-06
842	175	134	66	68	42	40	0.532038	0.63104	3.17295e-06	5.96376e-06
843	177	142	65	67	40	80	0.43659	0.82876	3.50698e-06	8.03265e-06
844	176	127	63	65	37	35	0.55616	0.5867	3.07487e-06	5.52876e-06
845	174	145	58	58	32	45	0.552258	0.59374	3.12852e-06	5.66495e-06
846	172	145	76	81	41	77	0.406009	0.90138	3.51746e-06	8.66351e-06
847	186	145	64	65	29	77	0.448925	0.8009	3.48381e-06	7.76035e-06
848	168	139	84	87	40	99	0.349497	1.05126	3.55478e-06	1.01711e-05
849	165	137	52	54	32	34	0.598984	0.51252	2.90789e-06	4.8547e-06
850	162	136	74	79	38	100	0.365635	1.00612	3.57323e-06	9.77268e-06
851	192	153	58	61	30	54	0.517638	0.65848	3.26759e-06	6.3125e-06
852	172	138	67	68	39	42	0.526639	0.64124	3.19672e-06	6.07003e-06
853	176	147	79	81	51	59	0.445045	0.80958	3.43001e-06	7.70711e-06
854	185	140	72	75	33	81	0.413086	0.8841	3.52666e-06	8.53736e-06
855	177	140	64	67	34	67	0.466517	0.76246	3.42513e-06	7.34191e-06
856	183	144	41	43	27	25	0.671971	0.39754	2.52364e-06	3.75558e-06
857	191	149	83	87	43	86	0.373454	0.98496	3.54049e-06	9.4804e-06
858	182	144	50	51	30	27	0.63256	0.45798	2.7285e-06	4.31342e-06
859	179	148	70	72	32	88	0.40618	0.90096	3.54999e-06	8.73995e-06
860	180	148	56	59	33	34	0.580468	0.54392	2.98183e-06	5.13694e-06
861	188	142	54	55	35	31	0.604412	0.5035	2.87201e-06	4.75175e-06
862	167	131	51	52	29	36	0.6004	0.51016	2.91078e-06	4.84807e-06
863	182	157	61	63	44	21	0.604871	0.50274	2.82596e-06	4.672e-06
864	190	155	51	53	31	37	0.593606	0.52154	2.94289e-06	4.95765e-06
865	217	176	95	101	54	92	0.331715	1.10348	3.51268e-06	1.05895e-05
866	210	159	47	48	28	30	0.634803	0.45444	2.73186e-06	4.30348e-06
867	205	160	72	74	41	52	0.481948	0.72992	3.34474e-06	6.94005e-06
868	201	171	77	77	44	66	0.440361	0.82016	3.45827e-06	7.85326e-06
869	197	147	106	111	50	137	0.24764	1.39578	3.35426e-06	1.35449e-05
870	175	142	59	63	40	44	0.537923	0.62004	3.17055e-06	5.89406e-06
871	192	137	44	47	27	33	0.629103	0.46346	2.7721e-06	4.40643e-06
872	190	142	94	98	44	99	0.326169	1.12034	3.52003e-06	1.07921e-05
873	188	146	75	78	42	75	0.417972	0.87234	3.50591e-06	8.3879e-06
874	186	136	70	70	39	50	0.499274	0.6946	3.2992e-06	6.60799e-06
875	184	141	87	91	42	83	0.369805	0.99478	3.53045e-06	9.54679e-06
876	206	156	94	96	49	104	0.321975	1.13328	3.52396e-06	1.09448e-05
877	181	152	78	79	46	51	0.469438	0.75622	3.36547e-06	7.16915e-06
878	179	135	91	98	50	84	0.3521	1.04384	3.51926e-06	9.99505e-06
879	178	147	63	65	34	48	0.520482	0.653	3.23713e-06	6.21949e-06
880	176	133	50	53	31	36	0.596641	0.51644	2.92624e-06	4.90452e-06
881	174	137	58	61	34	47	0.536451	0.62278	3.18682e-06	5.94056e-06
882	172	131	79	80	38	83	0.396254	0.9257	3.53691e-06	8.92586e-06
883	170	137	61	61	34	45	0.541951	0.61258	3.1619e-06	5.8343e-06
884	168	132	58	60	36	32	0.582748	0.54	2.96451e-06	5.08712e-06
885	166	128	37	38	24	28	0.682877	0.38144	2.48071e-06	3.63274e-06
886	178	148	51	54	29	44	0.569202	0.56352	3.06574e-06	5.38603e-06
887	192	147	83	85	40	82	0.385968	0.952	3.53353e-06	9.15497e-06
888	156	119	44	44	27	36	0.631334	0.45992	2.77565e-06	4.39649e-06
889	151	114	50	51	27	34	0.610376	0.49368	2.85983e-06	4.68536e-06
890	200	147	41	45	31	21	0.67726	0.3897	2.47602e-06	3.65594e-06
891	177	146	86	91	37	139	0.277932	1.28038	3.48033e-06	1.25222e-05
892	180	149	58	60	33	56	0.515612	0.6624	3.28049e-06	6.36232e-06
893	216	166	61	62	36	44	0.541312	0.61376	3.15997e-06	5.83761e-06
894	182	143	67	68	41	45	0.518643	0.65654	3.23085e-06	6.22943e-06
895	176	147	73	75	37	91	0.392547	0.9351	3.55988e-06	9.06869e-06
896	175	148	66	68	42	46	0.516004	0.66164	3.24183e-06	6.28256e-06
897	188	144	75	78	49	55	0.462856	0.77034	3.39053e-06	7.32524e-06
898	168	131	54	58	33	44	0.555082	0.58864	3.11502e-06	5.61182e-06
899	172	137	71	72	46	37	0.526839	0.64086	3.17692e-06	6.03016e-06
900	194	168	91	96	50	94	0.338822	1.08228	3.52832e-06	1.04135e-05
901	174	131	51	53	29	40	0.584593	0.53684	2.99139e-06	5.11705e-06
902	191	147	52	52	37	17	0.66149	0.41326	2.53916e-06	3.83854e-06
903	204	154	58	62	28	90	0.428116	0.84836	3.54555e-06	8.28174e-06
904	179	138	79	79	44	56	0.457618	0.78172	3.40231e-06	7.43482e-06
905	198	153	67	68	44	35	0.54578	0.60554	3.10991e-06	5.6981e-06
906	195	157	72	76	37	68	0.438638	0.82408	3.46659e-06	7.90308e-06
907	193	149	72	78	42	81	0.405376	0.90294	3.52949e-06	8.7067e-06
908	190	151	66	67	45	32	0.557686	0.58396	3.05737e-06	5.48225e-06
909	188	143	84	87	37	105	0.338964	1.08186	3.55571e-06	1.04899e-05
910	190	144	61	62	32	47	0.533093	0.62906	3.19696e-06	5.99701e-06
911	185	137	55	58	33	34	0.584125	0.53764	2.96764e-06	5.08049e-06
912	183	139	73	73	38	61	0.463226	0.76954	3.41018e-06	7.3618e-06
913	181	157	75	78	36	153	0.280792	1.27014	3.51897e-06	1.25323e-05
914	180	146	65	68	40	55	0.492855	0.70754	3.33208e-06	6.76076e-06
915	178	133	67	71	38	60	0.471479	0.75188	3.39266e-06	7.19577e-06
916	184	137	57	57	38	29	0.602987	0.50586	2.86924e-06	4.75838e-06
917	175	143	76	78	40	71	0.426587	0.85194	3.4875e-06	8.17537e-06
918	173	134	48	51	25	52	0.556839	0.58548	3.14155e-06	5.64175e-06
919	171	124	58	60	33	46	0.542591	0.6114	3.16384e-06	5.83098e-06
920	169	133	59	61	36	35	0.570307	0.56158	3.02432e-06	5.30297e-06
921	165	125	46	46	30	25	0.65943	0.41638	2.58821e-06	3.92492e-06
922	164	134	73	75	38	93	0.388563	0.9453	3.56505e-06	9.17496e-06
923	161	131	61	63	41	37	0.557474	0.58434	3.07844e-06	5.52213e-06
924	157	125	82	86	39	97	0.355305	1.03478	3.55603e-06	1.00084e-05
925	187	150	75	78	41	65	0.439842	0.82134	3.45565e-06	7.85657e-06
926	170	133	52	55	34	36	0.589194	0.529	2.95623e-06	5.01741e-06
927	177	139	60	62	39	37	0.560986	0.57806	3.06617e-06	5.46568e-06
928	198	157	79	80	42	66	0.432142	0.839	3.46691e-06	8.0226e-06
929	182	139	48	51	33	26	0.635794	0.45288	2.70867e-06	4.26029e-06
930	182	150	64	67	38	51	0.506181	0.68086	3.28602e-06	6.49178e-06
931	205	164	77	80	39	89	0.384312	0.9563	3.55284e-06	9.24466e-06
932	197	163	96	97	58	67	0.386409	0.95086	3.49133e-06	9.03534e-06
933	188	148	62	63	37	49	0.524379	0.64554	3.23003e-06	6.15973e-06
934	168	136	70	73	41	52	0.484984	0.72364	3.33843e-06	6.8836e-06
935	183	146	86	90	43	101	0.339494	1.0803	3.5466e-06	1.04467e-05
936	190	144	85	88	40	111	0.326691	1.11874	3.54956e-06	1.08652e-05
937	174	136	53	55	29	41	0.574359	0.5545	3.03439e-06	5.28308e-06
938	173	135	61	64	39	40	0.545572	0.60592	3.13048e-06	5.73797e-06
939	207	167	97	99	49	89	0.341086	1.07562	3.51904e-06	1.03172e-05
940	203	167	102	104	52	122	0.279342	1.27532	3.45065e-06	1.23528e-05
941	199	154	89	94	41	110	0.316219	1.15132	3.52607e-06	1.11507e-05
942	196	162	91	93	55	54	0.423399	0.85944	3.4375e-06	8.11882e-06
943	193	148	59	60	32	49	0.534352	0.6267	3.20097e-06	5.99038e-06
944	162	122	41	42	28	21	0.690141	0.37086	2.40624e-06	3.4866e-06
945	189	150	53	54	34	29	0.614455	0.48702	2.81975e-06	4.58903e-06
946	187	142	79	82	40	93	0.371852	0.98926	3.55866e-06	9.57009e-06
947	185	152	98	102	58	90	0.333018	1.09956	3.50989e-06	1.05396e-05
948	183	143	55	58	31	47	0.546654	0.60394	3.15486e-06	5.77122e-06
949	182	145	82	83	39	96	0.363913	1.01084	3.56123e-06	9.78594e-06
950	176	138	74	74	42	49	0.489378	0.71462	3.3183e-06	6.78065e-06
951	178	132	49	50	25	39	0.598757	0.5129	2.93066e-06	4.89457e-06
952	177	138	70	73	31	93	0.393474	0.93274	3.56569e-06	9.06206e-06
953	175	133	59	60	32	63	0.49753	0.6981	3.35049e-06	6.73425e-06
954	173	141	55	57	32	47	0.550097	0.59766	3.14368e-06	5.71477e-06
955	171	131	56	58	33	32	0.590114	0.52744	2.93536e-06	4.97422e-06
956	169	136	79	79	44	64	0.439323	0.82252	3.45303e-06	7.85989e-06
957	167	136	66	71	38	73	0.441234	0.81818	3.47979e-06	7.8865e-06
958	164	130	81	83	41	99	0.358388	1.02614	3.56429e-06	9.94534e-06
959	161	121	56	61	31	68	0.481967	0.72988	3.40093e-06	7.05636e-06
960	172	137	48	50	34	23	0.649664	0.4313	2.62753e-06	4.04444e-06
961	153	120	52	53	34	29	0.618326	0.48074	2.80261e-06	4.53259e-06
962	148	123	62	63	35	46	0.532464	0.63024	3.19496e-06	6.00033e-06
963	177	137	55	62	34	50	0.524998	0.64436	3.23211e-06	6.15641e-06
964	170	125	45	46	31	19	0.67992	0.38578	2.45187e-06	3.60612e-06
965	216	165	74	75	42	47	0.4913	0.7107	3.30686e-06	6.73083e-06
966	182	143	65	67	37	66	0.468903	0.75736	3.41773e-06	7.28878e-06
967	177	135	102	106	55	99	0.310187	1.17058	3.48763e-06	1.12436e-05
968	187	145	70	71	42	44	0.511565	0.67028	3.24621e-06	6.34564e-06
969	188	146	106	110	51	112	0.283087	1.262	3.44239e-06	1.21602e-05
970	168	137	51	55	32	49	0.551397	0.5953	3.14745e-06	5.70814e-06
971	175	137	47	48	30	34	0.621985	0.47484	2.80889e-06	4.51601e-06
972	194	151	91	96	45	89	0.347573	1.05678	3.52711e-06	1.01478e-05
973	174	141	81	86	42	84	0.37966	0.96848	3.53755e-06	9.31768e-06
974	214	169	89	94	48	87	0.355575	1.03402	3.53038e-06	9.92866e-06
975	208	161	78	78	45	54	0.465222	0.76524	3.38315e-06	7.27211e-06
976	179	143	82	85	42	88	0.374337	0.9826	3.54638e-06	9.47377e-06
977	188	137	71	71	31	105	0.374794	0.98138	3.59306e-06	9.58677e-06
978	171	134	31	32	27	7	0.78926	0.23666	1.71921e-06	2.17826e-06
979	194	151	73	74	46	38	0.517617	0.65852	3.20725e-06	6.19618e-06
980	192	145	64	66	32	69	0.464692	0.76638	3.43488e-06	7.39173e-06
981	189	155	83	83	46	64	0.428425	0.84764	3.4641e-06	8.08568e-06
982	187	138	72	72	43	57	0.475751	0.74286	3.37442e-06	7.09282e-06
983	186	147	58	60	32	44	0.548153	0.6012	3.13802e-06	5.72472e-06
984	174	135	81	82	49	53	0.456001	0.78526	3.39482e-06	7.44476e-06
985	182	145	97	100	53	113	0.299902	1.2043	3.4935e-06	1.16488e-05
986	180	139	73	74	46	35	0.525597	0.64322	3.17292e-06	6.03678e-06
987	179	135	54	59	34	40	0.562975	0.57452	3.07144e-06	5.45574e-06
988	177	140	69	77	40	79	0.412112	0.88646	3.52108e-06	8.54399e-06
989	175	132	70	72	40	100	0.382067	0.96216	3.58285e-06	9.37755e-06
990	167	128	79	79	49	52	0.46705	0.76132	3.37317e-06	7.22229e-06
991	172	130	75	80	41	67	0.429944	0.8441	3.47211e-06	8.07573e-06
992	170	140	70	72	38	61	0.466144	0.76326	3.40535e-06	7.30535e-06
993	167	124	54	54	27	57	0.532688	0.62982	3.23702e-06	6.07676e-06
994	165	123	53	54	32	29	0.614455	0.48702	2.81975e-06	4.58903e-06
995	192	148	81	83	46	70	0.415514	0.87824	3.49217e-06	8.40447e-06
996	159	123	53	56	32	38	0.579564	0.54548	3.00221e-06	5.18013e-06
997	155	124	58	59	35	37	0.571655	0.55922	3.02768e-06	5.29634e-06
998	182	138	55	56	37	25	0.619291	0.47918	2.78024e-06	4.4894e-06
999	177	144	74	75	45	58	0.464497	0.7668	3.39793e-06	7.3153e-06
1000	176	144	65	68	40	71	0.454235	0.78914	3.45714e-06	7.61089e-06