Hist	Tr_Tot	Tr_in	DSBs	DSBt	RIFs	NComb	PSurv	lPSurv	PMut*	PMut
1	88	75	115	127	36	386	0.0629031	2.76616	1.74105e-06	2.76783e-05
2	87	65	94	112	34	322	0.0957935	2.34556	2.24454e-06	2.3431e-05
3	85	70	114	130	46	206	0.154587	1.867	2.82641e-06	1.82836e-05
4	84	73	114	138	44	387	0.0584058	2.84034	1.65594e-06	2.83523e-05
5	83	67	102	111	41	179	0.199892	1.60998	3.1536e-06	1.57765e-05
6	82	58	63	69	26	124	0.34448	1.06572	3.61132e-06	1.04834e-05
7	81	73	148	171	46	426	0.0389109	3.24648	1.25633e-06	3.22873e-05
8	80	65	183	212	51	603	0.0121958	4.40666	5.36693e-07	4.40062e-05
9	79	63	117	132	47	237	0.130333	2.03766	2.61236e-06	2.00437e-05
10	85	66	123	139	46	261	0.110359	2.20402	2.39633e-06	2.1714e-05
11	76	58	108	120	42	213	0.158833	1.8399	2.87347e-06	1.80911e-05
12	75	54	137	153	45	447	0.0391428	3.24054	1.26772e-06	3.2387e-05
13	74	57	105	112	43	189	0.188764	1.66726	3.08898e-06	1.63643e-05
14	72	52	62	72	29	104	0.374352	0.98256	3.59006e-06	9.59008e-06
15	71	59	69	77	30	107	0.357271	1.02926	3.58404e-06	1.00317e-05
16	97	77	177	197	59	485	0.0244614	3.71066	9.02375e-07	3.68898e-05
17	67	54	91	109	34	198	0.183724	1.69432	3.06326e-06	1.66732e-05
18	65	48	103	118	43	226	0.150523	1.89364	2.8101e-06	1.86689e-05
19	75	63	99	119	35	313	0.0959796	2.34362	2.24093e-06	2.3348e-05
20	83	70	101	120	42	278	0.114018	2.1714	2.45649e-06	2.15447e-05
21	84	70	185	209	64	446	0.0276779	3.58712	9.82427e-07	3.5495e-05
22	83	61	96	111	38	176	0.202973	1.59468	3.16986e-06	1.56171e-05
23	87	73	161	186	49	495	0.0249077	3.69258	9.16606e-07	3.68002e-05
24	73	59	98	110	36	175	0.205297	1.5833	3.18364e-06	1.55075e-05
25	73	57	126	147	44	433	0.043654	3.13146	1.36657e-06	3.13045e-05
26	66	48	105	113	40	189	0.187582	1.67354	3.08024e-06	1.64208e-05
27	77	60	72	81	24	213	0.202913	1.59498	3.22421e-06	1.58896e-05
28	87	65	70	79	25	160	0.269249	1.31212	3.48964e-06	1.29607e-05
29	88	70	93	108	39	163	0.221012	1.50954	3.26148e-06	1.47571e-05
30	80	65	121	135	37	661	0.0147148	4.2189	6.28933e-07	4.27415e-05
31	74	57	123	140	36	438	0.0444674	3.113	1.38627e-06	3.1175e-05
32	69	53	96	105	37	205	0.181791	1.7049	3.05759e-06	1.68193e-05
33	84	65	85	96	36	131	0.280557	1.27098	3.47313e-06	1.23794e-05
34	95	73	96	109	31	246	0.14383	1.93912	2.76493e-06	1.92236e-05
35	93	67	141	154	48	382	0.0541867	2.91532	1.57086e-06	2.89898e-05
36	91	76	194	221	59	612	0.0110086	4.50908	4.95303e-07	4.49924e-05
37	89	69	138	159	41	427	0.0417431	3.17622	1.32172e-06	3.1663e-05
38	87	68	96	109	35	214	0.169328	1.77592	2.96718e-06	1.75233e-05
39	86	66	151	177	53	467	0.0304016	3.49326	1.05811e-06	3.48044e-05
40	84	62	153	181	54	454	0.0316797	3.45208	1.08786e-06	3.43395e-05
41	83	64	146	168	47	478	0.0304144	3.49284	1.06088e-06	3.48809e-05
42	82	61	109	124	34	341	0.0806352	2.51782	2.02539e-06	2.51179e-05
43	81	54	85	94	26	238	0.164619	1.80412	2.95521e-06	1.79518e-05
44	80	69	160	180	55	470	0.0293812	3.5274	1.03226e-06	3.51332e-05
45	79	64	118	128	40	275	0.110103	2.20634	2.40431e-06	2.18369e-05
46	78	63	101	110	38	218	0.16487	1.8026	2.93341e-06	1.77923e-05
47	77	59	105	118	36	395	0.0635747	2.75554	1.75774e-06	2.76484e-05
48	75	62	88	106	37	180	0.205219	1.58368	3.19062e-06	1.55474e-05
49	74	60	173	193	46	697	0.00850807	4.76674	4.07777e-07	4.79282e-05
50	91	76	114	133	46	275	0.106699	2.23774	2.3601e-06	2.21192e-05
51	71	57	112	126	40	318	0.0895391	2.41308	2.14972e-06	2.40088e-05
52	69	55	127	140	38	339	0.0736744	2.6081	1.90926e-06	2.59148e-05
53	68	54	103	115	36	335	0.0879752	2.4307	2.13701e-06	2.42911e-05
54	86	68	157	179	52	454	0.0320801	3.43952	1.09799e-06	3.42266e-05
55	88	63	178	199	57	521	0.0201043	3.90682	7.82369e-07	3.89155e-05
56	59	47	111	131	31	377	0.0642239	2.74538	1.76139e-06	2.74259e-05
57	68	55	96	105	37	168	0.219545	1.5162	3.26098e-06	1.48534e-05
58	91	63	146	169	35	602	0.0160585	4.13152	6.66841e-07	4.15258e-05
59	87	67	145	171	57	427	0.038713	3.25158	1.25199e-06	3.23404e-05
60	73	63	99	114	38	206	0.170927	1.76652	2.97079e-06	1.73805e-05
61	75	60	110	121	40	249	0.131364	2.02978	2.63521e-06	2.00603e-05
62	82	67	159	184	49	615	0.0136773	4.29202	5.88988e-07	4.30633e-05
63	77	64	126	142	50	286	0.0953348	2.35036	2.21288e-06	2.32117e-05
64	69	55	115	129	36	391	0.060554	2.80422	1.69895e-06	2.80568e-05
65	80	62	80	93	34	180	0.222675	1.50204	3.29863e-06	1.48136e-05
66	80	67	137	150	41	410	0.0481709	3.033	1.45725e-06	3.02518e-05
67	64	55	118	132	43	311	0.089362	2.41506	2.1425e-06	2.39755e-05
68	103	81	161	184	60	427	0.035678	3.33322	1.18002e-06	3.30742e-05
69	99	76	165	195	40	725	0.00728382	4.9221	3.60759e-07	4.95289e-05
70	96	72	113	130	42	239	0.130641	2.0353	2.61766e-06	2.0037e-05
71	93	69	155	170	47	409	0.0427024	3.1535	1.33776e-06	3.13276e-05
72	88	68	78	96	39	171	0.228783	1.47498	3.31844e-06	1.45047e-05
73	75	55	122	145	33	458	0.038914	3.2464	1.26548e-06	3.25199e-05
74	88	65	100	125	38	323	0.0878346	2.4323	2.12718e-06	2.4218e-05
75	86	69	210	233	64	586	0.0116571	4.45184	5.16274e-07	4.42883e-05
76	85	64	105	112	38	170	0.20797	1.57036	3.19334e-06	1.53548e-05
77	84	67	162	181	51	521	0.0225104	3.79378	8.53129e-07	3.78994e-05
78	82	67	120	133	42	364	0.0677697	2.69164	1.81948e-06	2.6848e-05
79	81	60	109	123	42	225	0.146616	1.91994	2.77075e-06	1.8898e-05
80	80	69	150	168	41	561	0.0199178	3.91614	7.8259e-07	3.92909e-05
81	79	59	175	202	53	572	0.0152106	4.18576	6.35723e-07	4.17946e-05
82	78	64	162	172	49	431	0.0376938	3.27826	1.22917e-06	3.26094e-05
83	77	53	64	76	28	140	0.303832	1.19128	3.56355e-06	1.17287e-05
84	79	57	120	139	32	381	0.0598436	2.81602	1.68101e-06	2.809e-05
85	74	60	163	183	42	652	0.0113966	4.47444	5.12537e-07	4.49728e-05
86	73	54	66	73	23	158	0.282454	1.26424	3.53511e-06	1.25157e-05
87	72	53	80	92	29	223	0.179953	1.71506	3.06674e-06	1.70419e-05
88	70	53	165	184	48	659	0.0109281	4.51642	4.96147e-07	4.54011e-05
89	79	59	84	92	36	127	0.293623	1.22546	3.50618e-06	1.19411e-05
90	61	47	78	88	25	258	0.154364	1.86844	2.88287e-06	1.86758e-05
91	63	49	88	100	33	154	0.243315	1.4134	3.36438e-06	1.38273e-05
92	83	59	107	115	38	230	0.150288	1.8952	2.81221e-06	1.87121e-05
93	78	63	76	85	34	95	0.361208	1.0183	3.55635e-06	9.8457e-06
94	62	54	96	107	40	191	0.192808	1.64606	3.12124e-06	1.61883e-05
95	87	62	131	156	39	553	0.0223712	3.79998	8.54323e-07	3.81885e-05
96	73	54	93	106	39	144	0.246577	1.40008	3.36199e-06	1.36346e-05
97	89	72	118	126	40	215	0.151408	1.88778	2.8065e-06	1.8536e-05
98	87	69	184	212	67	462	0.025033	3.68756	9.14066e-07	3.65144e-05
99	77	62	96	113	39	169	0.207725	1.57154	3.19026e-06	1.53581e-05
100	83	65	101	116	41	197	0.176722	1.73318	3.00695e-06	1.70152e-05
101	71	51	145	164	46	389	0.0491037	3.01382	1.46949e-06	2.99262e-05
102	80	63	103	114	37	275	0.120221	2.11842	2.53026e-06	2.10467e-05
103	95	72	177	198	51	541	0.0182692	4.00254	7.29336e-07	3.99217e-05
104	80	63	146	170	43	492	0.027965	3.5768	9.99404e-07	3.57376e-05
105	84	66	173	195	56	456	0.0287189	3.5502	1.01194e-06	3.5236e-05
106	70	60	135	151	44	483	0.032989	3.41158	1.12779e-06	3.41869e-05
107	89	73	178	210	55	716	0.00694037	4.9704	3.46306e-07	4.98974e-05
108	91	74	116	128	49	208	0.154952	1.86464	2.83206e-06	1.8277e-05
109	90	75	173	192	55	566	0.0166998	4.09236	6.8321e-07	4.09113e-05
110	88	68	187	208	61	478	0.0236583	3.74404	8.78641e-07	3.71388e-05
111	86	62	121	136	40	389	0.0585438	2.83798	1.65946e-06	2.83457e-05
112	85	69	139	155	47	338	0.067394	2.6972	1.79998e-06	2.67084e-05
113	84	65	126	144	42	365	0.0629245	2.76582	1.73181e-06	2.75221e-05
114	83	74	208	233	63	762	0.00475081	5.34944	2.54832e-07	5.36398e-05
115	81	60	168	192	55	468	0.0275278	3.59256	9.82859e-07	3.57043e-05
116	80	65	121	135	44	247	0.121541	2.1075	2.5213e-06	2.07443e-05
117	79	57	84	102	26	237	0.157354	1.84926	2.88747e-06	1.83502e-05
118	78	56	140	160	44	432	0.0404374	3.208	1.2934e-06	3.19852e-05
119	77	65	103	119	40	204	0.167341	1.78772	2.93792e-06	1.75564e-05
120	76	58	118	132	35	341	0.0766842	2.56806	1.96078e-06	2.55695e-05
121	75	62	89	101	32	400	0.0689565	2.67428	1.85869e-06	2.69545e-05
122	73	62	140	154	45	414	0.0460273	3.07852	1.41258e-06	3.06901e-05
123	72	60	106	118	39	251	0.132504	2.02114	2.64972e-06	1.99973e-05
124	71	62	160	184	47	441	0.0332194	3.40462	1.12342e-06	3.38181e-05
125	68	57	75	82	30	146	0.283779	1.25956	3.51493e-06	1.23862e-05
126	66	53	82	89	30	175	0.234237	1.45142	3.35478e-06	1.43221e-05
127	94	69	138	163	41	452	0.0358346	3.32884	1.19033e-06	3.32172e-05
128	83	67	112	125	43	206	0.159518	1.8356	2.87154e-06	1.80014e-05
129	69	52	84	95	31	181	0.218778	1.5197	3.27721e-06	1.49796e-05
130	89	66	111	125	44	204	0.161153	1.8254	2.88386e-06	1.78951e-05
131	87	71	194	216	65	554	0.0152698	4.18188	6.35657e-07	4.16285e-05
132	81	51	108	118	39	208	0.164995	1.80184	2.92248e-06	1.77125e-05
133	75	52	73	84	28	133	0.299446	1.20582	3.53596e-06	1.18083e-05
134	62	49	79	89	24	260	0.151841	1.88492	2.86046e-06	1.88385e-05
135	77	60	136	158	50	368	0.0567534	2.86904	1.61587e-06	2.84717e-05
136	81	63	122	141	46	293	0.0925709	2.37978	2.17793e-06	2.35271e-05
137	85	55	105	123	33	329	0.0862643	2.45034	2.10691e-06	2.44239e-05
138	81	62	132	154	34	560	0.0218595	3.82312	8.40443e-07	3.84475e-05
139	64	45	74	80	35	78	0.406488	0.9002	3.52027e-06	8.6602e-06
140	100	81	158	187	53	455	0.030353	3.49486	1.0542e-06	3.47313e-05
141	84	65	171	204	52	612	0.0122489	4.40232	5.39353e-07	4.40328e-05
142	97	83	152	176	58	307	0.0691844	2.67098	1.81586e-06	2.62467e-05
143	94	74	135	150	42	558	0.0226454	3.7878	8.63139e-07	3.81155e-05
144	92	68	132	149	39	437	0.0422386	3.16442	1.336e-06	3.16299e-05
145	90	72	175	202	54	615	0.0122154	4.40506	5.38446e-07	4.40793e-05
146	88	74	180	211	61	446	0.0273325	3.59968	9.7325e-07	3.56079e-05
147	94	75	198	222	65	554	0.0147051	4.21956	6.17132e-07	4.19672e-05
148	85	61	115	131	36	516	0.0316101	3.45428	1.10039e-06	3.48114e-05
149	84	61	102	117	33	253	0.131986	2.02506	2.64593e-06	2.00471e-05
150	83	65	148	168	42	566	0.0194163	3.94164	7.68044e-07	3.95566e-05
151	82	70	140	157	54	371	0.0562438	2.87806	1.60715e-06	2.85747e-05
152	81	60	106	120	39	277	0.114601	2.1663	2.46296e-06	2.14916e-05
153	80	63	105	127	41	258	0.120831	2.11336	2.52262e-06	2.08772e-05
154	78	58	107	120	41	212	0.159645	1.8348	2.87968e-06	1.8038e-05
155	77	63	171	194	46	619	0.0125854	4.37522	5.51746e-07	4.38403e-05
156	76	60	125	141	42	323	0.0794379	2.53278	1.99557e-06	2.51211e-05
157	75	61	94	109	36	222	0.162558	1.81672	2.91765e-06	1.79484e-05
158	76	61	125	139	45	352	0.0693825	2.66812	1.84204e-06	2.65491e-05
159	72	53	108	128	30	462	0.042424	3.16004	1.34793e-06	3.17728e-05
160	71	55	79	82	32	190	0.226738	1.48396	3.33849e-06	1.4724e-05
161	69	56	103	117	34	340	0.0846898	2.46876	2.08927e-06	2.46697e-05
162	67	53	85	91	31	252	0.15619	1.85668	2.89363e-06	1.85263e-05
163	85	65	112	129	38	231	0.136939	1.98822	2.67791e-06	1.95555e-05
164	83	60	214	242	60	780	0.00409594	5.49776	2.25703e-07	5.51042e-05
165	58	47	85	93	29	229	0.173437	1.75194	3.02078e-06	1.74171e-05
166	89	71	70	76	31	111	0.352262	1.04338	3.58878e-06	1.01878e-05
167	87	67	161	177	54	362	0.0519351	2.95776	1.51783e-06	2.92254e-05
168	73	59	118	132	40	327	0.0823596	2.49666	2.04463e-06	2.48256e-05
169	73	55	97	102	30	232	0.161418	1.82376	2.91917e-06	1.80846e-05
170	80	61	141	160	42	450	0.0368905	3.2998	1.21523e-06	3.29416e-05
171	75	58	110	131	42	239	0.129823	2.04158	2.6086e-06	2.00935e-05
172	85	70	156	166	40	545	0.0218844	3.82198	8.38784e-07	3.83279e-05
173	101	80	126	148	53	218	0.129868	2.04124	2.58921e-06	1.99373e-05
174	79	59	114	130	37	311	0.0904914	2.4025	2.15936e-06	2.38626e-05
175	74	58	126	140	42	413	0.0505142	2.9855	1.50768e-06	2.98467e-05
176	107	88	219	256	72	642	0.00758275	4.88188	3.68234e-07	4.85621e-05
177	84	56	127	144	51	216	0.134536	2.00592	2.63762e-06	1.96052e-05
178	70	55	87	93	29	216	0.185326	1.68564	3.09983e-06	1.67264e-05
179	72	57	139	170	47	405	0.0435825	3.1331	1.35607e-06	3.1115e-05
180	88	65	82	93	30	228	0.174324	1.74684	3.02696e-06	1.7364e-05
181	75	57	101	114	37	232	0.1497	1.89912	2.80867e-06	1.87619e-05
182	89	65	106	125	39	267	0.116869	2.1467	2.4826e-06	2.12425e-05
183	87	72	148	171	46	460	0.0327164	3.41988	1.11543e-06	3.40938e-05
184	86	58	81	91	31	182	0.223202	1.49968	3.30494e-06	1.4807e-05
185	84	72	189	219	64	539	0.0161761	4.12422	6.63234e-07	4.10008e-05
186	83	66	176	209	53	713	0.00709177	4.94882	3.5233e-07	4.96815e-05
187	82	65	78	85	33	115	0.326182	1.1203	3.55811e-06	1.09084e-05
188	81	68	122	133	44	276	0.106157	2.24284	2.35374e-06	2.21723e-05
189	80	64	152	176	51	400	0.0430549	3.14528	1.3428e-06	3.11881e-05
190	79	59	98	111	31	244	0.143491	1.94148	2.75937e-06	1.92302e-05
191	78	68	119	143	36	391	0.0554574	2.89214	1.59978e-06	2.88471e-05
192	87	73	126	146	45	336	0.0720439	2.63048	1.87992e-06	2.60941e-05
193	75	62	113	127	37	312	0.0917434	2.38876	2.17858e-06	2.37464e-05
194	74	54	99	121	38	277	0.113883	2.17258	2.45397e-06	2.15481e-05
195	73	65	111	120	40	193	0.175889	1.7379	2.99512e-06	1.70284e-05
196	71	58	106	120	38	322	0.0910998	2.3958	2.1757e-06	2.38826e-05
197	79	59	109	123	41	286	0.107417	2.23104	2.37811e-06	2.21391e-05
198	83	63	137	155	47	355	0.061797	2.7839	1.70632e-06	2.76117e-05
199	65	50	118	139	46	313	0.0846509	2.46922	2.07199e-06	2.44769e-05
200	62	48	110	127	42	261	0.118997	2.12866	2.50329e-06	2.10366e-05
201	69	52	92	105	36	196	0.190329	1.659	3.11019e-06	1.63411e-05
202	84	69	59	65	30	75	0.453527	0.7907	3.47134e-06	7.65408e-06
203	87	66	109	128	42	269	0.113524	2.17574	2.44283e-06	2.15181e-05
204	74	61	120	132	35	298	0.0954875	2.34876	2.2234e-06	2.32848e-05
205	72	53	64	80	25	164	0.26216	1.3388	3.46829e-06	1.32297e-05
206	71	51	119	138	47	284	0.0987622	2.31504	2.25964e-06	2.28796e-05
207	77	63	92	99	36	153	0.246099	1.40202	3.37591e-06	1.37177e-05
208	81	65	132	153	40	441	0.040359	3.20994	1.29424e-06	3.20682e-05
209	68	56	177	206	48	579	0.0143131	4.24658	6.06766e-07	4.23923e-05
210	81	66	150	174	49	520	0.0236422	3.74472	8.85429e-07	3.74511e-05
211	64	51	112	120	39	219	0.154047	1.8705	2.83598e-06	1.84099e-05
212	78	60	97	105	38	191	0.195245	1.6335	3.13865e-06	1.60754e-05
213	84	68	127	146	44	307	0.0835274	2.48258	2.05087e-06	2.45532e-05
214	71	62	95	107	34	222	0.164613	1.80416	2.93594e-06	1.78355e-05
215	86	67	109	131	38	294	0.0980694	2.32208	2.25715e-06	2.30158e-05
216	93	72	142	156	51	361	0.0595595	2.82078	1.66689e-06	2.79869e-05
217	91	70	108	132	31	1691	7.84491e-05	9.45306	7.63305e-09	9.72993e-05
218	89	69	108	130	41	314	0.0891175	2.4178	2.14078e-06	2.4022e-05
219	87	71	158	175	45	528	0.022555	3.7918	8.5557e-07	3.79327e-05
220	86	69	91	106	34	291	0.11651	2.14978	2.49858e-06	2.14452e-05
221	79	60	97	117	32	505	0.0365067	3.31026	1.22066e-06	3.34366e-05
222	83	65	75	88	27	213	0.194186	1.63894	3.16227e-06	1.62848e-05
223	82	64	142	169	53	373	0.0516317	2.96362	1.51582e-06	2.93583e-05
224	81	63	100	114	45	174	0.201227	1.60332	3.15529e-06	1.56802e-05
225	80	61	121	135	41	334	0.077988	2.5512	1.97832e-06	2.53669e-05
226	79	72	123	136	48	220	0.138612	1.97608	2.68438e-06	1.93662e-05
227	78	60	108	126	42	283	0.107037	2.23458	2.37077e-06	2.21491e-05
228	77	51	135	150	37	439	0.0415482	3.1809	1.32093e-06	3.17926e-05
229	76	60	148	167	45	439	0.0373411	3.28766	1.223e-06	3.27522e-05
230	74	53	112	127	36	279	0.108559	2.22046	2.38754e-06	2.1993e-05
231	73	53	84	97	33	185	0.211684	1.55266	3.23984e-06	1.53051e-05
232	97	78	155	181	47	513	0.0234478	3.75298	8.7869e-07	3.74743e-05
233	70	57	136	150	45	338	0.0695437	2.6658	1.83777e-06	2.64262e-05
234	68	55	101	120	30	355	0.0769884	2.5641	1.97368e-06	2.5636e-05
235	66	53	120	131	40	310	0.0903847	2.40368	2.15712e-06	2.38659e-05
236	83	63	118	135	42	321	0.0833339	2.4849	2.05636e-06	2.46762e-05
237	91	68	88	93	34	156	0.251669	1.37964	3.4072e-06	1.35384e-05
238	78	63	147	169	45	465	0.0322957	3.43282	1.10602e-06	3.42466e-05
239	87	71	138	157	40	439	0.0397613	3.22486	1.27983e-06	3.21877e-05
240	74	59	141	163	48	415	0.0432767	3.14014	1.35245e-06	3.12512e-05
241	86	68	104	117	43	197	0.175615	1.73946	2.99803e-06	1.70716e-05
242	84	67	132	152	55	273	0.0956691	2.34686	2.20856e-06	2.30854e-05
243	90	62	197	227	61	734	0.00569048	5.16896	2.94843e-07	5.18134e-05
244	71	56	79	92	31	174	0.231041	1.46516	3.33585e-06	1.44384e-05
245	101	82	129	142	48	237	0.1224	2.10046	2.52244e-06	2.06081e-05
246	71	58	114	123	41	320	0.0903161	2.40444	2.16268e-06	2.39457e-05
247	85	68	128	141	41	376	0.0606231	2.80308	1.69364e-06	2.79372e-05
248	94	74	102	115	40	286	0.112951	2.1808	2.44964e-06	2.16876e-05
249	84	63	123	137	39	329	0.0790037	2.53826	1.99201e-06	2.52141e-05
250	100	74	156	174	59	311	0.0686441	2.67882	1.80852e-06	2.63463e-05
251	96	74	173	199	51	645	0.0106817	4.53922	4.86062e-07	4.5504e-05
252	94	78	130	145	60	198	0.146548	1.9204	2.74123e-06	1.87053e-05
253	91	67	152	178	41	543	0.0205039	3.88714	7.97581e-07	3.8899e-05
254	89	75	155	173	52	410	0.0416923	3.17744	1.31539e-06	3.155e-05
255	94	79	114	132	49	210	0.149575	1.89996	2.78344e-06	1.86091e-05
256	86	62	132	156	41	557	0.0219195	3.82038	8.4173e-07	3.8401e-05
257	85	62	131	146	43	405	0.0506721	2.98238	1.50802e-06	2.97603e-05
258	84	63	119	131	40	292	0.0990748	2.31188	2.26976e-06	2.29095e-05
259	83	63	70	76	32	98	0.376409	0.97708	3.57478e-06	9.49707e-06
260	81	62	197	229	67	541	0.0150373	4.19722	6.26629e-07	4.16716e-05
261	80	58	118	140	36	477	0.0364469	3.3119	1.21176e-06	3.32472e-05
262	79	63	108	120	40	207	0.163769	1.8093	2.91054e-06	1.77723e-05
263	78	62	151	176	41	636	0.0129213	4.34888	5.65015e-07	4.37275e-05
264	77	56	129	145	43	333	0.0736155	2.6089	1.90504e-06	2.58783e-05
265	76	63	149	173	49	375	0.0498399	2.99894	1.47976e-06	2.96904e-05
266	75	62	158	193	53	562	0.0169372	4.07824	6.90282e-07	4.07552e-05
267	73	59	95	105	35	227	0.162496	1.8171	2.92302e-06	1.79882e-05
268	72	57	130	143	50	300	0.0882096	2.42804	2.11808e-06	2.4012e-05
269	70	61	124	142	47	300	0.0887653	2.42176	2.12642e-06	2.39555e-05
270	68	56	122	136	29	488	0.035335	3.34288	1.18747e-06	3.36059e-05
271	83	74	173	204	53	529	0.018704	3.97902	7.41103e-07	3.96228e-05
272	83	73	124	137	38	340	0.0746937	2.59436	1.92699e-06	2.57986e-05
273	60	48	91	104	33	260	0.138191	1.97912	2.72031e-06	1.96852e-05
274	94	68	170	189	61	398	0.0400863	3.21672	1.27537e-06	3.18156e-05
275	87	71	167	189	59	406	0.0384837	3.25752	1.24074e-06	3.22407e-05
276	74	62	156	177	44	440	0.0348898	3.35556	1.16427e-06	3.33698e-05
277	85	68	109	124	46	204	0.162168	1.81912	2.89287e-06	1.78387e-05
278	79	57	97	107	33	228	0.159652	1.83476	2.89836e-06	1.81543e-05
279	94	80	132	155	57	260	0.100319	2.2994	2.2636e-06	2.2564e-05
280	79	54	127	142	41	402	0.0527622	2.94196	1.5499e-06	2.93751e-05
281	66	48	106	119	28	631	0.0189601	3.96542	7.63035e-07	4.02443e-05
282	81	64	128	143	47	261	0.107621	2.22914	2.36118e-06	2.19398e-05
283	64	46	64	73	28	124	0.335934	1.09084	3.59758e-06	1.07092e-05
284	89	65	126	133	40	388	0.0599623	2.81404	1.68633e-06	2.81232e-05
285	84	63	77	85	27	177	0.237758	1.4365	3.37679e-06	1.42026e-05
286	71	57	125	143	38	416	0.0488188	3.01964	1.47313e-06	3.01754e-05
287	69	53	100	109	35	226	0.159275	1.83712	2.89258e-06	1.81609e-05
288	88	66	114	129	43	282	0.105576	2.24832	2.35069e-06	2.22653e-05
289	75	65	138	147	47	344	0.0687307	2.67756	1.82656e-06	2.65756e-05
290	90	74	127	144	49	283	0.0955964	2.34762	2.21451e-06	2.31652e-05
291	88	73	209	234	59	764	0.00467316	5.36592	2.51428e-07	5.38025e-05
292	87	73	169	201	63	466	0.0262818	3.63888	9.4893e-07	3.6106e-05
293	85	64	156	185	57	459	0.030116	3.5027	1.04897e-06	3.48309e-05
294	84	66	55	66	27	94	0.409065	0.89388	3.56708e-06	8.72006e-06
295	82	68	135	154	50	364	0.0593965	2.82352	1.66509e-06	2.80334e-05
296	82	56	103	112	36	234	0.150054	1.89676	2.81431e-06	1.87553e-05
297	81	53	141	161	44	392	0.0492779	3.01028	1.47421e-06	2.99163e-05
298	79	65	114	133	34	368	0.0664012	2.71204	1.79685e-06	2.70605e-05
299	78	55	125	145	36	397	0.0531148	2.9353	1.55514e-06	2.92788e-05
300	77	59	82	94	32	226	0.175009	1.74292	3.03013e-06	1.73142e-05
301	76	64	122	137	36	350	0.0709798	2.64536	1.86889e-06	2.63299e-05
302	75	66	114	128	43	209	0.154164	1.86974	2.82584e-06	1.83301e-05
303	74	57	98	117	43	205	0.168594	1.78026	2.94984e-06	1.74967e-05
304	72	60	160	180	47	560	0.0185664	3.9864	7.41082e-07	3.99152e-05
305	71	51	119	138	42	273	0.104461	2.25894	2.32898e-06	2.22951e-05
306	61	41	129	146	38	371	0.0602664	2.80898	1.68467e-06	2.79538e-05
307	67	53	123	138	41	315	0.0843197	2.47314	2.06809e-06	2.45267e-05
308	64	51	91	105	27	253	0.142317	1.9497	2.75663e-06	1.93697e-05
309	80	61	115	135	38	297	0.0941845	2.3625	2.20401e-06	2.3401e-05
310	87	67	115	127	40	311	0.0922125	2.38366	2.18481e-06	2.36933e-05
311	87	68	97	108	27	578	0.0266214	3.62604	9.79863e-07	3.68073e-05
312	74	61	148	163	46	409	0.0446215	3.10954	1.38025e-06	3.09324e-05
313	69	52	149	173	49	445	0.0348766	3.35594	1.16522e-06	3.34097e-05
314	92	74	111	120	43	226	0.148644	1.9062	2.79181e-06	1.87818e-05
315	91	70	120	146	43	320	0.0781692	2.54888	1.9733e-06	2.5244e-05
316	78	60	119	136	41	311	0.0871452	2.44018	2.10903e-06	2.42013e-05
317	101	72	138	163	55	334	0.0654126	2.72704	1.7627e-06	2.69474e-05
318	71	57	130	146	42	384	0.0564003	2.87528	1.61556e-06	2.86445e-05
319	87	66	102	120	30	331	0.0870128	2.4417	2.1197e-06	2.43608e-05
320	75	65	183	203	59	567	0.0155058	4.16654	6.44815e-07	4.15854e-05
321	84	64	107	125	37	284	0.107163	2.2334	2.37322e-06	2.21458e-05
322	71	59	139	161	46	345	0.0626257	2.77058	1.71713e-06	2.7419e-05
323	83	68	120	141	45	423	0.0477021	3.04278	1.45179e-06	3.04345e-05
324	95	74	116	126	38	236	0.13603	1.99488	2.67324e-06	1.96518e-05
325	92	71	128	147	45	348	0.0673428	2.69796	1.80399e-06	2.67882e-05
326	90	75	136	152	45	361	0.0610746	2.79566	1.6955e-06	2.77611e-05
327	89	72	153	169	58	348	0.0586528	2.83612	1.64404e-06	2.803e-05
328	87	60	101	119	33	254	0.129676	2.04272	2.62114e-06	2.02131e-05
329	82	68	104	121	47	205	0.164412	1.80538	2.91379e-06	1.77225e-05
330	84	63	106	116	39	252	0.133497	2.01368	2.66158e-06	1.99375e-05
331	83	66	123	144	41	454	0.0399662	3.21972	1.28895e-06	3.22509e-05
332	82	66	129	147	44	282	0.0942919	2.36136	2.19524e-06	2.32814e-05
333	81	68	139	166	45	506	0.0267003	3.62308	9.68039e-07	3.62557e-05
334	80	55	99	111	36	227	0.156487	1.85478	2.86793e-06	1.83269e-05
335	72	52	75	84	26	162	0.258278	1.35372	3.44779e-06	1.33492e-05
336	78	66	105	122	45	200	0.167603	1.78616	2.93526e-06	1.75132e-05
337	76	59	112	133	41	284	0.101913	2.28364	2.30295e-06	2.25974e-05
338	75	58	158	184	44	605	0.0143929	4.24102	6.12158e-07	4.25319e-05
339	74	58	145	168	49	439	0.0371074	3.29394	1.21744e-06	3.28087e-05
340	73	60	131	152	38	399	0.0503146	2.98946	1.49838e-06	2.97802e-05
341	71	51	99	116	36	286	0.112244	2.18708	2.44064e-06	2.1744e-05
342	69	52	73	78	24	172	0.25486	1.36704	3.45127e-06	1.35418e-05
343	67	51	104	110	37	202	0.178887	1.721	3.03073e-06	1.69421e-05
344	83	70	103	120	38	406	0.0593561	2.8242	1.6825e-06	2.83458e-05
345	69	54	148	162	56	273	0.0898458	2.40966	2.12484e-06	2.36499e-05
346	75	50	167	189	49	638	0.0117874	4.44072	5.25338e-07	4.45676e-05
347	87	68	102	112	41	194	0.184011	1.69276	3.0601e-06	1.663e-05
348	74	60	141	154	47	315	0.076259	2.57362	1.93926e-06	2.54299e-05
349	83	72	169	190	51	470	0.0275928	3.5902	9.84998e-07	3.56976e-05
350	72	61	101	112	33	276	0.121122	2.11096	2.54197e-06	2.09869e-05
351	66	53	125	146	36	393	0.0538701	2.92118	1.56884e-06	2.91227e-05
352	79	69	130	143	49	249	0.114413	2.16794	2.43725e-06	2.13022e-05
353	80	65	100	115	40	219	0.15896	1.8391	2.88158e-06	1.81276e-05
354	81	64	187	205	61	471	0.0249845	3.6895	9.1437e-07	3.65975e-05
355	64	47	88	100	35	207	0.185686	1.6837	3.09043e-06	1.66433e-05
356	87	60	74	89	25	221	0.185255	1.68602	3.10604e-06	1.67663e-05
357	84	62	160	179	50	696	0.00933747	4.67372	4.39653e-07	4.70848e-05
358	103	77	152	176	51	489	0.0273461	3.59918	9.82189e-07	3.59169e-05
359	99	78	164	184	50	536	0.0204633	3.88912	7.95323e-07	3.88658e-05
360	95	85	187	219	75	399	0.0330339	3.41022	1.10869e-06	3.35622e-05
361	93	76	116	138	53	207	0.146264	1.92234	2.74806e-06	1.87883e-05
362	91	71	177	211	52	774	0.00513087	5.27248	2.72118e-07	5.30355e-05
363	100	78	166	189	58	466	0.0283389	3.56352	1.00401e-06	3.54287e-05
364	87	70	154	182	52	461	0.0303773	3.49406	1.05615e-06	3.47679e-05
365	86	70	124	134	44	276	0.105492	2.24912	2.34495e-06	2.22287e-05
366	85	64	121	133	32	333	0.0793775	2.53354	2.00038e-06	2.52009e-05
367	83	64	165	178	50	389	0.0449709	3.10174	1.38135e-06	3.07165e-05
368	82	70	102	114	43	133	0.248026	1.39422	3.34879e-06	1.35017e-05
369	63	51	74	85	30	158	0.26195	1.3396	3.45594e-06	1.31931e-05
370	80	66	121	139	34	554	0.0247651	3.69832	9.23293e-07	3.7282e-05
371	79	62	143	162	48	416	0.0433278	3.13896	1.3539e-06	3.12479e-05
372	78	62	161	184	46	812	0.00500799	5.29672	2.6808e-07	5.35305e-05
373	77	57	91	103	32	252	0.144852	1.93204	2.7817e-06	1.92037e-05
374	75	57	110	128	38	319	0.0879717	2.43074	2.1267e-06	2.41748e-05
375	74	52	74	83	34	132	0.302874	1.19444	3.54324e-06	1.16987e-05
376	73	63	132	150	43	359	0.0624805	2.7729	1.72084e-06	2.7542e-05
377	71	64	123	149	51	373	0.0585415	2.83802	1.65259e-06	2.82294e-05
378	70	57	110	135	38	359	0.0686523	2.6787	1.83269e-06	2.66952e-05
379	80	64	152	169	52	391	0.0471029	3.05542	1.42791e-06	3.03147e-05
380	67	56	90	106	33	209	0.177005	1.73158	3.0247e-06	1.70883e-05
381	63	51	48	57	19	135	0.351179	1.04646	3.64892e-06	1.03905e-05
382	90	75	107	124	36	243	0.132918	2.01802	2.64652e-06	1.99109e-05
383	87	71	82	93	35	124	0.296283	1.21644	3.50744e-06	1.18381e-05
384	74	62	168	201	54	587	0.0141792	4.25598	6.03114e-07	4.25352e-05
385	81	64	75	84	33	155	0.267665	1.31802	3.47355e-06	1.29772e-05
386	92	71	113	126	41	295	0.100683	2.29578	2.29423e-06	2.27867e-05
387	93	69	144	160	51	343	0.0636663	2.7541	1.73531e-06	2.72563e-05
388	86	64	114	131	41	337	0.0787576	2.54138	1.99261e-06	2.53005e-05
389	102	76	198	241	58	789	0.00393683	5.53738	2.18596e-07	5.5526e-05
390	82	61	131	148	45	343	0.0686496	2.67874	1.82463e-06	2.65789e-05
391	70	53	174	191	58	473	0.0270037	3.61178	9.69799e-07	3.59135e-05
392	68	51	82	92	37	153	0.257159	1.35806	3.42602e-06	1.33226e-05
393	84	67	190	215	57	565	0.0145277	4.2317	6.12436e-07	4.21565e-05
394	71	53	70	82	29	145	0.28523	1.25446	3.51774e-06	1.2333e-05
395	85	60	124	149	48	288	0.0903088	2.40452	2.1415e-06	2.37131e-05
396	88	68	111	123	45	180	0.184438	1.69044	3.04453e-06	1.6507e-05
397	75	59	125	141	51	293	0.0925709	2.37978	2.17793e-06	2.35271e-05
398	91	69	133	157	47	298	0.0816135	2.50576	2.01553e-06	2.4696e-05
399	89	63	128	143	51	261	0.107621	2.22914	2.36118e-06	2.19398e-05
400	88	69	132	147	45	399	0.0519195	2.95806	1.53152e-06	2.94979e-05
401	86	71	147	165	61	244	0.102223	2.2806	2.27736e-06	2.22784e-05
402	85	67	98	110	28	411	0.0616119	2.7869	1.72803e-06	2.8047e-05
403	82	61	110	124	31	307	0.0959028	2.34442	2.23563e-06	2.33114e-05
404	82	64	128	145	51	281	0.0959719	2.3437	2.21842e-06	2.31153e-05
405	81	60	143	168	45	414	0.0421534	3.16644	1.327e-06	3.14803e-05
406	80	68	138	156	55	331	0.0694061	2.66778	1.83183e-06	2.63929e-05
407	79	65	118	137	42	295	0.0939625	2.36486	2.19944e-06	2.34076e-05
408	78	57	91	100	31	207	0.185686	1.6837	3.09043e-06	1.66433e-05
409	90	70	174	200	58	435	0.0309773	3.4745	1.0657e-06	3.44025e-05
410	76	65	102	118	38	233	0.145244	1.92934	2.76557e-06	1.90409e-05
411	75	57	112	125	41	232	0.139708	1.9682	2.70794e-06	1.93829e-05
412	73	55	121	136	38	361	0.0675302	2.69518	1.81372e-06	2.6858e-05
413	72	59	126	141	45	332	0.0758741	2.57868	1.94233e-06	2.55993e-05
414	80	66	78	83	34	108	0.342309	1.07204	3.56808e-06	1.04235e-05
415	68	46	115	131	34	533	0.0289849	3.54098	1.03519e-06	3.57146e-05
416	66	45	36	40	24	27	0.677802	0.3889	2.50278e-06	3.6925e-06
417	64	55	89	97	36	221	0.176178	1.73626	3.03341e-06	1.72179e-05
418	93	80	127	148	54	349	0.0665807	2.70934	1.79087e-06	2.68977e-05
419	87	67	132	151	43	330	0.0719863	2.63128	1.87579e-06	2.60575e-05
420	74	60	105	115	43	267	0.124444	2.0839	2.57326e-06	2.0678e-05
421	64	47	83	93	27	201	0.20006	1.60914	3.18683e-06	1.59294e-05
422	81	61	133	157	46	505	0.0283973	3.56146	1.01363e-06	3.56945e-05
423	67	54	85	98	30	235	0.163011	1.81394	2.93715e-06	1.80182e-05
424	65	50	105	119	42	161	0.208374	1.56842	3.18223e-06	1.52717e-05
425	79	62	130	151	52	373	0.0578108	2.85058	1.63849e-06	2.83423e-05
426	81	59	112	131	43	229	0.136616	1.99058	2.6725e-06	1.95621e-05
427	65	53	115	130	28	551	0.0266092	3.6265	9.74283e-07	3.66146e-05
428	73	49	121	129	43	325	0.0847864	2.46762	2.08151e-06	2.455e-05
429	84	75	178	193	68	310	0.0612348	2.79304	1.67573e-06	2.73657e-05
430	71	58	89	106	34	262	0.135081	2.00188	2.6887e-06	1.99043e-05
431	78	65	146	165	43	507	0.0267318	3.6219	9.69093e-07	3.62524e-05
432	97	67	105	121	36	273	0.11623	2.15218	2.47984e-06	2.13355e-05
433	94	70	166	185	48	623	0.0130483	4.3391	5.68184e-07	4.35448e-05
434	92	70	204	224	67	494	0.01972	3.92612	7.66953e-07	3.88921e-05
435	90	68	126	148	50	305	0.0833306	2.48494	2.04659e-06	2.45599e-05
436	88	79	164	182	68	255	0.0868598	2.44346	2.06921e-06	2.38224e-05
437	83	66	131	159	42	435	0.0400743	3.21702	1.28591e-06	3.20881e-05
438	85	70	147	170	48	423	0.0397598	3.2249	1.27515e-06	3.20714e-05
439	84	72	92	103	40	162	0.229228	1.47304	3.30585e-06	1.44217e-05
440	83	62	109	120	36	265	0.121833	2.1051	2.54072e-06	2.0854e-05
441	82	66	152	175	55	364	0.0520578	2.9554	1.52107e-06	2.92188e-05
442	81	57	110	123	40	339	0.0819751	2.50134	2.04571e-06	2.49552e-05
443	72	57	138	152	47	367	0.059234	2.82626	1.66329e-06	2.80799e-05
444	78	65	129	147	36	423	0.0459381	3.08046	1.41366e-06	3.07731e-05
445	77	59	80	90	31	141	0.276844	1.2843	3.4805e-06	1.25721e-05
446	76	63	146	178	55	454	0.0322822	3.43324	1.10309e-06	3.41701e-05
447	75	59	175	196	60	549	0.0177605	4.03078	7.14572e-07	4.02339e-05
448	74	65	121	136	43	308	0.0884887	2.42488	2.12744e-06	2.40419e-05
449	72	59	75	83	29	146	0.282002	1.26584	3.50884e-06	1.24426e-05
450	71	58	151	173	52	529	0.0227239	3.78434	8.60618e-07	3.78729e-05
451	69	49	85	103	32	209	0.180371	1.71274	3.05168e-06	1.69189e-05
452	67	49	116	128	38	323	0.0861953	2.45114	2.10207e-06	2.43873e-05
453	84	61	112	125	44	251	0.126806	2.0651	2.58587e-06	2.03924e-05
454	73	60	154	168	56	350	0.0584233	2.84004	1.64052e-06	2.80798e-05
455	57	44	78	87	30	132	0.29536	1.21956	3.52203e-06	1.19245e-05
456	74	55	64	73	25	130	0.32581	1.12144	3.59303e-06	1.1028e-05
457	81	62	168	192	48	603	0.013828	4.28106	5.92907e-07	4.28773e-05
458	92	74	132	152	48	420	0.0452044	3.09656	1.39664e-06	3.0896e-05
459	77	55	82	99	35	199	0.194637	1.63662	3.14568e-06	1.61618e-05
460	77	63	100	113	35	249	0.138133	1.97954	2.70861e-06	1.96087e-05
461	102	76	135	148	40	377	0.0577207	2.85214	1.63843e-06	2.83855e-05
462	101	73	139	158	49	400	0.0482075	3.03224	1.45452e-06	3.0172e-05
463	88	72	138	158	50	385	0.0520401	2.95574	1.52868e-06	2.9375e-05
464	86	70	147	169	49	379	0.0500757	2.99422	1.4861e-06	2.96771e-05
465	84	70	125	139	49	322	0.0808532	2.51512	2.0177e-06	2.49551e-05
466	71	54	138	156	39	371	0.0565981	2.87178	1.61408e-06	2.85182e-05
467	101	82	172	201	49	1138	0.000853573	7.06608	6.12964e-08	7.18115e-05
468	98	78	189	215	63	443	0.0270654	3.6095	9.65537e-07	3.56742e-05
469	95	79	102	113	31	436	0.0532243	2.93324	1.57249e-06	2.95447e-05
470	92	80	123	146	52	328	0.0750441	2.58968	1.92631e-06	2.5669e-05
471	95	76	163	184	49	516	0.0226608	3.78712	8.56647e-07	3.78031e-05
472	88	64	127	150	45	435	0.0424045	3.1605	1.33914e-06	3.15801e-05
473	87	70	134	151	48	338	0.0691083	2.67208	1.83017e-06	2.64826e-05
474	86	66	144	162	45	357	0.0585391	2.83806	1.64571e-06	2.81131e-05
475	84	70	118	132	46	202	0.155803	1.85916	2.83313e-06	1.8184e-05
476	83	66	114	132	39	331	0.0806965	2.51706	2.02049e-06	2.50382e-05
477	84	61	76	86	30	147	0.275331	1.28978	3.48709e-06	1.26651e-05
478	81	66	96	104	41	172	0.216466	1.53032	3.24904e-06	1.50095e-05
479	80	60	99	108	37	266	0.130701	2.03484	2.64406e-06	2.02298e-05
480	79	58	139	163	45	523	0.0249485	3.69094	9.22837e-07	3.69896e-05
481	77	54	137	152	37	573	0.0207158	3.87686	8.0844e-07	3.90254e-05
482	76	54	144	169	51	399	0.0452198	3.09622	1.39005e-06	3.07398e-05
483	81	53	82	95	35	163	0.239812	1.4279	3.36294e-06	1.40232e-05
484	74	59	98	108	32	323	0.0977307	2.32554	2.27306e-06	2.32584e-05
485	72	50	116	130	45	258	0.118576	2.1322	2.49562e-06	2.10466e-05
486	71	47	75	83	36	95	0.365774	1.00574	3.56001e-06	9.7328e-06
487	69	58	66	76	22	182	0.245249	1.40548	3.42374e-06	1.39603e-05
488	83	63	150	175	44	423	0.0385307	3.2563	1.24661e-06	3.23537e-05
489	65	53	185	213	51	729	0.00637392	5.05554	3.23524e-07	5.07574e-05
490	62	50	118	130	38	294	0.0986872	2.3158	2.26579e-06	2.29593e-05
491	87	70	134	155	51	353	0.0624306	2.7737	1.71718e-06	2.75054e-05
492	74	57	128	145	52	236	0.12073	2.1142	2.50205e-06	2.07243e-05
493	82	63	125	141	39	364	0.0644491	2.74188	1.75943e-06	2.72996e-05
494	83	68	112	133	43	258	0.116363	2.15104	2.46875e-06	2.12159e-05
495	77	60	88	96	35	161	0.240754	1.42398	3.36415e-06	1.39734e-05
496	93	75	102	122	38	289	0.106452	2.24006	2.36772e-06	2.22421e-05
497	82	56	111	128	33	371	0.0674789	2.69594	1.81773e-06	2.69377e-05
498	81	67	159	177	52	466	0.030557	3.48816	1.0619e-06	3.47513e-05
499	65	55	142	156	48	316	0.0749241	2.59128	1.91775e-06	2.55959e-05
500	85	61	103	109	32	213	0.170193	1.77082	2.97331e-06	1.74702e-05
501	84	62	124	145	41	318	0.0794681	2.5324	1.99316e-06	2.50813e-05
502	71	55	106	123	37	323	0.0889447	2.41974	2.14402e-06	2.41051e-05
503	79	68	147	165	54	350	0.0595345	2.8212	1.66163e-06	2.79105e-05
504	65	52	47	53	21	80	0.476713	0.74084	3.45254e-06	7.24238e-06
505	75	61	110	116	43	195	0.178533	1.72298	3.0188e-06	1.69089e-05
506	93	71	186	219	60	638	0.00976335	4.62912	4.51662e-07	4.6261e-05
507	91	72	138	151	48	268	0.0987583	2.31508	2.24806e-06	2.27633e-05
508	89	69	89	96	40	121	0.295236	1.21998	3.49798e-06	1.18481e-05
509	87	70	139	154	45	322	0.0735846	2.60932	1.89862e-06	2.58018e-05
510	86	69	115	126	46	230	0.140257	1.96428	2.71159e-06	1.9333e-05
511	82	60	117	128	32	338	0.0798472	2.52764	2.0109e-06	2.51843e-05
512	83	68	76	91	28	200	0.203624	1.59148	3.2098e-06	1.57634e-05
513	82	64	113	133	40	375	0.0640725	2.74774	1.75767e-06	2.74325e-05
514	81	65	97	108	32	407	0.0636765	2.75394	1.76521e-06	2.77216e-05
515	80	61	134	153	45	422	0.0444656	3.11304	1.38104e-06	3.10587e-05
516	79	63	135	145	46	375	0.0594215	2.8231	1.67033e-06	2.81099e-05
517	90	79	144	168	54	398	0.0457374	3.08484	1.40094e-06	3.06302e-05
518	77	65	100	112	42	169	0.209034	1.56526	3.19856e-06	1.53016e-05
519	75	58	107	122	40	240	0.136674	1.99016	2.68407e-06	1.96386e-05
520	74	55	132	148	37	466	0.0366611	3.30604	1.21401e-06	3.31143e-05
521	73	63	90	101	32	195	0.196169	1.62878	3.1509e-06	1.60622e-05
522	62	45	72	78	31	91	0.38522	0.95394	3.55868e-06	9.23803e-06
523	77	61	139	152	49	415	0.046372	3.07106	1.42039e-06	3.06303e-05
524	68	55	121	133	36	357	0.0702328	2.65594	1.85949e-06	2.64761e-05
525	65	48	86	96	32	147	0.258572	1.35258	3.42079e-06	1.32295e-05
526	92	70	196	212	60	598	0.0125108	4.38116	5.47231e-07	4.37405e-05
527	87	64	95	108	31	298	0.111021	2.19804	2.43468e-06	2.193e-05
528	74	59	117	132	45	375	0.0644761	2.74146	1.7651e-06	2.7376e-05
529	75	56	145	158	56	251	0.103071	2.27234	2.29385e-06	2.22552e-05
530	93	77	154	166	57	367	0.0542485	2.91418	1.56616e-06	2.88702e-05
531	78	51	140	161	44	606	0.0165449	4.10168	6.83084e-07	4.12868e-05
532	87	71	166	190	45	708	0.00819689	4.804	3.96265e-07	4.83433e-05
533	67	52	110	127	44	244	0.129774	2.04196	2.61279e-06	2.01333e-05
534	98	78	200	230	73	661	0.00810317	4.8155	3.89795e-07	4.8104e-05
535	84	68	137	154	47	307	0.0794347	2.53282	1.98625e-06	2.50048e-05
536	83	58	114	130	37	333	0.0808872	2.5147	2.02473e-06	2.50315e-05
537	84	67	129	150	42	399	0.0509505	2.9769	1.51156e-06	2.96673e-05
538	71	48	104	115	35	239	0.143546	1.9411	2.75469e-06	1.91903e-05
539	79	64	194	215	58	459	0.0249445	3.6911	9.11084e-07	3.65244e-05
540	89	74	113	133	47	239	0.128203	2.05414	2.59052e-06	2.02064e-05
541	96	68	149	165	40	440	0.0376207	3.2802	1.22991e-06	3.26925e-05
542	93	69	153	174	54	398	0.044046	3.12252	1.36406e-06	3.09689e-05
543	91	65	72	88	30	197	0.210696	1.55734	3.25201e-06	1.54346e-05
544	89	68	166	189	49	508	0.0228748	3.77772	8.6147e-07	3.76603e-05
545	79	59	109	129	35	330	0.0826517	2.49312	2.05106e-06	2.48157e-05
546	86	65	174	198	48	661	0.00990674	4.61454	4.58659e-07	4.62977e-05
547	85	66	134	153	43	421	0.0446929	3.10794	1.38573e-06	3.10056e-05
548	84	66	164	197	50	617	0.0124771	4.38386	5.47787e-07	4.39034e-05
549	82	68	178	207	61	541	0.0172652	4.05906	6.98029e-07	4.04297e-05
550	81	62	102	115	34	238	0.14428	1.936	2.76111e-06	1.91372e-05
551	73	60	127	150	45	328	0.0731824	2.6148	1.89505e-06	2.58948e-05
552	79	68	144	167	50	443	0.0365871	3.30806	1.20608e-06	3.29648e-05
553	78	58	130	146	40	409	0.0496489	3.00278	1.48812e-06	2.99728e-05
554	77	62	150	172	38	613	0.014899	4.20646	6.29925e-07	4.22796e-05
555	76	66	165	184	50	468	0.0289461	3.54232	1.02043e-06	3.52527e-05
556	74	62	85	95	31	228	0.172148	1.7594	3.00861e-06	1.74769e-05
557	80	55	92	101	32	216	0.176245	1.73588	3.02753e-06	1.7178e-05
558	72	52	115	129	35	388	0.0614876	2.78892	1.71535e-06	2.78974e-05
559	70	60	123	140	34	537	0.026839	3.6179	9.77883e-07	3.64352e-05
560	68	52	109	124	35	299	0.0998966	2.30362	2.28627e-06	2.28863e-05
561	69	52	57	61	22	103	0.403177	0.90838	3.59473e-06	8.91602e-06
562	69	55	162	182	45	657	0.0111797	4.49366	5.05119e-07	4.5182e-05
563	60	50	70	80	31	116	0.334874	1.094	3.57621e-06	1.06793e-05
564	74	62	132	147	43	399	0.0519195	2.95806	1.53152e-06	2.94979e-05
565	79	61	134	149	55	288	0.0903088	2.40452	2.1415e-06	2.37131e-05
566	88	68	96	112	35	230	0.153147	1.87636	2.83976e-06	1.85428e-05
567	78	63	121	140	40	337	0.0744297	2.5979	1.92092e-06	2.58086e-05
568	75	64	107	116	38	224	0.153988	1.87088	2.84104e-06	1.84498e-05
569	83	66	146	154	53	293	0.0853137	2.46142	2.06979e-06	2.4261e-05
570	81	63	151	179	50	401	0.0420364	3.16922	1.32038e-06	3.14105e-05
571	65	51	66	71	26	134	0.323266	1.12928	3.59718e-06	1.11276e-05
572	83	60	113	127	50	218	0.148175	1.90936	2.77856e-06	1.87519e-05
573	84	66	157	172	51	426	0.0386673	3.25276	1.25065e-06	3.23437e-05
574	71	58	109	125	46	225	0.144786	1.9325	2.75251e-06	1.90109e-05
575	79	57	73	93	29	185	0.217069	1.52754	3.27324e-06	1.50793e-05
576	80	63	133	161	39	620	0.0154047	4.17308	6.47471e-07	4.20306e-05
577	75	64	131	143	46	343	0.0708394	2.64734	1.86284e-06	2.62967e-05
578	80	63	222	265	63	842	0.00258404	5.9584	1.54259e-07	5.96968e-05
579	75	59	103	117	37	237	0.143208	1.94346	2.74915e-06	1.91969e-05
580	90	67	150	166	53	423	0.0407712	3.19978	1.29838e-06	3.18456e-05
581	88	71	150	173	45	540	0.0214841	3.84044	8.26224e-07	3.84574e-05
582	87	70	154	176	46	639	0.0127251	4.36418	5.58464e-07	4.38869e-05
583	85	67	104	116	44	156	0.217821	1.52408	3.23175e-06	1.48367e-05
584	84	61	99	109	42	170	0.211926	1.55152	3.21818e-06	1.51854e-05
585	83	63	59	65	24	113	0.373626	0.9845	3.61414e-06	9.67315e-06
586	82	68	101	109	33	325	0.0961333	2.34202	2.25154e-06	2.34211e-05
587	80	59	104	115	32	260	0.128967	2.0482	2.61881e-06	2.03061e-05
588	79	57	81	93	30	201	0.20006	1.60914	3.18683e-06	1.59294e-05
589	78	64	134	163	43	399	0.0469562	3.05854	1.42752e-06	3.04011e-05
590	77	56	90	99	38	185	0.209042	1.56522	3.223e-06	1.5418e-05
591	79	63	93	100	41	108	0.307648	1.1788	3.502e-06	1.13831e-05
592	75	56	121	137	47	250	0.118202	2.13536	2.48421e-06	2.10166e-05
593	73	55	145	157	47	354	0.0613377	2.79136	1.6973e-06	2.76714e-05
594	72	57	104	118	36	249	0.133863	2.01094	2.66266e-06	1.9891e-05
595	70	55	115	136	35	377	0.0622386	2.77678	1.72451e-06	2.77081e-05
596	67	47	125	135	34	387	0.0595166	2.8215	1.67735e-06	2.8183e-05
597	76	60	86	91	36	144	0.270934	1.30588	3.46468e-06	1.27879e-05
598	64	51	90	103	31	207	0.18222	1.70254	3.06361e-06	1.68127e-05
599	87	73	129	144	49	314	0.0816168	2.50572	2.0251e-06	2.48123e-05
600	74	54	80	91	28	211	0.192515	1.64758	3.14721e-06	1.63478e-05
601	96	78	171	202	52	508	0.0210815	3.85936	8.09404e-07	3.83941e-05
602	93	73	166	201	53	530	0.0189627	3.96528	7.49152e-07	3.95066e-05
603	78	58	89	98	22	566	0.0301358	3.50204	1.07299e-06	3.56053e-05
604	79	59	152	170	49	458	0.03326	3.4034	1.12855e-06	3.39311e-05
605	83	62	157	182	51	445	0.03296	3.41246	1.11793e-06	3.39177e-05
606	77	54	69	79	24	170	0.255861	1.36312	3.45208e-06	1.3492e-05
607	81	59	135	151	49	243	0.112188	2.18758	2.40474e-06	2.1435e-05
608	72	56	81	95	33	231	0.169534	1.7747	2.98996e-06	1.76363e-05
609	84	69	108	123	39	277	0.112462	2.18514	2.43603e-06	2.1661e-05
610	71	58	95	106	37	170	0.215956	1.53268	3.24282e-06	1.50161e-05
611	74	62	70	83	32	193	0.221897	1.50554	3.31512e-06	1.49399e-05
612	89	73	180	204	59	523	0.0192851	3.94842	7.57983e-07	3.9304e-05
613	75	62	111	123	43	208	0.159895	1.83324	2.87727e-06	1.79948e-05
614	70	60	81	93	31	202	0.199042	1.61424	3.18119e-06	1.59825e-05
615	92	78	167	183	62	364	0.0495071	3.00564	1.46889e-06	2.96704e-05
616	90	71	185	218	56	558	0.0147747	4.21484	6.19856e-07	4.19539e-05
617	88	70	148	168	59	369	0.0530277	2.93694	1.54254e-06	2.90893e-05
618	87	71	215	245	60	657	0.00752669	4.8893	3.66837e-07	4.87382e-05
619	85	67	139	165	50	332	0.0652584	2.7294	1.75898e-06	2.69541e-05
620	84	62	122	140	40	344	0.0718194	2.6336	1.88027e-06	2.61805e-05
621	83	70	184	207	48	736	0.00638656	5.05356	3.24378e-07	5.07907e-05
622	82	58	108	126	37	341	0.0796288	2.53038	2.0091e-06	2.52308e-05
623	81	70	141	155	46	389	0.051959	2.9573	1.52854e-06	2.94182e-05
624	80	61	136	149	45	467	0.0362462	3.31742	1.20424e-06	3.32239e-05
625	79	62	129	150	50	256	0.105652	2.2476	2.33167e-06	2.20692e-05
626	77	62	96	111	33	383	0.0706244	2.65038	1.87972e-06	2.66157e-05
627	76	61	138	150	38	406	0.0491637	3.0126	1.47684e-06	3.00392e-05
628	75	52	78	88	28	138	0.284666	1.25644	3.50132e-06	1.22998e-05
629	74	63	149	174	39	538	0.0215685	3.83652	8.28394e-07	3.84075e-05
630	72	58	111	130	45	286	0.102797	2.275	2.31645e-06	2.25343e-05
631	90	66	216	252	60	880	0.00230988	6.07056	1.40861e-07	6.0982e-05
632	69	52	60	65	28	79	0.444369	0.8111	3.49568e-06	7.86662e-06
633	67	54	116	130	35	307	0.0923564	2.3821	2.18424e-06	2.36501e-05
634	65	47	133	150	52	325	0.0743107	2.5995	1.91242e-06	2.57354e-05
635	87	65	102	124	33	355	0.0750786	2.58922	1.94167e-06	2.58618e-05
636	74	58	135	156	49	357	0.060787	2.80038	1.68832e-06	2.77744e-05
637	53	40	120	136	31	405	0.0539563	2.91958	1.5753e-06	2.91958e-05
638	102	70	113	129	43	213	0.150105	1.89642	2.79182e-06	1.85991e-05
639	78	64	139	161	42	551	0.0219019	3.82118	8.40256e-07	3.83645e-05
640	70	55	139	160	48	441	0.0386233	3.2539	1.25384e-06	3.24634e-05
641	63	47	79	90	20	256	0.154	1.8708	2.87709e-06	1.86824e-05
642	75	56	116	128	46	246	0.127653	2.05844	2.59085e-06	2.02961e-05
643	65	55	144	173	36	530	0.0226083	3.78944	8.57442e-07	3.7926e-05
644	64	51	70	79	29	105	0.356429	1.03162	3.57796e-06	1.00383e-05
645	84	67	87	96	37	195	0.202426	1.59738	3.19427e-06	1.57799e-05
646	71	58	141	159	53	305	0.0777684	2.55402	1.95827e-06	2.51808e-05
647	76	56	158	176	52	446	0.0340515	3.37988	1.14523e-06	3.36322e-05
648	88	69	132	151	44	401	0.0501178	2.99338	1.49501e-06	2.983e-05
649	98	75	99	106	39	156	0.231939	1.46128	3.31029e-06	1.42722e-05
650	95	78	144	162	47	338	0.0644955	2.74116	1.74806e-06	2.71035e-05
651	93	77	189	212	58	672	0.00857795	4.75856	4.08932e-07	4.76724e-05
652	91	74	167	190	48	593	0.0147354	4.2175	6.22322e-07	4.2233e-05
653	75	62	150	172	58	327	0.0640648	2.74786	1.7351e-06	2.70835e-05
654	81	65	130	138	48	257	0.113343	2.17734	2.43063e-06	2.1445e-05
655	86	73	99	111	36	242	0.144963	1.93128	2.77225e-06	1.91239e-05
656	84	61	120	137	37	357	0.0684905	2.68106	1.82883e-06	2.67019e-05
657	83	72	139	157	45	367	0.0574029	2.85766	1.62807e-06	2.83622e-05
658	82	69	161	183	49	630	0.0127498	4.36224	5.5849e-07	4.38038e-05
659	81	65	128	151	49	392	0.0524718	2.94748	1.54014e-06	2.93518e-05
660	80	59	115	132	47	224	0.139267	1.97136	2.69523e-06	1.93529e-05
661	79	64	136	161	46	386	0.0508091	2.97968	1.50382e-06	2.95975e-05
662	78	59	129	142	39	303	0.0874175	2.43706	2.10807e-06	2.41149e-05
663	77	58	156	185	41	688	0.00936665	4.6706	4.40218e-07	4.69984e-05
664	75	52	129	144	38	389	0.0556752	2.88822	1.60329e-06	2.87973e-05
665	80	63	149	171	49	462	0.0323843	3.43008	1.10755e-06	3.42001e-05
666	73	57	107	119	34	323	0.0912073	2.39462	2.17797e-06	2.38793e-05
667	71	62	129	146	49	276	0.0978343	2.32448	2.241e-06	2.29061e-05
668	69	52	113	133	36	368	0.0664012	2.71204	1.79685e-06	2.70605e-05
669	68	52	104	118	31	466	0.0442615	3.11764	1.39074e-06	3.14209e-05
670	81	66	124	139	37	420	0.0490498	3.01492	1.47945e-06	3.01622e-05
671	87	65	168	198	48	513	0.0210735	3.85974	8.09937e-07	3.8434e-05
672	59	45	124	138	42	375	0.0620919	2.77914	1.72086e-06	2.77147e-05
673	54	40	135	151	35	409	0.0481141	3.03418	1.4557e-06	3.02551e-05
674	93	71	122	138	50	264	0.109368	2.21304	2.38607e-06	2.18169e-05
675	78	57	103	120	33	281	0.112287	2.1867	2.43709e-06	2.17041e-05
676	84	66	117	135	39	365	0.0665834	2.7093	1.79869e-06	2.7014e-05
677	81	62	109	123	39	320	0.0903161	2.40444	2.16268e-06	2.39457e-05
678	89	70	203	223	56	736	0.00577602	5.15404	2.98585e-07	5.16938e-05
679	98	73	145	169	43	440	0.0366875	3.30532	1.20769e-06	3.29183e-05
680	81	65	118	136	42	298	0.0931187	2.37388	2.18927e-06	2.35106e-05
681	85	67	147	159	44	398	0.0483969	3.02832	1.45782e-06	3.01222e-05
682	71	62	115	130	43	219	0.14467	1.9333	2.74502e-06	1.89744e-05
683	91	71	123	134	36	291	0.0977228	2.32562	2.25014e-06	2.30257e-05
684	89	77	191	218	64	517	0.0182108	4.00574	7.24343e-07	3.97754e-05
685	75	58	121	131	41	263	0.114867	2.16398	2.45456e-06	2.13687e-05
686	80	66	103	123	36	280	0.110754	2.20044	2.4167e-06	2.18204e-05
687	95	75	127	148	42	463	0.0372263	3.29074	1.22679e-06	3.29549e-05
688	79	66	81	96	32	139	0.26934	1.31178	3.44876e-06	1.28045e-05
689	89	66	49	55	21	97	0.431667	0.8401	3.56494e-06	8.25854e-06
690	88	71	153	181	54	460	0.030725	3.48268	1.06487e-06	3.46583e-05
691	86	72	193	220	58	695	0.00725474	4.9261	3.57993e-07	4.9346e-05
692	85	68	193	219	58	613	0.011091	4.50162	4.98349e-07	4.49327e-05
693	84	67	224	258	63	787	0.00357446	5.63394	2.01526e-07	5.63793e-05
694	82	66	151	164	42	436	0.038638	3.25352	1.25278e-06	3.24235e-05
695	81	72	121	138	39	388	0.0581087	2.84544	1.6506e-06	2.84055e-05
696	80	66	122	138	36	444	0.0436724	3.13104	1.37048e-06	3.13809e-05
697	79	60	146	162	54	319	0.0710579	2.64426	1.85419e-06	2.6094e-05
698	78	63	124	142	46	267	0.105035	2.25346	2.332e-06	2.22021e-05
699	77	64	150	166	46	540	0.0224497	3.79648	8.54484e-07	3.80622e-05
700	76	55	109	122	42	247	0.13188	2.02586	2.63899e-06	2.00105e-05
701	74	65	109	123	36	256	0.125175	2.07804	2.57175e-06	2.05452e-05
702	73	55	137	158	46	592	0.0181073	4.01144	7.31057e-07	4.03736e-05
703	72	54	132	152	53	276	0.0942165	2.36216	2.19004e-06	2.32448e-05
704	70	50	85	102	28	236	0.158158	1.84416	2.89383e-06	1.82971e-05
705	69	55	118	131	39	288	0.101117	2.29148	2.29505e-06	2.2697e-05
706	66	46	87	106	28	276	0.125773	2.07328	2.59698e-06	2.06482e-05
707	63	46	99	118	29	341	0.0837315	2.48014	2.0748e-06	2.47792e-05
708	74	59	120	135	44	294	0.0956366	2.3472	2.22275e-06	2.32416e-05
709	91	71	185	211	55	626	0.0109143	4.51768	4.9302e-07	4.51718e-05
710	78	67	112	122	43	168	0.197314	1.62296	3.12012e-06	1.5813e-05
711	78	69	116	132	44	275	0.107372	2.23146	2.36891e-06	2.20627e-05
712	70	55	138	160	53	316	0.0730654	2.6164	1.88667e-06	2.58217e-05
713	72	56	91	100	32	202	0.190482	1.6582	3.11964e-06	1.63777e-05
714	81	60	88	100	29	206	0.186635	1.6786	3.09631e-06	1.65902e-05
715	65	50	103	117	36	349	0.0808904	2.51466	2.03422e-06	2.51479e-05
716	82	65	171	198	46	601	0.0134532	4.30854	5.79962e-07	4.31097e-05
717	85	62	100	121	39	261	0.123566	2.09098	2.55756e-06	2.06979e-05
718	71	60	130	149	46	307	0.0819685	2.50142	2.02647e-06	2.47226e-05
719	80	67	138	152	51	268	0.09814	2.32136	2.23953e-06	2.28197e-05
720	84	62	105	115	38	204	0.171598	1.7626	2.97391e-06	1.73306e-05
721	75	57	122	142	44	359	0.0656998	2.72266	1.77983e-06	2.70904e-05
722	66	51	109	122	37	282	0.110321	2.20436	2.41274e-06	2.18702e-05
723	94	73	178	210	61	572	0.0144653	4.236	6.11105e-07	4.22462e-05
724	91	72	218	242	75	555	0.0129035	4.35026	5.56774e-07	4.31492e-05
725	90	72	156	171	54	389	0.0469919	3.05778	1.42486e-06	3.03214e-05
726	88	72	199	234	58	627	0.00939836	4.66722	4.37242e-07	4.65233e-05
727	86	70	148	171	50	412	0.0417908	3.17508	1.31822e-06	3.15434e-05
728	68	59	110	127	43	238	0.133807	2.01136	2.65132e-06	1.98145e-05
729	84	61	127	144	46	302	0.0867678	2.44452	2.09758e-06	2.41747e-05
730	83	66	115	130	31	453	0.0438623	3.1267	1.37761e-06	3.14075e-05
731	81	64	118	130	45	303	0.0942598	2.3617	2.20922e-06	2.34375e-05
732	80	62	113	128	41	244	0.128962	2.04824	2.60371e-06	2.01898e-05
733	79	60	76	91	33	172	0.23488	1.44868	3.35306e-06	1.42756e-05
734	78	61	195	224	60	655	0.00867578	4.74722	4.11635e-07	4.74465e-05
735	77	60	110	123	38	251	0.128408	2.05254	2.60406e-06	2.02795e-05
736	76	61	94	110	39	214	0.168268	1.7822	2.9581e-06	1.75797e-05
737	75	62	100	114	45	161	0.215021	1.53702	3.22305e-06	1.49895e-05
738	73	56	87	97	34	181	0.216047	1.53226	3.26069e-06	1.50925e-05
739	87	73	159	193	47	562	0.0169372	4.07824	6.90282e-07	4.07552e-05
740	70	55	122	138	41	304	0.0891852	2.41704	2.1353e-06	2.39423e-05
741	69	59	121	137	39	432	0.0467211	3.06356	1.43372e-06	3.06869e-05
742	66	51	72	86	27	232	0.17848	1.72328	3.06653e-06	1.71814e-05
743	87	67	158	185	54	508	0.0234567	3.7526	8.78088e-07	3.74345e-05
744	74	61	146	165	47	391	0.0483011	3.0303	1.45333e-06	3.00889e-05
745	86	64	106	123	42	215	0.154287	1.86894	2.83374e-06	1.83667e-05
746	93	77	132	155	47	314	0.0761691	2.5748	1.93722e-06	2.54332e-05
747	78	62	108	123	36	300	0.100015	2.30244	2.28863e-06	2.2883e-05
748	77	63	168	189	48	613	0.0133904	4.31322	5.78989e-07	4.32392e-05
749	84	74	217	254	65	695	0.00585992	5.13962	3.0041e-07	5.12653e-05
750	73	59	91	100	32	206	0.186635	1.6786	3.09631e-06	1.65902e-05
751	77	54	141	159	36	495	0.0295102	3.52302	1.041e-06	3.52761e-05
752	97	77	143	164	49	334	0.0650031	2.73332	1.75534e-06	2.70039e-05
753	85	75	169	195	54	613	0.0128952	4.3509	5.61946e-07	4.35779e-05
754	71	53	122	141	44	487	0.0344178	3.36918	1.16453e-06	3.3835e-05
755	74	50	91	101	33	199	0.192207	1.64918	3.12812e-06	1.62747e-05
756	89	67	106	121	37	259	0.124833	2.08078	2.57051e-06	2.05917e-05
757	101	80	168	184	57	349	0.0531084	2.93542	1.53642e-06	2.89298e-05
758	97	78	117	137	47	234	0.128252	2.05376	2.58639e-06	2.01665e-05
759	94	69	93	108	35	295	0.112732	2.18274	2.45425e-06	2.17706e-05
760	92	73	103	111	37	213	0.168069	1.78338	2.95517e-06	1.75831e-05
761	90	69	131	147	42	315	0.0796861	2.52966	1.99492e-06	2.50348e-05
762	82	69	92	102	38	165	0.227169	1.48206	3.29955e-06	1.45246e-05
763	87	66	185	205	55	484	0.0233817	3.7558	8.71864e-07	3.72882e-05
764	85	74	148	174	60	405	0.0425013	3.15822	1.33203e-06	3.13408e-05
765	84	63	111	124	38	267	0.117605	2.14042	2.4916e-06	2.11861e-05
766	83	65	151	165	46	449	0.035933	3.3261	1.19192e-06	3.31707e-05
767	82	64	219	248	74	927	0.0018638	6.28514	1.17892e-07	6.32535e-05
768	81	57	137	154	39	457	0.0369637	3.29782	1.21887e-06	3.29748e-05
769	80	62	82	87	43	96	0.354886	1.03596	3.55302e-06	1.00117e-05
770	78	65	89	99	38	170	0.225661	1.48872	3.29938e-06	1.4621e-05
771	77	55	90	103	30	232	0.160407	1.83004	2.90995e-06	1.8141e-05
772	76	57	99	112	37	182	0.195624	1.63156	3.12849e-06	1.59924e-05
773	75	59	162	184	55	452	0.0314071	3.46072	1.08049e-06	3.44026e-05
774	74	64	68	80	23	191	0.228436	1.4765	3.34984e-06	1.46642e-05
775	72	52	119	143	54	300	0.0882096	2.42804	2.11808e-06	2.4012e-05
776	71	53	68	77	26	124	0.327601	1.11596	3.58231e-06	1.0935e-05
777	69	56	163	188	50	499	0.0241001	3.72554	8.9473e-07	3.71256e-05
778	74	62	108	120	36	270	0.118766	2.1306	2.5083e-06	2.11197e-05
779	87	61	119	136	37	343	0.074023	2.60338	1.91731e-06	2.59016e-05
780	62	50	93	104	27	295	0.1156	2.15762	2.49058e-06	2.15448e-05
781	74	59	141	160	42	434	0.040027	3.2182	1.28452e-06	3.20914e-05
782	84	70	129	146	41	473	0.0358225	3.32918	1.19552e-06	3.33734e-05
783	78	65	144	162	46	599	0.0170388	4.07226	6.98103e-07	4.09713e-05
784	82	65	207	242	66	703	0.00606597	5.10506	3.09443e-07	5.1013e-05
785	69	55	151	164	45	457	0.0347137	3.36062	1.16427e-06	3.35393e-05
786	87	64	166	187	53	506	0.0234014	3.75496	8.76174e-07	3.74411e-05
787	82	62	137	154	38	514	0.0276392	3.58852	9.95105e-07	3.60034e-05
788	79	59	126	143	43	360	0.0649563	2.73404	1.76681e-06	2.72e-05
789	85	71	187	210	55	540	0.0170296	4.0728	6.90482e-07	4.05459e-05
790	71	55	103	109	36	259	0.134604	2.00542	2.68054e-06	1.99143e-05
791	81	63	149	162	45	549	0.021988	3.81726	8.42461e-07	3.83146e-05
792	76	62	106	127	30	336	0.081174	2.51116	2.0311e-06	2.50216e-05
793	75	63	155	175	62	293	0.0747729	2.5933	1.9027e-06	2.54464e-05
794	77	64	109	123	37	305	0.0974964	2.32794	2.25691e-06	2.31487e-05
795	83	65	131	140	39	346	0.0710906	2.6438	1.86874e-06	2.62868e-05
796	79	69	139	153	52	300	0.0828404	2.49084	2.03592e-06	2.45764e-05
797	90	73	105	120	46	174	0.193786	1.641	3.10424e-06	1.60189e-05
798	89	78	163	180	53	469	0.0295314	3.5223	1.03596e-06	3.508e-05
799	87	65	177	197	43	753	0.00623573	5.07746	3.18829e-07	5.11295e-05
800	86	69	160	182	58	438	0.0341579	3.37676	1.14586e-06	3.35458e-05
801	84	63	120	136	43	282	0.101036	2.29228	2.28952e-06	2.26604e-05
802	86	68	185	196	60	423	0.0337701	3.38818	1.13262e-06	3.35391e-05
803	82	65	96	103	39	159	0.232762	1.45774	3.31971e-06	1.42623e-05
804	81	64	172	198	59	466	0.0267816	3.62004	9.62442e-07	3.59367e-05
805	80	57	112	120	41	247	0.133547	2.0133	2.65727e-06	1.98976e-05
806	79	62	77	88	32	150	0.267766	1.31764	3.46419e-06	1.29374e-05
807	78	65	171	208	43	1069	0.00116139	6.75814	7.96021e-08	6.85405e-05
808	76	61	106	119	43	185	0.184368	1.69082	3.05072e-06	1.65469e-05
809	75	55	123	138	40	261	0.111054	2.19774	2.40515e-06	2.16575e-05
810	74	53	115	128	36	270	0.112947	2.18084	2.4364e-06	2.15713e-05
811	73	58	75	86	34	180	0.232683	1.45808	3.35493e-06	1.44185e-05
812	71	56	113	123	34	284	0.108518	2.22084	2.39096e-06	2.20329e-05
813	92	70	213	250	58	802	0.00348182	5.6602	1.97505e-07	5.67247e-05
814	67	60	94	105	29	232	0.158405	1.8426	2.89151e-06	1.82539e-05
815	65	51	59	67	24	124	0.348834	1.05316	3.61758e-06	1.03705e-05
816	74	50	56	63	19	144	0.32302	1.13004	3.62021e-06	1.12074e-05
817	87	66	96	106	37	223	0.164807	1.80298	2.93886e-06	1.78321e-05
818	93	73	154	171	58	287	0.0790575	2.53758	1.96867e-06	2.49018e-05
819	78	63	160	186	55	405	0.0394161	3.23358	1.26203e-06	3.20182e-05
820	76	58	140	158	38	474	0.0330531	3.40964	1.12724e-06	3.41039e-05
821	103	85	175	203	51	950	0.00219881	6.11984	1.36184e-07	6.19354e-05
822	80	69	137	161	43	554	0.0215694	3.83648	8.30936e-07	3.85239e-05
823	76	60	112	130	46	268	0.11268	2.1832	2.4314e-06	2.15779e-05
824	96	75	141	155	46	338	0.067394	2.6972	1.79998e-06	2.67084e-05
825	85	64	162	194	59	493	0.0239301	3.73262	8.88894e-07	3.71455e-05
826	71	50	67	76	28	124	0.329664	1.10968	3.58627e-06	1.08785e-05
827	78	56	95	104	30	204	0.183871	1.69352	3.07244e-06	1.67097e-05
828	89	70	190	221	58	633	0.00989051	4.61618	4.56034e-07	4.61082e-05
829	75	61	111	130	43	246	0.12606	2.071	2.57275e-06	2.0409e-05
830	80	61	95	117	30	359	0.0768684	2.56566	1.97392e-06	2.56792e-05
831	96	71	165	188	52	481	0.0264172	3.63374	9.55489e-07	3.61692e-05
832	93	69	174	206	54	588	0.013671	4.29248	5.86082e-07	4.28705e-05
833	91	72	181	203	56	512	0.0205265	3.88604	7.93616e-07	3.86631e-05
834	89	75	166	187	54	458	0.0298921	3.51016	1.04296e-06	3.48907e-05
835	87	63	118	134	37	416	0.0516575	2.96312	1.53254e-06	2.96674e-05
836	68	59	153	167	45	457	0.0340658	3.37946	1.14831e-06	3.37086e-05
837	85	67	186	213	56	470	0.0238818	3.73464	8.83528e-07	3.69959e-05
838	83	62	83	89	32	158	0.255452	1.36472	3.42788e-06	1.34189e-05
839	82	69	155	177	53	461	0.0313463	3.46266	1.081e-06	3.44856e-05
840	81	60	110	132	38	382	0.0622149	2.77716	1.72634e-06	2.7748e-05
841	80	60	149	169	40	560	0.0198943	3.91732	7.81733e-07	3.92942e-05
842	77	65	116	138	41	345	0.0723572	2.62614	1.89002e-06	2.61207e-05
843	78	63	167	189	63	336	0.0549946	2.90052	1.56852e-06	2.85214e-05
844	77	52	127	149	41	467	0.0362462	3.31742	1.20424e-06	3.32239e-05
845	76	61	76	92	24	284	0.131841	2.02616	2.67413e-06	2.0283e-05
846	74	63	195	223	54	852	0.00319669	5.74564	1.84952e-07	5.78573e-05
847	84	62	103	118	39	261	0.125916	2.07214	2.58488e-06	2.05286e-05
848	71	62	91	97	40	131	0.2788	1.27726	3.46712e-06	1.24359e-05
849	70	58	77	81	31	111	0.341373	1.07478	3.57419e-06	1.047e-05
850	68	53	117	130	38	301	0.0952262	2.3515	2.22175e-06	2.33313e-05
851	66	49	73	84	25	151	0.273181	1.29762	3.48708e-06	1.27647e-05
852	74	57	101	111	40	194	0.18517	1.68648	3.06892e-06	1.65735e-05
853	77	69	164	182	46	513	0.023301	3.75926	8.74504e-07	3.75308e-05
854	83	62	131	150	44	453	0.0386851	3.2523	1.25868e-06	3.25365e-05
855	78	62	123	139	35	385	0.0586352	2.83642	1.65952e-06	2.83025e-05
856	82	64	153	174	45	447	0.0343065	3.37242	1.15175e-06	3.35724e-05
857	79	63	154	174	52	350	0.0562629	2.87772	1.59891e-06	2.84185e-05
858	71	59	123	144	42	330	0.0752214	2.58732	1.93036e-06	2.56624e-05
859	79	66	101	117	29	426	0.0546197	2.90736	1.59703e-06	2.92391e-05
860	80	66	90	100	37	152	0.245809	1.4032	3.37275e-06	1.3721e-05
861	85	62	95	107	37	233	0.155632	1.86026	2.86673e-06	1.84199e-05
862	71	54	84	93	32	158	0.249115	1.38984	3.39909e-06	1.36447e-05
863	81	70	150	169	52	380	0.0498209	2.99932	1.48119e-06	2.97303e-05
864	86	72	105	119	47	165	0.204166	1.58882	3.16136e-06	1.54842e-05
865	104	82	226	251	67	765	0.0041786	5.47778	2.29051e-07	5.48152e-05
866	100	81	136	154	58	228	0.118847	2.12992	2.47288e-06	2.08073e-05
867	96	77	165	187	58	387	0.0429353	3.14806	1.33607e-06	3.11182e-05
868	94	83	139	152	51	357	0.0623333	2.77526	1.71719e-06	2.75486e-05
869	91	68	200	226	64	499	0.0189836	3.96418	7.45498e-07	3.92706e-05
870	76	62	86	95	34	135	0.276623	1.2851	3.46761e-06	1.25355e-05
871	88	61	77	91	27	167	0.240947	1.42318	3.37566e-06	1.401e-05
872	86	61	190	227	55	671	0.00784672	4.84766	3.80299e-07	4.8466e-05
873	85	70	133	154	47	380	0.0547422	2.90512	1.58115e-06	2.88835e-05
874	84	61	122	137	45	315	0.0848509	2.46686	2.07632e-06	2.44703e-05
875	83	64	159	177	53	383	0.0466604	3.06486	1.41573e-06	3.03412e-05
876	69	57	105	114	33	363	0.0767486	2.56722	1.97416e-06	2.57224e-05
877	80	63	99	112	41	219	0.161984	1.82026	2.90895e-06	1.79583e-05
878	79	58	144	162	42	470	0.0328975	3.41436	1.12237e-06	3.41171e-05
879	78	63	132	159	43	380	0.05305	2.93652	1.54725e-06	2.91658e-05
880	77	55	109	121	39	225	0.148469	1.90738	2.78901e-06	1.87851e-05
881	76	66	189	216	50	836	0.00362435	5.62008	2.05182e-07	5.6612e-05
882	75	56	113	131	38	297	0.0965803	2.33738	2.23827e-06	2.31752e-05
883	73	61	136	162	38	574	0.0193559	3.94476	7.67324e-07	3.9643e-05
884	72	59	109	122	32	369	0.0707884	2.64806	1.87538e-06	2.64928e-05
885	70	52	97	115	31	262	0.127658	2.0584	2.6058e-06	2.04124e-05
886	78	61	87	95	31	305	0.11624	2.1521	2.50708e-06	2.15681e-05
887	88	71	155	175	57	354	0.0547816	2.9044	1.57155e-06	2.86875e-05
888	64	49	103	115	38	233	0.148006	1.9105	2.7931e-06	1.88715e-05
889	71	50	130	145	40	433	0.0442058	3.1189	1.37885e-06	3.11916e-05
890	93	71	81	88	35	153	0.263701	1.33294	3.45363e-06	1.30968e-05
891	78	65	110	129	36	427	0.0503972	2.98782	1.51038e-06	2.99696e-05
892	79	64	108	119	37	298	0.10361	2.26712	2.33651e-06	2.2551e-05
893	103	82	143	162	41	521	0.0253631	3.67446	9.34044e-07	3.68269e-05
894	85	63	156	180	39	685	0.00981444	4.6239	4.56929e-07	4.65568e-05
895	77	63	137	157	50	390	0.0510495	2.97496	1.51026e-06	2.95842e-05
896	76	64	165	191	55	431	0.0334541	3.39758	1.1268e-06	3.36819e-05
897	85	60	122	136	40	304	0.0903124	2.40448	2.15209e-06	2.38294e-05
898	71	53	100	115	39	189	0.185241	1.6861	3.0627e-06	1.65336e-05
899	77	63	139	154	52	298	0.0831657	2.48692	2.03977e-06	2.45266e-05
900	89	74	154	182	50	531	0.0212572	3.85106	8.1813e-07	3.84872e-05
901	76	60	111	131	37	294	0.0980694	2.32208	2.25715e-06	2.30158e-05
902	87	66	93	112	40	212	0.167871	1.78456	2.95224e-06	1.75864e-05
903	96	76	157	179	51	390	0.044462	3.11312	1.37059e-06	3.08261e-05
904	79	58	157	188	51	630	0.0123557	4.39364	5.44713e-07	4.40861e-05
905	92	76	99	114	41	217	0.161602	1.82262	2.90317e-06	1.79649e-05
906	90	74	113	132	37	331	0.0806965	2.51706	2.02049e-06	2.50382e-05
907	88	70	135	153	48	334	0.0696523	2.66424	1.83763e-06	2.6383e-05
908	87	72	128	141	44	345	0.0710068	2.64498	1.86677e-06	2.62901e-05
909	85	67	143	156	52	367	0.0577646	2.85138	1.63507e-06	2.83057e-05
910	86	69	171	194	56	520	0.0208517	3.87032	8.0446e-07	3.85801e-05
911	83	64	143	176	45	531	0.0220734	3.81338	8.42069e-07	3.81485e-05
912	82	62	140	171	46	525	0.0234853	3.75138	8.81814e-07	3.75475e-05
913	81	71	187	217	59	640	0.00978642	4.62676	4.52665e-07	4.62544e-05
914	79	63	105	114	41	208	0.169192	1.77672	2.95862e-06	1.74867e-05
915	78	61	132	152	40	546	0.0237741	3.73916	8.93685e-07	3.75908e-05
916	65	48	90	98	32	239	0.159719	1.83434	2.91179e-06	1.82307e-05
917	76	62	162	182	53	391	0.0434102	3.13706	1.34782e-06	3.10485e-05
918	75	58	103	117	40	280	0.115007	2.16276	2.47055e-06	2.14817e-05
919	74	55	129	147	41	372	0.0595845	2.82036	1.67214e-06	2.80633e-05
920	72	55	75	86	32	147	0.275331	1.28978	3.48709e-06	1.26651e-05
921	70	57	104	118	34	299	0.103732	2.26594	2.33892e-06	2.25476e-05
922	69	57	82	92	31	177	0.227533	1.48046	3.32147e-06	1.45978e-05
923	67	58	141	154	49	312	0.0774347	2.55832	1.95681e-06	2.52705e-05
924	64	55	133	148	49	276	0.0966132	2.33704	2.22394e-06	2.3019e-05
925	85	67	198	220	68	605	0.0114806	4.4671	5.1162e-07	4.45641e-05
926	73	58	102	116	37	353	0.0797563	2.52878	2.01815e-06	2.53039e-05
927	78	60	156	173	50	374	0.0500947	2.99384	1.48467e-06	2.96373e-05
928	65	51	130	147	47	338	0.0708663	2.64696	1.86072e-06	2.62568e-05
929	81	65	123	143	45	260	0.108171	2.22404	2.3675e-06	2.18866e-05
930	81	66	102	124	38	243	0.132918	2.01802	2.64652e-06	1.99109e-05
931	96	72	152	169	45	514	0.0251545	3.68272	9.26945e-07	3.68501e-05
932	91	73	196	220	70	477	0.0220531	3.8143	8.32793e-07	3.7763e-05
933	85	62	117	125	36	269	0.115683	2.1569	2.46969e-06	2.13488e-05
934	71	56	107	115	39	279	0.117056	2.1451	2.49513e-06	2.13156e-05
935	82	67	126	136	45	242	0.1239	2.08828	2.5443e-06	2.05351e-05
936	86	66	161	176	54	670	0.0108642	4.52228	4.94692e-07	4.5534e-05
937	76	59	115	135	38	401	0.0554153	2.8929	1.60299e-06	2.89268e-05
938	75	59	85	101	38	151	0.245519	1.40438	3.36958e-06	1.37243e-05
939	98	76	196	225	58	744	0.00547589	5.2074	2.86016e-07	5.22318e-05
940	95	78	224	253	66	699	0.00577776	5.15374	2.971e-07	5.14213e-05
941	92	78	181	209	59	581	0.0139034	4.27562	5.93231e-07	4.26679e-05
942	90	80	205	243	66	604	0.00998731	4.60644	4.57511e-07	4.58092e-05
943	89	67	159	181	43	640	0.012269	4.40068	5.42563e-07	4.42223e-05
944	68	53	102	113	42	184	0.192427	1.64804	3.10867e-06	1.61551e-05
945	86	67	94	102	32	194	0.195937	1.62996	3.14783e-06	1.60655e-05
946	84	64	113	126	42	285	0.105951	2.24478	2.35797e-06	2.22554e-05
947	83	65	181	199	64	459	0.0275812	3.59062	9.82477e-07	3.56212e-05
948	82	64	71	83	29	130	0.305979	1.18424	3.54705e-06	1.15925e-05
949	81	67	131	144	39	410	0.0500206	2.99532	1.49627e-06	2.99131e-05
950	77	53	114	129	32	341	0.0781426	2.54922	1.98483e-06	2.54002e-05
951	79	56	103	118	43	186	0.184586	1.68964	3.05371e-06	1.65436e-05
952	78	61	114	127	42	275	0.110797	2.20006	2.4132e-06	2.17805e-05
953	76	63	82	91	32	179	0.226643	1.48438	3.31977e-06	1.46476e-05
954	75	56	102	127	30	426	0.0512951	2.97016	1.52878e-06	2.98036e-05
955	74	58	73	79	30	155	0.276203	1.28662	3.5064e-06	1.2695e-05
956	73	61	146	169	50	530	0.0231834	3.76432	8.74019e-07	3.77002e-05
957	71	58	88	108	32	295	0.112732	2.18274	2.45425e-06	2.17706e-05
958	69	55	117	133	45	262	0.114013	2.17144	2.44313e-06	2.14284e-05
959	67	50	166	193	32	960	0.00222491	6.10804	1.37727e-07	6.19023e-05
960	74	54	123	150	43	393	0.0525337	2.9463	1.54179e-06	2.93485e-05
961	62	49	82	98	23	300	0.117017	2.14544	2.51256e-06	2.14718e-05
962	58	49	91	104	32	256	0.141039	1.95872	2.7464e-06	1.94726e-05
963	78	60	147	176	50	444	0.0344006	3.36968	1.15331e-06	3.35259e-05
964	73	55	93	109	35	197	0.184664	1.68922	3.06911e-06	1.662e-05
965	104	77	164	187	47	589	0.0153252	4.17826	6.41375e-07	4.18512e-05
966	81	65	98	114	37	185	0.190249	1.65942	3.09434e-06	1.62647e-05
967	77	59	162	177	61	331	0.0608307	2.79966	1.67761e-06	2.75783e-05
968	85	70	125	143	45	309	0.0842523	2.47394	2.06335e-06	2.44902e-05
969	85	65	181	213	56	682	0.00810041	4.81584	3.90927e-07	4.82602e-05
970	72	61	111	122	34	350	0.0779911	2.55116	1.98747e-06	2.54832e-05
971	76	61	57	64	25	83	0.438139	0.82522	3.51506e-06	8.0227e-06
972	89	71	150	171	50	387	0.0474737	3.04758	1.43442e-06	3.02151e-05
973	76	58	164	191	56	467	0.0278428	3.58118	9.91057e-07	3.55947e-05
974	77	63	113	129	40	327	0.083926	2.47782	2.0693e-06	2.46563e-05
975	96	77	137	153	48	402	0.0492404	3.01104	1.47702e-06	2.9996e-05
976	95	76	175	205	62	423	0.0319143	3.4447	1.08659e-06	3.40471e-05
977	85	63	101	115	33	277	0.118256	2.1349	2.50814e-06	2.12094e-05
978	74	58	89	100	28	275	0.13127	2.0305	2.65905e-06	2.02564e-05
979	89	65	161	177	50	445	0.0340114	3.38106	1.14399e-06	3.36355e-05
980	87	62	144	168	50	359	0.0558023	2.88594	1.5936e-06	2.8558e-05
981	86	68	153	172	43	704	0.00936702	4.67056	4.41325e-07	4.71148e-05
982	85	63	134	154	47	347	0.064776	2.73682	1.75738e-06	2.71302e-05
983	83	64	94	108	36	245	0.145477	1.92774	2.78064e-06	1.9114e-05
984	97	77	147	167	49	391	0.0476983	3.04286	1.44058e-06	3.02018e-05
985	81	69	116	134	40	289	0.0987247	2.31542	2.26272e-06	2.29195e-05
986	80	61	128	139	47	238	0.124093	2.08672	2.54291e-06	2.04919e-05
987	79	59	93	109	36	278	0.122173	2.10232	2.55632e-06	2.09238e-05
988	78	60	129	148	46	301	0.085048	2.46454	2.07069e-06	2.43473e-05
989	77	54	64	73	23	163	0.275342	1.28974	3.51926e-06	1.27814e-05
990	71	53	170	205	50	612	0.0121722	4.4086	5.36664e-07	4.40893e-05
991	74	56	114	135	46	280	0.102715	2.2758	2.31085e-06	2.24977e-05
992	73	64	156	177	52	453	0.0326516	3.42186	1.11213e-06	3.40606e-05
993	71	50	118	129	34	354	0.0731298	2.61552	1.90802e-06	2.60909e-05
994	70	55	81	88	33	107	0.333424	1.09834	3.55185e-06	1.06526e-05
995	88	66	174	205	55	612	0.0121722	4.4086	5.36664e-07	4.40893e-05
996	66	53	86	100	25	217	0.176453	1.7347	3.03052e-06	1.71747e-05
997	63	46	98	108	36	204	0.17931	1.71864	3.0367e-06	1.69355e-05
998	81	64	69	81	28	132	0.306702	1.18188	3.5534e-06	1.15858e-05
999	78	66	132	152	45	323	0.0741356	2.60186	1.9084e-06	2.57421e-05
1000	77	66	93	105	35	195	0.191302	1.6539	3.11593e-06	1.6288e-05