Hist	Tr_Tot	Tr_in	DSBs	DSBt	RIFs	NComb	PSurv	lPSurv	PMut*	PMut
1	37	30	15	15	13	2	0.900865	0.1044	8.58507e-07	9.5298e-07
2	36	29	16	16	7	16	0.833535	0.18208	1.46143e-06	1.75329e-06
3	35	29	16	17	10	10	0.854055	0.15776	1.27335e-06	1.49094e-06
4	31	26	28	28	13	27	0.730855	0.31354	2.20362e-06	3.01513e-06
5	34	26	8	8	7	1	0.946163	0.05534	4.77542e-07	5.04714e-07
6	33	23	20	20	9	27	0.768511	0.2633	1.97012e-06	2.56355e-06
7	32	29	29	30	12	47	0.651746	0.4281	2.73127e-06	4.19069e-06
8	32	25	16	16	8	10	0.859435	0.15148	1.23285e-06	1.43449e-06
9	31	24	15	16	9	11	0.855063	0.15658	1.27201e-06	1.48763e-06
10	35	27	27	27	13	25	0.742999	0.29706	2.11934e-06	2.85242e-06
11	30	25	12	13	9	7	0.889283	0.11734	9.83326e-07	1.10575e-06
12	29	21	15	17	9	12	0.845388	0.16796	1.35026e-06	1.59721e-06
13	28	22	15	15	8	7	0.878183	0.1299	1.07019e-06	1.21865e-06
14	27	15	8	9	5	5	0.921254	0.08202	7.12769e-07	7.73694e-07
15	31	19	19	20	9	21	0.792391	0.2327	1.77872e-06	2.24475e-06
16	43	36	27	28	13	39	0.687468	0.37474	2.51113e-06	3.65273e-06
17	24	21	11	12	8	5	0.90406	0.10086	8.52562e-07	9.43037e-07
18	22	15	14	14	6	12	0.861466	0.14912	1.23006e-06	1.42786e-06
19	29	26	5	5	5	0	0.969088	0.0314	2.73513e-07	2.82238e-07
20	34	30	23	25	11	23	0.760104	0.2743	2.00155e-06	2.63325e-06
21	35	27	9	9	5	7	0.911905	0.09222	8.0244e-07	8.79961e-07
22	34	24	17	18	8	23	0.794264	0.23034	1.77766e-06	2.23812e-06
23	36	29	22	25	9	35	0.714981	0.3355	2.3386e-06	3.27085e-06
24	30	25	18	19	10	14	0.826364	0.19072	1.50098e-06	1.81637e-06
25	27	20	13	14	6	15	0.848386	0.16442	1.34661e-06	1.58726e-06
26	23	17	11	12	4	15	0.859109	0.15186	1.26664e-06	1.47437e-06
27	30	25	9	9	5	5	0.921254	0.08202	7.12769e-07	7.73694e-07
28	37	27	5	5	4	1	0.964158	0.0365	3.23351e-07	3.35371e-07
29	37	27	11	11	7	5	0.909755	0.09458	8.06579e-07	8.8659e-07
30	32	26	24	27	11	40	0.68828	0.37356	2.51182e-06	3.64941e-06
31	28	18	15	15	4	28	0.788991	0.237	1.84186e-06	2.33444e-06
32	25	18	5	5	3	3	0.954374	0.0467	4.21487e-07	4.41638e-07
33	34	24	18	19	8	24	0.785276	0.24172	1.84359e-06	2.3477e-06
34	41	28	11	12	7	7	0.894885	0.11106	9.39006e-07	1.0493e-06
35	40	30	22	24	7	50	0.666497	0.40572	2.67359e-06	4.0114e-06
36	39	33	32	32	19	19	0.742405	0.29786	2.0905e-06	2.81585e-06
37	37	27	14	14	8	10	0.870298	0.13892	1.15018e-06	1.3216e-06
38	36	26	9	10	4	12	0.88338	0.124	1.06189e-06	1.20207e-06
39	36	27	18	18	6	37	0.73953	0.30174	2.20527e-06	2.98199e-06
40	35	22	15	17	8	20	0.81159	0.20876	1.64126e-06	2.02227e-06
41	34	28	27	30	13	43	0.665178	0.4077	2.64618e-06	3.97816e-06
42	33	26	21	21	6	40	0.714709	0.33588	2.36621e-06	3.31073e-06
43	33	22	10	10	7	3	0.924872	0.0781	6.69492e-07	7.23876e-07
44	32	30	18	20	11	15	0.817013	0.2021	1.57353e-06	1.92595e-06
45	31	24	11	11	7	4	0.914407	0.08948	7.62118e-07	8.33456e-07
46	30	26	10	10	6	5	0.915486	0.0883	7.59984e-07	8.30142e-07
47	30	23	7	8	6	3	0.936562	0.06554	5.72221e-07	6.1098e-07
48	29	24	19	21	9	24	0.775475	0.25428	1.90813e-06	2.4606e-06
49	28	21	20	22	9	43	0.699451	0.35746	2.46667e-06	3.52657e-06
50	39	31	10	11	5	8	0.895942	0.10988	9.37145e-07	1.04599e-06
51	26	21	15	16	8	12	0.850713	0.16168	1.31075e-06	1.54076e-06
52	25	20	9	10	7	4	0.920167	0.0832	7.14978e-07	7.77009e-07
53	24	19	24	27	8	49	0.657402	0.41946	2.7135e-06	4.12761e-06
54	35	27	21	21	11	18	0.799571	0.22368	1.71252e-06	2.1418e-06
55	37	25	18	19	8	28	0.769419	0.26212	1.96989e-06	2.56023e-06
56	19	15	8	8	5	4	0.931797	0.07064	6.18819e-07	6.64114e-07
57	25	24	29	29	12	32	0.707994	0.34532	2.36275e-06	3.33724e-06
58	41	29	15	17	8	12	0.845388	0.16796	1.35026e-06	1.59721e-06
59	36	31	26	27	11	64	0.608986	0.49596	2.99902e-06	4.92461e-06
60	31	28	15	16	8	15	0.837797	0.17698	1.42439e-06	1.70016e-06
61	29	26	16	16	10	7	0.872686	0.13618	1.11276e-06	1.27509e-06
62	33	25	19	21	9	18	0.799571	0.22368	1.71252e-06	2.1418e-06
63	30	25	14	14	9	7	0.883716	0.12362	1.02705e-06	1.1622e-06
64	25	19	13	13	8	9	0.880258	0.12754	1.06689e-06	1.21202e-06
65	26	20	10	10	5	15	0.869967	0.1393	1.18444e-06	1.36147e-06
66	32	26	16	16	9	8	0.868246	0.14128	1.15323e-06	1.32823e-06
67	22	21	18	18	8	17	0.818944	0.19974	1.57182e-06	1.91932e-06
68	47	36	12	12	7	9	0.885804	0.12126	1.02361e-06	1.15557e-06
69	44	36	32	32	15	35	0.684231	0.37946	2.50838e-06	3.66599e-06
70	42	28	24	25	10	24	0.756237	0.2794	2.03155e-06	2.68639e-06
71	40	24	39	39	14	48	0.612798	0.48972	2.91192e-06	4.75185e-06
72	37	25	4	4	3	1	0.970232	0.03022	2.70621e-07	2.78924e-07
73	29	18	12	12	8	5	0.90406	0.10086	8.52562e-07	9.43037e-07
74	37	29	15	15	10	6	0.882673	0.1248	1.02877e-06	1.16551e-06
75	36	28	18	19	12	8	0.852042	0.16012	1.27599e-06	1.49757e-06
76	35	29	21	21	10	27	0.7637	0.26958	2.00089e-06	2.62e-06
77	34	29	19	19	10	12	0.834836	0.18052	1.42766e-06	1.7101e-06
78	33	25	20	20	13	9	0.8424	0.1715	1.35386e-06	1.60715e-06
79	33	24	17	18	6	28	0.774266	0.25584	1.9386e-06	2.50379e-06
80	32	27	25	26	9	37	0.703294	0.35198	2.41481e-06	3.43357e-06
81	31	20	11	11	5	9	0.891384	0.11498	9.7974e-07	1.09912e-06
82	31	26	4	5	2	6	0.939883	0.062	5.64905e-07	6.01037e-07
83	30	21	5	5	4	1	0.964158	0.0365	3.23351e-07	3.35371e-07
84	31	24	19	20	5	63	0.639608	0.4469	2.8631e-06	4.47634e-06
85	28	22	21	23	9	31	0.738939	0.30254	2.17649e-06	2.94542e-06
86	27	20	6	6	4	3	0.948399	0.05298	4.72383e-07	4.98085e-07
87	27	20	21	21	9	26	0.767605	0.26448	1.97034e-06	2.56686e-06
88	26	19	17	18	8	20	0.806509	0.21504	1.67651e-06	2.07872e-06
89	32	23	17	17	7	20	0.81159	0.20876	1.64126e-06	2.02227e-06
90	20	16	12	12	6	10	0.881298	0.12636	1.06523e-06	1.2087e-06
91	21	16	6	6	4	3	0.948399	0.05298	4.72383e-07	4.98085e-07
92	34	26	9	9	7	3	0.930698	0.07182	6.21174e-07	6.67428e-07
93	31	24	9	9	7	2	0.935457	0.06672	5.74646e-07	6.14295e-07
94	21	19	5	5	3	2	0.959253	0.0416	3.72674e-07	3.88504e-07
95	36	26	11	12	7	6	0.899461	0.10596	8.96016e-07	9.9617e-07
96	32	16	6	6	5	1	0.958122	0.04278	3.7541e-07	3.91819e-07
97	38	33	21	22	11	23	0.77456	0.25546	1.90845e-06	2.46391e-06
98	36	29	29	31	12	41	0.667791	0.40378	2.62331e-06	3.92834e-06
99	30	24	9	10	7	4	0.920167	0.0832	7.14978e-07	7.77009e-07
100	34	26	17	18	7	30	0.766408	0.26604	2.00037e-06	2.61005e-06
101	27	20	19	19	10	15	0.82216	0.19582	1.53703e-06	1.8695e-06
102	32	26	10	11	5	12	0.87785	0.13028	1.10479e-06	1.25852e-06
103	41	30	25	25	11	27	0.744755	0.2947	2.11941e-06	2.84579e-06
104	32	24	11	13	6	11	0.871325	0.13774	1.14865e-06	1.31828e-06
105	34	28	24	24	10	26	0.753279	0.28332	2.06113e-06	2.73621e-06
106	26	21	4	4	4	0	0.975193	0.02512	2.20189e-07	2.2579e-07
107	38	31	12	12	7	8	0.890333	0.11616	9.81536e-07	1.10244e-06
108	39	30	14	14	10	5	0.892776	0.11342	9.42711e-07	1.05593e-06
109	38	31	17	17	10	10	0.854055	0.15776	1.27335e-06	1.49094e-06
110	37	29	32	33	16	32	0.69043	0.37044	2.46003e-06	3.56303e-06
111	36	26	17	17	9	17	0.824103	0.19346	1.5352e-06	1.86287e-06
112	35	27	14	14	9	5	0.892776	0.11342	9.42711e-07	1.05593e-06
113	34	26	21	22	7	26	0.7628	0.27076	2.00106e-06	2.62331e-06
114	34	32	27	27	10	68	0.596689	0.51636	3.06527e-06	5.13714e-06
115	33	24	25	25	11	37	0.707725	0.3457	2.39007e-06	3.37712e-06
116	32	30	21	22	11	18	0.794565	0.22996	1.74665e-06	2.19824e-06
117	31	20	15	16	8	15	0.837797	0.17698	1.42439e-06	1.70016e-06
118	31	25	27	28	9	113	0.471357	0.75214	3.57505e-06	7.58458e-06
119	30	22	19	20	7	28	0.764602	0.2684	2.00072e-06	2.61668e-06
120	29	24	14	14	6	16	0.84407	0.16952	1.38461e-06	1.6404e-06
121	29	24	11	11	5	10	0.886849	0.12008	1.02188e-06	1.15226e-06
122	28	22	16	17	8	14	0.836809	0.17816	1.42548e-06	1.70347e-06
123	27	23	9	9	5	5	0.921254	0.08202	7.12769e-07	7.73694e-07
124	26	20	11	12	7	6	0.899461	0.10596	8.96016e-07	9.9617e-07
125	25	19	9	9	5	7	0.911905	0.09222	8.0244e-07	8.79961e-07
126	23	18	15	16	5	25	0.79614	0.22798	1.77658e-06	2.23149e-06
127	41	32	38	39	13	58	0.582329	0.54072	3.07655e-06	5.28318e-06
128	34	28	17	18	9	14	0.83157	0.18444	1.4635e-06	1.75992e-06
129	25	17	3	3	3	0	0.981336	0.01884	1.66182e-07	1.69343e-07
130	37	23	9	9	6	4	0.925964	0.07692	6.67214e-07	7.20561e-07
131	36	29	29	30	15	25	0.729132	0.3159	2.20326e-06	3.02176e-06
132	31	18	6	6	5	1	0.958122	0.04278	3.7541e-07	3.91819e-07
133	29	21	16	17	9	13	0.841087	0.17306	1.38808e-06	1.65034e-06
134	21	16	8	8	5	4	0.931797	0.07064	6.18819e-07	6.64114e-07
135	30	21	18	20	11	16	0.812857	0.2072	1.60871e-06	1.97908e-06
136	33	25	6	6	3	4	0.943574	0.05808	5.20116e-07	5.51218e-07
137	35	23	21	21	7	23	0.77944	0.24918	1.87647e-06	2.40746e-06
138	32	22	9	9	5	7	0.911905	0.09222	8.0244e-07	8.79961e-07
139	22	16	14	14	9	6	0.888234	0.11852	9.8511e-07	1.10907e-06
140	45	33	18	21	11	16	0.807768	0.21348	1.64424e-06	2.03553e-06
141	34	26	24	25	12	32	0.726004	0.3202	2.25893e-06	3.11145e-06
142	43	33	22	24	10	36	0.715825	0.33432	2.33898e-06	3.26754e-06
143	41	34	30	30	12	46	0.655079	0.423	2.71042e-06	4.13756e-06
144	40	34	8	8	3	11	0.899119	0.10634	9.31529e-07	1.03605e-06
145	38	29	32	34	16	34	0.679145	0.38692	2.53032e-06	3.72575e-06
146	37	29	28	28	12	27	0.730855	0.31354	2.20362e-06	3.01513e-06
147	41	30	15	15	12	3	0.896282	0.1095	9.01762e-07	1.00611e-06
148	35	25	17	17	9	13	0.841087	0.17306	1.38808e-06	1.65034e-06
149	35	26	11	11	8	6	0.905127	0.09968	8.50568e-07	9.39723e-07
150	34	26	20	20	10	19	0.800515	0.2225	1.71189e-06	2.13848e-06
151	33	25	14	16	8	12	0.850713	0.16168	1.31075e-06	1.54076e-06
152	32	26	11	12	6	10	0.881298	0.12636	1.06523e-06	1.2087e-06
153	32	24	16	16	11	6	0.877148	0.13108	1.07184e-06	1.22196e-06
154	31	24	9	9	6	4	0.925964	0.07692	6.67214e-07	7.20561e-07
155	30	25	20	20	9	22	0.78836	0.2378	1.81156e-06	2.29788e-06
156	29	25	20	20	9	19	0.800515	0.2225	1.71189e-06	2.13848e-06
157	29	24	11	12	7	7	0.894885	0.11106	9.39006e-07	1.0493e-06
158	29	24	10	10	6	5	0.915486	0.0883	7.59984e-07	8.30142e-07
159	27	20	6	6	5	1	0.958122	0.04278	3.7541e-07	3.91819e-07
160	26	20	1	1	1	0	0.99374	0.00628	5.60942e-08	5.64476e-08
161	25	21	15	15	5	24	0.805252	0.2166	1.70867e-06	2.12191e-06
162	24	17	23	24	6	87	0.551883	0.59442	3.29878e-06	5.97733e-06
163	35	24	30	31	11	42	0.664394	0.40888	2.64526e-06	3.98147e-06
164	34	25	33	33	14	56	0.610889	0.49284	2.95562e-06	4.83823e-06
165	33	28	12	13	9	5	0.8984	0.10714	8.97937e-07	9.99485e-07
166	38	30	19	20	11	13	0.825389	0.1919	1.50195e-06	1.81968e-06
167	36	26	21	22	13	13	0.815087	0.20446	1.57522e-06	1.93258e-06
168	28	25	26	27	12	39	0.691799	0.36846	2.4879e-06	3.59628e-06
169	27	20	10	10	5	9	0.896999	0.1087	9.35279e-07	1.04267e-06
170	32	26	9	10	6	6	0.910829	0.0934	8.04513e-07	8.83275e-07
171	29	23	16	16	7	14	0.84208	0.17188	1.38693e-06	1.64703e-06
172	35	28	15	18	6	37	0.73953	0.30174	2.20527e-06	2.98199e-06
173	45	39	19	20	10	20	0.796443	0.2276	1.7455e-06	2.19162e-06
174	31	21	14	14	8	9	0.874748	0.13382	1.10959e-06	1.26847e-06
175	28	19	11	11	5	10	0.886849	0.12008	1.02188e-06	1.15226e-06
176	49	40	36	38	17	47	0.619811	0.47834	2.87733e-06	4.64227e-06
177	34	22	17	17	10	11	0.84971	0.16286	1.31202e-06	1.54407e-06
178	43	35	27	27	13	21	0.758312	0.27666	2.00186e-06	2.63988e-06
179	41	28	24	24	8	36	0.715825	0.33432	2.33898e-06	3.26754e-06
180	37	31	16	17	8	14	0.836809	0.17816	1.42548e-06	1.70347e-06
181	29	25	13	13	9	7	0.889283	0.11734	9.83326e-07	1.10575e-06
182	37	22	11	11	7	4	0.914407	0.08948	7.62118e-07	8.33456e-07
183	36	28	12	12	8	5	0.90406	0.10086	8.52562e-07	9.43037e-07
184	36	24	17	17	7	21	0.807461	0.21386	1.67581e-06	2.07541e-06
185	35	28	18	18	9	15	0.82734	0.18954	1.50001e-06	1.81305e-06
186	34	27	15	16	9	14	0.84208	0.17188	1.38693e-06	1.64703e-06
187	33	25	5	5	4	1	0.964158	0.0365	3.23351e-07	3.35371e-07
188	33	27	20	20	11	13	0.825389	0.1919	1.50195e-06	1.81968e-06
189	32	21	8	9	4	8	0.907266	0.09732	8.46564e-07	9.33094e-07
190	31	20	11	11	6	9	0.891384	0.11498	9.7974e-07	1.09912e-06
191	30	25	20	20	10	18	0.804608	0.2174	1.67789e-06	2.08535e-06
192	30	25	16	16	8	18	0.825076	0.19228	1.53428e-06	1.85956e-06
193	29	24	16	16	6	18	0.825076	0.19228	1.53428e-06	1.85956e-06
194	28	20	9	11	6	7	0.900523	0.10478	8.94089e-07	9.92856e-07
195	27	23	6	6	5	1	0.958122	0.04278	3.7541e-07	3.91819e-07
196	26	23	14	14	7	14	0.852723	0.15932	1.30819e-06	1.53413e-06
197	32	20	15	16	9	9	0.863829	0.14638	1.19326e-06	1.38136e-06
198	34	24	14	15	7	29	0.784978	0.2421	1.87419e-06	2.38758e-06
199	22	17	12	12	7	9	0.885804	0.12126	1.02361e-06	1.15557e-06
200	21	16	10	10	6	5	0.915486	0.0883	7.59984e-07	8.30142e-07
201	25	19	19	19	9	23	0.789291	0.23662	1.81108e-06	2.29457e-06
202	35	30	9	10	5	15	0.869967	0.1393	1.18444e-06	1.36147e-06
203	36	23	8	8	8	0	0.951001	0.05024	4.29454e-07	4.51581e-07
204	28	20	16	17	7	20	0.81159	0.20876	1.64126e-06	2.02227e-06
205	36	25	20	21	7	50	0.679173	0.38688	2.60942e-06	3.84206e-06
206	26	17	15	16	7	25	0.79614	0.22798	1.77658e-06	2.23149e-06
207	30	22	10	10	4	13	0.878886	0.1291	1.10318e-06	1.25521e-06
208	32	28	38	40	14	82	0.512016	0.6694	3.38689e-06	6.61483e-06
209	24	18	9	10	4	13	0.878886	0.1291	1.10318e-06	1.25521e-06
210	32	23	19	20	6	40	0.719211	0.3296	2.34052e-06	3.25428e-06
211	22	15	9	9	6	6	0.916567	0.08712	7.57843e-07	8.26828e-07
212	30	23	10	11	6	7	0.900523	0.10478	8.94089e-07	9.92856e-07
213	35	27	14	17	8	15	0.832552	0.18326	1.46247e-06	1.75661e-06
214	26	25	7	7	4	4	0.937667	0.06436	5.69789e-07	6.07666e-07
215	36	30	16	17	10	16	0.828316	0.18836	1.49904e-06	1.80974e-06
216	40	29	17	17	7	31	0.767313	0.26486	2.00019e-06	2.60674e-06
217	39	30	24	29	4	279	0.200886	1.60502	3.30681e-06	1.64611e-05
218	38	34	20	21	13	13	0.820222	0.19818	1.53884e-06	1.87613e-06
219	37	32	23	23	10	26	0.758024	0.27704	2.03132e-06	2.67976e-06
220	36	29	11	11	6	11	0.882338	0.12518	1.06356e-06	1.20539e-06
221	31	24	24	27	9	49	0.657402	0.41946	2.7135e-06	4.12761e-06
222	34	26	19	19	8	23	0.789291	0.23662	1.81108e-06	2.29457e-06
223	33	25	14	14	8	7	0.883716	0.12362	1.02705e-06	1.1622e-06
224	33	25	9	9	6	3	0.930698	0.07182	6.21174e-07	6.67428e-07
225	32	26	17	17	7	22	0.803354	0.21896	1.70997e-06	2.12854e-06
226	31	28	21	21	12	14	0.81605	0.20328	1.57438e-06	1.92926e-06
227	31	21	6	6	4	2	0.953248	0.04788	4.2415e-07	4.44952e-07
228	30	23	20	20	10	17	0.808722	0.2123	1.6435e-06	2.03222e-06
229	29	22	25	25	14	16	0.78773	0.2386	1.78131e-06	2.26132e-06
230	28	21	17	17	8	11	0.84971	0.16286	1.31202e-06	1.54407e-06
231	27	18	14	15	9	9	0.869271	0.1401	1.15171e-06	1.32491e-06
232	43	33	24	27	12	26	0.73922	0.30216	2.14784e-06	2.90555e-06
233	25	20	21	24	10	48	0.67333	0.39552	2.62944e-06	3.90514e-06
234	24	19	12	12	6	8	0.890333	0.11616	9.81536e-07	1.10244e-06
235	23	16	20	21	10	18	0.799571	0.22368	1.71252e-06	2.1418e-06
236	29	22	17	17	7	19	0.81574	0.20366	1.60631e-06	1.96914e-06
237	39	29	12	12	9	4	0.908682	0.09576	8.0864e-07	8.89904e-07
238	31	22	8	9	7	2	0.935457	0.06672	5.74646e-07	6.14295e-07
239	36	28	18	19	7	23	0.789291	0.23662	1.81108e-06	2.29457e-06
240	28	21	22	24	10	45	0.683711	0.38022	2.561e-06	3.74574e-06
241	38	28	15	15	9	7	0.878183	0.1299	1.07019e-06	1.21865e-06
242	35	27	29	30	12	56	0.622507	0.474	2.90642e-06	4.66889e-06
243	38	24	10	10	7	4	0.920167	0.0832	7.14978e-07	7.77009e-07
244	34	23	11	13	6	18	0.840768	0.17344	1.42108e-06	1.69022e-06
245	45	37	25	29	10	50	0.645894	0.43712	2.77324e-06	4.29364e-06
246	26	21	16	16	7	16	0.833535	0.18208	1.46143e-06	1.75329e-06
247	35	23	19	20	9	28	0.764602	0.2684	2.00072e-06	2.61668e-06
248	41	28	21	21	14	11	0.828631	0.18798	1.46657e-06	1.76986e-06
249	35	25	14	14	10	6	0.888234	0.11852	9.8511e-07	1.10907e-06
250	44	32	26	26	11	27	0.740093	0.30098	2.14792e-06	2.90223e-06
251	42	31	34	36	14	38	0.657126	0.41988	2.66213e-06	4.05118e-06
252	41	36	22	24	10	29	0.741841	0.29862	2.14808e-06	2.89561e-06
253	39	25	25	25	11	23	0.760104	0.2743	2.00155e-06	2.63325e-06
254	38	32	27	29	13	28	0.722585	0.32492	2.25787e-06	3.12471e-06
255	41	35	21	24	12	17	0.78866	0.23742	1.7808e-06	2.25801e-06
256	36	29	18	19	11	10	0.843395	0.17032	1.35267e-06	1.60384e-06
257	35	26	13	14	8	6	0.888234	0.11852	9.8511e-07	1.10907e-06
258	34	28	16	16	9	11	0.855063	0.15658	1.27201e-06	1.48763e-06
259	34	26	10	10	7	4	0.920167	0.0832	7.14978e-07	7.77009e-07
260	33	23	21	24	9	33	0.726861	0.31902	2.25918e-06	3.10814e-06
261	32	24	14	15	5	20	0.821848	0.1962	1.56922e-06	1.90938e-06
262	31	26	16	16	7	14	0.84208	0.17188	1.38693e-06	1.64703e-06
263	31	22	5	5	1	10	0.920904	0.0824	7.49219e-07	8.1357e-07
264	30	19	18	19	6	58	0.660261	0.41512	2.74288e-06	4.15423e-06
265	29	24	7	9	4	7	0.911905	0.09222	8.0244e-07	8.79961e-07
266	25	23	12	12	7	6	0.899461	0.10596	8.96016e-07	9.9617e-07
267	28	21	7	8	5	4	0.931797	0.07064	6.18819e-07	6.64114e-07
268	27	21	10	10	5	9	0.896999	0.1087	9.35279e-07	1.04267e-06
269	26	23	10	10	8	2	0.929601	0.073	6.23523e-07	6.70742e-07
270	25	23	15	17	5	32	0.76341	0.26996	2.03057e-06	2.65987e-06
271	34	32	40	41	19	53	0.589913	0.52778	3.0265e-06	5.13041e-06
272	34	30	16	17	8	18	0.819911	0.19856	1.57095e-06	1.91601e-06
273	20	17	12	12	5	11	0.876814	0.13146	1.1064e-06	1.26184e-06
274	41	25	11	11	8	4	0.914407	0.08948	7.62118e-07	8.33456e-07
275	36	30	20	21	11	13	0.820222	0.19818	1.53884e-06	1.87613e-06
276	28	21	13	14	7	12	0.861466	0.14912	1.23006e-06	1.42786e-06
277	26	19	5	5	4	1	0.964158	0.0365	3.23351e-07	3.35371e-07
278	31	22	8	8	4	5	0.927057	0.07574	6.64929e-07	7.17247e-07
279	41	33	14	14	6	15	0.848386	0.16442	1.34661e-06	1.58726e-06
280	41	31	18	19	14	5	0.865178	0.14482	1.15776e-06	1.33817e-06
281	23	18	18	18	6	29	0.770327	0.26094	1.96966e-06	2.55692e-06
282	32	27	29	29	16	19	0.756525	0.27902	2.00215e-06	2.64651e-06
283	22	14	8	8	7	1	0.946163	0.05534	4.77542e-07	5.04714e-07
284	37	27	17	18	9	20	0.806509	0.21504	1.67651e-06	2.07872e-06
285	35	27	16	17	6	40	0.73289	0.31076	2.26092e-06	3.08494e-06
286	26	22	15	15	9	12	0.856073	0.1554	1.27068e-06	1.48431e-06
287	25	19	11	11	8	4	0.914407	0.08948	7.62118e-07	8.33456e-07
288	37	28	15	16	11	6	0.877148	0.13108	1.07184e-06	1.22196e-06
289	29	25	20	20	10	22	0.78836	0.2378	1.81156e-06	2.29788e-06
290	38	32	19	19	8	16	0.817978	0.20092	1.57267e-06	1.92264e-06
291	37	33	28	30	12	40	0.675434	0.3924	2.57932e-06	3.81876e-06
292	36	29	22	23	11	17	0.793628	0.23114	1.74722e-06	2.20156e-06
293	35	22	22	22	10	22	0.77852	0.25036	1.87684e-06	2.41078e-06
294	34	26	7	7	6	1	0.952124	0.04906	4.26805e-07	4.48266e-07
295	33	30	19	19	7	23	0.789291	0.23662	1.81108e-06	2.29457e-06
296	33	22	15	16	8	12	0.850713	0.16168	1.31075e-06	1.54076e-06
297	32	21	5	5	3	2	0.959253	0.0416	3.72674e-07	3.88504e-07
298	32	28	21	21	12	21	0.787431	0.23898	1.81203e-06	2.3012e-06
299	31	24	28	29	9	73	0.574405	0.55442	3.16825e-06	5.5157e-06
300	30	22	14	16	10	7	0.872686	0.13618	1.11276e-06	1.27509e-06
301	29	24	15	15	8	13	0.851718	0.1605	1.30947e-06	1.53745e-06
302	29	27	20	21	10	21	0.787431	0.23898	1.81203e-06	2.3012e-06
303	28	18	8	10	6	5	0.915486	0.0883	7.59984e-07	8.30142e-07
304	27	21	10	10	7	3	0.924872	0.0781	6.69492e-07	7.23876e-07
305	26	20	14	14	8	8	0.87922	0.12872	1.06854e-06	1.21533e-06
306	20	17	11	12	4	19	0.84176	0.17226	1.41997e-06	1.6869e-06
307	24	21	17	17	9	12	0.845388	0.16796	1.35026e-06	1.59721e-06
308	22	19	17	17	8	16	0.828316	0.18836	1.49904e-06	1.80974e-06
309	32	23	20	20	9	18	0.804608	0.2174	1.67789e-06	2.08535e-06
310	36	27	26	30	15	28	0.718062	0.3312	2.28427e-06	3.18116e-06
311	36	27	22	22	12	20	0.786502	0.24016	1.8125e-06	2.30451e-06
312	28	23	15	16	6	21	0.812548	0.20758	1.6405e-06	2.01896e-06
313	32	24	8	8	7	1	0.946163	0.05534	4.77542e-07	5.04714e-07
314	43	29	14	14	10	5	0.892776	0.11342	9.42711e-07	1.05593e-06
315	39	28	15	15	9	8	0.873716	0.135	1.11117e-06	1.27178e-06
316	31	26	21	22	9	26	0.7628	0.27076	2.00106e-06	2.62331e-06
317	45	34	24	26	11	40	0.692616	0.36728	2.48854e-06	3.59297e-06
318	26	22	26	26	12	36	0.70689	0.34688	2.38959e-06	3.38043e-06
319	36	28	9	9	7	3	0.930698	0.07182	6.21174e-07	6.67428e-07
320	29	27	19	21	14	9	0.837127	0.17778	1.39264e-06	1.6636e-06
321	35	27	22	22	11	16	0.802711	0.21976	1.67925e-06	2.09198e-06
322	26	21	18	18	9	30	0.766408	0.26604	2.00037e-06	2.61005e-06
323	34	26	19	19	8	20	0.80146	0.22132	1.71125e-06	2.13517e-06
324	41	32	13	13	5	29	0.794899	0.22954	1.80814e-06	2.27468e-06
325	40	33	24	24	13	24	0.761001	0.27312	2.00139e-06	2.62994e-06
326	38	31	14	14	8	10	0.870298	0.13892	1.15018e-06	1.3216e-06
327	37	29	16	17	12	7	0.867222	0.14246	1.15474e-06	1.33154e-06
328	36	24	14	14	6	29	0.789923	0.23582	1.84141e-06	2.33113e-06
329	35	30	18	19	9	17	0.813817	0.20602	1.60791e-06	1.97577e-06
330	35	25	11	11	9	2	0.923781	0.07928	6.71764e-07	7.2719e-07
331	34	29	9	9	7	2	0.935457	0.06672	5.74646e-07	6.14295e-07
332	33	30	21	22	9	27	0.758919	0.27586	2.0312e-06	2.67644e-06
333	32	27	23	24	10	25	0.75713	0.27822	2.03144e-06	2.68307e-06
334	32	22	9	9	6	4	0.925964	0.07692	6.67214e-07	7.20561e-07
335	27	20	10	10	6	5	0.915486	0.0883	7.59984e-07	8.30142e-07
336	30	22	14	14	9	6	0.888234	0.11852	9.8511e-07	1.10907e-06
337	30	21	11	13	7	8	0.884759	0.12244	1.02533e-06	1.15888e-06
338	29	20	18	18	9	18	0.814778	0.20484	1.60711e-06	1.97245e-06
339	28	23	14	14	7	10	0.870298	0.13892	1.15018e-06	1.3216e-06
340	30	26	32	37	11	79	0.529798	0.63526	3.33035e-06	6.28608e-06
341	26	20	15	17	10	9	0.858422	0.15266	1.23425e-06	1.43781e-06
342	25	20	4	5	2	4	0.949519	0.0518	4.69794e-07	4.94771e-07
343	24	20	23	24	9	32	0.730577	0.31392	2.23192e-06	3.055e-06
344	34	26	20	21	6	41	0.711073	0.34098	2.39195e-06	3.36386e-06
345	25	24	8	9	4	8	0.907266	0.09732	8.46564e-07	9.33094e-07
346	29	19	23	24	10	29	0.741841	0.29862	2.14808e-06	2.89561e-06
347	36	30	5	5	4	1	0.964158	0.0365	3.23351e-07	3.35371e-07
348	28	25	18	18	7	32	0.758631	0.27624	2.06068e-06	2.71632e-06
349	30	23	6	6	4	3	0.948399	0.05298	4.72383e-07	4.98085e-07
350	27	21	8	9	4	7	0.911905	0.09222	8.0244e-07	8.79961e-07
351	28	19	21	22	8	52	0.668072	0.40336	2.67548e-06	4.00477e-06
352	31	26	17	17	9	12	0.845388	0.16796	1.35026e-06	1.59721e-06
353	32	27	17	18	10	15	0.82734	0.18954	1.50001e-06	1.81305e-06
354	32	21	27	30	12	41	0.671998	0.3975	2.6019e-06	3.87189e-06
355	22	17	11	11	6	8	0.895942	0.10988	9.37145e-07	1.04599e-06
356	37	23	27	28	13	32	0.712454	0.33904	2.33742e-06	3.2808e-06
357	35	25	20	23	7	73	0.596462	0.51674	3.08789e-06	5.17702e-06
358	46	35	25	27	9	53	0.644127	0.43986	2.7956e-06	4.34014e-06
359	44	35	27	28	15	25	0.738348	0.30334	2.14775e-06	2.90886e-06
360	42	35	22	22	13	15	0.806816	0.21466	1.64497e-06	2.03885e-06
361	40	31	15	15	8	8	0.873716	0.135	1.11117e-06	1.27178e-06
362	39	29	30	32	8	86	0.527524	0.63956	3.36338e-06	6.37578e-06
363	41	31	20	23	12	19	0.785574	0.24134	1.81297e-06	2.30783e-06
364	37	29	18	20	9	34	0.741559	0.299	2.17683e-06	2.93548e-06
365	36	29	10	10	8	2	0.929601	0.073	6.23523e-07	6.70742e-07
366	35	27	14	14	6	12	0.861466	0.14912	1.23006e-06	1.42786e-06
367	34	25	20	20	12	15	0.817013	0.2021	1.57353e-06	1.92595e-06
368	33	26	22	23	9	34	0.727719	0.31784	2.25944e-06	3.10482e-06
369	21	17	20	23	7	36	0.720334	0.32804	2.31306e-06	3.21109e-06
370	32	26	14	14	5	21	0.822818	0.19502	1.56834e-06	1.90606e-06
371	31	25	9	10	6	5	0.915486	0.0883	7.59984e-07	8.30142e-07
372	31	22	15	17	8	17	0.824103	0.19346	1.5352e-06	1.86287e-06
373	30	22	12	16	6	31	0.772147	0.25858	1.9692e-06	2.55029e-06
374	29	23	17	17	8	16	0.828316	0.18836	1.49904e-06	1.80974e-06
375	28	18	18	19	8	21	0.797383	0.22642	1.74491e-06	2.1883e-06
376	27	24	9	9	5	5	0.921254	0.08202	7.12769e-07	7.73694e-07
377	26	22	10	10	8	2	0.929601	0.073	6.23523e-07	6.70742e-07
378	25	18	7	7	4	6	0.928152	0.07456	6.62638e-07	7.13932e-07
379	32	25	10	12	8	5	0.90406	0.10086	8.52562e-07	9.43037e-07
380	24	20	8	8	5	4	0.931797	0.07064	6.18819e-07	6.64114e-07
381	21	17	8	8	4	7	0.917649	0.08594	7.55696e-07	8.23513e-07
382	38	32	20	21	10	19	0.795504	0.22878	1.74607e-06	2.19493e-06
383	36	33	8	8	6	2	0.94135	0.06044	5.2513e-07	5.57847e-07
384	28	24	39	44	15	97	0.462541	0.77102	3.53271e-06	7.63761e-06
385	30	24	10	10	2	29	0.810017	0.2107	1.70536e-06	2.10534e-06
386	30	25	19	19	10	20	0.80146	0.22132	1.71125e-06	2.13517e-06
387	40	32	37	37	15	46	0.626905	0.46696	2.84157e-06	4.53269e-06
388	36	28	17	17	11	12	0.845388	0.16796	1.35026e-06	1.59721e-06
389	46	37	47	50	13	167	0.311704	1.1657	3.64558e-06	1.16956e-05
390	33	26	13	14	8	9	0.874748	0.13382	1.10959e-06	1.26847e-06
391	26	19	25	26	12	20	0.766991	0.26528	1.94072e-06	2.5303e-06
392	29	24	9	9	6	4	0.925964	0.07692	6.67214e-07	7.20561e-07
393	35	29	18	18	10	13	0.835822	0.17934	1.42657e-06	1.70679e-06
394	26	19	14	14	7	10	0.870298	0.13892	1.15018e-06	1.3216e-06
395	35	26	18	18	8	26	0.782204	0.24564	1.87535e-06	2.39752e-06
396	37	26	19	19	8	18	0.809677	0.21112	1.64276e-06	2.0289e-06
397	29	25	15	16	11	8	0.868246	0.14128	1.15323e-06	1.32823e-06
398	39	27	13	13	7	13	0.862483	0.14794	1.22865e-06	1.42455e-06
399	38	27	21	21	12	12	0.824416	0.19308	1.50291e-06	1.823e-06
400	37	29	27	27	12	34	0.709667	0.34296	2.36363e-06	3.33061e-06
401	36	27	17	17	7	15	0.832552	0.18326	1.46247e-06	1.75661e-06
402	35	29	17	17	10	9	0.858422	0.15266	1.23425e-06	1.43781e-06
403	33	26	26	28	11	39	0.687468	0.37474	2.51113e-06	3.65273e-06
404	34	25	29	35	11	62	0.585084	0.536	3.08335e-06	5.26992e-06
405	33	26	18	19	11	10	0.843395	0.17032	1.35267e-06	1.60384e-06
406	32	27	23	24	12	22	0.768803	0.26292	1.94021e-06	2.52367e-06
407	31	24	12	12	6	12	0.872354	0.13656	1.14712e-06	1.31497e-06
408	31	25	15	15	8	11	0.86045	0.1503	1.23146e-06	1.43118e-06
409	38	29	29	32	11	46	0.646902	0.43556	2.74963e-06	4.25045e-06
410	29	25	10	11	6	8	0.895942	0.10988	9.37145e-07	1.04599e-06
411	28	20	7	7	3	10	0.909409	0.09496	8.42536e-07	9.26465e-07
412	28	19	17	17	9	15	0.832552	0.18326	1.46247e-06	1.75661e-06
413	27	20	15	15	8	9	0.869271	0.1401	1.15171e-06	1.32491e-06
414	32	27	12	12	6	12	0.872354	0.13656	1.14712e-06	1.31497e-06
415	24	17	24	24	8	59	0.636596	0.45162	2.85806e-06	4.4896e-06
416	23	20	8	9	5	7	0.911905	0.09222	8.0244e-07	8.79961e-07
417	25	17	10	10	6	6	0.910829	0.0934	8.04513e-07	8.83275e-07
418	29	24	16	17	9	13	0.841087	0.17306	1.38808e-06	1.65034e-06
419	36	26	26	27	10	41	0.684778	0.37866	2.53542e-06	3.70255e-06
420	28	24	13	13	8	6	0.89383	0.11224	9.40861e-07	1.05262e-06
421	30	24	10	10	8	2	0.929601	0.073	6.23523e-07	6.70742e-07
422	40	26	11	13	6	10	0.87578	0.13264	1.10799e-06	1.26515e-06
423	23	19	10	11	6	15	0.864521	0.14558	1.22582e-06	1.41792e-06
424	22	16	9	9	4	11	0.89349	0.11262	9.76132e-07	1.09249e-06
425	31	27	18	18	11	17	0.818944	0.19974	1.57182e-06	1.91932e-06
426	32	24	16	18	11	13	0.835822	0.17934	1.42657e-06	1.70679e-06
427	22	19	6	6	5	1	0.958122	0.04278	3.7541e-07	3.91819e-07
428	27	17	17	17	6	25	0.791156	0.23426	1.81012e-06	2.28794e-06
429	35	30	31	33	12	42	0.656101	0.42144	2.68632e-06	4.09437e-06
430	26	21	9	9	3	21	0.849065	0.16362	1.37873e-06	1.62383e-06
431	31	28	18	18	9	17	0.818944	0.19974	1.57182e-06	1.91932e-06
432	43	28	7	8	5	3	0.936562	0.06554	5.72221e-07	6.1098e-07
433	41	32	26	26	10	41	0.689092	0.37238	2.5125e-06	3.6461e-06
434	39	25	17	17	6	35	0.751819	0.28526	2.11958e-06	2.81927e-06
435	38	28	19	21	9	22	0.783425	0.24408	1.84444e-06	2.35433e-06
436	37	35	29	30	14	36	0.689354	0.372	2.48597e-06	3.60622e-06
437	34	24	8	8	5	3	0.936562	0.06554	5.72221e-07	6.1098e-07
438	35	28	9	10	8	2	0.929601	0.073	6.23523e-07	6.70742e-07
439	34	29	9	10	6	5	0.915486	0.0883	7.59984e-07	8.30142e-07
440	34	24	18	19	9	13	0.830589	0.18562	1.46452e-06	1.76324e-06
441	33	24	11	11	8	3	0.919082	0.08438	7.17181e-07	7.80323e-07
442	32	19	6	7	3	10	0.909409	0.09496	8.42536e-07	9.26465e-07
443	27	20	24	25	8	44	0.682905	0.3814	2.56024e-06	3.74905e-06
444	31	26	22	23	7	51	0.667284	0.40454	2.67453e-06	4.00809e-06
445	30	24	6	6	5	1	0.958122	0.04278	3.7541e-07	3.91819e-07
446	29	24	16	17	7	31	0.767313	0.26486	2.00019e-06	2.60674e-06
447	29	25	22	22	8	33	0.736048	0.30646	2.20464e-06	2.99524e-06
448	28	23	8	9	5	6	0.916567	0.08712	7.57843e-07	8.26828e-07
449	27	22	11	11	6	7	0.900523	0.10478	8.94089e-07	9.92856e-07
450	26	22	12	12	8	5	0.90406	0.10086	8.52562e-07	9.43037e-07
451	25	18	3	3	3	0	0.981336	0.01884	1.66182e-07	1.69343e-07
452	26	19	22	24	10	26	0.753279	0.28332	2.06113e-06	2.73621e-06
453	35	24	15	16	8	17	0.829294	0.18718	1.49806e-06	1.80643e-06
454	27	21	14	14	9	6	0.888234	0.11852	9.8511e-07	1.10907e-06
455	17	14	5	5	5	0	0.969088	0.0314	2.73513e-07	2.82238e-07
456	28	23	7	8	2	21	0.854414	0.15734	1.33919e-06	1.56738e-06
457	37	27	25	27	6	71	0.587629	0.53166	3.1124e-06	5.29654e-06
458	40	33	15	18	8	23	0.794264	0.23034	1.77766e-06	2.23812e-06
459	40	31	27	28	10	36	0.698067	0.35944	2.43858e-06	3.49333e-06
460	30	23	14	14	8	8	0.87922	0.12872	1.06854e-06	1.21533e-06
461	46	34	20	20	12	10	0.838115	0.1766	1.39151e-06	1.66028e-06
462	45	28	20	21	10	17	0.803659	0.21858	1.67857e-06	2.08866e-06
463	37	32	18	18	11	14	0.83157	0.18444	1.4635e-06	1.75992e-06
464	36	31	30	33	15	31	0.693961	0.36534	2.43573e-06	3.5099e-06
465	35	31	13	13	8	6	0.89383	0.11224	9.40861e-07	1.05262e-06
466	26	21	27	29	8	65	0.598326	0.51362	3.04586e-06	5.09064e-06
467	45	36	15	15	9	8	0.873716	0.135	1.11117e-06	1.27178e-06
468	43	35	30	33	14	36	0.676488	0.39084	2.55413e-06	3.77557e-06
469	41	34	12	12	5	18	0.846064	0.16716	1.38227e-06	1.63377e-06
470	38	33	19	21	11	13	0.820222	0.19818	1.53884e-06	1.87613e-06
471	41	32	12	12	7	6	0.899461	0.10596	8.96016e-07	9.9617e-07
472	37	26	15	17	10	9	0.858422	0.15266	1.23425e-06	1.43781e-06
473	36	29	9	11	6	6	0.905127	0.09968	8.50568e-07	9.39723e-07
474	35	28	17	17	9	14	0.836809	0.17816	1.42548e-06	1.70347e-06
475	35	30	19	19	11	14	0.826364	0.19072	1.50098e-06	1.81637e-06
476	34	28	5	5	3	2	0.959253	0.0416	3.72674e-07	3.88504e-07
477	35	25	16	17	7	17	0.824103	0.19346	1.5352e-06	1.86287e-06
478	32	25	20	21	10	28	0.759815	0.27468	2.03108e-06	2.67313e-06
479	32	23	10	11	6	11	0.882338	0.12518	1.06356e-06	1.20539e-06
480	31	22	14	14	8	13	0.857083	0.15422	1.26934e-06	1.481e-06
481	30	19	14	15	8	9	0.869271	0.1401	1.15171e-06	1.32491e-06
482	30	19	19	19	7	43	0.712753	0.33862	2.39288e-06	3.35723e-06
483	33	21	12	13	5	24	0.81543	0.20404	1.63821e-06	2.00902e-06
484	28	20	15	15	9	13	0.851718	0.1605	1.30947e-06	1.53745e-06
485	27	18	9	10	6	5	0.915486	0.0883	7.59984e-07	8.30142e-07
486	26	16	4	4	4	0	0.975193	0.02512	2.20189e-07	2.2579e-07
487	25	23	16	16	9	8	0.868246	0.14128	1.15323e-06	1.32823e-06
488	34	23	17	20	9	18	0.804608	0.2174	1.67789e-06	2.08535e-06
489	22	16	27	30	11	55	0.62569	0.4689	2.88803e-06	4.61575e-06
490	20	16	23	25	7	58	0.635845	0.4528	2.8568e-06	4.49292e-06
491	36	27	10	11	8	3	0.919082	0.08438	7.17181e-07	7.80323e-07
492	28	19	18	18	9	15	0.82734	0.18954	1.50001e-06	1.81305e-06
493	30	22	16	17	9	15	0.832552	0.18326	1.46247e-06	1.75661e-06
494	34	28	10	11	6	9	0.891384	0.11498	9.7974e-07	1.09912e-06
495	32	26	18	19	9	23	0.789291	0.23662	1.81108e-06	2.29457e-06
496	40	32	16	18	6	21	0.802406	0.22014	1.71061e-06	2.13185e-06
497	41	35	30	31	14	49	0.641093	0.44458	2.79094e-06	4.3534e-06
498	32	24	19	21	10	22	0.783425	0.24408	1.84444e-06	2.35433e-06
499	22	19	11	11	7	5	0.909755	0.09458	8.06579e-07	8.8659e-07
500	35	25	11	11	5	12	0.87785	0.13028	1.10479e-06	1.25852e-06
501	35	21	23	25	10	53	0.652268	0.4273	2.7573e-06	4.22725e-06
502	26	19	16	16	5	28	0.784052	0.24328	1.87458e-06	2.39089e-06
503	31	27	20	21	11	18	0.799571	0.22368	1.71252e-06	2.1418e-06
504	37	22	24	24	7	43	0.690721	0.37002	2.51386e-06	3.63947e-06
505	29	22	17	17	8	16	0.828316	0.18836	1.49904e-06	1.80974e-06
506	40	30	26	27	12	34	0.709667	0.34296	2.36363e-06	3.33061e-06
507	39	33	19	21	12	13	0.820222	0.19818	1.53884e-06	1.87613e-06
508	38	32	9	9	7	3	0.930698	0.07182	6.21174e-07	6.67428e-07
509	37	29	24	26	9	40	0.692616	0.36728	2.48854e-06	3.59297e-06
510	36	30	16	16	10	9	0.863829	0.14638	1.19326e-06	1.38136e-06
511	33	24	6	6	4	3	0.948399	0.05298	4.72383e-07	4.98085e-07
512	34	30	13	13	10	3	0.90761	0.09694	8.10694e-07	8.93218e-07
513	33	25	16	16	9	9	0.863829	0.14638	1.19326e-06	1.38136e-06
514	33	30	14	14	8	12	0.861466	0.14912	1.23006e-06	1.42786e-06
515	32	26	20	20	9	22	0.78836	0.2378	1.81156e-06	2.29788e-06
516	31	26	13	13	6	28	0.798964	0.22444	1.77494e-06	2.22155e-06
517	39	36	25	25	12	22	0.76399	0.2692	1.97119e-06	2.58012e-06
518	30	26	8	8	7	1	0.946163	0.05534	4.77542e-07	5.04714e-07
519	29	22	6	6	5	1	0.958122	0.04278	3.7541e-07	3.91819e-07
520	28	21	18	19	9	26	0.777307	0.25192	1.90749e-06	2.45397e-06
521	27	23	4	5	2	4	0.949519	0.0518	4.69794e-07	4.94771e-07
522	20	13	5	5	4	1	0.964158	0.0365	3.23351e-07	3.35371e-07
523	30	21	20	21	12	13	0.820222	0.19818	1.53884e-06	1.87613e-06
524	24	17	7	8	6	3	0.936562	0.06554	5.72221e-07	6.1098e-07
525	23	18	15	16	8	14	0.84208	0.17188	1.38693e-06	1.64703e-06
526	40	29	21	21	12	15	0.811898	0.20838	1.60951e-06	1.9824e-06
527	36	26	9	9	4	8	0.907266	0.09732	8.46564e-07	9.33094e-07
528	28	25	16	18	11	22	0.798325	0.22524	1.74433e-06	2.18499e-06
529	25	17	11	11	6	6	0.905127	0.09968	8.50568e-07	9.39723e-07
530	40	33	34	36	13	57	0.596438	0.51678	3.0184e-06	5.06071e-06
531	40	29	23	23	12	15	0.801765	0.22094	1.67993e-06	2.09529e-06
532	28	22	12	13	7	12	0.866893	0.14284	1.18887e-06	1.37142e-06
533	24	18	12	12	7	11	0.876814	0.13146	1.1064e-06	1.26184e-06
534	43	32	26	26	11	31	0.725148	0.32138	2.25867e-06	3.11477e-06
535	35	31	22	22	13	11	0.823444	0.19426	1.50387e-06	1.82631e-06
536	34	27	7	7	3	7	0.92343	0.07966	7.08332e-07	7.67066e-07
537	35	27	15	16	8	14	0.84208	0.17188	1.38693e-06	1.64703e-06
538	26	13	13	15	6	18	0.830274	0.186	1.49708e-06	1.80311e-06
539	32	24	30	31	11	47	0.647666	0.43438	2.75073e-06	4.24714e-06
540	37	32	15	17	9	11	0.84971	0.16286	1.31202e-06	1.54407e-06
541	42	26	19	21	6	62	0.638854	0.44808	2.86185e-06	4.47966e-06
542	40	29	16	17	9	14	0.836809	0.17816	1.42548e-06	1.70347e-06
543	39	25	3	3	3	0	0.981336	0.01884	1.66182e-07	1.69343e-07
544	38	26	26	26	9	36	0.70689	0.34688	2.38959e-06	3.38043e-06
545	48	36	26	28	13	45	0.66675	0.40534	2.64802e-06	3.97153e-06
546	36	27	22	23	10	27	0.754168	0.28214	2.06106e-06	2.73289e-06
547	35	25	11	11	7	4	0.914407	0.08948	7.62118e-07	8.33456e-07
548	34	28	24	25	9	41	0.693433	0.3661	2.48918e-06	3.58965e-06
549	33	27	34	35	13	43	0.644616	0.4391	2.74632e-06	4.26039e-06
550	33	25	7	7	5	2	0.947281	0.05416	4.74966e-07	5.014e-07
551	27	22	13	13	6	13	0.862483	0.14794	1.22865e-06	1.42455e-06
552	31	27	14	14	7	17	0.839776	0.17462	1.42219e-06	1.69353e-06
553	31	26	17	19	8	20	0.80146	0.22132	1.71125e-06	2.13517e-06
554	30	23	13	14	7	12	0.861466	0.14912	1.23006e-06	1.42786e-06
555	29	24	19	20	9	20	0.796443	0.2276	1.7455e-06	2.19162e-06
556	28	22	17	18	7	20	0.806509	0.21504	1.67651e-06	2.07872e-06
557	32	24	7	7	5	2	0.947281	0.05416	4.74966e-07	5.014e-07
558	27	20	13	14	7	11	0.86587	0.14402	1.19034e-06	1.37473e-06
559	26	20	7	9	5	5	0.921254	0.08202	7.12769e-07	7.73694e-07
560	24	20	7	7	5	3	0.942462	0.05926	5.22626e-07	5.54533e-07
561	25	18	12	12	5	11	0.876814	0.13146	1.1064e-06	1.26184e-06
562	25	21	29	31	10	79	0.550141	0.59758	3.27191e-06	5.9474e-06
563	19	16	6	6	5	1	0.958122	0.04278	3.7541e-07	3.91819e-07
564	28	22	13	13	5	13	0.862483	0.14794	1.22865e-06	1.42455e-06
565	32	22	12	12	5	11	0.876814	0.13146	1.1064e-06	1.26184e-06
566	37	30	13	15	5	22	0.813508	0.2064	1.63974e-06	2.01564e-06
567	25	20	16	16	4	29	0.780063	0.24838	1.90649e-06	2.44402e-06
568	29	24	17	17	11	10	0.854055	0.15776	1.27335e-06	1.49094e-06
569	34	27	8	8	5	4	0.931797	0.07064	6.18819e-07	6.64114e-07
570	32	24	26	26	10	33	0.717789	0.33158	2.31202e-06	3.22103e-06
571	22	18	12	12	8	4	0.908682	0.09576	8.0864e-07	8.89904e-07
572	34	27	25	25	11	33	0.722311	0.3253	2.28581e-06	3.16459e-06
573	35	27	21	23	8	47	0.681036	0.38414	2.58491e-06	3.79556e-06
574	26	21	19	19	8	21	0.797383	0.22642	1.74491e-06	2.1883e-06
575	48	37	23	25	10	37	0.707725	0.3457	2.39007e-06	3.37712e-06
576	37	30	22	22	11	29	0.751218	0.28606	2.09042e-06	2.78271e-06
577	42	33	19	20	7	51	0.679974	0.3857	2.61025e-06	3.83875e-06
578	32	25	15	19	8	33	0.750047	0.28762	2.11956e-06	2.8259e-06
579	29	24	15	17	7	27	0.783127	0.24446	1.87497e-06	2.39421e-06
580	38	26	16	16	9	11	0.855063	0.15658	1.27201e-06	1.48763e-06
581	37	29	30	31	8	56	0.61861	0.48028	2.92314e-06	4.72533e-06
582	36	28	19	21	7	37	0.725728	0.32058	2.28701e-06	3.15133e-06
583	35	25	11	11	8	4	0.914407	0.08948	7.62118e-07	8.33456e-07
584	34	23	12	14	5	16	0.84407	0.16952	1.38461e-06	1.6404e-06
585	34	26	12	13	7	8	0.884759	0.12244	1.02533e-06	1.15888e-06
586	33	26	12	12	8	4	0.908682	0.09576	8.0864e-07	8.89904e-07
587	32	22	17	17	8	12	0.845388	0.16796	1.35026e-06	1.59721e-06
588	32	25	5	5	3	2	0.959253	0.0416	3.72674e-07	3.88504e-07
589	31	27	27	28	14	21	0.753565	0.28294	2.03186e-06	2.69633e-06
590	30	23	7	7	4	4	0.937667	0.06436	5.69789e-07	6.07666e-07
591	31	26	23	23	9	25	0.7619	0.27194	2.00123e-06	2.62662e-06
592	29	21	11	12	7	9	0.885804	0.12126	1.02361e-06	1.15557e-06
593	28	20	17	18	9	17	0.818944	0.19974	1.57182e-06	1.91932e-06
594	27	22	12	16	8	12	0.850713	0.16168	1.31075e-06	1.54076e-06
595	26	20	13	13	5	23	0.819599	0.19894	1.60304e-06	1.95588e-06
596	24	16	8	8	4	5	0.927057	0.07574	6.64929e-07	7.17247e-07
597	29	24	14	15	7	20	0.821848	0.1962	1.56922e-06	1.90938e-06
598	22	17	3	3	2	1	0.976344	0.02394	2.17213e-07	2.22476e-07
599	36	30	33	33	13	54	0.617152	0.48264	2.92034e-06	4.73196e-06
600	28	20	11	12	6	10	0.881298	0.12636	1.06523e-06	1.2087e-06
601	30	25	9	9	6	3	0.930698	0.07182	6.21174e-07	6.67428e-07
602	40	30	19	21	12	20	0.791457	0.23388	1.77925e-06	2.24806e-06
603	30	19	11	11	5	8	0.895942	0.10988	9.37145e-07	1.04599e-06
604	38	33	30	30	12	36	0.689354	0.372	2.48597e-06	3.60622e-06
605	34	26	23	24	11	23	0.764892	0.26802	1.97098e-06	2.57681e-06
606	30	23	6	6	5	1	0.958122	0.04278	3.7541e-07	3.91819e-07
607	32	26	22	22	9	33	0.736048	0.30646	2.20464e-06	2.99524e-06
608	36	30	7	7	5	2	0.947281	0.05416	4.74966e-07	5.014e-07
609	35	27	15	16	10	8	0.868246	0.14128	1.15323e-06	1.32823e-06
610	26	20	17	18	7	21	0.802406	0.22014	1.71061e-06	2.13185e-06
611	28	24	10	10	6	4	0.920167	0.0832	7.14978e-07	7.77009e-07
612	37	28	18	18	7	18	0.814778	0.20484	1.60711e-06	1.97245e-06
613	29	25	13	13	7	9	0.880258	0.12754	1.06689e-06	1.21202e-06
614	26	22	10	10	8	2	0.929601	0.073	6.23523e-07	6.70742e-07
615	40	35	37	38	18	29	0.679404	0.38654	2.50419e-06	3.68587e-06
616	38	30	22	24	7	36	0.715825	0.33432	2.33898e-06	3.26754e-06
617	37	29	21	23	8	37	0.71667	0.33314	2.33937e-06	3.26422e-06
618	36	31	23	24	14	25	0.75713	0.27822	2.03144e-06	2.68307e-06
619	35	27	17	17	8	20	0.81159	0.20876	1.64126e-06	2.02227e-06
620	35	26	20	20	11	14	0.821191	0.197	1.53794e-06	1.87282e-06
621	34	29	9	9	7	2	0.935457	0.06672	5.74646e-07	6.14295e-07
622	33	26	20	21	11	13	0.820222	0.19818	1.53884e-06	1.87613e-06
623	32	26	10	11	7	5	0.909755	0.09458	8.06579e-07	8.8659e-07
624	32	22	18	19	9	16	0.817978	0.20092	1.57267e-06	1.92264e-06
625	31	27	34	36	13	61	0.584394	0.53718	3.08165e-06	5.27324e-06
626	30	22	5	5	3	2	0.959253	0.0416	3.72674e-07	3.88504e-07
627	30	22	10	10	4	13	0.878886	0.1291	1.10318e-06	1.25521e-06
628	29	22	15	15	8	13	0.851718	0.1605	1.30947e-06	1.53745e-06
629	28	25	9	10	6	7	0.906196	0.0985	8.48569e-07	9.36408e-07
630	27	20	13	13	7	8	0.884759	0.12244	1.02533e-06	1.15888e-06
631	38	25	24	24	12	17	0.78866	0.23742	1.7808e-06	2.25801e-06
632	25	23	13	13	7	16	0.849387	0.16324	1.34539e-06	1.58395e-06
633	24	17	11	12	7	9	0.885804	0.12126	1.02361e-06	1.15557e-06
634	40	31	11	12	8	5	0.90406	0.10086	8.52562e-07	9.43037e-07
635	37	32	18	18	12	7	0.861793	0.14874	1.19616e-06	1.38799e-06
636	28	21	14	15	6	21	0.817667	0.2013	1.60468e-06	1.96251e-06
637	15	10	11	11	5	10	0.886849	0.12008	1.02188e-06	1.15226e-06
638	46	32	17	17	10	12	0.845388	0.16796	1.35026e-06	1.59721e-06
639	30	24	10	10	5	11	0.887897	0.1189	1.02014e-06	1.14894e-06
640	26	20	14	16	10	8	0.868246	0.14128	1.15323e-06	1.32823e-06
641	39	28	20	20	10	15	0.817013	0.2021	1.57353e-06	1.92595e-06
642	29	25	16	18	8	32	0.758631	0.27624	2.06068e-06	2.71632e-06
643	22	18	6	6	6	0	0.963021	0.03768	3.26161e-07	3.38686e-07
644	22	19	6	7	4	3	0.942462	0.05926	5.22626e-07	5.54533e-07
645	35	27	8	9	6	3	0.930698	0.07182	6.21174e-07	6.67428e-07
646	26	22	7	7	4	4	0.937667	0.06436	5.69789e-07	6.07666e-07
647	29	22	21	22	12	20	0.786502	0.24016	1.8125e-06	2.30451e-06
648	37	29	37	38	14	57	0.588994	0.52934	3.04722e-06	5.1736e-06
649	43	37	19	19	10	12	0.834836	0.18052	1.42766e-06	1.7101e-06
650	42	34	19	20	10	27	0.768511	0.2633	1.97012e-06	2.56355e-06
651	40	31	20	21	6	53	0.66886	0.40218	2.67642e-06	4.00146e-06
652	39	30	11	12	5	18	0.846064	0.16716	1.38227e-06	1.63377e-06
653	37	27	9	9	6	4	0.925964	0.07692	6.67214e-07	7.20561e-07
654	32	25	11	11	9	2	0.923781	0.07928	6.71764e-07	7.2719e-07
655	36	26	9	10	8	2	0.929601	0.073	6.23523e-07	6.70742e-07
656	35	29	25	29	11	37	0.690168	0.37082	2.48661e-06	3.60291e-06
657	34	28	8	8	7	1	0.946163	0.05534	4.77542e-07	5.04714e-07
658	33	27	14	14	8	16	0.84407	0.16952	1.38461e-06	1.6404e-06
659	33	27	17	17	5	34	0.755663	0.28016	2.09027e-06	2.76614e-06
660	32	22	13	13	11	2	0.912251	0.09184	7.66369e-07	8.40085e-07
661	31	24	19	19	10	18	0.809677	0.21112	1.64276e-06	2.0289e-06
662	30	26	13	13	4	17	0.845066	0.16834	1.38344e-06	1.63708e-06
663	30	21	8	9	4	15	0.875448	0.13302	1.14248e-06	1.30503e-06
664	29	23	24	26	12	36	0.70689	0.34688	2.38959e-06	3.38043e-06
665	32	27	23	24	11	23	0.764892	0.26802	1.97098e-06	2.57681e-06
666	27	20	16	16	9	13	0.846386	0.16678	1.34905e-06	1.59389e-06
667	26	21	10	10	5	9	0.896999	0.1087	9.35279e-07	1.04267e-06
668	25	17	17	17	11	7	0.867222	0.14246	1.15474e-06	1.33154e-06
669	24	17	20	20	12	12	0.82961	0.1868	1.46555e-06	1.76655e-06
670	33	24	7	8	6	2	0.94135	0.06044	5.2513e-07	5.57847e-07
671	37	27	11	11	8	3	0.919082	0.08438	7.17181e-07	7.80323e-07
672	19	17	16	18	9	19	0.810633	0.20994	1.64201e-06	2.02559e-06
673	30	24	8	8	6	2	0.94135	0.06044	5.2513e-07	5.57847e-07
674	40	31	15	15	9	8	0.873716	0.135	1.11117e-06	1.27178e-06
675	30	19	25	25	8	38	0.704125	0.3508	2.41532e-06	3.43025e-06
676	28	22	10	11	2	37	0.772765	0.25778	1.99903e-06	2.58685e-06
677	33	25	14	14	6	13	0.857083	0.15422	1.26934e-06	1.481e-06
678	38	32	10	11	7	7	0.900523	0.10478	8.94089e-07	9.92856e-07
679	43	36	21	22	10	28	0.755059	0.28096	2.06099e-06	2.72958e-06
680	33	27	12	13	6	16	0.849387	0.16324	1.34539e-06	1.58395e-06
681	35	25	17	17	7	15	0.832552	0.18326	1.46247e-06	1.75661e-06
682	26	22	20	20	9	20	0.796443	0.2276	1.7455e-06	2.19162e-06
683	39	28	7	7	4	4	0.937667	0.06436	5.69789e-07	6.07666e-07
684	38	32	26	27	14	34	0.709667	0.34296	2.36363e-06	3.33061e-06
685	29	23	9	10	4	12	0.88338	0.124	1.06189e-06	1.20207e-06
686	32	26	10	10	6	6	0.910829	0.0934	8.04513e-07	8.83275e-07
687	42	33	22	23	12	15	0.801765	0.22094	1.67993e-06	2.09529e-06
688	31	28	11	12	8	10	0.881298	0.12636	1.06523e-06	1.2087e-06
689	38	30	4	4	4	0	0.975193	0.02512	2.20189e-07	2.2579e-07
690	37	33	30	32	9	77	0.552302	0.59366	3.25725e-06	5.89758e-06
691	36	30	18	18	9	14	0.83157	0.18444	1.4635e-06	1.75992e-06
692	35	28	25	25	13	22	0.76399	0.2692	1.97119e-06	2.58012e-06
693	34	28	18	18	9	12	0.840095	0.17424	1.38923e-06	1.65366e-06
694	33	28	20	22	9	32	0.739811	0.30136	2.17661e-06	2.94211e-06
695	33	30	18	18	11	11	0.844391	0.16914	1.35147e-06	1.60052e-06
696	32	26	16	17	10	11	0.84971	0.16286	1.31202e-06	1.54407e-06
697	31	26	14	15	9	8	0.873716	0.135	1.11117e-06	1.27178e-06
698	31	23	13	13	10	4	0.902993	0.10204	8.54549e-07	9.46352e-07
699	30	24	19	20	12	14	0.821191	0.197	1.53794e-06	1.87282e-06
700	29	18	14	14	7	17	0.839776	0.17462	1.42219e-06	1.69353e-06
701	28	24	8	8	5	4	0.931797	0.07064	6.18819e-07	6.64114e-07
702	28	20	10	10	4	13	0.878886	0.1291	1.10318e-06	1.25521e-06
703	27	18	19	19	11	15	0.82216	0.19582	1.53703e-06	1.8695e-06
704	26	18	7	8	5	3	0.936562	0.06554	5.72221e-07	6.1098e-07
705	25	20	12	12	5	9	0.885804	0.12126	1.02361e-06	1.15557e-06
706	23	17	5	6	5	1	0.958122	0.04278	3.7541e-07	3.91819e-07
707	21	16	20	22	7	42	0.703027	0.35236	2.44192e-06	3.47344e-06
708	28	22	13	13	7	12	0.866893	0.14284	1.18887e-06	1.37142e-06
709	31	25	5	5	4	1	0.964158	0.0365	3.23351e-07	3.35371e-07
710	31	26	10	11	5	12	0.87785	0.13028	1.10479e-06	1.25852e-06
711	30	28	18	18	7	38	0.735768	0.30684	2.23314e-06	3.03512e-06
712	37	28	15	16	10	8	0.868246	0.14128	1.15323e-06	1.32823e-06
713	27	23	11	11	6	7	0.900523	0.10478	8.94089e-07	9.92856e-07
714	33	23	13	14	7	11	0.86587	0.14402	1.19034e-06	1.37473e-06
715	23	18	13	13	4	17	0.845066	0.16834	1.38344e-06	1.63708e-06
716	33	25	20	20	11	15	0.817013	0.2021	1.57353e-06	1.92595e-06
717	35	26	13	13	9	5	0.8984	0.10714	8.97937e-07	9.99485e-07
718	26	20	14	15	7	17	0.834519	0.1809	1.46039e-06	1.74998e-06
719	32	28	18	19	8	21	0.797383	0.22642	1.74491e-06	2.1883e-06
720	35	26	18	18	10	13	0.835822	0.17934	1.42657e-06	1.70679e-06
721	29	22	13	13	8	8	0.884759	0.12244	1.02533e-06	1.15888e-06
722	23	20	20	21	7	60	0.645403	0.43788	2.8226e-06	4.37339e-06
723	41	33	23	24	10	25	0.75713	0.27822	2.03144e-06	2.68307e-06
724	39	31	28	30	18	15	0.767283	0.2649	1.91086e-06	2.49043e-06
725	38	30	19	19	11	11	0.839105	0.17542	1.39037e-06	1.65697e-06
726	37	33	13	13	6	18	0.840768	0.17344	1.42108e-06	1.69022e-06
727	36	28	38	40	14	69	0.547113	0.6031	3.24115e-06	5.92409e-06
728	24	22	27	27	11	42	0.681295	0.38376	2.55873e-06	3.75568e-06
729	34	24	18	18	14	5	0.870628	0.13854	1.1159e-06	1.28172e-06
730	34	28	16	16	9	10	0.859435	0.15148	1.23285e-06	1.43449e-06
731	33	23	23	24	9	46	0.680233	0.38532	2.58412e-06	3.79887e-06
732	32	26	25	25	12	20	0.771823	0.259	1.90938e-06	2.47385e-06
733	31	26	6	6	4	2	0.953248	0.04788	4.2415e-07	4.44952e-07
734	31	24	15	17	11	8	0.862811	0.14756	1.19471e-06	1.38467e-06
735	30	24	19	20	10	14	0.821191	0.197	1.53794e-06	1.87282e-06
736	29	24	14	14	9	6	0.888234	0.11852	9.8511e-07	1.10907e-06
737	29	25	11	11	8	6	0.905127	0.09968	8.50568e-07	9.39723e-07
738	28	22	3	4	3	1	0.970232	0.03022	2.70621e-07	2.78924e-07
739	36	33	30	32	16	23	0.727414	0.31826	2.20289e-06	3.02839e-06
740	26	22	12	13	7	12	0.866893	0.14284	1.18887e-06	1.37142e-06
741	25	22	12	12	6	9	0.885804	0.12126	1.02361e-06	1.15557e-06
742	23	16	4	4	3	1	0.970232	0.03022	2.70621e-07	2.78924e-07
743	37	32	22	23	15	12	0.814126	0.20564	1.57606e-06	1.93589e-06
744	28	21	12	13	6	10	0.87578	0.13264	1.10799e-06	1.26515e-06
745	36	25	21	21	11	20	0.791457	0.23388	1.77925e-06	2.24806e-06
746	40	35	28	29	11	52	0.639339	0.44732	2.81303e-06	4.39991e-06
747	30	27	18	18	12	10	0.848708	0.16404	1.31328e-06	1.54739e-06
748	38	29	29	33	12	67	0.577562	0.54894	3.13194e-06	5.4227e-06
749	34	30	20	20	8	23	0.78435	0.2429	1.84402e-06	2.35102e-06
750	28	20	9	9	5	5	0.921254	0.08202	7.12769e-07	7.73694e-07
751	30	20	17	19	8	18	0.809677	0.21112	1.64276e-06	2.0289e-06
752	43	37	26	28	12	32	0.712454	0.33904	2.33742e-06	3.2808e-06
753	35	30	21	22	11	22	0.77852	0.25036	1.87684e-06	2.41078e-06
754	26	20	20	22	6	52	0.668072	0.40336	2.67548e-06	4.00477e-06
755	28	19	11	11	6	6	0.905127	0.09968	8.50568e-07	9.39723e-07
756	38	26	10	11	6	8	0.895942	0.10988	9.37145e-07	1.04599e-06
757	45	36	25	25	15	18	0.779736	0.2488	1.84609e-06	2.36759e-06
758	43	36	24	25	14	14	0.795806	0.2284	1.71501e-06	2.15505e-06
759	41	32	12	12	7	8	0.890333	0.11616	9.81536e-07	1.10244e-06
760	40	34	18	19	8	21	0.797383	0.22642	1.74491e-06	2.1883e-06
761	38	30	15	15	9	8	0.873716	0.135	1.11117e-06	1.27178e-06
762	33	27	14	15	9	10	0.864849	0.1452	1.1918e-06	1.37805e-06
763	36	26	30	31	13	35	0.688541	0.37318	2.48532e-06	3.60954e-06
764	35	32	17	19	10	18	0.809677	0.21112	1.64276e-06	2.0289e-06
765	35	25	13	15	7	15	0.843074	0.1707	1.38577e-06	1.64371e-06
766	34	28	10	10	5	8	0.901586	0.1036	8.92157e-07	9.89542e-07
767	33	26	23	23	10	30	0.742717	0.29744	2.14815e-06	2.89229e-06
768	32	20	9	9	6	4	0.925964	0.07692	6.67214e-07	7.20561e-07
769	32	24	15	16	8	16	0.833535	0.18208	1.46143e-06	1.75329e-06
770	31	26	26	27	14	20	0.76219	0.27156	1.97159e-06	2.58675e-06
771	30	20	9	9	6	4	0.925964	0.07692	6.67214e-07	7.20561e-07
772	30	21	17	17	6	29	0.77518	0.25466	1.93832e-06	2.50047e-06
773	29	24	25	27	15	21	0.758312	0.27666	2.00186e-06	2.63988e-06
774	28	24	8	8	6	3	0.936562	0.06554	5.72221e-07	6.1098e-07
775	27	18	5	6	5	1	0.958122	0.04278	3.7541e-07	3.91819e-07
776	26	18	6	6	4	2	0.953248	0.04788	4.2415e-07	4.44952e-07
777	25	20	23	25	10	35	0.714981	0.3355	2.3386e-06	3.27085e-06
778	28	24	19	19	10	18	0.809677	0.21112	1.64276e-06	2.0289e-06
779	37	27	25	26	12	26	0.743877	0.29588	2.11938e-06	2.8491e-06
780	20	18	7	7	4	4	0.937667	0.06436	5.69789e-07	6.07666e-07
781	32	27	23	24	9	31	0.734313	0.30882	2.20431e-06	3.00187e-06
782	35	28	21	21	8	26	0.767605	0.26448	1.97034e-06	2.56686e-06
783	31	27	14	15	7	12	0.856073	0.1554	1.27068e-06	1.48431e-06
784	33	24	47	49	19	68	0.519691	0.65452	3.31511e-06	6.37899e-06
785	32	28	30	30	12	41	0.671998	0.3975	2.6019e-06	3.87189e-06
786	36	26	19	21	8	24	0.775475	0.25428	1.90813e-06	2.4606e-06
787	33	28	12	12	4	17	0.85039	0.16206	1.34416e-06	1.58064e-06
788	31	22	6	6	5	1	0.958122	0.04278	3.7541e-07	3.91819e-07
789	35	30	23	24	11	26	0.753279	0.28332	2.06113e-06	2.73621e-06
790	26	20	15	15	6	21	0.817667	0.2013	1.60468e-06	1.96251e-06
791	32	25	28	30	13	33	0.699982	0.3567	2.41272e-06	3.44682e-06
792	29	23	14	14	8	16	0.84407	0.16952	1.38461e-06	1.6404e-06
793	29	24	15	15	9	8	0.873716	0.135	1.11117e-06	1.27178e-06
794	30	24	8	8	3	9	0.908337	0.09614	8.44553e-07	9.2978e-07
795	34	28	20	21	8	26	0.767605	0.26448	1.97034e-06	2.56686e-06
796	31	29	17	18	12	9	0.853048	0.15894	1.27467e-06	1.49426e-06
797	39	30	17	18	9	13	0.835822	0.17934	1.42657e-06	1.70679e-06
798	37	31	39	39	11	92	0.489623	0.71412	3.47128e-06	7.08971e-06
799	36	25	25	25	10	31	0.729716	0.3151	2.2317e-06	3.05832e-06
800	36	31	28	30	12	53	0.632105	0.4587	2.85047e-06	4.50949e-06
801	35	28	8	8	5	3	0.936562	0.06554	5.72221e-07	6.1098e-07
802	38	31	16	16	6	26	0.79209	0.23308	1.80963e-06	2.28462e-06
803	33	26	20	20	13	14	0.821191	0.197	1.53794e-06	1.87282e-06
804	33	29	26	27	14	23	0.750617	0.28686	2.06131e-06	2.74615e-06
805	32	24	26	28	13	38	0.690983	0.36964	2.48726e-06	3.59959e-06
806	31	25	11	12	9	3	0.913328	0.09066	7.64246e-07	8.36771e-07
807	30	26	27	29	13	36	0.693697	0.36572	2.46247e-06	3.54978e-06
808	30	24	9	9	7	2	0.935457	0.06672	5.74646e-07	6.14295e-07
809	29	21	12	12	7	8	0.890333	0.11616	9.81536e-07	1.10244e-06
810	28	18	22	22	9	29	0.751218	0.28606	2.09042e-06	2.78271e-06
811	27	23	8	8	6	2	0.94135	0.06044	5.2513e-07	5.57847e-07
812	26	18	11	11	6	7	0.900523	0.10478	8.94089e-07	9.92856e-07
813	40	31	19	19	8	42	0.716398	0.33352	2.36705e-06	3.3041e-06
814	24	23	8	9	5	5	0.921254	0.08202	7.12769e-07	7.73694e-07
815	22	18	11	11	8	3	0.919082	0.08438	7.17181e-07	7.80323e-07
816	28	19	11	11	6	11	0.882338	0.12518	1.06356e-06	1.20539e-06
817	37	30	22	23	6	72	0.599512	0.51164	3.07183e-06	5.12389e-06
818	40	33	17	18	10	11	0.844391	0.16914	1.35147e-06	1.60052e-06
819	31	26	19	20	12	14	0.821191	0.197	1.53794e-06	1.87282e-06
820	36	25	19	20	8	19	0.800515	0.2225	1.71189e-06	2.13848e-06
821	44	31	8	9	4	9	0.90265	0.10242	8.90218e-07	9.86227e-07
822	32	29	18	20	7	32	0.749162	0.2888	2.11954e-06	2.82921e-06
823	30	24	13	15	10	9	0.869271	0.1401	1.15171e-06	1.32491e-06
824	42	34	21	21	11	19	0.795504	0.22878	1.74607e-06	2.19493e-06
825	35	24	16	17	11	9	0.858422	0.15266	1.23425e-06	1.43781e-06
826	26	19	9	11	6	6	0.905127	0.09968	8.50568e-07	9.39723e-07
827	31	21	20	21	9	22	0.783425	0.24408	1.84444e-06	2.35433e-06
828	38	28	27	27	12	43	0.677829	0.38886	2.58172e-06	3.80881e-06
829	29	25	16	16	7	14	0.84208	0.17188	1.38693e-06	1.64703e-06
830	31	22	18	19	7	33	0.750047	0.28762	2.11956e-06	2.8259e-06
831	42	31	33	35	14	69	0.564565	0.5717	3.18519e-06	5.64186e-06
832	40	31	29	32	12	45	0.65021	0.43046	2.72914e-06	4.19732e-06
833	39	31	21	21	13	11	0.828631	0.18798	1.46657e-06	1.76986e-06
834	38	34	21	22	12	19	0.790523	0.23506	1.77977e-06	2.25138e-06
835	37	24	20	21	12	17	0.803659	0.21858	1.67857e-06	2.08866e-06
836	33	27	11	11	6	6	0.905127	0.09968	8.50568e-07	9.39723e-07
837	35	29	14	14	8	7	0.883716	0.12362	1.02705e-06	1.1622e-06
838	34	27	6	6	5	1	0.958122	0.04278	3.7541e-07	3.91819e-07
839	33	30	19	19	11	10	0.843395	0.17032	1.35267e-06	1.60384e-06
840	33	22	14	14	7	9	0.874748	0.13382	1.10959e-06	1.26847e-06
841	32	24	7	8	5	4	0.931797	0.07064	6.18819e-07	6.64114e-07
842	30	26	10	11	7	6	0.905127	0.09968	8.50568e-07	9.39723e-07
843	31	25	13	13	9	4	0.902993	0.10204	8.54549e-07	9.46352e-07
844	30	20	29	29	9	57	0.623242	0.47282	2.90778e-06	4.66557e-06
845	29	24	5	6	5	1	0.958122	0.04278	3.7541e-07	3.91819e-07
846	28	25	11	11	7	5	0.909755	0.09458	8.06579e-07	8.8659e-07
847	34	26	16	16	9	9	0.863829	0.14638	1.19326e-06	1.38136e-06
848	27	25	20	23	9	31	0.738939	0.30254	2.17649e-06	2.94542e-06
849	25	21	8	8	7	1	0.946163	0.05534	4.77542e-07	5.04714e-07
850	24	18	8	8	5	4	0.931797	0.07064	6.18819e-07	6.64114e-07
851	37	30	15	15	9	7	0.878183	0.1299	1.07019e-06	1.21865e-06
852	28	21	9	9	5	5	0.921254	0.08202	7.12769e-07	7.73694e-07
853	32	30	16	17	9	12	0.845388	0.16796	1.35026e-06	1.59721e-06
854	34	30	23	23	9	43	0.695072	0.36374	2.49046e-06	3.58302e-06
855	31	23	14	14	8	10	0.870298	0.13892	1.15018e-06	1.3216e-06
856	33	22	15	15	10	7	0.878183	0.1299	1.07019e-06	1.21865e-06
857	32	25	17	19	9	22	0.793327	0.23152	1.77819e-06	2.24143e-06
858	26	20	5	5	4	1	0.964158	0.0365	3.23351e-07	3.35371e-07
859	31	27	8	8	6	2	0.94135	0.06044	5.2513e-07	5.57847e-07
860	32	28	18	19	10	16	0.817978	0.20092	1.57267e-06	1.92264e-06
861	35	26	8	8	7	1	0.946163	0.05534	4.77542e-07	5.04714e-07
862	26	18	9	10	5	6	0.910829	0.0934	8.04513e-07	8.83275e-07
863	33	30	13	13	6	22	0.82379	0.19384	1.56747e-06	1.90275e-06
864	36	32	6	6	4	3	0.948399	0.05298	4.72383e-07	4.98085e-07
865	47	33	25	26	15	16	0.782798	0.24488	1.81435e-06	2.31777e-06
866	44	37	28	28	13	52	0.643367	0.44104	2.79444e-06	4.34346e-06
867	42	33	29	30	15	21	0.744159	0.2955	2.09051e-06	2.80923e-06
868	41	38	18	18	11	10	0.848708	0.16404	1.31328e-06	1.54739e-06
869	39	27	13	14	8	16	0.84407	0.16952	1.38461e-06	1.6404e-06
870	30	27	18	18	12	12	0.840095	0.17424	1.38923e-06	1.65366e-06
871	37	28	15	16	9	13	0.846386	0.16678	1.34905e-06	1.59389e-06
872	36	25	29	30	13	30	0.710775	0.3414	2.33662e-06	3.28742e-06
873	35	28	16	17	13	10	0.854055	0.15776	1.27335e-06	1.49094e-06
874	34	25	12	12	8	5	0.90406	0.10086	8.52562e-07	9.43037e-07
875	34	27	28	29	9	48	0.652516	0.42692	2.73233e-06	4.18737e-06
876	25	19	11	12	8	5	0.90406	0.10086	8.52562e-07	9.43037e-07
877	32	27	22	24	10	36	0.715825	0.33432	2.33898e-06	3.26754e-06
878	31	20	23	23	10	38	0.713024	0.33824	2.36536e-06	3.31736e-06
879	31	24	12	13	10	3	0.90761	0.09694	8.10694e-07	8.93218e-07
880	30	24	6	6	5	1	0.958122	0.04278	3.7541e-07	3.91819e-07
881	29	25	13	13	6	9	0.880258	0.12754	1.06689e-06	1.21202e-06
882	28	19	10	10	6	5	0.915486	0.0883	7.59984e-07	8.30142e-07
883	28	21	11	11	5	12	0.87785	0.13028	1.10479e-06	1.25852e-06
884	27	25	12	13	8	6	0.89383	0.11224	9.40861e-07	1.05262e-06
885	26	19	7	7	4	4	0.937667	0.06436	5.69789e-07	6.07666e-07
886	25	21	6	6	5	1	0.958122	0.04278	3.7541e-07	3.91819e-07
887	37	29	28	29	13	43	0.669369	0.40142	2.62507e-06	3.92171e-06
888	22	17	8	10	6	5	0.915486	0.0883	7.59984e-07	8.30142e-07
889	20	15	8	8	6	3	0.936562	0.06554	5.72221e-07	6.1098e-07
890	40	32	15	16	9	11	0.855063	0.15658	1.27201e-06	1.48763e-06
891	31	26	13	13	6	11	0.871325	0.13774	1.14865e-06	1.31828e-06
892	32	25	15	16	7	14	0.84208	0.17188	1.38693e-06	1.64703e-06
893	31	24	18	18	10	19	0.810633	0.20994	1.64201e-06	2.02559e-06
894	35	30	25	27	12	20	0.76219	0.27156	1.97159e-06	2.58675e-06
895	30	24	18	19	8	18	0.809677	0.21112	1.64276e-06	2.0289e-06
896	30	25	17	17	10	10	0.854055	0.15776	1.27335e-06	1.49094e-06
897	35	26	17	17	9	15	0.832552	0.18326	1.46247e-06	1.75661e-06
898	26	20	16	17	8	14	0.836809	0.17816	1.42548e-06	1.70347e-06
899	30	25	18	18	6	25	0.786203	0.24054	1.84316e-06	2.34439e-06
900	38	32	23	27	10	35	0.706057	0.34806	2.38912e-06	3.38375e-06
901	29	23	11	11	8	4	0.914407	0.08948	7.62118e-07	8.33456e-07
902	37	28	22	22	10	17	0.798628	0.22486	1.71315e-06	2.14511e-06
903	42	33	24	24	13	16	0.792692	0.23232	1.74779e-06	2.20487e-06
904	31	22	20	21	9	29	0.75595	0.27978	2.06092e-06	2.72626e-06
905	39	31	12	13	7	7	0.889283	0.11734	9.83326e-07	1.10575e-06
906	38	34	25	27	12	33	0.713295	0.33786	2.33781e-06	3.27748e-06
907	37	28	19	22	11	23	0.77456	0.25546	1.90845e-06	2.46391e-06
908	36	28	9	9	6	4	0.925964	0.07692	6.67214e-07	7.20561e-07
909	35	31	18	19	11	15	0.82216	0.19582	1.53703e-06	1.8695e-06
910	36	29	23	23	11	24	0.765796	0.26684	1.97077e-06	2.57349e-06
911	34	26	17	18	9	21	0.802406	0.22014	1.71061e-06	2.13185e-06
912	33	21	19	19	10	16	0.817978	0.20092	1.57267e-06	1.92264e-06
913	32	27	27	28	12	67	0.595985	0.51754	3.06363e-06	5.14046e-06
914	32	23	11	11	7	7	0.900523	0.10478	8.94089e-07	9.92856e-07
915	31	26	32	33	10	105	0.475808	0.74274	3.54085e-06	7.44176e-06
916	22	18	10	10	6	5	0.915486	0.0883	7.59984e-07	8.30142e-07
917	29	23	14	14	6	13	0.857083	0.15422	1.26934e-06	1.481e-06
918	29	23	12	13	5	15	0.85373	0.15814	1.3069e-06	1.53082e-06
919	28	22	29	30	10	45	0.658428	0.4179	2.6893e-06	4.08442e-06
920	27	23	21	23	11	22	0.773647	0.25664	1.90876e-06	2.46723e-06
921	25	19	11	11	6	7	0.900523	0.10478	8.94089e-07	9.92856e-07
922	25	20	14	15	8	11	0.86045	0.1503	1.23146e-06	1.43118e-06
923	24	18	20	20	8	21	0.792391	0.2327	1.77872e-06	2.24475e-06
924	22	16	15	15	5	20	0.821848	0.1962	1.56922e-06	1.90938e-06
925	32	23	20	21	12	15	0.811898	0.20838	1.60951e-06	1.9824e-06
926	28	22	8	8	4	7	0.917649	0.08594	7.55696e-07	8.23513e-07
927	31	22	6	6	3	4	0.943574	0.05808	5.20116e-07	5.51218e-07
928	22	18	17	19	6	34	0.746231	0.29272	2.14842e-06	2.87903e-06
929	33	25	23	24	9	45	0.683711	0.38022	2.561e-06	3.74574e-06
930	25	20	25	25	9	50	0.662324	0.412	2.69424e-06	4.06785e-06
931	42	32	29	29	11	39	0.683164	0.38102	2.53398e-06	3.70918e-06
932	39	31	18	19	10	15	0.82216	0.19582	1.53703e-06	1.8695e-06
933	35	27	12	12	10	3	0.913328	0.09066	7.64246e-07	8.36771e-07
934	27	23	9	9	7	2	0.935457	0.06672	5.74646e-07	6.14295e-07
935	33	28	19	19	9	20	0.80146	0.22132	1.71125e-06	2.13517e-06
936	36	26	33	35	12	92	0.502078	0.689	3.44622e-06	6.86392e-06
937	29	20	7	8	5	6	0.922341	0.08084	7.10553e-07	7.7038e-07
938	29	24	7	7	4	6	0.928152	0.07456	6.62638e-07	7.13932e-07
939	43	32	21	21	12	16	0.807768	0.21348	1.64424e-06	2.03553e-06
940	41	33	35	36	17	43	0.640581	0.44538	2.76529e-06	4.31684e-06
941	40	32	16	17	10	10	0.854055	0.15776	1.27335e-06	1.49094e-06
942	38	33	47	48	16	96	0.453373	0.79104	3.54097e-06	7.81027e-06
943	37	24	25	26	9	37	0.703294	0.35198	2.41481e-06	3.43357e-06
944	36	24	22	23	13	15	0.801765	0.22094	1.67993e-06	2.09529e-06
945	35	26	15	15	8	10	0.864849	0.1452	1.1918e-06	1.37805e-06
946	35	26	17	17	9	13	0.841087	0.17306	1.38808e-06	1.65034e-06
947	34	26	12	12	7	6	0.899461	0.10596	8.96016e-07	9.9617e-07
948	33	25	17	18	8	16	0.823131	0.19464	1.53612e-06	1.86619e-06
949	32	26	13	14	10	7	0.883716	0.12362	1.02705e-06	1.1622e-06
950	30	20	7	7	4	4	0.937667	0.06436	5.69789e-07	6.07666e-07
951	31	21	5	5	4	1	0.964158	0.0365	3.23351e-07	3.35371e-07
952	30	24	6	7	4	3	0.942462	0.05926	5.22626e-07	5.54533e-07
953	30	25	7	8	6	2	0.94135	0.06044	5.2513e-07	5.57847e-07
954	29	23	10	10	7	3	0.924872	0.0781	6.69492e-07	7.23876e-07
955	28	20	12	13	6	14	0.858095	0.15304	1.26799e-06	1.47768e-06
956	27	23	17	18	8	31	0.76251	0.27114	2.03071e-06	2.66319e-06
957	26	22	9	10	5	11	0.887897	0.1189	1.02014e-06	1.14894e-06
958	25	21	13	13	10	3	0.90761	0.09694	8.10694e-07	8.93218e-07
959	24	16	14	15	5	24	0.805252	0.2166	1.70867e-06	2.12191e-06
960	28	22	11	11	8	3	0.919082	0.08438	7.17181e-07	7.80323e-07
961	39	33	5	7	4	4	0.937667	0.06436	5.69789e-07	6.07666e-07
962	18	18	7	7	4	4	0.937667	0.06436	5.69789e-07	6.07666e-07
963	31	27	18	18	10	11	0.844391	0.16914	1.35147e-06	1.60052e-06
964	28	20	15	15	10	8	0.873716	0.135	1.11117e-06	1.27178e-06
965	47	31	9	9	5	7	0.911905	0.09222	8.0244e-07	8.79961e-07
966	25	21	15	15	6	17	0.834519	0.1809	1.46039e-06	1.74998e-06
967	30	22	30	31	14	36	0.685039	0.37828	2.50907e-06	3.66267e-06
968	35	29	13	15	8	11	0.86045	0.1503	1.23146e-06	1.43118e-06
969	35	26	14	14	7	11	0.86587	0.14402	1.19034e-06	1.37473e-06
970	27	23	25	25	8	55	0.645649	0.4375	2.79793e-06	4.33352e-06
971	23	20	28	29	11	55	0.629632	0.46262	2.87068e-06	4.55931e-06
972	38	29	21	21	14	11	0.828631	0.18798	1.46657e-06	1.76986e-06
973	29	21	26	29	8	61	0.610657	0.49322	2.97885e-06	4.87811e-06
974	46	39	22	23	13	18	0.789591	0.23624	1.78029e-06	2.25469e-06
975	44	32	24	26	15	22	0.759208	0.27548	2.0017e-06	2.63657e-06
976	31	28	16	17	8	12	0.845388	0.16796	1.35026e-06	1.59721e-06
977	40	33	13	14	10	4	0.89734	0.10832	8.99852e-07	1.0028e-06
978	28	22	7	7	5	3	0.942462	0.05926	5.22626e-07	5.54533e-07
979	38	25	8	8	5	4	0.931797	0.07064	6.18819e-07	6.64114e-07
980	37	27	14	15	8	9	0.869271	0.1401	1.15171e-06	1.32491e-06
981	36	28	20	21	7	62	0.638854	0.44808	2.86185e-06	4.47966e-06
982	35	24	23	23	9	33	0.73144	0.31274	2.23213e-06	3.05169e-06
983	34	27	11	11	6	8	0.895942	0.10988	9.37145e-07	1.04599e-06
984	42	33	25	27	11	37	0.698891	0.35826	2.43914e-06	3.49001e-06
985	33	28	14	15	9	12	0.856073	0.1554	1.27068e-06	1.48431e-06
986	32	22	9	11	7	5	0.909755	0.09458	8.06579e-07	8.8659e-07
987	31	26	20	20	10	26	0.772441	0.2582	1.93915e-06	2.51042e-06
988	31	25	12	12	8	5	0.90406	0.10086	8.52562e-07	9.43037e-07
989	30	23	11	11	5	13	0.873384	0.13538	1.14558e-06	1.31166e-06
990	26	23	26	27	11	48	0.660763	0.41436	2.69226e-06	4.07448e-06
991	28	22	8	9	6	4	0.925964	0.07692	6.67214e-07	7.20561e-07
992	27	24	19	19	6	28	0.769419	0.26212	1.96989e-06	2.56023e-06
993	26	18	15	15	8	10	0.864849	0.1452	1.1918e-06	1.37805e-06
994	25	17	3	4	2	2	0.965296	0.03532	3.20533e-07	3.32057e-07
995	37	29	26	29	13	40	0.679689	0.38612	2.5572e-06	3.76231e-06
996	23	19	8	8	4	5	0.927057	0.07574	6.64929e-07	7.17247e-07
997	21	11	4	4	2	2	0.965296	0.03532	3.20533e-07	3.32057e-07
998	33	26	20	20	9	20	0.796443	0.2276	1.7455e-06	2.19162e-06
999	31	26	16	16	7	17	0.829294	0.18718	1.49806e-06	1.80643e-06
1000	30	24	9	9	5	5	0.921254	0.08202	7.12769e-07	7.73694e-07