Hist	Tr_Tot	Tr_in	DSBs	DSBt	RIFs	NComb	PSurv	lPSurv	PMut*	PMut
1	63	62	85	87	71	19	0.525576	0.64326	3.11166e-06	5.92047e-06
2	45	44	50	50	47	4	0.715767	0.3344	2.17229e-06	3.03491e-06
3	72	72	109	111	84	38	0.410295	0.89088	3.39919e-06	8.28475e-06
4	51	51	55	57	49	9	0.667738	0.40386	2.46777e-06	3.69571e-06
5	49	48	54	56	43	18	0.641799	0.44348	2.64258e-06	4.11746e-06
6	59	57	75	79	56	40	0.496526	0.70012	3.26947e-06	6.58469e-06
7	52	51	50	51	41	12	0.68285	0.38148	2.40119e-06	3.51643e-06
8	58	58	90	91	72	25	0.497092	0.69898	3.21373e-06	6.46506e-06
9	48	47	55	58	48	11	0.656823	0.42034	2.5343e-06	3.85843e-06
10	68	68	88	90	71	33	0.480225	0.7335	3.28171e-06	6.83368e-06
11	57	55	66	71	55	22	0.572307	0.55808	2.96267e-06	5.17671e-06
12	50	49	66	66	50	19	0.599667	0.51138	2.83947e-06	4.73507e-06
13	51	51	71	72	62	11	0.601541	0.50826	2.79638e-06	4.64869e-06
14	48	47	81	81	60	33	0.508149	0.67698	3.21438e-06	6.32565e-06
15	55	52	58	61	50	15	0.631549	0.45958	2.67796e-06	4.2403e-06
16	55	52	62	65	47	32	0.564734	0.5714	3.03226e-06	5.36936e-06
17	59	59	87	90	69	32	0.482681	0.7284	3.27284e-06	6.78055e-06
18	51	51	83	85	64	29	0.505756	0.6817	3.20594e-06	6.33891e-06
19	65	64	79	81	63	26	0.526618	0.64128	3.13534e-06	5.95372e-06
20	47	45	42	44	33	15	0.702704	0.35282	2.30535e-06	3.28069e-06
21	53	52	86	87	66	29	0.499444	0.69426	3.22231e-06	6.4518e-06
22	52	51	49	51	39	17	0.665658	0.40698	2.51758e-06	3.78209e-06
23	44	44	60	63	43	33	0.568963	0.56394	3.02096e-06	5.30959e-06
24	56	56	74	74	53	23	0.558769	0.58202	3.0169e-06	5.39919e-06
25	59	57	55	55	44	13	0.662523	0.4117	2.51451e-06	3.79535e-06
26	60	59	81	81	71	13	0.562716	0.57498	2.96157e-06	5.26299e-06
27	41	40	43	45	37	10	0.71634	0.3336	2.20022e-06	3.07147e-06
28	66	66	89	92	69	34	0.471819	0.75116	3.30259e-06	6.99971e-06
29	48	45	63	65	48	25	0.585259	0.5357	2.92479e-06	4.99742e-06
30	57	56	71	71	54	22	0.572307	0.55808	2.96267e-06	5.17671e-06
31	52	52	69	70	57	14	0.599895	0.511	2.81663e-06	4.6952e-06
32	55	55	74	75	58	24	0.552446	0.5934	3.04329e-06	5.50877e-06
33	53	53	68	74	60	18	0.5732	0.55652	2.94254e-06	5.13352e-06
34	42	42	54	55	37	24	0.626379	0.4678	2.74342e-06	4.37981e-06
35	55	54	61	63	49	19	0.611072	0.49254	2.78999e-06	4.56573e-06
36	47	46	42	42	32	14	0.715224	0.33516	2.22768e-06	3.11466e-06
37	57	57	91	93	76	22	0.498456	0.69624	3.19937e-06	6.41856e-06
38	49	46	67	69	56	17	0.594509	0.52002	2.85254e-06	4.79815e-06
39	61	59	98	102	70	44	0.421068	0.86496	3.40877e-06	8.09552e-06
40	53	53	75	75	64	15	0.578394	0.5475	2.90965e-06	5.03057e-06
41	59	59	107	111	77	45	0.395905	0.92658	3.42723e-06	8.65668e-06
42	57	57	57	57	51	8	0.671152	0.39876	2.44472e-06	3.64258e-06
43	74	70	88	91	71	31	0.482111	0.72958	3.27058e-06	6.78386e-06
44	61	60	70	71	59	14	0.59614	0.51728	2.83264e-06	4.75164e-06
45	44	44	58	60	48	16	0.632295	0.4584	2.67902e-06	4.23699e-06
46	48	47	41	41	35	7	0.745888	0.29318	2.00367e-06	2.68628e-06
47	49	49	75	77	64	17	0.565378	0.57026	2.96808e-06	5.24973e-06
48	52	52	45	47	38	10	0.707399	0.34616	2.25262e-06	3.18437e-06
49	54	51	57	61	48	20	0.615648	0.48508	2.77409e-06	4.50597e-06
50	57	56	96	99	70	39	0.440159	0.82062	3.37184e-06	7.66051e-06
51	57	55	71	72	57	16	0.586396	0.53376	2.88176e-06	4.91436e-06
52	62	62	92	94	71	37	0.458855	0.77902	3.3368e-06	7.272e-06
53	62	59	55	55	44	14	0.659153	0.4168	2.53674e-06	3.84848e-06
54	45	43	38	41	32	9	0.738318	0.30338	2.06179e-06	2.79255e-06
55	71	70	105	111	85	44	0.39793	0.92148	3.42361e-06	8.60354e-06
56	50	50	88	89	68	31	0.488205	0.71702	3.2568e-06	6.67097e-06
57	51	51	51	51	40	21	0.652216	0.42738	2.60536e-06	3.99462e-06
58	54	54	62	67	46	29	0.566284	0.56866	3.01424e-06	5.32285e-06
59	49	48	57	59	50	11	0.652712	0.42662	2.55528e-06	3.91487e-06
60	45	44	42	44	34	13	0.709908	0.34262	2.25355e-06	3.17443e-06
61	47	46	50	50	42	12	0.687152	0.3752	2.37753e-06	3.45998e-06
62	52	51	77	82	62	30	0.512754	0.66796	3.19071e-06	6.2227e-06
63	59	57	61	63	52	12	0.633282	0.45684	2.65585e-06	4.1938e-06
64	52	51	68	69	53	28	0.562075	0.57612	3.02543e-06	5.38261e-06
65	51	51	85	87	70	20	0.522903	0.64836	3.12361e-06	5.97361e-06
66	63	63	85	85	62	30	0.503184	0.6868	3.21637e-06	6.39204e-06
67	55	55	79	81	65	19	0.545758	0.60558	3.0463e-06	5.58179e-06
68	57	53	78	78	65	20	0.553308	0.59184	3.02415e-06	5.46558e-06
69	59	57	72	73	61	12	0.594735	0.51964	2.82991e-06	4.75827e-06
70	44	41	63	64	56	8	0.642287	0.44272	2.59337e-06	4.03771e-06
71	64	62	90	91	75	19	0.512538	0.66838	3.15019e-06	6.14626e-06
72	47	46	50	51	38	18	0.662271	0.41208	2.53996e-06	3.83523e-06
73	55	54	82	84	62	28	0.511545	0.67032	3.18658e-06	6.22933e-06
74	51	49	52	53	46	9	0.684724	0.37874	2.37594e-06	3.46992e-06
75	52	51	77	78	64	16	0.564712	0.57144	2.96646e-06	5.25304e-06
76	55	53	71	75	51	32	0.53036	0.6342	3.14707e-06	5.93383e-06
77	61	58	77	77	65	15	0.571175	0.56006	2.93782e-06	5.14346e-06
78	59	58	66	69	56	16	0.597548	0.51492	2.83538e-06	4.74502e-06
79	40	38	53	54	37	25	0.627118	0.46662	2.74458e-06	4.3765e-06
80	66	64	84	86	56	45	0.463208	0.76958	3.35616e-06	7.24549e-06
81	48	47	55	62	48	18	0.618066	0.48116	2.75419e-06	4.45615e-06
82	61	60	61	62	52	11	0.64053	0.44546	2.61606e-06	4.08422e-06
83	52	50	76	76	59	25	0.546195	0.60478	3.06871e-06	5.61835e-06
84	42	42	43	44	37	7	0.731967	0.31202	2.09022e-06	2.85563e-06
85	56	56	60	62	48	26	0.593356	0.52196	2.8963e-06	4.88121e-06
86	50	48	57	58	47	18	0.633788	0.45604	2.68115e-06	4.23036e-06
87	57	55	71	72	63	9	0.607708	0.49806	2.76047e-06	4.54243e-06
88	50	49	66	66	56	11	0.62464	0.47058	2.6922e-06	4.31001e-06
89	52	49	78	81	57	34	0.505564	0.68208	3.22489e-06	6.37878e-06
90	52	50	70	73	52	31	0.539809	0.61654	3.11351e-06	5.7678e-06
91	64	60	73	75	51	30	0.535797	0.624	3.12239e-06	5.82757e-06
92	53	51	67	68	57	11	0.616843	0.48314	2.72824e-06	4.4229e-06
93	67	67	84	88	61	45	0.457426	0.78214	3.36592e-06	7.35838e-06
94	56	52	81	83	60	32	0.504373	0.68444	3.22063e-06	6.38541e-06
95	52	52	67	68	54	16	0.601313	0.50864	2.8193e-06	4.68857e-06
96	61	60	77	78	62	23	0.544907	0.60714	3.06509e-06	5.62498e-06
97	54	51	57	59	48	13	0.646088	0.43682	2.59801e-06	4.02114e-06
98	45	44	42	45	31	24	0.666977	0.405	2.54474e-06	3.81534e-06
99	49	48	60	61	50	15	0.631549	0.45958	2.67796e-06	4.2403e-06
100	54	54	72	74	58	24	0.555926	0.58712	3.03109e-06	5.45232e-06
101	53	53	54	55	43	16	0.652464	0.427	2.58033e-06	3.95475e-06
102	62	62	65	65	52	18	0.606531	0.5	2.8055e-06	4.62549e-06
103	57	57	109	112	73	60	0.364452	1.00936	3.46598e-06	9.51012e-06
104	54	53	75	76	63	15	0.574773	0.55378	2.92388e-06	5.08702e-06
105	62	61	76	76	60	23	0.551794	0.59458	3.04153e-06	5.51208e-06
106	44	44	51	53	38	18	0.654005	0.42464	2.58209e-06	3.94812e-06
107	70	69	76	78	60	21	0.550494	0.59694	3.03801e-06	5.51871e-06
108	50	50	62	64	48	19	0.607247	0.49882	2.8068e-06	4.62218e-06
109	65	65	104	107	78	40	0.416462	0.87596	3.4005e-06	8.16522e-06
110	54	54	49	50	43	7	0.7049	0.3497	2.25167e-06	3.19431e-06
111	57	56	74	74	60	17	0.576131	0.55142	2.92697e-06	5.08039e-06
112	58	57	82	85	64	25	0.51618	0.6613	3.16231e-06	6.12638e-06
113	35	33	32	32	29	4	0.801428	0.22136	1.61797e-06	2.01886e-06
114	53	52	84	87	63	33	0.489358	0.71466	3.26125e-06	6.66434e-06
115	58	56	58	58	49	10	0.660182	0.41524	2.51219e-06	3.80529e-06
116	54	52	78	81	63	24	0.532017	0.63108	3.11094e-06	5.84745e-06
117	50	50	76	79	56	29	0.525177	0.64402	3.15118e-06	6.00022e-06
118	44	43	55	55	46	11	0.669315	0.4015	2.46916e-06	3.68908e-06
119	54	54	89	92	76	21	0.504161	0.68486	3.18074e-06	6.30898e-06
120	59	59	67	71	55	21	0.575233	0.55298	2.94725e-06	5.12358e-06
121	58	57	53	54	42	23	0.633548	0.45642	2.7054e-06	4.27023e-06
122	41	38	38	38	29	14	0.733418	0.31004	2.11875e-06	2.88887e-06
123	64	61	76	78	65	15	0.567599	0.56634	2.95146e-06	5.19991e-06
124	46	44	41	43	33	13	0.71438	0.33634	2.22742e-06	3.11798e-06
125	57	57	70	72	56	20	0.574555	0.55416	2.94568e-06	5.12689e-06
126	51	50	72	73	63	12	0.594735	0.51964	2.82991e-06	4.75827e-06
127	47	46	54	55	47	8	0.679635	0.3862	2.3989e-06	3.52968e-06
128	55	54	72	72	51	31	0.54321	0.61026	3.10246e-06	5.71136e-06
129	64	61	89	89	71	26	0.500814	0.69152	3.20787e-06	6.4053e-06
130	59	58	74	75	65	13	0.584324	0.5373	2.87739e-06	4.9243e-06
131	48	48	39	39	33	7	0.755315	0.28062	1.94372e-06	2.57339e-06
132	65	63	99	100	77	34	0.4487	0.8014	3.3434e-06	7.45129e-06
133	47	45	72	76	54	39	0.508556	0.67618	3.23554e-06	6.36221e-06
134	61	61	81	85	62	32	0.498077	0.697	3.23666e-06	6.49831e-06
135	52	52	71	71	54	21	0.575233	0.55298	2.94725e-06	5.12358e-06
136	45	45	55	57	43	19	0.634537	0.45486	2.68221e-06	4.22704e-06
137	56	55	61	62	50	14	0.630804	0.46076	2.67689e-06	4.24362e-06
138	75	75	85	88	58	43	0.462116	0.77194	3.35132e-06	7.25212e-06
139	60	58	70	70	57	15	0.596844	0.5161	2.83401e-06	4.74833e-06
140	41	40	49	49	42	9	0.702142	0.35362	2.27784e-06	3.24413e-06
141	46	45	56	57	47	12	0.657599	0.41916	2.53512e-06	3.85511e-06
142	50	50	73	74	58	24	0.555926	0.58712	3.03109e-06	5.45232e-06
143	68	67	95	97	78	21	0.488576	0.71626	3.22031e-06	6.59121e-06
144	52	52	63	66	54	16	0.608913	0.49608	2.78619e-06	4.57567e-06
145	51	48	73	74	57	20	0.567383	0.56672	2.97297e-06	5.23979e-06
146	56	54	84	86	73	15	0.539787	0.61658	3.0506e-06	5.65149e-06
147	53	51	67	69	54	17	0.594509	0.52002	2.85254e-06	4.79815e-06
148	60	59	67	68	53	22	0.583191	0.53924	2.92025e-06	5.00737e-06
149	55	55	82	85	65	29	0.505756	0.6817	3.20594e-06	6.33891e-06
150	48	47	67	69	55	17	0.594509	0.52002	2.85254e-06	4.79815e-06
151	49	49	51	52	45	8	0.69256	0.36736	2.32724e-06	3.36034e-06
152	51	51	43	44	35	12	0.713538	0.33752	2.22716e-06	3.12129e-06
153	53	53	85	90	61	44	0.454026	0.7896	3.36803e-06	7.41814e-06
154	45	44	38	39	32	9	0.74765	0.29082	2.00344e-06	2.67966e-06
155	57	56	66	68	51	25	0.574336	0.55454	2.96746e-06	5.16677e-06
156	51	48	58	63	52	11	0.63652	0.45174	2.63561e-06	4.14066e-06
157	61	61	88	90	68	31	0.485149	0.7233	3.2638e-06	6.72741e-06
158	44	44	39	39	31	8	0.751473	0.28572	1.97376e-06	2.62652e-06
159	69	67	76	79	58	29	0.525177	0.64402	3.15118e-06	6.00022e-06
160	49	45	64	66	48	29	0.569851	0.56238	3.00107e-06	5.2664e-06
161	60	60	81	83	66	22	0.530763	0.63344	3.10713e-06	5.85408e-06
162	53	52	74	75	65	11	0.590314	0.5271	2.84416e-06	4.81804e-06
163	59	57	74	76	61	17	0.56894	0.56398	2.95467e-06	5.19328e-06
164	57	56	79	80	56	31	0.516593	0.6605	3.18373e-06	6.16294e-06
165	36	35	34	34	26	12	0.759785	0.27472	1.94263e-06	2.55682e-06
166	62	61	90	94	72	26	0.485333	0.72292	3.24568e-06	6.68754e-06
167	45	45	62	65	52	15	0.615882	0.4847	2.75059e-06	4.46609e-06
168	55	52	66	67	50	24	0.58091	0.54316	2.93777e-06	5.05719e-06
169	48	46	66	67	49	23	0.58388	0.53806	2.92177e-06	5.00405e-06
170	50	47	65	66	60	7	0.637513	0.45018	2.61219e-06	4.09747e-06
171	54	52	46	46	37	10	0.711856	0.33988	2.22663e-06	3.12792e-06
172	47	47	55	56	48	8	0.67538	0.39248	2.422e-06	3.58613e-06
173	58	55	79	80	66	16	0.557663	0.584	2.99239e-06	5.36594e-06
174	45	44	58	59	43	26	0.604641	0.50312	2.84899e-06	4.71187e-06
175	63	62	58	58	52	7	0.67036	0.39994	2.44406e-06	3.64589e-06
176	46	46	48	48	35	18	0.674867	0.39324	2.47398e-06	3.66588e-06
177	59	58	82	84	64	29	0.508943	0.67542	3.19741e-06	6.28246e-06
178	51	51	76	80	57	36	0.503586	0.686	3.23736e-06	6.4286e-06
179	60	59	115	118	85	49	0.371228	0.99094	3.43918e-06	9.26434e-06
180	55	55	66	66	56	12	0.621462	0.47568	2.71153e-06	4.36314e-06
181	53	53	61	61	52	14	0.634778	0.45448	2.65792e-06	4.18717e-06
182	59	59	67	68	55	22	0.583191	0.53924	2.92025e-06	5.00737e-06
183	50	49	60	61	50	15	0.631549	0.45958	2.67796e-06	4.2403e-06
184	64	61	67	69	57	14	0.603675	0.50472	2.80029e-06	4.63875e-06
185	47	46	46	48	38	10	0.702971	0.35244	2.2782e-06	3.24082e-06
186	64	63	83	85	60	32	0.498077	0.697	3.23666e-06	6.49831e-06
187	51	50	63	66	52	18	0.602734	0.50628	2.82196e-06	4.68194e-06
188	48	47	66	70	49	26	0.564283	0.5722	3.0092e-06	5.3328e-06
189	55	54	85	90	66	31	0.485149	0.7233	3.2638e-06	6.72741e-06
190	41	39	49	50	40	11	0.690665	0.3701	2.35299e-06	3.40685e-06
191	59	59	86	87	64	29	0.499444	0.69426	3.22231e-06	6.4518e-06
192	40	40	40	43	32	12	0.718033	0.33124	2.20066e-06	3.06485e-06
193	65	65	70	72	57	18	0.580445	0.54396	2.9142e-06	5.02062e-06
194	67	62	78	79	61	29	0.525177	0.64402	3.15118e-06	6.00022e-06
195	57	55	49	53	39	17	0.657349	0.41954	2.56037e-06	3.89499e-06
196	59	54	71	73	54	22	0.565164	0.57064	2.98949e-06	5.28961e-06
197	52	50	101	102	73	41	0.42756	0.84966	3.39317e-06	7.93612e-06
198	56	55	66	67	60	7	0.633522	0.45646	2.6316e-06	4.15392e-06
199	54	54	64	65	51	17	0.609632	0.4949	2.78746e-06	4.57236e-06
200	60	58	61	66	47	30	0.566952	0.56748	3.01592e-06	5.31954e-06
201	57	57	58	58	50	11	0.656823	0.42034	2.5343e-06	3.85843e-06
202	53	52	63	65	52	14	0.619031	0.4796	2.73176e-06	4.41296e-06
203	48	46	68	68	53	18	0.595211	0.51884	2.85394e-06	4.79483e-06
204	53	53	66	70	50	30	0.552888	0.5926	3.06594e-06	5.54533e-06
205	53	51	76	78	59	38	0.504776	0.68364	3.24166e-06	6.42197e-06
206	53	52	66	69	59	11	0.612982	0.48942	2.74576e-06	4.47935e-06
207	56	54	68	72	53	25	0.560089	0.57966	3.02031e-06	5.39256e-06
208	65	64	66	69	53	21	0.582504	0.54042	2.91874e-06	5.01068e-06
209	61	60	68	71	50	33	0.541084	0.61418	3.11728e-06	5.76118e-06
210	43	43	36	39	32	8	0.751473	0.28572	1.97376e-06	2.62652e-06
211	68	66	110	113	87	39	0.403112	0.90854	3.40661e-06	8.45077e-06
212	49	48	72	72	61	12	0.598481	0.51336	2.81395e-06	4.70183e-06
213	65	62	68	71	52	25	0.563617	0.57338	3.00752e-06	5.33611e-06
214	53	53	102	105	80	43	0.415322	0.8787	3.41051e-06	8.21173e-06
215	63	63	81	82	69	15	0.553519	0.59146	3.00323e-06	5.4257e-06
216	57	56	83	86	56	54	0.442427	0.81548	3.41717e-06	7.72369e-06
217	42	42	61	61	51	11	0.644565	0.43918	2.59616e-06	4.02777e-06
218	62	62	83	87	66	33	0.489358	0.71466	3.26125e-06	6.66434e-06
219	44	43	76	76	62	16	0.571849	0.55888	2.93939e-06	5.14015e-06
220	70	69	90	95	72	36	0.458314	0.7802	3.33438e-06	7.27532e-06
221	50	47	68	68	54	20	0.58917	0.52904	2.88758e-06	4.9011e-06
222	49	49	59	60	47	19	0.622694	0.4737	2.7376e-06	4.39639e-06
223	55	55	103	108	74	62	0.369931	0.99444	3.47387e-06	9.3906e-06
224	50	50	69	73	55	24	0.559428	0.58084	3.0186e-06	5.39587e-06
225	58	57	118	120	83	56	0.353738	1.0392	3.44865e-06	9.74917e-06
226	48	48	64	67	43	47	0.516614	0.66046	3.24395e-06	6.27925e-06
227	52	51	65	67	50	26	0.575015	0.55336	2.96906e-06	5.16345e-06
228	57	57	86	89	69	25	0.503375	0.68642	3.19752e-06	6.35217e-06
229	62	61	102	103	82	28	0.454008	0.78964	3.31509e-06	7.30183e-06
230	50	48	66	69	54	22	0.57954	0.54552	2.93468e-06	5.06381e-06
231	45	43	42	44	33	13	0.709908	0.34262	2.25355e-06	3.17443e-06
232	54	52	78	80	56	41	0.490907	0.7115	3.28627e-06	6.69427e-06
233	46	46	58	58	51	8	0.66695	0.40504	2.46707e-06	3.69903e-06
234	58	58	60	60	48	13	0.642043	0.4431	2.61799e-06	4.07759e-06
235	57	57	76	76	61	24	0.548987	0.59968	3.05523e-06	5.56521e-06
236	64	63	85	87	65	29	0.499444	0.69426	3.22231e-06	6.4518e-06
237	46	45	77	78	58	38	0.504776	0.68364	3.24166e-06	6.42197e-06
238	69	68	86	89	54	81	0.378318	0.97202	3.52881e-06	9.32763e-06
239	51	51	49	49	41	10	0.69857	0.35872	2.30337e-06	3.29726e-06
240	50	49	63	65	53	16	0.612749	0.4898	2.76915e-06	4.51923e-06
241	55	54	70	72	56	23	0.565831	0.56946	2.99115e-06	5.28629e-06
242	56	56	92	92	67	45	0.446079	0.80726	3.38314e-06	7.58417e-06
243	59	58	70	74	60	16	0.579077	0.54632	2.91117e-06	5.02725e-06
244	39	38	60	60	51	9	0.655275	0.4227	2.53267e-06	3.86505e-06
245	65	64	97	98	73	42	0.436206	0.82964	3.38647e-06	7.76346e-06
246	47	47	59	60	53	8	0.658626	0.4176	2.51063e-06	3.81192e-06
247	77	77	119	119	101	21	0.42553	0.85442	3.3332e-06	7.83306e-06
248	62	61	90	95	68	43	0.442241	0.8159	3.38193e-06	7.64725e-06
249	54	53	62	63	49	16	0.620494	0.47724	2.7341e-06	4.40633e-06
250	45	45	55	58	47	13	0.650158	0.43054	2.57768e-06	3.96469e-06
251	53	52	77	77	64	23	0.54834	0.60086	3.05345e-06	5.56853e-06
252	60	60	65	66	53	14	0.615156	0.48588	2.74938e-06	4.46941e-06
253	59	59	77	78	59	22	0.547693	0.60204	3.05166e-06	5.57184e-06
254	52	52	72	75	56	24	0.552446	0.5934	3.04329e-06	5.50877e-06
255	48	48	62	63	47	20	0.607964	0.49764	2.8081e-06	4.61886e-06
256	57	56	77	78	62	20	0.553308	0.59184	3.02415e-06	5.46558e-06
257	52	51	51	52	38	19	0.654777	0.42346	2.58297e-06	3.94481e-06
258	57	57	77	78	57	37	0.507357	0.67854	3.23128e-06	6.36884e-06
259	56	55	63	63	54	10	0.639774	0.44664	2.6151e-06	4.08753e-06
260	37	37	41	41	31	13	0.723409	0.32378	2.17391e-06	3.00508e-06
261	60	60	71	72	58	17	0.583413	0.53886	2.8981e-06	4.96749e-06
262	42	40	45	45	35	15	0.698305	0.3591	2.33034e-06	3.33714e-06
263	67	66	75	76	63	16	0.571849	0.55888	2.93939e-06	5.14015e-06
264	49	48	66	66	56	12	0.621462	0.47568	2.71153e-06	4.36314e-06
265	53	52	68	71	57	20	0.578174	0.54788	2.9316e-06	5.07044e-06
266	53	52	55	56	41	23	0.62564	0.46898	2.74226e-06	4.38313e-06
267	67	64	94	96	75	43	0.439473	0.82218	3.38556e-06	7.7037e-06
268	57	56	75	76	56	26	0.543416	0.60988	3.08197e-06	5.67148e-06
269	45	45	67	68	51	30	0.559876	0.58004	3.04149e-06	5.43243e-06
270	61	61	82	85	63	40	0.478165	0.7378	3.31051e-06	6.92337e-06
271	43	42	43	44	36	10	0.720853	0.32732	2.17339e-06	3.01503e-06
272	69	67	106	110	82	40	0.408689	0.8948	3.40625e-06	8.33456e-06
273	49	48	53	54	37	22	0.636787	0.45132	2.6854e-06	4.2171e-06
274	54	53	99	104	70	63	0.377411	0.97442	3.47895e-06	9.21794e-06
275	52	52	61	62	50	14	0.630804	0.46076	2.67689e-06	4.24362e-06
276	52	52	65	66	49	26	0.578637	0.54708	2.9551e-06	5.107e-06
277	57	56	63	66	46	31	0.564068	0.57258	3.03055e-06	5.37267e-06
278	50	49	62	63	50	15	0.623666	0.47214	2.71494e-06	4.3532e-06
279	68	67	100	103	80	28	0.454008	0.78964	3.31509e-06	7.30183e-06
280	56	56	63	64	54	10	0.635769	0.45292	2.63461e-06	4.14398e-06
281	65	65	69	70	60	11	0.609144	0.4957	2.76296e-06	4.5358e-06
282	50	50	60	60	51	12	0.645326	0.438	2.59708e-06	4.02445e-06
283	48	47	47	48	42	7	0.713809	0.33714	2.19954e-06	3.08142e-06
284	54	54	63	64	54	13	0.626116	0.46822	2.69441e-06	4.30338e-06
285	58	58	62	63	50	15	0.623666	0.47214	2.71494e-06	4.3532e-06
286	58	56	90	92	71	25	0.49398	0.70526	3.2215e-06	6.52151e-06
287	54	52	64	65	54	15	0.615882	0.4847	2.75059e-06	4.46609e-06
288	63	61	77	78	61	23	0.544907	0.60714	3.06509e-06	5.62498e-06
289	46	44	31	34	24	11	0.76367	0.26962	1.91199e-06	2.50368e-06
290	49	47	53	54	45	11	0.673532	0.39522	2.4467e-06	3.63264e-06
291	51	50	51	51	40	14	0.67592	0.39168	2.44865e-06	3.62269e-06
292	52	51	72	73	57	21	0.568053	0.56554	2.9746e-06	5.23647e-06
293	55	55	73	74	56	25	0.553098	0.59222	3.04505e-06	5.50545e-06
294	64	62	77	83	62	28	0.514767	0.66404	3.1776e-06	6.17288e-06
295	59	58	47	49	38	18	0.670642	0.39952	2.49635e-06	3.72233e-06
296	38	36	43	43	34	10	0.725394	0.32104	2.14614e-06	2.95858e-06
297	64	62	78	80	60	37	0.501025	0.6911	3.24751e-06	6.48174e-06
298	47	45	70	72	57	21	0.571632	0.55926	2.96107e-06	5.18002e-06
299	76	75	125	128	85	72	0.310044	1.17104	3.42626e-06	1.10509e-05
300	51	51	50	52	44	12	0.678575	0.38776	2.42446e-06	3.57287e-06
301	56	54	69	71	51	37	0.530158	0.63458	3.16701e-06	5.97371e-06
302	48	47	57	58	48	11	0.656823	0.42034	2.5343e-06	3.85843e-06
303	58	58	72	74	53	27	0.547485	0.60242	3.07233e-06	5.61172e-06
304	59	58	80	84	62	27	0.51416	0.66522	3.17555e-06	6.17619e-06
305	62	60	93	96	69	52	0.419757	0.86808	3.43441e-06	8.1819e-06
306	54	53	78	86	64	33	0.492441	0.70838	3.254e-06	6.60789e-06
307	48	47	46	47	37	12	0.70022	0.35636	2.30417e-06	3.29064e-06
308	54	52	84	85	64	31	0.500624	0.6919	3.22661e-06	6.44518e-06
309	52	52	67	70	52	24	0.570068	0.562	2.97948e-06	5.22653e-06
310	59	58	80	84	54	56	0.443472	0.81312	3.4223e-06	7.71706e-06
311	56	53	60	63	47	17	0.617337	0.48234	2.75299e-06	4.45946e-06
312	42	40	39	43	35	11	0.721704	0.32614	2.17357e-06	3.01171e-06
313	60	59	75	77	52	43	0.495167	0.70286	3.28355e-06	6.63119e-06
314	69	65	84	85	64	36	0.488019	0.7174	3.27502e-06	6.71084e-06
315	67	66	97	99	77	31	0.458489	0.77982	3.31737e-06	7.23544e-06
316	48	47	75	77	57	26	0.540014	0.61616	3.09316e-06	5.72793e-06
317	37	36	45	45	37	8	0.723684	0.3234	2.14587e-06	2.96521e-06
318	52	51	62	65	49	20	0.600375	0.5102	2.84083e-06	4.73176e-06
319	53	53	70	71	53	28	0.555059	0.58868	3.05033e-06	5.49551e-06
320	56	55	76	82	57	43	0.47986	0.73426	3.31748e-06	6.91343e-06
321	48	47	63	66	44	27	0.575693	0.55218	2.97066e-06	5.16014e-06
322	61	61	69	71	58	18	0.584102	0.53768	2.89958e-06	4.96418e-06
323	43	42	63	64	51	15	0.619762	0.47842	2.73293e-06	4.40964e-06
324	68	67	97	99	73	34	0.451527	0.79512	3.33897e-06	7.39484e-06
325	49	45	49	51	38	17	0.665658	0.40698	2.51758e-06	3.78209e-06
326	52	48	80	81	63	26	0.526618	0.64128	3.13534e-06	5.95372e-06
327	53	51	77	81	61	36	0.500434	0.69228	3.24534e-06	6.48505e-06
328	55	55	81	86	64	29	0.50259	0.68798	3.21424e-06	6.39536e-06
329	59	57	89	89	66	29	0.49321	0.70682	3.23778e-06	6.5647e-06
330	52	52	76	77	58	32	0.52374	0.64676	3.16691e-06	6.04673e-06
331	42	42	35	36	26	14	0.742687	0.29748	2.06168e-06	2.77598e-06
332	48	48	29	30	22	9	0.791124	0.2343	1.71803e-06	2.17163e-06
333	69	67	88	91	72	24	0.499634	0.69388	3.20362e-06	6.41193e-06
334	50	50	73	78	55	41	0.497112	0.69894	3.27168e-06	6.58137e-06
335	50	47	81	84	60	35	0.493605	0.70602	3.25841e-06	6.60126e-06
336	54	52	64	65	56	10	0.631789	0.4592	2.65378e-06	4.20043e-06
337	65	62	73	73	63	11	0.597776	0.51454	2.81262e-06	4.70514e-06
338	58	57	74	75	59	20	0.563831	0.573	2.98618e-06	5.29623e-06
339	56	55	69	71	61	10	0.608426	0.49688	2.76171e-06	4.53911e-06
340	62	58	64	66	49	22	0.590562	0.52668	2.89049e-06	4.89447e-06
341	45	43	62	63	51	14	0.626855	0.46704	2.69552e-06	4.30006e-06
342	62	61	73	75	65	11	0.590314	0.5271	2.84416e-06	4.81804e-06
343	50	48	41	44	35	12	0.713538	0.33752	2.22716e-06	3.12129e-06
344	54	54	77	77	63	18	0.562502	0.57536	2.98287e-06	5.30286e-06
345	54	52	90	90	78	13	0.531794	0.6315	3.06899e-06	5.77102e-06
346	53	52	53	54	38	32	0.605125	0.50232	2.8734e-06	4.74843e-06
347	58	57	68	70	56	18	0.587781	0.5314	2.88467e-06	4.90773e-06
348	59	57	103	105	73	57	0.386702	0.9501	3.46315e-06	8.95559e-06
349	63	61	55	56	44	16	0.648379	0.43328	2.60078e-06	4.0112e-06
350	46	46	37	37	33	4	0.776654	0.25276	1.78715e-06	2.30109e-06
351	74	73	89	91	69	29	0.487054	0.71938	3.25235e-06	6.67759e-06
352	51	50	67	69	55	21	0.582504	0.54042	2.91874e-06	5.01068e-06
353	44	44	65	67	45	34	0.552026	0.59416	3.08501e-06	5.58852e-06
354	55	54	59	61	51	17	0.62514	0.46978	2.71721e-06	4.34657e-06
355	56	54	76	79	58	29	0.525177	0.64402	3.15118e-06	6.00022e-06
356	61	59	66	67	54	15	0.608195	0.49726	2.78492e-06	4.57899e-06
357	54	52	59	60	49	18	0.625878	0.4686	2.71835e-06	4.34325e-06
358	56	55	71	74	59	25	0.553098	0.59222	3.04505e-06	5.50545e-06
359	54	54	76	77	60	24	0.54555	0.60596	3.0669e-06	5.62166e-06
360	60	60	81	84	63	25	0.519432	0.65502	3.15291e-06	6.06993e-06
361	52	51	81	83	57	36	0.494188	0.70484	3.26062e-06	6.59795e-06
362	62	61	61	63	53	15	0.623666	0.47214	2.71494e-06	4.3532e-06
363	55	54	66	68	56	14	0.607478	0.49844	2.78365e-06	4.5823e-06
364	46	44	60	63	49	19	0.611072	0.49254	2.78999e-06	4.56573e-06
365	60	59	60	61	51	17	0.62514	0.46978	2.71721e-06	4.34657e-06
366	63	62	78	82	57	50	0.463032	0.76996	3.37335e-06	7.28536e-06
367	66	66	90	93	68	33	0.471263	0.75234	3.30026e-06	7.00302e-06
368	48	48	39	40	30	17	0.713267	0.3379	2.25476e-06	3.16117e-06
369	55	55	66	68	49	26	0.571415	0.55964	2.98273e-06	5.2199e-06
370	52	52	56	56	40	20	0.635286	0.45368	2.68328e-06	4.22373e-06
371	58	55	73	74	60	18	0.5732	0.55652	2.94254e-06	5.13352e-06
372	56	55	99	99	82	21	0.482478	0.72882	3.23459e-06	6.70411e-06
373	50	49	72	74	61	18	0.5732	0.55652	2.94254e-06	5.13352e-06
374	60	60	66	67	58	11	0.620729	0.47686	2.71039e-06	4.36645e-06
375	42	41	57	57	48	10	0.664341	0.40896	2.49051e-06	3.74885e-06
376	67	66	77	78	63	16	0.564712	0.57144	2.96646e-06	5.25304e-06
377	48	45	54	57	42	18	0.637781	0.44976	2.66204e-06	4.17391e-06
378	48	47	50	53	38	22	0.640799	0.44504	2.66614e-06	4.16065e-06
379	53	49	59	59	44	24	0.61084	0.49292	2.81329e-06	4.60561e-06
380	57	56	61	62	52	14	0.630804	0.46076	2.67689e-06	4.24362e-06
381	57	57	66	66	49	21	0.593582	0.52158	2.87373e-06	4.84134e-06
382	30	28	39	41	35	6	0.749702	0.28808	1.97408e-06	2.63315e-06
383	46	45	75	76	61	20	0.560302	0.57928	2.99912e-06	5.35268e-06
384	59	59	65	68	53	22	0.583191	0.53924	2.92025e-06	5.00737e-06
385	67	65	110	113	84	42	0.396992	0.92384	3.41817e-06	8.61017e-06
386	49	48	55	57	42	18	0.637781	0.44976	2.66204e-06	4.17391e-06
387	52	52	59	59	50	10	0.656049	0.42152	2.53349e-06	3.86174e-06
388	53	53	69	73	56	19	0.573877	0.55534	2.94411e-06	5.13021e-06
389	43	40	52	53	41	14	0.667484	0.40424	2.49344e-06	3.73559e-06
390	57	55	91	93	66	39	0.45706	0.78294	3.34651e-06	7.32182e-06
391	58	57	65	66	54	15	0.612026	0.49098	2.76791e-06	4.52254e-06
392	62	57	81	82	62	25	0.525997	0.64246	3.13338e-06	5.95703e-06
393	44	43	47	49	43	9	0.702142	0.35362	2.27784e-06	3.24413e-06
394	63	59	94	94	68	36	0.461202	0.77392	3.32935e-06	7.21887e-06
395	50	50	66	68	54	19	0.592183	0.52394	2.87088e-06	4.84797e-06
396	56	54	97	100	71	41	0.432964	0.8371	3.38718e-06	7.82322e-06
397	54	53	58	60	49	13	0.642043	0.4431	2.61799e-06	4.07759e-06
398	44	44	63	68	49	22	0.583191	0.53924	2.92025e-06	5.00737e-06
399	58	56	65	67	51	25	0.577955	0.54826	2.95353e-06	5.11032e-06
400	62	58	69	69	56	18	0.591484	0.52512	2.86946e-06	4.85128e-06
401	63	63	96	99	78	24	0.475152	0.74412	3.26121e-06	6.86351e-06
402	45	44	57	58	47	12	0.653482	0.42544	2.55613e-06	3.91156e-06
403	48	47	66	69	52	27	0.564949	0.57102	3.01088e-06	5.32948e-06
404	51	51	75	76	63	14	0.577712	0.54868	2.90813e-06	5.03388e-06
405	60	55	77	77	61	19	0.559641	0.58046	2.99743e-06	5.356e-06
406	54	52	81	83	60	28	0.514767	0.66404	3.1776e-06	6.17288e-06
407	42	41	42	43	38	5	0.74413	0.29554	2.00388e-06	2.69291e-06
408	58	58	87	90	65	41	0.461026	0.7743	3.34647e-06	7.25875e-06
409	70	66	93	98	75	38	0.445196	0.80924	3.36164e-06	7.55093e-06
410	58	57	72	75	55	27	0.544058	0.6087	3.08381e-06	5.66817e-06
411	50	49	65	68	52	28	0.565616	0.56984	3.01256e-06	5.32617e-06
412	58	57	73	74	60	17	0.576131	0.55142	2.92697e-06	5.08039e-06
413	51	49	51	53	43	12	0.674327	0.39404	2.44735e-06	3.62932e-06
414	65	59	88	89	69	25	0.503375	0.68642	3.19752e-06	6.35217e-06
415	55	54	56	56	47	20	0.635286	0.45368	2.68328e-06	4.22373e-06
416	48	46	63	64	50	19	0.607247	0.49882	2.8068e-06	4.62218e-06
417	59	57	68	70	57	17	0.590787	0.5263	2.86803e-06	4.8546e-06
418	53	51	61	62	51	15	0.627595	0.46586	2.69662e-06	4.29675e-06
419	65	64	64	66	47	39	0.541517	0.61338	3.13958e-06	5.79774e-06
420	47	46	58	59	48	15	0.639531	0.44702	2.6396e-06	4.12741e-06
421	54	53	74	77	56	27	0.537267	0.62126	3.10597e-06	5.78106e-06
422	52	51	100	103	73	42	0.422722	0.86104	3.4011e-06	8.0457e-06
423	35	35	58	59	45	20	0.623429	0.47252	2.73877e-06	4.39307e-06
424	56	54	57	58	47	13	0.650158	0.43054	2.57768e-06	3.96469e-06
425	52	51	64	69	48	36	0.539604	0.61692	3.13385e-06	5.80768e-06
426	60	59	81	85	61	36	0.488019	0.7174	3.27502e-06	6.71084e-06
427	41	40	60	63	46	23	0.598733	0.51294	2.8609e-06	4.77826e-06
428	66	64	55	56	45	13	0.658375	0.41798	2.53593e-06	3.8518e-06
429	48	45	64	64	47	24	0.591958	0.52432	2.8934e-06	4.88784e-06
430	50	47	41	41	35	9	0.738318	0.30338	2.06179e-06	2.79255e-06
431	52	51	60	67	45	36	0.546424	0.60436	3.11177e-06	5.69478e-06
432	59	58	77	78	61	23	0.544907	0.60714	3.06509e-06	5.62498e-06
433	56	56	60	61	46	24	0.603216	0.50548	2.84627e-06	4.7185e-06
434	56	54	81	81	65	18	0.548548	0.60048	3.03273e-06	5.52865e-06
435	61	61	71	72	58	17	0.583413	0.53886	2.8981e-06	4.96749e-06
436	33	33	37	39	28	14	0.728826	0.31632	2.14663e-06	2.94532e-06
437	54	52	70	71	56	15	0.593107	0.52238	2.84975e-06	4.80478e-06
438	62	60	87	89	73	18	0.52167	0.65072	3.11971e-06	5.98023e-06
439	54	52	65	66	51	20	0.596617	0.51648	2.85672e-06	4.78821e-06
440	53	51	71	72	60	14	0.592408	0.52356	2.84835e-06	4.80809e-06
441	47	47	75	77	56	30	0.529109	0.63656	3.14315e-06	5.94046e-06
442	57	55	56	60	48	18	0.625878	0.4686	2.71835e-06	4.34325e-06
443	60	58	86	88	67	24	0.509136	0.67504	3.17833e-06	6.24259e-06
444	61	60	74	76	65	13	0.580666	0.54358	2.89215e-06	4.98075e-06
445	43	43	60	60	45	19	0.622694	0.4737	2.7376e-06	4.39639e-06
446	48	48	54	55	43	13	0.662523	0.4117	2.51451e-06	3.79535e-06
447	50	48	69	70	53	23	0.572983	0.5569	2.96427e-06	5.1734e-06
448	61	59	59	60	53	9	0.655275	0.4227	2.53267e-06	3.86505e-06
449	54	53	81	82	63	23	0.53139	0.63226	3.10904e-06	5.85077e-06
450	50	50	48	48	43	5	0.721127	0.32694	2.14546e-06	2.97515e-06
451	57	57	64	66	41	35	0.552678	0.59298	3.08682e-06	5.5852e-06
452	54	53	57	60	49	12	0.645326	0.438	2.59708e-06	4.02445e-06
453	62	61	70	72	54	22	0.568724	0.56436	2.97622e-06	5.23316e-06
454	45	43	40	43	30	19	0.692851	0.36694	2.38118e-06	3.43678e-06
455	71	71	65	69	53	19	0.588475	0.53022	2.88613e-06	4.90442e-06
456	50	50	62	63	55	9	0.643045	0.44154	2.5943e-06	4.0344e-06
457	62	61	65	67	49	24	0.58091	0.54316	2.93777e-06	5.05719e-06
458	54	54	73	73	52	25	0.556582	0.58594	3.03282e-06	5.449e-06
459	59	59	61	61	54	7	0.657849	0.41878	2.50985e-06	3.81524e-06
460	58	57	74	74	60	17	0.576131	0.55142	2.92697e-06	5.08039e-06
461	37	37	53	54	46	13	0.666697	0.40542	2.49271e-06	3.7389e-06
462	63	62	49	50	42	9	0.697746	0.3599	2.30297e-06	3.30058e-06
463	52	48	79	80	64	19	0.549196	0.5993	3.03449e-06	5.52534e-06
464	42	40	53	56	41	22	0.628839	0.46388	2.72287e-06	4.33e-06
465	59	54	82	83	62	30	0.509544	0.67424	3.1995e-06	6.27915e-06
466	48	46	57	59	46	21	0.620258	0.47762	2.75779e-06	4.44621e-06
467	55	55	66	67	56	15	0.608195	0.49726	2.78492e-06	4.57899e-06
468	50	46	66	69	52	31	0.553541	0.59142	3.06773e-06	5.54201e-06
469	59	58	96	99	62	81	0.35529	1.03482	3.51457e-06	9.8921e-06
470	58	57	60	64	45	34	0.562525	0.57532	3.04842e-06	5.41918e-06
471	64	63	94	101	69	44	0.423721	0.85868	3.40632e-06	8.03907e-06
472	47	46	47	48	41	10	0.702971	0.35244	2.2782e-06	3.24082e-06
473	48	46	80	82	51	41	0.48478	0.72406	3.29998e-06	6.80716e-06
474	51	50	63	63	47	21	0.604871	0.50274	2.82596e-06	4.672e-06
475	55	55	51	53	49	4	0.702409	0.35324	2.2507e-06	3.20426e-06
476	55	54	95	100	83	22	0.477019	0.7402	3.25026e-06	6.81369e-06
477	68	65	87	91	67	35	0.472376	0.74998	3.30493e-06	6.99639e-06
478	59	59	65	68	51	23	0.580225	0.54434	2.93623e-06	5.0605e-06
479	59	59	50	52	38	19	0.654777	0.42346	2.58297e-06	3.94481e-06
480	66	64	56	56	47	10	0.668526	0.40268	2.46846e-06	3.6924e-06
481	48	46	45	47	43	4	0.72938	0.31556	2.09009e-06	2.86557e-06
482	52	49	57	58	50	11	0.656823	0.42034	2.5343e-06	3.85843e-06
483	52	51	51	51	41	12	0.68285	0.38148	2.40119e-06	3.51643e-06
484	40	40	61	62	55	8	0.650405	0.43016	2.55272e-06	3.92482e-06
485	56	56	87	88	62	36	0.478911	0.73624	3.295e-06	6.88018e-06
486	58	55	63	67	45	34	0.552026	0.59416	3.08501e-06	5.58852e-06
487	60	58	60	63	51	13	0.63006	0.46194	2.67582e-06	4.24693e-06
488	42	41	45	45	35	12	0.709071	0.3438	2.25324e-06	3.17774e-06
489	67	66	89	91	71	30	0.484576	0.72448	3.26155e-06	6.73073e-06
490	65	64	96	98	68	41	0.438437	0.82454	3.38049e-06	7.71033e-06
491	56	55	90	94	71	30	0.475533	0.74332	3.28121e-06	6.90007e-06
492	48	48	67	69	55	17	0.594509	0.52002	2.85254e-06	4.79815e-06
493	50	50	69	70	58	16	0.593808	0.5212	2.85115e-06	4.80146e-06
494	56	55	82	83	63	25	0.522704	0.64874	3.14327e-06	6.01348e-06
495	62	61	58	58	47	15	0.64356	0.44074	2.61991e-06	4.07096e-06
496	61	60	71	73	56	21	0.568053	0.56554	2.9746e-06	5.23647e-06
497	46	44	52	52	44	10	0.685532	0.37756	2.37647e-06	3.46661e-06
498	65	64	62	63	52	13	0.63006	0.46194	2.67582e-06	4.24693e-06
499	49	47	60	63	51	15	0.623666	0.47214	2.71494e-06	4.3532e-06
500	60	57	73	77	58	26	0.540014	0.61616	3.09316e-06	5.72793e-06
501	53	52	37	37	29	9	0.7571	0.27826	1.94329e-06	2.56676e-06
502	43	42	47	48	36	13	0.692297	0.36774	2.35396e-06	3.40022e-06
503	57	57	66	72	46	49	0.495563	0.70206	3.30429e-06	6.66775e-06
504	70	68	79	80	60	45	0.480994	0.7319	3.32213e-06	6.9068e-06
505	62	62	70	72	57	18	0.580445	0.54396	2.9142e-06	5.02062e-06
506	44	44	50	50	40	17	0.669851	0.4007	2.49563e-06	3.72564e-06
507	70	70	78	80	62	25	0.532645	0.6299	3.11285e-06	5.84414e-06
508	50	49	72	74	63	12	0.591011	0.52592	2.84555e-06	4.81472e-06
509	65	64	86	87	65	30	0.496903	0.69936	3.23232e-06	6.50494e-06
510	54	54	81	82	65	21	0.536837	0.62206	3.08386e-06	5.7445e-06
511	49	48	64	65	45	29	0.573441	0.5561	2.9876e-06	5.20996e-06
512	58	57	57	57	46	13	0.654254	0.42426	2.55698e-06	3.90824e-06
513	58	57	89	90	64	36	0.472934	0.7488	3.30726e-06	6.99308e-06
514	63	62	84	86	64	31	0.49749	0.69818	3.23449e-06	6.50162e-06
515	45	44	59	59	45	15	0.639531	0.44702	2.6396e-06	4.12741e-06
516	72	67	77	79	59	27	0.530561	0.63382	3.1271e-06	5.89396e-06
517	52	51	60	61	46	20	0.615648	0.48508	2.77409e-06	4.50597e-06
518	57	55	88	92	73	28	0.48648	0.72056	3.25013e-06	6.68091e-06
519	60	60	87	89	70	23	0.508536	0.67622	3.17626e-06	6.2459e-06
520	52	52	70	72	58	18	0.580445	0.54396	2.9142e-06	5.02062e-06
521	58	57	75	77	59	28	0.534534	0.62636	3.11858e-06	5.83419e-06
522	57	56	83	83	68	21	0.533477	0.62834	3.09467e-06	5.80095e-06
523	70	67	85	88	68	24	0.509136	0.67504	3.17833e-06	6.24259e-06
524	46	45	49	51	42	11	0.686341	0.37638	2.377e-06	3.46329e-06
525	51	50	65	67	54	20	0.592882	0.52276	2.87231e-06	4.84465e-06
526	51	51	65	68	56	13	0.610584	0.49334	2.76544e-06	4.52917e-06
527	55	55	65	67	56	11	0.620729	0.47686	2.71039e-06	4.36645e-06
528	55	53	84	84	62	35	0.493605	0.70602	3.25841e-06	6.60126e-06
529	56	54	66	69	47	38	0.534128	0.62712	3.1588e-06	5.91395e-06
530	59	59	55	59	45	17	0.633041	0.45722	2.68009e-06	4.23367e-06
531	52	51	61	61	50	13	0.638024	0.44938	2.63761e-06	4.13404e-06
532	65	65	110	114	86	39	0.400589	0.91482	3.4079e-06	8.50722e-06
533	47	45	58	58	52	7	0.67036	0.39994	2.44406e-06	3.64589e-06
534	54	52	77	79	62	21	0.547047	0.60322	3.04987e-06	5.57516e-06
535	52	51	64	69	47	31	0.553541	0.59142	3.06773e-06	5.54201e-06
536	60	60	59	60	53	8	0.658626	0.4176	2.51063e-06	3.81192e-06
537	56	56	89	92	62	42	0.452956	0.79196	3.3631e-06	7.42477e-06
538	60	58	71	71	60	14	0.59614	0.51728	2.83264e-06	4.75164e-06
539	60	60	61	61	50	13	0.638024	0.44938	2.63761e-06	4.13404e-06
540	41	39	51	54	35	32	0.605125	0.50232	2.8734e-06	4.74843e-06
541	66	64	82	84	67	22	0.52744	0.63972	3.11745e-06	5.91053e-06
542	48	48	71	73	54	35	0.528908	0.63694	3.16305e-06	5.98034e-06
543	82	79	80	83	68	18	0.541702	0.61304	3.05604e-06	5.64155e-06
544	51	49	58	58	38	51	0.535615	0.62434	3.20499e-06	5.98375e-06
545	52	48	61	61	51	13	0.638024	0.44938	2.63761e-06	4.13404e-06
546	56	54	96	98	85	14	0.503164	0.68684	3.15772e-06	6.27573e-06
547	61	60	90	92	66	45	0.446079	0.80726	3.38314e-06	7.58417e-06
548	56	55	69	70	53	26	0.564283	0.5722	3.0092e-06	5.3328e-06
549	49	47	59	59	46	19	0.626617	0.46742	2.71948e-06	4.33994e-06
550	55	55	55	58	47	17	0.637029	0.45094	2.66101e-06	4.17723e-06
551	49	48	79	82	61	29	0.515375	0.66286	3.17964e-06	6.16957e-06
552	62	62	69	74	53	36	0.522924	0.64832	3.18456e-06	6.08992e-06
553	53	53	68	70	55	20	0.581817	0.5416	2.91723e-06	5.014e-06
554	61	58	65	66	51	17	0.605815	0.50118	2.8042e-06	4.62881e-06
555	57	55	64	69	50	32	0.550725	0.59652	3.08139e-06	5.59515e-06
556	55	52	70	71	49	49	0.498685	0.69578	3.29696e-06	6.61131e-06
557	61	58	90	94	66	60	0.408069	0.89632	3.46616e-06	8.49407e-06
558	44	44	74	76	58	23	0.551794	0.59458	3.04153e-06	5.51208e-06
559	69	69	61	63	50	15	0.623666	0.47214	2.71494e-06	4.3532e-06
560	49	48	66	70	55	22	0.575912	0.5518	2.94882e-06	5.12026e-06
561	60	59	82	85	65	28	0.508342	0.6766	3.19533e-06	6.28578e-06
562	54	54	62	63	51	21	0.604871	0.50274	2.82596e-06	4.672e-06
563	52	50	62	64	50	18	0.610352	0.49372	2.78872e-06	4.56904e-06
564	57	54	67	67	56	14	0.611305	0.49216	2.76668e-06	4.52585e-06
565	43	43	84	87	62	29	0.499444	0.69426	3.22231e-06	6.4518e-06
566	62	61	85	90	62	43	0.456348	0.7845	3.36101e-06	7.36501e-06
567	45	43	77	79	59	33	0.514572	0.66442	3.19691e-06	6.21276e-06
568	71	71	81	83	59	34	0.499254	0.69464	3.241e-06	6.49168e-06
569	50	50	81	84	64	27	0.51416	0.66522	3.17555e-06	6.17619e-06
570	60	59	110	113	82	43	0.394972	0.92894	3.42176e-06	8.66331e-06
571	62	60	100	103	68	60	0.385644	0.95284	3.47161e-06	9.00209e-06
572	52	51	65	66	58	8	0.63427	0.45528	2.63261e-06	4.15061e-06
573	58	57	78	81	61	28	0.521274	0.65148	3.15891e-06	6.05999e-06
574	54	54	50	53	42	14	0.667484	0.40424	2.49344e-06	3.73559e-06
575	59	57	60	61	50	13	0.638024	0.44938	2.63761e-06	4.13404e-06
576	60	58	74	75	59	26	0.546839	0.6036	3.07052e-06	5.61503e-06
577	53	51	79	80	58	33	0.511351	0.6707	3.20576e-06	6.2692e-06
578	51	47	67	68	49	27	0.568508	0.56474	2.99776e-06	5.27303e-06
579	50	49	61	64	50	17	0.613472	0.48862	2.77039e-06	4.51591e-06
580	55	53	50	52	42	11	0.682045	0.38266	2.40062e-06	3.51974e-06
581	58	57	90	92	72	34	0.471819	0.75116	3.30259e-06	6.99971e-06
582	59	59	59	60	51	12	0.645326	0.438	2.59708e-06	4.02445e-06
583	38	37	28	28	25	3	0.826017	0.19114	1.43721e-06	1.73993e-06
584	64	62	85	90	65	34	0.477782	0.7386	3.2904e-06	6.88681e-06
585	47	46	64	67	54	17	0.602023	0.50746	2.82063e-06	4.68525e-06
586	56	56	68	69	52	21	0.582504	0.54042	2.91874e-06	5.01068e-06
587	51	50	40	41	34	8	0.742094	0.29828	2.0329e-06	2.73942e-06
588	55	55	86	87	69	21	0.520243	0.65346	3.13537e-06	6.02674e-06
589	55	54	68	69	55	18	0.591484	0.52512	2.86946e-06	4.85128e-06
590	62	61	79	84	60	33	0.498665	0.69582	3.23883e-06	6.49499e-06
591	59	58	95	96	79	20	0.494168	0.70488	3.20302e-06	6.48163e-06
592	40	39	59	59	44	19	0.626617	0.46742	2.71948e-06	4.33994e-06
593	65	65	94	96	82	17	0.501787	0.68958	3.17241e-06	6.32223e-06
594	48	47	61	62	46	22	0.605585	0.50156	2.82728e-06	4.66868e-06
595	53	50	71	74	61	17	0.576131	0.55142	2.92697e-06	5.08039e-06
596	52	50	61	61	49	15	0.631549	0.45958	2.67796e-06	4.2403e-06
597	51	49	70	70	54	30	0.552888	0.5926	3.06594e-06	5.54533e-06
598	70	67	89	91	66	33	0.477219	0.73978	3.2881e-06	6.89013e-06
599	66	64	96	98	72	35	0.45206	0.79394	3.34141e-06	7.39153e-06
600	58	58	73	76	55	27	0.540652	0.61498	3.09502e-06	5.72461e-06
601	51	49	48	49	41	12	0.691481	0.36892	2.35348e-06	3.40353e-06
602	53	49	56	58	48	16	0.640286	0.44584	2.6406e-06	4.12409e-06
603	48	48	71	72	59	21	0.571632	0.55926	2.96107e-06	5.18002e-06
604	66	66	61	63	47	21	0.604871	0.50274	2.82596e-06	4.672e-06
605	53	51	68	68	52	19	0.592183	0.52394	2.87088e-06	4.84797e-06
606	55	55	81	82	63	25	0.525997	0.64246	3.13338e-06	5.95703e-06
607	56	56	73	77	57	29	0.531815	0.63146	3.13097e-06	5.88733e-06
608	47	47	44	44	37	10	0.720853	0.32732	2.17339e-06	3.01503e-06
609	61	61	100	101	81	24	0.469222	0.75668	3.27348e-06	6.9764e-06
610	43	42	54	58	41	22	0.62099	0.47644	2.75899e-06	4.44289e-06
611	68	67	107	109	88	25	0.44396	0.81202	3.32132e-06	7.48112e-06
612	49	48	81	85	63	61	0.4296	0.8449	3.45363e-06	8.03917e-06
613	44	44	57	58	41	19	0.630564	0.46114	2.70102e-06	4.28349e-06
614	53	52	62	63	49	16	0.620494	0.47724	2.7341e-06	4.40633e-06
615	57	57	72	77	52	58	0.458699	0.77936	3.40731e-06	7.42819e-06
616	57	56	66	67	50	24	0.58091	0.54316	2.93777e-06	5.05719e-06
617	44	42	58	58	42	31	0.593131	0.52234	2.91885e-06	4.92109e-06
618	62	61	70	72	48	40	0.51884	0.65616	3.21139e-06	6.18956e-06
619	44	42	48	49	39	16	0.677517	0.38932	2.44995e-06	3.61606e-06
620	70	70	85	91	66	37	0.467582	0.76018	3.32108e-06	7.10266e-06
621	50	49	86	89	62	44	0.456887	0.78332	3.36346e-06	7.3617e-06
622	46	43	59	60	47	15	0.635527	0.4533	2.65895e-06	4.18385e-06
623	54	53	75	75	60	26	0.546839	0.6036	3.07052e-06	5.61503e-06
624	54	53	81	90	64	37	0.470528	0.7539	3.31544e-06	7.04621e-06
625	49	49	69	70	54	21	0.578857	0.5467	2.93314e-06	5.06713e-06
626	55	54	67	68	54	17	0.598254	0.51374	2.83674e-06	4.7417e-06
627	59	59	62	63	46	30	0.577735	0.54864	2.97545e-06	5.15019e-06
628	55	55	65	66	52	19	0.599667	0.51138	2.83947e-06	4.73507e-06
629	54	52	56	57	44	16	0.64432	0.43956	2.62086e-06	4.06764e-06
630	50	49	66	66	55	13	0.618301	0.48078	2.73059e-06	4.41627e-06
631	56	56	85	88	68	33	0.486295	0.72094	3.26828e-06	6.72078e-06
632	54	54	82	84	58	41	0.478729	0.73662	3.31284e-06	6.92006e-06
633	60	57	66	69	48	26	0.567837	0.56592	2.99611e-06	5.27635e-06
634	58	57	74	75	57	21	0.560963	0.5781	3.0008e-06	5.34937e-06
635	43	41	50	51	40	13	0.679376	0.38658	2.42507e-06	3.56956e-06
636	64	63	57	58	47	13	0.650158	0.43054	2.57768e-06	3.96469e-06
637	46	44	67	70	52	25	0.567168	0.5671	2.99445e-06	5.27966e-06
638	58	58	84	85	64	27	0.510942	0.6715	3.18452e-06	6.23264e-06
639	51	51	41	42	36	7	0.741218	0.29946	2.03296e-06	2.74273e-06
640	55	54	46	47	36	18	0.679118	0.38696	2.45123e-06	3.60943e-06
641	55	52	73	74	51	28	0.5447	0.60752	3.08565e-06	5.66485e-06
642	55	53	59	59	47	15	0.639531	0.44702	2.6396e-06	4.12741e-06
643	59	58	86	88	72	26	0.503969	0.68524	3.19963e-06	6.34885e-06
644	39	39	53	56	43	15	0.651694	0.42818	2.57945e-06	3.95806e-06
645	65	65	50	51	39	28	0.629342	0.46308	2.74806e-06	4.36656e-06
646	47	45	50	50	40	11	0.690665	0.3701	2.35299e-06	3.40685e-06
647	63	63	76	77	59	32	0.52374	0.64676	3.16691e-06	6.04673e-06
648	52	51	61	62	46	22	0.605585	0.50156	2.82728e-06	4.66868e-06
649	46	44	49	53	40	19	0.650678	0.42974	2.60353e-06	4.00125e-06
650	55	55	46	46	37	13	0.701047	0.35518	2.30457e-06	3.28732e-06
651	51	48	50	50	43	8	0.701314	0.3548	2.27748e-06	3.24745e-06
652	60	60	68	71	51	29	0.552236	0.59378	3.06416e-06	5.54864e-06
653	53	51	83	84	66	25	0.519432	0.65502	3.15291e-06	6.06993e-06
654	43	42	58	59	50	10	0.656049	0.42152	2.53349e-06	3.86174e-06
655	48	47	52	53	47	7	0.691744	0.36854	2.32679e-06	3.36366e-06
656	56	56	55	56	46	13	0.658375	0.41798	2.53593e-06	3.8518e-06
657	52	52	75	76	62	14	0.577712	0.54868	2.90813e-06	5.03388e-06
658	51	51	74	79	56	32	0.517203	0.65932	3.18577e-06	6.15962e-06
659	56	56	67	73	52	33	0.534331	0.62674	3.1387e-06	5.87407e-06
660	60	58	65	67	50	25	0.577955	0.54826	2.95353e-06	5.11032e-06
661	60	56	66	67	54	16	0.605101	0.50236	2.8029e-06	4.63212e-06
662	56	56	89	91	62	49	0.439824	0.82138	3.40435e-06	7.74026e-06
663	67	65	93	99	68	58	0.399509	0.91752	3.46375e-06	8.67004e-06
664	49	44	52	54	45	10	0.676976	0.39012	2.42324e-06	3.5795e-06
665	50	50	95	97	78	22	0.486091	0.72136	3.22976e-06	6.64435e-06
666	53	52	90	94	64	48	0.433822	0.83512	3.40831e-06	7.85647e-06
667	47	46	49	50	42	8	0.701314	0.3548	2.27748e-06	3.24745e-06
668	57	57	89	89	66	54	0.43417	0.83432	3.42691e-06	7.89303e-06
669	56	56	59	61	50	18	0.62196	0.47488	2.73644e-06	4.3997e-06
670	61	60	58	59	48	14	0.642801	0.44192	2.61895e-06	4.07427e-06
671	44	43	72	72	55	21	0.571632	0.55926	2.96107e-06	5.18002e-06
672	69	68	75	75	56	26	0.546839	0.6036	3.07052e-06	5.61503e-06
673	49	49	64	64	48	20	0.604158	0.50392	2.82462e-06	4.67531e-06
674	62	61	98	104	81	44	0.415813	0.87752	3.41316e-06	8.20841e-06
675	53	50	84	86	62	35	0.487444	0.71858	3.27277e-06	6.71416e-06
676	56	55	90	91	76	18	0.515159	0.66328	3.13893e-06	6.09313e-06
677	57	57	64	65	53	15	0.615882	0.4847	2.75059e-06	4.46609e-06
678	39	38	47	48	39	14	0.688775	0.37284	2.37858e-06	3.45335e-06
679	49	49	75	76	58	24	0.548987	0.59968	3.05523e-06	5.56521e-06
680	66	66	55	56	48	8	0.67538	0.39248	2.422e-06	3.58613e-06
681	56	55	87	92	65	36	0.467031	0.76136	3.31871e-06	7.10597e-06
682	50	49	57	59	45	17	0.633041	0.45722	2.68009e-06	4.23367e-06
683	57	57	82	82	62	27	0.520659	0.65266	3.15691e-06	6.0633e-06
684	54	49	67	68	48	27	0.568508	0.56474	2.99776e-06	5.27303e-06
685	42	42	37	38	33	5	0.767866	0.26414	1.85108e-06	2.41067e-06
686	58	56	65	68	53	19	0.592183	0.52394	2.87088e-06	4.84797e-06
687	46	45	45	45	36	11	0.712696	0.3387	2.2269e-06	3.12461e-06
688	63	62	84	84	61	30	0.506354	0.68052	3.20805e-06	6.33559e-06
689	46	46	73	75	56	30	0.535797	0.624	3.12239e-06	5.82757e-06
690	56	55	79	81	62	23	0.534737	0.62598	3.09844e-06	5.79432e-06
691	51	48	73	73	62	14	0.588699	0.52984	2.86375e-06	4.86454e-06
692	39	39	66	68	49	28	0.565616	0.56984	3.01256e-06	5.32617e-06
693	55	51	72	74	61	14	0.585014	0.53612	2.87884e-06	4.92099e-06
694	53	53	85	91	62	50	0.437587	0.82648	3.41029e-06	7.79339e-06
695	59	58	66	66	55	13	0.618301	0.48078	2.73059e-06	4.41627e-06
696	51	51	52	53	40	16	0.66071	0.41444	2.53835e-06	3.84185e-06
697	64	63	68	68	55	15	0.604387	0.50354	2.8016e-06	4.63543e-06
698	47	46	79	80	69	15	0.560515	0.5789	2.97791e-06	5.31281e-06
699	66	63	90	90	65	38	0.468134	0.759	3.32345e-06	7.09935e-06
700	51	50	55	56	50	7	0.678833	0.38738	2.39832e-06	3.533e-06
701	49	49	41	43	35	9	0.729103	0.31594	2.11837e-06	2.90545e-06
702	55	53	87	88	71	20	0.519629	0.65464	3.13339e-06	6.03005e-06
703	56	54	61	62	52	11	0.64053	0.44546	2.61606e-06	4.08422e-06
704	59	58	61	63	52	13	0.63006	0.46194	2.67582e-06	4.24693e-06
705	54	54	65	67	48	29	0.566284	0.56866	3.01424e-06	5.32285e-06
706	46	44	55	55	44	13	0.662523	0.4117	2.51451e-06	3.79535e-06
707	47	45	41	41	34	9	0.738318	0.30338	2.06179e-06	2.79255e-06
708	53	50	73	76	51	34	0.521691	0.65068	3.18051e-06	6.09655e-06
709	52	51	60	62	50	16	0.624403	0.47096	2.71608e-06	4.34988e-06
710	53	52	77	79	62	21	0.547047	0.60322	3.04987e-06	5.57516e-06
711	56	54	54	55	43	14	0.659153	0.4168	2.53674e-06	3.84848e-06
712	52	52	63	63	54	13	0.63006	0.46194	2.67582e-06	4.24693e-06
713	60	58	66	68	52	20	0.58917	0.52904	2.88758e-06	4.9011e-06
714	58	57	72	72	55	21	0.571632	0.55926	2.96107e-06	5.18002e-06
715	51	49	54	55	44	16	0.652464	0.427	2.58033e-06	3.95475e-06
716	48	47	60	61	50	12	0.641286	0.44428	2.61702e-06	4.0809e-06
717	63	61	84	86	64	28	0.50516	0.68288	3.20384e-06	6.34222e-06
718	53	53	73	77	55	28	0.534534	0.62636	3.11858e-06	5.83419e-06
719	53	53	55	55	47	9	0.676177	0.3913	2.42262e-06	3.58282e-06
720	56	55	92	97	67	50	0.421405	0.86416	3.4269e-06	8.13208e-06
721	45	43	42	42	35	9	0.733696	0.30966	2.0903e-06	2.849e-06
722	61	57	69	70	58	15	0.596844	0.5161	2.83401e-06	4.74833e-06
723	43	43	53	56	46	12	0.661742	0.41288	2.51373e-06	3.79866e-06
724	68	65	81	82	69	14	0.556349	0.58636	2.98902e-06	5.37257e-06
725	49	49	87	91	65	36	0.469973	0.75508	3.31309e-06	7.04953e-06
726	56	56	75	75	62	17	0.572524	0.5577	2.94096e-06	5.13683e-06
727	53	52	50	51	43	10	0.689851	0.37128	2.3525e-06	3.41016e-06
728	59	59	80	82	62	28	0.51801	0.65776	3.16838e-06	6.11643e-06
729	57	55	74	75	54	31	0.533071	0.6291	3.13483e-06	5.8807e-06
730	43	42	65	66	44	32	0.561199	0.57768	3.04495e-06	5.4258e-06
731	62	60	63	63	54	11	0.63652	0.45174	2.63561e-06	4.14066e-06
732	71	70	73	76	65	12	0.583635	0.53848	2.87593e-06	4.92762e-06
733	58	57	85	89	62	43	0.459223	0.77822	3.35626e-06	7.30856e-06
734	50	47	70	71	58	17	0.587088	0.53258	2.88322e-06	4.91104e-06
735	63	62	58	58	51	9	0.663557	0.41014	2.48977e-06	3.75216e-06
736	54	53	56	60	49	13	0.642043	0.4431	2.61799e-06	4.07759e-06
737	46	46	59	59	49	15	0.639531	0.44702	2.6396e-06	4.12741e-06
738	58	56	66	68	53	19	0.592183	0.52394	2.87088e-06	4.84797e-06
739	49	49	70	72	57	19	0.577492	0.54906	2.93006e-06	5.07376e-06
740	63	60	87	89	67	33	0.483251	0.72722	3.2751e-06	6.77723e-06
741	45	44	65	65	51	19	0.603445	0.5051	2.82329e-06	4.67862e-06
742	63	60	79	80	64	20	0.546402	0.6044	3.04809e-06	5.57847e-06
743	50	48	72	75	56	33	0.527662	0.6393	3.15909e-06	5.98697e-06
744	47	47	42	45	35	12	0.709071	0.3438	2.25324e-06	3.17774e-06
745	54	53	51	54	43	12	0.670106	0.40032	2.46985e-06	3.68577e-06
746	54	52	76	77	62	19	0.559641	0.58046	2.99743e-06	5.356e-06
747	58	57	92	93	74	30	0.478528	0.73704	3.27487e-06	6.84362e-06
748	41	41	55	57	48	9	0.667738	0.40386	2.46777e-06	3.69571e-06
749	64	63	71	74	57	23	0.558769	0.58202	3.0169e-06	5.39919e-06
750	46	46	77	78	60	26	0.536633	0.62244	3.10409e-06	5.78438e-06
751	55	55	91	94	71	35	0.46356	0.76882	3.32175e-06	7.16574e-06
752	51	50	57	59	42	24	0.61084	0.49292	2.81329e-06	4.60561e-06
753	51	51	87	90	63	38	0.468134	0.759	3.32345e-06	7.09935e-06
754	55	55	66	70	55	22	0.575912	0.5518	2.94882e-06	5.12026e-06
755	44	43	67	72	53	34	0.534962	0.62556	3.14063e-06	5.87076e-06
756	59	59	49	51	42	13	0.679376	0.38658	2.42507e-06	3.56956e-06
757	39	39	39	41	32	13	0.723409	0.32378	2.17391e-06	3.00508e-06
758	65	63	83	84	67	21	0.530137	0.63462	3.10522e-06	5.8574e-06
759	60	60	81	82	52	37	0.494771	0.70366	3.26283e-06	6.59463e-06
760	69	68	71	72	54	28	0.551585	0.59496	3.06237e-06	5.55196e-06
761	52	51	64	65	48	24	0.588252	0.5306	2.90849e-06	4.94429e-06
762	55	53	68	69	54	18	0.591484	0.52512	2.86946e-06	4.85128e-06
763	55	54	75	76	52	32	0.527039	0.64048	3.15711e-06	5.99028e-06
764	50	50	45	48	39	16	0.681786	0.38304	2.4269e-06	3.55962e-06
765	60	56	57	59	51	8	0.662775	0.41132	2.48903e-06	3.75547e-06
766	60	59	87	91	70	28	0.489544	0.71428	3.24297e-06	6.62446e-06
767	53	52	55	56	41	27	0.613006	0.48938	2.81717e-06	4.59566e-06
768	48	47	71	72	53	29	0.548779	0.60006	3.07595e-06	5.60509e-06
769	59	59	72	76	60	19	0.563166	0.57418	2.98453e-06	5.29955e-06
770	52	50	62	63	50	15	0.623666	0.47214	2.71494e-06	4.3532e-06
771	58	57	115	118	80	55	0.36004	1.02154	3.45032e-06	9.58314e-06
772	56	54	79	80	68	16	0.557663	0.584	2.99239e-06	5.36594e-06
773	39	39	33	33	29	5	0.79236	0.23274	1.68649e-06	2.12844e-06
774	60	56	64	66	57	9	0.631044	0.46038	2.65274e-06	4.20374e-06
775	42	40	47	48	40	11	0.699395	0.35754	2.30377e-06	3.29395e-06
776	67	67	87	88	66	30	0.493792	0.70564	3.23996e-06	6.56138e-06
777	49	47	52	55	39	34	0.595234	0.5188	2.92328e-06	4.91115e-06
778	49	48	71	74	50	37	0.520263	0.65342	3.196e-06	6.14305e-06
779	53	52	63	65	53	15	0.615882	0.4847	2.75059e-06	4.46609e-06
780	62	62	53	56	44	15	0.651694	0.42818	2.57945e-06	3.95806e-06
781	57	57	62	63	50	17	0.617337	0.48234	2.75299e-06	4.45946e-06
782	47	47	45	46	36	12	0.704632	0.35008	2.27891e-06	3.23419e-06
783	61	59	53	56	42	17	0.645081	0.43838	2.62182e-06	4.06433e-06
784	43	40	62	63	49	16	0.620494	0.47724	2.7341e-06	4.40633e-06
785	69	68	103	106	84	30	0.441013	0.81868	3.34175e-06	7.57744e-06
786	53	53	58	60	45	18	0.625878	0.4686	2.71835e-06	4.34325e-06
787	58	55	78	80	58	34	0.508749	0.6758	3.21648e-06	6.32234e-06
788	70	70	87	91	69	28	0.489544	0.71428	3.24297e-06	6.62446e-06
789	49	48	48	50	37	22	0.652986	0.4262	2.60627e-06	3.99131e-06
790	57	56	62	62	56	8	0.650405	0.43016	2.55272e-06	3.92482e-06
791	51	48	38	38	28	12	0.740937	0.29984	2.06174e-06	2.78261e-06
792	62	60	56	57	46	15	0.647614	0.43446	2.59985e-06	4.01451e-06
793	45	45	75	79	50	44	0.486499	0.72052	3.30684e-06	6.79722e-06
794	66	64	80	81	59	28	0.521274	0.65148	3.15891e-06	6.05999e-06
795	50	48	51	52	42	12	0.678575	0.38776	2.42446e-06	3.57287e-06
796	49	49	70	70	52	23	0.572983	0.5569	2.96427e-06	5.1734e-06
797	54	52	72	78	58	39	0.502208	0.68874	3.25185e-06	6.47511e-06
798	38	38	39	40	36	4	0.762159	0.2716	1.88287e-06	2.47044e-06
799	58	58	89	92	64	39	0.45994	0.77666	3.34163e-06	7.26537e-06
800	55	49	56	59	44	20	0.623429	0.47252	2.73877e-06	4.39307e-06
801	63	62	55	59	47	17	0.633041	0.45722	2.68009e-06	4.23367e-06
802	46	44	30	30	26	5	0.807429	0.2139	1.58183e-06	1.95909e-06
803	62	59	74	75	64	11	0.590314	0.5271	2.84416e-06	4.81804e-06
804	51	51	79	80	61	27	0.52724	0.6401	3.13729e-06	5.9504e-06
805	53	50	76	77	57	29	0.531815	0.63146	3.13097e-06	5.88733e-06
806	55	55	64	64	56	8	0.642287	0.44272	2.59337e-06	4.03771e-06
807	58	56	78	78	62	21	0.550494	0.59694	3.03801e-06	5.51871e-06
808	59	57	59	60	42	49	0.534352	0.6267	3.20097e-06	5.99038e-06
809	38	37	60	61	45	22	0.6094	0.49528	2.8107e-06	4.61223e-06
810	64	62	69	71	55	18	0.584102	0.53768	2.89958e-06	4.96418e-06
811	46	46	47	48	34	27	0.644591	0.43914	2.67124e-06	4.14408e-06
812	76	75	65	70	54	18	0.587781	0.5314	2.88467e-06	4.90773e-06
813	67	66	86	88	70	23	0.511739	0.66994	3.16739e-06	6.18945e-06
814	56	55	49	51	44	7	0.700487	0.35598	2.27711e-06	3.25076e-06
815	55	52	65	66	52	16	0.608913	0.49608	2.78619e-06	4.57567e-06
816	63	62	103	103	81	32	0.44484	0.81004	3.34269e-06	7.51437e-06
817	59	57	68	68	52	18	0.595211	0.51884	2.85394e-06	4.79483e-06
818	48	47	69	70	56	17	0.590787	0.5263	2.86803e-06	4.8546e-06
819	55	54	72	73	60	22	0.565164	0.57064	2.98949e-06	5.28961e-06
820	47	47	77	79	60	29	0.525177	0.64402	3.15118e-06	6.00022e-06
821	52	51	55	55	50	6	0.686602	0.376	2.35053e-06	3.42342e-06
822	52	52	59	62	48	19	0.614922	0.48626	2.77286e-06	4.50928e-06
823	60	60	96	99	71	40	0.43792	0.82572	3.37795e-06	7.71364e-06
824	56	56	76	80	59	30	0.519234	0.6554	3.17242e-06	6.1098e-06
825	44	42	53	57	38	33	0.59081	0.52626	2.93686e-06	4.97091e-06
826	60	59	52	53	44	14	0.667484	0.40424	2.49344e-06	3.73559e-06
827	72	72	107	108	77	46	0.401383	0.91284	3.428e-06	8.54047e-06
828	66	65	86	88	66	29	0.496317	0.70054	3.23016e-06	6.50825e-06
829	48	48	57	58	39	21	0.624165	0.47134	2.73993e-06	4.38976e-06
830	53	51	73	74	60	17	0.576131	0.55142	2.92697e-06	5.08039e-06
831	52	51	90	93	65	39	0.45706	0.78294	3.34651e-06	7.32182e-06
832	66	64	94	99	72	37	0.444671	0.81042	3.35915e-06	7.55424e-06
833	56	56	75	75	59	20	0.563831	0.573	2.98618e-06	5.29623e-06
834	49	45	49	49	40	10	0.69857	0.35872	2.30337e-06	3.29726e-06
835	61	60	57	60	47	20	0.619526	0.4788	2.7566e-06	4.44952e-06
836	43	40	52	52	38	21	0.648133	0.43366	2.62563e-06	4.05107e-06
837	68	65	103	106	78	34	0.432108	0.83908	3.36611e-06	7.78997e-06
838	49	49	90	93	62	46	0.441031	0.81864	3.39318e-06	7.69375e-06
839	57	56	83	85	60	33	0.495544	0.7021	3.24652e-06	6.55144e-06
840	42	41	58	61	43	31	0.582061	0.54118	2.96294e-06	5.09043e-06
841	52	50	68	70	49	35	0.538968	0.6181	3.13194e-06	5.81099e-06
842	57	55	45	46	37	11	0.708235	0.34498	2.25293e-06	3.18105e-06
843	56	54	76	82	65	19	0.542341	0.61186	3.05785e-06	5.63823e-06
844	44	43	83	83	59	34	0.499254	0.69464	3.241e-06	6.49168e-06
845	50	49	53	53	43	13	0.670897	0.39914	2.47055e-06	3.68245e-06
846	57	56	64	67	50	26	0.575015	0.55336	2.96906e-06	5.16345e-06
847	50	50	57	57	45	16	0.64432	0.43956	2.62086e-06	4.06764e-06
848	51	50	69	72	55	20	0.574555	0.55416	2.94568e-06	5.12689e-06
849	54	53	37	38	31	7	0.760074	0.27434	1.91306e-06	2.51694e-06
850	68	66	94	98	79	23	0.48059	0.73274	3.24587e-06	6.75393e-06
851	58	55	67	68	51	20	0.58917	0.52904	2.88758e-06	4.9011e-06
852	56	56	57	60	44	23	0.61012	0.4941	2.81199e-06	4.60892e-06
853	62	60	63	66	51	23	0.587558	0.53178	2.90701e-06	4.94761e-06
854	45	44	59	59	45	19	0.626617	0.46742	2.71948e-06	4.33994e-06
855	43	40	71	74	50	57	0.469813	0.75542	3.38534e-06	7.20571e-06
856	50	50	74	78	58	30	0.525797	0.64284	3.15316e-06	5.99691e-06
857	55	53	68	69	52	22	0.57954	0.54552	2.93468e-06	5.06381e-06
858	54	53	46	49	40	11	0.695016	0.36382	2.32858e-06	3.3504e-06
859	65	64	79	83	67	18	0.541702	0.61304	3.05604e-06	5.64155e-06
860	58	57	55	56	36	31	0.600628	0.50978	2.88793e-06	4.80819e-06
861	61	61	96	100	72	44	0.42639	0.8524	3.40371e-06	7.98262e-06
862	63	61	67	69	60	11	0.612982	0.48942	2.74576e-06	4.47935e-06
863	46	46	70	70	54	21	0.578857	0.5467	2.93314e-06	5.06713e-06
864	74	73	71	72	58	18	0.580445	0.54396	2.9142e-06	5.02062e-06
865	51	51	49	51	37	21	0.652216	0.42738	2.60536e-06	3.99462e-06
866	58	56	65	66	52	17	0.605815	0.50118	2.8042e-06	4.62881e-06
867	51	51	61	63	49	19	0.611072	0.49254	2.78999e-06	4.56573e-06
868	57	56	85	87	61	41	0.469794	0.75546	3.33056e-06	7.0894e-06
869	41	40	55	58	34	41	0.56364	0.57334	3.0732e-06	5.45242e-06
870	49	47	71	72	58	17	0.583413	0.53886	2.8981e-06	4.96749e-06
871	56	54	75	75	52	34	0.524977	0.6444	3.17092e-06	6.0401e-06
872	47	47	43	43	36	11	0.721704	0.32614	2.17357e-06	3.01171e-06
873	67	66	71	73	56	25	0.556582	0.58594	3.03282e-06	5.449e-06
874	52	50	67	70	53	25	0.567168	0.5671	2.99445e-06	5.27966e-06
875	63	62	96	97	78	25	0.47871	0.73666	3.25702e-06	6.80375e-06
876	55	54	58	62	51	12	0.637271	0.45056	2.63661e-06	4.13735e-06
877	47	46	67	69	55	19	0.588475	0.53022	2.88613e-06	4.90442e-06
878	60	58	81	82	67	23	0.53139	0.63226	3.10904e-06	5.85077e-06
879	59	58	85	88	65	29	0.496317	0.70054	3.23016e-06	6.50825e-06
880	66	63	90	91	73	20	0.509931	0.67348	3.16126e-06	6.1994e-06
881	48	46	75	76	57	22	0.554616	0.58948	3.02762e-06	5.45895e-06
882	59	58	71	73	54	25	0.556582	0.58594	3.03282e-06	5.449e-06
883	52	51	100	105	70	48	0.404866	0.9042	3.4322e-06	8.47739e-06
884	48	47	55	56	48	10	0.668526	0.40268	2.46846e-06	3.6924e-06
885	56	53	47	48	40	8	0.710178	0.34224	2.22609e-06	3.13455e-06
886	51	49	80	87	60	43	0.465027	0.76566	3.34618e-06	7.19567e-06
887	60	58	78	78	66	14	0.570501	0.56124	2.93624e-06	5.14678e-06
888	42	41	47	50	39	13	0.683656	0.3803	2.40176e-06	3.51311e-06
889	67	67	98	103	77	30	0.449401	0.79984	3.32921e-06	7.4081e-06
890	48	48	77	78	60	29	0.528485	0.63774	3.1412e-06	5.94378e-06
891	49	47	63	64	43	28	0.580004	0.54472	2.95824e-06	5.10038e-06
892	53	51	62	62	50	18	0.618066	0.48116	2.75419e-06	4.45615e-06
893	54	51	75	79	57	32	0.517203	0.65932	3.18577e-06	6.15962e-06
894	63	60	83	83	70	17	0.544471	0.60794	3.04273e-06	5.58842e-06
895	55	55	71	73	57	20	0.570958	0.56044	2.95947e-06	5.18334e-06
896	47	47	55	55	47	8	0.679635	0.3862	2.3989e-06	3.52968e-06
897	45	44	41	41	36	5	0.753535	0.28298	1.94413e-06	2.58002e-06
898	53	52	89	91	62	62	0.41161	0.88768	3.47028e-06	8.43099e-06
899	49	47	48	49	40	10	0.69857	0.35872	2.30337e-06	3.29726e-06
900	53	52	71	75	58	27	0.544058	0.6087	3.08381e-06	5.66817e-06
901	53	53	84	87	71	20	0.522903	0.64836	3.12361e-06	5.97361e-06
902	46	46	65	66	51	21	0.593582	0.52158	2.87373e-06	4.84134e-06
903	57	55	65	68	52	28	0.565616	0.56984	3.01256e-06	5.32617e-06
904	58	56	48	50	42	9	0.697746	0.3599	2.30297e-06	3.30058e-06
905	62	61	65	67	55	13	0.61443	0.48706	2.74817e-06	4.47272e-06
906	44	41	49	50	33	33	0.617362	0.4823	2.82491e-06	4.57578e-06
907	55	54	58	59	43	20	0.623429	0.47252	2.73877e-06	4.39307e-06
908	50	50	56	57	43	18	0.637781	0.44976	2.66204e-06	4.17391e-06
909	57	56	98	104	80	30	0.446587	0.80612	3.33357e-06	7.46455e-06
910	54	54	99	104	83	25	0.458122	0.78062	3.29796e-06	7.19888e-06
911	46	45	51	55	46	11	0.669315	0.4015	2.46916e-06	3.68908e-06
912	58	55	58	59	49	13	0.646088	0.43682	2.59801e-06	4.02114e-06
913	63	60	75	78	57	29	0.528485	0.63774	3.1412e-06	5.94378e-06
914	63	63	84	87	67	30	0.496903	0.69936	3.23232e-06	6.50494e-06
915	45	43	63	64	50	21	0.601084	0.50902	2.84219e-06	4.72844e-06
916	73	72	98	103	76	53	0.39966	0.91714	3.44913e-06	8.63016e-06
917	51	50	47	47	37	16	0.686081	0.37676	2.40346e-06	3.50317e-06
918	61	59	71	72	58	15	0.589394	0.52866	2.86518e-06	4.86123e-06
919	54	52	63	67	45	35	0.549218	0.59926	3.0985e-06	5.64165e-06
920	44	44	58	59	43	23	0.613963	0.48782	2.79505e-06	4.55247e-06
921	41	40	58	60	50	13	0.642043	0.4431	2.61799e-06	4.07759e-06
922	72	69	94	95	70	36	0.458314	0.7802	3.33438e-06	7.27532e-06
923	58	55	81	84	60	32	0.501215	0.69072	3.22876e-06	6.44186e-06
924	51	50	62	64	51	14	0.622931	0.47332	2.7138e-06	4.35651e-06
925	57	57	96	102	75	39	0.431944	0.83946	3.38205e-06	7.82985e-06
926	51	50	61	62	43	33	0.572547	0.55766	3.00767e-06	5.25315e-06
927	67	65	93	94	67	44	0.442763	0.81472	3.38445e-06	7.64394e-06
928	55	53	61	61	53	9	0.651173	0.42898	2.55358e-06	3.9215e-06
929	49	47	59	60	42	37	0.568076	0.5655	3.04079e-06	5.35278e-06
930	59	58	88	90	70	24	0.502781	0.6876	3.19542e-06	6.35548e-06
931	45	45	37	37	30	10	0.753249	0.28336	1.97343e-06	2.61989e-06
932	65	64	105	105	82	35	0.432618	0.8379	3.36865e-06	7.78666e-06
933	47	46	64	66	53	14	0.615156	0.48588	2.74938e-06	4.46941e-06
934	51	50	65	69	49	30	0.556371	0.58632	3.05385e-06	5.48888e-06
935	52	50	67	69	52	22	0.57954	0.54552	2.93468e-06	5.06381e-06
936	61	60	55	55	47	9	0.676177	0.3913	2.42262e-06	3.58282e-06
937	56	56	60	60	46	20	0.619526	0.4788	2.7566e-06	4.44952e-06
938	53	53	61	62	49	17	0.621226	0.47606	2.73527e-06	4.40302e-06
939	60	58	69	73	54	28	0.548132	0.60124	3.07414e-06	5.6084e-06
940	41	41	30	30	27	6	0.803322	0.219	1.61647e-06	2.01223e-06
941	66	66	106	107	74	51	0.393742	0.93206	3.44512e-06	8.74969e-06
942	48	48	58	60	51	11	0.648625	0.4329	2.5759e-06	3.97132e-06
943	51	50	80	82	61	29	0.515375	0.66286	3.17964e-06	6.16957e-06
944	52	52	86	89	66	32	0.485721	0.72212	3.26604e-06	6.7241e-06
945	56	56	55	56	41	17	0.645081	0.43838	2.62182e-06	4.06433e-06
946	56	56	70	72	53	27	0.554405	0.58986	3.04857e-06	5.49882e-06
947	57	54	60	63	49	15	0.623666	0.47214	2.71494e-06	4.3532e-06
948	49	48	55	60	42	24	0.607016	0.4992	2.82994e-06	4.66205e-06
949	55	55	101	102	78	26	0.461552	0.77316	3.29508e-06	7.13912e-06
950	60	57	63	64	47	23	0.594984	0.51922	2.87658e-06	4.83471e-06
951	49	46	76	82	59	33	0.504968	0.68326	3.22276e-06	6.3821e-06
952	55	55	69	72	50	30	0.545987	0.60516	3.08932e-06	5.65822e-06
953	53	52	62	62	48	19	0.614922	0.48626	2.77286e-06	4.50928e-06
954	50	50	95	99	61	76	0.364467	1.00932	3.50852e-06	9.62644e-06
955	57	55	65	68	59	11	0.616843	0.48314	2.72824e-06	4.4229e-06
956	61	60	85	89	61	42	0.461571	0.77312	3.34889e-06	7.25543e-06
957	61	60	91	91	72	29	0.487054	0.71938	3.25235e-06	6.67759e-06
958	44	44	56	56	39	28	0.609888	0.49448	2.83524e-06	4.6488e-06
959	54	52	81	84	62	29	0.508943	0.67542	3.19741e-06	6.28246e-06
960	49	49	60	64	47	25	0.588946	0.52942	2.90997e-06	4.94098e-06
961	42	42	59	61	45	24	0.603216	0.50548	2.84627e-06	4.7185e-06
962	54	52	48	48	40	10	0.702971	0.35244	2.2782e-06	3.24082e-06
963	52	51	63	63	50	14	0.626855	0.46704	2.69552e-06	4.30006e-06
964	57	56	89	91	71	26	0.494563	0.70408	3.22366e-06	6.51819e-06
965	44	44	46	48	39	10	0.702971	0.35244	2.2782e-06	3.24082e-06
966	62	62	65	67	47	35	0.549218	0.59926	3.0985e-06	5.64165e-06
967	45	42	38	39	34	5	0.763059	0.27042	1.88256e-06	2.46712e-06
968	71	69	109	112	80	45	0.393427	0.93286	3.42798e-06	8.71313e-06
969	50	49	53	53	45	10	0.68124	0.38384	2.40005e-06	3.52305e-06
970	63	60	85	87	66	30	0.496903	0.69936	3.23232e-06	6.50494e-06
971	54	53	74	74	54	28	0.5447	0.60752	3.08565e-06	5.66485e-06
972	56	53	73	74	53	28	0.5447	0.60752	3.08565e-06	5.66485e-06
973	58	57	65	66	55	12	0.621462	0.47568	2.71153e-06	4.36314e-06
974	52	51	65	66	52	31	0.564068	0.57258	3.03055e-06	5.37267e-06
975	61	60	69	70	56	22	0.575912	0.5518	2.94882e-06	5.12026e-06
976	53	52	69	70	55	27	0.561412	0.5773	3.02373e-06	5.38593e-06
977	54	51	77	82	56	39	0.48975	0.71386	3.28177e-06	6.7009e-06
978	51	51	65	68	50	23	0.580225	0.54434	2.93623e-06	5.0605e-06
979	66	64	63	65	51	21	0.597321	0.5153	2.85812e-06	4.78489e-06
980	55	55	57	57	45	18	0.637781	0.44976	2.66204e-06	4.17391e-06
981	51	49	92	94	67	44	0.442763	0.81472	3.38445e-06	7.64394e-06
982	59	59	52	54	44	14	0.663305	0.41052	2.51528e-06	3.79204e-06
983	48	47	47	49	32	29	0.634055	0.45562	2.73074e-06	4.3068e-06
984	64	61	87	90	65	37	0.470528	0.7539	3.31544e-06	7.04621e-06
985	47	43	49	49	44	6	0.712967	0.33832	2.19931e-06	3.08473e-06
986	49	48	79	81	52	58	0.44732	0.80448	3.42378e-06	7.65398e-06
987	51	51	100	104	74	45	0.413698	0.88262	3.41778e-06	8.26154e-06
988	63	61	71	74	57	27	0.547485	0.60242	3.07233e-06	5.61172e-06
989	55	55	83	85	66	24	0.518819	0.6562	3.15091e-06	6.07324e-06
990	48	48	74	76	60	19	0.563166	0.57418	2.98453e-06	5.29955e-06
991	59	57	70	72	54	29	0.548779	0.60006	3.07595e-06	5.60509e-06
992	40	40	36	38	29	19	0.714952	0.33554	2.25534e-06	3.15454e-06
993	66	65	62	63	55	8	0.646333	0.43644	2.57322e-06	3.98126e-06
994	48	46	48	51	34	33	0.613497	0.48858	2.84185e-06	4.63222e-06
995	53	52	86	87	65	33	0.489358	0.71466	3.26125e-06	6.66434e-06
996	52	52	60	62	43	26	0.593356	0.52196	2.8963e-06	4.88121e-06
997	55	54	75	75	62	17	0.572524	0.5577	2.94096e-06	5.13683e-06
998	56	56	63	67	47	42	0.529957	0.63496	3.18694e-06	6.01358e-06
999	59	58	67	70	51	25	0.567168	0.5671	2.99445e-06	5.27966e-06
1000	60	59	82	86	67	28	0.50516	0.68288	3.20384e-06	6.34222e-06