Hist	Tr_Tot	Tr_in	DSBs	DSBt	RIFs	NComb	PSurv	lPSurv	PMut*	PMut
1	75	74	89	91	69	26	0.494563	0.70408	3.22366e-06	6.51819e-06
2	56	55	69	71	54	23	0.569396	0.56318	2.97785e-06	5.22984e-06
3	85	85	87	89	71	21	0.513749	0.66602	3.15423e-06	6.13963e-06
4	61	60	48	48	39	11	0.699395	0.35754	2.30377e-06	3.29395e-06
5	63	62	55	55	48	8	0.679635	0.3862	2.3989e-06	3.52968e-06
6	70	67	82	83	68	19	0.538946	0.61814	3.06913e-06	5.69468e-06
7	62	60	62	62	53	10	0.643805	0.44036	2.59523e-06	4.03108e-06
8	51	50	52	55	38	21	0.636036	0.4525	2.68434e-06	4.22042e-06
9	46	46	43	43	35	12	0.718033	0.33124	2.20066e-06	3.06485e-06
10	80	80	89	91	71	29	0.487054	0.71938	3.25235e-06	6.67759e-06
11	57	53	61	62	46	20	0.611794	0.49136	2.79126e-06	4.56242e-06
12	60	59	55	56	48	10	0.668526	0.40268	2.46846e-06	3.6924e-06
13	62	61	67	68	58	10	0.619997	0.47804	2.70925e-06	4.36977e-06
14	58	57	60	60	51	12	0.645326	0.438	2.59708e-06	4.02445e-06
15	66	61	70	74	57	21	0.564497	0.57182	2.98784e-06	5.29292e-06
16	66	63	72	76	52	33	0.524358	0.64558	3.16891e-06	6.04341e-06
17	71	71	83	84	66	22	0.52744	0.63972	3.11745e-06	5.91053e-06
18	62	62	76	77	60	22	0.551144	0.59576	3.03977e-06	5.5154e-06
19	77	76	89	92	66	47	0.441552	0.81746	3.39573e-06	7.69044e-06
20	58	56	50	52	44	10	0.685532	0.37756	2.37647e-06	3.46661e-06
21	64	63	81	85	55	70	0.410327	0.8908	3.49491e-06	8.51737e-06
22	63	62	44	44	39	6	0.735709	0.30692	2.06182e-06	2.80249e-06
23	54	54	44	46	35	12	0.704632	0.35008	2.27891e-06	3.23419e-06
24	67	67	70	71	50	33	0.541084	0.61418	3.11728e-06	5.76118e-06
25	70	68	63	65	56	13	0.622196	0.4745	2.71267e-06	4.35983e-06
26	71	70	83	85	61	31	0.500624	0.6919	3.22661e-06	6.44518e-06
27	51	50	49	53	36	26	0.627859	0.46544	2.74574e-06	4.37319e-06
28	78	78	98	99	76	26	0.47033	0.75432	3.2781e-06	6.96978e-06
29	58	55	64	65	46	41	0.539399	0.6173	3.15416e-06	5.84756e-06
30	68	67	75	77	65	13	0.577031	0.54986	2.90662e-06	5.0372e-06
31	63	63	92	97	68	38	0.448001	0.80296	3.35753e-06	7.49448e-06
32	66	66	71	72	52	29	0.548779	0.60006	3.07595e-06	5.60509e-06
33	64	64	74	74	59	22	0.561626	0.57692	3.00248e-06	5.34605e-06
34	63	60	81	85	61	35	0.490515	0.7123	3.2657e-06	6.65771e-06
35	66	64	50	52	45	7	0.696101	0.36226	2.30215e-06	3.30721e-06
36	58	57	48	51	38	29	0.626141	0.46818	2.76735e-06	4.41969e-06
37	68	68	80	83	64	21	0.533477	0.62834	3.09467e-06	5.80095e-06
38	59	56	63	64	56	9	0.63902	0.44782	2.61413e-06	4.09085e-06
39	73	69	100	105	74	43	0.415322	0.8787	3.41051e-06	8.21173e-06
40	64	64	76	77	55	38	0.507956	0.67736	3.23341e-06	6.36553e-06
41	71	71	95	97	69	35	0.454908	0.78766	3.33679e-06	7.33508e-06
42	68	68	56	59	46	15	0.639531	0.44702	2.6396e-06	4.12741e-06
43	87	82	103	103	87	19	0.475333	0.74374	3.2435e-06	6.82363e-06
44	73	69	85	88	66	31	0.491281	0.71074	3.24958e-06	6.61452e-06
45	54	53	56	59	49	11	0.652712	0.42662	2.55528e-06	3.91487e-06
46	59	58	36	36	31	5	0.777571	0.25158	1.78669e-06	2.29778e-06
47	60	60	84	84	62	30	0.506354	0.68052	3.20805e-06	6.33559e-06
48	63	63	54	55	41	21	0.636036	0.4525	2.68434e-06	4.22042e-06
49	65	62	60	63	42	28	0.583658	0.53844	2.94393e-06	5.04393e-06
50	68	67	73	73	55	28	0.548132	0.60124	3.07414e-06	5.6084e-06
51	69	67	71	73	63	13	0.591709	0.52474	2.84695e-06	4.81141e-06
52	74	74	79	85	64	25	0.51618	0.6613	3.16231e-06	6.12638e-06
53	74	71	59	61	52	12	0.641286	0.44428	2.61702e-06	4.0809e-06
54	55	53	42	43	40	3	0.751759	0.28534	1.94453e-06	2.58665e-06
55	84	83	91	92	71	26	0.491467	0.71036	3.23122e-06	6.57464e-06
56	61	61	83	86	63	44	0.465576	0.76448	3.34859e-06	7.19235e-06
57	62	62	55	56	43	17	0.645081	0.43838	2.62182e-06	4.06433e-06
58	65	65	48	49	42	9	0.702142	0.35362	2.27784e-06	3.24413e-06
59	59	58	62	64	46	23	0.594984	0.51922	2.87658e-06	4.83471e-06
60	55	54	49	49	38	14	0.684463	0.37912	2.40233e-06	3.5098e-06
61	63	62	60	64	47	20	0.604158	0.50392	2.82462e-06	4.67531e-06
62	63	62	75	75	57	23	0.55527	0.5883	3.02935e-06	5.45563e-06
63	70	67	66	66	52	19	0.599667	0.51138	2.83947e-06	4.73507e-06
64	63	62	45	45	38	8	0.723684	0.3234	2.14587e-06	2.96521e-06
65	62	61	78	80	61	22	0.540857	0.6146	3.07463e-06	5.68474e-06
66	75	75	78	79	54	39	0.499064	0.69502	3.25967e-06	6.53156e-06
67	66	66	77	78	61	23	0.544907	0.60714	3.06509e-06	5.62498e-06
68	68	64	87	88	78	11	0.544036	0.60874	3.02041e-06	5.55185e-06
69	70	68	66	70	52	24	0.570068	0.562	2.97948e-06	5.22653e-06
70	54	50	77	79	62	24	0.538741	0.61852	3.08944e-06	5.73456e-06
71	76	74	84	86	63	31	0.49749	0.69818	3.23449e-06	6.50162e-06
72	57	56	53	54	42	14	0.663305	0.41052	2.51528e-06	3.79204e-06
73	66	65	91	93	71	33	0.471263	0.75234	3.30026e-06	7.00302e-06
74	62	60	67	71	51	25	0.563617	0.57338	3.00752e-06	5.33611e-06
75	63	62	73	76	52	50	0.480811	0.73228	3.34004e-06	6.94668e-06
76	66	64	60	61	53	9	0.651173	0.42898	2.55358e-06	3.9215e-06
77	73	69	69	69	56	15	0.600604	0.50982	2.81796e-06	4.69188e-06
78	71	69	67	67	55	18	0.59896	0.51256	2.83811e-06	4.73839e-06
79	50	47	59	61	44	24	0.603216	0.50548	2.84627e-06	4.7185e-06
80	78	76	52	52	44	9	0.689037	0.37246	2.35201e-06	3.41347e-06
81	58	57	66	67	55	13	0.61443	0.48706	2.74817e-06	4.47272e-06
82	72	70	45	46	40	7	0.722831	0.32458	2.14574e-06	2.96852e-06
83	63	61	73	76	58	25	0.546195	0.60478	3.06871e-06	5.61835e-06
84	52	52	48	50	40	12	0.687152	0.3752	2.37753e-06	3.45998e-06
85	67	67	67	69	56	14	0.603675	0.50472	2.80029e-06	4.63875e-06
86	61	59	70	70	56	15	0.596844	0.5161	2.83401e-06	4.74833e-06
87	68	66	90	91	73	24	0.499634	0.69388	3.20362e-06	6.41193e-06
88	63	62	82	84	66	33	0.498665	0.69582	3.23883e-06	6.49499e-06
89	63	60	81	81	66	23	0.534737	0.62598	3.09844e-06	5.79432e-06
90	59	57	59	59	49	17	0.633041	0.45722	2.68009e-06	4.23367e-06
91	76	72	65	67	53	19	0.595913	0.51766	2.85533e-06	4.79152e-06
92	64	62	62	62	45	28	0.587335	0.53216	2.92932e-06	4.98748e-06
93	79	78	87	89	69	33	0.483251	0.72722	3.2751e-06	6.77723e-06
94	68	64	94	97	67	46	0.43009	0.84376	3.40612e-06	7.91954e-06
95	63	63	57	61	48	14	0.634778	0.45448	2.65792e-06	4.18717e-06
96	73	72	71	73	60	14	0.588699	0.52984	2.86375e-06	4.86454e-06
97	65	62	66	68	53	33	0.551375	0.59534	3.0832e-06	5.59183e-06
98	65	65	52	52	42	12	0.678575	0.38776	2.42446e-06	3.57287e-06
99	60	59	63	63	50	16	0.620494	0.47724	2.7341e-06	4.40633e-06
100	65	65	69	71	56	24	0.566499	0.56828	2.9928e-06	5.28298e-06
101	64	64	71	76	42	69	0.436407	0.82918	3.47214e-06	7.95621e-06
102	74	74	80	80	69	14	0.563381	0.5738	2.9632e-06	5.25967e-06
103	68	68	88	90	74	22	0.507936	0.6774	3.1742e-06	6.24921e-06
104	66	65	77	79	69	10	0.578614	0.54712	2.88768e-06	4.99069e-06
105	74	73	85	86	67	24	0.515571	0.66248	3.16029e-06	6.12969e-06
106	54	53	49	50	34	33	0.617362	0.4823	2.82491e-06	4.57578e-06
107	83	82	73	75	55	30	0.535797	0.624	3.12239e-06	5.82757e-06
108	60	60	69	69	49	27	0.564949	0.57102	3.01088e-06	5.32948e-06
109	63	63	75	76	65	12	0.583635	0.53848	2.87593e-06	4.92762e-06
110	65	64	51	54	45	10	0.676976	0.39012	2.42324e-06	3.5795e-06
111	68	67	83	86	67	29	0.50259	0.68798	3.21424e-06	6.39536e-06
112	69	68	78	80	61	25	0.532645	0.6299	3.11285e-06	5.84414e-06
113	44	42	40	41	29	17	0.708801	0.34418	2.28065e-06	3.21762e-06
114	64	62	77	78	67	12	0.57635	0.55104	2.9051e-06	5.04051e-06
115	69	67	72	73	58	22	0.565164	0.57064	2.98949e-06	5.28961e-06
116	65	62	63	64	52	17	0.613472	0.48862	2.77039e-06	4.51591e-06
117	61	61	80	82	65	19	0.542341	0.61186	3.05785e-06	5.63823e-06
118	54	53	60	62	49	13	0.634029	0.45566	2.65689e-06	4.19048e-06
119	65	65	88	88	72	19	0.522286	0.64954	3.12166e-06	5.97692e-06
120	71	71	66	67	51	24	0.58091	0.54316	2.93777e-06	5.05719e-06
121	70	69	73	74	56	28	0.5447	0.60752	3.08565e-06	5.66485e-06
122	51	48	48	48	36	17	0.678317	0.38814	2.45059e-06	3.61275e-06
123	76	73	95	95	68	30	0.472556	0.7496	3.28734e-06	6.95652e-06
124	57	55	47	47	45	2	0.736858	0.30536	2.03322e-06	2.7593e-06
125	68	68	66	66	56	11	0.62464	0.47058	2.6922e-06	4.31001e-06
126	62	61	71	73	55	21	0.568053	0.56554	2.9746e-06	5.23647e-06
127	69	67	73	75	53	35	0.522307	0.6495	3.18254e-06	6.09323e-06
128	66	65	73	75	61	21	0.560963	0.5781	3.0008e-06	5.34937e-06
129	76	73	91	94	73	26	0.485333	0.72292	3.24568e-06	6.68754e-06
130	71	70	94	97	76	37	0.450292	0.79786	3.35078e-06	7.44135e-06
131	58	58	45	47	40	8	0.714652	0.33596	2.19977e-06	3.0781e-06
132	77	75	104	104	81	29	0.448871	0.80102	3.32677e-06	7.41141e-06
133	57	55	70	71	54	23	0.569396	0.56318	2.97785e-06	5.22984e-06
134	73	73	83	84	72	13	0.552214	0.59382	2.99981e-06	5.43233e-06
135	63	63	74	78	65	19	0.556137	0.58674	3.01006e-06	5.41244e-06
136	55	54	44	44	34	13	0.709908	0.34262	2.25355e-06	3.17443e-06
137	67	66	66	68	56	17	0.598254	0.51374	2.83674e-06	4.7417e-06
138	88	86	92	95	71	32	0.46776	0.7598	3.30369e-06	7.06278e-06
139	71	69	63	67	61	7	0.633522	0.45646	2.6316e-06	4.15392e-06
140	51	50	55	57	44	17	0.641042	0.44466	2.64159e-06	4.12078e-06
141	56	55	54	55	42	41	0.574359	0.5545	3.03439e-06	5.28308e-06
142	61	61	60	61	44	23	0.6063	0.50038	2.82861e-06	4.66537e-06
143	68	66	55	58	44	16	0.640286	0.44584	2.6406e-06	4.12409e-06
144	63	63	62	63	50	14	0.626855	0.46704	2.69552e-06	4.30006e-06
145	61	58	76	76	61	37	0.51377	0.66598	3.21412e-06	6.25595e-06
146	67	65	67	68	57	13	0.610584	0.49334	2.76544e-06	4.52917e-06
147	63	61	58	62	48	16	0.624403	0.47096	2.71608e-06	4.34988e-06
148	72	71	74	76	59	22	0.554616	0.58948	3.02762e-06	5.45895e-06
149	66	66	82	85	66	23	0.521472	0.6511	3.13932e-06	6.02011e-06
150	67	66	62	62	48	25	0.59639	0.51686	2.87942e-06	4.82808e-06
151	59	59	51	52	37	26	0.631814	0.45916	2.72738e-06	4.31674e-06
152	61	61	57	59	49	11	0.652712	0.42662	2.55528e-06	3.91487e-06
153	64	64	82	84	60	43	0.473871	0.74682	3.32957e-06	7.02633e-06
154	56	54	56	58	48	11	0.656823	0.42034	2.5343e-06	3.85843e-06
155	68	67	72	74	58	20	0.567383	0.56672	2.97297e-06	5.23979e-06
156	62	59	61	63	47	28	0.583658	0.53844	2.94393e-06	5.04393e-06
157	73	73	88	91	74	18	0.515159	0.66328	3.13893e-06	6.09313e-06
158	54	54	44	45	32	14	0.701875	0.354	2.30496e-06	3.28401e-06
159	82	80	82	85	65	27	0.510942	0.6715	3.18452e-06	6.23264e-06
160	60	56	61	64	49	17	0.613472	0.48862	2.77039e-06	4.51591e-06
161	72	72	112	113	87	43	0.394972	0.92894	3.42176e-06	8.66331e-06
162	64	63	71	75	61	21	0.560963	0.5781	3.0008e-06	5.34937e-06
163	71	69	82	85	65	28	0.508342	0.6766	3.19533e-06	6.28578e-06
164	69	67	59	59	43	22	0.617103	0.48272	2.77655e-06	4.49934e-06
165	45	44	45	47	34	15	0.689589	0.37166	2.37911e-06	3.45004e-06
166	74	73	81	81	68	15	0.557006	0.58518	2.9907e-06	5.36925e-06
167	55	55	73	75	57	33	0.527662	0.6393	3.15909e-06	5.98697e-06
168	67	64	82	84	62	31	0.503778	0.68562	3.2185e-06	6.38873e-06
169	58	55	68	70	49	29	0.555715	0.5875	3.05209e-06	5.49219e-06
170	61	57	72	74	62	15	0.582038	0.54122	2.89513e-06	4.97412e-06
171	65	63	51	52	44	10	0.685532	0.37756	2.37647e-06	3.46661e-06
172	58	58	64	64	50	20	0.604158	0.50392	2.82462e-06	4.67531e-06
173	69	66	86	89	63	32	0.485721	0.72212	3.26604e-06	6.7241e-06
174	55	54	38	40	36	4	0.762159	0.2716	1.88287e-06	2.47044e-06
175	75	73	59	60	52	10	0.651942	0.4278	2.55443e-06	3.91819e-06
176	56	55	43	44	34	15	0.702704	0.35282	2.30535e-06	3.28069e-06
177	61	61	80	83	68	18	0.541702	0.61304	3.05604e-06	5.64155e-06
178	61	60	75	79	57	46	0.481562	0.73072	3.32446e-06	6.90349e-06
179	71	69	91	94	68	42	0.447303	0.80452	3.37162e-06	7.53767e-06
180	66	66	61	65	53	14	0.619031	0.4796	2.73176e-06	4.41296e-06
181	64	64	70	70	51	34	0.541723	0.613	3.11917e-06	5.75786e-06
182	70	70	62	64	56	9	0.63902	0.44782	2.61413e-06	4.09085e-06
183	61	60	50	51	38	20	0.65555	0.42228	2.58385e-06	3.94149e-06
184	76	72	64	64	53	12	0.629317	0.46312	2.67475e-06	4.25024e-06
185	57	56	66	67	56	15	0.608195	0.49726	2.78492e-06	4.57899e-06
186	76	75	85	85	64	31	0.500624	0.6919	3.22661e-06	6.44518e-06
187	62	61	62	63	54	12	0.633282	0.45684	2.65585e-06	4.1938e-06
188	58	56	60	64	49	23	0.594984	0.51922	2.87658e-06	4.83471e-06
189	66	65	100	104	76	37	0.430926	0.84182	3.37694e-06	7.83648e-06
190	51	49	38	39	34	6	0.759177	0.27552	1.91332e-06	2.52026e-06
191	71	71	83	83	60	31	0.506951	0.67934	3.21016e-06	6.33228e-06
192	50	50	50	51	39	16	0.669061	0.40188	2.4949e-06	3.72896e-06
193	77	77	79	83	60	34	0.499254	0.69464	3.241e-06	6.49168e-06
194	79	74	91	95	73	33	0.46538	0.7649	3.31161e-06	7.11592e-06
195	69	67	67	70	54	24	0.570068	0.562	2.97948e-06	5.22653e-06
196	71	65	66	68	48	31	0.557028	0.58514	3.05561e-06	5.48557e-06
197	63	61	85	89	64	40	0.466303	0.76292	3.33368e-06	7.14916e-06
198	67	66	57	58	44	15	0.64356	0.44074	2.61991e-06	4.07096e-06
199	65	65	68	69	56	15	0.600604	0.50982	2.81796e-06	4.69188e-06
200	72	70	75	79	61	30	0.522505	0.64912	3.16291e-06	6.05336e-06
201	69	69	70	72	54	21	0.571632	0.55926	2.96107e-06	5.18002e-06
202	83	82	65	67	54	14	0.611305	0.49216	2.76668e-06	4.52585e-06
203	59	57	72	74	55	31	0.53643	0.62282	3.1243e-06	5.82425e-06
204	64	64	90	92	64	40	0.4576	0.78176	3.34895e-06	7.31851e-06
205	63	61	74	75	60	18	0.569612	0.5628	2.95627e-06	5.18997e-06
206	64	63	80	81	70	12	0.565593	0.56988	2.94666e-06	5.20985e-06
207	68	66	66	68	47	30	0.559876	0.58004	3.04149e-06	5.43243e-06
208	77	75	68	72	53	29	0.548779	0.60006	3.07595e-06	5.60509e-06
209	73	72	76	77	54	34	0.518425	0.65696	3.18987e-06	6.15299e-06
210	53	53	47	54	38	26	0.623928	0.47172	2.76377e-06	4.42963e-06
211	81	79	124	129	96	46	0.35179	1.04472	3.42147e-06	9.72587e-06
212	60	57	63	63	51	19	0.611072	0.49254	2.78999e-06	4.56573e-06
213	77	74	80	84	63	28	0.511545	0.67032	3.18658e-06	6.22933e-06
214	64	64	88	92	65	45	0.446079	0.80726	3.38314e-06	7.58417e-06
215	74	73	94	99	72	41	0.435692	0.83082	3.38392e-06	7.76677e-06
216	68	67	92	97	73	34	0.457234	0.78256	3.32955e-06	7.28195e-06
217	52	51	52	54	39	20	0.643316	0.44112	2.64456e-06	4.11083e-06
218	73	73	84	88	63	34	0.483821	0.72604	3.27736e-06	6.77392e-06
219	54	52	84	87	60	41	0.469794	0.75546	3.33056e-06	7.0894e-06
220	82	80	89	90	75	18	0.518404	0.657	3.12944e-06	6.03668e-06
221	61	58	70	70	55	17	0.590787	0.5263	2.86803e-06	4.8546e-06
222	59	58	74	77	62	17	0.565378	0.57026	2.96808e-06	5.24973e-06
223	66	65	88	93	69	38	0.459397	0.77784	3.33922e-06	7.26869e-06
224	61	60	69	72	53	26	0.55724	0.58476	3.03455e-06	5.44569e-06
225	69	67	98	103	78	30	0.449401	0.79984	3.32921e-06	7.4081e-06
226	58	58	64	64	51	17	0.613472	0.48862	2.77039e-06	4.51591e-06
227	74	72	59	59	52	7	0.666164	0.40622	2.46636e-06	3.70234e-06
228	68	68	90	93	68	30	0.478528	0.73704	3.27487e-06	6.84362e-06
229	73	72	99	101	76	36	0.441366	0.81788	3.36056e-06	7.614e-06
230	61	59	74	75	62	14	0.581351	0.5424	2.89364e-06	4.97743e-06
231	55	53	40	40	33	7	0.750587	0.2869	1.97392e-06	2.62984e-06
232	65	63	70	73	56	21	0.568053	0.56554	2.9746e-06	5.23647e-06
233	57	57	62	64	53	11	0.632535	0.45802	2.65482e-06	4.19711e-06
234	70	69	66	67	54	19	0.595913	0.51766	2.85533e-06	4.79152e-06
235	68	68	73	76	60	24	0.548987	0.59968	3.05523e-06	5.56521e-06
236	76	75	88	90	66	34	0.477782	0.7386	3.2904e-06	6.88681e-06
237	56	55	79	81	62	25	0.529311	0.63618	3.12324e-06	5.90059e-06
238	81	80	94	94	72	30	0.475533	0.74332	3.28121e-06	6.90007e-06
239	62	62	56	58	50	12	0.653482	0.42544	2.55613e-06	3.91156e-06
240	61	60	79	81	61	25	0.529311	0.63618	3.12324e-06	5.90059e-06
241	66	65	74	76	59	23	0.551794	0.59458	3.04153e-06	5.51208e-06
242	68	68	86	88	69	20	0.519629	0.65464	3.13339e-06	6.03005e-06
243	70	69	69	71	56	18	0.584102	0.53768	2.89958e-06	4.96418e-06
244	49	47	39	41	32	9	0.738318	0.30338	2.06179e-06	2.79255e-06
245	77	75	83	84	65	26	0.516789	0.66012	3.16433e-06	6.12306e-06
246	57	57	61	61	48	16	0.628336	0.46468	2.69772e-06	4.29343e-06
247	91	90	109	111	85	33	0.420892	0.86538	3.37516e-06	8.01908e-06
248	73	72	84	86	68	23	0.518207	0.65738	3.14892e-06	6.07656e-06
249	65	63	56	57	47	14	0.650926	0.42936	2.57856e-06	3.96138e-06
250	56	55	59	59	50	11	0.652712	0.42662	2.55528e-06	3.91487e-06
251	64	61	90	92	67	37	0.464655	0.76646	3.32652e-06	7.15911e-06
252	71	71	84	87	71	21	0.520243	0.65346	3.13537e-06	6.02674e-06
253	71	71	75	77	54	27	0.537267	0.62126	3.10597e-06	5.78106e-06
254	63	63	66	68	54	17	0.598254	0.51374	2.83674e-06	4.7417e-06
255	58	58	59	60	48	15	0.635527	0.4533	2.65895e-06	4.18385e-06
256	69	68	69	71	60	13	0.599188	0.51218	2.81529e-06	4.69851e-06
257	63	62	55	59	45	21	0.620258	0.47762	2.75779e-06	4.44621e-06
258	69	69	66	71	53	20	0.578174	0.54788	2.9316e-06	5.07044e-06
259	67	66	70	75	57	21	0.560963	0.5781	3.0008e-06	5.34937e-06
260	46	46	51	52	38	21	0.648133	0.43366	2.62563e-06	4.05107e-06
261	72	72	77	78	69	10	0.582259	0.54084	2.87301e-06	4.93424e-06
262	52	50	50	50	37	17	0.669851	0.4007	2.49563e-06	3.72564e-06
263	80	78	78	80	60	27	0.52724	0.6401	3.13729e-06	5.9504e-06
264	59	58	61	62	51	12	0.637271	0.45056	2.63661e-06	4.13735e-06
265	64	63	79	82	69	15	0.553519	0.59146	3.00323e-06	5.4257e-06
266	64	63	88	89	62	44	0.456887	0.78332	3.36346e-06	7.3617e-06
267	79	76	125	127	98	40	0.367306	1.00156	3.41381e-06	9.29417e-06
268	68	67	74	74	58	20	0.567383	0.56672	2.97297e-06	5.23979e-06
269	56	56	84	86	61	35	0.487444	0.71858	3.27277e-06	6.71416e-06
270	73	73	81	84	66	23	0.524757	0.64482	3.12947e-06	5.96366e-06
271	53	51	40	40	34	7	0.750587	0.2869	1.97392e-06	2.62984e-06
272	81	79	99	101	85	20	0.478892	0.73628	3.23916e-06	6.76387e-06
273	60	59	59	59	43	24	0.61084	0.49292	2.81329e-06	4.60561e-06
274	66	65	71	72	61	15	0.589394	0.52866	2.86518e-06	4.86123e-06
275	62	62	57	60	47	15	0.635527	0.4533	2.65895e-06	4.18385e-06
276	63	63	73	73	62	13	0.591709	0.52474	2.84695e-06	4.81141e-06
277	69	67	81	81	62	25	0.529311	0.63618	3.12324e-06	5.90059e-06
278	61	59	48	48	46	2	0.732245	0.31164	2.06182e-06	2.81575e-06
279	81	80	97	100	81	22	0.477019	0.7402	3.25026e-06	6.81369e-06
280	68	68	75	75	52	30	0.535797	0.624	3.12239e-06	5.82757e-06
281	77	77	93	97	75	28	0.471442	0.75196	3.28272e-06	6.96315e-06
282	61	61	60	60	49	12	0.645326	0.438	2.59708e-06	4.02445e-06
283	58	56	57	58	45	16	0.640286	0.44584	2.6406e-06	4.12409e-06
284	65	65	64	66	56	12	0.621462	0.47568	2.71153e-06	4.36314e-06
285	70	70	69	71	53	24	0.566499	0.56828	2.9928e-06	5.28298e-06
286	69	67	91	91	78	16	0.52044	0.65308	3.1158e-06	5.98686e-06
287	65	62	58	60	48	14	0.638777	0.4482	2.63861e-06	4.13072e-06
288	75	73	91	94	75	24	0.490309	0.71272	3.22685e-06	6.58127e-06
289	56	54	46	46	40	7	0.722831	0.32458	2.14574e-06	2.96852e-06
290	60	58	64	67	47	32	0.557686	0.58396	3.05737e-06	5.48225e-06
291	61	60	63	63	50	15	0.623666	0.47214	2.71494e-06	4.3532e-06
292	63	62	74	77	62	20	0.556794	0.58556	3.01177e-06	5.40913e-06
293	66	65	68	69	53	20	0.585482	0.53532	2.90255e-06	4.95755e-06
294	76	73	73	79	55	54	0.46231	0.77152	3.38806e-06	7.32855e-06
295	70	69	47	49	35	22	0.657099	0.41992	2.5856e-06	3.93486e-06
296	48	45	43	46	40	7	0.722831	0.32458	2.14574e-06	2.96852e-06
297	76	74	68	68	57	14	0.607478	0.49844	2.78365e-06	4.5823e-06
298	57	55	79	81	59	27	0.523939	0.64638	3.14722e-06	6.00685e-06
299	89	88	110	116	86	38	0.397611	0.92228	3.40633e-06	8.56698e-06
300	62	62	53	53	42	15	0.664088	0.40934	2.51605e-06	3.78872e-06
301	67	65	65	66	52	17	0.605815	0.50118	2.8042e-06	4.62881e-06
302	59	58	58	58	50	8	0.66695	0.40504	2.46707e-06	3.69903e-06
303	70	70	86	88	62	44	0.459765	0.77704	3.3587e-06	7.30525e-06
304	59	58	51	57	42	20	0.631309	0.45996	2.70211e-06	4.28018e-06
305	74	72	88	89	70	27	0.498267	0.69662	3.21802e-06	6.45843e-06
306	65	64	73	75	57	21	0.560963	0.5781	3.0008e-06	5.34937e-06
307	58	56	41	41	36	11	0.730826	0.31358	2.11853e-06	2.89882e-06
308	65	63	61	64	53	14	0.622931	0.47332	2.7138e-06	4.35651e-06
309	63	63	68	72	52	33	0.537697	0.62046	3.12812e-06	5.81762e-06
310	71	70	86	86	68	24	0.515571	0.66248	3.16029e-06	6.12969e-06
311	67	64	78	80	65	18	0.552004	0.5942	3.02068e-06	5.47221e-06
312	52	50	41	42	34	9	0.733696	0.30966	2.0903e-06	2.849e-06
313	72	71	71	73	58	19	0.573877	0.55534	2.94411e-06	5.13021e-06
314	82	77	91	93	79	16	0.513944	0.66564	3.13494e-06	6.09976e-06
315	79	78	94	94	72	27	0.482864	0.72802	3.25483e-06	6.74067e-06
316	59	57	71	74	58	26	0.550284	0.59732	3.0588e-06	5.55859e-06
317	46	45	56	61	45	20	0.615648	0.48508	2.77409e-06	4.50597e-06
318	63	62	47	50	41	11	0.690665	0.3701	2.35299e-06	3.40685e-06
319	64	64	69	73	52	28	0.548132	0.60124	3.07414e-06	5.6084e-06
320	68	67	58	59	48	13	0.646088	0.43682	2.59801e-06	4.02114e-06
321	59	58	71	72	60	14	0.592408	0.52356	2.84835e-06	4.80809e-06
322	72	72	65	66	46	26	0.578637	0.54708	2.9551e-06	5.107e-06
323	53	52	85	87	67	22	0.517596	0.65856	3.14692e-06	6.07987e-06
324	80	78	79	81	62	23	0.534737	0.62598	3.09844e-06	5.79432e-06
325	59	55	55	55	44	13	0.662523	0.4117	2.51451e-06	3.79535e-06
326	63	59	69	70	59	12	0.606046	0.5008	2.7811e-06	4.58893e-06
327	64	62	59	61	47	22	0.6094	0.49528	2.8107e-06	4.61223e-06
328	66	66	85	85	67	36	0.488019	0.7174	3.27502e-06	6.71084e-06
329	71	69	80	81	67	18	0.548548	0.60048	3.03273e-06	5.52865e-06
330	63	63	61	63	47	19	0.611072	0.49254	2.78999e-06	4.56573e-06
331	52	52	41	41	36	6	0.749702	0.28808	1.97408e-06	2.63315e-06
332	59	59	41	44	34	12	0.713538	0.33752	2.22716e-06	3.12129e-06
333	82	80	96	99	84	19	0.487424	0.71862	3.21595e-06	6.59784e-06
334	60	60	46	47	37	13	0.696658	0.36146	2.32946e-06	3.34377e-06
335	61	58	73	79	56	35	0.50935	0.67462	3.21859e-06	6.31902e-06
336	65	63	62	65	48	23	0.59126	0.5255	2.89194e-06	4.89116e-06
337	77	74	77	79	66	17	0.558322	0.58282	2.99407e-06	5.36262e-06
338	69	68	56	59	46	20	0.623429	0.47252	2.73877e-06	4.39307e-06
339	67	66	62	65	52	19	0.603445	0.5051	2.82329e-06	4.67862e-06
340	74	70	67	68	61	8	0.626354	0.46784	2.67046e-06	4.2635e-06
341	55	53	56	56	43	16	0.648379	0.43328	2.60078e-06	4.0112e-06
342	74	73	72	73	61	22	0.565164	0.57064	2.98949e-06	5.28961e-06
343	61	59	56	57	50	8	0.671152	0.39876	2.44472e-06	3.64258e-06
344	65	65	64	68	54	22	0.583191	0.53924	2.92025e-06	5.00737e-06
345	65	63	87	90	74	21	0.510533	0.6723	3.1633e-06	6.19608e-06
346	49	49	51	54	43	15	0.659931	0.41562	2.53755e-06	3.84517e-06
347	70	67	59	59	48	14	0.642801	0.44192	2.61895e-06	4.07427e-06
348	71	69	98	99	80	26	0.47033	0.75432	3.2781e-06	6.96978e-06
349	75	73	64	65	48	28	0.576373	0.551	2.97225e-06	5.15682e-06
350	56	56	62	63	51	15	0.623666	0.47214	2.71494e-06	4.3532e-06
351	87	85	101	103	87	16	0.482661	0.72844	3.21657e-06	6.66423e-06
352	62	60	74	75	62	18	0.569612	0.5628	2.95627e-06	5.18997e-06
353	55	55	65	67	52	20	0.592882	0.52276	2.87231e-06	4.84465e-06
354	66	63	68	70	48	41	0.522725	0.6487	3.2042e-06	6.12979e-06
355	67	65	84	88	75	19	0.522286	0.64954	3.12166e-06	5.97692e-06
356	73	71	52	54	48	6	0.690928	0.36972	2.32633e-06	3.36697e-06
357	65	63	68	69	56	17	0.594509	0.52002	2.85254e-06	4.79815e-06
358	67	66	50	51	40	12	0.68285	0.38148	2.40119e-06	3.51643e-06
359	65	63	65	65	54	13	0.622196	0.4745	2.71267e-06	4.35983e-06
360	72	72	76	80	62	25	0.532645	0.6299	3.11285e-06	5.84414e-06
361	62	59	54	54	46	9	0.680437	0.38502	2.39947e-06	3.52637e-06
362	74	73	83	89	67	48	0.447661	0.80372	3.39068e-06	7.57423e-06
363	67	66	66	66	55	13	0.618301	0.48078	2.73059e-06	4.41627e-06
364	56	54	56	59	42	24	0.61084	0.49292	2.81329e-06	4.60561e-06
365	71	70	72	73	59	17	0.579761	0.54514	2.91268e-06	5.02394e-06
366	75	74	89	95	67	49	0.428914	0.8465	3.41675e-06	7.96605e-06
367	78	78	77	77	61	20	0.556794	0.58556	3.01177e-06	5.40913e-06
368	58	57	39	41	38	4	0.757388	0.27788	1.91383e-06	2.52688e-06
369	66	66	67	68	47	31	0.557028	0.58514	3.05561e-06	5.48557e-06
370	63	63	75	79	62	26	0.533274	0.62872	3.11476e-06	5.84082e-06
371	69	66	62	63	49	24	0.595687	0.51804	2.878e-06	4.8314e-06
372	67	66	86	90	65	37	0.470528	0.7539	3.31544e-06	7.04621e-06
373	61	60	66	67	56	12	0.617572	0.48196	2.72941e-06	4.41959e-06
374	72	72	74	74	62	14	0.585014	0.53612	2.87884e-06	4.92099e-06
375	52	51	36	38	29	10	0.748533	0.28964	2.00333e-06	2.67634e-06
376	79	78	93	96	72	35	0.457774	0.78138	3.33197e-06	7.27863e-06
377	59	56	65	69	52	19	0.588475	0.53022	2.88613e-06	4.90442e-06
378	59	58	57	60	45	40	0.559451	0.5808	3.08379e-06	5.51218e-06
379	64	60	58	58	45	16	0.640286	0.44584	2.6406e-06	4.12409e-06
380	68	67	76	78	50	44	0.489564	0.71424	3.30004e-06	6.74077e-06
381	68	68	82	85	58	41	0.475732	0.7429	3.31895e-06	6.97651e-06
382	38	36	41	42	31	15	0.711585	0.34026	2.25416e-06	3.1678e-06
383	56	55	66	67	55	14	0.611305	0.49216	2.76668e-06	4.52585e-06
384	71	70	86	87	69	32	0.491861	0.70956	3.25179e-06	6.6112e-06
385	80	77	95	96	76	26	0.479275	0.73548	3.25928e-06	6.80043e-06
386	60	59	69	71	52	24	0.566499	0.56828	2.9928e-06	5.28298e-06
387	63	63	72	74	56	30	0.539172	0.61772	3.11163e-06	5.77112e-06
388	64	64	69	72	52	30	0.545987	0.60516	3.08932e-06	5.65822e-06
389	53	50	42	43	33	12	0.718033	0.33124	2.20066e-06	3.06485e-06
390	69	67	61	64	48	20	0.604158	0.50392	2.82462e-06	4.67531e-06
391	69	68	77	79	64	20	0.549844	0.59812	3.03625e-06	5.52202e-06
392	74	69	86	87	62	39	0.474611	0.74526	3.31427e-06	6.98314e-06
393	55	52	59	60	43	29	0.591733	0.5247	2.91589e-06	4.92772e-06
394	71	67	87	87	64	36	0.481928	0.72996	3.28855e-06	6.82374e-06
395	61	61	67	70	52	25	0.567168	0.5671	2.99445e-06	5.27966e-06
396	67	65	91	93	73	26	0.48839	0.71664	3.23856e-06	6.63109e-06
397	65	64	60	63	49	20	0.607964	0.49764	2.8081e-06	4.61886e-06
398	54	54	57	59	42	21	0.620258	0.47762	2.75779e-06	4.44621e-06
399	69	67	72	75	61	22	0.55811	0.5832	3.01519e-06	5.4025e-06
400	74	70	85	86	59	41	0.472754	0.74918	3.32486e-06	7.03295e-06
401	75	75	82	84	55	50	0.457252	0.78252	3.38287e-06	7.39826e-06
402	56	55	67	70	52	25	0.567168	0.5671	2.99445e-06	5.27966e-06
403	58	57	79	82	60	36	0.497301	0.69856	3.25309e-06	6.5415e-06
404	61	61	79	82	63	25	0.525997	0.64246	3.13338e-06	5.95703e-06
405	71	66	86	88	66	36	0.478911	0.73624	3.295e-06	6.88018e-06
406	66	64	72	74	55	26	0.550284	0.59732	3.0588e-06	5.55859e-06
407	52	51	41	43	36	10	0.725394	0.32104	2.14614e-06	2.95858e-06
408	70	70	85	86	68	24	0.515571	0.66248	3.16029e-06	6.12969e-06
409	82	78	95	97	67	40	0.443455	0.81316	3.37058e-06	7.60075e-06
410	69	68	71	72	59	14	0.592408	0.52356	2.84835e-06	4.80809e-06
411	61	60	53	56	48	9	0.671944	0.39758	2.44538e-06	3.63926e-06
412	69	66	61	63	54	11	0.63652	0.45174	2.63561e-06	4.14066e-06
413	62	59	56	57	46	14	0.650926	0.42936	2.57856e-06	3.96138e-06
414	77	70	100	103	79	36	0.435857	0.83044	3.36783e-06	7.7269e-06
415	66	64	54	55	49	7	0.68311	0.3811	2.37486e-06	3.47655e-06
416	59	57	70	72	57	18	0.580445	0.54396	2.9142e-06	5.02062e-06
417	71	69	66	66	58	9	0.631044	0.46038	2.65274e-06	4.20374e-06
418	63	61	61	64	51	15	0.619762	0.47842	2.73293e-06	4.40964e-06
419	77	74	73	75	56	25	0.549635	0.5985	3.05702e-06	5.5619e-06
420	58	57	48	49	41	10	0.69857	0.35872	2.30337e-06	3.29726e-06
421	65	64	70	73	56	20	0.570958	0.56044	2.95947e-06	5.18334e-06
422	63	62	84	87	62	40	0.472197	0.75036	3.3225e-06	7.03627e-06
423	44	44	64	66	46	25	0.581596	0.54198	2.93931e-06	5.05387e-06
424	67	64	60	62	51	15	0.627595	0.46586	2.69662e-06	4.29675e-06
425	63	62	57	57	49	9	0.667738	0.40386	2.46777e-06	3.69571e-06
426	71	70	70	73	60	18	0.576811	0.55024	2.92851e-06	5.07707e-06
427	51	49	72	74	58	18	0.5732	0.55652	2.94254e-06	5.13352e-06
428	79	77	75	76	62	16	0.571849	0.55888	2.93939e-06	5.14015e-06
429	59	55	56	57	44	26	0.612283	0.49056	2.81588e-06	4.59898e-06
430	61	57	61	62	41	34	0.569635	0.56276	3.02264e-06	5.30628e-06
431	63	62	75	80	60	25	0.532645	0.6299	3.11285e-06	5.84414e-06
432	71	70	68	68	55	18	0.595211	0.51884	2.85394e-06	4.79483e-06
433	67	67	70	71	54	24	0.566499	0.56828	2.9928e-06	5.28298e-06
434	67	65	77	78	54	55	0.462856	0.77034	3.39053e-06	7.32524e-06
435	72	72	82	84	71	15	0.54661	0.60402	3.02745e-06	5.5386e-06
436	42	42	58	60	44	22	0.613239	0.489	2.79379e-06	4.55579e-06
437	65	63	70	71	59	13	0.599188	0.51218	2.81529e-06	4.69851e-06
438	74	72	89	94	73	26	0.485333	0.72292	3.24568e-06	6.68754e-06
439	65	63	59	62	48	15	0.627595	0.46586	2.69662e-06	4.29675e-06
440	64	62	65	66	56	13	0.618301	0.48078	2.73059e-06	4.41627e-06
441	57	57	69	72	48	33	0.537697	0.62046	3.12812e-06	5.81762e-06
442	68	66	56	57	47	14	0.650926	0.42936	2.57856e-06	3.96138e-06
443	71	69	75	77	56	30	0.529109	0.63656	3.14315e-06	5.94046e-06
444	73	70	68	72	59	16	0.586396	0.53376	2.88176e-06	4.91436e-06
445	52	52	59	60	41	27	0.597799	0.5145	2.88226e-06	4.82145e-06
446	59	58	50	51	33	30	0.622956	0.47328	2.78637e-06	4.47282e-06
447	60	58	57	58	39	25	0.611561	0.49174	2.81458e-06	4.60229e-06
448	73	70	69	70	53	28	0.558556	0.5824	3.03802e-06	5.43906e-06
449	65	64	90	90	69	31	0.485149	0.7233	3.2638e-06	6.72741e-06
450	61	61	49	51	38	19	0.658902	0.41718	2.56205e-06	3.88836e-06
451	69	69	68	71	56	23	0.569396	0.56318	2.97785e-06	5.22984e-06
452	65	64	55	56	41	20	0.635286	0.45368	2.68328e-06	4.22373e-06
453	74	73	53	54	50	5	0.69446	0.36462	2.30133e-06	3.31384e-06
454	55	53	52	54	40	17	0.653234	0.42582	2.58121e-06	3.95143e-06
455	84	84	70	72	57	26	0.55724	0.58476	3.03455e-06	5.44569e-06
456	61	61	94	95	74	26	0.482295	0.7292	3.25259e-06	6.74399e-06
457	74	73	56	58	50	9	0.663557	0.41014	2.48977e-06	3.75216e-06
458	65	65	62	66	51	17	0.605815	0.50118	2.8042e-06	4.62881e-06
459	56	56	91	93	70	27	0.485906	0.72174	3.2479e-06	6.68422e-06
460	70	68	75	75	62	15	0.578394	0.5475	2.90965e-06	5.03057e-06
461	46	46	51	52	47	5	0.703238	0.35206	2.25102e-06	3.20094e-06
462	75	74	61	64	52	19	0.607247	0.49882	2.8068e-06	4.62218e-06
463	63	59	78	80	63	20	0.546402	0.6044	3.04809e-06	5.57847e-06
464	52	50	53	55	35	33	0.598278	0.5137	2.90644e-06	4.85801e-06
465	62	57	63	65	49	24	0.588252	0.5306	2.90849e-06	4.94429e-06
466	59	56	75	77	52	35	0.515788	0.66206	3.20104e-06	6.20613e-06
467	66	66	73	75	57	27	0.544058	0.6087	3.08381e-06	5.66817e-06
468	61	57	77	78	54	31	0.523122	0.64794	3.16491e-06	6.05004e-06
469	70	69	94	96	72	34	0.460114	0.77628	3.32456e-06	7.2255e-06
470	70	69	77	77	62	15	0.571175	0.56006	2.93782e-06	5.14346e-06
471	76	74	88	92	72	23	0.499045	0.69506	3.20149e-06	6.41524e-06
472	57	56	63	66	47	23	0.587558	0.53178	2.90701e-06	4.94761e-06
473	59	57	84	85	61	36	0.488019	0.7174	3.27502e-06	6.71084e-06
474	62	61	56	56	46	10	0.668526	0.40268	2.46846e-06	3.6924e-06
475	66	66	67	67	57	13	0.61443	0.48706	2.74817e-06	4.47272e-06
476	66	64	94	97	80	20	0.491074	0.71116	3.21068e-06	6.53808e-06
477	80	77	81	84	71	16	0.543829	0.60912	3.04095e-06	5.59173e-06
478	71	71	79	81	62	32	0.510747	0.67188	3.20367e-06	6.27252e-06
479	70	69	66	67	58	10	0.623903	0.47176	2.6911e-06	4.31332e-06
480	78	76	56	59	41	41	0.560111	0.57962	3.08558e-06	5.50887e-06
481	58	56	38	39	31	11	0.740063	0.30102	2.06176e-06	2.78592e-06
482	63	60	50	51	39	15	0.672482	0.39678	2.47193e-06	3.67583e-06
483	63	62	44	45	40	5	0.734842	0.3081	2.06183e-06	2.80581e-06
484	50	50	51	52	44	9	0.689037	0.37246	2.35201e-06	3.41347e-06
485	67	67	82	84	65	28	0.511545	0.67032	3.18658e-06	6.22933e-06
486	69	66	64	67	57	12	0.617572	0.48196	2.72941e-06	4.41959e-06
487	72	70	64	67	50	26	0.575015	0.55336	2.96906e-06	5.16345e-06
488	52	51	47	47	36	14	0.693115	0.36656	2.35444e-06	3.3969e-06
489	79	78	83	84	61	40	0.481177	0.73152	3.30421e-06	6.86693e-06
490	78	76	82	89	63	36	0.475913	0.74252	3.30123e-06	6.93663e-06
491	67	66	81	85	64	30	0.503184	0.6868	3.21637e-06	6.39204e-06
492	59	59	73	75	55	31	0.533071	0.6291	3.13483e-06	5.8807e-06
493	60	59	75	77	63	19	0.559641	0.58046	2.99743e-06	5.356e-06
494	68	66	76	76	61	19	0.563166	0.57418	2.98453e-06	5.29955e-06
495	74	73	76	78	62	19	0.556137	0.58674	3.01006e-06	5.41244e-06
496	73	72	71	73	56	26	0.553751	0.59104	3.04681e-06	5.50214e-06
497	56	54	55	55	43	19	0.642557	0.4423	2.64357e-06	4.11415e-06
498	78	76	77	78	63	24	0.542135	0.61224	3.0783e-06	5.67811e-06
499	60	57	66	69	54	19	0.588475	0.53022	2.88613e-06	4.90442e-06
500	71	68	85	88	66	35	0.48136	0.73114	3.28627e-06	6.82705e-06
501	64	63	56	60	43	24	0.607016	0.4992	2.82994e-06	4.66205e-06
502	53	52	61	62	54	9	0.647096	0.43526	2.57412e-06	3.97795e-06
503	68	68	69	74	60	27	0.547485	0.60242	3.07233e-06	5.61172e-06
504	83	81	76	79	64	17	0.558322	0.58282	2.99407e-06	5.36262e-06
505	74	74	71	73	58	24	0.559428	0.58084	3.0186e-06	5.39587e-06
506	54	54	73	76	56	32	0.527039	0.64048	3.15711e-06	5.99028e-06
507	86	83	105	109	73	52	0.386849	0.94972	3.44904e-06	8.91571e-06
508	60	59	65	65	48	20	0.600375	0.5102	2.84083e-06	4.73176e-06
509	78	77	95	96	75	26	0.479275	0.73548	3.25928e-06	6.80043e-06
510	65	65	92	97	71	39	0.445722	0.80806	3.36414e-06	7.54761e-06
511	59	58	54	57	42	24	0.618561	0.48036	2.77901e-06	4.49271e-06
512	69	68	74	75	65	12	0.587311	0.5322	2.86089e-06	4.87117e-06
513	70	69	97	100	73	34	0.4487	0.8014	3.3434e-06	7.45129e-06
514	75	74	92	92	74	21	0.504161	0.68486	3.18074e-06	6.30898e-06
515	56	55	59	59	53	7	0.666164	0.40622	2.46636e-06	3.70234e-06
516	85	80	85	89	67	30	0.490701	0.71192	3.24738e-06	6.61783e-06
517	63	62	67	67	54	17	0.602023	0.50746	2.82063e-06	4.68525e-06
518	69	67	92	94	73	30	0.475533	0.74332	3.28121e-06	6.90007e-06
519	71	71	104	106	74	48	0.402331	0.91048	3.43343e-06	8.53384e-06
520	63	63	59	59	49	14	0.642801	0.44192	2.61895e-06	4.07427e-06
521	70	69	91	91	74	22	0.504756	0.68368	3.18282e-06	6.30566e-06
522	68	67	80	83	65	23	0.528063	0.63854	3.11938e-06	5.90721e-06
523	83	79	77	81	59	33	0.508149	0.67698	3.21438e-06	6.32565e-06
524	57	56	49	49	38	13	0.687963	0.37402	2.37806e-06	3.45666e-06
525	61	60	63	63	52	12	0.633282	0.45684	2.65585e-06	4.1938e-06
526	62	62	65	67	51	19	0.595913	0.51766	2.85533e-06	4.79152e-06
527	66	66	67	68	46	32	0.554194	0.59024	3.06952e-06	5.5387e-06
528	66	64	58	60	48	16	0.632295	0.4584	2.67902e-06	4.23699e-06
529	67	65	55	59	44	22	0.617103	0.48272	2.77655e-06	4.49934e-06
530	71	71	80	83	66	22	0.530763	0.63344	3.10713e-06	5.85408e-06
531	63	62	77	77	59	23	0.54834	0.60086	3.05345e-06	5.56853e-06
532	77	76	94	99	72	42	0.433476	0.83592	3.38974e-06	7.81991e-06
533	58	56	61	61	48	18	0.62196	0.47488	2.73644e-06	4.3997e-06
534	65	63	78	78	64	15	0.567599	0.56634	2.95146e-06	5.19991e-06
535	63	62	62	63	51	17	0.617337	0.48234	2.75299e-06	4.45946e-06
536	72	71	60	64	50	21	0.601084	0.50902	2.84219e-06	4.72844e-06
537	67	67	86	89	65	35	0.478346	0.73742	3.2927e-06	6.8835e-06
538	71	69	61	63	54	11	0.63652	0.45174	2.63561e-06	4.14066e-06
539	71	71	77	82	63	22	0.534107	0.62716	3.09655e-06	5.79763e-06
540	51	48	62	66	45	27	0.575693	0.55218	2.97066e-06	5.16014e-06
541	78	76	82	85	62	35	0.490515	0.7123	3.2657e-06	6.65771e-06
542	58	57	65	67	47	26	0.575015	0.55336	2.96906e-06	5.16345e-06
543	96	93	102	105	89	19	0.4694	0.7563	3.25601e-06	6.93653e-06
544	61	58	58	59	45	14	0.642801	0.44192	2.61895e-06	4.07427e-06
545	63	59	53	54	46	8	0.683916	0.37992	2.3754e-06	3.47324e-06
546	67	64	102	105	77	39	0.423882	0.8583	3.39071e-06	7.99919e-06
547	73	72	116	119	87	47	0.372686	0.98702	3.43412e-06	9.21452e-06
548	72	71	112	113	86	36	0.409327	0.89324	3.39389e-06	8.29137e-06
549	59	57	66	67	54	16	0.605101	0.50236	2.8029e-06	4.63212e-06
550	66	66	70	71	57	25	0.563617	0.57338	3.00752e-06	5.33611e-06
551	59	58	83	84	62	37	0.488596	0.71622	3.27727e-06	6.70753e-06
552	74	73	68	69	58	16	0.597548	0.51492	2.83538e-06	4.74502e-06
553	64	63	58	60	48	16	0.632295	0.4584	2.67902e-06	4.23699e-06
554	72	69	70	74	52	33	0.530986	0.63302	3.14902e-06	5.93052e-06
555	68	66	72	73	59	18	0.576811	0.55024	2.92851e-06	5.07707e-06
556	66	63	60	65	43	43	0.533925	0.6275	3.17889e-06	5.95382e-06
557	73	70	83	85	62	31	0.500624	0.6919	3.22661e-06	6.44518e-06
558	54	53	81	87	61	44	0.462661	0.77076	3.35374e-06	7.2488e-06
559	61	59	75	77	58	25	0.542775	0.61106	3.08014e-06	5.6748e-06
560	60	59	58	61	46	17	0.62514	0.46978	2.71721e-06	4.34657e-06
561	72	71	81	82	63	27	0.520659	0.65266	3.15691e-06	6.0633e-06
562	65	65	85	86	63	31	0.49749	0.69818	3.23449e-06	6.50162e-06
563	63	61	47	47	42	5	0.72567	0.32066	2.11802e-06	2.9187e-06
564	69	66	62	62	53	9	0.647096	0.43526	2.57412e-06	3.97795e-06
565	53	53	63	65	53	16	0.612749	0.4898	2.76915e-06	4.51923e-06
566	74	73	78	79	65	18	0.555481	0.58792	3.00835e-06	5.41576e-06
567	55	53	66	68	58	14	0.607478	0.49844	2.78365e-06	4.5823e-06
568	84	84	76	77	59	25	0.542775	0.61106	3.08014e-06	5.6748e-06
569	61	61	84	90	65	43	0.456348	0.7845	3.36101e-06	7.36501e-06
570	72	69	90	94	76	24	0.490309	0.71272	3.22685e-06	6.58127e-06
571	74	72	74	77	60	26	0.540014	0.61616	3.09316e-06	5.72793e-06
572	63	62	76	79	61	29	0.525177	0.64402	3.15118e-06	6.00022e-06
573	69	68	90	91	67	32	0.479659	0.73468	3.27943e-06	6.83699e-06
574	66	65	73	76	64	16	0.571849	0.55888	2.93939e-06	5.14015e-06
575	71	69	94	95	76	24	0.487239	0.719	3.23416e-06	6.63772e-06
576	72	70	87	90	68	29	0.490122	0.7131	3.24517e-06	6.62115e-06
577	63	61	79	83	61	34	0.499254	0.69464	3.241e-06	6.49168e-06
578	61	57	71	72	60	17	0.583413	0.53886	2.8981e-06	4.96749e-06
579	61	60	61	62	52	11	0.64053	0.44546	2.61606e-06	4.08422e-06
580	66	64	60	63	45	23	0.598733	0.51294	2.8609e-06	4.77826e-06
581	69	68	80	84	65	24	0.522088	0.64992	3.14129e-06	6.0168e-06
582	70	70	62	65	51	17	0.609632	0.4949	2.78746e-06	4.57236e-06
583	48	46	43	46	36	15	0.693933	0.36538	2.35492e-06	3.39359e-06
584	76	74	74	75	63	15	0.578394	0.5475	2.90965e-06	5.03057e-06
585	57	56	68	70	61	10	0.612259	0.4906	2.74455e-06	4.48266e-06
586	67	67	68	71	48	35	0.535593	0.62438	3.14256e-06	5.86744e-06
587	62	61	41	43	34	11	0.721704	0.32614	2.17357e-06	3.01171e-06
588	66	66	70	72	52	30	0.545987	0.60516	3.08932e-06	5.65822e-06
589	66	65	44	44	36	11	0.717186	0.33242	2.20044e-06	3.06816e-06
590	74	73	98	102	71	44	0.421068	0.86496	3.40877e-06	8.09552e-06
591	71	70	90	92	69	51	0.432635	0.83786	3.41911e-06	7.90297e-06
592	50	49	54	56	42	19	0.638534	0.44858	2.66307e-06	4.1706e-06
593	78	78	91	96	69	41	0.443978	0.81198	3.37309e-06	7.59743e-06
594	58	57	55	57	43	17	0.641042	0.44466	2.64159e-06	4.12078e-06
595	64	60	68	69	58	14	0.603675	0.50472	2.80029e-06	4.63875e-06
596	63	61	66	67	58	12	0.617572	0.48196	2.72941e-06	4.41959e-06
597	62	60	77	82	59	35	0.499844	0.69346	3.24317e-06	6.48837e-06
598	83	80	83	84	64	28	0.511545	0.67032	3.18658e-06	6.22933e-06
599	78	76	103	103	80	29	0.451699	0.79474	3.32223e-06	7.35497e-06
600	69	69	57	58	48	12	0.653482	0.42544	2.55613e-06	3.91156e-06
601	58	57	59	60	46	19	0.622694	0.4737	2.7376e-06	4.39639e-06
602	64	60	56	58	50	8	0.66695	0.40504	2.46707e-06	3.69903e-06
603	59	59	84	87	67	29	0.499444	0.69426	3.22231e-06	6.4518e-06
604	78	77	68	70	56	19	0.584791	0.5365	2.90107e-06	4.96086e-06
605	64	62	90	91	72	27	0.492048	0.70918	3.23341e-06	6.57133e-06
606	66	66	76	77	61	22	0.551144	0.59576	3.03977e-06	5.5154e-06
607	68	68	93	98	68	61	0.395921	0.92654	3.47341e-06	8.77299e-06
608	58	58	48	48	44	4	0.724814	0.32184	2.11792e-06	2.92202e-06
609	73	73	101	103	78	36	0.435857	0.83044	3.36783e-06	7.7269e-06
610	53	52	41	42	34	11	0.726251	0.31986	2.14626e-06	2.95526e-06
611	57	55	42	43	40	3	0.751759	0.28534	1.94453e-06	2.58665e-06
612	60	59	70	75	55	26	0.546839	0.6036	3.07052e-06	5.61503e-06
613	55	54	66	67	55	14	0.611305	0.49216	2.76668e-06	4.52585e-06
614	64	63	69	72	54	27	0.554405	0.58986	3.04857e-06	5.49882e-06
615	68	67	92	95	70	35	0.460658	0.7751	3.32695e-06	7.22218e-06
616	68	65	65	65	49	26	0.582282	0.5408	2.94085e-06	5.05056e-06
617	54	52	63	64	51	16	0.616609	0.48352	2.75179e-06	4.46278e-06
618	74	73	82	83	59	31	0.506951	0.67934	3.21016e-06	6.33228e-06
619	54	52	55	56	48	8	0.67538	0.39248	2.422e-06	3.58613e-06
620	83	83	96	102	77	37	0.436372	0.82926	3.37036e-06	7.72358e-06
621	60	59	76	76	62	19	0.563166	0.57418	2.98453e-06	5.29955e-06
622	57	54	48	52	34	28	0.625402	0.46936	2.76616e-06	4.423e-06
623	65	64	77	78	64	16	0.564712	0.57144	2.96646e-06	5.25304e-06
624	65	64	80	80	60	26	0.529935	0.635	3.12517e-06	5.89727e-06
625	59	59	96	99	81	21	0.482478	0.72882	3.23459e-06	6.70411e-06
626	66	64	72	74	58	19	0.570284	0.56162	2.95787e-06	5.18665e-06
627	71	71	64	66	49	21	0.593582	0.52158	2.87373e-06	4.84134e-06
628	67	66	77	78	61	20	0.553308	0.59184	3.02415e-06	5.46558e-06
629	65	63	61	64	49	22	0.598027	0.51412	2.85951e-06	4.78158e-06
630	61	60	70	72	53	28	0.551585	0.59496	3.06237e-06	5.55196e-06
631	68	68	80	82	62	22	0.534107	0.62716	3.09655e-06	5.79763e-06
632	65	65	77	80	61	24	0.535368	0.6248	3.10032e-06	5.791e-06
633	72	68	83	85	64	36	0.488019	0.7174	3.27502e-06	6.71084e-06
634	70	69	77	80	61	23	0.538106	0.6197	3.08758e-06	5.73787e-06
635	53	51	62	66	47	38	0.544286	0.60828	3.12671e-06	5.7446e-06
636	76	75	56	58	46	14	0.646851	0.43564	2.59893e-06	4.01783e-06
637	56	53	47	48	37	13	0.692297	0.36774	2.35396e-06	3.40022e-06
638	69	69	63	64	59	6	0.648872	0.43252	2.551e-06	3.93145e-06
639	62	62	59	60	39	34	0.576834	0.5502	2.99572e-06	5.19338e-06
640	67	66	60	63	53	11	0.63652	0.45174	2.63561e-06	4.14066e-06
641	66	63	66	68	54	20	0.58917	0.52904	2.88758e-06	4.9011e-06
642	67	65	53	57	45	16	0.64432	0.43956	2.62086e-06	4.06764e-06
643	71	70	92	95	71	37	0.455983	0.7853	3.34165e-06	7.32845e-06
644	49	49	59	62	43	25	0.59639	0.51686	2.87942e-06	4.82808e-06
645	77	77	73	75	61	28	0.54129	0.6138	3.09688e-06	5.7213e-06
646	57	55	59	61	49	16	0.628336	0.46468	2.69772e-06	4.29343e-06
647	75	74	83	85	61	63	0.425241	0.8551	3.46377e-06	8.14544e-06
648	62	61	76	76	59	23	0.551794	0.59458	3.04153e-06	5.51208e-06
649	57	55	55	55	47	9	0.676177	0.3913	2.42262e-06	3.58282e-06
650	67	67	53	55	40	31	0.604412	0.5035	2.87201e-06	4.75175e-06
651	61	58	63	64	55	10	0.635769	0.45292	2.63461e-06	4.14398e-06
652	72	72	69	71	58	18	0.584102	0.53768	2.89958e-06	4.96418e-06
653	64	62	71	75	55	24	0.552446	0.5934	3.04329e-06	5.50877e-06
654	53	52	79	80	67	15	0.560515	0.5789	2.97791e-06	5.31281e-06
655	66	65	68	69	54	19	0.588475	0.53022	2.88613e-06	4.90442e-06
656	67	67	58	58	47	14	0.646851	0.43564	2.59893e-06	4.01783e-06
657	63	62	74	78	61	24	0.542135	0.61224	3.0783e-06	5.67811e-06
658	62	62	54	54	46	9	0.680437	0.38502	2.39947e-06	3.52637e-06
659	67	67	72	77	59	24	0.54555	0.60596	3.0669e-06	5.62166e-06
660	72	69	58	60	50	16	0.632295	0.4584	2.67902e-06	4.23699e-06
661	72	68	51	52	47	5	0.703238	0.35206	2.25102e-06	3.20094e-06
662	67	67	86	87	67	25	0.509737	0.67386	3.18039e-06	6.23927e-06
663	75	72	74	77	60	28	0.534534	0.62636	3.11858e-06	5.83419e-06
664	59	53	72	74	54	28	0.5447	0.60752	3.08565e-06	5.66485e-06
665	60	60	98	102	73	36	0.438603	0.82416	3.36428e-06	7.67045e-06
666	64	63	78	81	62	25	0.529311	0.63618	3.12324e-06	5.90059e-06
667	57	56	53	56	48	9	0.671944	0.39758	2.44538e-06	3.63926e-06
668	68	68	98	101	78	31	0.452766	0.79238	3.32708e-06	7.34834e-06
669	67	67	85	87	66	27	0.504564	0.68406	3.20173e-06	6.34554e-06
670	73	72	63	65	51	16	0.612749	0.4898	2.76915e-06	4.51923e-06
671	54	52	75	75	65	11	0.590314	0.5271	2.84416e-06	4.81804e-06
672	82	81	90	96	67	46	0.4328	0.83748	3.40315e-06	7.8631e-06
673	60	60	67	70	52	25	0.567168	0.5671	2.99445e-06	5.27966e-06
674	73	72	84	88	69	22	0.514356	0.66484	3.15625e-06	6.13632e-06
675	64	61	78	78	64	17	0.561839	0.57654	2.98122e-06	5.30618e-06
676	68	67	85	86	73	16	0.537041	0.62168	3.06362e-06	5.70462e-06
677	69	69	48	48	40	10	0.702971	0.35244	2.2782e-06	3.24082e-06
678	49	48	40	40	36	5	0.758282	0.2767	1.91358e-06	2.52357e-06
679	60	59	51	52	39	21	0.648133	0.43366	2.62563e-06	4.05107e-06
680	78	78	55	56	45	13	0.658375	0.41798	2.53593e-06	3.8518e-06
681	67	66	92	97	69	41	0.441199	0.81826	3.37688e-06	7.65388e-06
682	61	60	61	63	51	16	0.620494	0.47724	2.7341e-06	4.40633e-06
683	68	68	83	85	71	15	0.543188	0.6103	3.03916e-06	5.59504e-06
684	65	58	69	75	52	42	0.503989	0.6852	3.25837e-06	6.46516e-06
685	52	51	47	48	35	18	0.674867	0.39324	2.47398e-06	3.66588e-06
686	69	66	69	71	54	21	0.575233	0.55298	2.94725e-06	5.12358e-06
687	57	56	59	62	45	24	0.59944	0.51176	2.86229e-06	4.77495e-06
688	75	73	95	99	70	43	0.43127	0.84102	3.39541e-06	7.87304e-06
689	56	55	60	61	52	10	0.64786	0.43408	2.57501e-06	3.97464e-06
690	67	66	106	107	89	19	0.463541	0.76886	3.2677e-06	7.04942e-06
691	61	56	57	57	49	9	0.667738	0.40386	2.46777e-06	3.69571e-06
692	49	48	65	65	56	10	0.631789	0.4592	2.65378e-06	4.20043e-06
693	66	61	77	80	62	34	0.508749	0.6758	3.21648e-06	6.32234e-06
694	64	64	70	73	61	15	0.585704	0.53494	2.8803e-06	4.91767e-06
695	70	69	43	43	40	3	0.751759	0.28534	1.94453e-06	2.58665e-06
696	62	62	59	61	46	23	0.6063	0.50038	2.82861e-06	4.66537e-06
697	76	74	76	76	57	22	0.554616	0.58948	3.02762e-06	5.45895e-06
698	57	56	71	73	56	20	0.570958	0.56044	2.95947e-06	5.18334e-06
699	78	75	85	85	73	15	0.543188	0.6103	3.03916e-06	5.59504e-06
700	62	60	56	56	48	12	0.661742	0.41288	2.51373e-06	3.79866e-06
701	59	59	58	60	44	25	0.603928	0.5043	2.84763e-06	4.71519e-06
702	66	64	91	91	64	46	0.446605	0.80608	3.38565e-06	7.58086e-06
703	67	65	72	73	61	15	0.585704	0.53494	2.8803e-06	4.91767e-06
704	71	69	63	63	52	15	0.623666	0.47214	2.71494e-06	4.3532e-06
705	66	66	66	71	54	21	0.575233	0.55298	2.94725e-06	5.12358e-06
706	57	55	57	59	48	13	0.646088	0.43682	2.59801e-06	4.02114e-06
707	58	56	51	52	44	8	0.69256	0.36736	2.32724e-06	3.36034e-06
708	64	61	65	69	45	43	0.52068	0.65262	3.2176e-06	6.17961e-06
709	63	61	59	63	41	36	0.560324	0.57924	3.06441e-06	5.46899e-06
710	64	63	79	81	64	21	0.540219	0.61578	3.0728e-06	5.68805e-06
711	67	65	61	61	48	18	0.62196	0.47488	2.73644e-06	4.3997e-06
712	63	62	71	73	56	20	0.570958	0.56044	2.95947e-06	5.18334e-06
713	72	70	81	82	68	18	0.545114	0.60676	3.04452e-06	5.5851e-06
714	70	69	78	79	62	23	0.541496	0.61342	3.07647e-06	5.68142e-06
715	62	60	45	46	40	6	0.726527	0.31948	2.11811e-06	2.91539e-06
716	59	58	84	86	65	33	0.492441	0.70838	3.254e-06	6.60789e-06
717	75	73	75	77	58	32	0.52374	0.64676	3.16691e-06	6.04673e-06
718	63	63	76	80	60	26	0.529935	0.635	3.12517e-06	5.89727e-06
719	64	64	74	76	51	35	0.519037	0.65578	3.19191e-06	6.14968e-06
720	68	66	90	92	66	40	0.4576	0.78176	3.34895e-06	7.31851e-06
721	55	52	37	39	33	7	0.755315	0.28062	1.94372e-06	2.57339e-06
722	73	69	88	89	72	19	0.519016	0.65582	3.13142e-06	6.03337e-06
723	53	53	49	52	38	21	0.648133	0.43366	2.62563e-06	4.05107e-06
724	81	78	84	85	65	23	0.521472	0.6511	3.13932e-06	6.02011e-06
725	60	60	89	90	65	35	0.475352	0.7437	3.29892e-06	6.93995e-06
726	67	67	78	81	61	29	0.518622	0.65658	3.1704e-06	6.11312e-06
727	64	63	49	49	44	6	0.712967	0.33832	2.19931e-06	3.08473e-06
728	70	70	93	93	73	24	0.493398	0.70644	3.21933e-06	6.52482e-06
729	68	66	64	65	53	13	0.622196	0.4745	2.71267e-06	4.35983e-06
730	54	53	58	61	44	20	0.615648	0.48508	2.77409e-06	4.50597e-06
731	73	70	72	73	57	23	0.562289	0.57574	3.00416e-06	5.34274e-06
732	84	82	80	81	66	18	0.548548	0.60048	3.03273e-06	5.52865e-06
733	70	69	71	72	60	13	0.595437	0.51846	2.83128e-06	4.75496e-06
734	62	59	78	80	60	33	0.511351	0.6707	3.20576e-06	6.2692e-06
735	75	74	61	61	48	17	0.62514	0.46978	2.71721e-06	4.34657e-06
736	65	64	81	83	61	33	0.501807	0.68954	3.23091e-06	6.43855e-06
737	57	57	50	50	44	7	0.7049	0.3497	2.25167e-06	3.19431e-06
738	69	67	78	78	52	38	0.504776	0.68364	3.24166e-06	6.42197e-06
739	60	59	66	70	57	16	0.593808	0.5212	2.85115e-06	4.80146e-06
740	74	71	88	90	66	29	0.490122	0.7131	3.24517e-06	6.62115e-06
741	55	54	45	45	43	2	0.746171	0.2928	1.97467e-06	2.64641e-06
742	75	72	93	96	68	45	0.435013	0.83238	3.39743e-06	7.80996e-06
743	61	59	65	66	49	22	0.590562	0.52668	2.89049e-06	4.89447e-06
744	57	57	42	44	34	12	0.713538	0.33752	2.22716e-06	3.12129e-06
745	65	64	59	61	43	28	0.591035	0.52588	2.91441e-06	4.93103e-06
746	94	90	99	100	84	20	0.481909	0.73	3.23237e-06	6.70742e-06
747	70	68	104	105	82	31	0.441534	0.8175	3.34424e-06	7.57413e-06
748	51	50	49	50	44	6	0.708504	0.3446	2.22554e-06	3.14118e-06
749	76	75	61	63	54	10	0.639774	0.44664	2.6151e-06	4.08753e-06
750	56	56	74	77	58	32	0.52374	0.64676	3.16691e-06	6.04673e-06
751	66	66	66	70	61	9	0.615389	0.4855	2.72589e-06	4.42953e-06
752	62	61	76	79	57	33	0.514572	0.66442	3.19691e-06	6.21276e-06
753	62	62	60	63	51	12	0.633282	0.45684	2.65585e-06	4.1938e-06
754	66	65	72	73	62	15	0.585704	0.53494	2.8803e-06	4.91767e-06
755	54	53	58	60	52	11	0.648625	0.4329	2.5759e-06	3.97132e-06
756	70	70	68	71	57	19	0.58113	0.54278	2.91571e-06	5.01731e-06
757	49	49	61	63	46	25	0.592657	0.52314	2.89485e-06	4.88453e-06
758	77	75	71	73	56	29	0.545343	0.60634	3.08748e-06	5.66154e-06
759	72	71	91	94	64	41	0.44959	0.79942	3.36497e-06	7.48454e-06
760	82	81	79	80	63	21	0.543623	0.6095	3.06147e-06	5.63161e-06
761	75	73	100	101	74	49	0.413053	0.88418	3.43029e-06	8.30473e-06
762	66	64	55	56	44	16	0.648379	0.43328	2.60078e-06	4.0112e-06
763	67	66	72	72	52	42	0.513575	0.66636	3.23337e-06	6.29582e-06
764	60	59	69	69	52	20	0.585482	0.53532	2.90255e-06	4.95755e-06
765	71	67	63	63	51	19	0.611072	0.49254	2.78999e-06	4.56573e-06
766	72	71	75	78	58	29	0.528485	0.63774	3.1412e-06	5.94378e-06
767	64	62	87	89	73	19	0.519016	0.65582	3.13142e-06	6.03337e-06
768	58	57	72	77	52	62	0.449437	0.79976	3.43402e-06	7.64072e-06
769	70	69	89	91	62	59	0.417956	0.87238	3.45716e-06	8.27159e-06
770	63	60	60	62	49	20	0.611794	0.49136	2.79126e-06	4.56242e-06
771	70	69	107	112	88	35	0.414012	0.88186	3.38736e-06	8.18179e-06
772	67	65	76	77	62	19	0.559641	0.58046	2.99743e-06	5.356e-06
773	49	49	53	56	39	24	0.622457	0.47408	2.76138e-06	4.43626e-06
774	72	67	62	63	51	15	0.623666	0.47214	2.71494e-06	4.3532e-06
775	52	50	47	47	36	14	0.693115	0.36656	2.35444e-06	3.3969e-06
776	80	78	87	90	70	25	0.500224	0.6927	3.20574e-06	6.40861e-06
777	59	57	58	60	48	13	0.642043	0.4431	2.61799e-06	4.07759e-06
778	59	58	64	66	55	11	0.62464	0.47058	2.6922e-06	4.31001e-06
779	64	63	55	55	46	10	0.672738	0.3964	2.44604e-06	3.63595e-06
780	73	73	80	83	61	33	0.501807	0.68954	3.23091e-06	6.43855e-06
781	68	68	60	60	49	14	0.638777	0.4482	2.63861e-06	4.13072e-06
782	57	56	40	41	36	5	0.753535	0.28298	1.94413e-06	2.58002e-06
783	73	69	62	62	53	9	0.647096	0.43526	2.57412e-06	3.97795e-06
784	53	50	80	88	56	54	0.436905	0.82804	3.42384e-06	7.83658e-06
785	81	80	118	123	87	86	0.297887	1.21104	3.42943e-06	1.15125e-05
786	64	64	52	53	46	7	0.691744	0.36854	2.32679e-06	3.36366e-06
787	70	67	75	76	57	24	0.548987	0.59968	3.05523e-06	5.56521e-06
788	83	82	90	92	76	19	0.50933	0.67466	3.15922e-06	6.20271e-06
789	60	59	61	63	48	17	0.617337	0.48234	2.75299e-06	4.45946e-06
790	69	66	61	63	51	13	0.63006	0.46194	2.67582e-06	4.24693e-06
791	62	59	38	40	32	10	0.73919	0.3022	2.06178e-06	2.78924e-06
792	74	72	66	70	52	26	0.564283	0.5722	3.0092e-06	5.3328e-06
793	55	55	69	70	55	21	0.578857	0.5467	2.93314e-06	5.06713e-06
794	79	77	81	83	74	11	0.56139	0.57734	2.95831e-06	5.26962e-06
795	61	59	67	69	56	17	0.594509	0.52002	2.85254e-06	4.79815e-06
796	60	60	55	55	49	6	0.686602	0.376	2.35053e-06	3.42342e-06
797	65	62	86	88	72	19	0.522286	0.64954	3.12166e-06	5.97692e-06
798	47	46	52	56	42	16	0.648379	0.43328	2.60078e-06	4.0112e-06
799	69	69	85	86	75	11	0.550912	0.59618	2.99639e-06	5.43896e-06
800	66	60	61	66	49	23	0.587558	0.53178	2.90701e-06	4.94761e-06
801	75	74	61	61	55	6	0.661213	0.41368	2.48755e-06	3.7621e-06
802	56	54	34	36	30	7	0.76968	0.26178	1.85035e-06	2.40405e-06
803	74	70	75	78	63	20	0.553308	0.59184	3.02415e-06	5.46558e-06
804	61	61	81	85	61	30	0.503184	0.6868	3.21637e-06	6.39204e-06
805	64	61	89	91	69	29	0.487054	0.71938	3.25235e-06	6.67759e-06
806	66	66	68	71	53	26	0.56075	0.57848	3.02202e-06	5.38924e-06
807	70	68	72	75	56	26	0.546839	0.6036	3.07052e-06	5.61503e-06
808	70	68	67	67	53	18	0.59896	0.51256	2.83811e-06	4.73839e-06
809	48	47	52	54	39	22	0.636787	0.45132	2.6854e-06	4.2171e-06
810	76	74	68	73	57	20	0.570958	0.56044	2.95947e-06	5.18334e-06
811	57	57	61	62	44	29	0.584347	0.53726	2.94547e-06	5.04061e-06
812	89	88	85	85	70	22	0.524138	0.646	3.12752e-06	5.96698e-06
813	79	78	84	88	63	41	0.466853	0.76174	3.33606e-06	7.14585e-06
814	68	67	61	63	50	19	0.611072	0.49254	2.78999e-06	4.56573e-06
815	66	63	65	67	53	17	0.602023	0.50746	2.82063e-06	4.68525e-06
816	75	73	88	92	68	29	0.484005	0.72566	3.25931e-06	6.73404e-06
817	71	67	70	72	58	23	0.565831	0.56946	2.99115e-06	5.28629e-06
818	60	60	52	53	41	21	0.644075	0.43994	2.64555e-06	4.10752e-06
819	66	65	78	85	62	41	0.475732	0.7429	3.31895e-06	6.97651e-06
820	58	58	61	62	46	25	0.59639	0.51686	2.87942e-06	4.82808e-06
821	63	62	64	65	53	15	0.615882	0.4847	2.75059e-06	4.46609e-06
822	63	63	78	84	58	44	0.47146	0.75192	3.33769e-06	7.07946e-06
823	72	72	100	102	76	39	0.431944	0.83946	3.38205e-06	7.82985e-06
824	67	67	59	60	50	11	0.648625	0.4329	2.5759e-06	3.97132e-06
825	54	51	44	45	39	6	0.731104	0.3132	2.09018e-06	2.85894e-06
826	72	71	67	68	57	12	0.613706	0.48824	2.74697e-06	4.47604e-06
827	85	85	95	99	71	40	0.43792	0.82572	3.37795e-06	7.71364e-06
828	79	78	79	82	68	16	0.550703	0.59656	3.01721e-06	5.47883e-06
829	59	59	57	59	48	12	0.649391	0.43172	2.57679e-06	3.96801e-06
830	64	62	57	58	50	8	0.66695	0.40504	2.46707e-06	3.69903e-06
831	63	62	76	78	59	24	0.542135	0.61224	3.0783e-06	5.67811e-06
832	78	76	100	104	81	30	0.446587	0.80612	3.33357e-06	7.46455e-06
833	68	68	75	78	57	29	0.528485	0.63774	3.1412e-06	5.94378e-06
834	60	56	78	82	59	32	0.50755	0.67816	3.21227e-06	6.32897e-06
835	72	70	64	67	49	28	0.569179	0.56356	2.99941e-06	5.26972e-06
836	53	50	57	58	50	10	0.660182	0.41524	2.51219e-06	3.80529e-06
837	80	77	85	86	61	30	0.500034	0.69308	3.22446e-06	6.44849e-06
838	59	59	71	73	55	24	0.559428	0.58084	3.0186e-06	5.39587e-06
839	68	67	93	96	76	26	0.479275	0.73548	3.25928e-06	6.80043e-06
840	52	51	66	67	56	13	0.61443	0.48706	2.74817e-06	4.47272e-06
841	63	61	68	69	56	16	0.597548	0.51492	2.83538e-06	4.74502e-06
842	68	66	57	58	46	15	0.64356	0.44074	2.61991e-06	4.07096e-06
843	67	65	79	80	63	19	0.549196	0.5993	3.03449e-06	5.52534e-06
844	73	72	91	92	75	21	0.504161	0.68486	3.18074e-06	6.30898e-06
845	60	59	65	66	51	18	0.602734	0.50628	2.82196e-06	4.68194e-06
846	68	67	58	59	52	10	0.656049	0.42152	2.53349e-06	3.86174e-06
847	60	59	39	39	35	4	0.76696	0.26532	1.85143e-06	2.41399e-06
848	62	61	87	90	74	21	0.510533	0.6723	3.1633e-06	6.19608e-06
849	65	64	52	54	43	18	0.649911	0.43092	2.60261e-06	4.00457e-06
850	80	78	106	107	89	20	0.461183	0.77396	3.27558e-06	7.10256e-06
851	69	66	91	93	72	25	0.490888	0.71154	3.22904e-06	6.57796e-06
852	68	68	76	78	54	34	0.515179	0.66324	3.19898e-06	6.20944e-06
853	74	70	79	80	58	30	0.519234	0.6554	3.17242e-06	6.1098e-06
854	55	54	56	57	48	9	0.667738	0.40386	2.46777e-06	3.69571e-06
855	53	50	59	63	43	27	0.586642	0.53334	2.92781e-06	4.9908e-06
856	61	61	74	78	60	21	0.550494	0.59694	3.03801e-06	5.51871e-06
857	66	64	67	68	55	17	0.598254	0.51374	2.83674e-06	4.7417e-06
858	65	64	54	56	48	9	0.671944	0.39758	2.44538e-06	3.63926e-06
859	68	65	72	75	59	21	0.560963	0.5781	3.0008e-06	5.34937e-06
860	70	68	59	61	50	14	0.634778	0.45448	2.65792e-06	4.18717e-06
861	72	72	84	87	67	28	0.501998	0.68916	3.21212e-06	6.39867e-06
862	75	73	79	81	58	32	0.510747	0.67188	3.20367e-06	6.27252e-06
863	56	56	70	73	51	31	0.539809	0.61654	3.11351e-06	5.7678e-06
864	87	85	72	75	57	24	0.552446	0.5934	3.04329e-06	5.50877e-06
865	62	62	62	64	49	27	0.58297	0.53962	2.94239e-06	5.04724e-06
866	70	68	62	64	53	13	0.626116	0.46822	2.69441e-06	4.30338e-06
867	62	61	53	53	44	10	0.68124	0.38384	2.40005e-06	3.52305e-06
868	68	67	97	104	73	53	0.397158	0.92342	3.44996e-06	8.68661e-06
869	70	66	76	80	61	23	0.538106	0.6197	3.08758e-06	5.73787e-06
870	60	58	73	75	59	20	0.563831	0.573	2.98618e-06	5.29623e-06
871	68	66	83	86	65	28	0.50516	0.68288	3.20384e-06	6.34222e-06
872	57	56	32	32	28	5	0.797351	0.22646	1.6521e-06	2.07199e-06
873	79	78	71	72	59	15	0.589394	0.52866	2.86518e-06	4.86123e-06
874	62	60	54	57	46	12	0.657599	0.41916	2.53512e-06	3.85511e-06
875	75	74	86	88	64	32	0.488781	0.71584	3.25902e-06	6.66765e-06
876	67	64	48	49	42	7	0.70934	0.34342	2.22581e-06	3.13786e-06
877	57	56	71	73	59	19	0.573877	0.55534	2.94411e-06	5.13021e-06
878	71	69	74	75	56	22	0.55811	0.5832	3.01519e-06	5.4025e-06
879	70	69	78	82	65	23	0.53139	0.63226	3.10904e-06	5.85077e-06
880	78	75	97	101	76	40	0.432454	0.83828	3.38461e-06	7.82654e-06
881	58	56	54	54	46	8	0.683916	0.37992	2.3754e-06	3.47324e-06
882	70	69	67	69	56	16	0.597548	0.51492	2.83538e-06	4.74502e-06
883	63	61	82	85	64	27	0.510942	0.6715	3.18452e-06	6.23264e-06
884	59	57	60	62	48	19	0.614922	0.48626	2.77286e-06	4.50928e-06
885	67	64	55	56	47	10	0.668526	0.40268	2.46846e-06	3.6924e-06
886	62	60	80	82	65	23	0.53139	0.63226	3.10904e-06	5.85077e-06
887	72	70	81	82	64	22	0.534107	0.62716	3.09655e-06	5.79763e-06
888	52	51	58	60	43	21	0.616375	0.4839	2.77532e-06	4.50265e-06
889	79	79	75	81	53	46	0.475552	0.74328	3.33665e-06	7.01638e-06
890	59	59	60	61	48	15	0.631549	0.45958	2.67796e-06	4.2403e-06
891	60	57	50	52	42	12	0.678575	0.38776	2.42446e-06	3.57287e-06
892	64	62	65	67	57	10	0.623903	0.47176	2.6911e-06	4.31332e-06
893	65	62	64	65	54	12	0.625377	0.4694	2.69331e-06	4.30669e-06
894	75	72	59	60	50	11	0.648625	0.4329	2.5759e-06	3.97132e-06
895	66	66	74	76	59	23	0.551794	0.59458	3.04153e-06	5.51208e-06
896	57	57	67	68	54	19	0.592183	0.52394	2.87088e-06	4.84797e-06
897	55	54	51	52	47	5	0.703238	0.35206	2.25102e-06	3.20094e-06
898	63	62	100	101	75	38	0.436887	0.82808	3.37289e-06	7.72027e-06
899	60	58	58	64	46	26	0.58595	0.53452	2.9263e-06	4.99411e-06
900	64	63	88	92	66	39	0.45994	0.77666	3.34163e-06	7.26537e-06
901	64	63	104	107	79	40	0.416462	0.87596	3.4005e-06	8.16522e-06
902	57	57	58	59	51	8	0.662775	0.41132	2.48903e-06	3.75547e-06
903	69	66	65	69	53	19	0.588475	0.53022	2.88613e-06	4.90442e-06
904	70	68	62	62	50	15	0.627595	0.46586	2.69662e-06	4.29675e-06
905	74	73	79	81	65	18	0.548548	0.60048	3.03273e-06	5.52865e-06
906	55	52	55	58	44	18	0.633788	0.45604	2.68115e-06	4.23036e-06
907	67	66	57	59	47	16	0.636278	0.45212	2.65998e-06	4.18054e-06
908	61	61	84	88	62	44	0.459765	0.77704	3.3587e-06	7.30525e-06
909	68	67	104	108	77	42	0.409655	0.89244	3.41158e-06	8.32794e-06
910	65	65	100	102	80	26	0.461552	0.77316	3.29508e-06	7.13912e-06
911	56	55	67	70	55	17	0.590787	0.5263	2.86803e-06	4.8546e-06
912	69	66	78	82	63	23	0.53139	0.63226	3.10904e-06	5.85077e-06
913	75	72	86	91	69	27	0.492048	0.70918	3.23341e-06	6.57133e-06
914	75	75	98	102	75	46	0.416795	0.87516	3.41846e-06	8.20178e-06
915	56	54	67	68	50	22	0.583191	0.53924	2.92025e-06	5.00737e-06
916	85	84	91	94	66	43	0.445027	0.80962	3.37811e-06	7.5908e-06
917	61	60	62	64	49	19	0.607247	0.49882	2.8068e-06	4.62218e-06
918	72	70	82	85	68	24	0.518819	0.6562	3.15091e-06	6.07324e-06
919	66	64	68	69	56	14	0.603675	0.50472	2.80029e-06	4.63875e-06
920	54	54	67	72	47	52	0.488039	0.71736	3.33192e-06	6.82715e-06
921	50	49	61	62	49	14	0.630804	0.46076	2.67689e-06	4.24362e-06
922	85	82	89	89	68	33	0.483251	0.72722	3.2751e-06	6.77723e-06
923	70	66	89	90	63	38	0.468134	0.759	3.32345e-06	7.09935e-06
924	62	61	62	62	55	7	0.653731	0.42506	2.53104e-06	3.87168e-06
925	68	67	91	93	76	22	0.498456	0.69624	3.19937e-06	6.41856e-06
926	62	60	51	53	44	10	0.68124	0.38384	2.40005e-06	3.52305e-06
927	79	77	89	91	73	21	0.507337	0.67858	3.17214e-06	6.25253e-06
928	66	64	70	74	56	23	0.558769	0.58202	3.0169e-06	5.39919e-06
929	60	58	70	71	56	23	0.569396	0.56318	2.97785e-06	5.22984e-06
930	71	70	86	87	72	18	0.528264	0.63816	3.0995e-06	5.86734e-06
931	55	55	60	63	44	24	0.595687	0.51804	2.878e-06	4.8314e-06
932	77	76	126	131	87	92	0.274754	1.29188	3.37477e-06	1.22829e-05
933	58	57	70	73	55	23	0.562289	0.57574	3.00416e-06	5.34274e-06
934	62	61	60	61	53	8	0.654502	0.42388	2.53186e-06	3.86837e-06
935	63	61	90	95	66	41	0.446775	0.8057	3.36912e-06	7.54098e-06
936	73	72	72	72	53	28	0.551585	0.59496	3.06237e-06	5.55196e-06
937	67	67	61	63	52	14	0.626855	0.46704	2.69552e-06	4.30006e-06
938	64	64	77	79	57	31	0.519847	0.65422	3.17444e-06	6.10649e-06
939	71	69	62	64	54	11	0.632535	0.45802	2.65482e-06	4.19711e-06
940	51	50	53	53	44	13	0.670897	0.39914	2.47055e-06	3.68245e-06
941	79	79	109	110	84	39	0.410779	0.8897	3.40184e-06	8.28143e-06
942	58	58	72	74	50	48	0.49188	0.70952	3.30913e-06	6.72752e-06
943	62	61	79	81	62	27	0.523939	0.64638	3.14722e-06	6.00685e-06
944	63	62	56	56	51	5	0.685793	0.37718	2.35003e-06	3.42673e-06
945	67	67	54	56	49	8	0.67538	0.39248	2.422e-06	3.58613e-06
946	67	67	58	58	44	19	0.630564	0.46114	2.70102e-06	4.28349e-06
947	68	65	71	74	57	24	0.555926	0.58712	3.03109e-06	5.45232e-06
948	60	59	67	69	53	20	0.585482	0.53532	2.90255e-06	4.95755e-06
949	66	66	110	111	75	55	0.37622	0.97758	3.45672e-06	9.18801e-06
950	72	69	77	78	62	20	0.553308	0.59184	3.02415e-06	5.46558e-06
951	59	56	74	77	54	31	0.526418	0.64166	3.15514e-06	5.99359e-06
952	66	66	74	80	57	31	0.516593	0.6605	3.18373e-06	6.16294e-06
953	64	63	65	66	53	21	0.593582	0.52158	2.87373e-06	4.84134e-06
954	61	61	70	70	54	21	0.578857	0.5467	2.93314e-06	5.06713e-06
955	68	66	59	61	47	17	0.62514	0.46978	2.71721e-06	4.34657e-06
956	72	71	84	84	61	33	0.498665	0.69582	3.23883e-06	6.49499e-06
957	73	72	113	115	88	35	0.406285	0.9007	3.39294e-06	8.35114e-06
958	54	54	49	51	43	10	0.689851	0.37128	2.3525e-06	3.41016e-06
959	65	61	67	69	56	17	0.594509	0.52002	2.85254e-06	4.79815e-06
960	60	59	54	55	44	12	0.665911	0.4066	2.49198e-06	3.74222e-06
961	52	52	55	55	45	11	0.669315	0.4015	2.46916e-06	3.68908e-06
962	65	62	54	56	45	13	0.658375	0.41798	2.53593e-06	3.8518e-06
963	63	61	68	72	51	28	0.551585	0.59496	3.06237e-06	5.55196e-06
964	69	67	92	96	80	20	0.494168	0.70488	3.20302e-06	6.48163e-06
965	54	54	57	60	49	22	0.613239	0.489	2.79379e-06	4.55579e-06
966	74	74	45	45	39	7	0.727385	0.3183	2.1182e-06	2.91207e-06
967	55	51	45	45	40	5	0.734842	0.3081	2.06183e-06	2.80581e-06
968	84	81	76	77	60	28	0.534534	0.62636	3.11858e-06	5.83419e-06
969	61	60	74	74	54	27	0.547485	0.60242	3.07233e-06	5.61172e-06
970	75	72	63	64	48	22	0.598027	0.51412	2.85951e-06	4.78158e-06
971	65	64	63	63	50	19	0.611072	0.49254	2.78999e-06	4.56573e-06
972	57	55	63	64	51	17	0.613472	0.48862	2.77039e-06	4.51591e-06
973	70	69	74	76	65	12	0.583635	0.53848	2.87593e-06	4.92762e-06
974	63	61	72	76	57	31	0.529734	0.63538	3.14511e-06	5.93715e-06
975	72	71	81	82	69	19	0.542341	0.61186	3.05785e-06	5.63823e-06
976	64	63	74	77	56	30	0.529109	0.63656	3.14315e-06	5.94046e-06
977	65	61	86	91	68	27	0.492048	0.70918	3.23341e-06	6.57133e-06
978	62	61	62	65	45	31	0.567622	0.5663	3.0176e-06	5.31622e-06
979	78	76	85	87	67	30	0.496903	0.69936	3.23232e-06	6.50494e-06
980	66	66	47	49	35	20	0.663836	0.40972	2.54156e-06	3.8286e-06
981	62	60	79	79	69	13	0.569828	0.56242	2.93467e-06	5.15009e-06
982	70	70	68	70	55	16	0.593808	0.5212	2.85115e-06	4.80146e-06
983	59	58	77	79	66	15	0.564046	0.57262	2.96483e-06	5.25636e-06
984	76	73	91	98	74	39	0.442932	0.81434	3.36808e-06	7.60406e-06
985	57	52	47	47	36	15	0.689589	0.37166	2.37911e-06	3.45004e-06
986	60	59	62	63	46	24	0.595687	0.51804	2.878e-06	4.8314e-06
987	62	62	76	79	61	38	0.501616	0.68992	3.24968e-06	6.47842e-06
988	75	73	56	59	44	19	0.626617	0.46742	2.71948e-06	4.33994e-06
989	66	66	79	81	66	19	0.545758	0.60558	3.0463e-06	5.58179e-06
990	58	58	82	83	61	29	0.512149	0.66914	3.18865e-06	6.22601e-06
991	71	69	77	80	62	24	0.535368	0.6248	3.10032e-06	5.791e-06
992	50	50	45	46	33	17	0.686891	0.37558	2.40402e-06	3.49985e-06
993	78	77	82	82	65	20	0.539582	0.61696	3.07096e-06	5.69137e-06
994	58	56	51	52	43	14	0.671689	0.39796	2.47124e-06	3.67914e-06
995	64	63	72	75	54	31	0.533071	0.6291	3.13483e-06	5.8807e-06
996	63	63	62	62	50	16	0.624403	0.47096	2.71608e-06	4.34988e-06
997	66	64	66	66	51	20	0.596617	0.51648	2.85672e-06	4.78821e-06
998	67	67	74	78	54	42	0.494583	0.70404	3.28132e-06	6.63451e-06
999	70	69	71	73	58	17	0.579761	0.54514	2.91268e-06	5.02394e-06
1000	72	70	102	102	83	28	0.456868	0.78336	3.31019e-06	7.24538e-06