Hist	Tr_Tot	Tr_in	DSBs	DSBt	RIFs	NComb	PSurv	lPSurv	PMut*	PMut
1	0	0	0	0	0	0	1	-0	0	0
2	1	1	4	5	4	1	0.964158	0.0365	3.23351e-07	3.35371e-07
3	0	0	0	0	0	0	1	-0	0	0
4	1	1	9	9	5	10	0.898059	0.10752	9.33407e-07	1.03936e-06
5	1	1	4	4	4	0	0.975193	0.02512	2.20189e-07	2.2579e-07
6	0	0	0	0	0	0	1	-0	0	0
7	3	3	15	15	13	3	0.896282	0.1095	9.01762e-07	1.00611e-06
8	0	0	0	0	0	0	1	-0	0	0
9	2	2	13	14	11	4	0.89734	0.10832	8.99852e-07	1.0028e-06
10	0	0	0	0	0	0	1	-0	0	0
11	2	2	44	50	19	93	0.454617	0.7883	3.52954e-06	7.76377e-06
12	0	0	0	0	0	0	1	-0	0	0
13	3	3	12	12	10	2	0.917998	0.08556	7.19378e-07	7.83638e-07
14	1	1	7	7	7	0	0.956992	0.04396	3.78139e-07	3.95133e-07
15	0	0	0	0	0	0	1	-0	0	0
16	1	1	7	9	6	4	0.925964	0.07692	6.67214e-07	7.20561e-07
17	0	0	0	0	0	0	1	-0	0	0
18	1	1	8	8	5	4	0.931797	0.07064	6.18819e-07	6.64114e-07
19	0	0	0	0	0	0	1	-0	0	0
20	1	1	2	2	2	0	0.987519	0.01256	1.11486e-07	1.12895e-07
21	0	0	0	0	0	0	1	-0	0	0
22	1	1	3	3	3	0	0.981336	0.01884	1.66182e-07	1.69343e-07
23	1	1	54	79	16	797	0.0104535	4.56082	4.89291e-07	4.68065e-05
24	0	0	0	0	0	0	1	-0	0	0
25	1	1	5	5	5	0	0.969088	0.0314	2.73513e-07	2.82238e-07
26	0	0	0	0	0	0	1	-0	0	0
27	1	1	15	17	10	11	0.84971	0.16286	1.31202e-06	1.54407e-06
28	0	0	0	0	0	0	1	-0	0	0
29	1	1	4	4	4	0	0.975193	0.02512	2.20189e-07	2.2579e-07
30	0	0	0	0	0	0	1	-0	0	0
31	1	1	29	34	16	75	0.551	0.59602	3.25322e-06	5.90421e-06
32	1	1	14	16	6	31	0.772147	0.25858	1.9692e-06	2.55029e-06
33	0	0	0	0	0	0	1	-0	0	0
34	2	2	66	81	25	436	0.0650708	2.73228	1.80495e-06	2.77383e-05
35	0	0	0	0	0	0	1	-0	0	0
36	3	2	8	8	7	1	0.946163	0.05534	4.77542e-07	5.04714e-07
37	0	0	0	0	0	0	1	-0	0	0
38	2	2	58	72	23	373	0.0949448	2.35446	2.26756e-06	2.38829e-05
39	1	1	5	5	4	1	0.964158	0.0365	3.23351e-07	3.35371e-07
40	4	4	49	64	31	146	0.317741	1.14652	3.61274e-06	1.13701e-05
41	1	1	23	31	6	121	0.444067	0.81178	3.63202e-06	8.17899e-06
42	0	0	0	0	0	0	1	-0	0	0
43	1	1	0	0	0	0	1	-0	0	0
44	0	0	0	0	0	0	1	-0	0	0
45	1	1	6	7	5	3	0.942462	0.05926	5.22626e-07	5.54533e-07
46	0	0	0	0	0	0	1	-0	0	0
47	1	1	2	4	1	6	0.945804	0.05572	5.15075e-07	5.4459e-07
48	1	1	32	37	11	167	0.33822	1.08406	3.7075e-06	1.09618e-05
49	1	0	2	2	1	1	0.982495	0.01766	1.63122e-07	1.66028e-07
50	1	1	5	7	3	10	0.909409	0.09496	8.42536e-07	9.26465e-07
51	0	0	0	0	0	0	1	-0	0	0
52	1	1	22	27	13	27	0.735459	0.30726	2.17599e-06	2.95868e-06
53	0	0	0	0	0	0	1	-0	0	0
54	1	1	47	69	18	376	0.0952815	2.35092	2.27465e-06	2.3873e-05
55	0	0	0	0	0	0	1	-0	0	0
56	1	1	40	50	13	239	0.215909	1.5329	3.35116e-06	1.55212e-05
57	1	1	7	7	6	1	0.952124	0.04906	4.26805e-07	4.48266e-07
58	1	1	4	5	3	2	0.959253	0.0416	3.72674e-07	3.88504e-07
59	1	1	2	2	2	0	0.987519	0.01256	1.11486e-07	1.12895e-07
60	0	0	0	0	0	0	1	-0	0	0
61	2	2	15	15	15	0	0.910101	0.0942	7.70595e-07	8.46714e-07
62	0	0	0	0	0	0	1	-0	0	0
63	2	2	55	62	12	531	0.0451638	3.09746	1.4323e-06	3.17135e-05
64	0	0	0	0	0	0	1	-0	0	0
65	3	3	18	20	13	22	0.78836	0.2378	1.81156e-06	2.29788e-06
66	1	1	15	18	9	20	0.806509	0.21504	1.67651e-06	2.07872e-06
67	0	0	0	0	0	0	1	-0	0	0
68	1	1	5	5	5	0	0.969088	0.0314	2.73513e-07	2.82238e-07
69	0	0	0	0	0	0	1	-0	0	0
70	2	2	45	59	14	352	0.114667	2.16572	2.5265e-06	2.20333e-05
71	0	0	0	0	0	0	1	-0	0	0
72	2	2	7	7	7	0	0.956992	0.04396	3.78139e-07	3.95133e-07
73	0	0	0	0	0	0	1	-0	0	0
74	2	2	57	85	19	998	0.00361162	5.6236	2.08842e-07	5.7825e-05
75	1	1	19	19	13	13	0.830589	0.18562	1.46452e-06	1.76324e-06
76	0	0	0	0	0	0	1	-0	0	0
77	1	1	110	138	27	867	0.00505014	5.28834	2.71981e-07	5.38563e-05
78	0	0	0	0	0	0	1	-0	0	0
79	1	1	17	17	5	67	0.638611	0.44846	2.88622e-06	4.51953e-06
80	0	0	0	0	0	0	1	-0	0	0
81	1	1	22	26	14	24	0.751503	0.28568	2.06125e-06	2.74283e-06
82	0	0	0	0	0	0	1	-0	0	0
83	1	1	38	46	18	78	0.503244	0.68668	3.39236e-06	6.74098e-06
84	1	1	2	2	2	0	0.987519	0.01256	1.11486e-07	1.12895e-07
85	0	0	0	0	0	0	1	-0	0	0
86	1	1	3	3	3	0	0.981336	0.01884	1.66182e-07	1.69343e-07
87	0	0	0	0	0	0	1	-0	0	0
88	4	4	63	79	29	316	0.121515	2.10772	2.58212e-06	2.12495e-05
89	0	0	0	0	0	0	1	-0	0	0
90	2	2	43	49	22	73	0.506607	0.68002	3.36623e-06	6.64466e-06
91	0	0	0	0	0	0	1	-0	0	0
92	2	2	6	6	6	0	0.963021	0.03768	3.26161e-07	3.38686e-07
93	1	1	1	1	1	0	0.99374	0.00628	5.60942e-08	5.64476e-08
94	0	0	0	0	0	0	1	-0	0	0
95	2	2	65	81	21	505	0.0457675	3.08418	1.43731e-06	3.14045e-05
96	0	0	0	0	0	0	1	-0	0	0
97	3	3	74	94	24	843	0.00752428	4.88962	3.76947e-07	5.00974e-05
98	0	0	0	0	0	0	1	-0	0	0
99	2	2	69	81	21	583	0.0307465	3.48198	1.093e-06	3.55489e-05
100	1	1	11	11	10	1	0.928505	0.07418	6.25865e-07	6.74057e-07
101	2	2	9	9	8	1	0.94024	0.06162	5.27627e-07	5.61162e-07
102	1	1	12	16	6	39	0.741278	0.29938	2.20557e-06	2.97536e-06
103	0	0	0	0	0	0	1	-0	0	0
104	1	1	23	27	10	79	0.564136	0.57246	3.22776e-06	5.72161e-06
105	0	0	0	0	0	0	1	-0	0	0
106	1	1	54	61	21	271	0.171156	1.76518	3.05383e-06	1.78424e-05
107	0	0	0	0	0	0	1	-0	0	0
108	1	1	6	6	5	1	0.958122	0.04278	3.7541e-07	3.91819e-07
109	1	1	1	1	1	0	0.99374	0.00628	5.60942e-08	5.64476e-08
110	1	1	10	11	6	7	0.900523	0.10478	8.94089e-07	9.92856e-07
111	1	1	2	2	2	0	0.987519	0.01256	1.11486e-07	1.12895e-07
112	0	0	0	0	0	0	1	-0	0	0
113	1	1	3	3	3	0	0.981336	0.01884	1.66182e-07	1.69343e-07
114	0	0	0	0	0	0	1	-0	0	0
115	2	2	65	84	21	465	0.0550772	2.89902	1.62194e-06	2.94485e-05
116	0	0	0	0	0	0	1	-0	0	0
117	4	4	29	32	20	28	0.709099	0.34376	2.33581e-06	3.29405e-06
118	1	1	44	51	9	314	0.146361	1.92168	2.86321e-06	1.95627e-05
119	0	0	0	0	0	0	1	-0	0	0
120	2	2	19	21	13	21	0.787431	0.23898	1.81203e-06	2.3012e-06
121	0	0	0	0	0	0	1	-0	0	0
122	2	2	15	15	10	8	0.873716	0.135	1.11117e-06	1.27178e-06
123	0	0	0	0	0	0	1	-0	0	0
124	2	2	29	35	14	67	0.570353	0.5615	3.15724e-06	5.53559e-06
125	0	0	0	0	0	0	1	-0	0	0
126	3	3	62	78	23	539	0.0392133	3.23874	1.29567e-06	3.30417e-05
127	1	1	24	35	4	268	0.20462	1.5866	3.31799e-06	1.62154e-05
128	0	0	0	0	0	0	1	-0	0	0
129	1	1	6	6	6	0	0.963021	0.03768	3.26161e-07	3.38686e-07
130	0	0	0	0	0	0	1	-0	0	0
131	1	1	14	19	5	39	0.727443	0.31822	2.28759e-06	3.1447e-06
132	0	0	0	0	0	0	1	-0	0	0
133	1	1	32	38	13	125	0.416387	0.87614	3.65865e-06	8.78666e-06
134	0	0	0	0	0	0	1	-0	0	0
135	1	1	9	10	7	4	0.920167	0.0832	7.14978e-07	7.77009e-07
136	1	1	5	5	5	0	0.969088	0.0314	2.73513e-07	2.82238e-07
137	0	0	0	0	0	0	1	-0	0	0
138	1	1	1	1	1	0	0.99374	0.00628	5.60942e-08	5.64476e-08
139	0	0	0	0	0	0	1	-0	0	0
140	1	1	2	2	2	0	0.987519	0.01256	1.11486e-07	1.12895e-07
141	0	0	0	0	0	0	1	-0	0	0
142	2	2	5	5	4	1	0.964158	0.0365	3.23351e-07	3.35371e-07
143	0	0	0	0	0	0	1	-0	0	0
144	2	2	8	8	8	0	0.951001	0.05024	4.29454e-07	4.51581e-07
145	2	2	12	12	12	0	0.92741	0.07536	6.28201e-07	6.77371e-07
146	0	0	0	0	0	0	1	-0	0	0
147	2	2	24	26	17	20	0.766991	0.26528	1.94072e-06	2.5303e-06
148	0	0	0	0	0	0	1	-0	0	0
149	2	2	4	4	4	0	0.975193	0.02512	2.20189e-07	2.2579e-07
150	0	0	0	0	0	0	1	-0	0	0
151	2	2	15	17	13	5	0.876113	0.13226	1.07348e-06	1.22528e-06
152	0	0	0	0	0	0	1	-0	0	0
153	2	2	81	98	28	565	0.0302899	3.49694	1.07687e-06	3.55521e-05
154	1	1	11	14	7	22	0.818633	0.20012	1.60386e-06	1.9592e-06
155	0	0	0	0	0	0	1	-0	0	0
156	1	1	10	10	5	11	0.887897	0.1189	1.02014e-06	1.14894e-06
157	0	0	0	0	0	0	1	-0	0	0
158	1	1	11	16	5	56	0.679716	0.38608	2.63636e-06	3.87862e-06
159	0	0	0	0	0	0	1	-0	0	0
160	1	1	25	32	14	67	0.5812	0.54266	3.11886e-06	5.36625e-06
161	1	1	14	17	7	32	0.76341	0.26996	2.03057e-06	2.65987e-06
162	1	1	30	39	12	95	0.482189	0.72942	3.49544e-06	7.24911e-06
163	1	1	2	2	2	0	0.987519	0.01256	1.11486e-07	1.12895e-07
164	0	0	0	0	0	0	1	-0	0	0
165	1	1	2	2	2	0	0.987519	0.01256	1.11486e-07	1.12895e-07
166	0	0	0	0	0	0	1	-0	0	0
167	1	1	6	8	4	10	0.903716	0.10124	8.88274e-07	9.82913e-07
168	0	0	0	0	0	0	1	-0	0	0
169	3	3	3	3	3	0	0.981336	0.01884	1.66182e-07	1.69343e-07
170	1	1	80	102	22	636	0.0205651	3.88416	8.13357e-07	3.95504e-05
171	2	2	12	14	8	21	0.822818	0.19502	1.56834e-06	1.90606e-06
172	2	2	6	7	6	1	0.952124	0.04906	4.26805e-07	4.48266e-07
173	0	0	0	0	0	0	1	-0	0	0
174	2	2	51	58	26	246	0.198128	1.61884	3.23835e-06	1.63447e-05
175	0	0	0	0	0	0	1	-0	0	0
176	2	2	21	24	13	19	0.780657	0.24762	1.84569e-06	2.36427e-06
177	0	0	0	0	0	0	1	-0	0	0
178	3	3	33	41	14	202	0.27591	1.28768	3.59987e-06	1.30473e-05
179	1	1	4	4	4	0	0.975193	0.02512	2.20189e-07	2.2579e-07
180	0	0	0	0	0	0	1	-0	0	0
181	1	1	17	19	8	40	0.723742	0.32332	2.31441e-06	3.19783e-06
182	0	0	0	0	0	0	1	-0	0	0
183	1	1	22	27	7	103	0.499144	0.69486	3.49242e-06	6.9968e-06
184	0	0	0	0	0	0	1	-0	0	0
185	1	1	3	3	3	0	0.981336	0.01884	1.66182e-07	1.69343e-07
186	0	0	0	0	0	0	1	-0	0	0
187	1	1	38	45	10	211	0.256995	1.3587	3.534e-06	1.37512e-05
188	1	1	5	5	5	0	0.969088	0.0314	2.73513e-07	2.82238e-07
189	0	0	0	0	0	0	1	-0	0	0
190	1	1	24	34	8	160	0.357178	1.02952	3.72199e-06	1.04205e-05
191	0	0	0	0	0	0	1	-0	0	0
192	1	1	1	1	1	0	0.99374	0.00628	5.60942e-08	5.64476e-08
193	0	0	0	0	0	0	1	-0	0	0
194	3	3	21	21	17	5	0.854379	0.15738	1.23976e-06	1.45107e-06
195	0	0	0	0	0	0	1	-0	0	0
196	2	2	13	16	10	12	0.850713	0.16168	1.31075e-06	1.54076e-06
197	2	2	13	15	9	12	0.856073	0.1554	1.27068e-06	1.48431e-06
198	0	0	0	0	0	0	1	-0	0	0
199	2	2	44	58	21	235	0.209561	1.56274	3.30274e-06	1.57603e-05
200	0	0	0	0	0	0	1	-0	0	0
201	2	2	8	8	7	1	0.946163	0.05534	4.77542e-07	5.04714e-07
202	0	0	0	0	0	0	1	-0	0	0
203	2	2	129	172	45	1197	0.000757975	7.18486	5.55667e-08	7.33094e-05
204	0	0	0	0	0	0	1	-0	0	0
205	2	2	7	7	6	1	0.952124	0.04906	4.26805e-07	4.48266e-07
206	1	1	1	1	1	0	0.99374	0.00628	5.60942e-08	5.64476e-08
207	0	0	0	0	0	0	1	-0	0	0
208	1	1	4	4	3	1	0.970232	0.03022	2.70621e-07	2.78924e-07
209	0	0	0	0	0	0	1	-0	0	0
210	1	1	5	6	5	1	0.958122	0.04278	3.7541e-07	3.91819e-07
211	0	0	0	0	0	0	1	-0	0	0
212	1	1	28	36	9	219	0.261067	1.34298	3.56833e-06	1.36683e-05
213	1	1	9	10	8	3	0.924872	0.0781	6.69492e-07	7.23876e-07
214	1	1	11	11	7	10	0.886849	0.12008	1.02188e-06	1.15226e-06
215	1	1	8	8	8	0	0.951001	0.05024	4.29454e-07	4.51581e-07
216	0	0	0	0	0	0	1	-0	0	0
217	1	1	21	28	4	127	0.438875	0.82354	3.65515e-06	8.32845e-06
218	0	0	0	0	0	0	1	-0	0	0
219	1	1	24	26	10	55	0.641607	0.44378	2.81663e-06	4.38996e-06
220	0	0	0	0	0	0	1	-0	0	0
221	3	3	63	82	23	396	0.0792966	2.53456	2.0355e-06	2.56695e-05
222	2	2	8	8	8	0	0.951001	0.05024	4.29454e-07	4.51581e-07
223	3	3	17	18	11	14	0.83157	0.18444	1.4635e-06	1.75992e-06
224	2	2	27	30	12	60	0.609937	0.4944	2.97736e-06	4.88142e-06
225	0	0	0	0	0	0	1	-0	0	0
226	3	3	71	85	31	715	0.0152939	4.1803	6.54401e-07	4.27883e-05
227	0	0	0	0	0	0	1	-0	0	0
228	2	2	13	13	11	2	0.912251	0.09184	7.66369e-07	8.40085e-07
229	0	0	0	0	0	0	1	-0	0	0
230	3	3	51	71	15	473	0.0573731	2.85818	1.67184e-06	2.91398e-05
231	1	1	4	4	4	0	0.975193	0.02512	2.20189e-07	2.2579e-07
232	0	0	0	0	0	0	1	-0	0	0
233	1	1	3	3	3	0	0.981336	0.01884	1.66182e-07	1.69343e-07
234	0	0	0	0	0	0	1	-0	0	0
235	1	1	3	3	3	0	0.981336	0.01884	1.66182e-07	1.69343e-07
236	0	0	0	0	0	0	1	-0	0	0
237	1	1	11	20	2	171	0.368727	0.9977	3.76644e-06	1.02147e-05
238	0	0	0	0	0	0	1	-0	0	0
239	1	1	0	0	0	0	1	-0	0	0
240	1	1	14	17	5	46	0.710803	0.34136	2.41939e-06	3.40374e-06
241	0	0	0	0	0	0	1	-0	0	0
242	1	1	3	3	2	1	0.976344	0.02394	2.17213e-07	2.22476e-07
243	0	0	0	0	0	0	1	-0	0	0
244	1	1	44	59	13	175	0.282799	1.26302	3.57138e-06	1.26287e-05
245	0	0	0	0	0	0	1	-0	0	0
246	1	1	23	31	10	110	0.469691	0.75568	3.56708e-06	7.59453e-06
247	0	0	0	0	0	0	1	-0	0	0
248	2	2	2	2	2	0	0.987519	0.01256	1.11486e-07	1.12895e-07
249	3	3	73	93	30	333	0.102045	2.28234	2.34122e-06	2.2943e-05
250	0	0	0	0	0	0	1	-0	0	0
251	2	2	52	59	22	283	0.16303	1.81382	2.99439e-06	1.83671e-05
252	0	0	0	0	0	0	1	-0	0	0
253	2	2	12	12	10	2	0.917998	0.08556	7.19378e-07	7.83638e-07
254	0	0	0	0	0	0	1	-0	0	0
255	3	2	18	19	15	7	0.856398	0.15502	1.23701e-06	1.44444e-06
256	0	0	0	0	0	0	1	-0	0	0
257	2	2	17	18	10	15	0.82734	0.18954	1.50001e-06	1.81305e-06
258	1	1	5	5	5	0	0.969088	0.0314	2.73513e-07	2.82238e-07
259	0	0	0	0	0	0	1	-0	0	0
260	1	1	2	2	2	0	0.987519	0.01256	1.11486e-07	1.12895e-07
261	0	0	0	0	0	0	1	-0	0	0
262	1	0	1	1	1	0	0.99374	0.00628	5.60942e-08	5.64476e-08
263	0	0	0	0	0	0	1	-0	0	0
264	1	1	4	4	4	0	0.975193	0.02512	2.20189e-07	2.2579e-07
265	0	0	0	0	0	0	1	-0	0	0
266	1	1	6	9	4	15	0.875448	0.13302	1.14248e-06	1.30503e-06
267	1	1	17	20	8	41	0.715553	0.3347	2.36663e-06	3.30741e-06
268	0	0	0	0	0	0	1	-0	0	0
269	1	1	15	18	8	55	0.674664	0.39354	2.65709e-06	3.93838e-06
270	0	0	0	0	0	0	1	-0	0	0
271	1	1	17	17	11	12	0.845388	0.16796	1.35026e-06	1.59721e-06
272	0	0	0	0	0	0	1	-0	0	0
273	1	1	22	23	19	4	0.848029	0.16484	1.28123e-06	1.51083e-06
274	1	1	9	10	7	4	0.920167	0.0832	7.14978e-07	7.77009e-07
275	3	3	32	41	12	148	0.36339	1.01228	3.6986e-06	1.01781e-05
276	2	2	16	19	9	55	0.670441	0.39982	2.6783e-06	3.99483e-06
277	0	0	0	0	0	0	1	-0	0	0
278	3	2	31	34	20	30	0.693142	0.36652	2.43516e-06	3.51321e-06
279	0	0	0	0	0	0	1	-0	0	0
280	2	2	58	73	14	448	0.0643615	2.74324	1.79725e-06	2.79243e-05
281	0	0	0	0	0	0	1	-0	0	0
282	2	2	45	54	12	242	0.207356	1.57332	3.29828e-06	1.59064e-05
283	1	1	4	4	3	1	0.970232	0.03022	2.70621e-07	2.78924e-07
284	2	1	7	7	7	0	0.956992	0.04396	3.78139e-07	3.95133e-07
285	1	1	0	0	0	0	1	-0	0	0
286	0	0	0	0	0	0	1	-0	0	0
287	1	1	35	45	5	463	0.0710835	2.6439	1.92926e-06	2.71408e-05
288	0	0	0	0	0	0	1	-0	0	0
289	1	1	2	2	2	0	0.987519	0.01256	1.11486e-07	1.12895e-07
290	0	0	0	0	0	0	1	-0	0	0
291	1	0	6	6	5	1	0.958122	0.04278	3.7541e-07	3.91819e-07
292	1	1	25	30	12	39	0.678887	0.3873	2.55643e-06	3.76562e-06
293	0	0	0	0	0	0	1	-0	0	0
294	1	1	24	29	14	43	0.669369	0.40142	2.62507e-06	3.92171e-06
295	0	0	0	0	0	0	1	-0	0	0
296	1	1	29	37	13	76	0.537966	0.61996	3.29595e-06	6.12668e-06
297	0	0	0	0	0	0	1	-0	0	0
298	1	1	26	32	10	212	0.277437	1.28216	3.62626e-06	1.30706e-05
299	0	0	0	0	0	0	1	-0	0	0
300	1	1	4	4	4	0	0.975193	0.02512	2.20189e-07	2.2579e-07
301	1	1	7	7	5	3	0.942462	0.05926	5.22626e-07	5.54533e-07
302	0	0	0	0	0	0	1	-0	0	0
303	2	2	40	47	17	265	0.192692	1.64666	3.22439e-06	1.67333e-05
304	0	0	0	0	0	0	1	-0	0	0
305	2	1	10	10	9	1	0.934354	0.0679	5.77066e-07	6.17609e-07
306	0	0	0	0	0	0	1	-0	0	0
307	3	3	12	12	12	0	0.92741	0.07536	6.28201e-07	6.77371e-07
308	0	0	0	0	0	0	1	-0	0	0
309	2	1	11	11	11	0	0.933252	0.06908	5.79478e-07	6.20924e-07
310	1	1	28	33	12	82	0.535026	0.62544	3.3277e-06	6.21969e-06
311	0	0	0	0	0	0	1	-0	0	0
312	1	1	6	6	5	1	0.958122	0.04278	3.7541e-07	3.91819e-07
313	0	0	0	0	0	0	1	-0	0	0
314	1	1	1	1	1	0	0.99374	0.00628	5.60942e-08	5.64476e-08
315	0	0	0	0	0	0	1	-0	0	0
316	1	1	33	42	10	163	0.33452	1.09506	3.69026e-06	1.10315e-05
317	0	0	0	0	0	0	1	-0	0	0
318	1	1	4	4	4	0	0.975193	0.02512	2.20189e-07	2.2579e-07
319	1	1	41	47	16	169	0.314409	1.15706	3.65738e-06	1.16325e-05
320	0	0	0	0	0	0	1	-0	0	0
321	1	1	32	42	11	410	0.0949163	2.35476	2.29274e-06	2.41554e-05
322	0	0	0	0	0	0	1	-0	0	0
323	1	1	20	26	13	38	0.699717	0.35708	2.4397e-06	3.4867e-06
324	0	0	0	0	0	0	1	-0	0	0
325	1	1	58	75	17	451	0.0625931	2.7711	1.76492e-06	2.81966e-05
326	1	1	8	8	7	1	0.946163	0.05534	4.77542e-07	5.04714e-07
327	1	1	25	29	7	70	0.583261	0.53912	3.12413e-06	5.3563e-06
328	1	1	1	1	1	0	0.99374	0.00628	5.60942e-08	5.64476e-08
329	0	0	0	0	0	0	1	-0	0	0
330	4	4	71	81	45	144	0.288494	1.24308	3.52639e-06	1.22234e-05
331	0	0	0	0	0	0	1	-0	0	0
332	2	2	22	28	6	253	0.230815	1.46614	3.46758e-06	1.50232e-05
333	0	0	0	0	0	0	1	-0	0	0
334	2	2	13	13	12	1	0.916915	0.08674	7.21568e-07	7.86952e-07
335	1	1	8	8	8	0	0.951001	0.05024	4.29454e-07	4.51581e-07
336	3	2	33	46	21	139	0.368697	0.99778	3.68037e-06	9.9821e-06
337	1	1	21	27	10	61	0.618375	0.48066	2.94669e-06	4.76521e-06
338	0	0	0	0	0	0	1	-0	0	0
339	1	1	50	71	11	392	0.0867192	2.44508	2.15376e-06	2.4836e-05
340	0	0	0	0	0	0	1	-0	0	0
341	2	2	11	11	10	1	0.928505	0.07418	6.25865e-07	6.74057e-07
342	0	0	0	0	0	0	1	-0	0	0
343	1	1	5	5	4	1	0.964158	0.0365	3.23351e-07	3.35371e-07
344	1	1	13	19	8	38	0.731162	0.31312	2.26044e-06	3.09157e-06
345	0	0	0	0	0	0	1	-0	0	0
346	1	1	34	38	15	92	0.492707	0.70784	3.46534e-06	7.03326e-06
347	0	0	0	0	0	0	1	-0	0	0
348	1	1	17	22	6	121	0.469888	0.75526	3.6045e-06	7.67096e-06
349	0	0	0	0	0	0	1	-0	0	0
350	1	1	41	54	14	290	0.162331	1.81812	2.9961e-06	1.84568e-05
351	0	0	0	0	0	0	1	-0	0	0
352	1	1	81	101	19	434	0.0579787	2.84768	1.66753e-06	2.8761e-05
353	1	0	3	3	3	0	0.981336	0.01884	1.66182e-07	1.69343e-07
354	0	0	0	0	0	0	1	-0	0	0
355	1	1	2	2	2	0	0.987519	0.01256	1.11486e-07	1.12895e-07
356	0	0	0	0	0	0	1	-0	0	0
357	2	2	21	23	14	22	0.773647	0.25664	1.90876e-06	2.46723e-06
358	0	0	0	0	0	0	1	-0	0	0
359	4	4	23	29	17	57	0.623242	0.47282	2.90778e-06	4.66557e-06
360	0	0	0	0	0	0	1	-0	0	0
361	2	2	7	7	7	0	0.956992	0.04396	3.78139e-07	3.95133e-07
362	1	1	3	3	3	0	0.981336	0.01884	1.66182e-07	1.69343e-07
363	0	0	0	0	0	0	1	-0	0	0
364	1	1	58	66	19	271	0.165865	1.79658	3.00625e-06	1.81246e-05
365	0	0	0	0	0	0	1	-0	0	0
366	2	2	26	36	12	90	0.50405	0.68508	3.43465e-06	6.8141e-06
367	0	0	0	0	0	0	1	-0	0	0
368	3	3	27	35	18	46	0.634829	0.4544	2.80581e-06	4.41979e-06
369	0	0	0	0	0	0	1	-0	0	0
370	2	2	6	6	6	0	0.963021	0.03768	3.26161e-07	3.38686e-07
371	1	1	36	50	9	672	0.0237256	3.7412	9.14098e-07	3.85279e-05
372	0	0	0	0	0	0	1	-0	0	0
373	1	1	22	35	9	102	0.477114	0.74	3.52838e-06	7.39525e-06
374	0	0	0	0	0	0	1	-0	0	0
375	1	1	33	38	15	85	0.510615	0.67214	3.40137e-06	6.66133e-06
376	0	0	0	0	0	0	1	-0	0	0
377	1	1	13	15	6	20	0.821848	0.1962	1.56922e-06	1.90938e-06
378	0	0	0	0	0	0	1	-0	0	0
379	1	1	21	22	10	48	0.68184	0.38296	2.5857e-06	3.79224e-06
380	1	1	7	7	5	2	0.947281	0.05416	4.74966e-07	5.014e-07
381	0	0	0	0	0	0	1	-0	0	0
382	1	0	0	0	0	0	1	-0	0	0
383	0	0	0	0	0	0	1	-0	0	0
384	2	2	36	48	15	226	0.233625	1.45404	3.43839e-06	1.47176e-05
385	0	0	0	0	0	0	1	-0	0	0
386	2	2	85	113	24	629	0.01989	3.91754	7.91608e-07	3.97994e-05
387	1	1	20	24	14	26	0.753279	0.28332	2.06113e-06	2.73621e-06
388	4	4	14	16	12	10	0.859435	0.15148	1.23285e-06	1.43449e-06
389	1	1	27	32	13	112	0.462014	0.77216	3.58395e-06	7.75724e-06
390	0	0	0	0	0	0	1	-0	0	0
391	2	2	21	21	10	36	0.729439	0.31548	2.25994e-06	3.09819e-06
392	0	0	0	0	0	0	1	-0	0	0
393	2	2	17	20	14	9	0.8424	0.1715	1.35386e-06	1.60715e-06
394	0	0	0	0	0	0	1	-0	0	0
395	2	2	25	32	15	98	0.496208	0.70076	3.48009e-06	7.01338e-06
396	1	1	6	7	4	6	0.928152	0.07456	6.62638e-07	7.13932e-07
397	2	2	6	7	5	2	0.947281	0.05416	4.74966e-07	5.014e-07
398	1	1	8	9	6	6	0.916567	0.08712	7.57843e-07	8.26828e-07
399	0	0	0	0	0	0	1	-0	0	0
400	1	1	8	8	8	0	0.951001	0.05024	4.29454e-07	4.51581e-07
401	0	0	0	0	0	0	1	-0	0	0
402	1	1	12	12	7	7	0.894885	0.11106	9.39006e-07	1.0493e-06
403	0	0	0	0	0	0	1	-0	0	0
404	1	1	29	32	12	85	0.530222	0.63446	3.3524e-06	6.32265e-06
405	1	1	3	3	3	0	0.981336	0.01884	1.66182e-07	1.69343e-07
406	0	0	0	0	0	0	1	-0	0	0
407	1	1	9	9	8	1	0.94024	0.06162	5.27627e-07	5.61162e-07
408	0	0	0	0	0	0	1	-0	0	0
409	2	2	27	39	14	134	0.395217	0.92832	3.68394e-06	9.32131e-06
410	0	0	0	0	0	0	1	-0	0	0
411	3	3	16	17	13	7	0.867222	0.14246	1.15474e-06	1.33154e-06
412	0	0	0	0	0	0	1	-0	0	0
413	2	2	37	43	11	139	0.375709	0.97894	3.68674e-06	9.81276e-06
414	1	1	13	17	9	19	0.81574	0.20366	1.60631e-06	1.96914e-06
415	0	0	0	0	0	0	1	-0	0	0
416	2	2	39	50	11	472	0.0657958	2.7212	1.83578e-06	2.79013e-05
417	0	0	0	0	0	0	1	-0	0	0
418	2	2	8	8	8	0	0.951001	0.05024	4.29454e-07	4.51581e-07
419	0	0	0	0	0	0	1	-0	0	0
420	3	2	23	25	16	45	0.679431	0.3865	2.58332e-06	3.80218e-06
421	0	0	0	0	0	0	1	-0	0	0
422	2	2	80	90	21	650	0.0206467	3.8802	8.17957e-07	3.96169e-05
423	1	1	15	19	7	78	0.596235	0.51712	3.1105e-06	5.21689e-06
424	0	0	0	0	0	0	1	-0	0	0
425	1	1	6	7	5	3	0.942462	0.05926	5.22626e-07	5.54533e-07
426	0	0	0	0	0	0	1	-0	0	0
427	1	1	8	10	6	7	0.906196	0.0985	8.48569e-07	9.36408e-07
428	0	0	0	0	0	0	1	-0	0	0
429	1	1	3	3	3	0	0.981336	0.01884	1.66182e-07	1.69343e-07
430	0	0	0	0	0	0	1	-0	0	0
431	1	1	28	35	11	73	0.553164	0.5921	3.23844e-06	5.85439e-06
432	1	1	3	3	3	0	0.981336	0.01884	1.66182e-07	1.69343e-07
433	0	0	0	0	0	0	1	-0	0	0
434	1	1	29	35	9	204	0.283597	1.2602	3.63425e-06	1.28148e-05
435	0	0	0	0	0	0	1	-0	0	0
436	3	3	96	119	35	576	0.0250992	3.68492	9.36751e-07	3.7322e-05
437	0	0	0	0	0	0	1	-0	0	0
438	2	2	7	7	7	0	0.956992	0.04396	3.78139e-07	3.95133e-07
439	1	1	59	70	17	310	0.132576	2.0206	2.70755e-06	2.04226e-05
440	3	2	23	24	17	28	0.745634	0.29352	2.11944e-06	2.84247e-06
441	2	2	9	13	6	22	0.82379	0.19384	1.56747e-06	1.90275e-06
442	0	0	0	0	0	0	1	-0	0	0
443	2	2	91	108	28	578	0.0266214	3.62604	9.79863e-07	3.68073e-05
444	0	0	0	0	0	0	1	-0	0	0
445	2	2	11	13	10	3	0.90761	0.09694	8.10694e-07	8.93218e-07
446	0	0	0	0	0	0	1	-0	0	0
447	2	2	10	10	10	0	0.939131	0.0628	5.30117e-07	5.64476e-07
448	1	1	3	3	3	0	0.981336	0.01884	1.66182e-07	1.69343e-07
449	3	2	7	7	5	2	0.947281	0.05416	4.74966e-07	5.014e-07
450	1	1	16	22	4	102	0.5177	0.65836	3.44862e-06	6.66143e-06
451	0	0	0	0	0	0	1	-0	0	0
452	1	1	0	0	0	0	1	-0	0	0
453	0	0	0	0	0	0	1	-0	0	0
454	1	1	5	5	5	0	0.969088	0.0314	2.73513e-07	2.82238e-07
455	0	0	0	0	0	0	1	-0	0	0
456	1	1	11	11	7	7	0.900523	0.10478	8.94089e-07	9.92856e-07
457	1	1	33	43	11	299	0.166137	1.79494	3.04265e-06	1.83141e-05
458	1	1	7	7	6	1	0.952124	0.04906	4.26805e-07	4.48266e-07
459	1	1	53	69	13	345	0.111602	2.19282	2.48044e-06	2.22258e-05
460	0	0	0	0	0	0	1	-0	0	0
461	1	1	2	2	2	0	0.987519	0.01256	1.11486e-07	1.12895e-07
462	0	0	0	0	0	0	1	-0	0	0
463	3	2	72	84	25	269	0.149655	1.89942	2.84861e-06	1.90344e-05
464	0	0	0	0	0	0	1	-0	0	0
465	3	2	63	68	28	96	0.39986	0.91664	3.57444e-06	8.93922e-06
466	1	1	65	78	24	311	0.125438	2.07594	2.62509e-06	2.09273e-05
467	0	0	0	0	0	0	1	-0	0	0
468	3	3	20	28	13	93	0.521973	0.65014	3.40426e-06	6.52192e-06
469	0	0	0	0	0	0	1	-0	0	0
470	2	2	8	9	8	1	0.94024	0.06162	5.27627e-07	5.61162e-07
471	0	0	0	0	0	0	1	-0	0	0
472	2	2	39	48	16	135	0.371599	0.98994	3.67231e-06	9.88247e-06
473	0	0	0	0	0	0	1	-0	0	0
474	2	2	24	35	10	123	0.428656	0.8471	3.64831e-06	8.51105e-06
475	1	0	2	2	2	0	0.987519	0.01256	1.11486e-07	1.12895e-07
476	0	0	0	0	0	0	1	-0	0	0
477	1	1	3	3	3	0	0.981336	0.01884	1.66182e-07	1.69343e-07
478	0	0	0	0	0	0	1	-0	0	0
479	1	1	1	1	1	0	0.99374	0.00628	5.60942e-08	5.64476e-08
480	0	0	0	0	0	0	1	-0	0	0
481	1	1	1	1	1	0	0.99374	0.00628	5.60942e-08	5.64476e-08
482	0	0	0	0	0	0	1	-0	0	0
483	1	1	2	2	2	0	0.987519	0.01256	1.11486e-07	1.12895e-07
484	1	1	63	88	15	625	0.0237508	3.74014	9.06701e-07	3.81756e-05
485	0	0	0	0	0	0	1	-0	0	0
486	1	1	11	11	10	1	0.928505	0.07418	6.25865e-07	6.74057e-07
487	0	0	0	0	0	0	1	-0	0	0
488	1	1	13	17	6	31	0.767313	0.26486	2.00019e-06	2.60674e-06
489	0	0	0	0	0	0	1	-0	0	0
490	2	2	24	36	8	128	0.415248	0.87888	3.66795e-06	8.83316e-06
491	0	0	0	0	0	0	1	-0	0	0
492	3	3	46	49	25	77	0.496377	0.70042	3.40375e-06	6.85719e-06
493	2	2	63	83	21	376	0.087262	2.43884	2.15216e-06	2.46632e-05
494	0	0	0	0	0	0	1	-0	0	0
495	2	2	22	34	14	85	0.523604	0.64702	3.36967e-06	6.43554e-06
496	0	0	0	0	0	0	1	-0	0	0
497	3	2	11	13	10	4	0.902993	0.10204	8.54549e-07	9.46352e-07
498	0	0	0	0	0	0	1	-0	0	0
499	2	2	21	22	16	13	0.815087	0.20446	1.57522e-06	1.93258e-06
500	1	1	9	9	5	7	0.911905	0.09222	8.0244e-07	8.79961e-07
501	3	3	15	15	13	2	0.900865	0.1044	8.58507e-07	9.5298e-07
502	1	1	5	5	2	6	0.939883	0.062	5.64905e-07	6.01037e-07
503	0	0	0	0	0	0	1	-0	0	0
504	1	0	1	1	1	0	0.99374	0.00628	5.60942e-08	5.64476e-08
505	0	0	0	0	0	0	1	-0	0	0
506	1	1	7	7	6	1	0.952124	0.04906	4.26805e-07	4.48266e-07
507	0	0	0	0	0	0	1	-0	0	0
508	1	1	4	4	4	0	0.975193	0.02512	2.20189e-07	2.2579e-07
509	1	1	40	50	16	185	0.284364	1.2575	3.59778e-06	1.2652e-05
510	1	1	7	7	6	1	0.952124	0.04906	4.26805e-07	4.48266e-07
511	1	1	24	26	13	43	0.682099	0.38258	2.55949e-06	3.75237e-06
512	0	0	0	0	0	0	1	-0	0	0
513	1	1	6	7	6	1	0.952124	0.04906	4.26805e-07	4.48266e-07
514	0	0	0	0	0	0	1	-0	0	0
515	1	1	19	32	8	256	0.221671	1.50656	3.4156e-06	1.54084e-05
516	0	0	0	0	0	0	1	-0	0	0
517	3	3	2	2	2	0	0.987519	0.01256	1.11486e-07	1.12895e-07
518	2	2	13	13	12	1	0.916915	0.08674	7.21568e-07	7.86952e-07
519	0	0	0	0	0	0	1	-0	0	0
520	3	3	14	14	10	7	0.883716	0.12362	1.02705e-06	1.1622e-06
521	0	0	0	0	0	0	1	-0	0	0
522	2	2	18	19	14	7	0.856398	0.15502	1.23701e-06	1.44444e-06
523	0	0	0	0	0	0	1	-0	0	0
524	2	2	6	6	5	1	0.958122	0.04278	3.7541e-07	3.91819e-07
525	0	0	0	0	0	0	1	-0	0	0
526	2	2	6	6	5	1	0.958122	0.04278	3.7541e-07	3.91819e-07
527	1	1	15	21	5	121	0.472849	0.74898	3.60051e-06	7.61452e-06
528	0	0	0	0	0	0	1	-0	0	0
529	1	1	7	10	4	21	0.843749	0.1699	1.41773e-06	1.68027e-06
530	0	0	0	0	0	0	1	-0	0	0
531	1	1	2	2	2	0	0.987519	0.01256	1.11486e-07	1.12895e-07
532	0	0	0	0	0	0	1	-0	0	0
533	1	1	4	4	3	1	0.970232	0.03022	2.70621e-07	2.78924e-07
534	0	0	0	0	0	0	1	-0	0	0
535	1	1	1	1	1	0	0.99374	0.00628	5.60942e-08	5.64476e-08
536	1	1	61	84	22	350	0.0990114	2.31252	2.31075e-06	2.33382e-05
537	0	0	0	0	0	0	1	-0	0	0
538	1	1	21	25	6	126	0.449509	0.7996	3.64371e-06	8.10597e-06
539	0	0	0	0	0	0	1	-0	0	0
540	1	1	13	15	9	10	0.864849	0.1452	1.1918e-06	1.37805e-06
541	0	0	0	0	0	0	1	-0	0	0
542	1	1	27	31	13	66	0.587852	0.53128	3.09014e-06	5.25667e-06
543	0	0	0	0	0	0	1	-0	0	0
544	3	2	36	42	10	253	0.211388	1.55406	3.34278e-06	1.58135e-05
545	2	2	14	18	11	22	0.798325	0.22524	1.74433e-06	2.18499e-06
546	0	0	0	0	0	0	1	-0	0	0
547	2	2	3	3	3	0	0.981336	0.01884	1.66182e-07	1.69343e-07
548	0	0	0	0	0	0	1	-0	0	0
549	3	3	50	72	16	371	0.0959182	2.34426	2.28061e-06	2.37766e-05
550	0	0	0	0	0	0	1	-0	0	0
551	2	2	55	82	10	658	0.0208425	3.87076	8.25163e-07	3.95903e-05
552	0	0	0	0	0	0	1	-0	0	0
553	2	2	6	6	6	0	0.963021	0.03768	3.26161e-07	3.38686e-07
554	1	1	5	5	4	1	0.964158	0.0365	3.23351e-07	3.35371e-07
555	0	0	0	0	0	0	1	-0	0	0
556	1	1	3	3	3	0	0.981336	0.01884	1.66182e-07	1.69343e-07
557	0	0	0	0	0	0	1	-0	0	0
558	1	1	14	18	9	16	0.823131	0.19464	1.53612e-06	1.86619e-06
559	0	0	0	0	0	0	1	-0	0	0
560	1	1	1	1	1	0	0.99374	0.00628	5.60942e-08	5.64476e-08
561	1	1	9	9	7	3	0.930698	0.07182	6.21174e-07	6.67428e-07
562	1	1	8	8	7	1	0.946163	0.05534	4.77542e-07	5.04714e-07
563	1	1	20	27	11	44	0.674381	0.39396	2.60442e-06	3.86195e-06
564	0	0	0	0	0	0	1	-0	0	0
565	1	1	46	66	21	522	0.0461121	3.07668	1.45074e-06	3.14611e-05
566	0	0	0	0	0	0	1	-0	0	0
567	1	1	22	26	6	81	0.561929	0.57638	3.24313e-06	5.77143e-06
568	0	0	0	0	0	0	1	-0	0	0
569	1	1	26	27	18	10	0.80207	0.22056	1.64859e-06	2.05542e-06
570	1	1	8	8	8	0	0.951001	0.05024	4.29454e-07	4.51581e-07
571	2	2	32	35	12	233	0.244608	1.4081	3.51151e-06	1.43557e-05
572	2	2	19	21	14	13	0.820222	0.19818	1.53884e-06	1.87613e-06
573	0	0	0	0	0	0	1	-0	0	0
574	2	1	4	4	4	0	0.975193	0.02512	2.20189e-07	2.2579e-07
575	0	0	0	0	0	0	1	-0	0	0
576	2	2	33	38	15	179	0.31615	1.15154	3.68499e-06	1.16559e-05
577	0	0	0	0	0	0	1	-0	0	0
578	3	3	28	32	18	42	0.660235	0.41516	2.66597e-06	4.03792e-06
579	1	1	29	35	11	75	0.547551	0.6023	3.26376e-06	5.96066e-06
580	0	0	0	0	0	0	1	-0	0	0
581	1	1	1	1	1	0	0.99374	0.00628	5.60942e-08	5.64476e-08
582	0	0	0	0	0	0	1	-0	0	0
583	1	1	10	10	5	8	0.901586	0.1036	8.92157e-07	9.89542e-07
584	0	0	0	0	0	0	1	-0	0	0
585	1	1	18	21	9	42	0.707456	0.34608	2.41737e-06	3.41699e-06
586	0	0	0	0	0	0	1	-0	0	0
587	1	1	1	1	1	0	0.99374	0.00628	5.60942e-08	5.64476e-08
588	1	1	7	7	5	2	0.947281	0.05416	4.74966e-07	5.014e-07
589	0	0	0	0	0	0	1	-0	0	0
590	1	1	48	56	8	699	0.0199091	3.91658	8.02359e-07	4.03012e-05
591	0	0	0	0	0	0	1	-0	0	0
592	1	1	47	65	19	233	0.202604	1.5965	3.25162e-06	1.60491e-05
593	0	0	0	0	0	0	1	-0	0	0
594	1	1	40	48	17	114	0.413607	0.88284	3.62595e-06	8.76667e-06
595	0	0	0	0	0	0	1	-0	0	0
596	1	1	57	86	14	1015	0.00329095	5.71658	1.93457e-07	5.87847e-05
597	1	1	0	0	0	0	1	-0	0	0
598	0	0	0	0	0	0	1	-0	0	0
599	2	2	43	54	14	271	0.178848	1.72122	3.12041e-06	1.74473e-05
600	0	0	0	0	0	0	1	-0	0	0
601	5	5	108	128	31	741	0.0102248	4.58294	4.76445e-07	4.6597e-05
602	0	0	0	0	0	0	1	-0	0	0
603	2	2	6	6	4	3	0.948399	0.05298	4.72383e-07	4.98085e-07
604	0	0	0	0	0	0	1	-0	0	0
605	2	2	16	17	7	39	0.736637	0.30566	2.23334e-06	3.0318e-06
606	1	1	8	8	6	2	0.94135	0.06044	5.2513e-07	5.57847e-07
607	0	0	0	0	0	0	1	-0	0	0
608	1	1	24	29	11	88	0.532102	0.63092	3.359e-06	6.3127e-06
609	0	0	0	0	0	0	1	-0	0	0
610	1	1	27	39	9	200	0.282262	1.26492	3.62088e-06	1.28281e-05
611	0	0	0	0	0	0	1	-0	0	0
612	1	1	9	9	5	7	0.911905	0.09222	8.0244e-07	8.79961e-07
613	1	1	24	29	11	111	0.473208	0.74822	3.56551e-06	7.53477e-06
614	1	1	37	45	9	215	0.251805	1.3791	3.51615e-06	1.39638e-05
615	1	1	42	51	14	177	0.294352	1.22298	3.61564e-06	1.22834e-05
616	0	0	0	0	0	0	1	-0	0	0
617	1	1	8	8	4	10	0.903716	0.10124	8.88274e-07	9.82913e-07
618	0	0	0	0	0	0	1	-0	0	0
619	1	1	41	50	16	210	0.250324	1.385	3.49961e-06	1.39804e-05
620	0	0	0	0	0	0	1	-0	0	0
621	1	1	22	35	9	107	0.465101	0.7655	3.5631e-06	7.66092e-06
622	1	1	2	2	2	0	0.987519	0.01256	1.11486e-07	1.12895e-07
623	1	1	39	51	13	289	0.166264	1.79418	3.03171e-06	1.82343e-05
624	1	0	1	1	1	0	0.99374	0.00628	5.60942e-08	5.64476e-08
625	0	0	0	0	0	0	1	-0	0	0
626	2	1	5	5	5	0	0.969088	0.0314	2.73513e-07	2.82238e-07
627	0	0	0	0	0	0	1	-0	0	0
628	2	2	53	58	32	72	0.481216	0.73144	3.41641e-06	7.09955e-06
629	0	0	0	0	0	0	1	-0	0	0
630	5	4	49	55	35	65	0.50819	0.6769	3.33285e-06	6.55828e-06
631	1	1	31	35	8	160	0.354942	1.0358	3.71872e-06	1.0477e-05
632	0	0	0	0	0	0	1	-0	0	0
633	1	1	27	36	12	198	0.290579	1.23588	3.64749e-06	1.25525e-05
634	0	0	0	0	0	0	1	-0	0	0
635	1	1	10	11	8	4	0.914407	0.08948	7.62118e-07	8.33456e-07
636	0	0	0	0	0	0	1	-0	0	0
637	2	2	9	10	8	3	0.924872	0.0781	6.69492e-07	7.23876e-07
638	0	0	0	0	0	0	1	-0	0	0
639	1	1	8	11	4	22	0.834202	0.18128	1.4931e-06	1.78985e-06
640	1	1	31	40	12	104	0.457673	0.7816	3.56242e-06	7.78376e-06
641	0	0	0	0	0	0	1	-0	0	0
642	1	1	20	26	9	67	0.603518	0.50498	3.03422e-06	5.02756e-06
643	0	0	0	0	0	0	1	-0	0	0
644	1	1	44	56	16	258	0.188722	1.66748	3.18363e-06	1.68694e-05
645	0	0	0	0	0	0	1	-0	0	0
646	1	1	12	12	9	6	0.899461	0.10596	8.96016e-07	9.9617e-07
647	0	0	0	0	0	0	1	-0	0	0
648	1	1	26	39	9	256	0.212138	1.55052	3.35253e-06	1.58036e-05
649	1	1	12	18	8	27	0.778225	0.25074	1.90716e-06	2.45065e-06
650	0	0	0	0	0	0	1	-0	0	0
651	2	2	4	4	4	0	0.975193	0.02512	2.20189e-07	2.2579e-07
652	0	0	0	0	0	0	1	-0	0	0
653	3	3	81	107	21	1687	9.36768e-05	9.27566	8.96258e-09	9.56756e-05
654	0	0	0	0	0	0	1	-0	0	0
655	2	2	43	57	16	240	0.205572	1.58196	3.28287e-06	1.59695e-05
656	0	0	0	0	0	0	1	-0	0	0
657	2	2	21	24	13	27	0.749447	0.28842	2.09046e-06	2.78934e-06
658	1	1	13	14	11	4	0.89734	0.10832	8.99852e-07	1.0028e-06
659	0	0	0	0	0	0	1	-0	0	0
660	2	2	43	50	27	66	0.521733	0.6506	3.30214e-06	6.32917e-06
661	0	0	0	0	0	0	1	-0	0	0
662	2	1	24	30	10	157	0.371911	0.9891	3.73226e-06	1.00353e-05
663	0	0	0	0	0	0	1	-0	0	0
664	2	2	34	44	17	131	0.388905	0.94442	3.67288e-06	9.44414e-06
665	0	0	0	0	0	0	1	-0	0	0
666	2	2	3	3	3	0	0.981336	0.01884	1.66182e-07	1.69343e-07
667	1	1	8	8	5	6	0.922341	0.08084	7.10553e-07	7.7038e-07
668	0	0	0	0	0	0	1	-0	0	0
669	1	1	25	31	13	86	0.530848	0.63328	3.3546e-06	6.31933e-06
670	0	0	0	0	0	0	1	-0	0	0
671	1	1	22	25	12	68	0.60423	0.5038	3.0358e-06	5.02425e-06
672	0	0	0	0	0	0	1	-0	0	0
673	1	1	5	5	5	0	0.969088	0.0314	2.73513e-07	2.82238e-07
674	1	1	5	5	5	0	0.969088	0.0314	2.73513e-07	2.82238e-07
675	1	1	11	11	8	4	0.914407	0.08948	7.62118e-07	8.33456e-07
676	1	1	19	22	6	94	0.539259	0.61756	3.36302e-06	6.23637e-06
677	0	0	0	0	0	0	1	-0	0	0
678	3	3	54	69	18	305	0.136857	1.98882	2.75089e-06	2.01005e-05
679	0	0	0	0	0	0	1	-0	0	0
680	2	1	34	41	7	296	0.170831	1.76708	3.0821e-06	1.80418e-05
681	0	0	0	0	0	0	1	-0	0	0
682	3	3	16	17	14	4	0.880593	0.12716	1.03218e-06	1.17214e-06
683	1	1	23	29	9	78	0.559943	0.57992	3.23724e-06	5.78137e-06
684	2	2	45	64	21	405	0.0848034	2.46742	2.13124e-06	2.51316e-05
685	1	1	45	55	20	162	0.309871	1.1716	3.62927e-06	1.17122e-05
686	0	0	0	0	0	0	1	-0	0	0
687	2	2	5	5	5	0	0.969088	0.0314	2.73513e-07	2.82238e-07
688	0	0	0	0	0	0	1	-0	0	0
689	2	2	10	10	10	0	0.939131	0.0628	5.30117e-07	5.64476e-07
690	0	0	0	0	0	0	1	-0	0	0
691	3	3	35	40	19	123	0.415406	0.8785	3.65278e-06	8.79329e-06
692	1	1	2	2	2	0	0.987519	0.01256	1.11486e-07	1.12895e-07
693	0	0	0	0	0	0	1	-0	0	0
694	1	1	2	2	2	0	0.987519	0.01256	1.11486e-07	1.12895e-07
695	0	0	0	0	0	0	1	-0	0	0
696	1	1	3	3	2	1	0.976344	0.02394	2.17213e-07	2.22476e-07
697	0	0	0	0	0	0	1	-0	0	0
698	1	1	16	16	7	25	0.79614	0.22798	1.77658e-06	2.23149e-06
699	0	0	0	0	0	0	1	-0	0	0
700	1	1	4	4	4	0	0.975193	0.02512	2.20189e-07	2.2579e-07
701	1	1	6	6	5	1	0.958122	0.04278	3.7541e-07	3.91819e-07
702	0	0	0	0	0	0	1	-0	0	0
703	1	1	4	4	4	0	0.975193	0.02512	2.20189e-07	2.2579e-07
704	0	0	0	0	0	0	1	-0	0	0
705	2	2	43	55	22	163	0.308294	1.1767	3.62719e-06	1.17653e-05
706	0	0	0	0	0	0	1	-0	0	0
707	3	3	17	18	15	3	0.879554	0.12834	1.03388e-06	1.17546e-06
708	0	0	0	0	0	0	1	-0	0	0
709	2	2	6	6	6	0	0.963021	0.03768	3.26161e-07	3.38686e-07
710	1	1	70	86	20	449	0.059014	2.82998	1.69437e-06	2.87113e-05
711	0	0	0	0	0	0	1	-0	0	0
712	2	2	92	117	24	984	0.00317274	5.75316	1.86834e-07	5.88874e-05
713	0	0	0	0	0	0	1	-0	0	0
714	2	2	14	17	10	11	0.84971	0.16286	1.31202e-06	1.54407e-06
715	0	0	0	0	0	0	1	-0	0	0
716	2	2	40	50	8	307	0.152636	1.8797	2.92058e-06	1.91343e-05
717	0	0	0	0	0	0	1	-0	0	0
718	2	2	10	10	10	0	0.939131	0.0628	5.30117e-07	5.64476e-07
719	1	1	9	9	5	10	0.898059	0.10752	9.33407e-07	1.03936e-06
720	0	0	0	0	0	0	1	-0	0	0
721	1	1	5	5	4	1	0.964158	0.0365	3.23351e-07	3.35371e-07
722	0	0	0	0	0	0	1	-0	0	0
723	1	1	5	5	5	0	0.969088	0.0314	2.73513e-07	2.82238e-07
724	0	0	0	0	0	0	1	-0	0	0
725	1	1	21	23	8	55	0.653809	0.42494	2.75948e-06	4.22062e-06
726	1	1	23	27	11	83	0.552744	0.59286	3.28006e-06	5.93414e-06
727	1	1	5	5	3	3	0.954374	0.0467	4.21487e-07	4.41638e-07
728	1	1	12	13	6	18	0.840768	0.17344	1.42108e-06	1.69022e-06
729	0	0	0	0	0	0	1	-0	0	0
730	1	1	9	11	3	24	0.825736	0.19148	1.5657e-06	1.89612e-06
731	0	0	0	0	0	0	1	-0	0	0
732	2	2	39	45	20	126	0.396452	0.9252	3.66121e-06	9.23493e-06
733	0	0	0	0	0	0	1	-0	0	0
734	3	2	20	26	10	121	0.458232	0.78038	3.61854e-06	7.89675e-06
735	1	1	28	34	14	47	0.635578	0.45322	2.80702e-06	4.41648e-06
736	2	2	27	34	10	170	0.339419	1.08052	3.71727e-06	1.09519e-05
737	2	2	5	5	5	0	0.969088	0.0314	2.73513e-07	2.82238e-07
738	0	0	0	0	0	0	1	-0	0	0
739	3	3	64	76	17	778	0.0117362	4.44508	5.35494e-07	4.56276e-05
740	0	0	0	0	0	0	1	-0	0	0
741	2	2	69	94	19	983	0.0036845	5.60362	2.11992e-07	5.7536e-05
742	0	0	0	0	0	0	1	-0	0	0
743	2	2	8	9	3	13	0.884423	0.12282	1.06021e-06	1.19876e-06
744	1	1	2	2	2	0	0.987519	0.01256	1.11486e-07	1.12895e-07
745	0	0	0	0	0	0	1	-0	0	0
746	1	1	0	0	0	0	1	-0	0	0
747	0	0	0	0	0	0	1	-0	0	0
748	1	1	3	3	3	0	0.981336	0.01884	1.66182e-07	1.69343e-07
749	0	0	0	0	0	0	1	-0	0	0
750	1	1	2	2	2	0	0.987519	0.01256	1.11486e-07	1.12895e-07
751	0	0	0	0	0	0	1	-0	0	0
752	1	1	4	4	4	0	0.975193	0.02512	2.20189e-07	2.2579e-07
753	1	1	44	60	5	683	0.0210659	3.8601	8.35828e-07	3.96768e-05
754	0	0	0	0	0	0	1	-0	0	0
755	1	1	29	39	15	121	0.422308	0.86202	3.64476e-06	8.63057e-06
756	0	0	0	0	0	0	1	-0	0	0
757	1	1	10	11	9	3	0.919082	0.08438	7.17181e-07	7.80323e-07
758	0	0	0	0	0	0	1	-0	0	0
759	3	3	75	92	22	390	0.0767839	2.56676	1.98987e-06	2.59151e-05
760	0	0	0	0	0	0	1	-0	0	0
761	2	2	61	72	24	318	0.125687	2.07396	2.63447e-06	2.09606e-05
762	2	2	20	23	15	23	0.769711	0.26174	1.93995e-06	2.52036e-06
763	0	0	0	0	0	0	1	-0	0	0
764	2	2	14	16	10	16	0.833535	0.18208	1.46143e-06	1.75329e-06
765	0	0	0	0	0	0	1	-0	0	0
766	2	2	16	18	7	40	0.728302	0.31704	2.28788e-06	3.14138e-06
767	0	0	0	0	0	0	1	-0	0	0
768	2	2	21	23	12	32	0.73518	0.30764	2.20448e-06	2.99856e-06
769	0	0	0	0	0	0	1	-0	0	0
770	2	2	14	18	8	26	0.782204	0.24564	1.87535e-06	2.39752e-06
771	1	1	4	4	3	1	0.970232	0.03022	2.70621e-07	2.78924e-07
772	0	0	0	0	0	0	1	-0	0	0
773	1	1	1	1	1	0	0.99374	0.00628	5.60942e-08	5.64476e-08
774	0	0	0	0	0	0	1	-0	0	0
775	1	1	3	3	3	0	0.981336	0.01884	1.66182e-07	1.69343e-07
776	0	0	0	0	0	0	1	-0	0	0
777	1	0	3	4	1	6	0.945804	0.05572	5.15075e-07	5.4459e-07
778	0	0	0	0	0	0	1	-0	0	0
779	1	1	4	4	4	0	0.975193	0.02512	2.20189e-07	2.2579e-07
780	1	1	20	22	8	80	0.57917	0.54616	3.18109e-06	5.4925e-06
781	0	0	0	0	0	0	1	-0	0	0
782	1	1	17	19	13	10	0.843395	0.17032	1.35267e-06	1.60384e-06
783	0	0	0	0	0	0	1	-0	0	0
784	1	1	16	17	11	12	0.845388	0.16796	1.35026e-06	1.59721e-06
785	0	0	0	0	0	0	1	-0	0	0
786	3	3	31	40	16	217	0.2572	1.3579	3.54623e-06	1.37878e-05
787	1	1	3	3	3	0	0.981336	0.01884	1.66182e-07	1.69343e-07
788	3	3	23	26	14	29	0.732582	0.31118	2.20397e-06	3.0085e-06
789	2	2	7	9	6	6	0.916567	0.08712	7.57843e-07	8.26828e-07
790	0	0	0	0	0	0	1	-0	0	0
791	3	3	8	8	8	0	0.951001	0.05024	4.29454e-07	4.51581e-07
792	0	0	0	0	0	0	1	-0	0	0
793	2	2	11	14	5	37	0.758343	0.27662	2.09014e-06	2.75619e-06
794	0	0	0	0	0	0	1	-0	0	0
795	2	2	8	9	8	1	0.94024	0.06162	5.27627e-07	5.61162e-07
796	1	1	2	2	2	0	0.987519	0.01256	1.11486e-07	1.12895e-07
797	2	2	93	109	22	818	0.00777906	4.85632	3.85964e-07	4.96157e-05
798	1	1	14	16	9	11	0.855063	0.15658	1.27201e-06	1.48763e-06
799	0	0	0	0	0	0	1	-0	0	0
800	1	1	6	6	6	0	0.963021	0.03768	3.26161e-07	3.38686e-07
801	0	0	0	0	0	0	1	-0	0	0
802	1	1	5	5	5	0	0.969088	0.0314	2.73513e-07	2.82238e-07
803	0	0	0	0	0	0	1	-0	0	0
804	1	1	16	18	3	76	0.606143	0.50064	3.06355e-06	5.05418e-06
805	1	1	46	54	16	275	0.175236	1.74162	3.09464e-06	1.76598e-05
806	0	0	0	0	0	0	1	-0	0	0
807	1	1	6	6	5	1	0.958122	0.04278	3.7541e-07	3.91819e-07
808	0	0	0	0	0	0	1	-0	0	0
809	1	1	37	39	21	51	0.603494	0.50502	2.96391e-06	4.91125e-06
810	0	0	0	0	0	0	1	-0	0	0
811	1	1	75	89	26	366	0.0884321	2.42552	2.16399e-06	2.44706e-05
812	0	0	0	0	0	0	1	-0	0	0
813	2	2	7	7	7	0	0.956992	0.04396	3.78139e-07	3.95133e-07
814	2	2	5	6	4	2	0.953248	0.04788	4.2415e-07	4.44952e-07
815	0	0	0	0	0	0	1	-0	0	0
816	2	2	10	10	9	1	0.934354	0.0679	5.77066e-07	6.17609e-07
817	0	0	0	0	0	0	1	-0	0	0
818	2	2	51	65	26	145	0.317366	1.1477	3.60953e-06	1.13734e-05
819	0	0	0	0	0	0	1	-0	0	0
820	3	3	43	50	21	103	0.432013	0.8393	3.58359e-06	8.2951e-06
821	0	0	0	0	0	0	1	-0	0	0
822	2	2	5	5	5	0	0.969088	0.0314	2.73513e-07	2.82238e-07
823	1	1	2	2	2	0	0.987519	0.01256	1.11486e-07	1.12895e-07
824	0	0	0	0	0	0	1	-0	0	0
825	1	1	5	5	4	1	0.964158	0.0365	3.23351e-07	3.35371e-07
826	0	0	0	0	0	0	1	-0	0	0
827	1	1	32	42	13	181	0.305178	1.18686	3.65845e-06	1.19879e-05
828	0	0	0	0	0	0	1	-0	0	0
829	1	1	6	6	5	1	0.958122	0.04278	3.7541e-07	3.91819e-07
830	0	0	0	0	0	0	1	-0	0	0
831	1	1	4	4	4	0	0.975193	0.02512	2.20189e-07	2.2579e-07
832	1	1	26	27	20	17	0.773941	0.25626	1.87862e-06	2.42735e-06
833	0	0	0	0	0	0	1	-0	0	0
834	1	1	61	75	21	321	0.121469	2.1081	2.58598e-06	2.12893e-05
835	0	0	0	0	0	0	1	-0	0	0
836	1	1	14	19	5	45	0.70552	0.34882	2.44357e-06	3.4635e-06
837	0	0	0	0	0	0	1	-0	0	0
838	1	1	32	39	14	69	0.55056	0.59682	3.23049e-06	5.86765e-06
839	1	1	8	9	4	15	0.875448	0.13302	1.14248e-06	1.30503e-06
840	3	3	40	48	15	232	0.226584	1.48464	3.407e-06	1.50364e-05
841	2	2	26	31	13	41	0.667791	0.40378	2.62331e-06	3.92834e-06
842	0	0	0	0	0	0	1	-0	0	0
843	4	4	28	36	20	33	0.674098	0.39438	2.5518e-06	3.78551e-06
844	0	0	0	0	0	0	1	-0	0	0
845	2	2	16	16	15	1	0.899802	0.10558	8.60476e-07	9.56295e-07
846	0	0	0	0	0	0	1	-0	0	0
847	2	2	42	52	14	172	0.300064	1.20376	3.62303e-06	1.20742e-05
848	1	1	21	23	8	94	0.535883	0.62384	3.37221e-06	6.29282e-06
849	3	3	22	27	14	43	0.677829	0.38886	2.58172e-06	3.80881e-06
850	1	1	7	8	7	1	0.946163	0.05534	4.77542e-07	5.04714e-07
851	0	0	0	0	0	0	1	-0	0	0
852	1	1	4	4	4	0	0.975193	0.02512	2.20189e-07	2.2579e-07
853	0	0	0	0	0	0	1	-0	0	0
854	1	1	35	41	12	120	0.419169	0.86948	3.64272e-06	8.69034e-06
855	0	0	0	0	0	0	1	-0	0	0
856	1	1	18	27	4	134	0.426152	0.85296	3.68363e-06	8.64393e-06
857	1	1	7	7	7	0	0.956992	0.04396	3.78139e-07	3.95133e-07
858	0	0	0	0	0	0	1	-0	0	0
859	1	1	32	40	8	246	0.22184	1.5058	3.40051e-06	1.53287e-05
860	0	0	0	0	0	0	1	-0	0	0
861	1	1	15	19	7	35	0.742435	0.29782	2.17694e-06	2.93217e-06
862	0	0	0	0	0	0	1	-0	0	0
863	1	1	32	49	12	189	0.280377	1.27162	3.5911e-06	1.28081e-05
864	0	0	0	0	0	0	1	-0	0	0
865	1	1	8	8	4	5	0.927057	0.07574	6.64929e-07	7.17247e-07
866	2	2	12	15	5	55	0.687495	0.3747	2.5912e-06	3.76904e-06
867	0	0	0	0	0	0	1	-0	0	0
868	2	2	39	41	25	46	0.611353	0.49208	2.90911e-06	4.75848e-06
869	0	0	0	0	0	0	1	-0	0	0
870	2	2	25	27	13	41	0.684778	0.37866	2.53542e-06	3.70255e-06
871	0	0	0	0	0	0	1	-0	0	0
872	4	4	29	32	19	44	0.653534	0.42536	2.70837e-06	4.14418e-06
873	0	0	0	0	0	0	1	-0	0	0
874	2	2	44	53	18	143	0.345715	1.06214	3.66104e-06	1.05898e-05
875	1	1	24	25	13	34	0.718636	0.3304	2.31237e-06	3.21772e-06
876	0	0	0	0	0	0	1	-0	0	0
877	1	1	24	25	8	73	0.589017	0.5293	3.11585e-06	5.28991e-06
878	0	0	0	0	0	0	1	-0	0	0
879	1	1	6	6	6	0	0.963021	0.03768	3.26161e-07	3.38686e-07
880	0	0	0	0	0	0	1	-0	0	0
881	1	1	50	64	12	482	0.0572619	2.86012	1.67336e-06	2.92228e-05
882	0	0	0	0	0	0	1	-0	0	0
883	1	1	18	24	10	45	0.683711	0.38022	2.561e-06	3.74574e-06
884	1	1	16	21	3	139	0.431374	0.84078	3.69727e-06	8.57091e-06
885	0	0	0	0	0	0	1	-0	0	0
886	1	1	4	4	4	0	0.975193	0.02512	2.20189e-07	2.2579e-07
887	0	0	0	0	0	0	1	-0	0	0
888	1	1	15	17	11	13	0.841087	0.17306	1.38808e-06	1.65034e-06
889	0	0	0	0	0	0	1	-0	0	0
890	1	1	44	55	18	142	0.343146	1.0696	3.65434e-06	1.06495e-05
891	0	0	0	0	0	0	1	-0	0	0
892	1	1	8	9	8	1	0.94024	0.06162	5.27627e-07	5.61162e-07
893	2	2	35	44	16	129	0.392892	0.93422	3.66878e-06	9.33788e-06
894	0	0	0	0	0	0	1	-0	0	0
895	2	2	53	69	14	530	0.0434424	3.13632	1.39257e-06	3.20555e-05
896	0	0	0	0	0	0	1	-0	0	0
897	2	2	62	90	15	695	0.0164127	4.1097	6.89462e-07	4.20079e-05
898	0	0	0	0	0	0	1	-0	0	0
899	2	2	4	5	3	3	0.954374	0.0467	4.21487e-07	4.41638e-07
900	1	1	42	58	14	349	0.117169	2.14414	2.55632e-06	2.18174e-05
901	4	4	80	91	38	203	0.200532	1.60678	3.19303e-06	1.59228e-05
902	1	1	19	21	10	28	0.759815	0.27468	2.03108e-06	2.67313e-06
903	0	0	0	0	0	0	1	-0	0	0
904	1	1	20	22	12	23	0.77456	0.25546	1.90845e-06	2.46391e-06
905	0	0	0	0	0	0	1	-0	0	0
906	1	1	3	3	3	0	0.981336	0.01884	1.66182e-07	1.69343e-07
907	0	0	0	0	0	0	1	-0	0	0
908	1	1	33	41	13	146	0.367115	1.00208	3.69751e-06	1.00718e-05
909	1	1	28	30	11	80	0.550791	0.5964	3.27395e-06	5.94408e-06
910	1	1	3	3	3	0	0.981336	0.01884	1.66182e-07	1.69343e-07
911	1	1	5	5	4	1	0.964158	0.0365	3.23351e-07	3.35371e-07
912	0	0	0	0	0	0	1	-0	0	0
913	1	1	7	8	7	1	0.946163	0.05534	4.77542e-07	5.04714e-07
914	0	0	0	0	0	0	1	-0	0	0
915	1	1	16	20	8	67	0.626692	0.4673	2.93848e-06	4.68888e-06
916	0	0	0	0	0	0	1	-0	0	0
917	1	1	12	14	5	22	0.818633	0.20012	1.60386e-06	1.9592e-06
918	1	1	22	27	12	37	0.698891	0.35826	2.43914e-06	3.49001e-06
919	0	0	0	0	0	0	1	-0	0	0
920	3	3	14	15	12	4	0.891723	0.1146	9.44554e-07	1.05925e-06
921	0	0	0	0	0	0	1	-0	0	0
922	2	2	10	10	7	3	0.924872	0.0781	6.69492e-07	7.23876e-07
923	0	0	0	0	0	0	1	-0	0	0
924	3	3	20	23	17	12	0.814126	0.20564	1.57606e-06	1.93589e-06
925	0	0	0	0	0	0	1	-0	0	0
926	2	2	16	19	7	29	0.765505	0.26722	2.00054e-06	2.61337e-06
927	1	1	57	78	12	846	0.00819329	4.80444	4.04368e-07	4.93536e-05
928	0	0	0	0	0	0	1	-0	0	0
929	1	1	16	19	5	105	0.519536	0.65482	3.45569e-06	6.65149e-06
930	0	0	0	0	0	0	1	-0	0	0
931	2	1	76	103	17	716	0.0135897	4.29844	5.96012e-07	4.38575e-05
932	0	0	0	0	0	0	1	-0	0	0
933	2	2	18	20	12	29	0.760712	0.2735	2.03096e-06	2.66981e-06
934	0	0	0	0	0	0	1	-0	0	0
935	1	1	23	29	7	194	0.309896	1.17152	3.70165e-06	1.19448e-05
936	1	1	2	2	2	0	0.987519	0.01256	1.11486e-07	1.12895e-07
937	0	0	0	0	0	0	1	-0	0	0
938	1	1	17	20	10	20	0.796443	0.2276	1.7455e-06	2.19162e-06
939	0	0	0	0	0	0	1	-0	0	0
940	1	1	13	13	8	15	0.85373	0.15814	1.3069e-06	1.53082e-06
941	0	0	0	0	0	0	1	-0	0	0
942	1	1	2	2	2	0	0.987519	0.01256	1.11486e-07	1.12895e-07
943	0	0	0	0	0	0	1	-0	0	0
944	1	1	31	39	7	393	0.105481	2.24922	2.43481e-06	2.30828e-05
945	1	1	8	9	6	3	0.930698	0.07182	6.21174e-07	6.67428e-07
946	0	0	0	0	0	0	1	-0	0	0
947	2	1	9	10	8	2	0.929601	0.073	6.23523e-07	6.70742e-07
948	0	0	0	0	0	0	1	-0	0	0
949	3	3	19	19	17	3	0.874048	0.13462	1.07674e-06	1.2319e-06
950	0	0	0	0	0	0	1	-0	0	0
951	2	1	11	11	11	0	0.933252	0.06908	5.79478e-07	6.20924e-07
952	1	1	56	63	13	269	0.170753	1.76754	3.04777e-06	1.7849e-05
953	3	3	33	37	23	36	0.659707	0.41596	2.63972e-06	4.00136e-06
954	1	1	30	36	14	145	0.380762	0.96558	3.70726e-06	9.73643e-06
955	0	0	0	0	0	0	1	-0	0	0
956	2	2	25	31	12	77	0.555782	0.58738	3.24639e-06	5.84113e-06
957	0	0	0	0	0	0	1	-0	0	0
958	2	2	36	41	15	71	0.53817	0.61958	3.27574e-06	6.08681e-06
959	0	0	0	0	0	0	1	-0	0	0
960	2	2	70	100	21	611	0.0236569	3.7441	9.01545e-07	3.81091e-05
961	1	1	3	3	3	0	0.981336	0.01884	1.66182e-07	1.69343e-07
962	2	2	19	26	6	103	0.502289	0.68858	3.48606e-06	6.94036e-06
963	1	1	4	4	4	0	0.975193	0.02512	2.20189e-07	2.2579e-07
964	0	0	0	0	0	0	1	-0	0	0
965	1	1	4	4	4	0	0.975193	0.02512	2.20189e-07	2.2579e-07
966	0	0	0	0	0	0	1	-0	0	0
967	1	1	2	2	2	0	0.987519	0.01256	1.11486e-07	1.12895e-07
968	0	0	0	0	0	0	1	-0	0	0
969	1	1	28	39	3	378	0.113867	2.17272	2.53763e-06	2.22858e-05
970	1	1	5	5	5	0	0.969088	0.0314	2.73513e-07	2.82238e-07
971	1	1	6	6	5	1	0.958122	0.04278	3.7541e-07	3.91819e-07
972	1	1	50	64	9	611	0.0296581	3.51802	1.06998e-06	3.6077e-05
973	0	0	0	0	0	0	1	-0	0	0
974	2	2	67	87	18	649	0.0211469	3.85626	8.33071e-07	3.93944e-05
975	0	0	0	0	0	0	1	-0	0	0
976	3	3	45	54	21	241	0.208416	1.56822	3.30407e-06	1.58533e-05
977	0	0	0	0	0	0	1	-0	0	0
978	3	2	13	13	8	11	0.871325	0.13774	1.14865e-06	1.31828e-06
979	1	1	53	75	9	1147	0.00179868	6.3207	1.17233e-07	6.51774e-05
980	0	0	0	0	0	0	1	-0	0	0
981	2	2	73	92	27	380	0.0808015	2.51576	2.05105e-06	2.53838e-05
982	0	0	0	0	0	0	1	-0	0	0
983	2	1	13	19	4	94	0.549515	0.59872	3.33392e-06	6.06703e-06
984	0	0	0	0	0	0	1	-0	0	0
985	2	2	64	75	12	896	0.00646987	5.0406	3.35404e-07	5.18409e-05
986	0	0	0	0	0	0	1	-0	0	0
987	2	2	11	11	7	5	0.909755	0.09458	8.06579e-07	8.8659e-07
988	1	1	3	3	3	0	0.981336	0.01884	1.66182e-07	1.69343e-07
989	0	0	0	0	0	0	1	-0	0	0
990	1	1	3	3	3	0	0.981336	0.01884	1.66182e-07	1.69343e-07
991	0	0	0	0	0	0	1	-0	0	0
992	1	1	4	4	4	0	0.975193	0.02512	2.20189e-07	2.2579e-07
993	0	0	0	0	0	0	1	-0	0	0
994	1	1	7	10	4	16	0.865541	0.1444	1.2244e-06	1.41461e-06
995	0	0	0	0	0	0	1	-0	0	0
996	1	1	4	4	4	0	0.975193	0.02512	2.20189e-07	2.2579e-07
997	1	1	6	6	5	1	0.958122	0.04278	3.7541e-07	3.91819e-07
998	0	0	0	0	0	0	1	-0	0	0
999	1	1	7	7	4	4	0.937667	0.06436	5.69789e-07	6.07666e-07
1000	0	0	0	0	0	0	1	-0	0	0