Hist	Tr_Tot	Tr_in	DSBs	DSBt	RIFs	NComb	PSurv	lPSurv	PMut*	PMut
1	2795	2730	147	147	142	6	0.38529	0.95376	3.31989e-06	8.6166e-06
2	2672	2620	131	132	122	11	0.412689	0.88506	3.31619e-06	8.03555e-06
3	2864	2808	138	142	130	14	0.381685	0.96316	3.34334e-06	8.75942e-06
4	2708	2635	137	139	122	31	0.356643	1.03102	3.38574e-06	9.49335e-06
5	2717	2654	135	137	123	18	0.385907	0.95216	3.35342e-06	8.68972e-06
6	2767	2700	129	131	118	14	0.408984	0.89408	3.32851e-06	8.1385e-06
7	2716	2663	160	163	148	16	0.331131	1.10524	3.32823e-06	1.00511e-05
8	2640	2579	128	130	119	12	0.41578	0.8776	3.31617e-06	7.97579e-06
9	2608	2554	147	151	131	24	0.342775	1.07068	3.35878e-06	9.79878e-06
10	2830	2763	154	156	140	21	0.337301	1.08678	3.34657e-06	9.92162e-06
11	2679	2619	134	137	121	19	0.383943	0.95726	3.35676e-06	8.74285e-06
12	2702	2640	150	151	135	18	0.353426	1.04008	3.35048e-06	9.47999e-06
13	2713	2649	136	138	125	14	0.391394	0.93804	3.34001e-06	8.53363e-06
14	2690	2638	143	147	128	24	0.351495	1.04556	3.36486e-06	9.57299e-06
15	2740	2677	153	157	132	41	0.302686	1.19506	3.34187e-06	1.10407e-05
16	2741	2678	124	126	116	11	0.428536	0.84738	3.29838e-06	7.69686e-06
17	2769	2707	148	148	136	14	0.367571	1.00084	3.3442e-06	9.09811e-06
18	2711	2660	134	137	120	22	0.378114	0.97256	3.36606e-06	8.90225e-06
19	2810	2743	134	139	124	18	0.38109	0.96472	3.35459e-06	8.80261e-06
20	2685	2626	130	133	123	11	0.410106	0.89134	3.31857e-06	8.092e-06
21	2729	2666	149	151	133	31	0.330754	1.10638	3.36401e-06	1.01707e-05
22	2717	2656	132	132	125	7	0.421195	0.86466	3.29501e-06	7.82302e-06
23	2759	2700	140	146	131	16	0.368439	0.99848	3.34966e-06	9.09148e-06
24	2744	2694	119	120	105	18	0.429386	0.8454	3.3192e-06	7.73011e-06
25	2767	2709	159	161	146	17	0.333611	1.09778	3.33322e-06	9.99133e-06
26	2774	2712	162	166	145	24	0.31196	1.16488	3.32097e-06	1.06455e-05
27	2642	2583	139	140	125	17	0.38064	0.9659	3.35189e-06	8.80593e-06
28	2819	2759	154	156	141	21	0.337301	1.08678	3.34657e-06	9.92162e-06
29	2690	2630	124	126	111	20	0.409311	0.89328	3.34614e-06	8.17506e-06
30	2754	2698	152	153	143	12	0.35986	1.02204	3.33737e-06	9.27408e-06
31	2721	2671	135	136	126	14	0.396341	0.92548	3.33748e-06	8.42074e-06
32	2739	2672	176	179	165	14	0.302547	1.19552	3.28202e-06	1.0848e-05
33	2718	2647	144	147	134	13	0.371777	0.98946	3.34173e-06	8.98853e-06
34	2645	2596	130	133	123	13	0.405944	0.90154	3.32804e-06	8.19826e-06
35	2741	2670	129	131	119	12	0.413177	0.88388	3.31873e-06	8.03223e-06
36	2687	2614	152	154	131	30	0.326241	1.12012	3.35601e-06	1.02869e-05
37	2754	2686	140	145	125	24	0.355938	1.033	3.3672e-06	9.4601e-06
38	2696	2643	145	148	133	16	0.36384	1.01104	3.34892e-06	9.20438e-06
39	2783	2703	150	154	138	18	0.34683	1.05892	3.34668e-06	9.64933e-06
40	2725	2677	113	114	102	15	0.452748	0.79242	3.27428e-06	7.23202e-06
41	2667	2609	122	122	115	7	0.448494	0.80186	3.25541e-06	7.25854e-06
42	2752	2690	135	138	122	19	0.38154	0.96354	3.35728e-06	8.7993e-06
43	2874	2803	155	157	141	18	0.340357	1.07776	3.34185e-06	9.81867e-06
44	2785	2726	123	127	106	25	0.396508	0.92506	3.36919e-06	8.49718e-06
45	2660	2608	128	132	116	20	0.394175	0.93096	3.35591e-06	8.51375e-06
46	2692	2644	156	157	146	11	0.352727	1.04206	3.33212e-06	9.44674e-06
47	2701	2622	139	141	129	13	0.386053	0.95178	3.3393e-06	8.64984e-06
48	2719	2666	122	123	113	13	0.432255	0.83874	3.29974e-06	7.63379e-06
49	2729	2679	136	142	124	22	0.366426	1.00396	3.36543e-06	9.18449e-06
50	2703	2654	131	132	122	11	0.412689	0.88506	3.31619e-06	8.03555e-06
51	2757	2693	159	162	143	20	0.326489	1.11936	3.33253e-06	1.02072e-05
52	2789	2722	159	164	143	22	0.319142	1.14212	3.32748e-06	1.04263e-05
53	2791	2740	143	146	133	14	0.372216	0.98828	3.34444e-06	8.98521e-06
54	2668	2598	144	148	129	23	0.35108	1.04674	3.36205e-06	9.57631e-06
55	2855	2805	153	155	144	13	0.353561	1.0397	3.33765e-06	9.44011e-06
56	2706	2646	144	144	133	11	0.382732	0.96042	3.33471e-06	8.71292e-06
57	2712	2662	121	122	113	9	0.443943	0.81206	3.26955e-06	7.36481e-06
58	2734	2680	149	151	132	20	0.34984	1.05028	3.35365e-06	9.58625e-06
59	2729	2670	140	143	132	12	0.383184	0.95924	3.33738e-06	8.70961e-06
60	2668	2602	128	134	115	23	0.383345	0.95882	3.36808e-06	8.78604e-06
61	2719	2668	133	135	118	24	0.379007	0.9702	3.37151e-06	8.89562e-06
62	2719	2653	136	137	123	18	0.385907	0.95216	3.35342e-06	8.68972e-06
63	2768	2707	159	163	146	18	0.327771	1.11544	3.32929e-06	1.01574e-05
64	2716	2674	135	135	128	8	0.411231	0.8886	3.30856e-06	8.04549e-06
65	2710	2664	150	155	144	12	0.355368	1.0346	3.33584e-06	9.38698e-06
66	2799	2730	147	156	127	38	0.309289	1.17348	3.34802e-06	1.08249e-05
67	2738	2670	155	160	133	34	0.307832	1.1782	3.33633e-06	1.08381e-05
68	2754	2684	146	146	131	23	0.355518	1.03418	3.36441e-06	9.46341e-06
69	2766	2710	130	131	121	11	0.415289	0.87878	3.31363e-06	7.9791e-06
70	2659	2596	128	133	116	19	0.39371	0.93214	3.35325e-06	8.51706e-06
71	2806	2755	152	153	143	11	0.3617	1.01694	3.33522e-06	9.22095e-06
72	2681	2631	116	118	103	17	0.437036	0.82774	3.30577e-06	7.56408e-06
73	2741	2685	141	145	131	16	0.37076	0.9922	3.34983e-06	9.03503e-06
74	2715	2645	162	163	138	38	0.295987	1.21744	3.32098e-06	1.122e-05
75	2721	2665	151	154	139	21	0.341564	1.07422	3.35031e-06	9.80873e-06
76	2742	2681	132	132	120	12	0.41059	0.89016	3.32113e-06	8.08868e-06
77	2784	2726	141	143	126	18	0.371636	0.98984	3.35528e-06	9.0284e-06
78	2771	2723	140	143	134	10	0.387112	0.94904	3.33046e-06	8.60334e-06
79	2636	2589	129	130	119	11	0.417905	0.8725	3.31092e-06	7.92265e-06
80	2814	2755	121	123	115	8	0.443419	0.81324	3.26717e-06	7.36812e-06
81	2687	2642	133	136	120	18	0.388338	0.94588	3.35262e-06	8.63327e-06
82	2781	2726	136	138	124	17	0.385451	0.95334	3.35074e-06	8.69303e-06
83	2719	2666	123	125	115	11	0.431236	0.8411	3.29482e-06	7.64042e-06
84	2649	2591	134	136	126	10	0.40451	0.90508	3.3203e-06	8.20821e-06
85	2746	2697	137	138	125	14	0.391394	0.93804	3.34001e-06	8.53363e-06
86	2706	2638	126	128	122	7	0.431909	0.83954	3.28131e-06	7.59723e-06
87	2754	2686	134	136	125	12	0.400404	0.91528	3.32915e-06	8.31447e-06
88	2703	2651	150	152	126	40	0.313938	1.15856	3.36082e-06	1.07054e-05
89	2720	2665	142	146	126	26	0.35012	1.04948	3.36914e-06	9.62281e-06
90	2693	2630	151	154	131	28	0.329585	1.10992	3.3554e-06	1.01807e-05
91	2805	2731	113	114	101	14	0.455063	0.78732	3.26685e-06	7.17889e-06
92	2723	2658	156	158	136	25	0.326365	1.11974	3.34428e-06	1.02471e-05
93	2688	2626	138	140	127	14	0.386509	0.9506	3.34196e-06	8.64653e-06
94	2750	2680	151	153	139	17	0.3508	1.04754	3.34654e-06	9.53975e-06
95	2721	2662	131	134	121	15	0.399309	0.91802	3.33861e-06	8.36098e-06
96	2782	2719	134	139	123	19	0.379151	0.96982	3.35767e-06	8.85575e-06
97	2729	2676	112	113	101	14	0.45793	0.78104	3.26158e-06	7.12244e-06
98	2669	2607	139	142	120	32	0.348206	1.05496	3.38311e-06	9.71582e-06
99	2698	2627	128	130	114	16	0.407384	0.898	3.33579e-06	8.18832e-06
100	2732	2677	152	152	140	12	0.362127	1.01576	3.33796e-06	9.21763e-06
101	2727	2656	132	135	120	22	0.382893	0.96	3.36538e-06	8.78936e-06
102	2717	2667	158	159	142	22	0.329322	1.11072	3.34067e-06	1.01441e-05
103	2754	2693	171	176	152	29	0.285595	1.25318	3.27739e-06	1.14756e-05
104	2736	2675	145	146	126	24	0.353709	1.03928	3.36609e-06	9.51655e-06
105	2788	2743	130	131	114	22	0.392633	0.93488	3.36234e-06	8.56357e-06
106	2664	2606	131	134	126	10	0.409622	0.89252	3.31602e-06	8.09531e-06
107	2847	2790	117	121	113	9	0.446739	0.80578	3.26493e-06	7.30836e-06
108	2703	2651	144	144	133	12	0.380785	0.96552	3.33798e-06	8.76605e-06
109	2719	2656	136	138	125	16	0.387422	0.94824	3.34729e-06	8.6399e-06
110	2731	2681	120	124	110	15	0.42519	0.85522	3.31499e-06	7.7965e-06
111	2721	2654	128	130	119	13	0.413665	0.8827	3.32128e-06	8.02892e-06
112	2759	2710	124	124	115	9	0.438402	0.82462	3.27824e-06	7.4777e-06
113	2600	2551	123	125	113	16	0.420378	0.8666	3.32355e-06	7.90608e-06
114	2727	2660	112	113	106	7	0.474573	0.74534	3.20361e-06	6.75051e-06
115	2761	2707	126	127	116	12	0.423687	0.85876	3.30749e-06	7.80644e-06
116	2730	2678	124	124	116	9	0.438402	0.82462	3.27824e-06	7.4777e-06
117	2708	2653	139	143	127	18	0.371636	0.98984	3.35528e-06	9.0284e-06
118	2722	2662	167	171	153	19	0.310125	1.17078	3.30657e-06	1.06621e-05
119	2735	2695	146	148	135	17	0.36199	1.01614	3.35112e-06	9.25751e-06
120	2769	2718	143	147	130	21	0.356914	1.03026	3.35985e-06	9.41359e-06
121	2763	2688	127	131	114	20	0.396658	0.92468	3.35466e-06	8.4573e-06
122	2643	2595	124	124	116	9	0.438402	0.82462	3.27824e-06	7.4777e-06
123	2802	2739	139	142	127	17	0.37589	0.97846	3.35249e-06	8.91882e-06
124	2678	2631	155	159	142	29	0.317772	1.14642	3.3417e-06	1.0516e-05
125	2755	2709	99	103	93	12	0.492609	0.70804	3.17816e-06	6.4517e-06
126	2712	2658	152	156	132	37	0.31087	1.16838	3.34862e-06	1.07718e-05
127	2683	2627	131	133	119	15	0.401824	0.91174	3.33696e-06	8.30453e-06
128	2739	2669	142	146	135	12	0.376032	0.97808	3.33877e-06	8.87895e-06
129	2805	2753	142	145	129	22	0.359587	1.0228	3.36351e-06	9.35383e-06
130	2768	2724	114	115	109	6	0.471046	0.7528	3.20795e-06	6.81027e-06
131	2629	2563	151	153	139	17	0.3508	1.04754	3.34654e-06	9.53975e-06
132	2809	2745	153	159	139	23	0.327646	1.11582	3.34109e-06	1.01972e-05
133	2684	2629	135	135	122	15	0.396809	0.9243	3.34011e-06	8.41742e-06
134	2785	2726	130	132	122	11	0.412689	0.88506	3.31619e-06	8.03555e-06
135	2716	2657	141	142	132	10	0.389551	0.94276	3.32945e-06	8.54689e-06
136	2669	2608	134	135	124	12	0.402927	0.909	3.32738e-06	8.25802e-06
137	2744	2683	138	141	125	18	0.376333	0.97728	3.3552e-06	8.91551e-06
138	2879	2821	137	140	128	14	0.386509	0.9506	3.34196e-06	8.64653e-06
139	2773	2718	163	165	148	18	0.32368	1.128	3.32427e-06	1.02703e-05
140	2640	2576	116	116	109	13	0.451681	0.79478	3.26956e-06	7.23865e-06
141	2644	2599	130	133	117	16	0.39978	0.91684	3.34123e-06	8.35766e-06
142	2704	2640	121	122	107	18	0.424026	0.85796	3.32564e-06	7.843e-06
143	2750	2686	147	149	125	30	0.336647	1.08872	3.36805e-06	1.00047e-05
144	2721	2664	151	156	133	24	0.332179	1.10208	3.34871e-06	1.0081e-05
145	2709	2653	156	159	138	24	0.32598	1.12092	3.34141e-06	1.02504e-05
146	2748	2707	142	145	129	19	0.365131	1.0075	3.35717e-06	9.19443e-06
147	2723	2657	118	121	107	20	0.422367	0.86188	3.33367e-06	7.89282e-06
148	2779	2719	122	124	112	18	0.418734	0.87052	3.3314e-06	7.9559e-06
149	2742	2682	158	159	136	27	0.32103	1.13622	3.34185e-06	1.04098e-05
150	2689	2628	122	125	109	19	0.413996	0.8819	3.33907e-06	8.06548e-06
151	2695	2650	116	119	112	10	0.450084	0.79832	3.26248e-06	7.2486e-06
152	2723	2676	134	139	123	17	0.383038	0.95962	3.35139e-06	8.74948e-06
153	2725	2666	161	164	143	35	0.298669	1.20842	3.32032e-06	1.11171e-05
154	2730	2666	142	143	125	19	0.369746	0.99494	3.35786e-06	9.08154e-06
155	2752	2684	146	148	129	23	0.35108	1.04674	3.36205e-06	9.57631e-06
156	2712	2662	143	145	129	17	0.368874	0.9973	3.35239e-06	9.08817e-06
157	2785	2726	144	145	130	15	0.372656	0.9871	3.34716e-06	8.9819e-06
158	2659	2608	145	146	129	19	0.362845	1.01378	3.35663e-06	9.25088e-06
159	2840	2789	177	180	153	34	0.271498	1.3038	3.24904e-06	1.19671e-05
160	2700	2634	138	143	131	17	0.373536	0.98474	3.35259e-06	8.97527e-06
161	2758	2702	139	140	129	11	0.392468	0.9353	3.33093e-06	8.48713e-06
162	2729	2676	112	112	106	6	0.480004	0.73396	3.18768e-06	6.64093e-06
163	2755	2693	130	133	120	14	0.403879	0.90664	3.33257e-06	8.2514e-06
164	2756	2703	160	161	150	14	0.338754	1.08248	3.33061e-06	9.83193e-06
165	2589	2512	149	153	139	14	0.356208	1.03224	3.34136e-06	9.38035e-06
166	2791	2728	154	154	140	17	0.348604	1.05382	3.34527e-06	9.59619e-06
167	2667	2617	147	151	128	29	0.334145	1.09618	3.36299e-06	1.00645e-05
168	2742	2685	129	132	119	20	0.394175	0.93096	3.35591e-06	8.51375e-06
169	2689	2631	138	140	129	11	0.392468	0.9353	3.33093e-06	8.48713e-06
170	2707	2638	146	148	140	8	0.378992	0.97024	3.32729e-06	8.77931e-06
171	2733	2673	114	116	109	7	0.465716	0.76418	3.22268e-06	6.91985e-06
172	2786	2723	151	151	133	23	0.344528	1.06558	3.35765e-06	9.74565e-06
173	2761	2694	132	135	120	20	0.386818	0.9498	3.35878e-06	8.68309e-06
174	2670	2607	118	119	111	10	0.450084	0.79832	3.26248e-06	7.2486e-06
175	2797	2739	133	137	126	12	0.397898	0.92156	3.33077e-06	8.37092e-06
176	2674	2629	142	144	130	18	0.36931	0.99612	3.35512e-06	9.08485e-06
177	2704	2652	161	163	140	30	0.308313	1.17664	3.32822e-06	1.0795e-05
178	2710	2659	148	149	130	25	0.345342	1.06322	3.36329e-06	9.73902e-06
179	2774	2712	177	181	161	24	0.283915	1.25908	3.26281e-06	1.14922e-05
180	2737	2682	130	130	123	7	0.426518	0.8521	3.28851e-06	7.71012e-06
181	2724	2666	147	148	132	18	0.360148	1.02124	3.35321e-06	9.31064e-06
182	2766	2715	146	147	131	17	0.36427	1.00986	3.35167e-06	9.20106e-06
183	2704	2655	113	116	103	15	0.447097	0.80498	3.28389e-06	7.34492e-06
184	2805	2752	117	118	111	7	0.459903	0.77674	3.23438e-06	7.03275e-06
185	2681	2614	114	115	104	12	0.45685	0.7834	3.25692e-06	7.12907e-06
186	2807	2752	121	123	113	14	0.430056	0.84384	3.30581e-06	7.68692e-06
187	2714	2643	138	143	125	20	0.367865	1.00004	3.36032e-06	9.13467e-06
188	2689	2628	139	142	123	20	0.370182	0.99376	3.3606e-06	9.07822e-06
189	2741	2678	145	148	136	13	0.36945	0.99574	3.34167e-06	9.04498e-06
190	2641	2589	134	136	120	21	0.382441	0.96118	3.36268e-06	8.79267e-06
191	2771	2704	139	140	128	13	0.388485	0.9455	3.33841e-06	8.5934e-06
192	2634	2576	149	153	130	24	0.338497	1.08324	3.35507e-06	9.91168e-06
193	2813	2763	117	119	108	12	0.445517	0.80852	3.27672e-06	7.35486e-06
194	2823	2770	122	123	112	12	0.434465	0.83364	3.29353e-06	7.58065e-06
195	2755	2698	121	126	111	16	0.417747	0.87288	3.32632e-06	7.96253e-06
196	2770	2707	139	141	126	17	0.378258	0.97218	3.35226e-06	8.86238e-06
197	2718	2655	150	151	131	24	0.342775	1.07068	3.35878e-06	9.79878e-06
198	2745	2685	150	152	139	15	0.356629	1.03106	3.34412e-06	9.37703e-06
199	2731	2675	161	169	138	42	0.279286	1.27552	3.28754e-06	1.17712e-05
200	2776	2714	154	156	139	21	0.337301	1.08678	3.34657e-06	9.92162e-06
201	2756	2689	141	145	133	14	0.374561	0.982	3.34437e-06	8.92877e-06
202	2725	2675	138	140	121	22	0.371057	0.9914	3.36608e-06	9.07159e-06
203	2692	2632	164	167	148	23	0.311592	1.16606	3.31809e-06	1.06488e-05
204	2725	2671	139	140	128	16	0.382587	0.9608	3.3487e-06	8.7528e-06
205	2723	2675	150	153	138	15	0.354396	1.03734	3.34319e-06	9.43348e-06
206	2763	2697	133	135	122	16	0.394791	0.9294	3.3441e-06	8.47056e-06
207	2750	2698	146	146	132	17	0.366565	1.00358	3.35209e-06	9.14461e-06
208	2812	2747	154	157	140	20	0.336903	1.08796	3.34374e-06	9.92494e-06
209	2781	2717	155	157	143	15	0.345605	1.06246	3.33829e-06	9.65927e-06
210	2654	2599	140	142	132	13	0.383636	0.95806	3.34005e-06	8.70629e-06
211	2833	2773	167	170	149	30	0.295053	1.2206	3.30167e-06	1.11901e-05
212	2697	2646	141	141	131	11	0.390011	0.94158	3.33209e-06	8.54358e-06
213	2813	2750	144	146	132	15	0.370323	0.99338	3.34711e-06	9.03835e-06
214	2727	2669	142	144	136	9	0.386656	0.95022	3.32781e-06	8.60665e-06
215	2770	2715	156	160	139	31	0.312578	1.1629	3.33794e-06	1.06787e-05
216	2754	2686	122	129	112	22	0.397596	0.92232	3.35995e-06	8.45067e-06
217	2646	2591	147	153	138	17	0.3508	1.04754	3.34654e-06	9.53975e-06
218	2787	2729	133	135	121	15	0.396809	0.9243	3.34011e-06	8.41742e-06
219	2663	2594	131	134	123	12	0.405465	0.90272	3.32545e-06	8.20158e-06
220	2845	2790	136	139	131	8	0.40103	0.91372	3.31703e-06	8.27128e-06
221	2705	2633	153	154	143	13	0.355788	1.03342	3.3386e-06	9.38366e-06
222	2695	2627	123	126	117	9	0.43293	0.83718	3.28619e-06	7.5906e-06
223	2739	2681	123	124	116	9	0.438402	0.82462	3.27824e-06	7.4777e-06
224	2807	2750	133	138	123	15	0.389403	0.94314	3.34371e-06	8.58677e-06
225	2758	2687	140	141	132	12	0.388027	0.94668	3.33576e-06	8.59671e-06
226	2690	2624	143	145	130	20	0.363273	1.0126	3.35939e-06	9.24757e-06
227	2794	2730	139	140	125	19	0.376778	0.9761	3.35792e-06	8.91219e-06
228	2670	2616	144	146	127	22	0.357336	1.02908	3.36263e-06	9.41028e-06
229	2787	2731	126	129	117	14	0.414153	0.88152	3.32383e-06	8.02561e-06
230	2707	2640	133	136	118	20	0.384397	0.95608	3.35945e-06	8.73954e-06
231	2671	2606	157	158	138	25	0.326365	1.11974	3.34428e-06	1.02471e-05
232	2735	2678	124	127	112	17	0.41302	0.88426	3.33394e-06	8.07211e-06
233	2678	2617	140	142	126	19	0.372075	0.98866	3.35801e-06	9.02509e-06
234	2763	2708	126	129	115	21	0.399628	0.91722	3.3559e-06	8.39754e-06
235	2752	2696	163	169	142	36	0.287964	1.24492	3.29789e-06	1.14524e-05
236	2801	2745	127	129	109	24	0.393561	0.93252	3.36767e-06	8.55694e-06
237	2677	2615	140	142	123	20	0.370182	0.99376	3.3606e-06	9.07822e-06
238	2837	2780	116	117	111	7	0.4628	0.77046	3.22863e-06	6.9763e-06
239	2712	2659	151	153	136	20	0.345473	1.06284	3.3508e-06	9.69915e-06
240	2705	2652	148	151	136	17	0.355233	1.03498	3.34873e-06	9.42685e-06
241	2739	2672	148	151	135	18	0.353426	1.04008	3.35048e-06	9.47999e-06
242	2750	2693	135	136	124	16	0.392319	0.93568	3.34531e-06	8.527e-06
243	2768	2705	149	150	132	22	0.348471	1.0542	3.35789e-06	9.63607e-06
244	2628	2579	141	143	129	16	0.375446	0.97964	3.34978e-06	8.92214e-06
245	2808	2750	146	147	135	14	0.369886	0.99456	3.34439e-06	9.04166e-06
246	2683	2622	132	134	123	15	0.399309	0.91802	3.33861e-06	8.36098e-06
247	2899	2834	160	162	144	20	0.326489	1.11936	3.33253e-06	1.02072e-05
248	2787	2722	141	142	133	13	0.383636	0.95806	3.34005e-06	8.70629e-06
249	2731	2674	132	133	126	7	0.418558	0.87094	3.29801e-06	7.87946e-06
250	2671	2617	143	146	131	19	0.362845	1.01378	3.35663e-06	9.25088e-06
251	2724	2650	151	155	140	17	0.346421	1.0601	3.34388e-06	9.65264e-06
252	2773	2710	138	139	125	16	0.384997	0.95452	3.34807e-06	8.69635e-06
253	2770	2711	133	134	120	17	0.395257	0.92822	3.34673e-06	8.46724e-06
254	2719	2658	146	149	131	21	0.352459	1.04282	3.3577e-06	9.52649e-06
255	2689	2626	129	129	122	8	0.427022	0.85092	3.29097e-06	7.70681e-06
256	2745	2682	135	139	124	21	0.375304	0.98002	3.36348e-06	8.96201e-06
257	2720	2660	153	155	138	21	0.339426	1.0805	3.34849e-06	9.86518e-06
258	2756	2711	157	157	142	16	0.343846	1.06756	3.33958e-06	9.7124e-06
259	2747	2683	163	167	146	25	0.30843	1.17626	3.31719e-06	1.07551e-05
260	2610	2556	111	111	105	7	0.480571	0.73278	3.18985e-06	6.63762e-06
261	2778	2732	139	141	132	9	0.39401	0.93138	3.32438e-06	8.43731e-06
262	2649	2586	131	133	118	16	0.39978	0.91684	3.34123e-06	8.35766e-06
263	2827	2765	131	135	119	21	0.384851	0.9549	3.36214e-06	8.73622e-06
264	2694	2645	131	133	124	11	0.410106	0.89134	3.31857e-06	8.092e-06
265	2728	2673	137	138	127	11	0.397429	0.92274	3.32816e-06	8.37423e-06
266	2724	2657	144	146	131	19	0.362845	1.01378	3.35663e-06	9.25088e-06
267	2787	2717	150	152	136	18	0.351214	1.04636	3.34933e-06	9.53643e-06
268	2751	2688	126	131	117	20	0.396658	0.92468	3.35466e-06	8.4573e-06
269	2672	2604	147	151	138	23	0.344528	1.06558	3.35765e-06	9.74565e-06
270	2784	2704	138	139	131	8	0.40103	0.91372	3.31703e-06	8.27128e-06
271	2658	2584	141	146	123	28	0.346567	1.05968	3.37177e-06	9.72908e-06
272	2838	2774	163	166	146	21	0.31677	1.14958	3.32168e-06	1.04861e-05
273	2700	2641	127	127	111	24	0.398535	0.91996	3.36525e-06	8.44404e-06
274	2736	2668	124	130	107	28	0.383199	0.9592	3.38209e-06	8.82592e-06
275	2782	2732	134	135	125	10	0.407058	0.8988	3.31824e-06	8.15176e-06
276	2703	2647	164	165	148	24	0.313925	1.1586	3.32417e-06	1.05891e-05
277	2756	2681	142	145	127	24	0.355938	1.033	3.3672e-06	9.4601e-06
278	2706	2650	143	146	133	13	0.37412	0.98318	3.34167e-06	8.93208e-06
279	2834	2764	156	163	142	24	0.317893	1.14604	3.3303e-06	1.04762e-05
280	2749	2692	137	140	122	21	0.372954	0.9863	3.36347e-06	9.01846e-06
281	2809	2760	119	124	114	12	0.431745	0.83992	3.29728e-06	7.6371e-06
282	2704	2636	129	130	117	19	0.401198	0.9133	3.34909e-06	8.34772e-06
283	2691	2627	159	162	147	16	0.333217	1.09896	3.33039e-06	9.99464e-06
284	2733	2679	134	137	124	20	0.38199	0.96236	3.35998e-06	8.79599e-06
285	2771	2706	148	153	132	25	0.336775	1.08834	3.3559e-06	9.96481e-06
286	2760	2708	147	149	132	17	0.359723	1.02242	3.35045e-06	9.31396e-06
287	2731	2653	135	137	125	12	0.397898	0.92156	3.33077e-06	8.37092e-06
288	2797	2733	128	131	118	14	0.408984	0.89408	3.32851e-06	8.1385e-06
289	2673	2608	139	144	127	19	0.367431	1.00122	3.35758e-06	9.13799e-06
290	2697	2641	117	119	107	13	0.443251	0.81362	3.2836e-06	7.408e-06
291	2709	2658	153	155	138	19	0.342906	1.0703	3.34638e-06	9.75891e-06
292	2719	2664	144	145	132	15	0.372656	0.9871	3.34716e-06	8.9819e-06
293	2737	2672	140	142	122	27	0.3572	1.02946	3.37559e-06	9.45016e-06
294	2729	2663	143	147	130	18	0.362417	1.01496	3.35388e-06	9.25419e-06
295	2765	2713	139	143	125	25	0.358603	1.02554	3.37099e-06	9.40034e-06
296	2620	2549	163	167	147	21	0.314787	1.15586	3.31865e-06	1.05425e-05
297	2804	2754	127	129	117	13	0.41627	0.87642	3.3187e-06	7.97247e-06
298	2680	2616	137	139	133	6	0.405141	0.90352	3.30798e-06	8.16502e-06
299	2765	2701	115	116	105	12	0.45399	0.78968	3.26215e-06	7.18552e-06
300	2713	2653	114	114	104	10	0.464441	0.76692	3.23546e-06	6.96636e-06
301	2744	2679	126	128	116	14	0.416762	0.87524	3.32124e-06	7.96916e-06
302	2691	2642	138	139	122	20	0.377223	0.97492	3.36063e-06	8.90888e-06
303	2763	2702	137	142	125	22	0.366426	1.00396	3.36543e-06	9.18449e-06
304	2691	2633	122	123	112	13	0.432255	0.83874	3.29974e-06	7.63379e-06
305	2788	2719	152	155	142	15	0.349973	1.0499	3.34097e-06	9.54638e-06
306	2732	2679	124	128	115	15	0.414642	0.88034	3.32638e-06	8.02229e-06
307	2686	2630	114	116	103	16	0.444822	0.81008	3.29082e-06	7.39805e-06
308	2734	2681	148	151	130	27	0.337571	1.08598	3.36159e-06	9.95818e-06
309	2718	2663	140	142	124	24	0.362707	1.01416	3.36982e-06	9.29076e-06
310	2771	2711	127	133	115	24	0.383798	0.95764	3.37079e-06	8.78273e-06
311	2745	2684	143	145	124	25	0.354127	1.0381	3.36889e-06	9.51323e-06
312	2648	2585	133	133	123	10	0.412203	0.88624	3.31364e-06	8.03886e-06
313	2775	2719	178	179	153	35	0.271819	1.30262	3.25198e-06	1.19638e-05
314	2840	2781	143	146	129	17	0.366565	1.00358	3.35209e-06	9.14461e-06
315	2821	2757	147	148	131	17	0.36199	1.01614	3.35112e-06	9.25751e-06
316	2691	2640	142	144	124	23	0.360011	1.02162	3.36629e-06	9.35052e-06
317	2610	2562	127	128	110	21	0.402146	0.91094	3.35434e-06	8.34109e-06
318	2722	2660	142	145	122	26	0.352325	1.0432	3.37047e-06	9.56637e-06
319	2753	2692	157	159	132	37	0.305068	1.18722	3.33778e-06	1.09411e-05
320	2749	2676	150	156	127	39	0.307715	1.17858	3.34733e-06	1.0878e-05
321	2691	2628	100	100	93	7	0.514943	0.6637	3.09825e-06	6.01669e-06
322	2781	2726	152	155	134	26	0.33088	1.106	3.35209e-06	1.01308e-05
323	2653	2605	138	140	125	19	0.376778	0.9761	3.35792e-06	8.91219e-06
324	2832	2773	168	171	152	23	0.303862	1.19118	3.30438e-06	1.08746e-05
325	2697	2640	129	130	120	12	0.41578	0.8776	3.31617e-06	7.97579e-06
326	2721	2654	137	137	132	5	0.412359	0.88586	3.29846e-06	7.99899e-06
327	2726	2659	163	167	148	29	0.302202	1.19666	3.31443e-06	1.09676e-05
328	2730	2670	140	141	130	12	0.388027	0.94668	3.33576e-06	8.59671e-06
329	2771	2711	140	143	128	18	0.371636	0.98984	3.35528e-06	9.0284e-06
330	2720	2673	135	136	128	9	0.406578	0.89998	3.31567e-06	8.15507e-06
331	2649	2588	138	139	125	17	0.383038	0.95962	3.35139e-06	8.74948e-06
332	2677	2624	141	143	128	17	0.373536	0.98474	3.35259e-06	8.97527e-06
333	2840	2767	150	152	139	15	0.356629	1.03106	3.34412e-06	9.37703e-06
334	2702	2661	145	147	134	14	0.369886	0.99456	3.34439e-06	9.04166e-06
335	2706	2645	153	153	138	19	0.34724	1.05774	3.34948e-06	9.64601e-06
336	2730	2678	135	137	115	23	0.37619	0.97766	3.36893e-06	8.95538e-06
337	2939	2877	152	155	142	14	0.351762	1.0448	3.33936e-06	9.49324e-06
338	2758	2698	159	161	149	12	0.342227	1.07228	3.32839e-06	9.72566e-06
339	2744	2691	138	140	130	11	0.392468	0.9353	3.33093e-06	8.48713e-06
340	2793	2743	149	151	136	16	0.35705	1.02988	3.34688e-06	9.37372e-06
341	2669	2607	142	142	130	13	0.383636	0.95806	3.34005e-06	8.70629e-06
342	2790	2737	167	171	151	29	0.294705	1.22178	3.29875e-06	1.11934e-05
343	2706	2645	147	153	131	30	0.328296	1.11384	3.35862e-06	1.02305e-05
344	2732	2670	169	172	153	24	0.300424	1.20256	3.29991e-06	1.09842e-05
345	2734	2682	117	118	109	10	0.45292	0.79204	3.25747e-06	7.19215e-06
346	2627	2561	123	123	105	21	0.414974	0.87954	3.34421e-06	8.05885e-06
347	2762	2701	146	147	132	21	0.356914	1.03026	3.35985e-06	9.41359e-06
348	2772	2712	139	142	123	23	0.364562	1.00906	3.36768e-06	9.23762e-06
349	2800	2739	143	143	129	16	0.375446	0.97964	3.34978e-06	8.92214e-06
350	2676	2616	140	140	126	19	0.376778	0.9761	3.35792e-06	8.91219e-06
351	2731	2679	166	168	147	27	0.303389	1.19274	3.31234e-06	1.09178e-05
352	2711	2654	145	147	136	13	0.371777	0.98946	3.34173e-06	8.98853e-06
353	2665	2620	137	138	131	7	0.405619	0.90234	3.31054e-06	8.1617e-06
354	2738	2676	128	129	115	15	0.412046	0.88662	3.32881e-06	8.07874e-06
355	2744	2689	153	153	140	16	0.352593	1.04244	3.34492e-06	9.48661e-06
356	2783	2732	140	140	130	10	0.394475	0.9302	3.327e-06	8.434e-06
357	2731	2675	140	140	133	7	0.400557	0.9149	3.31444e-06	8.2746e-06
358	2745	2684	158	160	141	21	0.328933	1.1119	3.33782e-06	1.01474e-05
359	2730	2672	135	136	126	11	0.402452	0.91018	3.32479e-06	8.26134e-06
360	2775	2731	103	104	93	12	0.489525	0.71432	3.1859e-06	6.50815e-06
361	2715	2660	120	122	110	13	0.434978	0.83246	3.29598e-06	7.57734e-06
362	2789	2733	131	131	124	8	0.421692	0.86348	3.29751e-06	7.8197e-06
363	2743	2685	164	165	137	33	0.299842	1.2045	3.31842e-06	1.10672e-05
364	2674	2615	143	145	134	12	0.378401	0.9718	3.33845e-06	8.8225e-06
365	2772	2714	128	131	123	10	0.417413	0.87368	3.3084e-06	7.92597e-06
366	2794	2745	119	119	110	10	0.450084	0.79832	3.26248e-06	7.2486e-06
367	2816	2761	138	138	126	12	0.395407	0.92784	3.33224e-06	8.42737e-06
368	2688	2624	128	129	118	13	0.41627	0.87642	3.3187e-06	7.97247e-06
369	2739	2681	159	161	145	17	0.333611	1.09778	3.33322e-06	9.99133e-06
370	2720	2660	146	146	129	25	0.35191	1.04438	3.36767e-06	9.56968e-06
371	2758	2693	149	150	139	13	0.364839	1.0083	3.34115e-06	9.15787e-06
372	2747	2680	135	138	121	22	0.375747	0.97884	3.3662e-06	8.9587e-06
373	2707	2651	146	150	134	16	0.359299	1.0236	3.34769e-06	9.31727e-06
374	2777	2725	152	154	129	34	0.319653	1.14052	3.35618e-06	1.04995e-05
375	2648	2596	135	137	122	16	0.389863	0.94196	3.34637e-06	8.58345e-06
376	2826	2766	139	144	124	29	0.349162	1.05222	3.37616e-06	9.66932e-06
377	2694	2630	128	130	120	10	0.420042	0.8674	3.30553e-06	7.86952e-06
378	2692	2646	153	154	125	37	0.314799	1.15582	3.3554e-06	1.06589e-05
379	2724	2659	139	143	128	18	0.371636	0.98984	3.35528e-06	9.0284e-06
380	2732	2672	138	140	129	11	0.392468	0.9353	3.33093e-06	8.48713e-06
381	2751	2690	146	149	131	21	0.352459	1.04282	3.3577e-06	9.52649e-06
382	2561	2510	133	137	122	16	0.389863	0.94196	3.34637e-06	8.58345e-06
383	2674	2600	125	125	118	8	0.437885	0.8258	3.27582e-06	7.48102e-06
384	2770	2702	147	152	133	27	0.335458	1.09226	3.35948e-06	1.00146e-05
385	2827	2770	174	177	159	23	0.292626	1.22886	3.2813e-06	1.12133e-05
386	2699	2643	122	126	116	14	0.42203	0.86268	3.31557e-06	7.85626e-06
387	2720	2661	154	158	135	28	0.321409	1.13504	3.34473e-06	1.04065e-05
388	2728	2682	116	120	108	14	0.438235	0.825	3.29447e-06	7.51758e-06
389	2697	2638	123	124	115	13	0.429549	0.84502	3.30333e-06	7.69023e-06
390	2755	2677	134	135	123	14	0.398838	0.9192	3.336e-06	8.36429e-06
391	2758	2703	150	151	140	12	0.364408	1.00948	3.33841e-06	9.16119e-06
392	2789	2739	144	148	137	11	0.373238	0.98554	3.33626e-06	8.93871e-06
393	2665	2592	130	131	126	6	0.426015	0.85328	3.28604e-06	7.71343e-06
394	2772	2700	144	145	127	20	0.363273	1.0126	3.35939e-06	9.24757e-06
395	2704	2647	153	155	131	34	0.317652	1.1468	3.3531e-06	1.05559e-05
396	2745	2681	144	153	124	45	0.304118	1.19034	3.35365e-06	1.10275e-05
397	2732	2670	123	124	114	11	0.433953	0.83482	3.29108e-06	7.58397e-06
398	2764	2699	127	128	112	22	0.4001	0.91604	3.35853e-06	8.39422e-06
399	2760	2712	129	132	116	21	0.39217	0.93606	3.35967e-06	8.56688e-06
400	2789	2726	114	115	101	21	0.436355	0.8293	3.31947e-06	7.60727e-06
401	2796	2733	148	151	140	12	0.364408	1.00948	3.33841e-06	9.16119e-06
402	2672	2612	156	159	142	17	0.337827	1.08522	3.33721e-06	9.87843e-06
403	2690	2629	120	121	108	17	0.428879	0.84658	3.3167e-06	7.73342e-06
404	2708	2660	142	144	131	18	0.36931	0.99612	3.35512e-06	9.08485e-06
405	2772	2693	127	128	118	12	0.421035	0.86504	3.31055e-06	7.86289e-06
406	2736	2673	158	159	143	20	0.332698	1.10052	3.33957e-06	1.00378e-05
407	2651	2605	143	144	127	28	0.350947	1.04712	3.37477e-06	9.61618e-06
408	2764	2697	153	157	142	17	0.342097	1.07266	3.34076e-06	9.76554e-06
409	2843	2797	155	160	139	32	0.310988	1.168	3.33749e-06	1.07319e-05
410	2758	2688	176	177	151	31	0.280927	1.26966	3.26953e-06	1.16384e-05
411	2707	2650	160	163	145	22	0.321152	1.13584	3.33031e-06	1.03699e-05
412	2759	2699	139	144	131	14	0.376921	0.97572	3.34416e-06	8.87232e-06
413	2713	2643	133	135	124	13	0.400877	0.9141	3.33175e-06	8.31116e-06
414	2812	2758	147	149	133	20	0.354261	1.03772	3.35605e-06	9.47336e-06
415	2740	2684	141	141	128	15	0.382136	0.96198	3.34602e-06	8.75611e-06
416	2692	2646	166	168	149	25	0.306499	1.18254	3.31372e-06	1.08115e-05
417	2769	2720	137	143	125	22	0.364132	1.01024	3.36492e-06	9.24094e-06
418	2723	2668	140	144	122	26	0.354545	1.03692	3.37169e-06	9.50992e-06
419	2811	2754	135	140	117	34	0.349029	1.0526	3.38879e-06	9.70919e-06
420	2685	2627	167	168	151	19	0.316023	1.15194	3.31594e-06	1.04927e-05
421	2734	2680	131	133	113	23	0.38576	0.95254	3.36753e-06	8.72959e-06
422	2717	2663	140	140	129	13	0.388485	0.9455	3.33841e-06	8.5934e-06
423	2597	2543	164	170	149	27	0.299602	1.2053	3.30482e-06	1.10307e-05
424	2744	2682	143	146	132	18	0.3647	1.00868	3.35442e-06	9.19775e-06
425	2721	2665	149	151	143	8	0.371919	0.98908	3.32817e-06	8.94865e-06
426	2774	2706	138	143	132	13	0.381235	0.96434	3.34066e-06	8.76274e-06
427	2643	2585	145	148	127	26	0.34575	1.06204	3.36612e-06	9.73571e-06
428	2820	2774	143	146	131	18	0.3647	1.00868	3.35442e-06	9.19775e-06
429	2691	2638	135	137	122	17	0.38788	0.94706	3.34996e-06	8.63659e-06
430	2708	2653	151	154	133	31	0.324581	1.12522	3.35619e-06	1.03401e-05
431	2722	2650	118	122	99	30	0.398854	0.91916	3.38252e-06	8.4806e-06
432	2770	2717	136	137	127	11	0.399932	0.91646	3.32655e-06	8.31779e-06
433	2749	2683	134	135	116	23	0.380945	0.9651	3.3685e-06	8.84249e-06
434	2745	2690	131	133	119	15	0.401824	0.91174	3.33696e-06	8.30453e-06
435	2780	2717	146	147	134	14	0.369886	0.99456	3.34439e-06	9.04166e-06
436	2735	2666	144	145	134	11	0.380336	0.9667	3.33531e-06	8.76937e-06
437	2735	2661	123	123	111	14	0.430056	0.84384	3.30581e-06	7.68692e-06
438	2790	2737	122	124	117	7	0.442896	0.81442	3.26478e-06	7.37143e-06
439	2733	2659	187	193	163	40	0.242673	1.41604	3.15953e-06	1.30197e-05
440	2726	2663	128	129	124	5	0.433606	0.83562	3.2726e-06	7.54741e-06
441	2789	2727	130	133	125	8	0.416429	0.87604	3.30336e-06	7.9326e-06
442	2753	2690	114	115	100	20	0.438586	0.8242	3.31314e-06	7.55414e-06
443	2773	2716	138	140	130	10	0.394475	0.9302	3.327e-06	8.434e-06
444	2786	2726	130	133	120	17	0.397747	0.92194	3.34537e-06	8.4108e-06
445	2661	2595	142	145	130	19	0.365131	1.0075	3.35717e-06	9.19443e-06
446	2713	2657	129	130	121	10	0.420042	0.8674	3.30553e-06	7.86952e-06
447	2701	2650	142	143	131	13	0.381235	0.96434	3.34066e-06	8.76274e-06
448	2785	2739	125	126	104	28	0.392947	0.93408	3.3794e-06	8.60013e-06
449	2730	2691	149	150	136	15	0.361136	1.0185	3.34562e-06	9.26414e-06
450	2738	2677	152	154	136	23	0.338098	1.08442	3.35224e-06	9.91499e-06
451	2757	2698	130	131	118	17	0.402774	0.90938	3.34218e-06	8.2979e-06
452	2735	2675	113	116	105	12	0.45399	0.78968	3.26215e-06	7.18552e-06
453	2792	2732	166	168	153	20	0.314415	1.15704	3.31578e-06	1.05459e-05
454	2668	2612	139	141	126	18	0.376333	0.97728	3.3552e-06	8.91551e-06
455	2710	2666	119	122	112	11	0.439437	0.82226	3.28307e-06	7.47107e-06
456	2706	2650	145	149	137	18	0.357893	1.02752	3.35242e-06	9.36709e-06
457	2790	2724	151	152	134	21	0.345881	1.06166	3.35361e-06	9.69583e-06
458	2734	2692	138	140	126	15	0.384543	0.9557	3.34539e-06	8.69966e-06
459	2675	2626	109	111	99	17	0.456677	0.78378	3.27389e-06	7.16895e-06
460	2762	2721	149	151	139	14	0.36071	1.01968	3.34287e-06	9.26745e-06
461	2610	2560	148	150	130	21	0.350253	1.0491	3.35645e-06	9.58294e-06
462	2799	2745	155	157	141	17	0.342097	1.07266	3.34076e-06	9.76554e-06
463	2721	2671	121	124	112	14	0.427364	0.85012	3.30923e-06	7.74337e-06
464	2648	2595	120	122	113	10	0.441684	0.81716	3.27639e-06	7.41794e-06
465	2736	2674	139	140	124	19	0.376778	0.9761	3.35792e-06	8.91219e-06
466	2692	2623	128	131	108	27	0.382747	0.96038	3.37937e-06	8.82923e-06
467	2738	2685	132	135	127	9	0.409139	0.8937	3.31346e-06	8.09862e-06
468	2708	2654	135	139	125	16	0.384997	0.95452	3.34807e-06	8.69635e-06
469	2767	2710	158	160	142	24	0.323939	1.1272	3.33878e-06	1.03068e-05
470	2736	2669	123	127	107	22	0.402621	0.90976	3.35696e-06	8.33778e-06
471	2813	2750	158	162	148	17	0.331522	1.10406	3.33106e-06	1.00478e-05
472	2682	2630	130	130	119	11	0.417905	0.8725	3.31092e-06	7.92265e-06
473	2693	2626	133	136	120	18	0.388338	0.94588	3.35262e-06	8.63327e-06
474	2715	2656	137	139	124	19	0.379151	0.96982	3.35767e-06	8.85575e-06
475	2737	2688	167	168	158	12	0.327509	1.11624	3.31465e-06	1.01208e-05
476	2742	2683	130	130	123	7	0.426518	0.8521	3.28851e-06	7.71012e-06
477	2831	2755	143	145	129	18	0.366998	1.0024	3.35483e-06	9.1413e-06
478	2772	2706	128	131	119	12	0.413177	0.88388	3.31873e-06	8.03223e-06
479	2637	2580	175	176	153	30	0.284142	1.25828	3.27581e-06	1.15288e-05
480	2815	2761	121	127	114	14	0.419387	0.86896	3.31849e-06	7.91271e-06
481	2688	2623	169	172	145	31	0.289888	1.23826	3.292e-06	1.13561e-05
482	2721	2669	131	140	113	40	0.338511	1.0832	3.39458e-06	1.0028e-05
483	2719	2671	120	122	113	15	0.430564	0.84266	3.30828e-06	7.68361e-06
484	2736	2683	138	140	125	17	0.38064	0.9659	3.35189e-06	8.80593e-06
485	2746	2691	126	131	114	20	0.396658	0.92468	3.35466e-06	8.4573e-06
486	2759	2708	143	144	132	12	0.380785	0.96552	3.33798e-06	8.76605e-06
487	2777	2728	142	145	135	14	0.374561	0.982	3.34437e-06	8.92877e-06
488	2647	2581	137	138	124	16	0.387422	0.94824	3.34729e-06	8.6399e-06
489	2824	2763	149	151	136	17	0.355233	1.03498	3.34873e-06	9.42685e-06
490	2814	2751	151	154	134	23	0.338098	1.08442	3.35224e-06	9.91499e-06
491	2746	2699	134	137	121	21	0.380047	0.96746	3.36308e-06	8.84912e-06
492	2694	2641	167	168	146	30	0.298782	1.20804	3.30967e-06	1.10772e-05
493	2737	2678	141	143	127	19	0.369746	0.99494	3.35786e-06	9.08154e-06
494	2750	2694	155	155	138	21	0.339426	1.0805	3.34849e-06	9.86518e-06
495	2791	2720	146	147	131	18	0.362417	1.01496	3.35388e-06	9.25419e-06
496	2782	2727	122	124	114	12	0.431745	0.83992	3.29728e-06	7.6371e-06
497	2676	2623	154	156	140	21	0.337301	1.08678	3.34657e-06	9.92162e-06
498	2814	2748	118	118	111	8	0.457563	0.78184	3.24224e-06	7.08588e-06
499	2698	2650	126	126	115	11	0.428536	0.84738	3.29838e-06	7.69686e-06
500	2774	2710	129	131	116	17	0.402774	0.90938	3.34218e-06	8.2979e-06
501	2728	2676	148	156	133	29	0.323816	1.12758	3.35042e-06	1.03467e-05
502	2653	2605	148	151	136	16	0.35705	1.02988	3.34688e-06	9.37372e-06
503	2755	2695	136	136	126	12	0.400404	0.91528	3.32915e-06	8.31447e-06
504	2846	2787	123	126	110	19	0.411404	0.88818	3.34139e-06	8.12193e-06
505	2788	2742	126	126	116	11	0.428536	0.84738	3.29838e-06	7.69686e-06
506	2664	2606	161	161	154	8	0.34928	1.05188	3.32275e-06	9.51313e-06
507	2748	2692	146	148	136	14	0.367571	1.00084	3.3442e-06	9.09811e-06
508	2703	2644	129	129	114	21	0.399628	0.91722	3.3559e-06	8.39754e-06
509	2814	2760	158	162	133	36	0.300905	1.20096	3.3272e-06	1.10573e-05
510	2732	2667	170	172	146	41	0.275475	1.28926	3.27469e-06	1.18874e-05
511	2694	2640	157	160	147	14	0.340888	1.0762	3.33235e-06	9.77548e-06
512	2759	2689	153	155	140	17	0.346421	1.0601	3.34388e-06	9.65264e-06
513	2601	2540	149	151	134	20	0.34984	1.05028	3.35365e-06	9.58625e-06
514	2795	2731	161	164	144	23	0.317518	1.14722	3.32742e-06	1.04795e-05
515	2672	2621	152	153	140	14	0.356208	1.03224	3.34136e-06	9.38035e-06
516	2863	2807	147	149	138	13	0.367137	1.00202	3.34147e-06	9.10142e-06
517	2722	2671	138	143	128	19	0.369746	0.99494	3.35786e-06	9.08154e-06
518	2756	2694	144	145	133	13	0.376476	0.9769	3.34147e-06	8.87563e-06
519	2774	2722	133	134	118	17	0.395257	0.92822	3.34673e-06	8.46724e-06
520	2722	2666	133	133	122	13	0.405944	0.90154	3.32804e-06	8.19826e-06
521	2764	2707	147	149	139	12	0.369014	0.99692	3.33895e-06	9.04829e-06
522	2634	2571	154	158	145	15	0.343441	1.06874	3.33678e-06	9.71572e-06
523	2847	2786	142	144	132	12	0.380785	0.96552	3.33798e-06	8.76605e-06
524	2678	2631	128	129	119	11	0.420538	0.86622	3.30804e-06	7.86621e-06
525	2709	2654	153	156	137	23	0.333878	1.09698	3.34809e-06	1.00279e-05
526	2712	2665	147	151	137	16	0.35705	1.02988	3.34688e-06	9.37372e-06
527	2738	2683	109	112	102	10	0.470312	0.75436	3.22326e-06	6.85346e-06
528	2740	2682	141	142	131	13	0.383636	0.95806	3.34005e-06	8.70629e-06
529	2746	2697	142	145	128	19	0.365131	1.0075	3.35717e-06	9.19443e-06
530	2769	2718	140	141	130	12	0.388027	0.94668	3.33576e-06	8.59671e-06
531	2717	2650	150	155	137	20	0.341161	1.0754	3.34749e-06	9.81204e-06
532	2810	2762	153	154	132	30	0.326241	1.12012	3.35601e-06	1.02869e-05
533	2684	2619	149	151	137	17	0.355233	1.03498	3.34873e-06	9.42685e-06
534	2734	2673	164	166	153	16	0.324951	1.12408	3.32114e-06	1.02204e-05
535	2717	2658	161	163	140	26	0.314667	1.15624	3.32994e-06	1.05824e-05
536	2778	2704	117	118	105	17	0.437036	0.82774	3.30577e-06	7.56408e-06
537	2744	2698	140	141	133	8	0.396024	0.92628	3.32034e-06	8.38418e-06
538	2774	2709	149	151	132	22	0.34629	1.06048	3.35642e-06	9.69252e-06
539	2774	2730	146	149	134	18	0.357893	1.02752	3.35242e-06	9.36709e-06
540	2641	2574	123	125	107	23	0.405636	0.9023	3.35786e-06	8.27801e-06
541	2819	2757	139	141	128	17	0.378258	0.97218	3.35226e-06	8.86238e-06
542	2690	2625	160	164	148	16	0.329058	1.11152	3.32597e-06	1.01075e-05
543	2760	2707	142	145	131	15	0.372656	0.9871	3.34716e-06	8.9819e-06
544	2709	2646	120	126	109	23	0.403096	0.90858	3.35959e-06	8.33446e-06
545	2720	2660	156	159	144	17	0.337827	1.08522	3.33721e-06	9.87843e-06
546	2746	2681	147	148	135	14	0.367571	1.00084	3.3442e-06	9.09811e-06
547	2785	2718	140	141	122	21	0.370619	0.99258	3.36334e-06	9.07491e-06
548	2779	2706	152	152	139	17	0.35301	1.04126	3.3477e-06	9.4833e-06
549	2694	2616	158	160	141	26	0.320652	1.1374	3.33897e-06	1.04131e-05
550	2739	2687	152	153	128	32	0.324964	1.12404	3.35907e-06	1.03367e-05
551	2696	2635	164	168	148	25	0.306499	1.18254	3.31372e-06	1.08115e-05
552	2792	2741	165	165	146	23	0.31553	1.1535	3.3244e-06	1.05359e-05
553	2725	2673	138	141	125	16	0.380192	0.96708	3.3492e-06	8.80924e-06
554	2677	2619	107	109	101	10	0.479256	0.73552	3.20341e-06	6.68412e-06
555	2752	2691	141	142	133	9	0.391543	0.93766	3.32567e-06	8.49376e-06
556	2739	2678	146	149	129	24	0.347108	1.05812	3.36205e-06	9.68589e-06
557	2785	2717	131	138	117	26	0.368159	0.99924	3.37647e-06	9.17123e-06
558	2660	2621	149	150	127	27	0.339697	1.0797	3.36359e-06	9.90174e-06
559	2655	2599	128	129	117	13	0.41627	0.87642	3.3187e-06	7.97247e-06
560	2701	2639	119	119	106	17	0.4343	0.83402	3.30959e-06	7.62053e-06
561	2778	2720	143	143	131	13	0.381235	0.96434	3.34066e-06	8.76274e-06
562	2729	2662	143	145	131	15	0.372656	0.9871	3.34716e-06	8.9819e-06
563	2709	2665	104	105	100	5	0.504141	0.6849	3.12197e-06	6.19266e-06
564	2757	2698	166	167	145	27	0.3053	1.18646	3.31597e-06	1.08613e-05
565	2653	2603	142	143	126	18	0.371636	0.98984	3.35528e-06	9.0284e-06
566	2791	2738	126	128	119	11	0.423187	0.85994	3.30499e-06	7.80976e-06
567	2668	2612	151	155	138	19	0.342906	1.0703	3.34638e-06	9.75891e-06
568	2854	2800	135	140	129	11	0.392468	0.9353	3.33093e-06	8.48713e-06
569	2705	2658	135	137	122	17	0.38788	0.94706	3.34996e-06	8.63659e-06
570	2775	2702	148	151	136	17	0.355233	1.03498	3.34873e-06	9.42685e-06
571	2792	2733	134	136	128	9	0.406578	0.89998	3.31567e-06	8.15507e-06
572	2735	2672	137	137	129	9	0.404032	0.90626	3.31772e-06	8.21152e-06
573	2677	2635	113	116	103	18	0.440308	0.82028	3.30421e-06	7.50432e-06
574	2736	2679	133	138	119	22	0.375747	0.97884	3.3662e-06	8.9587e-06
575	2772	2716	147	148	140	9	0.377064	0.97534	3.3304e-06	8.83244e-06
576	2775	2718	149	152	132	25	0.338897	1.08206	3.35791e-06	9.90837e-06
577	2722	2658	156	158	140	22	0.331396	1.10444	3.34301e-06	1.00877e-05
578	2710	2660	120	120	110	12	0.442728	0.8148	3.28119e-06	7.41131e-06
579	2658	2594	144	150	122	35	0.326117	1.1205	3.36774e-06	1.03268e-05
580	2737	2676	139	141	124	22	0.368734	0.99768	3.36582e-06	9.12804e-06
581	2760	2709	149	150	136	16	0.359299	1.0236	3.34769e-06	9.31727e-06
582	2766	2700	127	129	119	11	0.420538	0.86622	3.30804e-06	7.86621e-06
583	2623	2561	146	147	128	26	0.347928	1.05576	3.36768e-06	9.67926e-06
584	2806	2743	139	140	130	10	0.394475	0.9302	3.327e-06	8.434e-06
585	2681	2622	134	136	120	21	0.382441	0.96118	3.36268e-06	8.79267e-06
586	2747	2683	158	159	148	11	0.348325	1.05462	3.32986e-06	9.55963e-06
587	2714	2662	133	137	121	17	0.38788	0.94706	3.34996e-06	8.63659e-06
588	2741	2678	158	160	140	24	0.323939	1.1272	3.33878e-06	1.03068e-05
589	2742	2682	159	163	142	26	0.314667	1.15624	3.32994e-06	1.05824e-05
590	2793	2725	146	151	137	17	0.355233	1.03498	3.34873e-06	9.42685e-06
591	2771	2708	148	149	137	15	0.363411	1.01222	3.34618e-06	9.20769e-06
592	2635	2572	131	134	121	15	0.399309	0.91802	3.33861e-06	8.36098e-06
593	2814	2753	162	167	147	24	0.310007	1.17116	3.31768e-06	1.07019e-05
594	2687	2626	143	144	134	10	0.384689	0.95532	3.33132e-06	8.65979e-06
595	2729	2686	157	158	145	14	0.345197	1.06364	3.3355e-06	9.66259e-06
596	2719	2661	137	141	122	24	0.364992	1.00788	3.37045e-06	9.23431e-06
597	2714	2657	154	156	144	15	0.347782	1.05618	3.33969e-06	9.60282e-06
598	2756	2707	140	142	128	16	0.377811	0.97336	3.34956e-06	8.86569e-06
599	2818	2764	149	152	137	16	0.354815	1.03616	3.34596e-06	9.43017e-06
600	2760	2700	156	162	139	29	0.311842	1.16526	3.33214e-06	1.06854e-05
601	2689	2623	111	113	101	13	0.460271	0.77594	3.2538e-06	7.06931e-06
602	2726	2655	126	132	118	16	0.402299	0.91056	3.33957e-06	8.30121e-06
603	2693	2637	132	135	118	22	0.382893	0.96	3.36538e-06	8.78936e-06
604	2816	2760	166	168	147	26	0.30494	1.18764	3.31307e-06	1.08647e-05
605	2723	2666	154	157	140	20	0.336903	1.08796	3.34374e-06	9.92494e-06
606	2695	2633	124	125	116	9	0.435657	0.8309	3.2823e-06	7.53415e-06
607	2750	2696	178	180	154	33	0.272886	1.2987	3.25116e-06	1.1914e-05
608	2686	2633	144	145	136	12	0.378401	0.9718	3.33845e-06	8.8225e-06
609	2782	2717	140	144	132	15	0.375003	0.98082	3.34708e-06	8.92545e-06
610	2655	2593	127	130	121	10	0.420042	0.8674	3.30553e-06	7.86952e-06
611	2678	2601	142	143	128	17	0.373536	0.98474	3.35259e-06	8.97527e-06
612	2698	2649	133	136	122	15	0.394325	0.93058	3.34146e-06	8.47387e-06
613	2742	2683	134	136	123	15	0.394325	0.93058	3.34146e-06	8.47387e-06
614	2727	2678	134	134	120	16	0.397278	0.92312	3.34274e-06	8.41411e-06
615	2723	2666	144	147	132	18	0.362417	1.01496	3.35388e-06	9.25419e-06
616	2754	2701	146	147	128	20	0.358739	1.02516	3.35796e-06	9.36046e-06
617	2755	2702	155	155	138	21	0.339426	1.0805	3.34849e-06	9.86518e-06
618	2788	2741	139	144	128	18	0.36931	0.99612	3.35512e-06	9.08485e-06
619	2663	2608	116	119	104	16	0.43652	0.82892	3.30332e-06	7.5674e-06
620	2846	2787	158	160	143	18	0.334005	1.0966	3.33604e-06	9.98801e-06
621	2703	2643	142	143	130	15	0.377366	0.97454	3.34686e-06	8.869e-06
622	2678	2633	116	119	104	19	0.429893	0.84422	3.32169e-06	7.7268e-06
623	2731	2676	127	128	120	8	0.429712	0.84464	3.28745e-06	7.65036e-06
624	2748	2695	153	154	136	20	0.34331	1.06912	3.3492e-06	9.75559e-06
625	2695	2632	162	163	144	23	0.319519	1.14094	3.33035e-06	1.0423e-05
626	2740	2687	142	144	131	15	0.375003	0.98082	3.34708e-06	8.92545e-06
627	2768	2721	137	143	126	19	0.369746	0.99494	3.35786e-06	9.08154e-06
628	2742	2693	129	130	121	9	0.42219	0.8623	3.3e-06	7.81639e-06
629	2735	2680	133	135	123	15	0.396809	0.9243	3.34011e-06	8.41742e-06
630	2707	2651	137	140	127	14	0.386509	0.9506	3.34196e-06	8.64653e-06
631	2750	2679	124	128	115	15	0.414642	0.88034	3.32638e-06	8.02229e-06
632	2735	2683	136	141	127	19	0.374419	0.98238	3.35803e-06	8.96864e-06
633	2776	2721	143	145	128	21	0.361425	1.0177	3.36151e-06	9.3007e-06
634	2763	2715	142	144	129	17	0.371198	0.99102	3.35255e-06	9.03172e-06
635	2656	2601	128	136	122	15	0.394325	0.93058	3.34146e-06	8.47387e-06
636	2801	2732	142	143	130	15	0.377366	0.97454	3.34686e-06	8.869e-06
637	2678	2611	125	127	119	8	0.432419	0.83836	3.28375e-06	7.59391e-06
638	2761	2704	145	146	136	10	0.379888	0.96788	3.33263e-06	8.77268e-06
639	2712	2637	141	142	136	7	0.395557	0.92746	3.31773e-06	8.38749e-06
640	2743	2692	147	148	129	26	0.34575	1.06204	3.36612e-06	9.73571e-06
641	2739	2690	159	160	149	12	0.344383	1.066	3.32992e-06	9.66921e-06
642	2743	2696	119	121	110	12	0.439956	0.82108	3.28549e-06	7.46776e-06
643	2768	2720	142	143	129	20	0.367865	1.00004	3.36032e-06	9.13467e-06
644	2629	2574	113	114	108	6	0.474013	0.74652	3.2014e-06	6.75383e-06
645	2809	2753	141	142	129	14	0.381685	0.96316	3.34334e-06	8.75942e-06
646	2684	2627	160	164	143	34	0.300196	1.20332	3.32135e-06	1.10639e-05
647	2794	2739	137	140	127	18	0.378704	0.971	3.35496e-06	8.85906e-06
648	2716	2657	138	144	127	21	0.363702	1.01142	3.36215e-06	9.24425e-06
649	2679	2618	158	163	145	21	0.322794	1.13074	3.33019e-06	1.03168e-05
650	2743	2693	112	114	105	10	0.464441	0.76692	3.23546e-06	6.96636e-06
651	2709	2648	104	104	96	9	0.497072	0.69902	3.15579e-06	6.34875e-06
652	2776	2722	124	128	112	27	0.390027	0.94154	3.37759e-06	8.65989e-06
653	2723	2654	177	180	161	25	0.28425	1.2579	3.26572e-06	1.14889e-05
654	2657	2600	145	145	137	9	0.384235	0.9565	3.32867e-06	8.6631e-06
655	2768	2705	153	154	138	18	0.34683	1.05892	3.34668e-06	9.64933e-06
656	2743	2693	166	169	152	21	0.310858	1.16842	3.31233e-06	1.06554e-05
657	2721	2658	128	129	120	10	0.422688	0.86112	3.3025e-06	7.81307e-06
658	2710	2647	143	146	128	21	0.359163	1.02398	3.36074e-06	9.35715e-06
659	2748	2688	114	117	107	11	0.453455	0.79086	3.25981e-06	7.18883e-06
660	2777	2714	135	137	126	13	0.395874	0.92666	3.33486e-06	8.42405e-06
661	2779	2718	147	148	135	16	0.36384	1.01104	3.34892e-06	9.20438e-06
662	2748	2689	161	162	137	35	0.302444	1.19586	3.32814e-06	1.10042e-05
663	2744	2695	130	133	121	14	0.403879	0.90664	3.33257e-06	8.2514e-06
664	2695	2627	125	130	117	16	0.407384	0.898	3.33579e-06	8.18832e-06
665	2703	2642	149	151	138	14	0.36071	1.01968	3.34287e-06	9.26745e-06
666	2725	2677	120	122	105	18	0.424026	0.85796	3.32564e-06	7.843e-06
667	2736	2680	133	136	124	14	0.396341	0.92548	3.33748e-06	8.42074e-06
668	2752	2691	131	133	118	25	0.381845	0.96274	3.37393e-06	8.83586e-06
669	2744	2692	124	128	114	18	0.408346	0.89564	3.34096e-06	8.18169e-06
670	2784	2728	156	157	143	17	0.342097	1.07266	3.34076e-06	9.76554e-06
671	2659	2603	157	158	146	13	0.346962	1.05854	3.33411e-06	9.60945e-06
672	2839	2789	110	113	102	12	0.462624	0.77084	3.24585e-06	7.01618e-06
673	2700	2628	145	146	132	20	0.360999	1.01888	3.35874e-06	9.30401e-06
674	2771	2698	151	156	135	28	0.325472	1.12248	3.35026e-06	1.02936e-05
675	2729	2661	134	135	124	13	0.400877	0.9141	3.33175e-06	8.31116e-06
676	2761	2696	150	155	132	29	0.325856	1.1213	3.35314e-06	1.02902e-05
677	2756	2701	127	129	123	6	0.4314	0.84072	3.27887e-06	7.60054e-06
678	2626	2573	131	135	121	18	0.390784	0.9396	3.35169e-06	8.57682e-06
679	2698	2647	138	144	129	20	0.365562	1.00632	3.35992e-06	9.19112e-06
680	2818	2751	141	145	131	21	0.361425	1.0177	3.36151e-06	9.3007e-06
681	2748	2696	137	138	129	9	0.401503	0.91254	3.31961e-06	8.26797e-06
682	2705	2648	149	150	131	22	0.348471	1.0542	3.35789e-06	9.63607e-06
683	2751	2674	161	162	143	21	0.324828	1.12446	3.33283e-06	1.02603e-05
684	2733	2662	112	117	97	29	0.413681	0.88266	3.36953e-06	8.14523e-06
685	2795	2731	146	149	136	14	0.365269	1.00712	3.34388e-06	9.15456e-06
686	2761	2705	132	135	126	10	0.407058	0.8988	3.31824e-06	8.15176e-06
687	2679	2608	138	142	124	19	0.372075	0.98866	3.35801e-06	9.02509e-06
688	2797	2736	139	142	129	15	0.379743	0.96826	3.34651e-06	8.81256e-06
689	2674	2620	146	151	137	16	0.35705	1.02988	3.34688e-06	9.37372e-06
690	2745	2677	148	153	140	13	0.358029	1.02714	3.33942e-06	9.32721e-06
691	2709	2651	148	148	136	15	0.365701	1.00594	3.34662e-06	9.15124e-06
692	2627	2568	130	131	123	10	0.417413	0.87368	3.3084e-06	7.92597e-06
693	2737	2684	149	150	135	15	0.361136	1.0185	3.34562e-06	9.26414e-06
694	2728	2672	154	156	136	24	0.332179	1.10208	3.34871e-06	1.0081e-05
695	2765	2698	155	157	139	20	0.336903	1.08796	3.34374e-06	9.92494e-06
696	2711	2637	138	141	126	19	0.374419	0.98238	3.35803e-06	8.96864e-06
697	2805	2755	141	145	134	13	0.376476	0.9769	3.34147e-06	8.87563e-06
698	2680	2620	162	165	142	33	0.299842	1.2045	3.31842e-06	1.10672e-05
699	2819	2748	138	140	129	12	0.390472	0.9404	3.33473e-06	8.54026e-06
700	2714	2649	140	143	125	20	0.367865	1.00004	3.36032e-06	9.13467e-06
701	2697	2626	129	129	120	10	0.422688	0.86112	3.3025e-06	7.81307e-06
702	2741	2690	155	160	143	18	0.334005	1.0966	3.33604e-06	9.98801e-06
703	2745	2679	139	142	127	18	0.373977	0.98356	3.35531e-06	8.97196e-06
704	2770	2705	147	147	137	11	0.375589	0.97926	3.33608e-06	8.88226e-06
705	2736	2688	143	145	121	41	0.326378	1.1197	3.38237e-06	1.03634e-05
706	2680	2628	146	147	138	11	0.375589	0.97926	3.33608e-06	8.88226e-06
707	2685	2628	164	168	144	29	0.30031	1.20294	3.31064e-06	1.10241e-05
708	2723	2658	125	125	114	12	0.429042	0.8462	3.30086e-06	7.69355e-06
709	2718	2659	135	138	130	11	0.397429	0.92274	3.32816e-06	8.37423e-06
710	2724	2678	122	125	112	14	0.424688	0.8564	3.31249e-06	7.79981e-06
711	2745	2690	140	141	127	16	0.380192	0.96708	3.3492e-06	8.80924e-06
712	2781	2716	151	154	138	24	0.336378	1.08952	3.35306e-06	9.96813e-06
713	2776	2707	146	148	134	17	0.36199	1.01614	3.35112e-06	9.25751e-06
714	2762	2688	148	151	134	23	0.344528	1.06558	3.35765e-06	9.74565e-06
715	2711	2644	149	151	136	19	0.351629	1.04518	3.35212e-06	9.53312e-06
716	2692	2624	143	146	127	26	0.35012	1.04948	3.36914e-06	9.62281e-06
717	2798	2725	171	172	155	20	0.306616	1.18216	3.30276e-06	1.07717e-05
718	2722	2665	126	128	119	9	0.427526	0.84974	3.29344e-06	7.70349e-06
719	2723	2675	161	164	147	21	0.320774	1.13702	3.32745e-06	1.03732e-05
720	2749	2694	149	152	132	26	0.337173	1.08716	3.35875e-06	9.9615e-06
721	2667	2616	132	133	117	18	0.395723	0.92704	3.34937e-06	8.46393e-06
722	2781	2729	135	136	123	14	0.396341	0.92548	3.33748e-06	8.42074e-06
723	2654	2585	123	126	115	12	0.426356	0.85248	3.30426e-06	7.75e-06
724	2833	2786	152	152	133	26	0.337173	1.08716	3.35875e-06	9.9615e-06
725	2697	2645	120	120	108	12	0.442728	0.8148	3.28119e-06	7.41131e-06
726	2746	2689	143	144	129	16	0.373096	0.98592	3.34987e-06	8.97859e-06
727	2727	2668	157	161	139	25	0.320273	1.13858	3.33609e-06	1.04164e-05
728	2777	2715	154	155	139	23	0.335981	1.0907	3.35022e-06	9.97144e-06
729	2754	2693	137	139	127	12	0.392931	0.93412	3.33356e-06	8.48381e-06
730	2658	2606	132	134	117	20	0.389255	0.94352	3.35797e-06	8.62664e-06
731	2787	2725	121	121	112	10	0.444467	0.81088	3.27194e-06	7.36149e-06
732	2855	2807	135	139	122	21	0.375304	0.98002	3.36348e-06	8.96201e-06
733	2762	2680	167	169	145	31	0.295401	1.21942	3.30459e-06	1.11868e-05
734	2711	2646	142	145	128	23	0.357757	1.0279	3.36541e-06	9.40697e-06
735	2670	2613	157	162	140	28	0.313436	1.16016	3.33253e-06	1.06322e-05
736	2731	2676	127	130	118	14	0.41156	0.8878	3.32625e-06	8.08205e-06
737	2747	2699	115	120	107	15	0.436006	0.8301	3.30087e-06	7.57071e-06
738	2758	2706	160	165	146	22	0.317144	1.1484	3.32455e-06	1.04828e-05
739	2697	2634	150	151	140	12	0.364408	1.00948	3.33841e-06	9.16119e-06
740	2793	2738	134	139	120	23	0.371495	0.99022	3.36882e-06	9.06828e-06
741	2670	2615	129	131	113	25	0.386671	0.95018	3.37292e-06	8.72297e-06
742	2796	2730	134	139	127	13	0.390933	0.93922	3.33737e-06	8.53695e-06
743	2707	2658	119	119	106	16	0.43652	0.82892	3.30332e-06	7.5674e-06
744	2680	2620	125	126	115	12	0.426356	0.85248	3.30426e-06	7.75e-06
745	2735	2666	129	133	118	20	0.391707	0.93724	3.35701e-06	8.57019e-06
746	2919	2848	164	165	151	15	0.32867	1.1127	3.32314e-06	1.01109e-05
747	2763	2694	112	114	109	5	0.476437	0.74142	3.19246e-06	6.70069e-06
748	2747	2686	123	123	111	14	0.430056	0.84384	3.30581e-06	7.68692e-06
749	2800	2742	153	156	138	25	0.33049	1.10718	3.34923e-06	1.01342e-05
750	2677	2621	149	152	127	29	0.332053	1.10246	3.36068e-06	1.01209e-05
751	2742	2686	145	148	130	21	0.35468	1.03654	3.35883e-06	9.47004e-06
752	2711	2649	137	139	123	18	0.38109	0.96472	3.35459e-06	8.80261e-06
753	2711	2667	140	142	133	9	0.391543	0.93766	3.32567e-06	8.49376e-06
754	2739	2691	131	132	120	12	0.41059	0.89016	3.32113e-06	8.08868e-06
755	2663	2610	147	149	138	17	0.359723	1.02242	3.35045e-06	9.31396e-06
756	2768	2707	148	149	131	22	0.350666	1.04792	3.35925e-06	9.57962e-06
757	2627	2571	114	120	106	15	0.436006	0.8301	3.30087e-06	7.57071e-06
758	2808	2743	157	162	147	20	0.326489	1.11936	3.33253e-06	1.02072e-05
759	2776	2717	155	157	138	20	0.336903	1.08796	3.34374e-06	9.92494e-06
760	2840	2781	131	133	111	32	0.368454	0.99844	3.39265e-06	9.20779e-06
761	2796	2733	148	149	136	15	0.363411	1.01222	3.34618e-06	9.20769e-06
762	2737	2681	152	155	140	17	0.346421	1.0601	3.34388e-06	9.65264e-06
763	2743	2676	151	152	134	21	0.345881	1.06166	3.35361e-06	9.69583e-06
764	2703	2645	120	122	112	11	0.439437	0.82226	3.28307e-06	7.47107e-06
765	2773	2708	135	141	119	26	0.361288	1.01808	3.37464e-06	9.34057e-06
766	2778	2722	145	148	130	23	0.35108	1.04674	3.36205e-06	9.57631e-06
767	2724	2668	119	120	113	7	0.454163	0.7893	3.24528e-06	7.14564e-06
768	2689	2637	136	137	123	14	0.39386	0.93176	3.33882e-06	8.47719e-06
769	2796	2737	147	148	125	26	0.34575	1.06204	3.36612e-06	9.73571e-06
770	2720	2659	153	159	139	23	0.327646	1.11582	3.34109e-06	1.01972e-05
771	2763	2689	152	155	128	45	0.300322	1.2029	3.3457e-06	1.11404e-05
772	2747	2691	144	144	132	12	0.380785	0.96552	3.33798e-06	8.76605e-06
773	2629	2575	124	129	110	22	0.397596	0.92232	3.35995e-06	8.45067e-06
774	2778	2721	126	126	118	8	0.435143	0.83208	3.27988e-06	7.53746e-06
775	2649	2589	144	146	131	20	0.360999	1.01888	3.35874e-06	9.30401e-06
776	2826	2768	159	163	143	33	0.303632	1.19194	3.32609e-06	1.09544e-05
777	2694	2628	144	145	132	15	0.372656	0.9871	3.34716e-06	8.9819e-06
778	2697	2649	139	143	122	33	0.344266	1.06634	3.38255e-06	9.8254e-06
779	2724	2659	143	145	130	15	0.372656	0.9871	3.34716e-06	8.9819e-06
780	2796	2740	144	146	128	20	0.360999	1.01888	3.35874e-06	9.30401e-06
781	2751	2702	135	138	127	13	0.393395	0.93294	3.33619e-06	8.4805e-06
782	2681	2632	116	118	110	8	0.457563	0.78184	3.24224e-06	7.08588e-06
783	2784	2718	125	127	113	17	0.41302	0.88426	3.33394e-06	8.07211e-06
784	2658	2586	136	136	124	14	0.396341	0.92548	3.33748e-06	8.42074e-06
785	2838	2779	145	146	134	13	0.37412	0.98318	3.34167e-06	8.93208e-06
786	2725	2647	159	160	138	27	0.31902	1.1425	3.33894e-06	1.04662e-05
787	2764	2704	139	141	129	13	0.386053	0.95178	3.3393e-06	8.64984e-06
788	2749	2690	129	130	121	10	0.420042	0.8674	3.30553e-06	7.86952e-06
789	2658	2602	129	132	117	18	0.398216	0.92076	3.348e-06	8.40748e-06
790	2756	2691	125	125	117	9	0.435657	0.8309	3.2823e-06	7.53415e-06
791	2712	2653	112	114	106	9	0.466816	0.76182	3.2272e-06	6.91323e-06
792	2790	2729	153	155	145	12	0.355368	1.0346	3.33584e-06	9.38698e-06
793	2728	2659	123	124	114	11	0.433953	0.83482	3.29108e-06	7.58397e-06
794	2821	2770	139	144	124	23	0.360011	1.02162	3.36629e-06	9.35052e-06
795	2704	2635	170	173	152	29	0.291027	1.23434	3.29044e-06	1.13063e-05
796	2698	2624	151	158	136	34	0.311723	1.16564	3.34331e-06	1.07252e-05
797	2732	2683	144	146	132	16	0.368439	0.99848	3.34966e-06	9.09148e-06
798	2617	2561	141	141	123	26	0.361288	1.01808	3.37464e-06	9.34057e-06
799	2760	2704	147	150	138	12	0.366704	1.0032	3.33874e-06	9.10474e-06
800	2737	2679	132	132	121	12	0.41059	0.89016	3.32113e-06	8.08868e-06
801	2796	2733	145	148	127	26	0.34575	1.06204	3.36612e-06	9.73571e-06
802	2673	2611	132	135	123	13	0.400877	0.9141	3.33175e-06	8.31116e-06
803	2792	2732	153	157	139	23	0.331788	1.10326	3.34586e-06	1.00843e-05
804	2709	2641	144	145	129	19	0.365131	1.0075	3.35717e-06	9.19443e-06
805	2725	2657	137	138	126	12	0.395407	0.92784	3.33224e-06	8.42737e-06
806	2737	2672	137	141	122	28	0.357622	1.02828	3.37839e-06	9.44684e-06
807	2723	2669	120	121	113	11	0.442206	0.81598	3.27879e-06	7.41462e-06
808	2765	2705	137	137	129	8	0.406098	0.90116	3.31311e-06	8.15839e-06
809	2620	2557	170	175	145	45	0.264874	1.3285	3.24983e-06	1.22693e-05
810	2804	2745	146	147	130	18	0.362417	1.01496	3.35388e-06	9.25419e-06
811	2680	2626	127	129	122	7	0.429205	0.84582	3.285e-06	7.65367e-06
812	2885	2838	135	136	126	11	0.402452	0.91018	3.32479e-06	8.26134e-06
813	2822	2768	153	154	143	12	0.357607	1.02832	3.33666e-06	9.33053e-06
814	2750	2690	149	150	135	19	0.353844	1.0389	3.35326e-06	9.47667e-06
815	2741	2681	142	145	135	10	0.382281	0.9616	3.33205e-06	8.71623e-06
816	2797	2743	146	147	123	29	0.342645	1.07106	3.37117e-06	9.83866e-06
817	2770	2716	129	133	121	14	0.403879	0.90664	3.33257e-06	8.2514e-06
818	2698	2634	124	127	113	16	0.415131	0.87916	3.32893e-06	8.01898e-06
819	2737	2665	171	177	150	32	0.279498	1.27476	3.26775e-06	1.16915e-05
820	2686	2626	142	145	122	25	0.354127	1.0381	3.36889e-06	9.51323e-06
821	2718	2654	148	150	137	13	0.364839	1.0083	3.34115e-06	9.15787e-06
822	2718	2649	103	104	102	2	0.515138	0.66332	3.07889e-06	5.97682e-06
823	2778	2716	145	149	129	24	0.347108	1.05812	3.36205e-06	9.68589e-06
824	2745	2684	147	148	127	29	0.3405	1.07734	3.36928e-06	9.89511e-06
825	2661	2596	125	129	118	14	0.414153	0.88152	3.32383e-06	8.02561e-06
826	2775	2722	141	143	131	14	0.379295	0.96944	3.34382e-06	8.81587e-06
827	2643	2585	132	134	115	24	0.381395	0.96392	3.37122e-06	8.83918e-06
828	2821	2765	148	150	127	28	0.337969	1.0848	3.36444e-06	9.95487e-06
829	2691	2643	134	136	128	8	0.408657	0.89488	3.31091e-06	8.10194e-06
830	2727	2670	129	131	114	21	0.394641	0.92978	3.35856e-06	8.51043e-06
831	2722	2649	131	134	123	13	0.403403	0.90782	3.32997e-06	8.25471e-06
832	2814	2751	162	166	137	39	0.288985	1.24138	3.30671e-06	1.14425e-05
833	2749	2701	145	150	134	18	0.355653	1.0338	3.35151e-06	9.42354e-06
834	2698	2634	132	132	121	11	0.412689	0.88506	3.31619e-06	8.03555e-06
835	2780	2716	126	129	110	22	0.397596	0.92232	3.35995e-06	8.45067e-06
836	2653	2580	140	143	130	14	0.379295	0.96944	3.34382e-06	8.81587e-06
837	2831	2772	147	149	126	27	0.341837	1.07342	3.36549e-06	9.84529e-06
838	2697	2638	153	157	136	24	0.3301	1.10836	3.34638e-06	1.01375e-05
839	2751	2704	134	135	124	13	0.400877	0.9141	3.33175e-06	8.31116e-06
840	2651	2594	146	151	137	15	0.358875	1.02478	3.34493e-06	9.32059e-06
841	2664	2602	123	126	110	18	0.413507	0.88308	3.33651e-06	8.0688e-06
842	2753	2694	120	122	107	17	0.426194	0.85286	3.32e-06	7.78987e-06
843	2744	2675	148	152	134	21	0.345881	1.06166	3.35361e-06	9.69583e-06
844	2786	2726	181	185	167	20	0.282578	1.2638	3.25119e-06	1.15055e-05
845	2751	2678	172	175	152	32	0.283031	1.2622	3.2771e-06	1.15786e-05
846	2751	2690	139	141	125	21	0.370619	0.99258	3.36334e-06	9.07491e-06
847	2702	2647	114	116	109	8	0.463347	0.76928	3.23091e-06	6.97299e-06
848	2713	2652	154	156	145	13	0.351347	1.04598	3.33659e-06	9.49656e-06
849	2730	2670	165	166	145	24	0.31196	1.16488	3.32097e-06	1.06455e-05
850	2741	2687	146	149	134	19	0.356073	1.03262	3.35429e-06	9.42022e-06
851	2758	2679	164	168	152	17	0.319263	1.14174	3.31601e-06	1.03865e-05
852	2750	2702	123	125	116	10	0.433441	0.836	3.28864e-06	7.58728e-06
853	2793	2717	140	143	128	17	0.373536	0.98474	3.35259e-06	8.97527e-06
854	2669	2614	153	157	134	27	0.325088	1.12366	3.34739e-06	1.02969e-05
855	2655	2606	149	156	138	20	0.339025	1.08168	3.34567e-06	9.86849e-06
856	2706	2650	142	144	127	23	0.360011	1.02162	3.36629e-06	9.35052e-06
857	2738	2685	150	151	137	16	0.35705	1.02988	3.34688e-06	9.37372e-06
858	2734	2674	152	155	133	27	0.329197	1.1111	3.35253e-06	1.0184e-05
859	2753	2689	136	138	126	14	0.391394	0.93804	3.34001e-06	8.53363e-06
860	2762	2698	137	138	123	18	0.383491	0.95844	3.35407e-06	8.74617e-06
861	2612	2540	152	154	131	27	0.331271	1.10482	3.35495e-06	1.01275e-05
862	2799	2753	123	125	109	19	0.413996	0.8819	3.33907e-06	8.06548e-06
863	2676	2603	142	147	128	23	0.353292	1.04046	3.36329e-06	9.51986e-06
864	2874	2822	118	121	110	13	0.437718	0.82618	3.29203e-06	7.52089e-06
865	2711	2653	117	123	100	31	0.394341	0.93054	3.38746e-06	8.59018e-06
866	2764	2704	139	142	128	15	0.379743	0.96826	3.34651e-06	8.81256e-06
867	2713	2657	150	151	133	19	0.351629	1.04518	3.35212e-06	9.53312e-06
868	2752	2689	161	164	149	16	0.329058	1.11152	3.32597e-06	1.01075e-05
869	2643	2588	115	115	106	9	0.463894	0.7681	3.23319e-06	6.96967e-06
870	2699	2631	154	157	141	21	0.335189	1.09306	3.34454e-06	9.97807e-06
871	2750	2681	113	115	106	13	0.454526	0.7885	3.2645e-06	7.18221e-06
872	2682	2632	157	159	134	33	0.311355	1.16682	3.3404e-06	1.07286e-05
873	2825	2772	147	154	130	32	0.32293	1.13032	3.35627e-06	1.03932e-05
874	2715	2659	123	124	115	11	0.433953	0.83482	3.29108e-06	7.58397e-06
875	2798	2742	165	168	146	23	0.309642	1.17234	3.31479e-06	1.07053e-05
876	2742	2689	132	134	114	35	0.360588	1.02002	3.39805e-06	9.42364e-06
877	2683	2629	132	134	120	18	0.393246	0.93332	3.3506e-06	8.52038e-06
878	2772	2705	138	142	122	26	0.359026	1.02436	3.37378e-06	9.39702e-06
879	2767	2707	147	152	139	15	0.356629	1.03106	3.34412e-06	9.37703e-06
880	2816	2753	154	157	138	26	0.32675	1.11856	3.34714e-06	1.02437e-05
881	2688	2622	134	136	121	21	0.382441	0.96118	3.36268e-06	8.79267e-06
882	2767	2696	142	144	126	21	0.363702	1.01142	3.36215e-06	9.24425e-06
883	2720	2668	137	140	124	19	0.376778	0.9761	3.35792e-06	8.91219e-06
884	2693	2637	156	157	142	15	0.345605	1.06246	3.33829e-06	9.65927e-06
885	2747	2693	137	142	128	15	0.379743	0.96826	3.34651e-06	8.81256e-06
886	2713	2653	133	135	127	8	0.411231	0.8886	3.30856e-06	8.04549e-06
887	2777	2729	149	152	139	14	0.358452	1.02596	3.34217e-06	9.3239e-06
888	2648	2597	137	139	120	28	0.362142	1.01572	3.38021e-06	9.33395e-06
889	2825	2755	146	147	132	16	0.366132	1.00476	3.34935e-06	9.14793e-06
890	2694	2632	117	119	110	9	0.452386	0.79322	3.25513e-06	7.19546e-06
891	2699	2625	131	131	122	9	0.419547	0.86858	3.30302e-06	7.87283e-06
892	2724	2672	160	162	138	27	0.315039	1.15506	3.33283e-06	1.05791e-05
893	2761	2693	179	183	162	25	0.278945	1.27674	3.25201e-06	1.16582e-05
894	2798	2737	142	144	131	16	0.373096	0.98592	3.34987e-06	8.97859e-06
895	2738	2667	137	139	127	13	0.390933	0.93922	3.33737e-06	8.53695e-06
896	2683	2617	151	154	137	25	0.334667	1.09462	3.35378e-06	1.00213e-05
897	2671	2607	128	128	118	12	0.421035	0.86504	3.31055e-06	7.86289e-06
898	2723	2661	142	146	135	12	0.376032	0.97808	3.33877e-06	8.87895e-06
899	2699	2645	150	151	132	20	0.34984	1.05028	3.35365e-06	9.58625e-06
900	2726	2671	145	148	129	22	0.352875	1.04164	3.3605e-06	9.52318e-06
901	2728	2677	139	142	122	25	0.360862	1.01926	3.37185e-06	9.34389e-06
902	2754	2701	144	146	130	20	0.360999	1.01888	3.35874e-06	9.30401e-06
903	2755	2687	144	148	132	17	0.36199	1.01614	3.35112e-06	9.25751e-06
904	2764	2706	165	172	149	27	0.295863	1.21786	3.29697e-06	1.11436e-05
905	2789	2717	155	159	135	30	0.316156	1.15152	3.3415e-06	1.05692e-05
906	2665	2612	143	146	130	24	0.353709	1.03928	3.36609e-06	9.51655e-06
907	2754	2695	143	144	128	20	0.365562	1.00632	3.35992e-06	9.19112e-06
908	2704	2647	119	123	111	21	0.414974	0.87954	3.34421e-06	8.05885e-06
909	2751	2697	148	151	136	17	0.355233	1.03498	3.34873e-06	9.42685e-06
910	2732	2676	153	154	138	20	0.34331	1.06912	3.3492e-06	9.75559e-06
911	2804	2736	149	157	136	28	0.323434	1.12876	3.34754e-06	1.035e-05
912	2760	2698	145	151	135	17	0.355233	1.03498	3.34873e-06	9.42685e-06
913	2754	2693	153	157	138	41	0.302686	1.19506	3.34187e-06	1.10407e-05
914	2796	2723	146	149	125	36	0.326502	1.11932	3.37064e-06	1.03235e-05
915	2672	2605	111	113	99	17	0.450977	0.79634	3.28394e-06	7.28184e-06
916	2864	2794	150	154	128	42	0.306873	1.18132	3.35245e-06	1.09245e-05
917	2708	2658	122	125	108	20	0.41189	0.887	3.34397e-06	8.11861e-06
918	2780	2720	148	148	135	15	0.365701	1.00594	3.34662e-06	9.15124e-06
919	2736	2679	133	133	122	12	0.40802	0.89644	3.32337e-06	8.14513e-06
920	2663	2611	165	168	146	26	0.30494	1.18764	3.31307e-06	1.08647e-05
921	2751	2686	156	158	142	16	0.341694	1.07384	3.33796e-06	9.76885e-06
922	2863	2806	141	144	129	18	0.36931	0.99612	3.35512e-06	9.08485e-06
923	2765	2702	148	150	134	20	0.352044	1.044	3.35491e-06	9.5298e-06
924	2714	2662	129	132	115	20	0.394175	0.93096	3.35591e-06	8.51375e-06
925	2755	2698	147	147	137	13	0.371777	0.98946	3.34173e-06	8.98853e-06
926	2713	2656	162	163	143	23	0.319519	1.14094	3.33035e-06	1.0423e-05
927	2715	2661	155	159	139	22	0.329322	1.11072	3.34067e-06	1.01441e-05
928	2740	2690	154	156	140	19	0.340759	1.07658	3.34467e-06	9.81536e-06
929	2700	2646	147	150	129	25	0.34318	1.0695	3.36161e-06	9.79547e-06
930	2769	2699	155	156	143	13	0.351347	1.04598	3.33659e-06	9.49656e-06
931	2667	2611	140	146	121	34	0.336122	1.09028	3.37732e-06	1.00479e-05
932	2811	2740	149	152	135	19	0.349427	1.05146	3.35086e-06	9.58957e-06
933	2685	2624	138	140	127	15	0.384543	0.9557	3.34539e-06	8.69966e-06
934	2712	2656	139	140	122	23	0.369169	0.9965	3.36857e-06	9.12473e-06
935	2717	2669	155	160	140	25	0.322291	1.1323	3.33892e-06	1.03599e-05
936	2785	2734	132	136	122	15	0.394325	0.93058	3.34146e-06	8.47387e-06
937	2744	2695	123	125	112	16	0.420378	0.8666	3.32355e-06	7.90608e-06
938	2726	2663	131	134	122	13	0.403403	0.90782	3.32997e-06	8.25471e-06
939	2774	2724	146	147	136	11	0.375589	0.97926	3.33608e-06	8.88226e-06
940	2642	2584	145	146	133	15	0.370323	0.99338	3.34711e-06	9.03835e-06
941	2820	2771	139	141	127	14	0.384089	0.95688	3.34272e-06	8.70298e-06
942	2691	2627	167	167	151	19	0.318014	1.14566	3.31888e-06	1.04363e-05
943	2714	2647	147	149	135	15	0.363411	1.01222	3.34618e-06	9.20769e-06
944	2721	2672	129	134	117	21	0.387275	0.94862	3.36146e-06	8.67978e-06
945	2748	2687	153	153	143	12	0.35986	1.02204	3.33737e-06	9.27408e-06
946	2748	2698	127	129	117	14	0.414153	0.88152	3.32383e-06	8.02561e-06
947	2751	2687	117	119	106	17	0.4343	0.83402	3.30959e-06	7.62053e-06
948	2700	2637	134	138	112	30	0.360725	1.01964	3.38496e-06	9.38376e-06
949	2741	2670	125	125	118	7	0.440123	0.8207	3.26919e-06	7.42788e-06
950	2778	2711	158	158	146	13	0.346962	1.05854	3.33411e-06	9.60945e-06
951	2696	2644	150	155	130	34	0.317652	1.1468	3.3531e-06	1.05559e-05
952	2739	2685	135	141	119	31	0.352192	1.04358	3.38324e-06	9.60624e-06
953	2726	2663	139	140	125	16	0.382587	0.9608	3.3487e-06	8.7528e-06
954	2686	2632	148	151	134	25	0.341032	1.07578	3.35982e-06	9.85192e-06
955	2753	2677	148	151	132	23	0.344528	1.06558	3.35765e-06	9.74565e-06
956	2780	2730	136	139	127	12	0.392931	0.93412	3.33356e-06	8.48381e-06
957	2785	2731	145	149	128	27	0.341837	1.07342	3.36549e-06	9.84529e-06
958	2660	2601	132	135	116	30	0.367585	1.0008	3.38709e-06	9.21442e-06
959	2756	2704	158	161	143	20	0.328545	1.11308	3.33498e-06	1.01507e-05
960	2701	2643	132	134	122	17	0.395257	0.92822	3.34673e-06	8.46724e-06
961	2648	2587	115	117	105	14	0.44657	0.80616	3.2815e-06	7.34823e-06
962	2730	2660	135	139	120	20	0.377223	0.97492	3.36063e-06	8.90888e-06
963	2617	2559	145	149	129	22	0.350666	1.04792	3.35925e-06	9.57962e-06
964	2757	2698	135	136	126	10	0.40451	0.90508	3.3203e-06	8.20821e-06
965	2663	2605	130	132	120	12	0.41059	0.89016	3.32113e-06	8.08868e-06
966	2792	2733	132	132	125	8	0.419052	0.86976	3.30052e-06	7.87615e-06
967	2668	2610	134	138	129	10	0.399461	0.91764	3.32395e-06	8.3211e-06
968	2855	2801	132	136	123	17	0.390323	0.94078	3.34903e-06	8.58014e-06
969	2706	2648	136	139	125	18	0.38109	0.96472	3.35459e-06	8.80261e-06
970	2800	2735	149	152	138	18	0.351214	1.04636	3.34933e-06	9.53643e-06
971	2734	2679	155	157	150	8	0.358166	1.02676	3.3264e-06	9.28734e-06
972	2684	2629	135	142	122	32	0.348206	1.05496	3.38311e-06	9.71582e-06
973	2762	2709	179	181	163	19	0.291248	1.23358	3.26971e-06	1.12265e-05
974	2719	2665	140	140	129	14	0.386509	0.9506	3.34196e-06	8.64653e-06
975	2781	2722	127	132	115	25	0.384251	0.95646	3.3735e-06	8.77941e-06
976	2727	2660	123	125	115	11	0.431236	0.8411	3.29482e-06	7.64042e-06
977	2731	2672	133	137	120	18	0.385907	0.95216	3.35342e-06	8.68972e-06
978	2710	2654	138	143	126	18	0.371636	0.98984	3.35528e-06	9.0284e-06
979	2818	2759	143	147	130	19	0.360573	1.02006	3.35597e-06	9.30733e-06
980	2738	2677	161	164	149	19	0.324062	1.12682	3.32713e-06	1.02669e-05
981	2714	2654	153	156	143	14	0.34956	1.05108	3.33819e-06	9.54969e-06
982	2766	2718	126	128	121	7	0.431909	0.83954	3.28131e-06	7.59723e-06
983	2692	2641	136	138	128	14	0.391394	0.93804	3.34001e-06	8.53363e-06
984	2806	2743	134	137	123	16	0.389863	0.94196	3.34637e-06	8.58345e-06
985	2682	2626	146	150	135	17	0.357471	1.0287	3.34965e-06	9.3704e-06
986	2700	2641	133	134	117	20	0.389255	0.94352	3.35797e-06	8.62664e-06
987	2715	2648	160	162	142	21	0.324828	1.12446	3.33283e-06	1.02603e-05
988	2683	2618	148	152	135	19	0.349427	1.05146	3.35086e-06	9.58957e-06
989	2742	2672	120	120	108	13	0.440476	0.8199	3.28791e-06	7.46444e-06
990	2689	2628	128	129	122	7	0.429205	0.84582	3.285e-06	7.65367e-06
991	2771	2714	133	136	122	17	0.390323	0.94078	3.34903e-06	8.58014e-06
992	2636	2575	129	129	123	6	0.4314	0.84072	3.27887e-06	7.60054e-06
993	2815	2748	119	120	110	10	0.447267	0.8046	3.2673e-06	7.30504e-06
994	2687	2643	130	131	120	13	0.411075	0.88898	3.32369e-06	8.08537e-06
995	2727	2674	140	143	130	17	0.373536	0.98474	3.35259e-06	8.97527e-06
996	2719	2649	143	146	131	18	0.3647	1.00868	3.35442e-06	9.19775e-06
997	2686	2627	154	155	134	27	0.329197	1.1111	3.35253e-06	1.0184e-05
998	2746	2687	152	155	136	21	0.339426	1.0805	3.34849e-06	9.86518e-06
999	2765	2713	110	113	101	14	0.45793	0.78104	3.26158e-06	7.12244e-06
1000	2777	2723	154	155	145	14	0.351762	1.0448	3.33936e-06	9.49324e-06