Hist	Tr_Tot	Tr_in	DSBs	DSBt	RIFs	NComb	PSurv	lPSurv	PMut*	PMut
1	0	0	0	0	0	0	1	-0	0	0
2	1	1	7	7	7	0	0.956992	0.04396	3.78139e-07	3.95133e-07
3	0	0	0	0	0	0	1	-0	0	0
4	1	1	10	17	7	46	0.710803	0.34136	2.41939e-06	3.40374e-06
5	1	1	5	5	5	0	0.969088	0.0314	2.73513e-07	2.82238e-07
6	0	0	0	0	0	0	1	-0	0	0
7	4	4	52	59	34	83	0.452114	0.79382	3.49958e-06	7.74046e-06
8	0	0	0	0	0	0	1	-0	0	0
9	2	2	15	15	12	3	0.896282	0.1095	9.01762e-07	1.00611e-06
10	0	0	0	0	0	0	1	-0	0	0
11	2	2	80	99	31	356	0.0873948	2.43732	2.1415e-06	2.45037e-05
12	1	1	25	28	14	69	0.589937	0.52774	3.09523e-06	5.24672e-06
13	3	3	33	40	26	34	0.654031	0.4246	2.65827e-06	4.06443e-06
14	1	1	11	11	7	7	0.900523	0.10478	8.94089e-07	9.92856e-07
15	0	0	0	0	0	0	1	-0	0	0
16	2	2	14	15	11	5	0.887187	0.1197	9.86889e-07	1.11238e-06
17	0	0	0	0	0	0	1	-0	0	0
18	2	2	110	181	34	1814	3.07974e-05	10.3881	3.28302e-09	0.000106601
19	0	0	0	0	0	0	1	-0	0	0
20	2	2	49	60	21	635	0.0269089	3.6153	9.9903e-07	3.71264e-05
21	1	1	49	66	22	224	0.210793	1.55688	3.29414e-06	1.56274e-05
22	2	2	79	121	15	1767	5.70501e-05	9.77158	5.74589e-09	0.000100717
23	1	1	95	138	23	1895	2.66922e-05	10.5311	2.89549e-09	0.000108477
24	0	0	0	0	0	0	1	-0	0	0
25	1	1	11	12	10	3	0.913328	0.09066	7.64246e-07	8.36771e-07
26	0	0	0	0	0	0	1	-0	0	0
27	1	1	14	16	7	18	0.825076	0.19228	1.53428e-06	1.85956e-06
28	0	0	0	0	0	0	1	-0	0	0
29	1	1	2	2	2	0	0.987519	0.01256	1.11486e-07	1.12895e-07
30	1	1	6	6	5	1	0.958122	0.04278	3.7541e-07	3.91819e-07
31	1	1	51	69	20	362	0.102333	2.27952	2.36688e-06	2.31291e-05
32	1	1	21	25	9	76	0.580074	0.5446	3.161e-06	5.44931e-06
33	0	0	0	0	0	0	1	-0	0	0
34	2	2	102	156	31	1613	0.000100437	9.20598	9.49227e-09	9.45097e-05
35	0	0	0	0	0	0	1	-0	0	0
36	6	6	126	175	54	1510	0.000150733	8.8	1.35825e-08	9.01095e-05
37	0	0	0	0	0	0	1	-0	0	0
38	2	2	72	105	22	889	0.00555365	5.1933	2.95245e-07	5.31624e-05
39	1	1	7	7	6	1	0.952124	0.04906	4.26805e-07	4.48266e-07
40	4	4	76	110	43	410	0.0619269	2.7818	1.73357e-06	2.79938e-05
41	2	2	57	81	18	407	0.0754428	2.58438	1.97641e-06	2.61975e-05
42	0	0	0	0	0	0	1	-0	0	0
43	2	2	49	55	22	181	0.281253	1.2685	3.57803e-06	1.27217e-05
44	0	0	0	0	0	0	1	-0	0	0
45	3	3	14	14	13	1	0.911175	0.09302	7.68485e-07	8.434e-07
46	0	0	0	0	0	0	1	-0	0	0
47	2	2	133	180	42	1493	0.000159303	8.7447	1.42558e-08	8.94884e-05
48	1	1	79	105	27	1167	0.00134535	6.6111	9.13944e-08	6.79334e-05
49	2	2	28	32	17	49	0.63708	0.45086	2.80943e-06	4.40985e-06
50	1	1	15	19	12	11	0.839105	0.17542	1.39037e-06	1.65697e-06
51	0	0	0	0	0	0	1	-0	0	0
52	1	1	34	60	18	200	0.247387	1.3968	3.46676e-06	1.40135e-05
53	0	0	0	0	0	0	1	-0	0	0
54	1	1	56	76	22	435	0.0674897	2.69578	1.84942e-06	2.7403e-05
55	0	0	0	0	0	0	1	-0	0	0
56	1	1	69	111	21	1124	0.00161329	6.42948	1.06457e-07	6.59874e-05
57	1	1	3	3	3	0	0.981336	0.01884	1.66182e-07	1.69343e-07
58	1	1	9	9	9	0	0.945048	0.05652	4.80111e-07	5.08028e-07
59	1	1	8	9	6	3	0.930698	0.07182	6.21174e-07	6.67428e-07
60	0	0	0	0	0	0	1	-0	0	0
61	3	3	50	64	30	173	0.276866	1.28422	3.54519e-06	1.28047e-05
62	0	0	0	0	0	0	1	-0	0	0
63	2	2	96	126	25	2163	7.337e-06	11.8226	8.95404e-10	0.00012204
64	1	1	36	55	11	446	0.0728029	2.62	1.95126e-06	2.6802e-05
65	4	4	206	317	67	2502	3.92409e-07	14.751	5.91884e-11	0.000150833
66	2	2	57	82	22	833	0.00853773	4.76326	4.17398e-07	4.88887e-05
67	0	0	0	0	0	0	1	-0	0	0
68	2	2	44	54	20	123	0.380443	0.96642	3.64599e-06	9.58355e-06
69	0	0	0	0	0	0	1	-0	0	0
70	2	2	56	79	24	569	0.0334394	3.39802	1.16009e-06	3.46922e-05
71	0	0	0	0	0	0	1	-0	0	0
72	2	2	6	6	6	0	0.963021	0.03768	3.26161e-07	3.38686e-07
73	1	1	57	87	17	633	0.0229449	3.77466	8.84394e-07	3.85443e-05
74	3	3	16	16	13	4	0.88614	0.12088	9.88662e-07	1.11569e-06
75	1	1	27	34	16	124	0.429162	0.84592	3.6512e-06	8.50774e-06
76	0	0	0	0	0	0	1	-0	0	0
77	1	1	152	239	32	3650	1.83555e-09	20.1159	3.80744e-13	0.000207427
78	0	0	0	0	0	0	1	-0	0	0
79	1	1	24	41	8	529	0.0520589	2.95538	1.58373e-06	3.04218e-05
80	0	0	0	0	0	0	1	-0	0	0
81	1	1	41	57	21	227	0.219663	1.51566	3.35618e-06	1.52787e-05
82	1	1	4	4	4	0	0.975193	0.02512	2.20189e-07	2.2579e-07
83	1	1	64	106	23	823	0.00772742	4.86298	3.84146e-07	4.97121e-05
84	1	1	9	9	7	2	0.935457	0.06672	5.74646e-07	6.14295e-07
85	0	0	0	0	0	0	1	-0	0	0
86	1	1	2	2	2	0	0.987519	0.01256	1.11486e-07	1.12895e-07
87	0	0	0	0	0	0	1	-0	0	0
88	4	4	71	88	31	356	0.0936454	2.36824	2.23652e-06	2.38828e-05
89	0	0	0	0	0	0	1	-0	0	0
90	2	2	74	102	32	329	0.098425	2.31846	2.28725e-06	2.32385e-05
91	1	1	31	39	15	124	0.415896	0.87732	3.65571e-06	8.78997e-06
92	2	2	9	9	9	0	0.945048	0.05652	4.80111e-07	5.08028e-07
93	2	1	5	6	4	3	0.948399	0.05298	4.72383e-07	4.98085e-07
94	0	0	0	0	0	0	1	-0	0	0
95	2	2	75	124	18	1592	0.000136673	8.89792	1.25175e-08	9.15876e-05
96	0	0	0	0	0	0	1	-0	0	0
97	3	3	116	184	40	2760	2.42681e-07	15.2315	3.81091e-11	0.000157034
98	0	0	0	0	0	0	1	-0	0	0
99	2	2	127	154	29	1793	4.06131e-05	10.1114	4.22217e-09	0.000103961
100	1	1	9	9	9	0	0.945048	0.05652	4.80111e-07	5.08028e-07
101	2	2	4	4	4	0	0.975193	0.02512	2.20189e-07	2.2579e-07
102	1	1	22	26	9	66	0.606603	0.49988	3.01751e-06	4.97443e-06
103	0	0	0	0	0	0	1	-0	0	0
104	1	1	43	51	17	207	0.252592	1.37598	3.50532e-06	1.38774e-05
105	0	0	0	0	0	0	1	-0	0	0
106	1	1	60	93	15	1100	0.00204156	6.19404	1.3004e-07	6.36961e-05
107	0	0	0	0	0	0	1	-0	0	0
108	1	1	22	24	14	55	0.649716	0.43122	2.77888e-06	4.27707e-06
109	1	1	1	3	1	3	0.966436	0.03414	3.17709e-07	3.28742e-07
110	1	1	24	27	15	37	0.698891	0.35826	2.43914e-06	3.49001e-06
111	1	1	1	1	1	0	0.99374	0.00628	5.60942e-08	5.64476e-08
112	0	0	0	0	0	0	1	-0	0	0
113	1	1	6	6	5	1	0.958122	0.04278	3.7541e-07	3.91819e-07
114	0	0	0	0	0	0	1	-0	0	0
115	2	2	95	144	25	1355	0.000403707	7.81482	3.23466e-08	8.01239e-05
116	0	0	0	0	0	0	1	-0	0	0
117	4	4	44	51	28	123	0.387678	0.94758	3.64968e-06	9.41421e-06
118	2	2	153	194	39	1433	0.000198123	8.52662	1.72547e-08	8.70907e-05
119	0	0	0	0	0	0	1	-0	0	0
120	2	2	13	16	10	12	0.850713	0.16168	1.31075e-06	1.54076e-06
121	0	0	0	0	0	0	1	-0	0	0
122	2	2	16	17	10	22	0.803354	0.21896	1.70997e-06	2.12854e-06
123	0	0	0	0	0	0	1	-0	0	0
124	2	2	46	55	19	247	0.200869	1.6051	3.25981e-06	1.62285e-05
125	1	1	11	15	5	28	0.788991	0.237	1.84186e-06	2.33444e-06
126	3	3	79	119	27	1187	0.00111264	6.80102	7.76471e-08	6.97864e-05
127	1	1	27	41	9	287	0.178855	1.72118	3.14133e-06	1.75636e-05
128	0	0	0	0	0	0	1	-0	0	0
129	1	1	11	12	11	1	0.922692	0.08046	6.7403e-07	7.30504e-07
130	0	0	0	0	0	0	1	-0	0	0
131	1	1	30	44	14	174	0.312322	1.16372	3.66319e-06	1.17289e-05
132	0	0	0	0	0	0	1	-0	0	0
133	1	1	49	67	20	503	0.050486	2.98606	1.54023e-06	3.0508e-05
134	1	1	58	101	12	1311	0.000661911	7.32038	4.98808e-08	7.53588e-05
135	1	1	22	25	11	37	0.707725	0.3457	2.39007e-06	3.37712e-06
136	1	1	5	5	5	0	0.969088	0.0314	2.73513e-07	2.82238e-07
137	0	0	0	0	0	0	1	-0	0	0
138	1	1	4	4	3	1	0.970232	0.03022	2.70621e-07	2.78924e-07
139	0	0	0	0	0	0	1	-0	0	0
140	1	1	2	2	2	0	0.987519	0.01256	1.11486e-07	1.12895e-07
141	0	0	0	0	0	0	1	-0	0	0
142	5	5	71	91	37	407	0.0708507	2.64718	1.8961e-06	2.67619e-05
143	2	2	27	34	16	90	0.510421	0.67252	3.42043e-06	6.70121e-06
144	2	2	11	12	11	1	0.922692	0.08046	6.7403e-07	7.30504e-07
145	3	3	125	158	27	2413	1.67694e-06	13.2985	2.29957e-10	0.000137129
146	0	0	0	0	0	0	1	-0	0	0
147	2	2	52	63	27	398	0.0884392	2.42544	2.18473e-06	2.47032e-05
148	0	0	0	0	0	0	1	-0	0	0
149	2	2	5	5	5	0	0.969088	0.0314	2.73513e-07	2.82238e-07
150	0	0	0	0	0	0	1	-0	0	0
151	2	2	18	21	17	10	0.832868	0.18288	1.42981e-06	1.71673e-06
152	1	1	31	59	8	907	0.00676346	4.99622	3.48469e-07	5.15222e-05
153	2	2	110	159	29	1584	0.000114273	9.07692	1.06432e-08	9.31382e-05
154	1	1	12	14	6	29	0.789923	0.23582	1.84141e-06	2.33113e-06
155	0	0	0	0	0	0	1	-0	0	0
156	1	1	10	17	3	105	0.526102	0.64226	3.43997e-06	6.5386e-06
157	0	0	0	0	0	0	1	-0	0	0
158	1	1	17	23	10	91	0.544145	0.60854	3.33747e-06	6.13342e-06
159	0	0	0	0	0	0	1	-0	0	0
160	1	1	40	51	21	166	0.311337	1.16688	3.64231e-06	1.16989e-05
161	1	1	23	27	12	57	0.63112	0.46026	2.87328e-06	4.55268e-06
162	1	1	50	82	21	390	0.0817606	2.50396	2.07268e-06	2.53507e-05
163	1	1	4	4	4	0	0.975193	0.02512	2.20189e-07	2.2579e-07
164	0	0	0	0	0	0	1	-0	0	0
165	1	1	5	5	5	0	0.969088	0.0314	2.73513e-07	2.82238e-07
166	0	0	0	0	0	0	1	-0	0	0
167	1	1	16	26	5	211	0.289564	1.23938	3.6713e-06	1.26787e-05
168	0	0	0	0	0	0	1	-0	0	0
169	3	3	13	13	13	0	0.921604	0.08164	6.7629e-07	7.33819e-07
170	2	2	8	12	5	22	0.828979	0.18756	1.53055e-06	1.8463e-06
171	3	3	116	168	34	1133	0.00107725	6.83334	7.50664e-08	6.96831e-05
172	2	2	4	4	4	0	0.975193	0.02512	2.20189e-07	2.2579e-07
173	0	0	0	0	0	0	1	-0	0	0
174	3	3	34	39	27	24	0.692588	0.36732	2.40789e-06	3.47665e-06
175	0	0	0	0	0	0	1	-0	0	0
176	2	2	27	33	15	52	0.623479	0.47244	2.88403e-06	4.6257e-06
177	0	0	0	0	0	0	1	-0	0	0
178	3	3	51	68	26	361	0.103505	2.26814	2.38262e-06	2.30195e-05
179	1	1	5	5	5	0	0.969088	0.0314	2.73513e-07	2.82238e-07
180	0	0	0	0	0	0	1	-0	0	0
181	1	1	29	33	16	109	0.4662	0.76314	3.56843e-06	7.65429e-06
182	0	0	0	0	0	0	1	-0	0	0
183	1	1	18	26	5	193	0.317404	1.14758	3.72072e-06	1.17223e-05
184	0	0	0	0	0	0	1	-0	0	0
185	1	1	5	5	5	0	0.969088	0.0314	2.73513e-07	2.82238e-07
186	1	1	26	46	8	605	0.0342393	3.37438	1.18955e-06	3.47422e-05
187	1	1	54	79	11	674	0.0195746	3.93352	7.88293e-07	4.02711e-05
188	1	1	8	9	8	1	0.94024	0.06162	5.27627e-07	5.61162e-07
189	0	0	0	0	0	0	1	-0	0	0
190	1	1	44	66	10	691	0.0194759	3.93858	7.87615e-07	4.04406e-05
191	0	0	0	0	0	0	1	-0	0	0
192	1	1	9	9	9	0	0.945048	0.05652	4.80111e-07	5.08028e-07
193	0	0	0	0	0	0	1	-0	0	0
194	3	3	24	25	22	4	0.837445	0.1774	1.35978e-06	1.62372e-06
195	2	2	156	233	33	2180	3.43587e-06	12.5812	4.43168e-10	0.000128983
196	2	2	30	34	12	89	0.51303	0.66742	3.41066e-06	6.64807e-06
197	3	3	88	119	37	913	0.00450026	5.40362	2.4854e-07	5.52279e-05
198	0	0	0	0	0	0	1	-0	0	0
199	2	2	57	87	20	749	0.0126986	4.36626	5.67727e-07	4.47077e-05
200	0	0	0	0	0	0	1	-0	0	0
201	2	2	19	23	14	12	0.814126	0.20564	1.57606e-06	1.93589e-06
202	0	0	0	0	0	0	1	-0	0	0
203	3	3	105	128	52	421	0.0522905	2.95094	1.54751e-06	2.95944e-05
204	1	1	2	2	2	0	0.987519	0.01256	1.11486e-07	1.12895e-07
205	2	2	8	8	8	0	0.951001	0.05024	4.29454e-07	4.51581e-07
206	1	1	3	3	3	0	0.981336	0.01884	1.66182e-07	1.69343e-07
207	0	0	0	0	0	0	1	-0	0	0
208	1	1	2	2	2	0	0.987519	0.01256	1.11486e-07	1.12895e-07
209	0	0	0	0	0	0	1	-0	0	0
210	1	1	9	9	8	1	0.94024	0.06162	5.27627e-07	5.61162e-07
211	0	0	0	0	0	0	1	-0	0	0
212	1	1	24	43	5	704	0.0210587	3.86044	8.38833e-07	3.9833e-05
213	1	1	11	12	8	7	0.894885	0.11106	9.39006e-07	1.0493e-06
214	1	1	24	32	9	276	0.200176	1.60856	3.29711e-06	1.64711e-05
215	1	1	11	11	10	1	0.928505	0.07418	6.25865e-07	6.74057e-07
216	0	0	0	0	0	0	1	-0	0	0
217	1	1	35	45	12	183	0.296443	1.2159	3.63544e-06	1.22635e-05
218	0	0	0	0	0	0	1	-0	0	0
219	1	1	30	48	11	184	0.289431	1.23984	3.61383e-06	1.2486e-05
220	0	0	0	0	0	0	1	-0	0	0
221	3	3	111	178	32	2295	2.69978e-06	12.8223	3.5634e-10	0.000131988
222	2	2	10	10	8	2	0.929601	0.073	6.23523e-07	6.70742e-07
223	3	3	9	9	9	0	0.945048	0.05652	4.80111e-07	5.08028e-07
224	2	2	54	69	24	463	0.0611381	2.79462	1.74216e-06	2.84956e-05
225	0	0	0	0	0	0	1	-0	0	0
226	3	3	82	131	23	3068	7.03713e-08	16.4695	1.19918e-11	0.000170407
227	0	0	0	0	0	0	1	-0	0	0
228	2	2	18	18	16	2	0.884051	0.12324	9.92191e-07	1.12232e-06
229	0	0	0	0	0	0	1	-0	0	0
230	3	3	66	101	22	849	0.00698367	4.96418	3.5485e-07	5.08113e-05
231	1	1	3	3	3	0	0.981336	0.01884	1.66182e-07	1.69343e-07
232	0	0	0	0	0	0	1	-0	0	0
233	1	1	1	1	1	0	0.99374	0.00628	5.60942e-08	5.64476e-08
234	0	0	0	0	0	0	1	-0	0	0
235	1	1	3	3	2	1	0.976344	0.02394	2.17213e-07	2.22476e-07
236	0	0	0	0	0	0	1	-0	0	0
237	1	1	19	30	3	328	0.155486	1.8612	2.97306e-06	1.91211e-05
238	1	1	78	129	26	1272	0.000677352	7.29732	5.07114e-08	7.48672e-05
239	1	1	5	5	4	1	0.964158	0.0365	3.23351e-07	3.35371e-07
240	1	1	16	22	5	101	0.520347	0.65326	3.43861e-06	6.6083e-06
241	0	0	0	0	0	0	1	-0	0	0
242	1	1	4	4	4	0	0.975193	0.02512	2.20189e-07	2.2579e-07
243	0	0	0	0	0	0	1	-0	0	0
244	1	1	73	100	25	564	0.0300648	3.5044	1.07066e-06	3.56119e-05
245	0	0	0	0	0	0	1	-0	0	0
246	1	1	41	66	15	553	0.0393689	3.23478	1.30343e-06	3.31082e-05
247	1	1	14	17	10	22	0.803354	0.21896	1.70997e-06	2.12854e-06
248	2	2	11	11	11	0	0.933252	0.06908	5.79478e-07	6.20924e-07
249	3	3	87	126	32	692	0.0132935	4.32048	5.83326e-07	4.38806e-05
250	0	0	0	0	0	0	1	-0	0	0
251	2	2	77	90	23	765	0.0114852	4.4667	5.25184e-07	4.57272e-05
252	0	0	0	0	0	0	1	-0	0	0
253	2	2	16	18	11	28	0.774266	0.25584	1.9386e-06	2.50379e-06
254	0	0	0	0	0	0	1	-0	0	0
255	3	2	35	39	24	28	0.678602	0.38772	2.50349e-06	3.68919e-06
256	1	1	4	4	3	1	0.970232	0.03022	2.70621e-07	2.78924e-07
257	2	2	24	33	11	116	0.44985	0.79884	3.6106e-06	8.02622e-06
258	1	1	4	4	4	0	0.975193	0.02512	2.20189e-07	2.2579e-07
259	0	0	0	0	0	0	1	-0	0	0
260	1	1	5	5	5	0	0.969088	0.0314	2.73513e-07	2.82238e-07
261	0	0	0	0	0	0	1	-0	0	0
262	1	0	6	6	5	1	0.958122	0.04278	3.7541e-07	3.91819e-07
263	0	0	0	0	0	0	1	-0	0	0
264	1	1	5	5	3	3	0.954374	0.0467	4.21487e-07	4.41638e-07
265	1	1	64	115	14	1578	0.000155324	8.77	1.40313e-08	9.03357e-05
266	1	1	13	24	6	88	0.549075	0.59952	3.31118e-06	6.03046e-06
267	1	1	23	27	17	26	0.73922	0.30216	2.14784e-06	2.90555e-06
268	0	0	0	0	0	0	1	-0	0	0
269	1	1	18	27	5	232	0.258526	1.35276	3.58084e-06	1.3851e-05
270	0	0	0	0	0	0	1	-0	0	0
271	1	1	11	12	8	7	0.894885	0.11106	9.39006e-07	1.0493e-06
272	0	0	0	0	0	0	1	-0	0	0
273	1	1	30	38	18	40	0.642338	0.44264	2.743e-06	4.27034e-06
274	1	1	12	17	7	31	0.767313	0.26486	2.00019e-06	2.60674e-06
275	3	3	53	68	20	356	0.106178	2.24264	2.41595e-06	2.27539e-05
276	2	2	30	43	12	496	0.060832	2.79964	1.75082e-06	2.87813e-05
277	0	0	0	0	0	0	1	-0	0	0
278	4	4	91	111	38	625	0.0205565	3.88458	8.11444e-07	3.94739e-05
279	0	0	0	0	0	0	1	-0	0	0
280	2	2	96	138	21	1970	1.82082e-05	10.9136	2.04773e-09	0.000112462
281	0	0	0	0	0	0	1	-0	0	0
282	2	2	62	83	21	549	0.0361116	3.32114	1.22257e-06	3.38553e-05
283	1	1	8	8	8	0	0.951001	0.05024	4.29454e-07	4.51581e-07
284	3	3	23	28	21	11	0.792994	0.23194	1.71683e-06	2.165e-06
285	1	1	5	5	4	1	0.964158	0.0365	3.23351e-07	3.35371e-07
286	0	0	0	0	0	0	1	-0	0	0
287	3	3	32	45	14	317	0.149673	1.8993	2.90117e-06	1.93834e-05
288	0	0	0	0	0	0	1	-0	0	0
289	2	1	31	40	15	172	0.323551	1.1284	3.68745e-06	1.13968e-05
290	0	0	0	0	0	0	1	-0	0	0
291	2	2	31	37	11	191	0.299255	1.20646	3.66198e-06	1.2237e-05
292	1	1	37	48	18	163	0.322149	1.13274	3.6629e-06	1.13702e-05
293	0	0	0	0	0	0	1	-0	0	0
294	1	1	40	46	20	98	0.454444	0.78868	3.54632e-06	7.80364e-06
295	0	0	0	0	0	0	1	-0	0	0
296	1	1	41	54	18	164	0.308658	1.17552	3.63045e-06	1.1762e-05
297	0	0	0	0	0	0	1	-0	0	0
298	1	1	29	36	13	276	0.19521	1.63368	3.2594e-06	1.66969e-05
299	1	1	5	5	4	1	0.964158	0.0365	3.23351e-07	3.35371e-07
300	1	1	9	9	8	1	0.94024	0.06162	5.27627e-07	5.61162e-07
301	1	1	13	19	10	37	0.734901	0.30802	2.23295e-06	3.03843e-06
302	0	0	0	0	0	0	1	-0	0	0
303	2	2	56	82	24	650	0.0217105	3.82996	8.50297e-07	3.91653e-05
304	0	0	0	0	0	0	1	-0	0	0
305	2	1	6	6	6	0	0.963021	0.03768	3.26161e-07	3.38686e-07
306	0	0	0	0	0	0	1	-0	0	0
307	4	4	98	134	43	659	0.0149593	4.20242	6.3695e-07	4.25788e-05
308	1	1	14	14	14	0	0.915834	0.08792	7.23753e-07	7.90266e-07
309	2	1	18	18	16	2	0.884051	0.12324	9.92191e-07	1.12232e-06
310	1	1	38	58	16	313	0.140782	1.96054	2.80222e-06	1.99047e-05
311	0	0	0	0	0	0	1	-0	0	0
312	2	2	13	14	12	2	0.90654	0.09812	8.12743e-07	8.96533e-07
313	0	0	0	0	0	0	1	-0	0	0
314	2	2	27	36	13	143	0.384666	0.95538	3.7044e-06	9.63016e-06
315	0	0	0	0	0	0	1	-0	0	0
316	2	2	91	136	30	883	0.00471324	5.35738	2.57312e-07	5.45935e-05
317	1	1	80	104	25	1307	0.000662944	7.31882	4.99301e-08	7.53156e-05
318	2	2	20	27	11	59	0.624715	0.47046	2.91051e-06	4.65894e-06
319	1	1	37	48	18	127	0.387074	0.94914	3.66071e-06	9.4574e-06
320	0	0	0	0	0	0	1	-0	0	0
321	1	1	34	44	14	384	0.107022	2.23472	2.4494e-06	2.28868e-05
322	0	0	0	0	0	0	1	-0	0	0
323	1	1	36	44	18	134	0.383	0.95972	3.67816e-06	9.60354e-06
324	0	0	0	0	0	0	1	-0	0	0
325	1	1	85	127	20	1538	0.000176646	8.64136	1.57017e-08	8.88877e-05
326	1	1	9	9	9	0	0.945048	0.05652	4.80111e-07	5.08028e-07
327	1	1	34	45	15	127	0.394435	0.9303	3.66354e-06	9.28806e-06
328	1	1	5	5	5	0	0.969088	0.0314	2.73513e-07	2.82238e-07
329	0	0	0	0	0	0	1	-0	0	0
330	4	4	111	151	48	819	0.00594515	5.12518	3.09384e-07	5.20397e-05
331	0	0	0	0	0	0	1	-0	0	0
332	2	2	35	58	11	1037	0.00350719	5.65294	2.04726e-07	5.83731e-05
333	0	0	0	0	0	0	1	-0	0	0
334	2	2	9	9	9	0	0.945048	0.05652	4.80111e-07	5.08028e-07
335	1	1	17	19	15	7	0.856398	0.15502	1.23701e-06	1.44444e-06
336	4	3	72	83	30	441	0.0626407	2.77034	1.76126e-06	2.81169e-05
337	2	1	38	56	17	232	0.215482	1.53488	3.33737e-06	1.5488e-05
338	0	0	0	0	0	0	1	-0	0	0
339	2	2	57	78	19	570	0.0334789	3.39684	1.16134e-06	3.46888e-05
340	0	0	0	0	0	0	1	-0	0	0
341	2	2	9	9	7	2	0.935457	0.06672	5.74646e-07	6.14295e-07
342	0	0	0	0	0	0	1	-0	0	0
343	2	2	47	58	24	370	0.105269	2.25124	2.41415e-06	2.29332e-05
344	1	1	18	27	8	112	0.476751	0.74076	3.56372e-06	7.475e-06
345	0	0	0	0	0	0	1	-0	0	0
346	1	1	38	52	15	318	0.142508	1.94836	2.82616e-06	1.98316e-05
347	0	0	0	0	0	0	1	-0	0	0
348	1	1	34	38	15	233	0.240042	1.42694	3.48663e-06	1.4525e-05
349	0	0	0	0	0	0	1	-0	0	0
350	1	1	60	81	16	704	0.0165879	4.09908	6.96329e-07	4.1978e-05
351	1	1	1	1	1	0	0.99374	0.00628	5.60942e-08	5.64476e-08
352	1	1	107	146	30	881	0.00447173	5.40998	2.46176e-07	5.50517e-05
353	1	0	0	0	0	0	1	-0	0	0
354	0	0	0	0	0	0	1	-0	0	0
355	1	1	3	3	3	0	0.981336	0.01884	1.66182e-07	1.69343e-07
356	0	0	0	0	0	0	1	-0	0	0
357	2	2	31	44	8	337	0.136011	1.99502	2.77321e-06	2.03896e-05
358	0	0	0	0	0	0	1	-0	0	0
359	4	4	44	60	20	295	0.152392	1.8813	2.90476e-06	1.90611e-05
360	1	1	12	13	9	10	0.87578	0.13264	1.10799e-06	1.26515e-06
361	2	2	16	16	14	2	0.895225	0.11068	9.03665e-07	1.00943e-06
362	2	2	14	15	12	4	0.891723	0.1146	9.44554e-07	1.05925e-06
363	0	0	0	0	0	0	1	-0	0	0
364	2	2	28	31	26	6	0.798293	0.22528	1.65141e-06	2.06867e-06
365	0	0	0	0	0	0	1	-0	0	0
366	2	2	48	67	20	296	0.145096	1.93036	2.83074e-06	1.95094e-05
367	0	0	0	0	0	0	1	-0	0	0
368	3	3	41	53	23	138	0.354644	1.03664	3.66138e-06	1.03241e-05
369	1	1	9	9	6	4	0.925964	0.07692	6.67214e-07	7.20561e-07
370	2	2	7	7	7	0	0.956992	0.04396	3.78139e-07	3.95133e-07
371	1	1	45	81	13	1197	0.00134229	6.61338	9.15074e-08	6.81727e-05
372	0	0	0	0	0	0	1	-0	0	0
373	1	1	36	62	11	457	0.0658708	2.72006	1.83e-06	2.77816e-05
374	0	0	0	0	0	0	1	-0	0	0
375	1	1	32	54	8	323	0.137186	1.98642	2.77255e-06	2.02102e-05
376	0	0	0	0	0	0	1	-0	0	0
377	1	1	26	38	13	301	0.169697	1.77374	3.07798e-06	1.81381e-05
378	1	1	2	2	2	0	0.987519	0.01256	1.11486e-07	1.12895e-07
379	1	1	35	48	20	284	0.173802	1.74984	3.09355e-06	1.77993e-05
380	1	1	8	10	7	4	0.920167	0.0832	7.14978e-07	7.77009e-07
381	0	0	0	0	0	0	1	-0	0	0
382	1	0	6	6	6	0	0.963021	0.03768	3.26161e-07	3.38686e-07
383	0	0	0	0	0	0	1	-0	0	0
384	4	4	51	59	44	70	0.483106	0.72752	3.40577e-06	7.04973e-06
385	0	0	0	0	0	0	1	-0	0	0
386	2	2	110	168	40	1195	0.000785225	7.14954	5.73037e-08	7.29774e-05
387	1	1	41	55	23	180	0.282691	1.2634	3.5813e-06	1.26686e-05
388	5	5	82	101	31	724	0.0132113	4.32668	5.8354e-07	4.41696e-05
389	2	2	13	13	13	0	0.921604	0.08164	6.7629e-07	7.33819e-07
390	0	0	0	0	0	0	1	-0	0	0
391	2	2	38	39	19	68	0.553375	0.59172	3.2176e-06	5.81451e-06
392	0	0	0	0	0	0	1	-0	0	0
393	2	2	24	26	20	12	0.798932	0.22448	1.68194e-06	2.10524e-06
394	0	0	0	0	0	0	1	-0	0	0
395	2	2	44	49	31	75	0.501466	0.69022	3.38536e-06	6.75092e-06
396	1	1	6	6	4	3	0.948399	0.05298	4.72383e-07	4.98085e-07
397	3	2	43	64	21	280	0.160426	1.82992	2.96627e-06	1.84899e-05
398	1	1	8	9	5	10	0.898059	0.10752	9.33407e-07	1.03936e-06
399	0	0	0	0	0	0	1	-0	0	0
400	1	1	8	8	7	1	0.946163	0.05534	4.77542e-07	5.04714e-07
401	0	0	0	0	0	0	1	-0	0	0
402	1	1	8	8	7	1	0.946163	0.05534	4.77542e-07	5.04714e-07
403	0	0	0	0	0	0	1	-0	0	0
404	1	1	52	68	24	389	0.0897309	2.41094	2.19906e-06	2.45073e-05
405	1	1	7	7	7	0	0.956992	0.04396	3.78139e-07	3.95133e-07
406	0	0	0	0	0	0	1	-0	0	0
407	1	1	11	16	5	56	0.679716	0.38608	2.63636e-06	3.87862e-06
408	0	0	0	0	0	0	1	-0	0	0
409	2	2	38	57	17	308	0.145328	1.92876	2.8459e-06	1.95825e-05
410	0	0	0	0	0	0	1	-0	0	0
411	3	3	26	28	22	12	0.78896	0.23704	1.75002e-06	2.21813e-06
412	1	1	14	16	12	6	0.877148	0.13108	1.07184e-06	1.22196e-06
413	3	3	29	30	27	4	0.811558	0.2088	1.5468e-06	1.90596e-06
414	2	2	10	10	9	1	0.934354	0.0679	5.77066e-07	6.17609e-07
415	0	0	0	0	0	0	1	-0	0	0
416	3	2	72	95	25	747	0.0122002	4.4063	5.49657e-07	4.5053e-05
417	0	0	0	0	0	0	1	-0	0	0
418	2	2	7	7	7	0	0.956992	0.04396	3.78139e-07	3.95133e-07
419	0	0	0	0	0	0	1	-0	0	0
420	3	2	29	33	20	58	0.60469	0.50304	2.98989e-06	4.9445e-06
421	1	1	11	18	7	36	0.743312	0.29664	2.17705e-06	2.92885e-06
422	2	2	103	143	26	1900	2.52158e-05	10.588	2.74915e-09	0.000109025
423	1	1	17	25	8	137	0.424986	0.8557	3.69331e-06	8.69044e-06
424	0	0	0	0	0	0	1	-0	0	0
425	1	1	12	12	11	1	0.922692	0.08046	6.7403e-07	7.30504e-07
426	0	0	0	0	0	0	1	-0	0	0
427	1	1	11	11	7	7	0.900523	0.10478	8.94089e-07	9.92856e-07
428	0	0	0	0	0	0	1	-0	0	0
429	1	1	14	14	12	2	0.90654	0.09812	8.12743e-07	8.96533e-07
430	1	1	29	39	10	213	0.264155	1.33122	3.57106e-06	1.35188e-05
431	1	1	37	53	13	228	0.224105	1.49564	3.38535e-06	1.51061e-05
432	1	1	4	4	4	0	0.975193	0.02512	2.20189e-07	2.2579e-07
433	0	0	0	0	0	0	1	-0	0	0
434	1	1	19	26	4	213	0.286625	1.24958	3.66451e-06	1.2785e-05
435	0	0	0	0	0	0	1	-0	0	0
436	3	3	148	205	36	1783	3.10255e-05	10.3807	3.29827e-09	0.000106308
437	0	0	0	0	0	0	1	-0	0	0
438	2	2	15	18	12	16	0.823131	0.19464	1.53612e-06	1.86619e-06
439	3	2	96	142	21	3334	1.69134e-08	17.8952	3.13171e-12	0.000185162
440	3	2	32	35	14	158	0.358581	1.0256	3.71874e-06	1.03707e-05
441	2	2	12	13	6	22	0.82379	0.19384	1.56747e-06	1.90275e-06
442	0	0	0	0	0	0	1	-0	0	0
443	2	2	131	187	34	1691	5.55371e-05	9.79846	5.57614e-09	0.000100404
444	0	0	0	0	0	0	1	-0	0	0
445	3	3	78	117	33	597	0.022835	3.77946	8.7515e-07	3.83249e-05
446	0	0	0	0	0	0	1	-0	0	0
447	2	2	12	13	11	2	0.912251	0.09184	7.66369e-07	8.40085e-07
448	1	1	11	11	10	1	0.928505	0.07418	6.25865e-07	6.74057e-07
449	3	2	9	9	8	1	0.94024	0.06162	5.27627e-07	5.61162e-07
450	1	1	23	30	6	151	0.383468	0.9585	3.72598e-06	9.71654e-06
451	0	0	0	0	0	0	1	-0	0	0
452	1	1	1	1	1	0	0.99374	0.00628	5.60942e-08	5.64476e-08
453	0	0	0	0	0	0	1	-0	0	0
454	1	1	6	6	4	2	0.953248	0.04788	4.2415e-07	4.44952e-07
455	0	0	0	0	0	0	1	-0	0	0
456	1	1	26	27	11	95	0.519931	0.65406	3.41685e-06	6.57174e-06
457	1	1	62	97	15	1346	0.000567789	7.47376	4.37156e-08	7.69927e-05
458	1	1	13	13	12	1	0.916915	0.08674	7.21568e-07	7.86952e-07
459	1	1	71	117	19	1004	0.00286508	5.85516	1.71762e-07	5.99501e-05
460	0	0	0	0	0	0	1	-0	0	0
461	1	1	4	4	4	0	0.975193	0.02512	2.20189e-07	2.2579e-07
462	0	0	0	0	0	0	1	-0	0	0
463	3	2	100	138	29	808	0.00682311	4.98744	3.46078e-07	5.07214e-05
464	1	1	46	69	13	602	0.0300913	3.50352	1.07971e-06	3.58811e-05
465	3	2	102	146	40	759	0.00833093	4.78778	4.04629e-07	4.85694e-05
466	2	2	12	12	12	0	0.92741	0.07536	6.28201e-07	6.77371e-07
467	0	0	0	0	0	0	1	-0	0	0
468	3	3	24	34	14	128	0.420496	0.86632	3.66684e-06	8.72027e-06
469	0	0	0	0	0	0	1	-0	0	0
470	2	2	11	14	11	6	0.888234	0.11852	9.8511e-07	1.10907e-06
471	0	0	0	0	0	0	1	-0	0	0
472	2	2	57	70	32	216	0.214124	1.5412	3.30353e-06	1.54281e-05
473	1	1	1	1	1	0	0.99374	0.00628	5.60942e-08	5.64476e-08
474	2	2	33	53	10	391	0.0975939	2.32694	2.3195e-06	2.37668e-05
475	1	0	7	7	7	0	0.956992	0.04396	3.78139e-07	3.95133e-07
476	0	0	0	0	0	0	1	-0	0	0
477	1	1	4	4	4	0	0.975193	0.02512	2.20189e-07	2.2579e-07
478	0	0	0	0	0	0	1	-0	0	0
479	1	1	0	0	0	0	1	-0	0	0
480	0	0	0	0	0	0	1	-0	0	0
481	1	1	7	7	6	1	0.952124	0.04906	4.26805e-07	4.48266e-07
482	1	1	14	15	11	5	0.887187	0.1197	9.86889e-07	1.11238e-06
483	1	1	4	4	4	0	0.975193	0.02512	2.20189e-07	2.2579e-07
484	1	1	103	160	19	1643	8.40499e-05	9.3841	8.09648e-09	9.63295e-05
485	0	0	0	0	0	0	1	-0	0	0
486	1	1	8	8	8	0	0.951001	0.05024	4.29454e-07	4.51581e-07
487	0	0	0	0	0	0	1	-0	0	0
488	1	1	14	16	8	21	0.812548	0.20758	1.6405e-06	2.01896e-06
489	0	0	0	0	0	0	1	-0	0	0
490	2	2	33	55	12	359	0.113461	2.1763	2.51649e-06	2.21794e-05
491	2	2	67	109	14	2143	9.04028e-06	11.6138	1.08499e-09	0.000120017
492	3	3	70	99	32	331	0.0992791	2.30982	2.30083e-06	2.31754e-05
493	2	2	99	156	31	1287	0.000529605	7.54338	4.08792e-08	7.71883e-05
494	0	0	0	0	0	0	1	-0	0	0
495	2	2	34	52	16	217	0.23853	1.43326	3.45038e-06	1.44652e-05
496	0	0	0	0	0	0	1	-0	0	0
497	3	2	15	15	15	0	0.910101	0.0942	7.70595e-07	8.46714e-07
498	0	0	0	0	0	0	1	-0	0	0
499	2	2	35	49	14	183	0.289089	1.24102	3.61052e-06	1.24893e-05
500	1	1	16	17	12	8	0.862811	0.14756	1.19471e-06	1.38467e-06
501	3	3	27	27	21	7	0.814436	0.20526	1.54418e-06	1.89602e-06
502	1	1	5	5	4	1	0.964158	0.0365	3.23351e-07	3.35371e-07
503	0	0	0	0	0	0	1	-0	0	0
504	1	0	4	4	4	0	0.975193	0.02512	2.20189e-07	2.2579e-07
505	0	0	0	0	0	0	1	-0	0	0
506	1	1	2	2	2	0	0.987519	0.01256	1.11486e-07	1.12895e-07
507	0	0	0	0	0	0	1	-0	0	0
508	1	1	4	4	3	1	0.970232	0.03022	2.70621e-07	2.78924e-07
509	1	1	63	85	21	758	0.0122823	4.3996	5.53598e-07	4.5073e-05
510	1	1	7	7	7	0	0.956992	0.04396	3.78139e-07	3.95133e-07
511	1	1	22	22	15	9	0.831886	0.18406	1.43088e-06	1.72005e-06
512	0	0	0	0	0	0	1	-0	0	0
513	1	1	15	20	10	46	0.697537	0.3602	2.49235e-06	3.57308e-06
514	0	0	0	0	0	0	1	-0	0	0
515	1	1	34	47	16	382	0.106101	2.24336	2.43502e-06	2.29499e-05
516	0	0	0	0	0	0	1	-0	0	0
517	3	3	8	8	7	1	0.946163	0.05534	4.77542e-07	5.04714e-07
518	2	2	9	9	8	1	0.94024	0.06162	5.27627e-07	5.61162e-07
519	0	0	0	0	0	0	1	-0	0	0
520	3	3	25	30	22	36	0.689354	0.372	2.48597e-06	3.60622e-06
521	0	0	0	0	0	0	1	-0	0	0
522	2	2	21	29	16	79	0.557095	0.58502	3.25037e-06	5.8345e-06
523	0	0	0	0	0	0	1	-0	0	0
524	2	2	16	17	15	2	0.889621	0.11696	9.48225e-07	1.06588e-06
525	1	1	10	10	7	6	0.910829	0.0934	8.04513e-07	8.83275e-07
526	3	3	8	8	7	1	0.946163	0.05534	4.77542e-07	5.04714e-07
527	1	1	29	51	8	823	0.0109154	4.51758	5.08739e-07	4.66075e-05
528	0	0	0	0	0	0	1	-0	0	0
529	1	1	19	33	9	235	0.245186	1.40574	3.51819e-06	1.43491e-05
530	0	0	0	0	0	0	1	-0	0	0
531	1	1	2	2	2	0	0.987519	0.01256	1.11486e-07	1.12895e-07
532	0	0	0	0	0	0	1	-0	0	0
533	1	1	5	5	5	0	0.969088	0.0314	2.73513e-07	2.82238e-07
534	1	1	10	10	9	1	0.934354	0.0679	5.77066e-07	6.17609e-07
535	1	1	2	2	2	0	0.987519	0.01256	1.11486e-07	1.12895e-07
536	1	1	109	165	30	1254	0.000592239	7.4316	4.49764e-08	7.59429e-05
537	0	0	0	0	0	0	1	-0	0	0
538	1	1	51	65	24	542	0.0419029	3.1724	1.36047e-06	3.24673e-05
539	0	0	0	0	0	0	1	-0	0	0
540	1	1	26	33	16	51	0.626667	0.46734	2.86547e-06	4.57256e-06
541	0	0	0	0	0	0	1	-0	0	0
542	1	1	33	38	11	127	0.412162	0.88634	3.66532e-06	8.89293e-06
543	1	1	3	3	2	1	0.976344	0.02394	2.17213e-07	2.22476e-07
544	3	2	61	87	17	1582	0.000181445	8.61456	1.61427e-08	8.89677e-05
545	2	2	22	26	17	22	0.759208	0.27548	2.0017e-06	2.63657e-06
546	0	0	0	0	0	0	1	-0	0	0
547	2	2	15	16	12	10	0.859435	0.15148	1.23285e-06	1.43449e-06
548	0	0	0	0	0	0	1	-0	0	0
549	4	4	120	139	52	993	0.00263936	5.93722	1.59965e-07	6.06075e-05
550	0	0	0	0	0	0	1	-0	0	0
551	2	2	102	153	31	1624	9.67636e-05	9.24324	9.18526e-09	9.49248e-05
552	1	1	9	9	8	1	0.94024	0.06162	5.27627e-07	5.61162e-07
553	2	2	5	5	5	0	0.969088	0.0314	2.73513e-07	2.82238e-07
554	1	1	8	9	5	10	0.898059	0.10752	9.33407e-07	1.03936e-06
555	0	0	0	0	0	0	1	-0	0	0
556	1	1	7	8	7	1	0.946163	0.05534	4.77542e-07	5.04714e-07
557	0	0	0	0	0	0	1	-0	0	0
558	1	1	29	43	14	131	0.391355	0.93814	3.67392e-06	9.3877e-06
559	0	0	0	0	0	0	1	-0	0	0
560	1	1	11	12	10	3	0.913328	0.09066	7.64246e-07	8.36771e-07
561	1	1	17	18	13	7	0.861793	0.14874	1.19616e-06	1.38799e-06
562	1	1	2	2	2	0	0.987519	0.01256	1.11486e-07	1.12895e-07
563	1	1	29	53	12	260	0.19036	1.65884	3.19925e-06	1.68064e-05
564	0	0	0	0	0	0	1	-0	0	0
565	1	1	74	105	23	1682	9.73109e-05	9.2376	9.27344e-09	9.5297e-05
566	0	0	0	0	0	0	1	-0	0	0
567	1	1	40	53	22	162	0.313787	1.15904	3.63971e-06	1.15993e-05
568	0	0	0	0	0	0	1	-0	0	0
569	1	1	27	41	15	91	0.485984	0.72158	3.47453e-06	7.14947e-06
570	1	1	14	15	10	8	0.873716	0.135	1.11117e-06	1.27178e-06
571	2	2	51	68	27	707	0.0177257	4.03274	7.33908e-07	4.14036e-05
572	2	2	25	30	15	54	0.628889	0.4638	2.86938e-06	4.56262e-06
573	0	0	0	0	0	0	1	-0	0	0
574	2	1	1	1	1	0	0.99374	0.00628	5.60942e-08	5.64476e-08
575	0	0	0	0	0	0	1	-0	0	0
576	2	2	39	58	17	531	0.0463127	3.07234	1.45828e-06	3.14877e-05
577	0	0	0	0	0	0	1	-0	0	0
578	4	3	43	54	27	101	0.425615	0.85422	3.58139e-06	8.41462e-06
579	1	1	52	70	18	246	0.183746	1.6942	3.12775e-06	1.70221e-05
580	0	0	0	0	0	0	1	-0	0	0
581	2	2	14	15	14	1	0.905471	0.0993	8.14786e-07	8.99847e-07
582	0	0	0	0	0	0	1	-0	0	0
583	2	2	19	24	15	30	0.738067	0.30372	2.17637e-06	2.94874e-06
584	0	0	0	0	0	0	1	-0	0	0
585	2	2	103	139	26	1315	0.000510857	7.57942	3.9702e-08	7.77164e-05
586	1	1	47	65	22	233	0.202604	1.5965	3.25162e-06	1.60491e-05
587	2	2	17	17	13	5	0.876113	0.13226	1.07348e-06	1.22528e-06
588	1	1	28	29	14	55	0.629632	0.46262	2.87068e-06	4.55931e-06
589	0	0	0	0	0	0	1	-0	0	0
590	1	1	70	90	17	994	0.00357211	5.6346	2.06806e-07	5.78947e-05
591	0	0	0	0	0	0	1	-0	0	0
592	1	1	62	89	21	639	0.0219757	3.81782	8.56522e-07	3.8976e-05
593	0	0	0	0	0	0	1	-0	0	0
594	1	1	53	75	27	204	0.220601	1.5114	3.32506e-06	1.50727e-05
595	1	0	5	5	5	0	0.969088	0.0314	2.73513e-07	2.82238e-07
596	1	1	79	136	15	2539	1.01261e-06	13.803	1.4438e-10	0.000142582
597	1	1	11	11	10	1	0.928505	0.07418	6.25865e-07	6.74057e-07
598	0	0	0	0	0	0	1	-0	0	0
599	2	2	68	95	20	916	0.00515288	5.2682	2.78423e-07	5.40325e-05
600	0	0	0	0	0	0	1	-0	0	0
601	5	5	148	207	47	1435	0.000180738	8.61846	1.58925e-08	8.79308e-05
602	0	0	0	0	0	0	1	-0	0	0
603	2	2	12	12	10	2	0.917998	0.08556	7.19378e-07	7.83638e-07
604	1	1	12	17	8	45	0.714437	0.33626	2.3938e-06	3.3506e-06
605	2	2	33	37	22	61	0.580735	0.54346	3.09514e-06	5.32969e-06
606	1	1	9	12	6	12	0.872354	0.13656	1.14712e-06	1.31497e-06
607	0	0	0	0	0	0	1	-0	0	0
608	2	2	64	108	18	570	0.02773	3.58524	1.00888e-06	3.63823e-05
609	0	0	0	0	0	0	1	-0	0	0
610	2	1	7	7	6	1	0.952124	0.04906	4.26805e-07	4.48266e-07
611	0	0	0	0	0	0	1	-0	0	0
612	2	2	51	85	22	998	0.00361162	5.6236	2.08842e-07	5.7825e-05
613	1	1	31	45	10	251	0.209569	1.5627	3.32725e-06	1.58766e-05
614	2	1	100	164	20	1573	0.000117131	9.05222	1.08739e-08	9.28359e-05
615	1	1	61	80	27	303	0.129031	2.0477	2.66e-06	2.06152e-05
616	0	0	0	0	0	0	1	-0	0	0
617	1	1	19	26	12	92	0.531273	0.63248	3.37671e-06	6.35589e-06
618	0	0	0	0	0	0	1	-0	0	0
619	1	1	53	63	18	246	0.192004	1.65024	3.19244e-06	1.6627e-05
620	0	0	0	0	0	0	1	-0	0	0
621	1	1	49	64	19	276	0.163733	1.80952	2.99261e-06	1.82774e-05
622	1	1	10	10	8	2	0.929601	0.073	6.23523e-07	6.70742e-07
623	1	1	63	86	15	709	0.0156704	4.15598	6.664e-07	4.25259e-05
624	1	0	0	0	0	0	1	-0	0	0
625	0	0	0	0	0	0	1	-0	0	0
626	4	3	35	43	21	109	0.437823	0.82594	3.59837e-06	8.21877e-06
627	0	0	0	0	0	0	1	-0	0	0
628	2	2	77	113	37	599	0.0231783	3.76454	8.85534e-07	3.82054e-05
629	0	0	0	0	0	0	1	-0	0	0
630	5	4	85	114	53	611	0.0216658	3.83202	8.42787e-07	3.88994e-05
631	1	1	43	70	13	618	0.0275597	3.5914	1.01386e-06	3.67876e-05
632	0	0	0	0	0	0	1	-0	0	0
633	2	2	29	42	19	254	0.210313	1.55916	3.33695e-06	1.58666e-05
634	0	0	0	0	0	0	1	-0	0	0
635	2	2	52	70	20	464	0.0604463	2.806	1.72907e-06	2.86051e-05
636	0	0	0	0	0	0	1	-0	0	0
637	2	2	15	15	14	1	0.905471	0.0993	8.14786e-07	8.99847e-07
638	1	1	5	5	5	0	0.969088	0.0314	2.73513e-07	2.82238e-07
639	3	3	22	25	14	66	0.610425	0.4936	3.00206e-06	4.91798e-06
640	1	1	51	70	15	328	0.120947	2.1124	2.58574e-06	2.1379e-05
641	0	0	0	0	0	0	1	-0	0	0
642	1	1	31	49	10	285	0.171835	1.76122	3.07738e-06	1.79089e-05
643	0	0	0	0	0	0	1	-0	0	0
644	1	1	76	121	26	1070	0.00199546	6.21688	1.27076e-07	6.36827e-05
645	0	0	0	0	0	0	1	-0	0	0
646	1	1	12	13	9	7	0.889283	0.11734	9.83326e-07	1.10575e-06
647	1	1	24	45	9	367	0.115984	2.1543	2.5563e-06	2.204e-05
648	1	1	51	78	16	1773	7.24843e-05	9.53214	7.14754e-09	9.86081e-05
649	1	1	25	45	13	133	0.382548	0.9609	3.67509e-06	9.60686e-06
650	0	0	0	0	0	0	1	-0	0	0
651	2	2	4	4	4	0	0.975193	0.02512	2.20189e-07	2.2579e-07
652	0	0	0	0	0	0	1	-0	0	0
653	3	3	116	169	31	4835	6.7612e-12	25.7198	1.80145e-15	0.000266439
654	0	0	0	0	0	0	1	-0	0	0
655	3	3	117	164	29	1364	0.000340083	7.98632	2.77954e-08	8.17311e-05
656	1	1	86	115	23	685	0.014762	4.2157	6.33108e-07	4.28877e-05
657	2	2	41	52	21	284	0.16949	1.77496	3.05508e-06	1.80251e-05
658	2	1	12	12	10	2	0.917998	0.08556	7.19378e-07	7.83638e-07
659	0	0	0	0	0	0	1	-0	0	0
660	2	2	32	39	17	67	0.556204	0.58662	3.2045e-06	5.76138e-06
661	0	0	0	0	0	0	1	-0	0	0
662	2	1	53	76	19	901	0.00626749	5.07238	3.26931e-07	5.2163e-05
663	0	0	0	0	0	0	1	-0	0	0
664	2	2	45	57	23	211	0.238339	1.43406	3.43891e-06	1.44286e-05
665	1	1	4	4	4	0	0.975193	0.02512	2.20189e-07	2.2579e-07
666	2	2	5	5	5	0	0.969088	0.0314	2.73513e-07	2.82238e-07
667	1	1	10	15	2	91	0.572181	0.5583	3.25104e-06	5.68184e-06
668	0	0	0	0	0	0	1	-0	0	0
669	1	1	45	64	14	311	0.136966	1.98802	2.7581e-06	2.01371e-05
670	0	0	0	0	0	0	1	-0	0	0
671	1	1	17	23	9	62	0.63088	0.46064	2.89735e-06	4.59255e-06
672	0	0	0	0	0	0	1	-0	0	0
673	1	1	11	12	8	5	0.90406	0.10086	8.52562e-07	9.43037e-07
674	1	1	5	5	4	1	0.964158	0.0365	3.23351e-07	3.35371e-07
675	1	1	24	31	13	87	0.528147	0.63838	3.3656e-06	6.37246e-06
676	1	1	17	28	5	197	0.307113	1.18054	3.70003e-06	1.20478e-05
677	0	0	0	0	0	0	1	-0	0	0
678	3	3	88	131	21	1047	0.00210723	6.16238	1.32809e-07	6.30251e-05
679	0	0	0	0	0	0	1	-0	0	0
680	2	1	71	92	21	1040	0.00278987	5.88176	1.68652e-07	6.04517e-05
681	0	0	0	0	0	0	1	-0	0	0
682	3	3	26	26	21	8	0.815397	0.20408	1.5433e-06	1.8927e-06
683	2	2	59	87	19	735	0.0136385	4.29486	5.996e-07	4.39638e-05
684	2	2	74	108	30	1055	0.00233734	6.05874	1.4527e-07	6.21519e-05
685	2	2	55	80	18	1514	0.000268194	8.2238	2.27856e-08	8.49595e-05
686	0	0	0	0	0	0	1	-0	0	0
687	3	3	77	111	25	807	0.00812524	4.81278	3.99308e-07	4.91442e-05
688	0	0	0	0	0	0	1	-0	0	0
689	2	2	14	14	12	2	0.90654	0.09812	8.12743e-07	8.96533e-07
690	0	0	0	0	0	0	1	-0	0	0
691	3	3	62	81	26	477	0.0527928	2.94138	1.57939e-06	2.99168e-05
692	1	1	3	3	3	0	0.981336	0.01884	1.66182e-07	1.69343e-07
693	0	0	0	0	0	0	1	-0	0	0
694	1	1	2	2	2	0	0.987519	0.01256	1.11486e-07	1.12895e-07
695	0	0	0	0	0	0	1	-0	0	0
696	1	1	10	10	7	3	0.924872	0.0781	6.69492e-07	7.23876e-07
697	0	0	0	0	0	0	1	-0	0	0
698	1	1	26	33	10	143	0.391982	0.93654	3.70847e-06	9.46082e-06
699	1	1	62	98	17	951	0.00423006	5.46554	2.37143e-07	5.60615e-05
700	1	1	9	9	9	0	0.945048	0.05652	4.80111e-07	5.08028e-07
701	1	1	7	7	7	0	0.956992	0.04396	3.78139e-07	3.95133e-07
702	0	0	0	0	0	0	1	-0	0	0
703	1	1	8	8	8	0	0.951001	0.05024	4.29454e-07	4.51581e-07
704	0	0	0	0	0	0	1	-0	0	0
705	2	2	65	77	33	179	0.247471	1.39646	3.42929e-06	1.38573e-05
706	0	0	0	0	0	0	1	-0	0	0
707	3	3	12	13	9	5	0.8984	0.10714	8.97937e-07	9.99485e-07
708	1	1	73	120	17	1570	0.000156791	8.7606	1.41414e-08	9.01928e-05
709	2	2	13	13	10	3	0.90761	0.09694	8.10694e-07	8.93218e-07
710	3	3	92	120	28	986	0.00308193	5.7822	1.82336e-07	5.9163e-05
711	0	0	0	0	0	0	1	-0	0	0
712	2	2	123	194	32	2259	2.93378e-06	12.7392	3.84262e-10	0.000130979
713	0	0	0	0	0	0	1	-0	0	0
714	2	2	12	16	10	13	0.846386	0.16678	1.34905e-06	1.59389e-06
715	0	0	0	0	0	0	1	-0	0	0
716	2	2	81	100	25	763	0.0108966	4.5193	5.03266e-07	4.61854e-05
717	1	1	3	3	3	0	0.981336	0.01884	1.66182e-07	1.69343e-07
718	2	2	11	11	10	1	0.928505	0.07418	6.25865e-07	6.74057e-07
719	1	1	7	10	3	28	0.814159	0.2056	1.67082e-06	2.05221e-06
720	0	0	0	0	0	0	1	-0	0	0
721	1	1	4	4	3	1	0.970232	0.03022	2.70621e-07	2.78924e-07
722	0	0	0	0	0	0	1	-0	0	0
723	1	1	3	3	3	0	0.981336	0.01884	1.66182e-07	1.69343e-07
724	0	0	0	0	0	0	1	-0	0	0
725	1	1	56	90	11	734	0.0134524	4.3086	5.92981e-07	4.40801e-05
726	1	1	31	35	16	155	0.36411	1.0103	3.71804e-06	1.02113e-05
727	1	1	12	18	6	43	0.717243	0.33234	2.36747e-06	3.30078e-06
728	1	1	18	21	9	33	0.740685	0.30018	2.17672e-06	2.9388e-06
729	0	0	0	0	0	0	1	-0	0	0
730	1	1	20	25	10	61	0.626191	0.4681	2.91324e-06	4.65232e-06
731	0	0	0	0	0	0	1	-0	0	0
732	2	2	69	96	35	464	0.0513403	2.96928	1.54394e-06	3.00728e-05
733	0	0	0	0	0	0	1	-0	0	0
734	3	2	31	38	17	136	0.393671	0.93224	3.68914e-06	9.37112e-06
735	2	2	9	9	9	0	0.945048	0.05652	4.80111e-07	5.08028e-07
736	3	3	30	33	25	11	0.768481	0.26334	1.88065e-06	2.44724e-06
737	2	2	10	11	9	3	0.919082	0.08438	7.17181e-07	7.80323e-07
738	0	0	0	0	0	0	1	-0	0	0
739	3	3	72	92	22	1097	0.0020861	6.17246	1.32426e-07	6.34803e-05
740	0	0	0	0	0	0	1	-0	0	0
741	2	2	88	121	20	907	0.00458218	5.38558	2.52121e-07	5.5022e-05
742	0	0	0	0	0	0	1	-0	0	0
743	2	2	15	17	8	27	0.783127	0.24446	1.87497e-06	2.39421e-06
744	1	1	2	2	2	0	0.987519	0.01256	1.11486e-07	1.12895e-07
745	0	0	0	0	0	0	1	-0	0	0
746	1	1	5	5	4	1	0.964158	0.0365	3.23351e-07	3.35371e-07
747	0	0	0	0	0	0	1	-0	0	0
748	1	1	3	3	3	0	0.981336	0.01884	1.66182e-07	1.69343e-07
749	0	0	0	0	0	0	1	-0	0	0
750	1	1	2	2	2	0	0.987519	0.01256	1.11486e-07	1.12895e-07
751	1	1	42	59	16	326	0.130926	2.03312	2.70387e-06	2.06518e-05
752	1	1	5	5	5	0	0.969088	0.0314	2.73513e-07	2.82238e-07
753	1	1	72	97	17	1338	0.000591434	7.43296	4.52847e-08	7.65676e-05
754	0	0	0	0	0	0	1	-0	0	0
755	1	1	36	58	19	359	0.111343	2.19514	2.48838e-06	2.23488e-05
756	0	0	0	0	0	0	1	-0	0	0
757	1	1	13	15	7	24	0.805252	0.2166	1.70867e-06	2.12191e-06
758	0	0	0	0	0	0	1	-0	0	0
759	3	3	118	157	39	846	0.0049888	5.30056	2.68462e-07	5.3813e-05
760	2	2	30	43	16	160	0.337551	1.08604	3.68894e-06	1.09286e-05
761	2	2	79	111	33	809	0.00804278	4.82298	3.96111e-07	4.92504e-05
762	2	2	41	51	28	50	0.562547	0.57528	3.11397e-06	5.53549e-06
763	0	0	0	0	0	0	1	-0	0	0
764	2	2	24	28	16	49	0.653286	0.42574	2.73339e-06	4.18406e-06
765	0	0	0	0	0	0	1	-0	0	0
766	2	2	19	25	14	47	0.672536	0.3967	2.62857e-06	3.90845e-06
767	0	0	0	0	0	0	1	-0	0	0
768	3	3	114	161	32	1685	6.74192e-05	9.60458	6.64872e-09	9.86175e-05
769	1	1	37	57	7	918	0.0064753	5.03976	3.36676e-07	5.19938e-05
770	2	2	23	34	10	121	0.435779	0.83062	3.63803e-06	8.34834e-06
771	1	1	5	5	5	0	0.969088	0.0314	2.73513e-07	2.82238e-07
772	0	0	0	0	0	0	1	-0	0	0
773	1	1	2	2	2	0	0.987519	0.01256	1.11486e-07	1.12895e-07
774	0	0	0	0	0	0	1	-0	0	0
775	1	1	6	6	6	0	0.963021	0.03768	3.26161e-07	3.38686e-07
776	0	0	0	0	0	0	1	-0	0	0
777	1	0	3	3	3	0	0.981336	0.01884	1.66182e-07	1.69343e-07
778	1	1	47	66	19	303	0.140889	1.95978	2.79312e-06	1.98249e-05
779	1	1	3	3	3	0	0.981336	0.01884	1.66182e-07	1.69343e-07
780	1	1	29	37	14	114	0.443189	0.81376	3.6101e-06	8.14575e-06
781	0	0	0	0	0	0	1	-0	0	0
782	1	1	24	30	16	36	0.689354	0.372	2.48597e-06	3.60622e-06
783	0	0	0	0	0	0	1	-0	0	0
784	1	1	26	35	13	175	0.328802	1.1123	3.7069e-06	1.1274e-05
785	0	0	0	0	0	0	1	-0	0	0
786	3	3	42	48	20	193	0.276446	1.28574	3.5839e-06	1.29642e-05
787	2	2	8	9	7	2	0.935457	0.06672	5.74646e-07	6.14295e-07
788	3	3	39	49	22	117	0.404777	0.90442	3.63591e-06	8.98252e-06
789	2	2	18	21	15	12	0.824416	0.19308	1.50291e-06	1.823e-06
790	0	0	0	0	0	0	1	-0	0	0
791	4	4	39	50	26	93	0.454617	0.7883	3.52954e-06	7.76377e-06
792	0	0	0	0	0	0	1	-0	0	0
793	2	2	30	37	11	303	0.169033	1.77766	3.07436e-06	1.81879e-05
794	0	0	0	0	0	0	1	-0	0	0
795	2	2	14	15	12	3	0.896282	0.1095	9.01762e-07	1.00611e-06
796	1	1	8	8	8	0	0.951001	0.05024	4.29454e-07	4.51581e-07
797	3	3	173	225	35	1914	1.40288e-05	11.1744	1.60486e-09	0.000114398
798	1	1	25	28	18	31	0.716097	0.33394	2.31132e-06	3.22766e-06
799	0	0	0	0	0	0	1	-0	0	0
800	1	1	8	8	8	0	0.951001	0.05024	4.29454e-07	4.51581e-07
801	0	0	0	0	0	0	1	-0	0	0
802	1	1	5	5	5	0	0.969088	0.0314	2.73513e-07	2.82238e-07
803	0	0	0	0	0	0	1	-0	0	0
804	1	1	39	53	12	456	0.0700574	2.65844	1.907e-06	2.72205e-05
805	1	1	69	93	27	858	0.00701405	4.95984	3.5658e-07	5.08379e-05
806	0	0	0	0	0	0	1	-0	0	0
807	1	1	11	11	11	0	0.933252	0.06908	5.79478e-07	6.20924e-07
808	0	0	0	0	0	0	1	-0	0	0
809	1	1	62	92	22	531	0.0374084	3.28586	1.2497e-06	3.34069e-05
810	0	0	0	0	0	0	1	-0	0	0
811	1	1	79	123	25	884	0.00508815	5.28084	2.74317e-07	5.39128e-05
812	1	1	0	0	0	0	1	-0	0	0
813	2	2	10	10	10	0	0.939131	0.0628	5.30117e-07	5.64476e-07
814	2	2	14	17	9	36	0.747994	0.29036	2.14854e-06	2.8724e-06
815	0	0	0	0	0	0	1	-0	0	0
816	2	2	17	18	15	3	0.879554	0.12834	1.03388e-06	1.17546e-06
817	0	0	0	0	0	0	1	-0	0	0
818	2	2	78	117	24	708	0.0129642	4.34556	5.73314e-07	4.42227e-05
819	0	0	0	0	0	0	1	-0	0	0
820	4	4	119	172	55	661	0.0116639	4.45126	5.22891e-07	4.483e-05
821	1	1	19	28	10	96	0.514047	0.66544	3.43451e-06	6.68132e-06
822	2	2	10	10	9	1	0.934354	0.0679	5.77066e-07	6.17609e-07
823	1	1	5	5	5	0	0.969088	0.0314	2.73513e-07	2.82238e-07
824	0	0	0	0	0	0	1	-0	0	0
825	1	1	10	10	9	1	0.934354	0.0679	5.77066e-07	6.17609e-07
826	0	0	0	0	0	0	1	-0	0	0
827	1	1	35	52	11	397	0.0952491	2.35126	2.28875e-06	2.40292e-05
828	0	0	0	0	0	0	1	-0	0	0
829	1	1	7	7	6	1	0.952124	0.04906	4.26805e-07	4.48266e-07
830	1	1	55	69	20	522	0.0452515	3.09552	1.43132e-06	3.16304e-05
831	1	1	2	2	2	0	0.987519	0.01256	1.11486e-07	1.12895e-07
832	1	1	39	49	22	163	0.320133	1.13902	3.65804e-06	1.14266e-05
833	0	0	0	0	0	0	1	-0	0	0
834	1	1	79	101	21	576	0.028103	3.57188	1.0203e-06	3.63059e-05
835	0	0	0	0	0	0	1	-0	0	0
836	1	1	33	51	14	334	0.132168	2.02368	2.72601e-06	2.06253e-05
837	0	0	0	0	0	0	1	-0	0	0
838	1	1	50	66	19	220	0.215137	1.53648	3.3163e-06	1.54148e-05
839	1	1	12	20	3	153	0.404178	0.9059	3.74201e-06	9.25833e-06
840	3	3	65	90	21	1143	0.00167072	6.3945	1.09953e-07	6.58115e-05
841	2	2	46	63	18	235	0.203083	1.59414	3.25796e-06	1.60425e-05
842	0	0	0	0	0	0	1	-0	0	0
843	4	4	57	65	34	110	0.379386	0.9692	3.60939e-06	9.51375e-06
844	0	0	0	0	0	0	1	-0	0	0
845	2	2	24	24	20	5	0.838434	0.17622	1.3586e-06	1.62041e-06
846	0	0	0	0	0	0	1	-0	0	0
847	2	2	60	81	20	496	0.0479172	3.03828	1.4819e-06	3.09263e-05
848	1	1	26	40	7	331	0.143805	1.9393	2.8538e-06	1.9845e-05
849	4	4	35	37	29	15	0.734284	0.30886	2.11882e-06	2.88556e-06
850	1	1	5	5	5	0	0.969088	0.0314	2.73513e-07	2.82238e-07
851	0	0	0	0	0	0	1	-0	0	0
852	1	1	8	8	7	1	0.946163	0.05534	4.77542e-07	5.04714e-07
853	0	0	0	0	0	0	1	-0	0	0
854	1	1	53	64	18	237	0.199764	1.61062	3.23721e-06	1.62052e-05
855	0	0	0	0	0	0	1	-0	0	0
856	1	1	29	40	7	274	0.192319	1.6486	3.23411e-06	1.68164e-05
857	1	1	10	10	9	1	0.934354	0.0679	5.77066e-07	6.17609e-07
858	0	0	0	0	0	0	1	-0	0	0
859	1	1	46	78	15	1367	0.00057477	7.46154	4.4278e-08	7.7036e-05
860	0	0	0	0	0	0	1	-0	0	0
861	1	1	32	40	16	72	0.538806	0.6184	3.27782e-06	6.08349e-06
862	0	0	0	0	0	0	1	-0	0	0
863	1	1	54	73	22	277	0.153948	1.87114	2.90016e-06	1.88386e-05
864	1	1	3	3	3	0	0.981336	0.01884	1.66182e-07	1.69343e-07
865	1	1	11	13	6	28	0.798964	0.22444	1.77494e-06	2.22155e-06
866	2	2	26	41	14	304	0.164001	1.80788	3.02859e-06	1.84668e-05
867	0	0	0	0	0	0	1	-0	0	0
868	4	4	78	100	50	328	0.100179	2.3008	2.31137e-06	2.30724e-05
869	0	0	0	0	0	0	1	-0	0	0
870	2	2	55	72	22	391	0.0866169	2.44626	2.1515e-06	2.48393e-05
871	0	0	0	0	0	0	1	-0	0	0
872	4	4	36	43	21	128	0.397389	0.92284	3.66722e-06	9.2283e-06
873	1	1	72	101	14	1114	0.00180774	6.31568	1.17307e-07	6.48916e-05
874	2	2	71	91	24	382	0.0804854	2.51968	2.04703e-06	2.54336e-05
875	1	1	23	29	13	57	0.623242	0.47282	2.90778e-06	4.66557e-06
876	0	0	0	0	0	0	1	-0	0	0
877	2	2	26	33	16	82	0.535026	0.62544	3.3277e-06	6.21969e-06
878	0	0	0	0	0	0	1	-0	0	0
879	2	2	17	17	13	5	0.876113	0.13226	1.07348e-06	1.22528e-06
880	0	0	0	0	0	0	1	-0	0	0
881	3	3	46	58	20	180	0.277415	1.28224	3.56144e-06	1.28379e-05
882	1	1	11	15	8	28	0.788991	0.237	1.84186e-06	2.33444e-06
883	2	2	80	106	24	683	0.0157805	4.14898	6.67096e-07	4.22734e-05
884	1	1	18	30	7	152	0.381517	0.9636	3.7273e-06	9.76967e-06
885	0	0	0	0	0	0	1	-0	0	0
886	1	1	11	12	10	2	0.917998	0.08556	7.19378e-07	7.83638e-07
887	0	0	0	0	0	0	1	-0	0	0
888	1	1	23	31	13	65	0.590858	0.52618	3.07455e-06	5.20353e-06
889	0	0	0	0	0	0	1	-0	0	0
890	1	1	71	100	26	429	0.0598508	2.8159	1.70209e-06	2.84389e-05
891	1	1	12	12	9	6	0.899461	0.10596	8.96016e-07	9.9617e-07
892	1	1	21	22	14	11	0.823444	0.19426	1.50387e-06	1.82631e-06
893	2	2	47	60	17	277	0.167044	1.7895	3.02428e-06	1.81048e-05
894	0	0	0	0	0	0	1	-0	0	0
895	2	2	67	92	17	950	0.00441494	5.42276	2.45779e-07	5.56697e-05
896	0	0	0	0	0	0	1	-0	0	0
897	3	3	90	132	42	770	0.00860028	4.75596	4.15941e-07	4.83636e-05
898	0	0	0	0	0	0	1	-0	0	0
899	2	2	7	7	6	1	0.952124	0.04906	4.26805e-07	4.48266e-07
900	1	1	52	80	15	853	0.00780727	4.8527	3.89102e-07	4.98384e-05
901	4	4	119	164	41	1203	0.000773009	7.16522	5.65662e-08	7.31766e-05
902	2	2	49	65	24	265	0.172096	1.7597	3.05461e-06	1.77494e-05
903	0	0	0	0	0	0	1	-0	0	0
904	2	2	93	129	21	1314	0.000546749	7.51152	4.21537e-08	7.70988e-05
905	0	0	0	0	0	0	1	-0	0	0
906	2	2	22	22	20	2	0.862121	0.14836	1.16224e-06	1.34811e-06
907	0	0	0	0	0	0	1	-0	0	0
908	2	2	16	19	10	24	0.785276	0.24172	1.84359e-06	2.3477e-06
909	1	1	22	27	8	103	0.499144	0.69486	3.49242e-06	6.9968e-06
910	2	2	29	35	15	210	0.275051	1.2908	3.61242e-06	1.31336e-05
911	1	1	6	6	6	0	0.963021	0.03768	3.26161e-07	3.38686e-07
912	0	0	0	0	0	0	1	-0	0	0
913	1	1	7	7	7	0	0.956992	0.04396	3.78139e-07	3.95133e-07
914	0	0	0	0	0	0	1	-0	0	0
915	1	1	25	29	12	153	0.381967	0.96242	3.73043e-06	9.76636e-06
916	0	0	0	0	0	0	1	-0	0	0
917	1	1	39	56	14	217	0.232613	1.45838	3.41731e-06	1.4691e-05
918	1	1	33	47	12	216	0.247397	1.39676	3.49568e-06	1.41298e-05
919	0	0	0	0	0	0	1	-0	0	0
920	3	3	23	23	21	3	0.852365	0.15974	1.24249e-06	1.45769e-06
921	0	0	0	0	0	0	1	-0	0	0
922	2	2	14	14	12	2	0.90654	0.09812	8.12743e-07	8.96533e-07
923	0	0	0	0	0	0	1	-0	0	0
924	3	3	23	24	15	16	0.792692	0.23232	1.74779e-06	2.20487e-06
925	1	1	39	57	20	215	0.233526	1.45446	3.4191e-06	1.46412e-05
926	3	3	83	105	27	763	0.0105598	4.5507	4.90689e-07	4.64676e-05
927	1	1	82	119	27	1473	0.000258757	8.25962	2.19898e-08	8.49825e-05
928	0	0	0	0	0	0	1	-0	0	0
929	2	2	59	89	18	1790	6.20283e-05	9.68792	6.21103e-09	0.000100132
930	0	0	0	0	0	0	1	-0	0	0
931	2	1	112	178	20	2356	1.97797e-06	13.1334	2.6748e-10	0.000135229
932	0	0	0	0	0	0	1	-0	0	0
933	2	2	28	40	10	241	0.227569	1.4803	3.42788e-06	1.5063e-05
934	1	1	3	3	3	0	0.981336	0.01884	1.66182e-07	1.69343e-07
935	2	1	8	9	7	2	0.935457	0.06672	5.74646e-07	6.14295e-07
936	1	1	7	7	5	2	0.947281	0.05416	4.74966e-07	5.014e-07
937	0	0	0	0	0	0	1	-0	0	0
938	1	1	26	36	14	76	0.541355	0.61368	3.28615e-06	6.07024e-06
939	0	0	0	0	0	0	1	-0	0	0
940	1	1	15	20	9	66	0.629896	0.4622	2.92004e-06	4.63574e-06
941	0	0	0	0	0	0	1	-0	0	0
942	1	1	10	10	8	2	0.929601	0.073	6.23523e-07	6.70742e-07
943	1	1	9	13	6	28	0.798964	0.22444	1.77494e-06	2.22155e-06
944	1	1	52	87	10	2097	1.31241e-05	11.2411	1.52674e-09	0.000116331
945	1	1	7	8	6	2	0.94135	0.06044	5.2513e-07	5.57847e-07
946	0	0	0	0	0	0	1	-0	0	0
947	2	1	21	23	18	8	0.830905	0.18524	1.43195e-06	1.72336e-06
948	0	0	0	0	0	0	1	-0	0	0
949	3	3	22	22	19	3	0.857735	0.15346	1.2019e-06	1.40125e-06
950	0	0	0	0	0	0	1	-0	0	0
951	2	1	13	13	11	2	0.912251	0.09184	7.66369e-07	8.40085e-07
952	1	1	102	128	18	1196	0.00100432	6.90344	7.10787e-08	7.07726e-05
953	3	3	47	68	28	176	0.265899	1.32464	3.50717e-06	1.31899e-05
954	2	2	21	30	11	190	0.314302	1.1574	3.70523e-06	1.17887e-05
955	0	0	0	0	0	0	1	-0	0	0
956	2	2	29	37	18	71	0.55186	0.59446	3.23446e-06	5.86102e-06
957	0	0	0	0	0	0	1	-0	0	0
958	2	2	47	56	21	150	0.327365	1.11668	3.64391e-06	1.1131e-05
959	0	0	0	0	0	0	1	-0	0	0
960	2	2	116	173	29	1271	0.000516446	7.56854	3.99201e-08	7.72977e-05
961	1	1	2	2	2	0	0.987519	0.01256	1.11486e-07	1.12895e-07
962	3	3	92	140	28	1640	9.67674e-05	9.2432	9.19688e-09	9.50411e-05
963	1	1	4	4	4	0	0.975193	0.02512	2.20189e-07	2.2579e-07
964	0	0	0	0	0	0	1	-0	0	0
965	1	1	4	4	4	0	0.975193	0.02512	2.20189e-07	2.2579e-07
966	0	0	0	0	0	0	1	-0	0	0
967	1	1	6	9	5	10	0.898059	0.10752	9.33407e-07	1.03936e-06
968	0	0	0	0	0	0	1	-0	0	0
969	1	1	36	51	7	451	0.0727752	2.62038	1.95342e-06	2.68419e-05
970	1	1	9	9	9	0	0.945048	0.05652	4.80111e-07	5.08028e-07
971	1	1	14	16	10	16	0.833535	0.18208	1.46143e-06	1.75329e-06
972	1	1	68	109	12	2571	1.01907e-06	13.7966	1.45481e-10	0.000142758
973	0	0	0	0	0	0	1	-0	0	0
974	2	2	112	163	37	1965	1.59645e-05	11.0451	1.8137e-09	0.000113608
975	0	0	0	0	0	0	1	-0	0	0
976	3	3	74	107	25	1063	0.00225804	6.09326	1.41173e-07	6.25205e-05
977	1	1	10	11	9	3	0.919082	0.08438	7.17181e-07	7.80323e-07
978	3	2	33	42	17	161	0.337949	1.08486	3.69218e-06	1.09252e-05
979	2	1	40	50	22	105	0.427629	0.8495	3.59267e-06	8.40137e-06
980	0	0	0	0	0	0	1	-0	0	0
981	3	3	21	26	14	57	0.635095	0.45398	2.85554e-06	4.49623e-06
982	0	0	0	0	0	0	1	-0	0	0
983	2	1	25	33	9	181	0.322923	1.13034	3.70712e-06	1.14799e-05
984	0	0	0	0	0	0	1	-0	0	0
985	2	2	95	126	20	2001	1.67623e-05	10.9964	1.90138e-09	0.000113432
986	1	1	6	6	6	0	0.963021	0.03768	3.26161e-07	3.38686e-07
987	2	2	20	24	15	16	0.792692	0.23232	1.74779e-06	2.20487e-06
988	1	1	4	4	4	0	0.975193	0.02512	2.20189e-07	2.2579e-07
989	0	0	0	0	0	0	1	-0	0	0
990	1	1	2	2	2	0	0.987519	0.01256	1.11486e-07	1.12895e-07
991	0	0	0	0	0	0	1	-0	0	0
992	1	1	4	4	4	0	0.975193	0.02512	2.20189e-07	2.2579e-07
993	0	0	0	0	0	0	1	-0	0	0
994	1	1	7	10	5	11	0.887897	0.1189	1.02014e-06	1.14894e-06
995	1	1	39	50	13	327	0.137835	1.9817	2.78384e-06	2.01969e-05
996	1	1	7	7	6	1	0.952124	0.04906	4.26805e-07	4.48266e-07
997	1	1	6	6	6	0	0.963021	0.03768	3.26161e-07	3.38686e-07
998	0	0	0	0	0	0	1	-0	0	0
999	1	1	7	7	7	0	0.956992	0.04396	3.78139e-07	3.95133e-07
1000	0	0	0	0	0	0	1	-0	0	0