Hist	Tr_Tot	Tr_in	DSBs	DSBt	RIFs	NComb	PSurv	lPSurv	PMut*	PMut
1	1	1	6	6	4	3	0.948399	0.05298	4.72383e-07	4.98085e-07
2	2	2	11	11	7	7	0.900523	0.10478	8.94089e-07	9.92856e-07
3	1	1	0	0	0	0	1	-0	0	0
4	1	1	4	4	3	1	0.970232	0.03022	2.70621e-07	2.78924e-07
5	1	1	2	2	2	0	0.987519	0.01256	1.11486e-07	1.12895e-07
6	0	0	0	0	0	0	1	-0	0	0
7	5	5	51	56	26	110	0.401447	0.91268	3.61532e-06	9.00572e-06
8	2	2	5	6	3	6	0.933999	0.06828	6.1409e-07	6.57485e-07
9	4	4	35	37	15	66	0.566114	0.56896	3.16761e-06	5.59535e-06
10	2	2	25	27	9	47	0.664142	0.40926	2.67074e-06	4.02135e-06
11	2	2	12	16	8	21	0.812548	0.20758	1.6405e-06	2.01896e-06
12	3	3	18	18	10	20	0.806509	0.21504	1.67651e-06	2.07872e-06
13	5	5	27	28	12	35	0.701636	0.35434	2.41377e-06	3.44019e-06
14	3	3	13	16	6	46	0.715281	0.33508	2.39425e-06	3.34729e-06
15	0	0	0	0	0	0	1	-0	0	0
16	2	2	3	3	3	0	0.981336	0.01884	1.66182e-07	1.69343e-07
17	1	1	0	0	0	0	1	-0	0	0
18	3	3	9	10	6	6	0.910829	0.0934	8.04513e-07	8.83275e-07
19	2	2	38	40	16	100	0.467106	0.7612	3.53656e-06	7.57122e-06
20	2	2	13	13	6	28	0.798964	0.22444	1.77494e-06	2.22155e-06
21	3	3	33	35	13	114	0.44879	0.8012	3.60506e-06	8.03285e-06
22	5	5	43	46	14	182	0.296093	1.21708	3.63213e-06	1.22668e-05
23	2	2	36	38	12	57	0.588994	0.52934	3.04722e-06	5.1736e-06
24	0	0	0	0	0	0	1	-0	0	0
25	2	2	12	14	7	22	0.818633	0.20012	1.60386e-06	1.9592e-06
26	1	1	7	9	4	11	0.89349	0.11262	9.76132e-07	1.09249e-06
27	2	2	33	35	15	66	0.573269	0.5564	3.14292e-06	5.48246e-06
28	1	1	2	3	2	1	0.976344	0.02394	2.17213e-07	2.22476e-07
29	2	2	0	0	0	0	1	-0	0	0
30	1	1	3	3	3	0	0.981336	0.01884	1.66182e-07	1.69343e-07
31	1	1	14	14	9	8	0.87922	0.12872	1.06854e-06	1.21533e-06
32	1	1	5	6	3	4	0.943574	0.05808	5.20116e-07	5.51218e-07
33	0	0	0	0	0	0	1	-0	0	0
34	3	3	5	5	3	3	0.954374	0.0467	4.21487e-07	4.41638e-07
35	2	2	21	29	7	59	0.616917	0.48302	2.94383e-06	4.77184e-06
36	6	6	26	27	20	10	0.80207	0.22056	1.64859e-06	2.05542e-06
37	3	3	21	23	12	25	0.7619	0.27194	2.00123e-06	2.62662e-06
38	4	4	38	43	25	31	0.65172	0.42814	2.65535e-06	4.07438e-06
39	2	2	18	20	11	22	0.78836	0.2378	1.81156e-06	2.29788e-06
40	5	5	20	23	12	23	0.769711	0.26174	1.93995e-06	2.52036e-06
41	3	3	51	54	17	138	0.352424	1.04292	3.65836e-06	1.03806e-05
42	0	0	0	0	0	0	1	-0	0	0
43	3	3	4	4	4	0	0.975193	0.02512	2.20189e-07	2.2579e-07
44	2	2	5	5	5	0	0.969088	0.0314	2.73513e-07	2.82238e-07
45	3	3	4	4	4	0	0.975193	0.02512	2.20189e-07	2.2579e-07
46	3	3	10	11	5	12	0.87785	0.13028	1.10479e-06	1.25852e-06
47	3	3	14	14	5	18	0.835504	0.17972	1.45934e-06	1.74666e-06
48	2	2	1	1	1	0	0.99374	0.00628	5.60942e-08	5.64476e-08
49	2	2	8	9	7	2	0.935457	0.06672	5.74646e-07	6.14295e-07
50	3	3	26	31	14	50	0.637832	0.44968	2.81063e-06	4.40654e-06
51	0	0	0	0	0	0	1	-0	0	0
52	2	2	8	8	4	10	0.903716	0.10124	8.88274e-07	9.82913e-07
53	1	1	6	6	5	1	0.958122	0.04278	3.7541e-07	3.91819e-07
54	2	2	19	21	10	31	0.748279	0.28998	2.11952e-06	2.83253e-06
55	1	1	0	0	0	0	1	-0	0	0
56	2	2	6	6	6	0	0.963021	0.03768	3.26161e-07	3.38686e-07
57	1	1	1	1	1	0	0.99374	0.00628	5.60942e-08	5.64476e-08
58	1	1	5	5	5	0	0.969088	0.0314	2.73513e-07	2.82238e-07
59	1	1	3	3	2	1	0.976344	0.02394	2.17213e-07	2.22476e-07
60	2	2	3	3	3	0	0.981336	0.01884	1.66182e-07	1.69343e-07
61	5	5	23	27	11	73	0.581665	0.54186	3.14263e-06	5.40281e-06
62	2	2	21	22	10	35	0.728578	0.31666	2.25969e-06	3.10151e-06
63	2	2	33	35	11	215	0.268126	1.3163	3.5927e-06	1.33993e-05
64	3	3	20	24	6	126	0.452341	0.79332	3.64113e-06	8.04953e-06
65	4	4	56	66	25	136	0.330192	1.10808	3.61615e-06	1.09517e-05
66	3	3	38	45	15	115	0.419329	0.8691	3.62739e-06	8.65046e-06
67	0	0	0	0	0	0	1	-0	0	0
68	2	2	7	9	6	4	0.925964	0.07692	6.67214e-07	7.20561e-07
69	1	1	2	2	1	1	0.982495	0.01766	1.63122e-07	1.66028e-07
70	3	3	30	33	12	111	0.461469	0.77334	3.58126e-06	7.76056e-06
71	2	2	28	29	12	46	0.659205	0.41672	2.69029e-06	4.08111e-06
72	2	2	3	3	3	0	0.981336	0.01884	1.66182e-07	1.69343e-07
73	2	2	13	15	7	17	0.834519	0.1809	1.46039e-06	1.74998e-06
74	3	3	9	9	6	6	0.916567	0.08712	7.57843e-07	8.26828e-07
75	3	3	9	9	9	0	0.945048	0.05652	4.80111e-07	5.08028e-07
76	0	0	0	0	0	0	1	-0	0	0
77	2	2	2	2	2	0	0.987519	0.01256	1.11486e-07	1.12895e-07
78	1	1	2	2	2	0	0.987519	0.01256	1.11486e-07	1.12895e-07
79	3	3	33	35	18	40	0.654555	0.4238	2.68433e-06	4.10099e-06
80	1	0	1	1	1	0	0.99374	0.00628	5.60942e-08	5.64476e-08
81	2	2	10	11	8	6	0.905127	0.09968	8.50568e-07	9.39723e-07
82	1	1	3	3	3	0	0.981336	0.01884	1.66182e-07	1.69343e-07
83	3	3	0	0	0	0	1	-0	0	0
84	1	1	1	1	1	0	0.99374	0.00628	5.60942e-08	5.64476e-08
85	0	0	0	0	0	0	1	-0	0	0
86	1	1	0	0	0	0	1	-0	0	0
87	2	2	43	47	12	129	0.385559	0.95306	3.6656e-06	9.50722e-06
88	5	5	26	28	14	36	0.698067	0.35944	2.43858e-06	3.49333e-06
89	3	3	15	18	7	36	0.743312	0.29664	2.17705e-06	2.92885e-06
90	5	5	42	43	27	36	0.635311	0.45364	2.75728e-06	4.34004e-06
91	2	2	34	39	11	92	0.489623	0.71412	3.47128e-06	7.08971e-06
92	2	2	7	7	6	1	0.952124	0.04906	4.26805e-07	4.48266e-07
93	3	3	8	9	7	3	0.930698	0.07182	6.21174e-07	6.67428e-07
94	0	0	0	0	0	0	1	-0	0	0
95	3	3	10	10	8	3	0.924872	0.0781	6.69492e-07	7.23876e-07
96	2	2	27	29	10	67	0.592254	0.52382	3.07789e-06	5.1969e-06
97	3	3	42	50	17	180	0.291709	1.232	3.61321e-06	1.23864e-05
98	3	2	1	1	1	0	0.99374	0.00628	5.60942e-08	5.64476e-08
99	3	3	16	16	10	10	0.859435	0.15148	1.23285e-06	1.43449e-06
100	2	2	2	2	2	0	0.987519	0.01256	1.11486e-07	1.12895e-07
101	2	2	3	3	3	0	0.981336	0.01884	1.66182e-07	1.69343e-07
102	4	4	14	16	11	15	0.837797	0.17698	1.42439e-06	1.70016e-06
103	0	0	0	0	0	0	1	-0	0	0
104	3	2	5	5	3	3	0.954374	0.0467	4.21487e-07	4.41638e-07
105	1	1	6	6	5	1	0.958122	0.04278	3.7541e-07	3.91819e-07
106	2	2	8	9	5	7	0.911905	0.09222	8.0244e-07	8.79961e-07
107	1	1	3	3	3	0	0.981336	0.01884	1.66182e-07	1.69343e-07
108	3	3	4	4	4	0	0.975193	0.02512	2.20189e-07	2.2579e-07
109	1	1	0	0	0	0	1	-0	0	0
110	2	2	16	17	10	16	0.828316	0.18836	1.49904e-06	1.80974e-06
111	1	1	1	1	1	0	0.99374	0.00628	5.60942e-08	5.64476e-08
112	0	0	0	0	0	0	1	-0	0	0
113	1	1	0	0	0	0	1	-0	0	0
114	2	2	17	20	5	66	0.629896	0.4622	2.92004e-06	4.63574e-06
115	4	4	26	29	13	40	0.679689	0.38612	2.5572e-06	3.76231e-06
116	4	3	28	31	13	59	0.609217	0.49558	2.97587e-06	4.88473e-06
117	5	5	78	84	31	210	0.202196	1.59852	3.21482e-06	1.58996e-05
118	3	3	17	18	7	48	0.699185	0.35784	2.49361e-06	3.56645e-06
119	0	0	0	0	0	0	1	-0	0	0
120	2	2	11	11	8	6	0.905127	0.09968	8.50568e-07	9.39723e-07
121	1	1	0	0	0	0	1	-0	0	0
122	3	3	14	15	10	7	0.878183	0.1299	1.07019e-06	1.21865e-06
123	2	2	22	24	9	50	0.666497	0.40572	2.67359e-06	4.0114e-06
124	3	3	22	22	14	15	0.806816	0.21466	1.64497e-06	2.03885e-06
125	2	2	2	2	2	0	0.987519	0.01256	1.11486e-07	1.12895e-07
126	3	3	37	41	11	142	0.374681	0.98168	3.69408e-06	9.85927e-06
127	4	4	31	37	14	105	0.464005	0.76786	3.55778e-06	7.66755e-06
128	0	0	0	0	0	0	1	-0	0	0
129	2	2	15	17	8	30	0.771237	0.25976	1.96943e-06	2.55361e-06
130	1	1	1	1	1	0	0.99374	0.00628	5.60942e-08	5.64476e-08
131	4	4	29	33	17	33	0.686918	0.37554	2.48401e-06	3.61617e-06
132	1	1	9	9	5	7	0.911905	0.09222	8.0244e-07	8.79961e-07
133	2	2	25	26	12	34	0.714137	0.33668	2.3382e-06	3.27417e-06
134	1	1	16	18	6	37	0.73953	0.30174	2.20527e-06	2.98199e-06
135	3	3	38	43	21	55	0.576638	0.55054	3.08477e-06	5.34957e-06
136	1	1	0	0	0	0	1	-0	0	0
137	0	0	0	0	0	0	1	-0	0	0
138	1	1	0	0	0	0	1	-0	0	0
139	1	1	22	24	14	20	0.776685	0.25272	1.87756e-06	2.41741e-06
140	1	1	0	0	0	0	1	-0	0	0
141	3	3	15	16	10	21	0.812548	0.20758	1.6405e-06	2.01896e-06
142	7	7	36	36	20	29	0.687991	0.37398	2.45817e-06	3.57298e-06
143	2	2	5	5	5	0	0.969088	0.0314	2.73513e-07	2.82238e-07
144	2	2	4	4	4	0	0.975193	0.02512	2.20189e-07	2.2579e-07
145	4	4	63	75	28	137	0.31046	1.1697	3.57427e-06	1.15128e-05
146	0	0	0	0	0	0	1	-0	0	0
147	3	3	18	19	11	11	0.839105	0.17542	1.39037e-06	1.65697e-06
148	2	2	1	1	1	0	0.99374	0.00628	5.60942e-08	5.64476e-08
149	2	2	4	4	2	3	0.960386	0.04042	3.69931e-07	3.8519e-07
150	4	4	6	6	5	1	0.958122	0.04278	3.7541e-07	3.91819e-07
151	3	3	7	7	7	0	0.956992	0.04396	3.78139e-07	3.95133e-07
152	2	2	17	19	7	58	0.660261	0.41512	2.74288e-06	4.15423e-06
153	2	2	30	31	14	46	0.650978	0.42928	2.7302e-06	4.194e-06
154	6	6	41	45	21	77	0.509004	0.6753	3.37541e-06	6.6314e-06
155	0	0	0	0	0	0	1	-0	0	0
156	4	4	19	24	10	34	0.723163	0.32412	2.28612e-06	3.16127e-06
157	1	1	1	1	1	0	0.99374	0.00628	5.60942e-08	5.64476e-08
158	2	2	3	3	3	0	0.981336	0.01884	1.66182e-07	1.69343e-07
159	1	1	7	7	4	4	0.937667	0.06436	5.69789e-07	6.07666e-07
160	4	4	33	43	17	97	0.465455	0.76474	3.52869e-06	7.58117e-06
161	1	1	10	12	3	25	0.816393	0.20286	1.63744e-06	2.0057e-06
162	2	2	3	3	3	0	0.981336	0.01884	1.66182e-07	1.69343e-07
163	1	1	3	3	3	0	0.981336	0.01884	1.66182e-07	1.69343e-07
164	0	0	0	0	0	0	1	-0	0	0
165	1	1	2	2	1	1	0.982495	0.01766	1.63122e-07	1.66028e-07
166	1	1	15	17	2	94	0.55646	0.58616	3.31324e-06	5.95413e-06
167	1	1	1	1	1	0	0.99374	0.00628	5.60942e-08	5.64476e-08
168	2	2	16	16	10	13	0.846386	0.16678	1.34905e-06	1.59389e-06
169	3	3	3	3	3	0	0.981336	0.01884	1.66182e-07	1.69343e-07
170	5	5	44	50	19	164	0.31651	1.1504	3.65133e-06	1.15362e-05
171	4	4	3	3	3	0	0.981336	0.01884	1.66182e-07	1.69343e-07
172	2	2	5	5	4	1	0.964158	0.0365	3.23351e-07	3.35371e-07
173	1	1	0	0	0	0	1	-0	0	0
174	4	3	18	18	14	5	0.870628	0.13854	1.1159e-06	1.28172e-06
175	2	2	7	8	6	3	0.936562	0.06554	5.72221e-07	6.1098e-07
176	3	3	8	8	6	2	0.94135	0.06044	5.2513e-07	5.57847e-07
177	2	2	0	0	0	0	1	-0	0	0
178	4	4	43	49	16	161	0.323415	1.12882	3.66118e-06	1.13204e-05
179	4	4	4	5	4	1	0.964158	0.0365	3.23351e-07	3.35371e-07
180	0	0	0	0	0	0	1	-0	0	0
181	2	2	32	34	13	49	0.629128	0.46342	2.84539e-06	4.52275e-06
182	1	1	9	9	4	8	0.907266	0.09732	8.46564e-07	9.33094e-07
183	6	6	47	54	19	116	0.39427	0.93072	3.63186e-06	9.21162e-06
184	1	1	4	4	4	0	0.975193	0.02512	2.20189e-07	2.2579e-07
185	3	3	30	32	12	52	0.627407	0.46616	2.86678e-06	4.56925e-06
186	1	1	13	15	6	22	0.813508	0.2064	1.63974e-06	2.01564e-06
187	2	2	11	11	4	12	0.87785	0.13028	1.10479e-06	1.25852e-06
188	1	1	0	0	0	0	1	-0	0	0
189	0	0	0	0	0	0	1	-0	0	0
190	1	1	16	19	5	70	0.621065	0.47632	2.97604e-06	4.79183e-06
191	1	1	42	49	13	238	0.21838	1.52152	3.36559e-06	1.54116e-05
192	1	1	1	1	1	0	0.99374	0.00628	5.60942e-08	5.64476e-08
193	1	1	11	12	5	14	0.863501	0.14676	1.22724e-06	1.42124e-06
194	3	3	12	12	10	3	0.913328	0.09066	7.64246e-07	8.36771e-07
195	3	3	2	2	2	0	0.987519	0.01256	1.11486e-07	1.12895e-07
196	3	3	18	18	12	13	0.835822	0.17934	1.42657e-06	1.70679e-06
197	5	5	23	25	16	20	0.771823	0.259	1.90938e-06	2.47385e-06
198	0	0	0	0	0	0	1	-0	0	0
199	5	5	40	43	21	63	0.553585	0.59134	3.19675e-06	5.77464e-06
200	2	2	0	0	0	0	1	-0	0	0
201	2	2	2	2	2	0	0.987519	0.01256	1.11486e-07	1.12895e-07
202	4	4	30	32	17	29	0.705492	0.34886	2.36141e-06	3.34719e-06
203	4	4	57	63	29	95	0.414725	0.88014	3.56823e-06	8.60385e-06
204	3	3	7	9	3	21	0.849065	0.16362	1.37873e-06	1.62383e-06
205	3	3	6	6	4	3	0.948399	0.05298	4.72383e-07	4.98085e-07
206	2	2	0	0	0	0	1	-0	0	0
207	0	0	0	0	0	0	1	-0	0	0
208	4	4	23	23	18	7	0.835153	0.18014	1.3949e-06	1.67023e-06
209	1	1	4	4	4	0	0.975193	0.02512	2.20189e-07	2.2579e-07
210	2	2	12	12	7	9	0.885804	0.12126	1.02361e-06	1.15557e-06
211	2	2	34	36	15	52	0.611843	0.49128	2.93381e-06	4.79504e-06
212	5	5	12	13	9	5	0.8984	0.10714	8.97937e-07	9.99485e-07
213	2	2	2	2	2	0	0.987519	0.01256	1.11486e-07	1.12895e-07
214	2	2	3	3	3	0	0.981336	0.01884	1.66182e-07	1.69343e-07
215	2	2	53	60	17	141	0.334239	1.0959	3.63606e-06	1.08786e-05
216	0	0	0	0	0	0	1	-0	0	0
217	1	1	12	15	4	35	0.761321	0.2727	2.06042e-06	2.70638e-06
218	1	1	3	3	2	1	0.976344	0.02394	2.17213e-07	2.22476e-07
219	1	1	10	10	5	7	0.906196	0.0985	8.48569e-07	9.36408e-07
220	1	1	14	16	7	31	0.772147	0.25858	1.9692e-06	2.55029e-06
221	4	4	7	7	7	0	0.956992	0.04396	3.78139e-07	3.95133e-07
222	4	4	23	25	11	41	0.693433	0.3661	2.48918e-06	3.58965e-06
223	3	3	7	7	5	3	0.942462	0.05926	5.22626e-07	5.54533e-07
224	3	3	20	23	11	39	0.709397	0.34334	2.39102e-06	3.37049e-06
225	0	0	0	0	0	0	1	-0	0	0
226	5	5	45	55	21	155	0.321133	1.1359	3.64173e-06	1.13403e-05
227	2	2	30	33	12	87	0.521555	0.65094	3.38247e-06	6.48536e-06
228	4	4	18	18	14	4	0.87508	0.13344	1.07511e-06	1.22859e-06
229	2	2	6	7	6	1	0.952124	0.04906	4.26805e-07	4.48266e-07
230	5	5	36	38	21	35	0.658929	0.41714	2.63879e-06	4.00467e-06
231	3	3	8	8	7	1	0.946163	0.05534	4.77542e-07	5.04714e-07
232	0	0	0	0	0	0	1	-0	0	0
233	3	2	13	13	7	16	0.849387	0.16324	1.34539e-06	1.58395e-06
234	1	1	6	7	4	6	0.928152	0.07456	6.62638e-07	7.13932e-07
235	4	4	18	19	10	22	0.793327	0.23152	1.77819e-06	2.24143e-06
236	1	1	9	9	5	5	0.921254	0.08202	7.12769e-07	7.73694e-07
237	4	4	33	38	20	41	0.639071	0.44774	2.763e-06	4.32347e-06
238	2	2	8	9	6	6	0.916567	0.08712	7.57843e-07	8.26828e-07
239	2	2	33	38	17	92	0.492707	0.70784	3.46534e-06	7.03326e-06
240	3	3	23	28	9	59	0.620804	0.47674	2.92733e-06	4.71539e-06
241	0	0	0	0	0	0	1	-0	0	0
242	2	2	1	1	1	0	0.99374	0.00628	5.60942e-08	5.64476e-08
243	1	1	11	13	2	66	0.658204	0.41824	2.79119e-06	4.24061e-06
244	1	1	17	24	7	60	0.633358	0.45672	2.87718e-06	4.54273e-06
245	1	1	18	19	4	49	0.691273	0.36922	2.54114e-06	3.67603e-06
246	1	1	13	14	7	13	0.857083	0.15422	1.26934e-06	1.481e-06
247	1	1	8	8	4	5	0.927057	0.07574	6.64929e-07	7.17247e-07
248	3	3	53	55	24	71	0.492875	0.7075	3.38954e-06	6.87708e-06
249	4	4	22	23	13	16	0.797686	0.22604	1.71377e-06	2.14843e-06
250	0	0	0	0	0	0	1	-0	0	0
251	4	4	15	16	14	2	0.895225	0.11068	9.03665e-07	1.00943e-06
252	2	2	30	31	9	69	0.578926	0.54658	3.1355e-06	5.41607e-06
253	2	2	9	10	7	4	0.920167	0.0832	7.14978e-07	7.77009e-07
254	3	3	15	16	12	5	0.881632	0.12598	1.03048e-06	1.16883e-06
255	5	5	65	75	18	219	0.204354	1.5879	3.24305e-06	1.58697e-05
256	3	3	18	20	14	10	0.838115	0.1766	1.39151e-06	1.66028e-06
257	3	3	11	12	8	7	0.894885	0.11106	9.39006e-07	1.0493e-06
258	2	2	12	13	7	16	0.849387	0.16324	1.34539e-06	1.58395e-06
259	0	0	0	0	0	0	1	-0	0	0
260	3	3	13	14	5	31	0.781907	0.24602	1.90582e-06	2.4374e-06
261	1	1	11	14	8	16	0.84407	0.16952	1.38461e-06	1.6404e-06
262	2	2	3	3	3	0	0.981336	0.01884	1.66182e-07	1.69343e-07
263	2	2	26	29	14	28	0.722585	0.32492	2.25787e-06	3.12471e-06
264	4	4	66	70	31	97	0.392861	0.9343	3.5771e-06	9.10525e-06
265	2	1	6	7	5	2	0.947281	0.05416	4.74966e-07	5.014e-07
266	4	4	16	16	11	7	0.872686	0.13618	1.11276e-06	1.27509e-06
267	2	2	54	57	15	257	0.188499	1.66866	3.1805e-06	1.68727e-05
268	0	0	0	0	0	0	1	-0	0	0
269	2	1	2	2	2	0	0.987519	0.01256	1.11486e-07	1.12895e-07
270	1	1	0	0	0	0	1	-0	0	0
271	1	1	2	2	2	0	0.987519	0.01256	1.11486e-07	1.12895e-07
272	1	1	10	10	3	16	0.865541	0.1444	1.2244e-06	1.41461e-06
273	1	1	9	9	7	2	0.935457	0.06672	5.74646e-07	6.14295e-07
274	1	1	4	4	2	2	0.965296	0.03532	3.20533e-07	3.32057e-07
275	4	4	49	55	28	75	0.482922	0.7279	3.42373e-06	7.08961e-06
276	4	4	41	45	22	60	0.555104	0.5886	3.17971e-06	5.72813e-06
277	0	0	0	0	0	0	1	-0	0	0
278	4	4	19	21	13	12	0.824416	0.19308	1.50291e-06	1.823e-06
279	3	3	15	16	6	39	0.741278	0.29938	2.20557e-06	2.97536e-06
280	4	4	33	33	20	21	0.730271	0.31434	2.17516e-06	2.97857e-06
281	2	1	19	22	6	60	0.641363	0.44416	2.84113e-06	4.42984e-06
282	2	2	24	24	9	31	0.734313	0.30882	2.20431e-06	3.00187e-06
283	3	3	24	27	11	40	0.68828	0.37356	2.51182e-06	3.64941e-06
284	4	4	13	14	11	4	0.89734	0.10832	8.99852e-07	1.0028e-06
285	3	3	17	17	10	10	0.854055	0.15776	1.27335e-06	1.49094e-06
286	1	1	5	5	4	1	0.964158	0.0365	3.23351e-07	3.35371e-07
287	3	3	7	9	5	10	0.898059	0.10752	9.33407e-07	1.03936e-06
288	2	2	17	22	8	33	0.736048	0.30646	2.20464e-06	2.99524e-06
289	3	3	16	18	9	25	0.786203	0.24054	1.84316e-06	2.34439e-06
290	2	2	2	2	2	0	0.987519	0.01256	1.11486e-07	1.12895e-07
291	2	2	9	11	3	21	0.838467	0.17618	1.45618e-06	1.73672e-06
292	3	3	10	10	6	7	0.906196	0.0985	8.48569e-07	9.36408e-07
293	0	0	0	0	0	0	1	-0	0	0
294	2	2	24	25	10	61	0.626191	0.4681	2.91324e-06	4.65232e-06
295	1	1	1	1	1	0	0.99374	0.00628	5.60942e-08	5.64476e-08
296	2	2	4	4	4	0	0.975193	0.02512	2.20189e-07	2.2579e-07
297	1	1	1	1	1	0	0.99374	0.00628	5.60942e-08	5.64476e-08
298	1	1	10	10	2	36	0.78161	0.2464	1.93626e-06	2.47727e-06
299	1	1	1	1	1	0	0.99374	0.00628	5.60942e-08	5.64476e-08
300	1	1	1	1	1	0	0.99374	0.00628	5.60942e-08	5.64476e-08
301	1	1	4	4	3	1	0.970232	0.03022	2.70621e-07	2.78924e-07
302	0	0	0	0	0	0	1	-0	0	0
303	5	5	100	112	37	320	0.0967756	2.33536	2.25727e-06	2.33248e-05
304	2	2	12	12	9	3	0.913328	0.09066	7.64246e-07	8.36771e-07
305	3	3	24	24	10	26	0.753279	0.28332	2.06113e-06	2.73621e-06
306	3	3	38	43	16	96	0.467835	0.75964	3.52188e-06	7.52803e-06
307	4	4	24	25	14	19	0.775769	0.2539	1.87792e-06	2.42072e-06
308	3	3	3	3	3	0	0.981336	0.01884	1.66182e-07	1.69343e-07
309	4	4	22	23	16	13	0.809985	0.21074	1.61108e-06	1.98903e-06
310	2	2	27	29	12	44	0.665964	0.40652	2.6471e-06	3.97484e-06
311	0	0	0	0	0	0	1	-0	0	0
312	3	2	28	31	13	67	0.584862	0.53638	3.1055e-06	5.3098e-06
313	1	1	1	1	1	0	0.99374	0.00628	5.60942e-08	5.64476e-08
314	3	2	30	39	11	85	0.507418	0.67842	3.40872e-06	6.71778e-06
315	2	2	12	12	8	5	0.90406	0.10086	8.52562e-07	9.43037e-07
316	3	3	10	12	10	2	0.917998	0.08556	7.19378e-07	7.83638e-07
317	3	3	17	17	10	13	0.841087	0.17306	1.38808e-06	1.65034e-06
318	3	3	15	16	8	19	0.820879	0.19738	1.57009e-06	1.91269e-06
319	2	2	4	4	4	0	0.975193	0.02512	2.20189e-07	2.2579e-07
320	0	0	0	0	0	0	1	-0	0	0
321	3	3	27	30	17	24	0.73286	0.3108	2.17559e-06	2.96862e-06
322	1	1	0	0	0	0	1	-0	0	0
323	2	2	14	15	12	6	0.882673	0.1248	1.02877e-06	1.16551e-06
324	1	1	0	0	0	0	1	-0	0	0
325	1	1	25	26	8	68	0.600448	0.51008	3.05069e-06	5.0807e-06
326	1	1	3	3	3	0	0.981336	0.01884	1.66182e-07	1.69343e-07
327	1	1	8	9	5	5	0.921254	0.08202	7.12769e-07	7.73694e-07
328	1	1	0	0	0	0	1	-0	0	0
329	0	0	0	0	0	0	1	-0	0	0
330	7	7	73	80	37	125	0.319851	1.1399	3.56872e-06	1.11575e-05
331	3	3	20	21	12	30	0.752105	0.28488	2.0904e-06	2.7794e-06
332	5	5	61	65	24	105	0.389185	0.9437	3.59922e-06	9.24808e-06
333	2	1	1	1	1	0	0.99374	0.00628	5.60942e-08	5.64476e-08
334	2	2	5	5	4	1	0.964158	0.0365	3.23351e-07	3.35371e-07
335	3	2	29	30	18	23	0.736608	0.3057	2.14757e-06	2.91549e-06
336	5	5	7	7	6	1	0.952124	0.04906	4.26805e-07	4.48266e-07
337	3	2	5	5	5	0	0.969088	0.0314	2.73513e-07	2.82238e-07
338	0	0	0	0	0	0	1	-0	0	0
339	2	2	12	15	5	31	0.777012	0.2523	1.93775e-06	2.49384e-06
340	2	2	4	4	4	0	0.975193	0.02512	2.20189e-07	2.2579e-07
341	3	3	26	28	13	42	0.67703	0.39004	2.58092e-06	3.81213e-06
342	2	2	16	18	7	23	0.794264	0.23034	1.77766e-06	2.23812e-06
343	2	2	17	18	7	38	0.735768	0.30684	2.23314e-06	3.03512e-06
344	4	4	52	58	24	109	0.398463	0.92014	3.61226e-06	9.06548e-06
345	0	0	0	0	0	0	1	-0	0	0
346	3	3	5	5	5	0	0.969088	0.0314	2.73513e-07	2.82238e-07
347	1	1	0	0	0	0	1	-0	0	0
348	2	2	6	7	5	3	0.942462	0.05926	5.22626e-07	5.54533e-07
349	1	1	1	1	1	0	0.99374	0.00628	5.60942e-08	5.64476e-08
350	3	3	20	21	8	39	0.718363	0.33078	2.34014e-06	3.25759e-06
351	1	1	1	1	1	0	0.99374	0.00628	5.60942e-08	5.64476e-08
352	1	1	37	44	14	84	0.494247	0.70472	3.43348e-06	6.94688e-06
353	1	0	0	0	0	0	1	-0	0	0
354	0	0	0	0	0	0	1	-0	0	0
355	1	1	1	1	1	0	0.99374	0.00628	5.60942e-08	5.64476e-08
356	2	2	9	9	5	7	0.911905	0.09222	8.0244e-07	8.79961e-07
357	4	4	30	36	13	69	0.561031	0.57798	3.19692e-06	5.6983e-06
358	2	2	15	18	9	17	0.818944	0.19974	1.57182e-06	1.91932e-06
359	7	7	30	33	22	22	0.726556	0.31944	2.2027e-06	3.0317e-06
360	3	2	20	23	11	28	0.750332	0.28724	2.09044e-06	2.78602e-06
361	5	5	38	42	20	54	0.583238	0.53916	3.05616e-06	5.23999e-06
362	2	2	1	1	1	0	0.99374	0.00628	5.60942e-08	5.64476e-08
363	0	0	0	0	0	0	1	-0	0	0
364	3	3	10	10	7	3	0.924872	0.0781	6.69492e-07	7.23876e-07
365	1	1	2	2	2	0	0.987519	0.01256	1.11486e-07	1.12895e-07
366	3	3	11	11	8	6	0.905127	0.09968	8.50568e-07	9.39723e-07
367	2	2	20	23	9	51	0.667284	0.40454	2.67453e-06	4.00809e-06
368	3	3	4	4	4	0	0.975193	0.02512	2.20189e-07	2.2579e-07
369	3	2	5	5	4	1	0.964158	0.0365	3.23351e-07	3.35371e-07
370	3	2	10	10	8	3	0.924872	0.0781	6.69492e-07	7.23876e-07
371	2	2	37	44	10	158	0.338876	1.08212	3.68655e-06	1.08787e-05
372	0	0	0	0	0	0	1	-0	0	0
373	4	4	18	18	7	32	0.758631	0.27624	2.06068e-06	2.71632e-06
374	1	1	9	10	3	16	0.865541	0.1444	1.2244e-06	1.41461e-06
375	2	2	15	16	6	38	0.745068	0.29428	2.17725e-06	2.92222e-06
376	1	1	1	1	1	0	0.99374	0.00628	5.60942e-08	5.64476e-08
377	2	2	7	7	5	2	0.947281	0.05416	4.74966e-07	5.014e-07
378	1	1	0	0	0	0	1	-0	0	0
379	2	2	39	44	11	198	0.276341	1.28612	3.59356e-06	1.30041e-05
380	1	1	5	5	4	1	0.964158	0.0365	3.23351e-07	3.35371e-07
381	0	0	0	0	0	0	1	-0	0	0
382	1	0	0	0	0	0	1	-0	0	0
383	3	2	5	5	5	0	0.969088	0.0314	2.73513e-07	2.82238e-07
384	4	4	8	8	8	0	0.951001	0.05024	4.29454e-07	4.51581e-07
385	2	2	5	5	5	0	0.969088	0.0314	2.73513e-07	2.82238e-07
386	3	3	33	36	17	56	0.599488	0.51168	3.00198e-06	5.00757e-06
387	4	4	45	47	20	128	0.387531	0.94796	3.66375e-06	9.45409e-06
388	5	5	21	25	6	74	0.586021	0.5344	3.13114e-06	5.34305e-06
389	3	3	31	32	13	56	0.614737	0.48656	2.93954e-06	4.78178e-06
390	0	0	0	0	0	0	1	-0	0	0
391	2	2	10	10	8	2	0.929601	0.073	6.23523e-07	6.70742e-07
392	3	2	41	44	17	114	0.424128	0.85772	3.62243e-06	8.54088e-06
393	3	2	6	6	5	1	0.958122	0.04278	3.7541e-07	3.91819e-07
394	2	2	9	9	7	3	0.930698	0.07182	6.21174e-07	6.67428e-07
395	3	2	32	34	15	48	0.632345	0.45832	2.82634e-06	4.46961e-06
396	2	2	8	8	8	0	0.951001	0.05024	4.29454e-07	4.51581e-07
397	3	2	19	21	9	28	0.759815	0.27468	2.03108e-06	2.67313e-06
398	3	3	54	62	19	162	0.296544	1.21556	3.59035e-06	1.21073e-05
399	0	0	0	0	0	0	1	-0	0	0
400	2	2	14	14	12	2	0.90654	0.09812	8.12743e-07	8.96533e-07
401	1	1	1	1	1	0	0.99374	0.00628	5.60942e-08	5.64476e-08
402	4	4	43	47	21	101	0.444742	0.81026	3.56661e-06	8.01949e-06
403	1	1	7	7	3	10	0.909409	0.09496	8.42536e-07	9.26465e-07
404	2	2	2	2	2	0	0.987519	0.01256	1.11486e-07	1.12895e-07
405	1	1	2	2	2	0	0.987519	0.01256	1.11486e-07	1.12895e-07
406	0	0	0	0	0	0	1	-0	0	0
407	1	1	3	4	1	6	0.945804	0.05572	5.15075e-07	5.4459e-07
408	1	1	24	26	9	50	0.658178	0.41828	2.71452e-06	4.1243e-06
409	3	2	35	40	19	47	0.612075	0.4909	2.91052e-06	4.75516e-06
410	2	2	3	3	3	0	0.981336	0.01884	1.66182e-07	1.69343e-07
411	3	3	2	2	2	0	0.987519	0.01256	1.11486e-07	1.12895e-07
412	4	4	31	39	15	76	0.531251	0.63252	3.31479e-06	6.23958e-06
413	3	3	8	8	8	0	0.951001	0.05024	4.29454e-07	4.51581e-07
414	2	2	3	3	3	0	0.981336	0.01884	1.66182e-07	1.69343e-07
415	0	0	0	0	0	0	1	-0	0	0
416	5	5	26	26	14	35	0.710504	0.34178	2.36406e-06	3.3273e-06
417	1	1	3	3	3	0	0.981336	0.01884	1.66182e-07	1.69343e-07
418	3	2	25	27	15	26	0.73922	0.30216	2.14784e-06	2.90555e-06
419	2	2	5	5	5	0	0.969088	0.0314	2.73513e-07	2.82238e-07
420	4	4	25	29	14	81	0.551441	0.59522	3.27599e-06	5.94077e-06
421	4	4	34	38	13	73	0.54284	0.61094	3.26993e-06	6.02373e-06
422	3	2	13	16	7	22	0.808415	0.21268	1.67511e-06	2.07209e-06
423	2	2	9	9	8	1	0.94024	0.06162	5.27627e-07	5.61162e-07
424	0	0	0	0	0	0	1	-0	0	0
425	6	5	26	28	17	17	0.769096	0.26254	1.91028e-06	2.4838e-06
426	1	1	3	3	3	0	0.981336	0.01884	1.66182e-07	1.69343e-07
427	3	2	19	20	11	17	0.808722	0.2123	1.6435e-06	2.03222e-06
428	1	1	5	5	4	1	0.964158	0.0365	3.23351e-07	3.35371e-07
429	2	2	17	19	6	55	0.670441	0.39982	2.6783e-06	3.99483e-06
430	1	1	7	7	3	7	0.92343	0.07966	7.08332e-07	7.67066e-07
431	3	2	21	25	4	177	0.34656	1.0597	3.74831e-06	1.08158e-05
432	1	1	4	4	2	3	0.960386	0.04042	3.69931e-07	3.8519e-07
433	0	0	0	0	0	0	1	-0	0	0
434	1	1	9	11	2	37	0.772765	0.25778	1.99903e-06	2.58685e-06
435	1	1	6	7	3	10	0.909409	0.09496	8.42536e-07	9.26465e-07
436	3	3	38	48	12	114	0.413607	0.88284	3.62595e-06	8.76667e-06
437	3	2	11	12	10	3	0.913328	0.09066	7.64246e-07	8.36771e-07
438	3	2	2	2	2	0	0.987519	0.01256	1.11486e-07	1.12895e-07
439	5	5	46	51	21	112	0.410048	0.89148	3.62062e-06	8.82975e-06
440	3	2	8	9	8	1	0.94024	0.06162	5.27627e-07	5.61162e-07
441	4	3	10	12	5	17	0.85039	0.16206	1.34416e-06	1.58064e-06
442	0	0	0	0	0	0	1	-0	0	0
443	2	2	39	44	14	100	0.455518	0.78632	3.55168e-06	7.79701e-06
444	4	3	11	13	7	13	0.862483	0.14794	1.22865e-06	1.42455e-06
445	5	5	29	32	16	30	0.701903	0.35396	2.38669e-06	3.40032e-06
446	2	2	5	5	4	1	0.964158	0.0365	3.23351e-07	3.35371e-07
447	3	3	35	40	14	148	0.365679	1.006	3.70126e-06	1.01216e-05
448	2	2	8	9	4	11	0.89349	0.11262	9.76132e-07	1.09249e-06
449	4	4	8	10	6	5	0.915486	0.0883	7.59984e-07	8.30142e-07
450	4	4	5	5	5	0	0.969088	0.0314	2.73513e-07	2.82238e-07
451	0	0	0	0	0	0	1	-0	0	0
452	2	2	1	1	1	0	0.99374	0.00628	5.60942e-08	5.64476e-08
453	1	1	7	7	4	6	0.928152	0.07456	6.62638e-07	7.13932e-07
454	4	4	19	20	12	12	0.82961	0.1868	1.46555e-06	1.76655e-06
455	1	1	6	7	5	3	0.942462	0.05926	5.22626e-07	5.54533e-07
456	2	2	19	19	12	11	0.839105	0.17542	1.39037e-06	1.65697e-06
457	1	1	20	25	6	82	0.562592	0.5752	3.2451e-06	5.76811e-06
458	4	4	24	27	17	21	0.758312	0.27666	2.00186e-06	2.63988e-06
459	1	1	28	31	14	43	0.661014	0.41398	2.66693e-06	4.0346e-06
460	1	1	4	4	4	0	0.975193	0.02512	2.20189e-07	2.2579e-07
461	1	1	0	0	0	0	1	-0	0	0
462	1	1	3	3	2	1	0.976344	0.02394	2.17213e-07	2.22476e-07
463	4	4	46	52	22	146	0.342611	1.07116	3.66344e-06	1.06927e-05
464	4	4	64	71	21	213	0.216064	1.53218	3.31122e-06	1.53252e-05
465	3	2	38	43	15	63	0.553585	0.59134	3.19675e-06	5.77464e-06
466	3	2	18	20	14	12	0.82961	0.1868	1.46555e-06	1.76655e-06
467	0	0	0	0	0	0	1	-0	0	0
468	4	4	34	39	18	54	0.59433	0.52032	3.01364e-06	5.07065e-06
469	1	1	1	1	1	0	0.99374	0.00628	5.60942e-08	5.64476e-08
470	4	4	39	44	24	45	0.603011	0.50582	2.93949e-06	4.87469e-06
471	2	2	21	22	12	27	0.758919	0.27586	2.0312e-06	2.67644e-06
472	2	2	15	16	10	8	0.868246	0.14128	1.15323e-06	1.32823e-06
473	3	1	17	18	13	11	0.844391	0.16914	1.35147e-06	1.60052e-06
474	5	5	34	38	20	35	0.658929	0.41714	2.63879e-06	4.00467e-06
475	3	2	18	20	14	21	0.792391	0.2327	1.77872e-06	2.24475e-06
476	0	0	0	0	0	0	1	-0	0	0
477	4	4	11	11	10	1	0.928505	0.07418	6.25865e-07	6.74057e-07
478	1	1	27	30	16	36	0.689354	0.372	2.48597e-06	3.60622e-06
479	4	4	53	59	22	133	0.350351	1.04882	3.64264e-06	1.03971e-05
480	1	1	6	6	4	2	0.953248	0.04788	4.2415e-07	4.44952e-07
481	2	2	3	3	3	0	0.981336	0.01884	1.66182e-07	1.69343e-07
482	1	1	7	7	5	3	0.942462	0.05926	5.22626e-07	5.54533e-07
483	4	4	9	11	8	3	0.919082	0.08438	7.17181e-07	7.80323e-07
484	1	1	26	28	11	38	0.690983	0.36964	2.48726e-06	3.59959e-06
485	0	0	0	0	0	0	1	-0	0	0
486	1	1	2	2	2	0	0.987519	0.01256	1.11486e-07	1.12895e-07
487	1	1	1	1	1	0	0.99374	0.00628	5.60942e-08	5.64476e-08
488	1	1	4	4	3	1	0.970232	0.03022	2.70621e-07	2.78924e-07
489	1	1	3	3	3	0	0.981336	0.01884	1.66182e-07	1.69343e-07
490	3	3	5	6	4	2	0.953248	0.04788	4.2415e-07	4.44952e-07
491	2	2	20	26	5	108	0.489642	0.71408	3.52837e-06	7.20602e-06
492	4	4	51	54	25	84	0.464163	0.76752	3.48649e-06	7.51136e-06
493	4	4	82	93	32	209	0.192061	1.64994	3.14106e-06	1.63545e-05
494	0	0	0	0	0	0	1	-0	0	0
495	2	2	14	17	8	15	0.832552	0.18326	1.46247e-06	1.75661e-06
496	3	3	13	13	9	7	0.889283	0.11734	9.83326e-07	1.10575e-06
497	4	4	18	19	11	14	0.826364	0.19072	1.50098e-06	1.81637e-06
498	3	2	14	15	7	21	0.817667	0.2013	1.60468e-06	1.96251e-06
499	4	4	54	61	24	100	0.409393	0.89308	3.5849e-06	8.75662e-06
500	2	2	14	14	9	11	0.86587	0.14402	1.19034e-06	1.37473e-06
501	5	5	10	11	5	21	0.838467	0.17618	1.45618e-06	1.73672e-06
502	3	3	11	14	6	17	0.839776	0.17462	1.42219e-06	1.69353e-06
503	0	0	0	0	0	0	1	-0	0	0
504	2	2	19	21	12	20	0.791457	0.23388	1.77925e-06	2.24806e-06
505	1	1	3	3	2	1	0.976344	0.02394	2.17213e-07	2.22476e-07
506	4	4	12	13	12	1	0.916915	0.08674	7.21568e-07	7.86952e-07
507	2	2	23	24	9	45	0.683711	0.38022	2.561e-06	3.74574e-06
508	4	3	51	56	24	74	0.482353	0.72908	3.42129e-06	7.09292e-06
509	2	2	13	15	7	16	0.838786	0.1758	1.42329e-06	1.69685e-06
510	2	2	3	3	3	0	0.981336	0.01884	1.66182e-07	1.69343e-07
511	2	2	3	3	3	0	0.981336	0.01884	1.66182e-07	1.69343e-07
512	0	0	0	0	0	0	1	-0	0	0
513	1	1	10	10	7	4	0.920167	0.0832	7.14978e-07	7.77009e-07
514	1	1	6	6	5	1	0.958122	0.04278	3.7541e-07	3.91819e-07
515	1	1	15	17	8	45	0.714437	0.33626	2.3938e-06	3.3506e-06
516	1	1	0	0	0	0	1	-0	0	0
517	6	6	51	58	17	214	0.233251	1.45564	3.41584e-06	1.46445e-05
518	4	3	13	15	9	16	0.838786	0.1758	1.42329e-06	1.69685e-06
519	0	0	0	0	0	0	1	-0	0	0
520	6	6	11	11	6	15	0.864521	0.14558	1.22582e-06	1.41792e-06
521	1	1	4	4	4	0	0.975193	0.02512	2.20189e-07	2.2579e-07
522	5	5	8	9	6	3	0.930698	0.07182	6.21174e-07	6.67428e-07
523	2	2	0	0	0	0	1	-0	0	0
524	2	2	2	2	2	0	0.987519	0.01256	1.11486e-07	1.12895e-07
525	3	3	13	15	9	7	0.878183	0.1299	1.07019e-06	1.21865e-06
526	4	4	37	40	18	58	0.578683	0.547	3.08995e-06	5.33963e-06
527	3	3	6	6	4	3	0.948399	0.05298	4.72383e-07	4.98085e-07
528	0	0	0	0	0	0	1	-0	0	0
529	2	2	18	20	8	26	0.772441	0.2582	1.93915e-06	2.51042e-06
530	1	1	16	19	10	14	0.826364	0.19072	1.50098e-06	1.81637e-06
531	3	3	17	20	10	22	0.78836	0.2378	1.81156e-06	2.29788e-06
532	2	2	4	4	4	0	0.975193	0.02512	2.20189e-07	2.2579e-07
533	2	2	2	2	2	0	0.987519	0.01256	1.11486e-07	1.12895e-07
534	2	2	6	6	6	0	0.963021	0.03768	3.26161e-07	3.38686e-07
535	7	7	46	51	26	66	0.518466	0.65688	3.31073e-06	6.38562e-06
536	2	2	15	17	11	10	0.854055	0.15776	1.27335e-06	1.49094e-06
537	0	0	0	0	0	0	1	-0	0	0
538	2	2	2	2	2	0	0.987519	0.01256	1.11486e-07	1.12895e-07
539	1	1	0	0	0	0	1	-0	0	0
540	1	1	6	6	5	1	0.958122	0.04278	3.7541e-07	3.91819e-07
541	1	1	1	1	1	0	0.99374	0.00628	5.60942e-08	5.64476e-08
542	1	1	8	8	5	4	0.931797	0.07064	6.18819e-07	6.64114e-07
543	1	1	0	0	0	0	1	-0	0	0
544	5	5	64	71	29	128	0.333311	1.09868	3.6027e-06	1.08088e-05
545	5	3	21	23	12	29	0.746515	0.29234	2.11947e-06	2.83916e-06
546	0	0	0	0	0	0	1	-0	0	0
547	4	4	39	49	17	136	0.367394	1.00132	3.67102e-06	9.99205e-06
548	2	2	26	27	12	28	0.731718	0.31236	2.2038e-06	3.01181e-06
549	6	6	60	64	27	86	0.431486	0.84052	3.53046e-06	8.1821e-06
550	3	3	14	16	7	45	0.718938	0.32998	2.36829e-06	3.29416e-06
551	5	5	27	34	16	62	0.58877	0.52972	3.06954e-06	5.21348e-06
552	2	2	5	5	4	1	0.964158	0.0365	3.23351e-07	3.35371e-07
553	2	2	0	0	0	0	1	-0	0	0
554	3	3	15	16	12	5	0.881632	0.12598	1.03048e-06	1.16883e-06
555	0	0	0	0	0	0	1	-0	0	0
556	3	2	3	3	3	0	0.981336	0.01884	1.66182e-07	1.69343e-07
557	1	1	12	13	6	14	0.858095	0.15304	1.26799e-06	1.47768e-06
558	3	3	3	3	2	1	0.976344	0.02394	2.17213e-07	2.22476e-07
559	2	2	1	1	1	0	0.99374	0.00628	5.60942e-08	5.64476e-08
560	3	3	35	38	15	131	0.403839	0.90674	3.67714e-06	9.10546e-06
561	2	2	13	15	6	25	0.801156	0.2217	1.74255e-06	2.17504e-06
562	2	2	5	5	5	0	0.969088	0.0314	2.73513e-07	2.82238e-07
563	3	3	20	23	7	52	0.663889	0.40964	2.6962e-06	4.06122e-06
564	0	0	0	0	0	0	1	-0	0	0
565	2	2	15	17	7	46	0.710803	0.34136	2.41939e-06	3.40374e-06
566	1	1	0	0	0	0	1	-0	0	0
567	1	1	17	17	10	14	0.836809	0.17816	1.42548e-06	1.70347e-06
568	1	1	0	0	0	0	1	-0	0	0
569	1	1	10	11	6	7	0.900523	0.10478	8.94089e-07	9.92856e-07
570	1	1	0	0	0	0	1	-0	0	0
571	3	3	16	16	10	12	0.850713	0.16168	1.31075e-06	1.54076e-06
572	2	2	10	12	8	5	0.90406	0.10086	8.52562e-07	9.43037e-07
573	1	1	12	13	5	16	0.849387	0.16324	1.34539e-06	1.58395e-06
574	4	4	13	13	8	7	0.889283	0.11734	9.83326e-07	1.10575e-06
575	2	2	6	7	6	1	0.952124	0.04906	4.26805e-07	4.48266e-07
576	2	2	18	19	12	17	0.813817	0.20602	1.60791e-06	1.97577e-06
577	3	3	11	11	7	10	0.886849	0.12008	1.02188e-06	1.15226e-06
578	6	6	44	45	20	98	0.457307	0.7824	3.54285e-06	7.7472e-06
579	3	3	12	12	11	1	0.922692	0.08046	6.7403e-07	7.30504e-07
580	0	0	0	0	0	0	1	-0	0	0
581	2	2	1	1	1	0	0.99374	0.00628	5.60942e-08	5.64476e-08
582	1	1	0	0	0	0	1	-0	0	0
583	3	2	6	7	5	2	0.947281	0.05416	4.74966e-07	5.014e-07
584	2	2	18	19	12	10	0.843395	0.17032	1.35267e-06	1.60384e-06
585	2	2	27	30	16	26	0.725423	0.321	2.2306e-06	3.07489e-06
586	2	2	15	18	8	15	0.82734	0.18954	1.50001e-06	1.81305e-06
587	3	3	12	13	9	10	0.87578	0.13264	1.10799e-06	1.26515e-06
588	2	1	11	13	5	23	0.819599	0.19894	1.60304e-06	1.95588e-06
589	0	0	0	0	0	0	1	-0	0	0
590	2	2	8	9	4	9	0.90265	0.10242	8.90218e-07	9.86227e-07
591	1	1	2	2	2	0	0.987519	0.01256	1.11486e-07	1.12895e-07
592	2	2	20	21	16	8	0.841407	0.17268	1.35506e-06	1.61047e-06
593	1	1	0	0	0	0	1	-0	0	0
594	1	1	21	22	14	10	0.827654	0.18916	1.46758e-06	1.77318e-06
595	1	0	2	2	2	0	0.987519	0.01256	1.11486e-07	1.12895e-07
596	1	1	40	47	10	222	0.239942	1.42736	3.46682e-06	1.44486e-05
597	1	1	2	2	2	0	0.987519	0.01256	1.11486e-07	1.12895e-07
598	0	0	0	0	0	0	1	-0	0	0
599	4	4	28	32	12	79	0.546697	0.60386	3.28229e-06	6.00385e-06
600	2	2	13	17	8	25	0.791156	0.23426	1.81012e-06	2.28794e-06
601	6	6	9	9	8	1	0.94024	0.06162	5.27627e-07	5.61162e-07
602	3	3	25	30	14	54	0.628889	0.4638	2.86938e-06	4.56262e-06
603	4	4	26	27	15	31	0.720608	0.32766	2.2852e-06	3.17121e-06
604	2	2	17	18	9	19	0.810633	0.20994	1.64201e-06	2.02559e-06
605	2	2	4	4	3	1	0.970232	0.03022	2.70621e-07	2.78924e-07
606	3	3	27	30	11	62	0.603747	0.5046	3.0113e-06	4.98769e-06
607	0	0	0	0	0	0	1	-0	0	0
608	3	3	37	39	18	40	0.638317	0.44892	2.76186e-06	4.32678e-06
609	1	1	4	4	2	3	0.960386	0.04042	3.69931e-07	3.8519e-07
610	2	1	0	0	0	0	1	-0	0	0
611	3	3	5	5	5	0	0.969088	0.0314	2.73513e-07	2.82238e-07
612	3	3	36	42	8	189	0.292977	1.22766	3.63672e-06	1.2413e-05
613	2	2	5	5	4	1	0.964158	0.0365	3.23351e-07	3.35371e-07
614	2	1	40	44	13	98	0.460188	0.77612	3.53919e-06	7.69075e-06
615	4	4	33	35	17	42	0.647912	0.434	2.72594e-06	4.20726e-06
616	0	0	0	0	0	0	1	-0	0	0
617	2	2	5	6	5	1	0.958122	0.04278	3.7541e-07	3.91819e-07
618	1	1	1	1	1	0	0.99374	0.00628	5.60942e-08	5.64476e-08
619	2	2	11	11	9	3	0.919082	0.08438	7.17181e-07	7.80323e-07
620	1	1	16	19	6	51	0.684258	0.37942	2.58807e-06	3.7823e-06
621	1	1	11	12	6	10	0.881298	0.12636	1.06523e-06	1.2087e-06
622	1	1	3	3	2	1	0.976344	0.02394	2.17213e-07	2.22476e-07
623	1	1	22	26	9	58	0.631865	0.45908	2.87458e-06	4.54936e-06
624	1	0	1	1	1	0	0.99374	0.00628	5.60942e-08	5.64476e-08
625	0	0	0	0	0	0	1	-0	0	0
626	6	6	57	66	19	168	0.280472	1.27128	3.54851e-06	1.26519e-05
627	2	2	11	14	7	17	0.839776	0.17462	1.42219e-06	1.69353e-06
628	4	4	27	33	11	152	0.374396	0.98244	3.72113e-06	9.93902e-06
629	2	2	3	4	3	1	0.970232	0.03022	2.70621e-07	2.78924e-07
630	5	4	24	24	17	14	0.800819	0.22212	1.68061e-06	2.09861e-06
631	3	3	11	11	5	16	0.860123	0.15068	1.26529e-06	1.47105e-06
632	0	0	0	0	0	0	1	-0	0	0
633	2	2	15	17	8	18	0.819911	0.19856	1.57095e-06	1.91601e-06
634	1	1	12	14	4	55	0.691827	0.36842	2.56847e-06	3.71259e-06
635	3	3	9	12	6	16	0.854738	0.15696	1.30561e-06	1.5275e-06
636	2	2	20	22	11	16	0.802711	0.21976	1.67925e-06	2.09198e-06
637	3	3	32	36	14	101	0.476551	0.74118	3.5258e-06	7.39857e-06
638	2	1	2	2	2	0	0.987519	0.01256	1.11486e-07	1.12895e-07
639	3	3	5	6	3	6	0.933999	0.06828	6.1409e-07	6.57485e-07
640	3	3	12	12	10	2	0.917998	0.08556	7.19378e-07	7.83638e-07
641	0	0	0	0	0	0	1	-0	0	0
642	2	1	8	8	4	10	0.903716	0.10124	8.88274e-07	9.82913e-07
643	1	1	20	23	6	76	0.587405	0.53204	3.13464e-06	5.33642e-06
644	3	3	12	12	8	5	0.90406	0.10086	8.52562e-07	9.43037e-07
645	1	1	0	0	0	0	1	-0	0	0
646	2	1	7	7	7	0	0.956992	0.04396	3.78139e-07	3.95133e-07
647	1	1	4	5	2	6	0.939883	0.062	5.64905e-07	6.01037e-07
648	1	1	12	14	5	25	0.806203	0.21542	1.70802e-06	2.1186e-06
649	1	1	9	9	6	4	0.925964	0.07692	6.67214e-07	7.20561e-07
650	0	0	0	0	0	0	1	-0	0	0
651	3	3	7	8	6	2	0.94135	0.06044	5.2513e-07	5.57847e-07
652	2	2	20	22	8	34	0.732304	0.31156	2.23234e-06	3.04838e-06
653	3	3	22	24	8	81	0.569031	0.56382	3.21988e-06	5.65853e-06
654	3	3	33	39	10	142	0.379417	0.96912	3.69794e-06	9.74637e-06
655	3	3	38	40	15	100	0.467106	0.7612	3.53656e-06	7.57122e-06
656	2	2	40	43	7	160	0.337551	1.08604	3.68894e-06	1.09286e-05
657	2	2	20	21	8	47	0.689644	0.37158	2.53972e-06	3.68266e-06
658	5	3	46	48	23	59	0.547529	0.60234	3.19995e-06	5.84434e-06
659	0	0	0	0	0	0	1	-0	0	0
660	3	3	16	16	9	14	0.84208	0.17188	1.38693e-06	1.64703e-06
661	2	2	14	15	9	8	0.873716	0.135	1.11117e-06	1.27178e-06
662	2	1	11	14	2	78	0.615254	0.48572	3.03607e-06	4.93466e-06
663	4	4	55	60	25	146	0.325823	1.1214	3.63107e-06	1.11443e-05
664	3	3	53	60	22	210	0.235087	1.4478	3.4193e-06	1.45448e-05
665	2	2	5	5	4	1	0.964158	0.0365	3.23351e-07	3.35371e-07
666	2	2	3	3	3	0	0.981336	0.01884	1.66182e-07	1.69343e-07
667	2	2	19	21	7	92	0.548219	0.60108	3.32969e-06	6.07365e-06
668	0	0	0	0	0	0	1	-0	0	0
669	3	3	31	32	16	47	0.643611	0.44066	2.76984e-06	4.30358e-06
670	1	1	6	6	5	1	0.958122	0.04278	3.7541e-07	3.91819e-07
671	2	2	9	9	6	4	0.925964	0.07692	6.67214e-07	7.20561e-07
672	1	1	8	10	5	6	0.910829	0.0934	8.04513e-07	8.83275e-07
673	3	3	37	40	16	136	0.388757	0.9448	3.68698e-06	9.48402e-06
674	1	1	1	1	1	0	0.99374	0.00628	5.60942e-08	5.64476e-08
675	1	1	9	9	4	11	0.89349	0.11262	9.76132e-07	1.09249e-06
676	1	1	5	6	4	2	0.953248	0.04788	4.2415e-07	4.44952e-07
677	0	0	0	0	0	0	1	-0	0	0
678	3	3	39	44	15	174	0.312322	1.16372	3.66319e-06	1.17289e-05
679	2	2	2	2	2	0	0.987519	0.01256	1.11486e-07	1.12895e-07
680	3	3	13	19	7	49	0.691273	0.36922	2.54114e-06	3.67603e-06
681	2	2	0	0	0	0	1	-0	0	0
682	3	3	4	5	4	1	0.964158	0.0365	3.23351e-07	3.35371e-07
683	4	4	39	44	20	54	0.575958	0.55172	3.08304e-06	5.35289e-06
684	3	3	7	8	4	10	0.903716	0.10124	8.88274e-07	9.82913e-07
685	2	2	18	18	8	46	0.706353	0.34764	2.44411e-06	3.46018e-06
686	1	0	1	1	1	0	0.99374	0.00628	5.60942e-08	5.64476e-08
687	5	5	31	34	17	45	0.642094	0.44302	2.76756e-06	4.31021e-06
688	2	2	20	22	9	35	0.728578	0.31666	2.25969e-06	3.10151e-06
689	3	3	6	6	6	0	0.963021	0.03768	3.26161e-07	3.38686e-07
690	2	2	39	49	12	169	0.310485	1.16962	3.64678e-06	1.17454e-05
691	4	4	14	16	8	19	0.820879	0.19738	1.57009e-06	1.91269e-06
692	4	4	33	38	23	28	0.682877	0.38144	2.48071e-06	3.63274e-06
693	0	0	0	0	0	0	1	-0	0	0
694	2	2	1	1	1	0	0.99374	0.00628	5.60942e-08	5.64476e-08
695	1	1	5	5	2	6	0.939883	0.062	5.64905e-07	6.01037e-07
696	4	4	4	4	4	0	0.975193	0.02512	2.20189e-07	2.2579e-07
697	1	1	17	20	6	45	0.701103	0.3551	2.46785e-06	3.51995e-06
698	2	2	4	4	4	0	0.975193	0.02512	2.20189e-07	2.2579e-07
699	1	1	17	21	9	26	0.767605	0.26448	1.97034e-06	2.56686e-06
700	2	2	22	24	12	31	0.734313	0.30882	2.20431e-06	3.00187e-06
701	1	1	3	3	3	0	0.981336	0.01884	1.66182e-07	1.69343e-07
702	0	0	0	0	0	0	1	-0	0	0
703	1	1	1	1	1	0	0.99374	0.00628	5.60942e-08	5.64476e-08
704	1	1	8	9	8	1	0.94024	0.06162	5.27627e-07	5.61162e-07
705	2	2	18	21	12	25	0.77153	0.25938	1.93942e-06	2.51373e-06
706	4	4	17	19	10	18	0.809677	0.21112	1.64276e-06	2.0289e-06
707	3	3	5	5	3	3	0.954374	0.0467	4.21487e-07	4.41638e-07
708	3	3	29	30	14	32	0.703561	0.3516	2.38767e-06	3.39369e-06
709	3	3	4	4	4	0	0.975193	0.02512	2.20189e-07	2.2579e-07
710	4	4	10	10	8	2	0.929601	0.073	6.23523e-07	6.70742e-07
711	0	0	0	0	0	0	1	-0	0	0
712	4	4	38	41	22	40	0.63035	0.46148	2.79855e-06	4.43968e-06
713	2	2	20	21	11	20	0.791457	0.23388	1.77925e-06	2.24806e-06
714	2	2	2	3	2	1	0.976344	0.02394	2.17213e-07	2.22476e-07
715	3	2	8	9	7	3	0.930698	0.07182	6.21174e-07	6.67428e-07
716	4	4	22	25	9	36	0.711343	0.3406	2.36449e-06	3.32399e-06
717	2	2	12	13	10	4	0.902993	0.10204	8.54549e-07	9.46352e-07
718	3	3	4	4	3	1	0.970232	0.03022	2.70621e-07	2.78924e-07
719	2	2	8	8	7	1	0.946163	0.05534	4.77542e-07	5.04714e-07
720	0	0	0	0	0	0	1	-0	0	0
721	6	6	56	62	29	98	0.411001	0.88916	3.5785e-06	8.7068e-06
722	1	1	9	10	4	12	0.88338	0.124	1.06189e-06	1.20207e-06
723	2	2	15	15	12	4	0.891723	0.1146	9.44554e-07	1.05925e-06
724	1	1	2	4	2	3	0.960386	0.04042	3.69931e-07	3.8519e-07
725	4	4	86	96	27	269	0.138792	1.97478	2.73584e-06	1.97118e-05
726	1	1	8	9	4	15	0.875448	0.13302	1.14248e-06	1.30503e-06
727	2	2	8	8	3	15	0.880963	0.12674	1.09995e-06	1.24858e-06
728	1	1	5	5	5	0	0.969088	0.0314	2.73513e-07	2.82238e-07
729	0	0	0	0	0	0	1	-0	0	0
730	1	1	2	5	1	10	0.920904	0.0824	7.49219e-07	8.1357e-07
731	1	1	9	9	5	5	0.921254	0.08202	7.12769e-07	7.73694e-07
732	3	3	5	5	5	0	0.969088	0.0314	2.73513e-07	2.82238e-07
733	2	2	10	10	8	2	0.929601	0.073	6.23523e-07	6.70742e-07
734	4	4	18	20	10	26	0.772441	0.2582	1.93915e-06	2.51042e-06
735	5	5	49	52	21	68	0.509992	0.67336	3.3396e-06	6.54833e-06
736	3	3	8	9	5	7	0.911905	0.09222	8.0244e-07	8.79961e-07
737	3	3	14	15	8	11	0.86045	0.1503	1.23146e-06	1.43118e-06
738	0	0	0	0	0	0	1	-0	0	0
739	4	4	7	7	7	0	0.956992	0.04396	3.78139e-07	3.95133e-07
740	2	2	17	18	13	7	0.861793	0.14874	1.19616e-06	1.38799e-06
741	4	4	45	46	18	64	0.54049	0.61528	3.24138e-06	5.99711e-06
742	2	2	7	7	6	1	0.952124	0.04906	4.26805e-07	4.48266e-07
743	2	2	2	2	2	0	0.987519	0.01256	1.11486e-07	1.12895e-07
744	3	3	14	15	5	23	0.809369	0.2115	1.67441e-06	2.06878e-06
745	0	0	0	0	0	0	1	-0	0	0
746	2	2	5	5	4	1	0.964158	0.0365	3.23351e-07	3.35371e-07
747	1	1	5	5	5	0	0.969088	0.0314	2.73513e-07	2.82238e-07
748	5	5	69	72	31	186	0.24641	1.40076	3.43668e-06	1.3947e-05
749	1	1	10	11	5	12	0.87785	0.13028	1.10479e-06	1.25852e-06
750	5	5	67	71	29	113	0.35981	1.02218	3.60235e-06	1.00118e-05
751	1	1	7	7	5	2	0.947281	0.05416	4.74966e-07	5.014e-07
752	2	2	6	7	5	2	0.947281	0.05416	4.74966e-07	5.014e-07
753	1	1	16	16	5	38	0.745068	0.29428	2.17725e-06	2.92222e-06
754	0	0	0	0	0	0	1	-0	0	0
755	1	1	12	12	7	11	0.876814	0.13146	1.1064e-06	1.26184e-06
756	1	1	3	3	3	0	0.981336	0.01884	1.66182e-07	1.69343e-07
757	1	1	5	5	5	0	0.969088	0.0314	2.73513e-07	2.82238e-07
758	1	1	2	2	2	0	0.987519	0.01256	1.11486e-07	1.12895e-07
759	4	4	17	19	8	29	0.765505	0.26722	2.00054e-06	2.61337e-06
760	4	4	49	55	15	120	0.38389	0.9574	3.63951e-06	9.4806e-06
761	3	3	21	25	12	59	0.632611	0.4579	2.87588e-06	4.54605e-06
762	2	2	9	9	7	2	0.935457	0.06672	5.74646e-07	6.14295e-07
763	0	0	0	0	0	0	1	-0	0	0
764	5	5	47	55	22	116	0.391801	0.937	3.63124e-06	9.26807e-06
765	2	1	5	5	5	0	0.969088	0.0314	2.73513e-07	2.82238e-07
766	2	2	5	6	3	6	0.933999	0.06828	6.1409e-07	6.57485e-07
767	3	3	23	24	12	33	0.726861	0.31902	2.25918e-06	3.10814e-06
768	5	5	43	50	17	105	0.427629	0.8495	3.59267e-06	8.40137e-06
769	3	3	13	17	6	32	0.76341	0.26996	2.03057e-06	2.65987e-06
770	3	3	35	45	14	207	0.262291	1.3383	3.55109e-06	1.35387e-05
771	2	2	0	0	0	0	1	-0	0	0
772	0	0	0	0	0	0	1	-0	0	0
773	3	3	18	19	9	22	0.793327	0.23152	1.77819e-06	2.24143e-06
774	1	1	14	14	8	10	0.870298	0.13892	1.15018e-06	1.3216e-06
775	2	2	28	30	8	114	0.463106	0.7698	3.58935e-06	7.75061e-06
776	1	1	14	14	12	3	0.901929	0.10322	8.56531e-07	9.49666e-07
777	6	6	51	59	24	112	0.389957	0.94172	3.61931e-06	9.28133e-06
778	2	2	7	8	6	2	0.94135	0.06044	5.2513e-07	5.57847e-07
779	2	2	5	5	4	1	0.964158	0.0365	3.23351e-07	3.35371e-07
780	1	1	8	8	6	3	0.936562	0.06554	5.72221e-07	6.1098e-07
781	0	0	0	0	0	0	1	-0	0	0
782	1	1	14	16	7	17	0.829294	0.18718	1.49806e-06	1.80643e-06
783	1	1	8	11	6	11	0.882338	0.12518	1.06356e-06	1.20539e-06
784	1	1	9	10	5	11	0.887897	0.1189	1.02014e-06	1.14894e-06
785	1	1	0	0	0	0	1	-0	0	0
786	6	6	28	30	18	26	0.725423	0.321	2.2306e-06	3.07489e-06
787	4	4	59	69	23	225	0.205806	1.58082	3.262e-06	1.58499e-05
788	4	4	13	16	10	8	0.868246	0.14128	1.15323e-06	1.32823e-06
789	4	4	17	18	10	18	0.814778	0.20484	1.60711e-06	1.97245e-06
790	0	0	0	0	0	0	1	-0	0	0
791	6	6	43	46	26	87	0.480667	0.73258	3.47002e-06	7.21918e-06
792	2	2	10	10	6	6	0.910829	0.0934	8.04513e-07	8.83275e-07
793	5	5	41	43	21	58	0.567883	0.56584	3.12845e-06	5.50897e-06
794	2	2	11	11	6	11	0.882338	0.12518	1.06356e-06	1.20539e-06
795	2	2	2	2	2	0	0.987519	0.01256	1.11486e-07	1.12895e-07
796	3	3	21	25	9	85	0.55405	0.5905	3.28414e-06	5.92751e-06
797	5	5	53	61	18	224	0.217517	1.52548	3.33782e-06	1.53451e-05
798	3	3	5	5	4	1	0.964158	0.0365	3.23351e-07	3.35371e-07
799	1	1	12	15	9	10	0.864849	0.1452	1.1918e-06	1.37805e-06
800	2	2	9	10	6	7	0.906196	0.0985	8.48569e-07	9.36408e-07
801	1	1	7	7	7	0	0.956992	0.04396	3.78139e-07	3.95133e-07
802	3	3	26	28	11	42	0.67703	0.39004	2.58092e-06	3.81213e-06
803	2	2	7	7	4	6	0.928152	0.07456	6.62638e-07	7.13932e-07
804	2	2	14	16	10	12	0.850713	0.16168	1.31075e-06	1.54076e-06
805	3	3	57	63	30	177	0.272985	1.29834	3.53809e-06	1.29608e-05
806	0	0	0	0	0	0	1	-0	0	0
807	2	2	2	2	2	0	0.987519	0.01256	1.11486e-07	1.12895e-07
808	1	0	2	2	2	0	0.987519	0.01256	1.11486e-07	1.12895e-07
809	1	1	17	18	12	8	0.857409	0.15384	1.23563e-06	1.44112e-06
810	1	1	0	0	0	0	1	-0	0	0
811	1	1	26	30	15	25	0.729132	0.3159	2.20326e-06	3.02176e-06
812	1	1	0	0	0	0	1	-0	0	0
813	3	3	17	19	6	35	0.742435	0.29782	2.17694e-06	2.93217e-06
814	2	2	3	4	3	1	0.970232	0.03022	2.70621e-07	2.78924e-07
815	0	0	0	0	0	0	1	-0	0	0
816	4	4	45	52	15	257	0.194512	1.63726	3.22706e-06	1.65905e-05
817	2	2	5	5	5	0	0.969088	0.0314	2.73513e-07	2.82238e-07
818	3	3	23	26	12	32	0.721459	0.32648	2.28551e-06	3.1679e-06
819	2	2	3	3	2	1	0.976344	0.02394	2.17213e-07	2.22476e-07
820	6	6	54	57	32	56	0.525419	0.64356	3.2539e-06	6.19297e-06
821	3	3	21	21	9	30	0.752105	0.28488	2.0904e-06	2.7794e-06
822	4	4	50	53	25	70	0.501656	0.68984	3.36664e-06	6.71105e-06
823	2	2	4	6	2	10	0.915138	0.08868	7.96186e-07	8.70018e-07
824	0	0	0	0	0	0	1	-0	0	0
825	3	3	16	19	8	32	0.753882	0.28252	2.09034e-06	2.77277e-06
826	1	1	12	14	4	34	0.770034	0.26132	1.99962e-06	2.5968e-06
827	2	2	1	1	1	0	0.99374	0.00628	5.60942e-08	5.64476e-08
828	2	2	1	1	1	0	0.99374	0.00628	5.60942e-08	5.64476e-08
829	3	3	24	25	10	32	0.726004	0.3202	2.25893e-06	3.11145e-06
830	2	2	7	7	5	2	0.947281	0.05416	4.74966e-07	5.014e-07
831	3	3	3	3	3	0	0.981336	0.01884	1.66182e-07	1.69343e-07
832	2	2	16	18	12	12	0.840095	0.17424	1.38923e-06	1.65366e-06
833	0	0	0	0	0	0	1	-0	0	0
834	2	2	7	8	2	21	0.854414	0.15734	1.33919e-06	1.56738e-06
835	1	1	1	1	1	0	0.99374	0.00628	5.60942e-08	5.64476e-08
836	1	1	13	14	8	7	0.883716	0.12362	1.02705e-06	1.1622e-06
837	1	0	0	0	0	0	1	-0	0	0
838	1	1	18	22	9	30	0.747396	0.29116	2.1195e-06	2.83584e-06
839	1	1	4	4	2	3	0.960386	0.04042	3.69931e-07	3.8519e-07
840	5	5	19	23	10	41	0.702198	0.35354	2.44137e-06	3.47676e-06
841	5	5	47	51	25	58	0.540057	0.61608	3.21904e-06	5.96055e-06
842	0	0	0	0	0	0	1	-0	0	0
843	4	4	15	15	10	11	0.86045	0.1503	1.23146e-06	1.43118e-06
844	3	3	11	11	5	16	0.860123	0.15068	1.26529e-06	1.47105e-06
845	4	4	27	29	12	61	0.610657	0.49322	2.97885e-06	4.87811e-06
846	2	2	20	21	7	52	0.67228	0.39708	2.65438e-06	3.94833e-06
847	2	2	11	11	5	13	0.873384	0.13538	1.14558e-06	1.31166e-06
848	3	2	3	3	3	0	0.981336	0.01884	1.66182e-07	1.69343e-07
849	5	5	12	13	9	5	0.8984	0.10714	8.97937e-07	9.99485e-07
850	3	3	12	12	8	7	0.894885	0.11106	9.39006e-07	1.0493e-06
851	0	0	0	0	0	0	1	-0	0	0
852	2	2	43	44	18	94	0.469672	0.75572	3.51231e-06	7.47822e-06
853	1	1	21	24	6	78	0.577804	0.54852	3.17742e-06	5.49913e-06
854	3	3	12	12	9	3	0.913328	0.09066	7.64246e-07	8.36771e-07
855	2	2	19	25	10	70	0.598098	0.514	3.06855e-06	5.13051e-06
856	2	2	6	6	5	1	0.958122	0.04278	3.7541e-07	3.91819e-07
857	2	1	15	16	6	34	0.760423	0.27388	2.06051e-06	2.70969e-06
858	0	0	0	0	0	0	1	-0	0	0
859	2	2	1	1	1	0	0.99374	0.00628	5.60942e-08	5.64476e-08
860	1	1	5	6	3	4	0.943574	0.05808	5.20116e-07	5.51218e-07
861	2	2	26	30	13	27	0.721733	0.3261	2.2576e-06	3.12802e-06
862	1	1	1	1	1	0	0.99374	0.00628	5.60942e-08	5.64476e-08
863	1	1	14	14	8	7	0.883716	0.12362	1.02705e-06	1.1622e-06
864	1	1	3	3	3	0	0.981336	0.01884	1.66182e-07	1.69343e-07
865	1	1	2	2	2	0	0.987519	0.01256	1.11486e-07	1.12895e-07
866	2	2	5	5	1	10	0.920904	0.0824	7.49219e-07	8.1357e-07
867	0	0	0	0	0	0	1	-0	0	0
868	7	7	49	55	29	73	0.487873	0.7177	3.40698e-06	6.98334e-06
869	2	2	13	13	9	5	0.8984	0.10714	8.97937e-07	9.99485e-07
870	5	5	28	30	13	77	0.559283	0.5811	3.23527e-06	5.78468e-06
871	2	1	1	1	1	0	0.99374	0.00628	5.60942e-08	5.64476e-08
872	4	4	9	10	7	4	0.920167	0.0832	7.14978e-07	7.77009e-07
873	3	3	35	39	12	67	0.556204	0.58662	3.2045e-06	5.76138e-06
874	4	4	53	60	26	89	0.435744	0.8307	3.53637e-06	8.11571e-06
875	2	2	11	11	8	4	0.914407	0.08948	7.62118e-07	8.33456e-07
876	0	0	0	0	0	0	1	-0	0	0
877	3	3	27	29	10	62	0.60755	0.49832	2.99598e-06	4.93124e-06
878	1	1	0	0	0	0	1	-0	0	0
879	3	3	36	39	18	69	0.55056	0.59682	3.23049e-06	5.86765e-06
880	2	2	19	19	7	43	0.712753	0.33862	2.39288e-06	3.35723e-06
881	3	3	14	16	9	16	0.833535	0.18208	1.46143e-06	1.75329e-06
882	3	3	23	26	15	40	0.692616	0.36728	2.48854e-06	3.59297e-06
883	3	3	18	22	8	34	0.732304	0.31156	2.23234e-06	3.04838e-06
884	2	2	4	4	4	0	0.975193	0.02512	2.20189e-07	2.2579e-07
885	0	0	0	0	0	0	1	-0	0	0
886	3	3	24	26	7	80	0.564802	0.57128	3.2297e-06	5.71829e-06
887	1	1	2	3	2	1	0.976344	0.02394	2.17213e-07	2.22476e-07
888	2	2	21	23	16	9	0.826678	0.19034	1.46859e-06	1.77649e-06
889	1	1	7	7	2	11	0.904783	0.10006	8.86324e-07	9.79598e-07
890	1	1	23	26	11	29	0.732582	0.31118	2.20397e-06	3.0085e-06
891	1	1	0	0	0	0	1	-0	0	0
892	1	1	7	7	5	2	0.947281	0.05416	4.74966e-07	5.014e-07
893	3	3	10	11	7	5	0.909755	0.09458	8.06579e-07	8.8659e-07
894	0	0	0	0	0	0	1	-0	0	0
895	2	2	14	14	7	18	0.835504	0.17972	1.45934e-06	1.74666e-06
896	3	3	14	15	8	18	0.830274	0.186	1.49708e-06	1.80311e-06
897	3	3	24	27	14	28	0.731718	0.31236	2.2038e-06	3.01181e-06
898	2	2	4	4	3	1	0.970232	0.03022	2.70621e-07	2.78924e-07
899	5	5	15	16	12	5	0.881632	0.12598	1.03048e-06	1.16883e-06
900	4	4	87	99	40	209	0.184959	1.68762	3.08755e-06	1.66932e-05
901	6	6	56	65	25	142	0.322259	1.1324	3.61381e-06	1.1214e-05
902	3	3	18	20	10	38	0.726585	0.3194	2.2873e-06	3.14801e-06
903	0	0	0	0	0	0	1	-0	0	0
904	2	2	32	39	10	157	0.351474	1.04562	3.70572e-06	1.05434e-05
905	2	2	14	14	11	3	0.901929	0.10322	8.56531e-07	9.49666e-07
906	3	3	9	9	8	1	0.94024	0.06162	5.27627e-07	5.61162e-07
907	2	2	0	0	0	0	1	-0	0	0
908	2	2	10	12	8	7	0.894885	0.11106	9.39006e-07	1.0493e-06
909	2	2	18	19	15	5	0.865178	0.14482	1.15776e-06	1.33817e-06
910	3	2	12	12	5	28	0.803997	0.21816	1.74073e-06	2.1651e-06
911	3	3	37	37	10	128	0.412648	0.88516	3.66828e-06	8.88961e-06
912	0	0	0	0	0	0	1	-0	0	0
913	2	2	19	20	13	13	0.825389	0.1919	1.50195e-06	1.81968e-06
914	1	1	0	0	0	0	1	-0	0	0
915	3	3	21	21	9	28	0.759815	0.27468	2.03108e-06	2.67313e-06
916	1	1	8	8	6	2	0.94135	0.06044	5.2513e-07	5.57847e-07
917	1	1	5	6	2	10	0.915138	0.08868	7.96186e-07	8.70018e-07
918	1	1	16	17	10	9	0.858422	0.15266	1.23425e-06	1.43781e-06
919	0	0	0	0	0	0	1	-0	0	0
920	3	3	7	7	4	3	0.942462	0.05926	5.22626e-07	5.54533e-07
921	2	2	2	2	1	1	0.982495	0.01766	1.63122e-07	1.66028e-07
922	3	3	8	11	7	10	0.886849	0.12008	1.02188e-06	1.15226e-06
923	2	2	10	10	7	3	0.924872	0.0781	6.69492e-07	7.23876e-07
924	3	3	2	2	2	0	0.987519	0.01256	1.11486e-07	1.12895e-07
925	4	4	11	12	6	21	0.833218	0.18246	1.4941e-06	1.79317e-06
926	3	3	15	17	11	16	0.828316	0.18836	1.49904e-06	1.80974e-06
927	2	2	2	2	2	0	0.987519	0.01256	1.11486e-07	1.12895e-07
928	0	0	0	0	0	0	1	-0	0	0
929	4	4	29	33	17	30	0.697509	0.36024	2.41113e-06	3.45677e-06
930	1	1	0	0	0	0	1	-0	0	0
931	3	3	11	11	9	3	0.919082	0.08438	7.17181e-07	7.80323e-07
932	2	2	18	18	13	6	0.8662	0.14364	1.15625e-06	1.33486e-06
933	2	2	11	12	8	10	0.881298	0.12636	1.06523e-06	1.2087e-06
934	5	5	26	28	13	38	0.690983	0.36964	2.48726e-06	3.59959e-06
935	3	3	52	60	18	212	0.232701	1.458	3.40933e-06	1.46511e-05
936	2	2	9	11	4	22	0.834202	0.18128	1.4931e-06	1.78985e-06
937	0	0	0	0	0	0	1	-0	0	0
938	4	3	15	16	10	12	0.850713	0.16168	1.31075e-06	1.54076e-06
939	1	1	3	3	2	1	0.976344	0.02394	2.17213e-07	2.22476e-07
940	2	2	7	7	7	0	0.956992	0.04396	3.78139e-07	3.95133e-07
941	1	1	0	0	0	0	1	-0	0	0
942	2	2	2	2	2	0	0.987519	0.01256	1.11486e-07	1.12895e-07
943	1	1	10	10	5	8	0.901586	0.1036	8.92157e-07	9.89542e-07
944	1	1	19	19	7	67	0.63064	0.46102	2.9214e-06	4.63243e-06
945	1	1	5	5	2	6	0.939883	0.062	5.64905e-07	6.01037e-07
946	0	0	0	0	0	0	1	-0	0	0
947	2	1	4	4	4	0	0.975193	0.02512	2.20189e-07	2.2579e-07
948	3	3	14	15	8	14	0.847385	0.1656	1.34783e-06	1.59058e-06
949	3	3	3	3	3	0	0.981336	0.01884	1.66182e-07	1.69343e-07
950	3	3	8	8	5	4	0.931797	0.07064	6.18819e-07	6.64114e-07
951	3	3	6	6	5	1	0.958122	0.04278	3.7541e-07	3.91819e-07
952	2	2	12	14	7	13	0.857083	0.15422	1.26934e-06	1.481e-06
953	3	3	24	25	15	14	0.795806	0.2284	1.71501e-06	2.15505e-06
954	4	4	49	56	20	169	0.297132	1.21358	3.60735e-06	1.21406e-05
955	0	0	0	0	0	0	1	-0	0	0
956	2	2	6	7	6	1	0.952124	0.04906	4.26805e-07	4.48266e-07
957	3	3	29	30	11	88	0.528771	0.6372	3.36782e-06	6.36915e-06
958	4	4	33	37	17	61	0.580735	0.54346	3.09514e-06	5.32969e-06
959	2	1	16	16	9	9	0.863829	0.14638	1.19326e-06	1.38136e-06
960	3	3	5	5	5	0	0.969088	0.0314	2.73513e-07	2.82238e-07
961	2	2	37	42	8	222	0.247595	1.39596	3.50753e-06	1.41664e-05
962	5	5	26	29	17	22	0.745038	0.29432	2.09051e-06	2.80591e-06
963	4	4	27	28	17	21	0.753565	0.28294	2.03186e-06	2.69633e-06
964	0	0	0	0	0	0	1	-0	0	0
965	2	2	20	21	7	45	0.696714	0.36138	2.49172e-06	3.57639e-06
966	1	1	4	5	1	10	0.920904	0.0824	7.49219e-07	8.1357e-07
967	4	4	38	44	14	112	0.428476	0.84752	3.61403e-06	8.43461e-06
968	1	1	3	3	2	1	0.976344	0.02394	2.17213e-07	2.22476e-07
969	2	2	15	19	8	17	0.813817	0.20602	1.60791e-06	1.97577e-06
970	1	1	4	4	4	0	0.975193	0.02512	2.20189e-07	2.2579e-07
971	1	1	5	5	4	1	0.964158	0.0365	3.23351e-07	3.35371e-07
972	1	1	17	18	5	50	0.692089	0.36804	2.54185e-06	3.67272e-06
973	1	1	9	10	4	16	0.865541	0.1444	1.2244e-06	1.41461e-06
974	3	3	19	19	7	35	0.742435	0.29782	2.17694e-06	2.93217e-06
975	2	1	1	1	1	0	0.99374	0.00628	5.60942e-08	5.64476e-08
976	5	5	37	39	18	64	0.564779	0.57132	3.16388e-06	5.60198e-06
977	5	5	37	40	20	58	0.578683	0.547	3.08995e-06	5.33963e-06
978	3	2	10	11	4	28	0.809062	0.21188	1.70603e-06	2.10865e-06
979	3	3	17	19	8	21	0.797383	0.22642	1.74491e-06	2.1883e-06
980	0	0	0	0	0	0	1	-0	0	0
981	5	5	49	53	23	124	0.380892	0.96524	3.64903e-06	9.58024e-06
982	1	1	9	9	6	6	0.916567	0.08712	7.57843e-07	8.26828e-07
983	5	4	14	16	11	11	0.855063	0.15658	1.27201e-06	1.48763e-06
984	2	1	16	17	5	32	0.76341	0.26996	2.03057e-06	2.65987e-06
985	2	2	30	31	15	62	0.599967	0.51088	3.02632e-06	5.04413e-06
986	3	3	11	11	8	4	0.914407	0.08948	7.62118e-07	8.33456e-07
987	4	4	13	13	10	6	0.89383	0.11224	9.40861e-07	1.05262e-06
988	2	2	18	20	8	36	0.734034	0.3092	2.23275e-06	3.04175e-06
989	0	0	0	0	0	0	1	-0	0	0
990	2	2	15	18	6	67	0.634613	0.45474	2.90398e-06	4.57598e-06
991	1	1	22	23	5	99	0.52239	0.64934	3.42609e-06	6.55848e-06
992	4	4	27	31	14	87	0.528147	0.63838	3.3656e-06	6.37246e-06
993	1	1	15	18	7	56	0.671232	0.39864	2.67923e-06	3.99152e-06
994	2	2	20	23	9	56	0.650483	0.43004	2.78e-06	4.27375e-06
995	1	1	7	7	5	2	0.947281	0.05416	4.74966e-07	5.014e-07
996	3	3	5	5	4	1	0.964158	0.0365	3.23351e-07	3.35371e-07
997	1	1	0	0	0	0	1	-0	0	0
998	0	0	0	0	0	0	1	-0	0	0
999	1	1	2	2	2	0	0.987519	0.01256	1.11486e-07	1.12895e-07
1000	1	1	8	8	4	7	0.917649	0.08594	7.55696e-07	8.23513e-07