Hist	Tr_Tot	Tr_in	DSBs	DSBt	RIFs	NComb	PSurv	lPSurv	PMut*	PMut
1	1	1	2	2	2	0	0.987519	0.01256	1.11486e-07	1.12895e-07
2	3	3	35	38	14	69	0.554028	0.59054	3.21957e-06	5.8112e-06
3	1	1	1	1	1	0	0.99374	0.00628	5.60942e-08	5.64476e-08
4	1	1	3	4	1	6	0.945804	0.05572	5.15075e-07	5.4459e-07
5	1	1	2	2	2	0	0.987519	0.01256	1.11486e-07	1.12895e-07
6	0	0	0	0	0	0	1	-0	0	0
7	5	5	99	114	34	454	0.0482519	3.03132	1.47446e-06	3.05575e-05
8	3	3	22	26	12	50	0.658178	0.41828	2.71452e-06	4.1243e-06
9	4	4	60	70	20	418	0.0764285	2.5714	1.99945e-06	2.6161e-05
10	2	2	32	38	16	79	0.526481	0.64154	3.33922e-06	6.34253e-06
11	2	2	25	27	11	41	0.684778	0.37866	2.53542e-06	3.70255e-06
12	3	3	42	46	14	315	0.150261	1.89538	2.90508e-06	1.93335e-05
13	5	5	37	43	19	83	0.499904	0.69334	3.41799e-06	6.8373e-06
14	3	3	22	22	17	11	0.823444	0.19426	1.50387e-06	1.82631e-06
15	0	0	0	0	0	0	1	-0	0	0
16	2	2	2	2	2	0	0.987519	0.01256	1.11486e-07	1.12895e-07
17	2	2	13	17	7	22	0.803354	0.21896	1.70997e-06	2.12854e-06
18	3	3	23	26	14	25	0.74768	0.29078	2.09049e-06	2.79597e-06
19	2	2	46	54	16	223	0.228454	1.47642	3.40325e-06	1.48969e-05
20	4	4	54	62	25	306	0.14228	1.94996	2.81124e-06	1.97585e-05
21	4	4	52	62	26	117	0.373044	0.98606	3.62462e-06	9.71634e-06
22	5	5	62	73	25	312	0.128781	2.04964	2.66554e-06	2.06982e-05
23	3	3	45	49	25	74	0.50403	0.68512	3.37588e-06	6.69779e-06
24	0	0	0	0	0	0	1	-0	0	0
25	2	2	24	25	13	28	0.740966	0.2998	2.148e-06	2.89892e-06
26	1	1	24	25	10	40	0.696979	0.361	2.46488e-06	3.53652e-06
27	3	3	10	11	10	1	0.928505	0.07418	6.25865e-07	6.74057e-07
28	1	1	6	6	5	1	0.958122	0.04278	3.7541e-07	3.91819e-07
29	2	2	6	6	5	1	0.958122	0.04278	3.7541e-07	3.91819e-07
30	1	1	2	2	2	0	0.987519	0.01256	1.11486e-07	1.12895e-07
31	1	1	21	21	13	14	0.81605	0.20328	1.57438e-06	1.92926e-06
32	1	1	8	9	5	7	0.911905	0.09222	8.0244e-07	8.79961e-07
33	0	0	0	0	0	0	1	-0	0	0
34	5	5	62	73	24	338	0.112789	2.18224	2.49034e-06	2.20797e-05
35	2	2	42	49	13	172	0.305771	1.18492	3.64015e-06	1.19048e-05
36	6	6	63	74	37	219	0.205642	1.58162	3.25187e-06	1.58133e-05
37	3	3	44	52	18	121	0.389201	0.94366	3.64463e-06	9.36439e-06
38	4	4	54	61	26	91	0.428622	0.84718	3.54831e-06	8.27842e-06
39	2	2	21	29	11	87	0.534823	0.62582	3.34776e-06	6.25957e-06
40	6	6	118	134	37	629	0.0174325	4.04942	7.14466e-07	4.09848e-05
41	3	3	66	79	18	306	0.127873	2.05672	2.64928e-06	2.07181e-05
42	1	1	41	47	19	124	0.395518	0.92756	3.6552e-06	9.24155e-06
43	3	3	13	13	11	3	0.90761	0.09694	8.10694e-07	8.93218e-07
44	2	2	3	3	3	0	0.981336	0.01884	1.66182e-07	1.69343e-07
45	3	3	8	8	8	0	0.951001	0.05024	4.29454e-07	4.51581e-07
46	3	3	22	23	16	28	0.750332	0.28724	2.09044e-06	2.78602e-06
47	3	3	25	27	13	32	0.716942	0.33276	2.31167e-06	3.22435e-06
48	2	2	3	3	3	0	0.981336	0.01884	1.66182e-07	1.69343e-07
49	2	2	10	10	7	4	0.920167	0.0832	7.14978e-07	7.77009e-07
50	5	5	42	44	28	33	0.641068	0.44462	2.71626e-06	4.23709e-06
51	1	0	0	0	0	0	1	-0	0	0
52	3	3	28	34	10	124	0.429162	0.84592	3.6512e-06	8.50774e-06
53	1	1	2	2	2	0	0.987519	0.01256	1.11486e-07	1.12895e-07
54	2	2	25	28	14	37	0.694516	0.36454	2.46307e-06	3.54646e-06
55	1	1	0	0	0	0	1	-0	0	0
56	3	3	27	27	21	7	0.814436	0.20526	1.54418e-06	1.89602e-06
57	1	1	0	0	0	0	1	-0	0	0
58	1	1	2	2	2	0	0.987519	0.01256	1.11486e-07	1.12895e-07
59	1	1	2	2	1	1	0.982495	0.01766	1.63122e-07	1.66028e-07
60	3	3	32	37	11	176	0.323046	1.12996	3.69565e-06	1.144e-05
61	5	5	34	39	22	45	0.622246	0.47442	2.85763e-06	4.59245e-06
62	3	3	17	18	9	37	0.73953	0.30174	2.20527e-06	2.98199e-06
63	4	4	50	55	30	49	0.551397	0.5953	3.14745e-06	5.70814e-06
64	4	3	62	71	27	165	0.275993	1.28738	3.52574e-06	1.27748e-05
65	4	4	94	112	38	308	0.102883	2.27416	2.33413e-06	2.26872e-05
66	3	3	72	90	24	342	0.0993208	2.3094	2.30939e-06	2.32518e-05
67	0	0	0	0	0	0	1	-0	0	0
68	2	2	22	23	12	20	0.781578	0.24644	1.84527e-06	2.36096e-06
69	3	3	30	32	16	52	0.627407	0.46616	2.86678e-06	4.56925e-06
70	3	3	38	42	19	153	0.352023	1.04406	3.6963e-06	1.05002e-05
71	2	2	45	56	17	157	0.315884	1.15238	3.63361e-06	1.1503e-05
72	3	3	8	8	8	0	0.951001	0.05024	4.29454e-07	4.51581e-07
73	2	2	18	26	5	115	0.47247	0.74978	3.58036e-06	7.57796e-06
74	3	3	6	6	6	0	0.963021	0.03768	3.26161e-07	3.38686e-07
75	4	4	24	24	17	12	0.809029	0.21192	1.61186e-06	1.99234e-06
76	0	0	0	0	0	0	1	-0	0	0
77	2	2	8	8	8	0	0.951001	0.05024	4.29454e-07	4.51581e-07
78	1	1	2	2	2	0	0.987519	0.01256	1.11486e-07	1.12895e-07
79	4	4	68	85	29	301	0.126325	2.0689	2.62643e-06	2.07911e-05
80	1	0	1	1	1	0	0.99374	0.00628	5.60942e-08	5.64476e-08
81	2	2	18	22	14	15	0.806816	0.21466	1.64497e-06	2.03885e-06
82	1	1	4	4	4	0	0.975193	0.02512	2.20189e-07	2.2579e-07
83	3	3	6	6	5	1	0.958122	0.04278	3.7541e-07	3.91819e-07
84	1	1	3	3	3	0	0.981336	0.01884	1.66182e-07	1.69343e-07
85	0	0	0	0	0	0	1	-0	0	0
86	1	1	2	2	2	0	0.987519	0.01256	1.11486e-07	1.12895e-07
87	2	2	64	78	21	283	0.144693	1.93314	2.81278e-06	1.94396e-05
88	6	6	94	99	42	200	0.193647	1.64172	3.13997e-06	1.6215e-05
89	3	3	15	15	4	25	0.801156	0.2217	1.74255e-06	2.17504e-06
90	5	5	60	67	24	103	0.388268	0.94606	3.59331e-06	9.25471e-06
91	3	3	14	14	11	4	0.89734	0.10832	8.99852e-07	1.0028e-06
92	2	2	7	7	6	1	0.952124	0.04906	4.26805e-07	4.48266e-07
93	5	4	39	40	26	28	0.674354	0.394	2.52588e-06	3.74563e-06
94	1	1	5	5	5	0	0.969088	0.0314	2.73513e-07	2.82238e-07
95	3	3	9	11	9	3	0.919082	0.08438	7.17181e-07	7.80323e-07
96	2	2	48	55	17	209	0.243826	1.4113	3.46464e-06	1.42095e-05
97	4	4	24	26	17	25	0.74768	0.29078	2.09049e-06	2.79597e-06
98	4	4	57	73	22	231	0.194652	1.63654	3.19122e-06	1.63944e-05
99	3	3	31	36	12	157	0.358158	1.02678	3.71554e-06	1.0374e-05
100	3	3	26	28	18	15	0.776981	0.25234	1.8473e-06	2.37753e-06
101	2	2	7	7	7	0	0.956992	0.04396	3.78139e-07	3.95133e-07
102	4	4	22	27	13	52	0.64742	0.43476	2.7755e-06	4.28701e-06
103	1	1	1	1	1	0	0.99374	0.00628	5.60942e-08	5.64476e-08
104	4	4	8	9	8	1	0.94024	0.06162	5.27627e-07	5.61162e-07
105	1	1	2	2	2	0	0.987519	0.01256	1.11486e-07	1.12895e-07
106	2	2	17	18	8	38	0.735768	0.30684	2.23314e-06	3.03512e-06
107	2	1	25	29	11	72	0.577342	0.54932	3.15377e-06	5.46257e-06
108	3	3	15	16	13	4	0.88614	0.12088	9.88662e-07	1.11569e-06
109	2	2	18	19	11	16	0.817978	0.20092	1.57267e-06	1.92264e-06
110	2	2	24	32	11	70	0.572376	0.55796	3.16275e-06	5.52565e-06
111	1	1	2	2	1	1	0.982495	0.01766	1.63122e-07	1.66028e-07
112	1	1	32	41	12	112	0.436625	0.82868	3.60883e-06	8.26527e-06
113	1	1	2	2	2	0	0.987519	0.01256	1.11486e-07	1.12895e-07
114	3	3	15	18	14	5	0.870628	0.13854	1.1159e-06	1.28172e-06
115	4	4	39	42	15	89	0.487893	0.71766	3.46387e-06	7.09965e-06
116	4	3	43	50	16	181	0.290225	1.2371	3.61025e-06	1.24395e-05
117	6	6	81	90	32	409	0.0705735	2.6511	1.8922e-06	2.68118e-05
118	4	4	36	43	22	67	0.542406	0.61174	3.24748e-06	5.98717e-06
119	0	0	0	0	0	0	1	-0	0	0
120	2	2	10	12	7	8	0.890333	0.11616	9.81536e-07	1.10244e-06
121	3	3	14	16	9	18	0.825076	0.19228	1.53428e-06	1.85956e-06
122	4	4	33	35	19	77	0.541994	0.6125	3.28824e-06	6.06692e-06
123	3	3	24	27	8	84	0.549932	0.59796	3.2926e-06	5.98727e-06
124	3	3	37	39	19	52	0.600424	0.51012	2.98073e-06	4.96438e-06
125	2	2	6	6	4	3	0.948399	0.05298	4.72383e-07	4.98085e-07
126	4	4	33	34	18	37	0.668834	0.40222	2.59852e-06	3.88515e-06
127	6	6	41	49	23	79	0.491339	0.71062	3.42142e-06	6.96346e-06
128	0	0	0	0	0	0	1	-0	0	0
129	2	2	21	25	8	89	0.542862	0.6109	3.3332e-06	6.14004e-06
130	1	1	9	9	7	2	0.935457	0.06672	5.74646e-07	6.14295e-07
131	4	4	50	54	22	81	0.471319	0.75222	3.46512e-06	7.35196e-06
132	2	2	14	16	10	10	0.859435	0.15148	1.23285e-06	1.43449e-06
133	3	3	15	18	9	37	0.73953	0.30174	2.20527e-06	2.98199e-06
134	2	2	10	13	7	12	0.866893	0.14284	1.18887e-06	1.37142e-06
135	5	5	130	156	48	428	0.0423207	3.16248	1.33508e-06	3.15468e-05
136	2	2	3	3	3	0	0.981336	0.01884	1.66182e-07	1.69343e-07
137	0	0	0	0	0	0	1	-0	0	0
138	1	1	0	0	0	0	1	-0	0	0
139	1	1	26	29	17	26	0.729993	0.31472	2.20344e-06	3.01844e-06
140	1	1	0	0	0	0	1	-0	0	0
141	5	5	40	44	26	51	0.584838	0.53642	3.03735e-06	5.19349e-06
142	9	9	144	164	66	395	0.0476239	3.04442	1.44039e-06	3.0245e-05
143	3	3	19	24	9	34	0.723163	0.32412	2.28612e-06	3.16127e-06
144	3	3	31	39	17	56	0.588299	0.53052	3.04557e-06	5.17692e-06
145	4	4	77	90	38	201	0.203864	1.5903	3.21292e-06	1.57601e-05
146	0	0	0	0	0	0	1	-0	0	0
147	4	4	25	31	20	42	0.664394	0.40888	2.64526e-06	3.98147e-06
148	2	2	2	2	2	0	0.987519	0.01256	1.11486e-07	1.12895e-07
149	2	2	5	5	3	3	0.954374	0.0467	4.21487e-07	4.41638e-07
150	4	4	7	7	7	0	0.956992	0.04396	3.78139e-07	3.95133e-07
151	4	4	64	80	27	219	0.198037	1.6193	3.19869e-06	1.6152e-05
152	4	4	38	39	18	53	0.597369	0.51522	2.99731e-06	5.01752e-06
153	3	3	35	40	22	45	0.61835	0.4807	2.87465e-06	4.6489e-06
154	7	7	59	64	38	57	0.500264	0.69262	3.32237e-06	6.64124e-06
155	1	1	9	10	6	5	0.915486	0.0883	7.59984e-07	8.30142e-07
156	5	5	12	14	11	4	0.89734	0.10832	8.99852e-07	1.0028e-06
157	2	2	2	2	2	0	0.987519	0.01256	1.11486e-07	1.12895e-07
158	2	2	8	9	5	6	0.916567	0.08712	7.57843e-07	8.26828e-07
159	3	3	18	20	12	14	0.821191	0.197	1.53794e-06	1.87282e-06
160	4	4	36	43	19	94	0.472631	0.74944	3.50776e-06	7.42177e-06
161	2	2	12	13	7	12	0.866893	0.14284	1.18887e-06	1.37142e-06
162	2	2	8	9	4	9	0.90265	0.10242	8.90218e-07	9.86227e-07
163	2	2	30	36	7	315	0.16	1.83258	3.00306e-06	1.87691e-05
164	1	1	11	12	9	3	0.913328	0.09066	7.64246e-07	8.36771e-07
165	1	1	2	2	2	0	0.987519	0.01256	1.11486e-07	1.12895e-07
166	1	1	35	42	6	378	0.111742	2.19156	2.50919e-06	2.24551e-05
167	1	1	4	4	1	6	0.945804	0.05572	5.15075e-07	5.4459e-07
168	2	2	23	27	16	30	0.724292	0.32256	2.2584e-06	3.11808e-06
169	3	3	4	4	4	0	0.975193	0.02512	2.20189e-07	2.2579e-07
170	5	5	59	72	25	265	0.164695	1.80366	2.98831e-06	1.81445e-05
171	4	4	7	7	7	0	0.956992	0.04396	3.78139e-07	3.95133e-07
172	3	3	42	52	20	85	0.467638	0.76006	3.48465e-06	7.4516e-06
173	4	4	13	14	12	2	0.90654	0.09812	8.12743e-07	8.96533e-07
174	5	5	40	45	25	115	0.419329	0.8691	3.62739e-06	8.65046e-06
175	4	4	53	63	30	90	0.425436	0.85464	3.54737e-06	8.33819e-06
176	4	4	10	11	8	6	0.905127	0.09968	8.50568e-07	9.39723e-07
177	2	2	5	5	5	0	0.969088	0.0314	2.73513e-07	2.82238e-07
178	4	4	75	88	25	599	0.0271185	3.60754	9.97802e-07	3.67942e-05
179	4	4	58	66	22	194	0.245642	1.40388	3.44719e-06	1.40334e-05
180	0	0	0	0	0	0	1	-0	0	0
181	4	4	81	93	24	527	0.0379404	3.27174	1.26155e-06	3.32508e-05
182	1	1	23	26	13	32	0.721459	0.32648	2.28551e-06	3.1679e-06
183	7	7	79	97	33	232	0.166567	1.79236	2.96527e-06	1.78023e-05
184	2	2	10	10	10	0	0.939131	0.0628	5.30117e-07	5.64476e-07
185	4	4	54	65	22	294	0.148436	1.9076	2.86337e-06	1.92903e-05
186	2	2	15	17	8	20	0.81159	0.20876	1.64126e-06	2.02227e-06
187	2	2	21	27	12	53	0.644127	0.43986	2.7956e-06	4.34014e-06
188	3	3	46	56	17	179	0.282358	1.26458	3.57801e-06	1.26719e-05
189	0	0	0	0	0	0	1	-0	0	0
190	2	2	4	5	4	1	0.964158	0.0365	3.23351e-07	3.35371e-07
191	1	1	48	61	17	329	0.127329	2.06098	2.66425e-06	2.09241e-05
192	1	1	7	8	4	6	0.922341	0.08084	7.10553e-07	7.7038e-07
193	1	1	17	25	4	133	0.433744	0.8353	3.67724e-06	8.47791e-06
194	3	3	6	6	5	1	0.958122	0.04278	3.7541e-07	3.91819e-07
195	4	4	59	66	16	274	0.163347	1.81188	2.98664e-06	1.8284e-05
196	3	3	21	23	13	26	0.758024	0.27704	2.03132e-06	2.67976e-06
197	6	5	90	108	34	492	0.0412774	3.18744	1.3307e-06	3.22379e-05
198	0	0	0	0	0	0	1	-0	0	0
199	5	5	95	107	32	391	0.0695256	2.66606	1.86433e-06	2.6815e-05
200	2	2	7	8	5	4	0.931797	0.07064	6.18819e-07	6.64114e-07
201	2	2	8	10	7	6	0.910829	0.0934	8.04513e-07	8.83275e-07
202	5	5	28	30	22	10	0.7871	0.2394	1.75111e-06	2.22476e-06
203	5	5	92	106	43	335	0.0930908	2.37418	2.21398e-06	2.37831e-05
204	5	5	67	72	27	150	0.29607	1.21716	3.56297e-06	1.20342e-05
205	3	3	23	27	11	67	0.599739	0.51126	3.04908e-06	5.08401e-06
206	2	2	3	3	3	0	0.981336	0.01884	1.66182e-07	1.69343e-07
207	0	0	0	0	0	0	1	-0	0	0
208	4	4	35	38	21	32	0.669088	0.40184	2.57282e-06	3.84527e-06
209	2	2	14	17	9	13	0.841087	0.17306	1.38808e-06	1.65034e-06
210	2	2	27	31	15	39	0.674637	0.39358	2.57851e-06	3.82207e-06
211	3	3	10	11	8	4	0.914407	0.08948	7.62118e-07	8.33456e-07
212	6	6	44	47	20	190	0.282476	1.26416	3.60111e-06	1.27483e-05
213	2	2	4	4	4	0	0.975193	0.02512	2.20189e-07	2.2579e-07
214	4	4	115	141	41	552	0.0247067	3.70068	9.2128e-07	3.72886e-05
215	2	2	82	102	19	430	0.0588031	2.83356	1.68206e-06	2.86049e-05
216	1	1	33	35	10	100	0.482005	0.7298	3.51333e-06	7.28899e-06
217	2	2	13	14	5	25	0.806203	0.21542	1.70802e-06	2.1186e-06
218	1	1	3	3	3	0	0.981336	0.01884	1.66182e-07	1.69343e-07
219	1	1	22	24	9	53	0.656377	0.42102	2.73762e-06	4.1708e-06
220	1	1	15	17	8	25	0.791156	0.23426	1.81012e-06	2.28794e-06
221	4	4	7	7	7	0	0.956992	0.04396	3.78139e-07	3.95133e-07
222	4	4	36	44	22	76	0.514829	0.66392	3.35762e-06	6.52182e-06
223	3	3	4	4	4	0	0.975193	0.02512	2.20189e-07	2.2579e-07
224	4	4	47	54	26	80	0.473729	0.74712	3.45767e-06	7.29883e-06
225	2	2	7	8	6	3	0.936562	0.06554	5.72221e-07	6.1098e-07
226	6	6	64	73	30	276	0.154735	1.86604	2.90677e-06	1.87854e-05
227	3	3	37	39	14	87	0.502269	0.68862	3.4275e-06	6.82404e-06
228	4	4	29	31	18	25	0.724568	0.32218	2.23037e-06	3.07821e-06
229	2	2	9	9	8	1	0.94024	0.06162	5.27627e-07	5.61162e-07
230	6	6	80	103	26	554	0.0310474	3.47224	1.09442e-06	3.52499e-05
231	3	3	9	9	9	0	0.945048	0.05652	4.80111e-07	5.08028e-07
232	0	0	0	0	0	0	1	-0	0	0
233	5	5	64	71	30	175	0.26227	1.33838	3.48979e-06	1.33061e-05
234	1	1	17	22	6	62	0.634854	0.45436	2.87977e-06	4.53611e-06
235	4	4	24	27	12	38	0.695336	0.36336	2.46368e-06	3.54315e-06
236	3	3	16	17	12	9	0.858422	0.15266	1.23425e-06	1.43781e-06
237	4	4	58	64	24	177	0.271276	1.30462	3.53125e-06	1.30172e-05
238	2	2	21	26	11	70	0.594354	0.52028	3.08289e-06	5.18696e-06
239	2	2	67	80	26	285	0.141437	1.9559	2.78048e-06	1.96588e-05
240	3	3	48	62	16	294	0.151259	1.88876	2.89221e-06	1.91209e-05
241	0	0	0	0	0	0	1	-0	0	0
242	2	2	2	2	2	0	0.987519	0.01256	1.11486e-07	1.12895e-07
243	1	1	25	30	4	242	0.241086	1.4226	3.50821e-06	1.45517e-05
244	2	2	17	17	11	21	0.807461	0.21386	1.67581e-06	2.07541e-06
245	1	1	24	27	5	114	0.471913	0.75096	3.5777e-06	7.58127e-06
246	1	1	23	32	9	137	0.406708	0.89966	3.69517e-06	9.08557e-06
247	1	1	7	7	7	0	0.956992	0.04396	3.78139e-07	3.95133e-07
248	3	3	83	94	25	320	0.108357	2.22232	2.41731e-06	2.23087e-05
249	4	4	41	45	21	95	0.464358	0.7671	3.52345e-06	7.5878e-06
250	0	0	0	0	0	0	1	-0	0	0
251	5	5	71	78	30	329	0.114436	2.16774	2.50429e-06	2.18837e-05
252	2	2	53	62	15	270	0.170954	1.76636	3.0508e-06	1.78457e-05
253	3	3	32	34	19	40	0.658678	0.41752	2.66406e-06	4.04455e-06
254	3	3	28	31	16	37	0.681554	0.38338	2.53252e-06	3.7158e-06
255	5	5	116	142	37	689	0.012208	4.40566	5.44776e-07	4.46243e-05
256	3	3	30	34	22	29	0.696686	0.36142	2.41059e-06	3.46008e-06
257	4	3	19	21	11	46	0.69317	0.36648	2.51588e-06	3.62953e-06
258	2	2	18	24	6	154	0.392146	0.93612	3.74e-06	9.53726e-06
259	0	0	0	0	0	0	1	-0	0	0
260	3	3	15	17	7	26	0.787131	0.23936	1.84273e-06	2.34107e-06
261	2	2	17	19	10	37	0.734901	0.30802	2.23295e-06	3.03843e-06
262	5	5	100	120	43	349	0.0793807	2.5335	2.0097e-06	2.53172e-05
263	2	2	37	40	11	134	0.392743	0.9346	3.68305e-06	9.37775e-06
264	4	4	111	121	45	385	0.0656525	2.72338	1.79142e-06	2.72864e-05
265	3	3	33	39	22	62	0.57057	0.56112	3.13569e-06	5.49571e-06
266	4	4	25	30	11	71	0.576661	0.5505	3.15197e-06	5.46589e-06
267	2	2	85	100	22	526	0.0364943	3.3106	1.22595e-06	3.35928e-05
268	1	1	2	3	2	1	0.976344	0.02394	2.17213e-07	2.22476e-07
269	3	3	13	14	12	3	0.901929	0.10322	8.56531e-07	9.49666e-07
270	1	1	0	0	0	0	1	-0	0	0
271	2	2	28	33	11	94	0.503264	0.68664	3.45103e-06	6.85729e-06
272	1	1	15	18	7	42	0.720911	0.32724	2.34127e-06	3.24765e-06
273	1	1	14	16	10	9	0.863829	0.14638	1.19326e-06	1.38136e-06
274	1	1	5	7	2	9	0.914059	0.08986	7.98277e-07	8.73332e-07
275	6	6	76	83	42	107	0.34406	1.06694	3.56804e-06	1.03704e-05
276	5	5	54	58	28	117	0.382533	0.96094	3.63045e-06	9.49055e-06
277	2	1	3	4	3	1	0.970232	0.03022	2.70621e-07	2.78924e-07
278	4	4	44	46	27	125	0.395985	0.92638	3.6582e-06	9.23824e-06
279	3	3	21	24	7	61	0.630136	0.46182	2.89602e-06	4.59587e-06
280	5	5	34	39	23	73	0.539442	0.61722	3.2799e-06	6.08018e-06
281	2	1	33	42	12	192	0.288529	1.24296	3.62749e-06	1.25724e-05
282	2	2	36	41	15	100	0.464181	0.76748	3.54062e-06	7.62767e-06
283	3	3	44	47	16	102	0.44248	0.81536	3.57197e-06	8.07262e-06
284	4	4	23	25	17	12	0.803965	0.2182	1.64715e-06	2.04879e-06
285	3	3	41	43	20	69	0.536902	0.62194	3.27158e-06	6.09344e-06
286	1	1	15	15	7	18	0.830274	0.186	1.49708e-06	1.80311e-06
287	3	3	19	20	12	29	0.760712	0.2735	2.03096e-06	2.66981e-06
288	3	3	22	25	13	31	0.729716	0.3151	2.2317e-06	3.05832e-06
289	3	3	25	27	11	53	0.644127	0.43986	2.7956e-06	4.34014e-06
290	2	2	5	5	4	1	0.964158	0.0365	3.23351e-07	3.35371e-07
291	2	2	16	16	5	36	0.752706	0.28408	2.11959e-06	2.81596e-06
292	4	4	53	63	18	255	0.18339	1.69614	3.13692e-06	1.71052e-05
293	0	0	0	0	0	0	1	-0	0	0
294	3	3	65	75	28	237	0.18643	1.6797	3.1369e-06	1.68261e-05
295	1	1	3	3	3	0	0.981336	0.01884	1.66182e-07	1.69343e-07
296	2	2	8	9	7	2	0.935457	0.06672	5.74646e-07	6.14295e-07
297	1	1	1	1	1	0	0.99374	0.00628	5.60942e-08	5.64476e-08
298	3	3	23	28	11	109	0.481071	0.73174	3.54648e-06	7.37205e-06
299	1	1	4	4	3	1	0.970232	0.03022	2.70621e-07	2.78924e-07
300	1	1	0	0	0	0	1	-0	0	0
301	1	1	4	4	3	1	0.970232	0.03022	2.70621e-07	2.78924e-07
302	0	0	0	0	0	0	1	-0	0	0
303	6	6	37	43	18	140	0.373798	0.98404	3.68785e-06	9.86589e-06
304	2	2	7	8	5	4	0.931797	0.07064	6.18819e-07	6.64114e-07
305	5	4	41	47	26	91	0.468013	0.75926	3.50455e-06	7.48816e-06
306	3	3	53	62	19	217	0.224011	1.49606	3.36681e-06	1.50297e-05
307	6	6	24	25	16	22	0.76399	0.2692	1.97119e-06	2.58012e-06
308	3	3	7	7	7	0	0.956992	0.04396	3.78139e-07	3.95133e-07
309	5	4	27	30	19	23	0.736608	0.3057	2.14757e-06	2.91549e-06
310	2	2	40	46	17	114	0.418834	0.87028	3.6245e-06	8.65377e-06
311	0	0	0	0	0	0	1	-0	0	0
312	3	2	24	31	16	47	0.647666	0.43438	2.75073e-06	4.24714e-06
313	2	1	23	32	9	143	0.394451	0.93026	3.70956e-06	9.40437e-06
314	3	2	43	52	16	134	0.364234	1.00996	3.66241e-06	1.00551e-05
315	2	2	23	28	11	57	0.627169	0.46654	2.8907e-06	4.60913e-06
316	3	3	12	12	11	1	0.922692	0.08046	6.7403e-07	7.30504e-07
317	3	3	23	23	11	25	0.7619	0.27194	2.00123e-06	2.62662e-06
318	3	3	35	40	15	90	0.491546	0.7102	3.46043e-06	7.03989e-06
319	2	2	3	4	3	1	0.970232	0.03022	2.70621e-07	2.78924e-07
320	0	0	0	0	0	0	1	-0	0	0
321	4	4	52	60	24	119	0.373925	0.9837	3.6307e-06	9.70971e-06
322	1	1	2	2	2	0	0.987519	0.01256	1.11486e-07	1.12895e-07
323	2	2	15	16	11	8	0.868246	0.14128	1.15323e-06	1.32823e-06
324	1	1	4	4	3	1	0.970232	0.03022	2.70621e-07	2.78924e-07
325	3	2	17	20	7	79	0.589489	0.5285	3.1399e-06	5.32647e-06
326	1	1	2	2	2	0	0.987519	0.01256	1.11486e-07	1.12895e-07
327	1	1	19	28	9	61	0.614504	0.48694	2.96293e-06	4.82166e-06
328	1	1	0	0	0	0	1	-0	0	0
329	2	1	11	11	8	6	0.905127	0.09968	8.50568e-07	9.39723e-07
330	7	7	100	111	40	215	0.166364	1.79358	2.94286e-06	1.76893e-05
331	3	3	26	27	9	102	0.501696	0.68976	3.48362e-06	6.94367e-06
332	5	5	87	100	30	295	0.118541	2.1325	2.52717e-06	2.13191e-05
333	3	3	48	61	21	154	0.310839	1.16848	3.61376e-06	1.16258e-05
334	2	2	6	6	6	0	0.963021	0.03768	3.26161e-07	3.38686e-07
335	4	4	85	94	29	541	0.0351047	3.34942	1.19536e-06	3.40511e-05
336	7	6	46	54	28	84	0.464163	0.76752	3.48649e-06	7.51136e-06
337	3	2	7	7	6	1	0.952124	0.04906	4.26805e-07	4.48266e-07
338	1	1	3	3	3	0	0.981336	0.01884	1.66182e-07	1.69343e-07
339	2	2	32	33	9	82	0.535026	0.62544	3.3277e-06	6.21969e-06
340	4	4	38	46	22	55	0.565876	0.56938	3.12302e-06	5.51892e-06
341	3	3	41	51	12	174	0.29889	1.20768	3.62374e-06	1.2124e-05
342	2	2	32	36	17	50	0.618115	0.48108	2.8982e-06	4.68877e-06
343	3	3	40	47	17	119	0.405733	0.90206	3.64181e-06	8.97589e-06
344	4	4	59	73	34	112	0.357136	1.02964	3.59692e-06	1.00716e-05
345	0	0	0	0	0	0	1	-0	0	0
346	3	3	10	10	10	0	0.939131	0.0628	5.30117e-07	5.64476e-07
347	1	1	1	1	1	0	0.99374	0.00628	5.60942e-08	5.64476e-08
348	2	2	8	8	5	4	0.931797	0.07064	6.18819e-07	6.64114e-07
349	1	1	4	5	3	3	0.954374	0.0467	4.21487e-07	4.41638e-07
350	3	3	26	32	9	91	0.514243	0.66506	3.41531e-06	6.64144e-06
351	1	1	1	1	1	0	0.99374	0.00628	5.60942e-08	5.64476e-08
352	2	2	9	9	9	0	0.945048	0.05652	4.80111e-07	5.08028e-07
353	1	0	1	1	1	0	0.99374	0.00628	5.60942e-08	5.64476e-08
354	0	0	0	0	0	0	1	-0	0	0
355	1	1	4	4	4	0	0.975193	0.02512	2.20189e-07	2.2579e-07
356	2	2	8	9	5	7	0.911905	0.09222	8.0244e-07	8.79961e-07
357	4	4	59	68	21	322	0.126282	2.06924	2.64526e-06	2.09473e-05
358	2	2	32	39	15	96	0.479736	0.73452	3.50315e-06	7.30224e-06
359	7	7	36	38	23	31	0.672509	0.39674	2.55025e-06	3.79214e-06
360	4	4	46	49	16	225	0.233349	1.45522	3.43511e-06	1.47209e-05
361	5	5	57	63	29	131	0.345162	1.06374	3.62995e-06	1.05166e-05
362	3	3	23	35	14	61	0.588075	0.5309	3.06787e-06	5.21679e-06
363	0	0	0	0	0	0	1	-0	0	0
364	4	4	35	40	16	90	0.491546	0.7102	3.46043e-06	7.03989e-06
365	2	2	23	27	10	46	0.667537	0.40416	2.64893e-06	3.96821e-06
366	3	3	13	14	9	15	0.848386	0.16442	1.34661e-06	1.58726e-06
367	2	2	34	40	14	302	0.166727	1.7914	3.05179e-06	1.83041e-05
368	5	4	41	53	18	190	0.272031	1.30184	3.56008e-06	1.3087e-05
369	4	4	33	35	19	41	0.651225	0.4289	2.70527e-06	4.15413e-06
370	3	2	14	14	6	36	0.76222	0.27152	2.06033e-06	2.70306e-06
371	2	2	59	77	19	365	0.0958415	2.34506	2.27528e-06	2.37401e-05
372	0	0	0	0	0	0	1	-0	0	0
373	5	5	27	34	13	143	0.389528	0.94282	3.70724e-06	9.51727e-06
374	1	1	8	9	5	7	0.911905	0.09222	8.0244e-07	8.79961e-07
375	3	2	8	8	6	2	0.94135	0.06044	5.2513e-07	5.57847e-07
376	1	1	0	0	0	0	1	-0	0	0
377	2	2	7	7	6	1	0.952124	0.04906	4.26805e-07	4.48266e-07
378	1	1	0	0	0	0	1	-0	0	0
379	3	3	36	38	13	129	0.407979	0.89654	3.67148e-06	8.99919e-06
380	1	1	4	4	3	1	0.970232	0.03022	2.70621e-07	2.78924e-07
381	1	1	59	75	12	908	0.00608578	5.1018	3.19373e-07	5.24785e-05
382	1	0	0	0	0	0	1	-0	0	0
383	4	4	56	64	33	93	0.416354	0.87622	3.5615e-06	8.55403e-06
384	4	4	6	6	6	0	0.963021	0.03768	3.26161e-07	3.38686e-07
385	3	2	23	28	11	50	0.649963	0.43084	2.75402e-06	4.23719e-06
386	4	4	53	56	31	73	0.484819	0.72398	3.41302e-06	7.03979e-06
387	5	5	93	108	35	408	0.0633526	2.75904	1.7596e-06	2.77747e-05
388	6	6	39	44	15	95	0.467283	0.76082	3.51927e-06	7.53135e-06
389	5	5	70	82	32	178	0.241048	1.42276	3.3955e-06	1.40864e-05
390	1	1	4	4	4	0	0.975193	0.02512	2.20189e-07	2.2579e-07
391	2	2	13	13	9	7	0.889283	0.11734	9.83326e-07	1.10575e-06
392	4	4	91	102	40	272	0.13163	2.02776	2.66023e-06	2.02099e-05
393	4	4	35	44	19	139	0.373357	0.98522	3.68474e-06	9.86921e-06
394	4	4	24	27	18	20	0.76219	0.27156	1.97159e-06	2.58675e-06
395	3	2	61	80	25	265	0.156625	1.8539	2.91262e-06	1.85961e-05
396	2	2	5	5	3	3	0.954374	0.0467	4.21487e-07	4.41638e-07
397	5	4	32	34	22	22	0.722007	0.32572	2.22967e-06	3.08815e-06
398	4	4	59	68	22	187	0.251392	1.38074	3.46277e-06	1.37743e-05
399	1	1	0	0	0	0	1	-0	0	0
400	2	2	20	22	13	14	0.810941	0.20956	1.6103e-06	1.98571e-06
401	1	1	2	2	2	0	0.987519	0.01256	1.11486e-07	1.12895e-07
402	6	5	25	28	18	22	0.749732	0.28804	2.06136e-06	2.74946e-06
403	2	2	22	22	18	4	0.853372	0.15856	1.24113e-06	1.45438e-06
404	2	2	5	5	5	0	0.969088	0.0314	2.73513e-07	2.82238e-07
405	1	1	0	0	0	0	1	-0	0	0
406	0	0	0	0	0	0	1	-0	0	0
407	1	1	10	10	6	10	0.892436	0.1138	9.77939e-07	1.09581e-06
408	1	1	34	43	11	122	0.409737	0.89224	3.65055e-06	8.9095e-06
409	3	2	50	57	24	100	0.419807	0.86796	3.5813e-06	8.53083e-06
410	2	2	4	4	3	1	0.970232	0.03022	2.70621e-07	2.78924e-07
411	3	3	13	13	13	0	0.921604	0.08164	6.7629e-07	7.33819e-07
412	4	4	53	60	23	141	0.334239	1.0959	3.63606e-06	1.08786e-05
413	3	3	19	19	13	8	0.852042	0.16012	1.27599e-06	1.49757e-06
414	3	1	6	6	6	0	0.963021	0.03768	3.26161e-07	3.38686e-07
415	0	0	0	0	0	0	1	-0	0	0
416	6	5	27	32	14	58	0.608499	0.49676	2.97437e-06	4.88805e-06
417	2	2	18	18	17	1	0.888572	0.11814	9.50052e-07	1.06919e-06
418	5	5	44	51	26	64	0.523782	0.64668	3.28901e-06	6.27935e-06
419	2	2	9	9	8	1	0.94024	0.06162	5.27627e-07	5.61162e-07
420	4	4	45	48	23	139	0.364095	1.01034	3.67554e-06	1.0095e-05
421	4	4	57	65	23	242	0.193515	1.6424	3.19829e-06	1.65273e-05
422	4	4	60	71	29	225	0.203238	1.59338	3.24423e-06	1.59627e-05
423	4	4	83	101	29	734	0.0125545	4.37768	5.61196e-07	4.4701e-05
424	0	0	0	0	0	0	1	-0	0	0
425	9	9	78	90	39	207	0.197721	1.6209	3.17912e-06	1.60789e-05
426	1	1	6	7	5	3	0.942462	0.05926	5.22626e-07	5.54533e-07
427	4	4	44	50	27	89	0.463986	0.7679	3.50367e-06	7.55123e-06
428	2	2	7	7	7	0	0.956992	0.04396	3.78139e-07	3.95133e-07
429	2	2	27	32	9	169	0.345466	1.06286	3.72614e-06	1.07858e-05
430	3	2	44	49	17	214	0.246814	1.39912	3.48907e-06	1.41364e-05
431	4	4	42	53	17	145	0.342207	1.07234	3.66026e-06	1.0696e-05
432	2	2	11	12	8	7	0.894885	0.11106	9.39006e-07	1.0493e-06
433	0	0	0	0	0	0	1	-0	0	0
434	1	1	14	15	6	31	0.777012	0.2523	1.93775e-06	2.49384e-06
435	1	1	6	7	4	6	0.928152	0.07456	6.62638e-07	7.13932e-07
436	3	3	70	78	24	215	0.204673	1.58634	3.23927e-06	1.58266e-05
437	4	4	37	46	20	125	0.395985	0.92638	3.6582e-06	9.23824e-06
438	3	2	5	5	5	0	0.969088	0.0314	2.73513e-07	2.82238e-07
439	6	5	65	71	27	178	0.258288	1.35368	3.47797e-06	1.34655e-05
440	3	2	28	30	19	33	0.699982	0.3567	2.41272e-06	3.44682e-06
441	4	3	31	35	15	72	0.555993	0.587	3.22546e-06	5.80126e-06
442	1	1	1	1	1	0	0.99374	0.00628	5.60942e-08	5.64476e-08
443	3	2	28	31	10	109	0.472093	0.75058	3.56024e-06	7.54139e-06
444	5	5	64	70	24	122	0.345833	1.0618	3.60827e-06	1.04336e-05
445	5	5	45	49	26	47	0.57844	0.54742	3.04444e-06	5.26319e-06
446	6	6	79	96	34	303	0.116696	2.14818	2.51111e-06	2.15183e-05
447	4	3	36	43	17	88	0.487317	0.71884	3.4614e-06	7.10297e-06
448	2	2	11	12	6	21	0.833218	0.18246	1.4941e-06	1.79317e-06
449	4	4	22	24	18	9	0.821503	0.19662	1.50577e-06	1.83294e-06
450	5	5	21	21	13	29	0.75595	0.27978	2.06092e-06	2.72626e-06
451	1	1	8	9	3	16	0.870994	0.13812	1.18295e-06	1.35816e-06
452	3	2	23	26	14	25	0.74768	0.29078	2.09049e-06	2.79597e-06
453	2	2	4	4	4	0	0.975193	0.02512	2.20189e-07	2.2579e-07
454	4	4	35	40	17	113	0.437141	0.8275	3.61164e-06	8.26196e-06
455	2	2	4	5	3	3	0.954374	0.0467	4.21487e-07	4.41638e-07
456	4	4	45	49	20	119	0.400669	0.91462	3.64159e-06	9.08878e-06
457	2	2	53	69	17	332	0.119252	2.12652	2.5681e-06	2.15351e-05
458	6	6	37	43	18	87	0.489809	0.71374	3.45307e-06	7.04984e-06
459	2	2	17	20	10	38	0.726585	0.3194	2.2873e-06	3.14801e-06
460	1	1	5	7	2	11	0.904783	0.10006	8.86324e-07	9.79598e-07
461	1	1	0	0	0	0	1	-0	0	0
462	1	1	5	8	5	4	0.931797	0.07064	6.18819e-07	6.64114e-07
463	4	4	79	94	31	383	0.0785814	2.54362	2.01609e-06	2.56561e-05
464	6	5	55	64	22	194	0.248747	1.39132	3.46268e-06	1.39205e-05
465	3	2	49	59	15	183	0.271493	1.30382	3.54401e-06	1.30538e-05
466	4	4	73	78	25	227	0.192523	1.64754	3.16973e-06	1.64641e-05
467	0	0	0	0	0	0	1	-0	0	0
468	4	4	74	83	34	229	0.184678	1.68914	3.11232e-06	1.68527e-05
469	3	3	32	33	16	63	0.589465	0.52854	3.07121e-06	5.21016e-06
470	4	4	40	43	22	66	0.54518	0.60664	3.23512e-06	5.93404e-06
471	2	2	27	30	13	60	0.609937	0.4944	2.97736e-06	4.88142e-06
472	2	2	23	28	16	33	0.70883	0.34414	2.36319e-06	3.33393e-06
473	3	1	21	27	14	30	0.724292	0.32256	2.2584e-06	3.11808e-06
474	5	5	59	63	28	105	0.394104	0.93114	3.60021e-06	9.13518e-06
475	4	4	55	65	32	110	0.379386	0.9692	3.60939e-06	9.51375e-06
476	0	0	0	0	0	0	1	-0	0	0
477	5	5	47	52	30	47	0.567644	0.56626	3.08375e-06	5.43254e-06
478	1	1	43	52	17	184	0.282251	1.26496	3.58791e-06	1.27118e-05
479	5	5	27	27	24	4	0.826992	0.18996	1.43617e-06	1.73662e-06
480	2	2	12	15	7	29	0.784978	0.2421	1.87419e-06	2.38758e-06
481	2	2	1	1	1	0	0.99374	0.00628	5.60942e-08	5.64476e-08
482	3	3	32	39	10	112	0.442144	0.81612	3.60452e-06	8.15237e-06
483	4	4	19	20	15	8	0.846707	0.1664	1.3158e-06	1.55402e-06
484	2	2	15	15	13	2	0.900865	0.1044	8.58507e-07	9.5298e-07
485	0	0	0	0	0	0	1	-0	0	0
486	2	2	4	5	4	1	0.964158	0.0365	3.23351e-07	3.35371e-07
487	1	1	4	4	4	0	0.975193	0.02512	2.20189e-07	2.2579e-07
488	1	1	5	7	4	6	0.928152	0.07456	6.62638e-07	7.13932e-07
489	1	1	4	4	4	0	0.975193	0.02512	2.20189e-07	2.2579e-07
490	3	3	13	13	11	3	0.90761	0.09694	8.10694e-07	8.93218e-07
491	2	2	36	49	7	458	0.0711105	2.64352	1.92716e-06	2.71009e-05
492	4	4	80	90	32	211	0.193728	1.6413	3.1561e-06	1.62914e-05
493	6	6	25	25	20	6	0.828946	0.1876	1.43407e-06	1.72999e-06
494	1	1	10	11	6	11	0.882338	0.12518	1.06356e-06	1.20539e-06
495	4	4	25	27	17	46	0.667537	0.40416	2.64893e-06	3.96821e-06
496	3	3	26	30	18	39	0.678887	0.3873	2.55643e-06	3.76562e-06
497	4	4	32	34	15	69	0.568121	0.56542	3.17319e-06	5.58541e-06
498	3	2	21	24	12	26	0.753279	0.28332	2.06113e-06	2.73621e-06
499	4	4	80	91	26	307	0.117987	2.13718	2.53066e-06	2.14486e-05
500	2	2	15	18	10	29	0.770327	0.26094	1.96966e-06	2.55692e-06
501	6	6	93	109	34	423	0.0583194	2.84182	1.66958e-06	2.86281e-05
502	3	3	29	38	14	127	0.412162	0.88634	3.66532e-06	8.89293e-06
503	1	1	18	26	3	200	0.306273	1.18328	3.70414e-06	1.20943e-05
504	3	3	39	48	16	208	0.256087	1.36224	3.52406e-06	1.37612e-05
505	2	2	13	16	5	35	0.756555	0.27898	2.09023e-06	2.76282e-06
506	5	5	66	74	23	207	0.21862	1.52042	3.31771e-06	1.51757e-05
507	3	2	17	20	10	26	0.772441	0.2582	1.93915e-06	2.51042e-06
508	6	6	55	62	22	148	0.318491	1.14416	3.61917e-06	1.13635e-05
509	2	2	34	45	12	212	0.255687	1.3638	3.5296e-06	1.38044e-05
510	2	2	4	4	4	0	0.975193	0.02512	2.20189e-07	2.2579e-07
511	3	2	19	25	13	40	0.696979	0.361	2.46488e-06	3.53652e-06
512	1	1	10	11	7	7	0.900523	0.10478	8.94089e-07	9.92856e-07
513	2	2	12	12	12	0	0.92741	0.07536	6.28201e-07	6.77371e-07
514	1	1	11	11	7	10	0.886849	0.12008	1.02188e-06	1.15226e-06
515	1	1	31	33	15	138	0.402106	0.91104	3.69742e-06	9.19515e-06
516	1	1	6	6	5	1	0.958122	0.04278	3.7541e-07	3.91819e-07
517	8	8	150	182	47	1000	0.00194409	6.24296	1.23268e-07	6.34067e-05
518	4	3	18	19	13	12	0.834836	0.18052	1.42766e-06	1.7101e-06
519	0	0	0	0	0	0	1	-0	0	0
520	6	6	26	30	14	121	0.446864	0.8055	3.62968e-06	8.12255e-06
521	3	2	32	38	18	44	0.629367	0.46304	2.82137e-06	4.48287e-06
522	6	5	112	128	48	320	0.0875242	2.43584	2.12053e-06	2.42279e-05
523	2	2	4	4	4	0	0.975193	0.02512	2.20189e-07	2.2579e-07
524	2	2	10	10	10	0	0.939131	0.0628	5.30117e-07	5.64476e-07
525	3	3	36	44	18	80	0.504433	0.68432	3.39703e-06	6.73435e-06
526	4	4	64	73	34	145	0.301815	1.19794	3.56896e-06	1.1825e-05
527	3	3	17	19	9	23	0.789291	0.23662	1.81108e-06	2.29457e-06
528	0	0	0	0	0	0	1	-0	0	0
529	2	2	30	32	14	49	0.63708	0.45086	2.80943e-06	4.40985e-06
530	2	2	5	5	4	1	0.964158	0.0365	3.23351e-07	3.35371e-07
531	3	3	36	40	14	176	0.317017	1.1488	3.68036e-06	1.16093e-05
532	2	2	5	5	5	0	0.969088	0.0314	2.73513e-07	2.82238e-07
533	2	2	9	9	8	1	0.94024	0.06162	5.27627e-07	5.61162e-07
534	2	2	10	10	8	2	0.929601	0.073	6.23523e-07	6.70742e-07
535	7	7	66	80	43	108	0.34882	1.0532	3.57687e-06	1.02542e-05
536	3	3	16	18	13	11	0.844391	0.16914	1.35147e-06	1.60052e-06
537	0	0	0	0	0	0	1	-0	0	0
538	2	2	6	6	6	0	0.963021	0.03768	3.26161e-07	3.38686e-07
539	1	1	2	2	2	0	0.987519	0.01256	1.11486e-07	1.12895e-07
540	2	2	34	41	18	176	0.315032	1.15508	3.6751e-06	1.16658e-05
541	1	1	4	4	4	0	0.975193	0.02512	2.20189e-07	2.2579e-07
542	1	1	18	20	9	21	0.792391	0.2327	1.77872e-06	2.24475e-06
543	1	1	3	3	2	1	0.976344	0.02394	2.17213e-07	2.22476e-07
544	5	5	105	128	40	477	0.0392996	3.23654	1.27998e-06	3.25698e-05
545	6	4	14	14	12	2	0.90654	0.09812	8.12743e-07	8.96533e-07
546	0	0	0	0	0	0	1	-0	0	0
547	4	4	62	67	22	210	0.224976	1.49176	3.36114e-06	1.494e-05
548	2	2	29	36	16	107	0.46219	0.77178	3.56689e-06	7.71737e-06
549	6	6	102	122	35	449	0.0470728	3.05606	1.44718e-06	3.07434e-05
550	3	3	29	32	11	177	0.331655	1.10366	3.71815e-06	1.12109e-05
551	5	5	43	54	18	152	0.328138	1.11432	3.65035e-06	1.11244e-05
552	2	2	8	8	8	0	0.951001	0.05024	4.29454e-07	4.51581e-07
553	2	2	3	3	3	0	0.981336	0.01884	1.66182e-07	1.69343e-07
554	3	3	23	24	15	31	0.734313	0.30882	2.20431e-06	3.00187e-06
555	1	1	19	23	10	38	0.713024	0.33824	2.36536e-06	3.31736e-06
556	3	2	11	15	10	7	0.878183	0.1299	1.07019e-06	1.21865e-06
557	2	2	63	75	18	347	0.106384	2.2407	2.41181e-06	2.26708e-05
558	3	3	10	10	8	3	0.924872	0.0781	6.69492e-07	7.23876e-07
559	3	3	25	27	15	41	0.684778	0.37866	2.53542e-06	3.70255e-06
560	3	3	57	71	19	462	0.0606837	2.80208	1.73284e-06	2.85553e-05
561	2	2	25	32	17	34	0.687729	0.37436	2.48466e-06	3.61285e-06
562	2	2	11	12	7	7	0.894885	0.11106	9.39006e-07	1.0493e-06
563	4	4	29	33	16	56	0.610889	0.49284	2.95562e-06	4.83823e-06
564	1	1	0	0	0	0	1	-0	0	0
565	2	2	25	28	11	86	0.540944	0.61444	3.3268e-06	6.14999e-06
566	1	1	0	0	0	0	1	-0	0	0
567	2	2	10	10	10	0	0.939131	0.0628	5.30117e-07	5.64476e-07
568	1	1	1	1	1	0	0.99374	0.00628	5.60942e-08	5.64476e-08
569	1	1	14	17	11	13	0.841087	0.17306	1.38808e-06	1.65034e-06
570	1	1	0	0	0	0	1	-0	0	0
571	4	4	38	43	18	157	0.342755	1.07074	3.69118e-06	1.07692e-05
572	2	2	8	8	8	0	0.951001	0.05024	4.29454e-07	4.51581e-07
573	3	3	2	3	2	1	0.976344	0.02394	2.17213e-07	2.22476e-07
574	4	4	19	19	14	5	0.865178	0.14482	1.15776e-06	1.33817e-06
575	3	3	12	13	4	25	0.811282	0.20914	1.67298e-06	2.06215e-06
576	4	4	23	26	22	10	0.807122	0.21428	1.61341e-06	1.99897e-06
577	4	3	40	45	19	141	0.367255	1.0017	3.68427e-06	1.00319e-05
578	6	6	73	80	25	243	0.175222	1.7417	3.05363e-06	1.74272e-05
579	3	3	6	6	5	1	0.958122	0.04278	3.7541e-07	3.91819e-07
580	0	0	0	0	0	0	1	-0	0	0
581	2	2	1	1	1	0	0.99374	0.00628	5.60942e-08	5.64476e-08
582	2	2	8	8	8	0	0.951001	0.05024	4.29454e-07	4.51581e-07
583	3	2	4	4	3	1	0.970232	0.03022	2.70621e-07	2.78924e-07
584	2	2	17	23	12	28	0.750332	0.28724	2.09044e-06	2.78602e-06
585	3	3	15	17	12	8	0.862811	0.14756	1.19471e-06	1.38467e-06
586	2	2	25	28	18	13	0.784946	0.24214	1.78282e-06	2.27126e-06
587	3	3	20	26	13	36	0.70689	0.34688	2.38959e-06	3.38043e-06
588	3	3	46	58	15	174	0.286035	1.25164	3.58092e-06	1.25191e-05
589	0	0	0	0	0	0	1	-0	0	0
590	2	2	18	21	7	60	0.645403	0.43788	2.8226e-06	4.37339e-06
591	1	1	4	4	4	0	0.975193	0.02512	2.20189e-07	2.2579e-07
592	3	3	8	8	6	3	0.936562	0.06554	5.72221e-07	6.1098e-07
593	1	1	0	0	0	0	1	-0	0	0
594	2	1	8	8	8	0	0.951001	0.05024	4.29454e-07	4.51581e-07
595	1	0	3	4	2	2	0.965296	0.03532	3.20533e-07	3.32057e-07
596	1	1	40	61	7	638	0.0263344	3.63688	9.83386e-07	3.73423e-05
597	1	1	0	0	0	0	1	-0	0	0
598	0	0	0	0	0	0	1	-0	0	0
599	5	5	59	69	26	160	0.2867	1.24932	3.55399e-06	1.23962e-05
600	2	2	33	38	19	90	0.497759	0.69764	3.44797e-06	6.927e-06
601	7	7	72	82	36	172	0.248538	1.39216	3.42177e-06	1.37676e-05
602	3	3	30	30	17	35	0.692879	0.3669	2.46186e-06	3.55309e-06
603	4	4	28	33	19	32	0.69043	0.37044	2.46003e-06	3.56303e-06
604	3	3	26	27	9	47	0.664142	0.40926	2.67074e-06	4.02135e-06
605	2	2	15	17	10	17	0.824103	0.19346	1.5352e-06	1.86287e-06
606	4	4	57	67	18	268	0.167368	1.78756	3.01625e-06	1.80217e-05
607	0	0	0	0	0	0	1	-0	0	0
608	3	3	70	85	22	213	0.197879	1.6201	3.1889e-06	1.61154e-05
609	2	2	1	1	1	0	0.99374	0.00628	5.60942e-08	5.64476e-08
610	2	1	3	4	2	3	0.960386	0.04042	3.69931e-07	3.8519e-07
611	4	4	40	43	21	86	0.492313	0.70864	3.44457e-06	6.9967e-06
612	3	3	58	67	13	485	0.05534	2.89426	1.63538e-06	2.95516e-05
613	2	2	15	15	11	10	0.864849	0.1452	1.1918e-06	1.37805e-06
614	2	1	66	85	14	422	0.068153	2.686	1.85514e-06	2.72203e-05
615	5	5	17	17	11	16	0.828316	0.18836	1.49904e-06	1.80974e-06
616	1	1	0	0	0	0	1	-0	0	0
617	3	3	61	72	19	386	0.0888541	2.42076	2.18347e-06	2.45736e-05
618	1	1	4	5	2	6	0.939883	0.062	5.64905e-07	6.01037e-07
619	2	2	8	12	6	21	0.833218	0.18246	1.4941e-06	1.79317e-06
620	1	1	20	24	9	61	0.630136	0.46182	2.89602e-06	4.59587e-06
621	3	3	4	4	3	1	0.970232	0.03022	2.70621e-07	2.78924e-07
622	1	1	3	3	3	0	0.981336	0.01884	1.66182e-07	1.69343e-07
623	1	1	29	33	10	101	0.485615	0.72234	3.51062e-06	7.22922e-06
624	1	0	0	0	0	0	1	-0	0	0
625	3	3	62	74	27	191	0.237207	1.43882	3.39813e-06	1.43256e-05
626	6	6	103	122	35	482	0.0397812	3.22436	1.29276e-06	3.24968e-05
627	3	3	12	13	10	3	0.90761	0.09694	8.10694e-07	8.93218e-07
628	5	5	58	72	21	226	0.200938	1.60476	3.22954e-06	1.60723e-05
629	2	2	4	4	4	0	0.975193	0.02512	2.20189e-07	2.2579e-07
630	6	5	59	64	40	58	0.497719	0.69772	3.33191e-06	6.69437e-06
631	4	4	7	7	7	0	0.956992	0.04396	3.78139e-07	3.95133e-07
632	0	0	0	0	0	0	1	-0	0	0
633	2	2	16	20	8	78	0.592503	0.5234	3.12447e-06	5.27334e-06
634	3	3	37	44	21	107	0.439543	0.82202	3.5906e-06	8.16895e-06
635	4	4	43	50	28	32	0.620518	0.4772	2.80638e-06	4.52264e-06
636	3	3	19	23	12	19	0.785574	0.24134	1.81297e-06	2.30783e-06
637	3	3	46	51	16	165	0.312929	1.16178	3.64431e-06	1.16458e-05
638	2	1	4	4	3	1	0.970232	0.03022	2.70621e-07	2.78924e-07
639	4	4	51	63	19	183	0.264758	1.32894	3.51587e-06	1.32796e-05
640	4	4	20	24	13	23	0.764892	0.26802	1.97098e-06	2.57681e-06
641	0	0	0	0	0	0	1	-0	0	0
642	2	1	21	27	6	160	0.37323	0.98556	3.74178e-06	1.00254e-05
643	1	1	20	25	7	63	0.619836	0.4783	2.94954e-06	4.75858e-06
644	6	6	102	120	44	267	0.120597	2.1153	2.52775e-06	2.09603e-05
645	1	1	3	3	3	0	0.981336	0.01884	1.66182e-07	1.69343e-07
646	2	1	9	9	8	1	0.94024	0.06162	5.27627e-07	5.61162e-07
647	1	1	11	12	3	27	0.808108	0.21306	1.7067e-06	2.11197e-06
648	2	2	43	50	19	121	0.39412	0.9311	3.6462e-06	9.2515e-06
649	1	1	15	17	8	27	0.783127	0.24446	1.87497e-06	2.39421e-06
650	0	0	0	0	0	0	1	-0	0	0
651	3	3	15	16	10	8	0.868246	0.14128	1.15323e-06	1.32823e-06
652	2	2	28	30	12	58	0.61619	0.4842	2.9424e-06	4.77515e-06
653	3	3	53	60	10	580	0.0356217	3.3348	1.21841e-06	3.42041e-05
654	4	4	25	29	16	91	0.524023	0.64622	3.39153e-06	6.4721e-06
655	3	3	66	77	23	198	0.224617	1.49336	3.33934e-06	1.48668e-05
656	3	3	5	5	5	0	0.969088	0.0314	2.73513e-07	2.82238e-07
657	4	4	109	133	36	488	0.0360071	3.32404	1.20395e-06	3.34365e-05
658	6	6	66	77	29	241	0.180385	1.71266	3.09389e-06	1.71516e-05
659	0	0	0	0	0	0	1	-0	0	0
660	4	4	60	69	17	370	0.0982421	2.32032	2.31401e-06	2.35542e-05
661	2	2	16	18	10	24	0.790223	0.23544	1.8106e-06	2.29125e-06
662	2	1	20	25	6	172	0.355511	1.0342	3.75067e-06	1.05501e-05
663	5	5	34	36	21	41	0.647148	0.43518	2.72487e-06	4.21057e-06
664	5	5	27	29	19	19	0.756525	0.27902	2.00215e-06	2.64651e-06
665	4	4	43	48	22	106	0.430831	0.84204	3.59382e-06	8.3416e-06
666	3	3	34	41	11	148	0.36339	1.01228	3.6986e-06	1.01781e-05
667	2	2	29	36	9	181	0.316897	1.14918	3.6916e-06	1.16492e-05
668	1	1	55	81	14	529	0.0404949	3.20658	1.32336e-06	3.26797e-05
669	4	4	73	83	27	230	0.183739	1.69424	3.10625e-06	1.69058e-05
670	1	1	14	15	9	10	0.864849	0.1452	1.1918e-06	1.37805e-06
671	2	2	12	12	10	3	0.913328	0.09066	7.64246e-07	8.36771e-07
672	1	1	11	12	7	15	0.859109	0.15186	1.26664e-06	1.47437e-06
673	4	4	41	45	22	53	0.575279	0.5529	3.08131e-06	5.3562e-06
674	1	1	3	3	3	0	0.981336	0.01884	1.66182e-07	1.69343e-07
675	2	2	69	75	24	304	0.13247	2.0214	2.70054e-06	2.03861e-05
676	1	1	13	16	4	67	0.642634	0.44218	2.86813e-06	4.46309e-06
677	1	1	3	3	3	0	0.981336	0.01884	1.66182e-07	1.69343e-07
678	3	3	47	55	13	193	0.264557	1.3297	3.5343e-06	1.33593e-05
679	3	3	40	47	17	83	0.487502	0.71846	3.44327e-06	7.06309e-06
680	3	3	28	33	9	118	0.445285	0.80904	3.62128e-06	8.13249e-06
681	2	2	3	3	3	0	0.981336	0.01884	1.66182e-07	1.69343e-07
682	3	3	10	10	7	3	0.924872	0.0781	6.69492e-07	7.23876e-07
683	4	4	59	64	28	112	0.377902	0.97312	3.61409e-06	9.56356e-06
684	3	3	16	16	13	4	0.88614	0.12088	9.88662e-07	1.11569e-06
685	3	3	28	33	18	41	0.659456	0.41634	2.66501e-06	4.04123e-06
686	2	2	5	5	5	0	0.969088	0.0314	2.73513e-07	2.82238e-07
687	6	5	15	15	14	1	0.905471	0.0993	8.14786e-07	8.99847e-07
688	4	4	54	64	23	181	0.265798	1.32502	3.51644e-06	1.32298e-05
689	4	4	91	100	35	389	0.073395	2.6119	1.93128e-06	2.63136e-05
690	2	2	54	63	17	206	0.235454	1.44624	3.41447e-06	1.45016e-05
691	6	6	70	79	31	185	0.237018	1.43962	3.38675e-06	1.4289e-05
692	5	5	53	62	29	94	0.419471	0.86876	3.5631e-06	8.49427e-06
693	0	0	0	0	0	0	1	-0	0	0
694	3	3	27	33	12	103	0.480686	0.73254	3.52607e-06	7.33549e-06
695	1	1	2	2	2	0	0.987519	0.01256	1.11486e-07	1.12895e-07
696	4	4	21	21	19	3	0.863139	0.14718	1.16075e-06	1.3448e-06
697	2	2	9	10	4	10	0.892436	0.1138	9.77939e-07	1.09581e-06
698	4	4	23	24	15	31	0.734313	0.30882	2.20431e-06	3.00187e-06
699	2	2	18	22	9	39	0.713866	0.33706	2.36578e-06	3.31404e-06
700	2	2	24	33	9	109	0.4662	0.76314	3.56843e-06	7.65429e-06
701	1	1	3	3	3	0	0.981336	0.01884	1.66182e-07	1.69343e-07
702	0	0	0	0	0	0	1	-0	0	0
703	1	1	2	2	2	0	0.987519	0.01256	1.11486e-07	1.12895e-07
704	1	1	12	13	8	11	0.871325	0.13774	1.14865e-06	1.31828e-06
705	2	2	29	34	18	43	0.648677	0.43282	2.727e-06	4.20395e-06
706	6	5	30	33	16	46	0.642852	0.44184	2.7687e-06	4.3069e-06
707	3	3	5	5	5	0	0.969088	0.0314	2.73513e-07	2.82238e-07
708	5	4	56	64	20	229	0.208083	1.56982	3.28358e-06	1.57801e-05
709	3	3	6	6	5	1	0.958122	0.04278	3.7541e-07	3.91819e-07
710	4	4	31	42	17	58	0.57146	0.55956	3.1159e-06	5.45252e-06
711	0	0	0	0	0	0	1	-0	0	0
712	5	5	76	83	31	173	0.245726	1.40354	3.40998e-06	1.38772e-05
713	2	2	30	35	12	68	0.567451	0.5666	3.17133e-06	5.58872e-06
714	2	2	7	8	5	3	0.936562	0.06554	5.72221e-07	6.1098e-07
715	3	2	13	14	10	5	0.892776	0.11342	9.42711e-07	1.05593e-06
716	4	4	43	54	21	138	0.352424	1.04292	3.65836e-06	1.03806e-05
717	4	4	30	33	15	45	0.646139	0.43674	2.74853e-06	4.25376e-06
718	3	3	8	8	8	0	0.951001	0.05024	4.29454e-07	4.51581e-07
719	2	2	9	9	8	1	0.94024	0.06162	5.27627e-07	5.61162e-07
720	0	0	0	0	0	0	1	-0	0	0
721	7	6	42	50	28	58	0.54346	0.6098	3.20864e-06	5.90411e-06
722	1	1	18	19	7	34	0.746231	0.29272	2.14842e-06	2.87903e-06
723	2	2	15	16	9	16	0.833535	0.18208	1.46143e-06	1.75329e-06
724	2	2	43	54	15	194	0.264869	1.32852	3.53759e-06	1.3356e-05
725	4	4	122	141	39	525	0.0283542	3.56298	1.01661e-06	3.5854e-05
726	2	2	38	41	21	53	0.589913	0.52778	3.0265e-06	5.13041e-06
727	2	2	3	3	3	0	0.981336	0.01884	1.66182e-07	1.69343e-07
728	2	2	47	53	21	142	0.347483	1.05704	3.6613e-06	1.05366e-05
729	1	1	3	3	2	1	0.976344	0.02394	2.17213e-07	2.22476e-07
730	1	1	6	8	2	21	0.854414	0.15734	1.33919e-06	1.56738e-06
731	1	1	6	7	5	2	0.947281	0.05416	4.74966e-07	5.014e-07
732	3	3	19	21	12	15	0.811898	0.20838	1.60951e-06	1.9824e-06
733	2	2	19	20	14	13	0.825389	0.1919	1.50195e-06	1.81968e-06
734	5	5	50	61	18	575	0.036313	3.31558	1.23446e-06	3.39949e-05
735	6	6	58	66	29	109	0.378939	0.97038	3.60639e-06	9.51706e-06
736	4	4	63	77	32	86	0.397659	0.92216	3.5455e-06	8.91592e-06
737	4	4	73	83	26	341	0.104315	2.26034	2.37875e-06	2.28036e-05
738	2	2	15	21	6	76	0.59483	0.51948	3.10711e-06	5.22352e-06
739	5	5	12	14	11	6	0.888234	0.11852	9.8511e-07	1.10907e-06
740	3	3	56	67	17	278	0.159046	1.83856	2.95079e-06	1.8553e-05
741	5	5	24	24	21	3	0.847029	0.16602	1.28252e-06	1.51414e-06
742	2	2	7	7	7	0	0.956992	0.04396	3.78139e-07	3.95133e-07
743	2	2	6	6	2	6	0.933999	0.06828	6.1409e-07	6.57485e-07
744	3	3	24	25	11	40	0.696979	0.361	2.46488e-06	3.53652e-06
745	0	0	0	0	0	0	1	-0	0	0
746	3	3	24	26	16	22	0.759208	0.27548	2.0017e-06	2.63657e-06
747	1	1	8	11	7	7	0.900523	0.10478	8.94089e-07	9.92856e-07
748	5	5	80	89	38	168	0.242751	1.41572	3.38643e-06	1.39502e-05
749	2	2	14	14	8	16	0.84407	0.16952	1.38461e-06	1.6404e-06
750	8	8	146	170	65	383	0.0487573	3.0209	1.46009e-06	2.99461e-05
751	2	2	2	2	2	0	0.987519	0.01256	1.11486e-07	1.12895e-07
752	2	2	21	23	11	29	0.746515	0.29234	2.11947e-06	2.83916e-06
753	3	3	5	5	5	0	0.969088	0.0314	2.73513e-07	2.82238e-07
754	0	0	0	0	0	0	1	-0	0	0
755	2	2	36	41	16	97	0.471338	0.75218	3.52008e-06	7.46827e-06
756	1	1	1	1	1	0	0.99374	0.00628	5.60942e-08	5.64476e-08
757	1	1	5	6	4	3	0.948399	0.05298	4.72383e-07	4.98085e-07
758	1	1	2	2	2	0	0.987519	0.01256	1.11486e-07	1.12895e-07
759	4	4	48	53	16	177	0.290678	1.23554	3.60333e-06	1.23963e-05
760	4	4	91	110	25	480	0.0433348	3.1388	1.37428e-06	3.17132e-05
761	3	3	36	38	21	40	0.642338	0.44264	2.743e-06	4.27034e-06
762	2	2	16	17	12	7	0.867222	0.14246	1.15474e-06	1.33154e-06
763	0	0	0	0	0	0	1	-0	0	0
764	6	6	72	90	24	259	0.151662	1.8861	2.85759e-06	1.88418e-05
765	2	1	6	6	6	0	0.963021	0.03768	3.26161e-07	3.38686e-07
766	3	3	23	24	11	24	0.761001	0.27312	2.00139e-06	2.62994e-06
767	3	3	41	51	18	187	0.279716	1.27398	3.58449e-06	1.28147e-05
768	6	6	56	58	21	144	0.333324	1.09864	3.64161e-06	1.09251e-05
769	3	3	19	21	8	61	0.64212	0.44298	2.84236e-06	4.42652e-06
770	5	4	31	41	14	112	0.436625	0.82868	3.60883e-06	8.26527e-06
771	2	2	2	2	2	0	0.987519	0.01256	1.11486e-07	1.12895e-07
772	0	0	0	0	0	0	1	-0	0	0
773	3	3	32	36	11	77	0.538601	0.61878	3.29805e-06	6.12337e-06
774	2	2	17	17	10	16	0.828316	0.18836	1.49904e-06	1.80974e-06
775	3	3	26	29	11	112	0.470801	0.75332	3.57239e-06	7.5879e-06
776	2	2	23	24	15	18	0.784648	0.24252	1.81343e-06	2.31114e-06
777	7	6	59	68	30	189	0.248841	1.39094	3.45407e-06	1.38806e-05
778	3	3	18	18	11	17	0.818944	0.19974	1.57182e-06	1.91932e-06
779	5	5	86	100	34	260	0.141706	1.954	2.75751e-06	1.94594e-05
780	2	2	22	25	10	94	0.529194	0.6364	3.38986e-06	6.40571e-06
781	1	1	1	1	1	0	0.99374	0.00628	5.60942e-08	5.64476e-08
782	2	2	30	35	16	63	0.582108	0.5411	3.09859e-06	5.32306e-06
783	1	1	8	10	5	9	0.896999	0.1087	9.35279e-07	1.04267e-06
784	1	1	6	6	4	3	0.948399	0.05298	4.72383e-07	4.98085e-07
785	1	1	1	1	1	0	0.99374	0.00628	5.60942e-08	5.64476e-08
786	6	6	43	47	26	102	0.44248	0.81536	3.57197e-06	8.07262e-06
787	4	4	94	114	26	649	0.0178488	4.02582	7.30345e-07	4.09185e-05
788	4	4	24	29	12	46	0.659205	0.41672	2.69029e-06	4.08111e-06
789	4	4	17	20	11	18	0.804608	0.2174	1.67789e-06	2.08535e-06
790	2	2	36	38	20	37	0.652242	0.42734	2.68132e-06	4.11094e-06
791	6	6	46	51	21	164	0.314529	1.15668	3.64623e-06	1.15927e-05
792	3	3	11	11	11	0	0.933252	0.06908	5.79478e-07	6.20924e-07
793	6	6	38	42	18	196	0.282703	1.26336	3.61433e-06	1.27849e-05
794	2	2	27	29	7	106	0.48543	0.72272	3.52864e-06	7.2691e-06
795	2	2	4	4	4	0	0.975193	0.02512	2.20189e-07	2.2579e-07
796	3	3	24	27	12	35	0.706057	0.34806	2.38912e-06	3.38375e-06
797	6	5	76	83	32	169	0.25079	1.38314	3.42696e-06	1.36647e-05
798	3	3	6	6	6	0	0.963021	0.03768	3.26161e-07	3.38686e-07
799	1	1	16	17	7	27	0.783127	0.24446	1.87497e-06	2.39421e-06
800	2	2	7	7	2	15	0.886513	0.12046	1.05684e-06	1.19213e-06
801	3	3	18	18	8	32	0.758631	0.27624	2.06068e-06	2.71632e-06
802	3	3	46	50	17	98	0.443171	0.8138	3.55841e-06	8.02943e-06
803	2	2	17	18	13	15	0.82734	0.18954	1.50001e-06	1.81305e-06
804	2	2	21	23	12	32	0.73518	0.30764	2.20448e-06	2.99856e-06
805	3	3	84	92	36	237	0.167552	1.78646	2.98004e-06	1.77857e-05
806	0	0	0	0	0	0	1	-0	0	0
807	2	2	2	2	2	0	0.987519	0.01256	1.11486e-07	1.12895e-07
808	1	0	1	1	1	0	0.99374	0.00628	5.60942e-08	5.64476e-08
809	2	2	37	42	16	122	0.412318	0.88596	3.65027e-06	8.85305e-06
810	1	1	4	4	4	0	0.975193	0.02512	2.20189e-07	2.2579e-07
811	1	1	35	42	13	82	0.505625	0.68196	3.4017e-06	6.72772e-06
812	1	1	3	3	2	1	0.976344	0.02394	2.17213e-07	2.22476e-07
813	5	5	60	66	30	124	0.351031	1.04688	3.62056e-06	1.03141e-05
814	2	2	3	3	3	0	0.981336	0.01884	1.66182e-07	1.69343e-07
815	0	0	0	0	0	0	1	-0	0	0
816	4	4	58	74	26	313	0.127324	2.06102	2.64933e-06	2.08078e-05
817	2	2	3	3	2	1	0.976344	0.02394	2.17213e-07	2.22476e-07
818	4	4	79	95	34	372	0.0825955	2.4938	2.07547e-06	2.51281e-05
819	2	2	5	5	4	1	0.964158	0.0365	3.23351e-07	3.35371e-07
820	6	6	75	94	32	329	0.103496	2.26822	2.35836e-06	2.27869e-05
821	3	3	27	29	16	68	0.589241	0.52892	3.09354e-06	5.25004e-06
822	4	4	80	98	30	294	0.120653	2.11484	2.55217e-06	2.1153e-05
823	2	2	8	9	5	7	0.911905	0.09222	8.0244e-07	8.79961e-07
824	0	0	0	0	0	0	1	-0	0	0
825	3	3	29	35	10	137	0.399117	0.9185	3.6938e-06	9.25491e-06
826	2	2	8	8	8	0	0.951001	0.05024	4.29454e-07	4.51581e-07
827	3	3	60	67	21	168	0.278717	1.27756	3.54203e-06	1.27084e-05
828	2	2	0	0	0	0	1	-0	0	0
829	3	3	45	49	21	108	0.423789	0.85852	3.60403e-06	8.50432e-06
830	3	3	16	17	11	16	0.828316	0.18836	1.49904e-06	1.80974e-06
831	3	3	4	4	4	0	0.975193	0.02512	2.20189e-07	2.2579e-07
832	2	2	27	34	19	46	0.638828	0.44812	2.78743e-06	4.36335e-06
833	0	0	0	0	0	0	1	-0	0	0
834	3	3	54	68	19	438	0.0698895	2.66084	1.89476e-06	2.71108e-05
835	1	1	2	2	2	0	0.987519	0.01256	1.11486e-07	1.12895e-07
836	2	2	1	1	1	0	0.99374	0.00628	5.60942e-08	5.64476e-08
837	1	0	0	0	0	0	1	-0	0	0
838	1	1	31	37	11	131	0.406383	0.90046	3.67736e-06	9.04901e-06
839	1	1	6	6	5	1	0.958122	0.04278	3.7541e-07	3.91819e-07
840	5	5	25	32	11	94	0.506435	0.68036	3.44418e-06	6.80084e-06
841	7	7	138	158	52	463	0.0349604	3.35354	1.17185e-06	3.35194e-05
842	2	2	4	4	4	0	0.975193	0.02512	2.20189e-07	2.2579e-07
843	4	4	19	21	15	8	0.841407	0.17268	1.35506e-06	1.61047e-06
844	3	3	18	19	8	36	0.738658	0.30292	2.20512e-06	2.9853e-06
845	6	6	33	36	18	90	0.50405	0.68508	3.43465e-06	6.8141e-06
846	3	3	21	21	10	56	0.658705	0.41748	2.74078e-06	4.16086e-06
847	3	3	31	37	19	55	0.598781	0.51286	3.00042e-06	5.01089e-06
848	4	4	21	25	8	86	0.551232	0.5956	3.29672e-06	5.98065e-06
849	6	6	23	25	19	9	0.81636	0.2029	1.54242e-06	1.88939e-06
850	3	3	11	12	9	4	0.908682	0.09576	8.0864e-07	8.89904e-07
851	1	1	19	24	8	67	0.611146	0.49242	3.00358e-06	4.91467e-06
852	2	2	55	59	18	205	0.242678	1.41602	3.45154e-06	1.42227e-05
853	3	3	14	17	10	22	0.803354	0.21896	1.70997e-06	2.12854e-06
854	3	3	12	12	10	2	0.917998	0.08556	7.19378e-07	7.83638e-07
855	2	2	25	28	12	50	0.649963	0.43084	2.75402e-06	4.23719e-06
856	3	3	11	12	8	6	0.899461	0.10596	8.96016e-07	9.9617e-07
857	2	1	31	38	11	216	0.261783	1.34024	3.56595e-06	1.36218e-05
858	0	0	0	0	0	0	1	-0	0	0
859	3	3	7	7	5	3	0.942462	0.05926	5.22626e-07	5.54533e-07
860	1	1	14	16	10	16	0.833535	0.18208	1.46143e-06	1.75329e-06
861	2	2	39	46	21	60	0.551629	0.59488	3.19094e-06	5.78458e-06
862	1	1	2	2	2	0	0.987519	0.01256	1.11486e-07	1.12895e-07
863	2	2	2	2	2	0	0.987519	0.01256	1.11486e-07	1.12895e-07
864	1	1	6	6	5	1	0.958122	0.04278	3.7541e-07	3.91819e-07
865	1	1	3	3	3	0	0.981336	0.01884	1.66182e-07	1.69343e-07
866	2	2	9	9	6	4	0.925964	0.07692	6.67214e-07	7.20561e-07
867	0	0	0	0	0	0	1	-0	0	0
868	7	7	80	94	46	226	0.175009	1.74292	3.03013e-06	1.73142e-05
869	2	2	16	19	9	23	0.789291	0.23662	1.81108e-06	2.29457e-06
870	5	5	45	51	16	250	0.202852	1.59528	3.27852e-06	1.61621e-05
871	2	1	5	5	4	1	0.964158	0.0365	3.23351e-07	3.35371e-07
872	5	5	78	91	35	258	0.151483	1.88728	2.85472e-06	1.88451e-05
873	4	4	90	104	39	254	0.142485	1.94852	2.75942e-06	1.93664e-05
874	6	6	120	133	40	399	0.056691	2.87014	1.62747e-06	2.87077e-05
875	3	3	9	9	7	3	0.930698	0.07182	6.21174e-07	6.67428e-07
876	0	0	0	0	0	0	1	-0	0	0
877	5	4	63	71	29	147	0.302528	1.19558	3.57539e-06	1.18184e-05
878	2	1	5	6	5	1	0.958122	0.04278	3.7541e-07	3.91819e-07
879	3	3	62	79	23	395	0.0812179	2.51062	2.06675e-06	2.5447e-05
880	2	2	32	36	7	138	0.394601	0.92988	3.69524e-06	9.3645e-06
881	4	2	17	20	11	14	0.821191	0.197	1.53794e-06	1.87282e-06
882	4	4	73	89	31	285	0.133665	2.01242	2.69559e-06	2.01668e-05
883	3	3	32	38	13	95	0.485226	0.72314	3.49007e-06	7.19266e-06
884	2	2	3	3	2	1	0.976344	0.02394	2.17213e-07	2.22476e-07
885	0	0	0	0	0	0	1	-0	0	0
886	4	4	76	88	31	300	0.124601	2.08264	2.60507e-06	2.09073e-05
887	1	1	1	2	1	1	0.982495	0.01766	1.63122e-07	1.66028e-07
888	2	2	27	31	13	69	0.578926	0.54658	3.1355e-06	5.41607e-06
889	1	1	17	23	9	60	0.637348	0.45044	2.85932e-06	4.48629e-06
890	2	2	14	15	10	7	0.878183	0.1299	1.07019e-06	1.21865e-06
891	1	1	1	1	1	0	0.99374	0.00628	5.60942e-08	5.64476e-08
892	1	1	8	8	6	3	0.936562	0.06554	5.72221e-07	6.1098e-07
893	3	3	14	17	9	36	0.747994	0.29036	2.14854e-06	2.8724e-06
894	2	2	22	24	15	22	0.768803	0.26292	1.94021e-06	2.52367e-06
895	2	2	29	34	10	127	0.422646	0.86122	3.66313e-06	8.66713e-06
896	4	4	25	27	19	13	0.789891	0.23586	1.74946e-06	2.21482e-06
897	3	3	47	51	24	75	0.495207	0.70278	3.39901e-06	6.86382e-06
898	3	3	43	55	14	243	0.205009	1.5847	3.28343e-06	1.6016e-05
899	5	5	24	26	12	52	0.651499	0.42848	2.75621e-06	4.23056e-06
900	4	4	108	130	40	409	0.0548968	2.9023	1.59583e-06	2.90697e-05
901	6	6	75	93	31	247	0.158225	1.84374	2.90714e-06	1.83735e-05
902	4	4	76	88	26	305	0.121464	2.10814	2.57175e-06	2.1173e-05
903	1	1	1	1	1	0	0.99374	0.00628	5.60942e-08	5.64476e-08
904	2	2	52	70	13	466	0.0598329	2.8162	1.71789e-06	2.87114e-05
905	5	5	57	63	25	143	0.324672	1.12494	3.62147e-06	1.11542e-05
906	5	5	72	84	37	172	0.245436	1.40472	3.40677e-06	1.38805e-05
907	3	3	23	29	8	75	0.568576	0.56462	3.19652e-06	5.62197e-06
908	3	3	32	36	15	47	0.627645	0.46578	2.84284e-06	4.52937e-06
909	2	2	26	27	13	37	0.698891	0.35826	2.43914e-06	3.49001e-06
910	4	4	31	35	17	68	0.567451	0.5666	3.17133e-06	5.58872e-06
911	4	4	22	26	12	56	0.638343	0.44888	2.83622e-06	4.4431e-06
912	1	1	9	10	8	2	0.929601	0.073	6.23523e-07	6.70742e-07
913	2	2	17	20	10	31	0.752993	0.2837	2.09037e-06	2.77608e-06
914	1	1	6	7	5	2	0.947281	0.05416	4.74966e-07	5.014e-07
915	4	4	15	16	12	7	0.872686	0.13618	1.11276e-06	1.27509e-06
916	1	1	6	7	4	4	0.937667	0.06436	5.69789e-07	6.07666e-07
917	2	2	16	17	7	39	0.736637	0.30566	2.23334e-06	3.0318e-06
918	1	1	19	24	8	38	0.70856	0.34452	2.39054e-06	3.3738e-06
919	0	0	0	0	0	0	1	-0	0	0
920	3	3	7	8	6	3	0.936562	0.06554	5.72221e-07	6.1098e-07
921	2	2	15	17	8	27	0.783127	0.24446	1.87497e-06	2.39421e-06
922	3	3	10	10	6	6	0.910829	0.0934	8.04513e-07	8.83275e-07
923	2	2	16	16	8	14	0.84208	0.17188	1.38693e-06	1.64703e-06
924	3	3	5	5	5	0	0.969088	0.0314	2.73513e-07	2.82238e-07
925	5	5	53	67	23	150	0.305514	1.18576	3.59039e-06	1.1752e-05
926	3	3	35	41	12	93	0.481052	0.73178	3.49039e-06	7.25574e-06
927	3	3	22	22	12	38	0.717516	0.33196	2.33975e-06	3.26091e-06
928	0	0	0	0	0	0	1	-0	0	0
929	4	4	44	50	18	99	0.440916	0.8189	3.56374e-06	8.08257e-06
930	2	2	7	7	5	3	0.942462	0.05926	5.22626e-07	5.54533e-07
931	4	4	34	40	17	83	0.509411	0.6745	3.39673e-06	6.66796e-06
932	2	2	24	25	15	17	0.783723	0.2437	1.81389e-06	2.31445e-06
933	2	2	24	24	12	43	0.690721	0.37002	2.51386e-06	3.63947e-06
934	5	5	49	56	22	126	0.36999	0.99428	3.64656e-06	9.85585e-06
935	4	4	19	19	16	4	0.869602	0.13972	1.11747e-06	1.28504e-06
936	3	3	15	16	10	10	0.859435	0.15148	1.23285e-06	1.43449e-06
937	0	0	0	0	0	0	1	-0	0	0
938	5	5	69	92	21	345	0.0965919	2.33726	2.27224e-06	2.35241e-05
939	1	1	7	7	5	2	0.947281	0.05416	4.74966e-07	5.014e-07
940	4	4	49	61	19	192	0.256076	1.36228	3.49413e-06	1.36449e-05
941	1	1	5	5	4	1	0.964158	0.0365	3.23351e-07	3.35371e-07
942	2	2	7	7	6	1	0.952124	0.04906	4.26805e-07	4.48266e-07
943	1	1	6	6	5	1	0.958122	0.04278	3.7541e-07	3.91819e-07
944	2	2	19	24	7	86	0.554704	0.58932	3.28618e-06	5.9242e-06
945	1	1	3	3	2	1	0.976344	0.02394	2.17213e-07	2.22476e-07
946	0	0	0	0	0	0	1	-0	0	0
947	2	1	4	5	4	1	0.964158	0.0365	3.23351e-07	3.35371e-07
948	6	6	75	86	27	268	0.148543	1.90688	2.83631e-06	1.90942e-05
949	4	4	42	46	25	49	0.58346	0.53878	3.03406e-06	5.20012e-06
950	4	4	39	45	19	76	0.511606	0.6702	3.36548e-06	6.57827e-06
951	3	3	6	6	6	0	0.963021	0.03768	3.26161e-07	3.38686e-07
952	2	2	27	32	14	67	0.5812	0.54266	3.11886e-06	5.36625e-06
953	3	3	29	35	21	36	0.668045	0.4034	2.59767e-06	3.88846e-06
954	7	7	104	125	43	392	0.0617785	2.7842	1.72264e-06	2.78842e-05
955	1	1	2	2	2	0	0.987519	0.01256	1.11486e-07	1.12895e-07
956	3	3	53	60	22	189	0.261662	1.3407	3.51387e-06	1.3429e-05
957	3	3	48	58	19	182	0.2746	1.29244	3.55448e-06	1.29442e-05
958	4	4	65	79	29	198	0.221813	1.50592	3.3227e-06	1.49797e-05
959	4	4	45	48	23	86	0.477095	0.74004	3.47274e-06	7.27894e-06
960	4	4	56	67	19	212	0.222693	1.50196	3.35069e-06	1.50462e-05
961	2	2	59	70	19	340	0.113767	2.1736	2.50477e-06	2.20166e-05
962	6	6	46	48	20	118	0.405255	0.90324	3.63886e-06	8.9792e-06
963	4	4	40	48	19	119	0.403193	0.90834	3.64177e-06	9.03234e-06
964	1	1	20	22	10	30	0.747396	0.29116	2.1195e-06	2.83584e-06
965	2	2	45	48	20	165	0.31888	1.14294	3.65962e-06	1.14765e-05
966	1	1	13	15	6	37	0.753595	0.2829	2.11959e-06	2.81264e-06
967	5	4	60	67	18	337	0.117718	2.13946	2.55306e-06	2.16879e-05
968	1	1	6	7	5	3	0.942462	0.05926	5.22626e-07	5.54533e-07
969	2	2	29	32	13	57	0.61161	0.49166	2.95708e-06	4.83492e-06
970	1	1	6	6	6	0	0.963021	0.03768	3.26161e-07	3.38686e-07
971	2	1	15	17	10	22	0.803354	0.21896	1.70997e-06	2.12854e-06
972	1	1	33	43	7	279	0.183978	1.69294	3.17388e-06	1.72514e-05
973	1	1	19	21	8	47	0.689644	0.37158	2.53972e-06	3.68266e-06
974	3	3	28	33	11	136	0.406228	0.90084	3.69216e-06	9.08889e-06
975	2	1	8	9	7	3	0.930698	0.07182	6.21174e-07	6.67428e-07
976	5	5	50	55	26	72	0.490368	0.7126	3.39835e-06	6.93021e-06
977	7	7	71	81	32	264	0.15644	1.85508	2.9097e-06	1.85994e-05
978	4	4	50	58	25	91	0.436774	0.82834	3.54183e-06	8.10908e-06
979	4	4	37	46	21	83	0.490574	0.71218	3.43728e-06	7.00665e-06
980	0	0	0	0	0	0	1	-0	0	0
981	5	5	91	100	34	285	0.124743	2.0815	2.59312e-06	2.07877e-05
982	2	2	26	28	5	123	0.44792	0.80314	3.63528e-06	8.11592e-06
983	8	8	87	104	39	399	0.0680155	2.68802	1.84123e-06	2.70707e-05
984	2	1	20	22	6	65	0.625215	0.46966	2.9357e-06	4.69551e-06
985	2	2	36	43	13	149	0.357028	1.02994	3.69313e-06	1.03441e-05
986	3	3	21	22	18	5	0.849031	0.16366	1.27992e-06	1.50751e-06
987	4	4	19	21	11	28	0.759815	0.27468	2.03108e-06	2.67313e-06
988	3	3	26	31	17	38	0.678087	0.38848	2.55567e-06	3.76894e-06
989	0	0	0	0	0	0	1	-0	0	0
990	2	2	15	15	7	36	0.757448	0.2778	2.09019e-06	2.75951e-06
991	1	1	30	33	10	87	0.521555	0.65094	3.38247e-06	6.48536e-06
992	4	4	45	53	24	157	0.321892	1.13354	3.6482e-06	1.13336e-05
993	2	2	47	61	15	242	0.198438	1.61728	3.23484e-06	1.63015e-05
994	2	2	21	25	11	48	0.669115	0.4018	2.65075e-06	3.96158e-06
995	3	3	24	26	17	16	0.782798	0.24488	1.81435e-06	2.31777e-06
996	5	5	126	152	45	489	0.0317946	3.44846	1.09889e-06	3.45622e-05
997	1	1	3	3	3	0	0.981336	0.01884	1.66182e-07	1.69343e-07
998	0	0	0	0	0	0	1	-0	0	0
999	1	1	1	1	1	0	0.99374	0.00628	5.60942e-08	5.64476e-08
1000	1	1	16	16	10	13	0.846386	0.16678	1.34905e-06	1.59389e-06