Hist	Tr_Tot	Tr_in	DSBs	DSBt	RIFs	NComb	PSurv	lPSurv	PMut*	PMut
1	0	0	0	0	0	0	1	-0	0	0
2	1	1	6	6	6	0	0.963021	0.03768	3.26161e-07	3.38686e-07
3	0	0	0	0	0	0	1	-0	0	0
4	1	1	19	37	12	278	0.192019	1.65016	3.23736e-06	1.68596e-05
5	0	0	0	0	0	0	1	-0	0	0
6	0	0	0	0	0	0	1	-0	0	0
7	0	0	0	0	0	0	1	-0	0	0
8	0	0	0	0	0	0	1	-0	0	0
9	1	1	7	7	7	0	0.956992	0.04396	3.78139e-07	3.95133e-07
10	0	0	0	0	0	0	1	-0	0	0
11	2	2	128	217	52	1901	1.57628e-05	11.0579	1.78522e-09	0.000113255
12	0	0	0	0	0	0	1	-0	0	0
13	2	2	37	65	12	687	0.0200025	3.9119	8.03531e-07	4.01716e-05
14	0	0	0	0	0	0	1	-0	0	0
15	0	0	0	0	0	0	1	-0	0	0
16	0	0	0	0	0	0	1	-0	0	0
17	0	0	0	0	0	0	1	-0	0	0
18	1	1	1	1	1	0	0.99374	0.00628	5.60942e-08	5.64476e-08
19	0	0	0	0	0	0	1	-0	0	0
20	1	1	3	3	2	1	0.976344	0.02394	2.17213e-07	2.22476e-07
21	0	0	0	0	0	0	1	-0	0	0
22	1	1	0	0	0	0	1	-0	0	0
23	0	0	0	0	0	0	1	-0	0	0
24	0	0	0	0	0	0	1	-0	0	0
25	0	0	0	0	0	0	1	-0	0	0
26	0	0	0	0	0	0	1	-0	0	0
27	1	1	43	64	21	275	0.16457	1.80442	2.99917e-06	1.82243e-05
28	0	0	0	0	0	0	1	-0	0	0
29	1	1	3	4	3	1	0.970232	0.03022	2.70621e-07	2.78924e-07
30	0	0	0	0	0	0	1	-0	0	0
31	1	1	80	123	22	1247	0.000799008	7.13214	5.84875e-08	7.32002e-05
32	0	0	0	0	0	0	1	-0	0	0
33	0	0	0	0	0	0	1	-0	0	0
34	1	1	19	19	14	7	0.856398	0.15502	1.23701e-06	1.44444e-06
35	0	0	0	0	0	0	1	-0	0	0
36	2	2	1	1	1	0	0.99374	0.00628	5.60942e-08	5.64476e-08
37	0	0	0	0	0	0	1	-0	0	0
38	2	2	117	233	36	5230	6.03373e-13	28.1362	1.75605e-16	0.000291039
39	0	0	0	0	0	0	1	-0	0	0
40	3	3	202	371	54	9674	3.6407e-23	51.6673	1.9476e-26	0.000534953
41	0	0	0	0	0	0	1	-0	0	0
42	0	0	0	0	0	0	1	-0	0	0
43	1	1	2	2	2	0	0.987519	0.01256	1.11486e-07	1.12895e-07
44	0	0	0	0	0	0	1	-0	0	0
45	1	1	0	0	0	0	1	-0	0	0
46	0	0	0	0	0	0	1	-0	0	0
47	1	1	14	23	6	86	0.558199	0.58304	3.27537e-06	5.86775e-06
48	0	0	0	0	0	0	1	-0	0	0
49	1	0	2	2	2	0	0.987519	0.01256	1.11486e-07	1.12895e-07
50	0	0	0	0	0	0	1	-0	0	0
51	0	0	0	0	0	0	1	-0	0	0
52	1	1	63	120	26	959	0.00353692	5.6445	2.04181e-07	5.77285e-05
53	0	0	0	0	0	0	1	-0	0	0
54	1	1	101	204	41	2302	2.21265e-06	13.0213	2.96114e-10	0.000133828
55	0	0	0	0	0	0	1	-0	0	0
56	1	1	85	210	22	4700	1.04043e-11	25.2888	2.72156e-15	0.00026158
57	0	0	0	0	0	0	1	-0	0	0
58	1	1	13	17	10	28	0.779144	0.24956	1.90683e-06	2.44734e-06
59	0	0	0	0	0	0	1	-0	0	0
60	0	0	0	0	0	0	1	-0	0	0
61	2	2	40	59	27	177	0.279929	1.27322	3.56489e-06	1.2735e-05
62	0	0	0	0	0	0	1	-0	0	0
63	2	2	150	269	31	10060	9.64773e-24	52.9953	5.3034e-27	0.000549704
64	0	0	0	0	0	0	1	-0	0	0
65	2	2	6	6	5	1	0.958122	0.04278	3.7541e-07	3.91819e-07
66	0	0	0	0	0	0	1	-0	0	0
67	0	0	0	0	0	0	1	-0	0	0
68	0	0	0	0	0	0	1	-0	0	0
69	0	0	0	0	0	0	1	-0	0	0
70	1	1	104	189	22	3013	6.47184e-08	16.5532	1.10512e-11	0.000170759
71	0	0	0	0	0	0	1	-0	0	0
72	1	1	1	1	1	0	0.99374	0.00628	5.60942e-08	5.64476e-08
73	0	0	0	0	0	0	1	-0	0	0
74	1	1	0	0	0	0	1	-0	0	0
75	0	0	0	0	0	0	1	-0	0	0
76	0	0	0	0	0	0	1	-0	0	0
77	0	0	0	0	0	0	1	-0	0	0
78	0	0	0	0	0	0	1	-0	0	0
79	1	1	46	76	21	1281	0.000902466	7.01038	6.52967e-08	7.23536e-05
80	0	0	0	0	0	0	1	-0	0	0
81	1	1	45	87	25	610	0.0258005	3.65736	9.62933e-07	3.73222e-05
82	0	0	0	0	0	0	1	-0	0	0
83	1	1	0	0	0	0	1	-0	0	0
84	0	0	0	0	0	0	1	-0	0	0
85	0	0	0	0	0	0	1	-0	0	0
86	0	0	0	0	0	0	1	-0	0	0
87	0	0	0	0	0	0	1	-0	0	0
88	2	2	46	72	17	516	0.0457868	3.08376	1.44141e-06	3.1481e-05
89	0	0	0	0	0	0	1	-0	0	0
90	2	2	119	190	41	1279	0.000445595	7.7161	3.50605e-08	7.86824e-05
91	0	0	0	0	0	0	1	-0	0	0
92	2	2	0	0	0	0	1	-0	0	0
93	0	0	0	0	0	0	1	-0	0	0
94	0	0	0	0	0	0	1	-0	0	0
95	1	1	19	35	9	240	0.236029	1.4438	3.47615e-06	1.47276e-05
96	0	0	0	0	0	0	1	-0	0	0
97	1	1	21	33	14	77	0.548845	0.59994	3.26784e-06	5.95403e-06
98	0	0	0	0	0	0	1	-0	0	0
99	1	1	33	60	7	1230	0.00129428	6.6498	8.89698e-08	6.87407e-05
100	0	0	0	0	0	0	1	-0	0	0
101	1	1	4	4	4	0	0.975193	0.02512	2.20189e-07	2.2579e-07
102	0	0	0	0	0	0	1	-0	0	0
103	0	0	0	0	0	0	1	-0	0	0
104	1	1	96	149	31	2053	1.11283e-05	11.406	1.3075e-09	0.000117493
105	0	0	0	0	0	0	1	-0	0	0
106	1	1	114	207	33	5468	2.11033e-13	29.1868	6.37779e-17	0.000302217
107	0	0	0	0	0	0	1	-0	0	0
108	1	1	27	39	13	217	0.258821	1.35162	3.55396e-06	1.37314e-05
109	0	0	0	0	0	0	1	-0	0	0
110	1	1	45	65	24	231	0.204682	1.5863	3.26321e-06	1.59429e-05
111	0	0	0	0	0	0	1	-0	0	0
112	0	0	0	0	0	0	1	-0	0	0
113	1	1	0	0	0	0	1	-0	0	0
114	0	0	0	0	0	0	1	-0	0	0
115	2	2	71	188	14	4967	3.06081e-12	26.5123	8.40269e-16	0.000274525
116	0	0	0	0	0	0	1	-0	0	0
117	2	2	22	35	15	115	0.446507	0.8063	3.61045e-06	8.08598e-06
118	0	0	0	0	0	0	1	-0	0	0
119	0	0	0	0	0	0	1	-0	0	0
120	0	0	0	0	0	0	1	-0	0	0
121	0	0	0	0	0	0	1	-0	0	0
122	1	1	17	23	10	44	0.691536	0.36884	2.51453e-06	3.63616e-06
123	0	0	0	0	0	0	1	-0	0	0
124	1	1	45	91	20	748	0.0124469	4.38628	5.58623e-07	4.48804e-05
125	0	0	0	0	0	0	1	-0	0	0
126	1	1	40	75	11	1089	0.00241779	6.0249	1.50134e-07	6.20956e-05
127	0	0	0	0	0	0	1	-0	0	0
128	0	0	0	0	0	0	1	-0	0	0
129	0	0	0	0	0	0	1	-0	0	0
130	0	0	0	0	0	0	1	-0	0	0
131	1	1	39	70	14	525	0.0442854	3.1171	1.41032e-06	3.18463e-05
132	0	0	0	0	0	0	1	-0	0	0
133	1	1	72	128	25	1762	5.60067e-05	9.79004	5.64805e-09	0.000100846
134	0	0	0	0	0	0	1	-0	0	0
135	1	1	40	52	20	112	0.407481	0.89776	3.62096e-06	8.88619e-06
136	0	0	0	0	0	0	1	-0	0	0
137	0	0	0	0	0	0	1	-0	0	0
138	0	0	0	0	0	0	1	-0	0	0
139	0	0	0	0	0	0	1	-0	0	0
140	1	1	0	0	0	0	1	-0	0	0
141	0	0	0	0	0	0	1	-0	0	0
142	2	2	8	8	7	1	0.946163	0.05534	4.77542e-07	5.04714e-07
143	0	0	0	0	0	0	1	-0	0	0
144	2	2	12	12	11	1	0.922692	0.08046	6.7403e-07	7.30504e-07
145	0	0	0	0	0	0	1	-0	0	0
146	0	0	0	0	0	0	1	-0	0	0
147	1	1	22	27	17	27	0.735459	0.30726	2.17599e-06	2.95868e-06
148	0	0	0	0	0	0	1	-0	0	0
149	1	1	8	8	7	1	0.946163	0.05534	4.77542e-07	5.04714e-07
150	0	0	0	0	0	0	1	-0	0	0
151	1	1	88	142	24	1640	9.55596e-05	9.25576	9.09288e-09	9.5154e-05
152	0	0	0	0	0	0	1	-0	0	0
153	1	1	75	167	16	5965	2.151e-14	31.4703	7.02013e-18	0.000326366
154	0	0	0	0	0	0	1	-0	0	0
155	0	0	0	0	0	0	1	-0	0	0
156	1	1	17	29	9	210	0.285612	1.25312	3.6544e-06	1.2795e-05
157	0	0	0	0	0	0	1	-0	0	0
158	1	1	18	37	11	326	0.150324	1.89496	2.91779e-06	1.941e-05
159	0	0	0	0	0	0	1	-0	0	0
160	1	1	49	93	16	1110	0.00194005	6.24504	1.24605e-07	6.42275e-05
161	0	0	0	0	0	0	1	-0	0	0
162	1	1	65	148	23	1614	0.000105075	9.16084	9.8887e-09	9.41112e-05
163	0	0	0	0	0	0	1	-0	0	0
164	0	0	0	0	0	0	1	-0	0	0
165	1	1	1	1	1	0	0.99374	0.00628	5.60942e-08	5.64476e-08
166	0	0	0	0	0	0	1	-0	0	0
167	1	1	14	29	3	351	0.139148	1.97222	2.82285e-06	2.02867e-05
168	0	0	0	0	0	0	1	-0	0	0
169	3	3	19	19	13	10	0.843395	0.17032	1.35267e-06	1.60384e-06
170	0	0	0	0	0	0	1	-0	0	0
171	2	2	41	69	19	517	0.0464202	3.07002	1.45596e-06	3.13647e-05
172	0	0	0	0	0	0	1	-0	0	0
173	0	0	0	0	0	0	1	-0	0	0
174	1	1	149	307	31	7432	5.02976e-18	39.8312	2.07334e-21	0.000412215
175	0	0	0	0	0	0	1	-0	0	0
176	1	1	86	137	26	1611	0.000114326	9.07646	1.06701e-08	9.33309e-05
177	0	0	0	0	0	0	1	-0	0	0
178	1	1	6	6	4	3	0.948399	0.05298	4.72383e-07	4.98085e-07
179	0	0	0	0	0	0	1	-0	0	0
180	0	0	0	0	0	0	1	-0	0	0
181	0	0	0	0	0	0	1	-0	0	0
182	0	0	0	0	0	0	1	-0	0	0
183	1	1	29	53	5	889	0.00769842	4.86674	3.8667e-07	5.02271e-05
184	0	0	0	0	0	0	1	-0	0	0
185	1	1	9	11	6	15	0.864521	0.14558	1.22582e-06	1.41792e-06
186	0	0	0	0	0	0	1	-0	0	0
187	1	1	92	183	16	4280	1.04981e-10	22.9772	2.49582e-14	0.00023774
188	0	0	0	0	0	0	1	-0	0	0
189	0	0	0	0	0	0	1	-0	0	0
190	0	0	0	0	0	0	1	-0	0	0
191	0	0	0	0	0	0	1	-0	0	0
192	1	1	0	0	0	0	1	-0	0	0
193	0	0	0	0	0	0	1	-0	0	0
194	2	2	61	94	26	519	0.0392729	3.23722	1.29138e-06	3.28822e-05
195	0	0	0	0	0	0	1	-0	0	0
196	2	2	49	71	23	352	0.106344	2.24108	2.41513e-06	2.27107e-05
197	0	0	0	0	0	0	1	-0	0	0
198	0	0	0	0	0	0	1	-0	0	0
199	0	0	0	0	0	0	1	-0	0	0
200	0	0	0	0	0	0	1	-0	0	0
201	1	1	23	36	14	178	0.321782	1.13388	3.69722e-06	1.14898e-05
202	0	0	0	0	0	0	1	-0	0	0
203	1	1	105	208	42	2505	7.66263e-07	14.0817	1.10985e-10	0.00014484
204	0	0	0	0	0	0	1	-0	0	0
205	1	1	56	89	28	484	0.0484453	3.02732	1.48922e-06	3.07403e-05
206	0	0	0	0	0	0	1	-0	0	0
207	0	0	0	0	0	0	1	-0	0	0
208	1	1	6	6	6	0	0.963021	0.03768	3.26161e-07	3.38686e-07
209	0	0	0	0	0	0	1	-0	0	0
210	1	1	6	6	6	0	0.963021	0.03768	3.26161e-07	3.38686e-07
211	0	0	0	0	0	0	1	-0	0	0
212	1	1	36	89	4	2779	3.99993e-07	14.7318	6.10713e-11	0.000152681
213	0	0	0	0	0	0	1	-0	0	0
214	1	1	33	44	6	704	0.0209269	3.86672	8.34763e-07	3.98895e-05
215	0	0	0	0	0	0	1	-0	0	0
216	0	0	0	0	0	0	1	-0	0	0
217	1	1	48	95	14	1004	0.00328956	5.717	1.93125e-07	5.87083e-05
218	0	0	0	0	0	0	1	-0	0	0
219	1	1	90	146	23	1603	0.000112542	9.09218	1.0513e-08	9.34139e-05
220	0	0	0	0	0	0	1	-0	0	0
221	3	3	156	304	45	6176	3.10203e-15	33.4067	1.07116e-18	0.000345311
222	0	0	0	0	0	0	1	-0	0	0
223	2	2	147	269	45	3644	1.5676e-09	20.2737	3.27318e-13	0.000208802
224	0	0	0	0	0	0	1	-0	0	0
225	0	0	0	0	0	0	1	-0	0	0
226	1	1	105	221	21	5243	6.08865e-13	28.1272	1.77212e-16	0.000291052
227	0	0	0	0	0	0	1	-0	0	0
228	1	1	49	78	19	657	0.021482	3.84054	8.44488e-07	3.93114e-05
229	0	0	0	0	0	0	1	-0	0	0
230	1	1	21	37	16	158	0.354106	1.03816	3.7123e-06	1.04836e-05
231	0	0	0	0	0	0	1	-0	0	0
232	0	0	0	0	0	0	1	-0	0	0
233	0	0	0	0	0	0	1	-0	0	0
234	0	0	0	0	0	0	1	-0	0	0
235	1	1	1	1	1	0	0.99374	0.00628	5.60942e-08	5.64476e-08
236	0	0	0	0	0	0	1	-0	0	0
237	1	1	23	53	6	1037	0.00361906	5.62154	2.10234e-07	5.80909e-05
238	0	0	0	0	0	0	1	-0	0	0
239	1	1	7	7	4	3	0.942462	0.05926	5.22626e-07	5.54533e-07
240	0	0	0	0	0	0	1	-0	0	0
241	0	0	0	0	0	0	1	-0	0	0
242	0	0	0	0	0	0	1	-0	0	0
243	0	0	0	0	0	0	1	-0	0	0
244	1	1	110	218	36	2877	1.07935e-07	16.0417	1.78275e-11	0.00016517
245	0	0	0	0	0	0	1	-0	0	0
246	1	1	59	128	19	3174	4.17636e-08	16.9912	7.34497e-12	0.00017587
247	0	0	0	0	0	0	1	-0	0	0
248	2	2	1	1	1	0	0.99374	0.00628	5.60942e-08	5.64476e-08
249	0	0	0	0	0	0	1	-0	0	0
250	0	0	0	0	0	0	1	-0	0	0
251	0	0	0	0	0	0	1	-0	0	0
252	0	0	0	0	0	0	1	-0	0	0
253	1	1	56	114	24	1900	3.02529e-05	10.4059	3.2488e-09	0.000107388
254	0	0	0	0	0	0	1	-0	0	0
255	1	1	104	207	22	5116	1.27056e-12	27.3916	3.60223e-16	0.000283514
256	0	0	0	0	0	0	1	-0	0	0
257	2	2	40	70	12	726	0.0158879	4.1422	6.75648e-07	4.2526e-05
258	0	0	0	0	0	0	1	-0	0	0
259	0	0	0	0	0	0	1	-0	0	0
260	1	1	3	3	2	1	0.976344	0.02394	2.17213e-07	2.22476e-07
261	0	0	0	0	0	0	1	-0	0	0
262	1	0	0	0	0	0	1	-0	0	0
263	0	0	0	0	0	0	1	-0	0	0
264	1	1	1	1	1	0	0.99374	0.00628	5.60942e-08	5.64476e-08
265	0	0	0	0	0	0	1	-0	0	0
266	1	1	13	27	2	169	0.356486	1.03146	3.74439e-06	1.05036e-05
267	0	0	0	0	0	0	1	-0	0	0
268	0	0	0	0	0	0	1	-0	0	0
269	1	1	36	79	13	1899	3.78825e-05	10.181	3.99128e-09	0.000105359
270	0	0	0	0	0	0	1	-0	0	0
271	1	1	27	37	11	129	0.410549	0.89026	3.67143e-06	8.94274e-06
272	0	0	0	0	0	0	1	-0	0	0
273	1	1	0	0	0	0	1	-0	0	0
274	0	0	0	0	0	0	1	-0	0	0
275	2	2	75	150	26	5780	6.1484e-14	30.42	1.94029e-17	0.000315577
276	0	0	0	0	0	0	1	-0	0	0
277	0	0	0	0	0	0	1	-0	0	0
278	1	1	30	51	9	710	0.0194233	3.94128	7.88654e-07	4.06034e-05
279	0	0	0	0	0	0	1	-0	0	0
280	1	1	27	64	12	640	0.0255806	3.66592	9.62289e-07	3.76179e-05
281	0	0	0	0	0	0	1	-0	0	0
282	2	2	91	159	21	2440	1.45207e-06	13.4425	2.01286e-10	0.00013862
283	0	0	0	0	0	0	1	-0	0	0
284	2	1	4	4	3	1	0.970232	0.03022	2.70621e-07	2.78924e-07
285	0	0	0	0	0	0	1	-0	0	0
286	0	0	0	0	0	0	1	-0	0	0
287	1	1	69	127	6	4518	4.433e-11	23.8394	1.09595e-14	0.000247225
288	0	0	0	0	0	0	1	-0	0	0
289	1	1	3	3	3	0	0.981336	0.01884	1.66182e-07	1.69343e-07
290	0	0	0	0	0	0	1	-0	0	0
291	1	0	1	1	1	0	0.99374	0.00628	5.60942e-08	5.64476e-08
292	0	0	0	0	0	0	1	-0	0	0
293	0	0	0	0	0	0	1	-0	0	0
294	0	0	0	0	0	0	1	-0	0	0
295	0	0	0	0	0	0	1	-0	0	0
296	1	1	70	128	34	839	0.00620289	5.08274	3.21335e-07	5.1804e-05
297	0	0	0	0	0	0	1	-0	0	0
298	1	1	42	91	18	2294	4.68624e-06	12.2709	5.95266e-10	0.000127024
299	0	0	0	0	0	0	1	-0	0	0
300	1	1	16	16	14	2	0.895225	0.11068	9.03665e-07	1.00943e-06
301	0	0	0	0	0	0	1	-0	0	0
302	0	0	0	0	0	0	1	-0	0	0
303	0	0	0	0	0	0	1	-0	0	0
304	0	0	0	0	0	0	1	-0	0	0
305	1	1	4	5	4	1	0.964158	0.0365	3.23351e-07	3.35371e-07
306	0	0	0	0	0	0	1	-0	0	0
307	2	2	68	106	31	1603	0.000144681	8.84098	1.31885e-08	9.1156e-05
308	0	0	0	0	0	0	1	-0	0	0
309	2	1	19	20	15	7	0.851037	0.1613	1.27731e-06	1.50088e-06
310	0	0	0	0	0	0	1	-0	0	0
311	0	0	0	0	0	0	1	-0	0	0
312	0	0	0	0	0	0	1	-0	0	0
313	0	0	0	0	0	0	1	-0	0	0
314	1	1	1	2	1	1	0.982495	0.01766	1.63122e-07	1.66028e-07
315	0	0	0	0	0	0	1	-0	0	0
316	1	1	72	164	15	3400	1.05207e-08	18.3699	1.99799e-12	0.00018991
317	0	0	0	0	0	0	1	-0	0	0
318	1	1	2	2	1	1	0.982495	0.01766	1.63122e-07	1.66028e-07
319	0	0	0	0	0	0	1	-0	0	0
320	0	0	0	0	0	0	1	-0	0	0
321	1	1	57	87	15	2284	5.05688e-06	12.1948	6.38518e-10	0.000126267
322	0	0	0	0	0	0	1	-0	0	0
323	1	1	74	111	31	944	0.00404012	5.51148	2.27958e-07	5.64234e-05
324	0	0	0	0	0	0	1	-0	0	0
325	1	1	140	262	29	6828	1.45238e-16	36.4682	5.48392e-20	0.000377583
326	0	0	0	0	0	0	1	-0	0	0
327	1	1	62	112	18	1069	0.00212229	6.15526	1.33962e-07	6.31215e-05
328	0	0	0	0	0	0	1	-0	0	0
329	0	0	0	0	0	0	1	-0	0	0
330	1	1	11	12	6	8	0.890333	0.11616	9.81536e-07	1.10244e-06
331	0	0	0	0	0	0	1	-0	0	0
332	2	2	59	108	14	4189	2.67436e-10	22.0421	6.1155e-14	0.000228671
333	0	0	0	0	0	0	1	-0	0	0
334	2	2	7	7	7	0	0.956992	0.04396	3.78139e-07	3.95133e-07
335	0	0	0	0	0	0	1	-0	0	0
336	2	2	70	154	20	3081	5.69997e-08	16.6802	9.82654e-12	0.000172396
337	0	0	0	0	0	0	1	-0	0	0
338	0	0	0	0	0	0	1	-0	0	0
339	1	1	123	280	25	5966	1.05252e-14	32.185	3.50278e-18	0.000332798
340	0	0	0	0	0	0	1	-0	0	0
341	1	1	2	2	2	0	0.987519	0.01256	1.11486e-07	1.12895e-07
342	0	0	0	0	0	0	1	-0	0	0
343	1	1	11	11	7	5	0.909755	0.09458	8.06579e-07	8.8659e-07
344	0	0	0	0	0	0	1	-0	0	0
345	0	0	0	0	0	0	1	-0	0	0
346	0	0	0	0	0	0	1	-0	0	0
347	0	0	0	0	0	0	1	-0	0	0
348	1	1	49	98	16	2426	2.28753e-06	12.988	3.07519e-10	0.000134433
349	0	0	0	0	0	0	1	-0	0	0
350	1	1	96	191	18	4391	5.66811e-11	23.5936	1.38353e-14	0.000244089
351	0	0	0	0	0	0	1	-0	0	0
352	1	1	166	390	40	7908	2.63562e-19	42.78	1.16545e-22	0.000442192
353	0	0	0	0	0	0	1	-0	0	0
354	0	0	0	0	0	0	1	-0	0	0
355	0	0	0	0	0	0	1	-0	0	0
356	0	0	0	0	0	0	1	-0	0	0
357	2	2	48	102	12	1521	0.000225394	8.39766	1.95131e-08	8.65733e-05
358	0	0	0	0	0	0	1	-0	0	0
359	2	2	175	413	52	10131	2.7191e-24	54.2617	1.52706e-27	0.000561605
360	0	0	0	0	0	0	1	-0	0	0
361	2	2	0	0	0	0	1	-0	0	0
362	0	0	0	0	0	0	1	-0	0	0
363	0	0	0	0	0	0	1	-0	0	0
364	0	0	0	0	0	0	1	-0	0	0
365	0	0	0	0	0	0	1	-0	0	0
366	1	1	13	13	12	1	0.916915	0.08674	7.21568e-07	7.86952e-07
367	0	0	0	0	0	0	1	-0	0	0
368	1	1	45	105	10	1438	0.000337752	7.9932	2.78079e-08	8.23325e-05
369	0	0	0	0	0	0	1	-0	0	0
370	1	1	14	30	6	165	0.357043	1.0299	3.73481e-06	1.04604e-05
371	0	0	0	0	0	0	1	-0	0	0
372	0	0	0	0	0	0	1	-0	0	0
373	1	1	62	161	19	3019	7.4835e-08	16.408	1.26843e-11	0.000169497
374	0	0	0	0	0	0	1	-0	0	0
375	1	1	65	137	25	1836	3.62903e-05	10.224	3.82086e-09	0.000105286
376	0	0	0	0	0	0	1	-0	0	0
377	1	1	46	79	24	1048	0.00290617	5.84092	1.74786e-07	6.0143e-05
378	0	0	0	0	0	0	1	-0	0	0
379	1	1	59	97	21	1081	0.00219349	6.12226	1.37998e-07	6.29124e-05
380	0	0	0	0	0	0	1	-0	0	0
381	0	0	0	0	0	0	1	-0	0	0
382	1	0	1	1	1	0	0.99374	0.00628	5.60942e-08	5.64476e-08
383	0	0	0	0	0	0	1	-0	0	0
384	2	2	69	122	31	1506	0.000214595	8.44676	1.86494e-08	8.69052e-05
385	0	0	0	0	0	0	1	-0	0	0
386	2	2	7	7	6	1	0.952124	0.04906	4.26805e-07	4.48266e-07
387	0	0	0	0	0	0	1	-0	0	0
388	2	2	20	20	13	10	0.838115	0.1766	1.39151e-06	1.66028e-06
389	0	0	0	0	0	0	1	-0	0	0
390	0	0	0	0	0	0	1	-0	0	0
391	1	1	24	28	10	88	0.535454	0.62464	3.34994e-06	6.25625e-06
392	0	0	0	0	0	0	1	-0	0	0
393	1	1	42	61	18	451	0.0683455	2.68318	1.8731e-06	2.74064e-05
394	0	0	0	0	0	0	1	-0	0	0
395	1	1	18	18	12	7	0.861793	0.14874	1.19616e-06	1.38799e-06
396	0	0	0	0	0	0	1	-0	0	0
397	1	1	2	3	2	1	0.976344	0.02394	2.17213e-07	2.22476e-07
398	0	0	0	0	0	0	1	-0	0	0
399	0	0	0	0	0	0	1	-0	0	0
400	1	1	16	16	15	1	0.899802	0.10558	8.60476e-07	9.56295e-07
401	0	0	0	0	0	0	1	-0	0	0
402	1	1	25	26	21	5	0.827969	0.18878	1.43512e-06	1.7333e-06
403	0	0	0	0	0	0	1	-0	0	0
404	1	1	61	138	15	3467	8.80153e-09	18.5483	1.68992e-12	0.000192003
405	0	0	0	0	0	0	1	-0	0	0
406	0	0	0	0	0	0	1	-0	0	0
407	0	0	0	0	0	0	1	-0	0	0
408	0	0	0	0	0	0	1	-0	0	0
409	2	2	53	109	29	954	0.00388777	5.54992	2.20988e-07	5.68419e-05
410	0	0	0	0	0	0	1	-0	0	0
411	3	3	15	24	12	78	0.577804	0.54852	3.17742e-06	5.49913e-06
412	0	0	0	0	0	0	1	-0	0	0
413	2	2	92	159	24	3093	5.19585e-08	16.7728	9.00525e-12	0.000173316
414	0	0	0	0	0	0	1	-0	0	0
415	0	0	0	0	0	0	1	-0	0	0
416	0	0	0	0	0	0	1	-0	0	0
417	0	0	0	0	0	0	1	-0	0	0
418	1	1	80	173	24	5772	5.54309e-14	30.5236	1.75411e-17	0.00031645
419	0	0	0	0	0	0	1	-0	0	0
420	1	1	22	25	13	34	0.718636	0.3304	2.31237e-06	3.21772e-06
421	0	0	0	0	0	0	1	-0	0	0
422	1	1	100	231	17	13436	4.07902e-31	69.9743	2.96519e-34	0.000726937
423	0	0	0	0	0	0	1	-0	0	0
424	0	0	0	0	0	0	1	-0	0	0
425	0	0	0	0	0	0	1	-0	0	0
426	0	0	0	0	0	0	1	-0	0	0
427	1	1	17	20	12	24	0.78036	0.248	1.8761e-06	2.40415e-06
428	0	0	0	0	0	0	1	-0	0	0
429	1	1	12	13	7	10	0.87578	0.13264	1.10799e-06	1.26515e-06
430	0	0	0	0	0	0	1	-0	0	0
431	1	1	70	133	23	1215	0.000883393	7.03174	6.36612e-08	7.20644e-05
432	0	0	0	0	0	0	1	-0	0	0
433	0	0	0	0	0	0	1	-0	0	0
434	1	1	47	67	8	1195	0.00148067	6.51526	9.96139e-08	6.72762e-05
435	0	0	0	0	0	0	1	-0	0	0
436	2	2	62	102	31	436	0.057031	2.86416	1.64955e-06	2.89237e-05
437	0	0	0	0	0	0	1	-0	0	0
438	2	2	14	21	5	136	0.438025	0.82548	3.68445e-06	8.41151e-06
439	0	0	0	0	0	0	1	-0	0	0
440	3	2	45	90	17	1743	7.83363e-05	9.4545	7.65278e-09	9.76915e-05
441	0	0	0	0	0	0	1	-0	0	0
442	0	0	0	0	0	0	1	-0	0	0
443	1	1	39	62	25	384	0.095583	2.34776	2.28471e-06	2.39029e-05
444	0	0	0	0	0	0	1	-0	0	0
445	1	1	121	284	42	5619	6.02412e-14	30.4404	1.89511e-17	0.000314587
446	0	0	0	0	0	0	1	-0	0	0
447	1	1	71	156	23	2401	1.80531e-06	13.2248	2.46205e-10	0.000136379
448	0	0	0	0	0	0	1	-0	0	0
449	1	1	20	31	12	112	0.464925	0.76588	3.58029e-06	7.70079e-06
450	0	0	0	0	0	0	1	-0	0	0
451	0	0	0	0	0	0	1	-0	0	0
452	1	1	0	0	0	0	1	-0	0	0
453	0	0	0	0	0	0	1	-0	0	0
454	1	1	2	2	2	0	0.987519	0.01256	1.11486e-07	1.12895e-07
455	0	0	0	0	0	0	1	-0	0	0
456	1	1	26	59	8	1047	0.00331194	5.71022	1.95275e-07	5.89609e-05
457	0	0	0	0	0	0	1	-0	0	0
458	1	1	22	27	11	43	0.677829	0.38886	2.58172e-06	3.80881e-06
459	0	0	0	0	0	0	1	-0	0	0
460	0	0	0	0	0	0	1	-0	0	0
461	1	1	2	2	2	0	0.987519	0.01256	1.11486e-07	1.12895e-07
462	0	0	0	0	0	0	1	-0	0	0
463	3	2	159	294	36	5004	1.30252e-12	27.3667	3.67928e-16	0.000282474
464	0	0	0	0	0	0	1	-0	0	0
465	2	2	34	53	15	600	0.0336131	3.39284	1.17214e-06	3.48716e-05
466	0	0	0	0	0	0	1	-0	0	0
467	0	0	0	0	0	0	1	-0	0	0
468	0	0	0	0	0	0	1	-0	0	0
469	0	0	0	0	0	0	1	-0	0	0
470	1	1	62	91	22	769	0.0111828	4.49338	5.14365e-07	4.59962e-05
471	0	0	0	0	0	0	1	-0	0	0
472	1	1	152	270	33	6273	2.3417e-15	33.6879	8.16188e-19	0.000348545
473	0	0	0	0	0	0	1	-0	0	0
474	1	1	151	294	31	8364	4.70668e-20	44.5027	2.16979e-23	0.000461002
475	0	0	0	0	0	0	1	-0	0	0
476	0	0	0	0	0	0	1	-0	0	0
477	0	0	0	0	0	0	1	-0	0	0
478	0	0	0	0	0	0	1	-0	0	0
479	1	1	3	3	2	1	0.976344	0.02394	2.17213e-07	2.22476e-07
480	0	0	0	0	0	0	1	-0	0	0
481	1	1	0	0	0	0	1	-0	0	0
482	0	0	0	0	0	0	1	-0	0	0
483	1	1	2	2	2	0	0.987519	0.01256	1.11486e-07	1.12895e-07
484	0	0	0	0	0	0	1	-0	0	0
485	0	0	0	0	0	0	1	-0	0	0
486	1	1	9	9	6	4	0.925964	0.07692	6.67214e-07	7.20561e-07
487	0	0	0	0	0	0	1	-0	0	0
488	1	1	35	60	21	307	0.143345	1.9425	2.82372e-06	1.96987e-05
489	0	0	0	0	0	0	1	-0	0	0
490	2	2	58	141	19	2572	8.29303e-07	14.0027	1.19932e-10	0.000144618
491	0	0	0	0	0	0	1	-0	0	0
492	3	3	116	190	36	2124	5.98892e-06	12.0256	7.4011e-10	0.00012358
493	0	0	0	0	0	0	1	-0	0	0
494	0	0	0	0	0	0	1	-0	0	0
495	1	1	111	204	38	2564	5.81578e-07	14.3575	8.59275e-11	0.000147749
496	0	0	0	0	0	0	1	-0	0	0
497	1	1	26	48	14	502	0.0571749	2.86164	1.67993e-06	2.93824e-05
498	0	0	0	0	0	0	1	-0	0	0
499	1	1	126	242	17	5459	1.77348e-13	29.3607	5.38633e-17	0.000303714
500	0	0	0	0	0	0	1	-0	0	0
501	1	1	104	163	31	2916	1.24964e-07	15.8952	2.05113e-11	0.000164137
502	0	0	0	0	0	0	1	-0	0	0
503	0	0	0	0	0	0	1	-0	0	0
504	1	0	1	1	1	0	0.99374	0.00628	5.60942e-08	5.64476e-08
505	0	0	0	0	0	0	1	-0	0	0
506	1	1	0	0	0	0	1	-0	0	0
507	0	0	0	0	0	0	1	-0	0	0
508	1	1	0	0	0	0	1	-0	0	0
509	0	0	0	0	0	0	1	-0	0	0
510	1	1	0	0	0	0	1	-0	0	0
511	0	0	0	0	0	0	1	-0	0	0
512	0	0	0	0	0	0	1	-0	0	0
513	1	1	33	43	19	118	0.418181	0.87184	3.63691e-06	8.69696e-06
514	0	0	0	0	0	0	1	-0	0	0
515	1	1	50	102	14	2620	8.29403e-07	14.0026	1.20236e-10	0.000144967
516	0	0	0	0	0	0	1	-0	0	0
517	2	2	3	3	1	3	0.966436	0.03414	3.17709e-07	3.28742e-07
518	0	0	0	0	0	0	1	-0	0	0
519	0	0	0	0	0	0	1	-0	0	0
520	0	0	0	0	0	0	1	-0	0	0
521	0	0	0	0	0	0	1	-0	0	0
522	1	1	31	39	13	238	0.232534	1.45872	3.45246e-06	1.48472e-05
523	0	0	0	0	0	0	1	-0	0	0
524	1	1	100	226	19	7970	5.3808e-19	42.0663	2.34726e-22	0.000436229
525	0	0	0	0	0	0	1	-0	0	0
526	1	1	27	51	12	347	0.12369	2.08998	2.63657e-06	2.1316e-05
527	0	0	0	0	0	0	1	-0	0	0
528	0	0	0	0	0	0	1	-0	0	0
529	0	0	0	0	0	0	1	-0	0	0
530	0	0	0	0	0	0	1	-0	0	0
531	1	1	1	1	1	0	0.99374	0.00628	5.60942e-08	5.64476e-08
532	0	0	0	0	0	0	1	-0	0	0
533	1	1	2	2	2	0	0.987519	0.01256	1.11486e-07	1.12895e-07
534	0	0	0	0	0	0	1	-0	0	0
535	1	1	3	4	3	1	0.970232	0.03022	2.70621e-07	2.78924e-07
536	0	0	0	0	0	0	1	-0	0	0
537	0	0	0	0	0	0	1	-0	0	0
538	0	0	0	0	0	0	1	-0	0	0
539	0	0	0	0	0	0	1	-0	0	0
540	1	1	41	66	18	339	0.117258	2.14338	2.54892e-06	2.17377e-05
541	0	0	0	0	0	0	1	-0	0	0
542	1	1	51	84	15	843	0.00801196	4.82682	3.96855e-07	4.95329e-05
543	0	0	0	0	0	0	1	-0	0	0
544	3	2	64	162	8	7335	2.05051e-17	38.4259	8.17899e-21	0.000398877
545	0	0	0	0	0	0	1	-0	0	0
546	0	0	0	0	0	0	1	-0	0	0
547	1	1	9	10	5	15	0.869967	0.1393	1.18444e-06	1.36147e-06
548	0	0	0	0	0	0	1	-0	0	0
549	1	1	22	44	11	258	0.203494	1.59212	3.29498e-06	1.61921e-05
550	0	0	0	0	0	0	1	-0	0	0
551	1	1	8	15	7	36	0.757448	0.2778	2.09019e-06	2.75951e-06
552	0	0	0	0	0	0	1	-0	0	0
553	2	2	3	3	3	0	0.981336	0.01884	1.66182e-07	1.69343e-07
554	0	0	0	0	0	0	1	-0	0	0
555	0	0	0	0	0	0	1	-0	0	0
556	1	1	14	14	11	4	0.89734	0.10832	8.99852e-07	1.0028e-06
557	0	0	0	0	0	0	1	-0	0	0
558	1	1	51	94	18	1021	0.00303538	5.79742	1.80772e-07	5.95551e-05
559	0	0	0	0	0	0	1	-0	0	0
560	1	1	1	1	1	0	0.99374	0.00628	5.60942e-08	5.64476e-08
561	0	0	0	0	0	0	1	-0	0	0
562	1	1	1	1	1	0	0.99374	0.00628	5.60942e-08	5.64476e-08
563	0	0	0	0	0	0	1	-0	0	0
564	0	0	0	0	0	0	1	-0	0	0
565	1	1	123	249	35	6849	1.41587e-16	36.4936	5.35147e-20	0.000377965
566	0	0	0	0	0	0	1	-0	0	0
567	1	1	70	136	24	1996	1.61486e-05	11.0337	1.83659e-09	0.000113731
568	0	0	0	0	0	0	1	-0	0	0
569	1	1	40	58	20	189	0.26497	1.32814	3.52837e-06	1.33161e-05
570	0	0	0	0	0	0	1	-0	0	0
571	2	2	61	107	15	2759	3.95601e-07	14.7429	6.03823e-11	0.000152634
572	0	0	0	0	0	0	1	-0	0	0
573	0	0	0	0	0	0	1	-0	0	0
574	1	1	1	1	1	0	0.99374	0.00628	5.60942e-08	5.64476e-08
575	0	0	0	0	0	0	1	-0	0	0
576	2	2	61	118	33	2383	2.51223e-06	12.8943	3.34823e-10	0.000133277
577	0	0	0	0	0	0	1	-0	0	0
578	2	2	46	58	32	203	0.24671	1.39954	3.46875e-06	1.406e-05
579	0	0	0	0	0	0	1	-0	0	0
580	0	0	0	0	0	0	1	-0	0	0
581	0	0	0	0	0	0	1	-0	0	0
582	0	0	0	0	0	0	1	-0	0	0
583	1	1	8	8	6	2	0.94135	0.06044	5.2513e-07	5.57847e-07
584	0	0	0	0	0	0	1	-0	0	0
585	1	1	46	80	18	743	0.0136816	4.2917	6.01907e-07	4.39938e-05
586	0	0	0	0	0	0	1	-0	0	0
587	1	1	9	9	7	2	0.935457	0.06672	5.74646e-07	6.14295e-07
588	0	0	0	0	0	0	1	-0	0	0
589	0	0	0	0	0	0	1	-0	0	0
590	0	0	0	0	0	0	1	-0	0	0
591	0	0	0	0	0	0	1	-0	0	0
592	1	1	108	214	34	3858	7.4345e-10	21.0197	1.61379e-13	0.000217068
593	0	0	0	0	0	0	1	-0	0	0
594	1	1	96	167	36	1463	0.000201432	8.51006	1.75569e-08	8.71606e-05
595	0	0	0	0	0	0	1	-0	0	0
596	1	1	151	349	26	14313	2.21951e-33	75.188	1.73165e-36	0.000780196
597	0	0	0	0	0	0	1	-0	0	0
598	0	0	0	0	0	0	1	-0	0	0
599	0	0	0	0	0	0	1	-0	0	0
600	0	0	0	0	0	0	1	-0	0	0
601	2	2	53	122	12	3353	1.74058e-08	17.8665	3.22082e-12	0.000185042
602	0	0	0	0	0	0	1	-0	0	0
603	2	2	3	3	3	0	0.981336	0.01884	1.66182e-07	1.69343e-07
604	0	0	0	0	0	0	1	-0	0	0
605	2	2	40	49	25	235	0.221747	1.50622	3.38213e-06	1.52522e-05
606	0	0	0	0	0	0	1	-0	0	0
607	0	0	0	0	0	0	1	-0	0	0
608	1	1	34	60	12	655	0.0242995	3.7173	9.27976e-07	3.81891e-05
609	0	0	0	0	0	0	1	-0	0	0
610	1	1	49	119	13	1760	5.98709e-05	9.72332	6.00096e-09	0.000100232
611	0	0	0	0	0	0	1	-0	0	0
612	1	1	20	41	6	332	0.142177	1.95068	2.83709e-06	1.99546e-05
613	0	0	0	0	0	0	1	-0	0	0
614	1	1	96	162	14	2543	8.42696e-07	13.9867	1.21569e-10	0.000144262
615	0	0	0	0	0	0	1	-0	0	0
616	0	0	0	0	0	0	1	-0	0	0
617	1	1	22	34	7	327	0.152404	1.88122	2.94045e-06	1.92938e-05
618	0	0	0	0	0	0	1	-0	0	0
619	1	1	96	129	28	975	0.00308063	5.78262	1.82024e-07	5.90866e-05
620	0	0	0	0	0	0	1	-0	0	0
621	1	1	97	160	28	1863	2.7369e-05	10.5061	2.95636e-09	0.000108019
622	0	0	0	0	0	0	1	-0	0	0
623	1	1	106	216	31	4193	1.32986e-10	22.7408	3.1249e-14	0.00023498
624	0	0	0	0	0	0	1	-0	0	0
625	0	0	0	0	0	0	1	-0	0	0
626	2	1	23	23	18	6	0.839423	0.17504	1.35743e-06	1.61709e-06
627	0	0	0	0	0	0	1	-0	0	0
628	2	2	107	219	42	3487	4.77907e-09	19.159	9.44523e-13	0.000197637
629	0	0	0	0	0	0	1	-0	0	0
630	2	1	2	2	2	0	0.987519	0.01256	1.11486e-07	1.12895e-07
631	0	0	0	0	0	0	1	-0	0	0
632	0	0	0	0	0	0	1	-0	0	0
633	0	0	0	0	0	0	1	-0	0	0
634	0	0	0	0	0	0	1	-0	0	0
635	1	1	9	9	8	1	0.94024	0.06162	5.27627e-07	5.61162e-07
636	0	0	0	0	0	0	1	-0	0	0
637	1	1	16	32	5	306	0.171777	1.76156	3.10316e-06	1.80651e-05
638	0	0	0	0	0	0	1	-0	0	0
639	1	1	0	0	0	0	1	-0	0	0
640	0	0	0	0	0	0	1	-0	0	0
641	0	0	0	0	0	0	1	-0	0	0
642	0	0	0	0	0	0	1	-0	0	0
643	0	0	0	0	0	0	1	-0	0	0
644	1	1	129	278	29	8413	4.05342e-20	44.6521	1.87553e-23	0.000462702
645	0	0	0	0	0	0	1	-0	0	0
646	1	1	22	27	12	73	0.581665	0.54186	3.14263e-06	5.40281e-06
647	0	0	0	0	0	0	1	-0	0	0
648	1	1	74	153	27	5069	2.2666e-12	26.8127	6.30044e-16	0.000277969
649	0	0	0	0	0	0	1	-0	0	0
650	0	0	0	0	0	0	1	-0	0	0
651	0	0	0	0	0	0	1	-0	0	0
652	0	0	0	0	0	0	1	-0	0	0
653	3	3	155	309	30	16949	4.13877e-39	88.3804	3.79938e-42	0.000917997
654	0	0	0	0	0	0	1	-0	0	0
655	2	2	125	206	40	2226	3.21951e-06	12.6463	4.18224e-10	0.000129903
656	0	0	0	0	0	0	1	-0	0	0
657	2	2	58	91	30	674	0.0181537	4.00888	7.43368e-07	4.09485e-05
658	0	0	0	0	0	0	1	-0	0	0
659	0	0	0	0	0	0	1	-0	0	0
660	1	1	55	88	18	803	0.00958132	4.64794	4.5639e-07	4.76333e-05
661	0	0	0	0	0	0	1	-0	0	0
662	1	1	43	56	18	277	0.171293	1.76438	3.06254e-06	1.7879e-05
663	0	0	0	0	0	0	1	-0	0	0
664	1	1	20	36	15	158	0.356336	1.03188	3.71558e-06	1.04272e-05
665	0	0	0	0	0	0	1	-0	0	0
666	1	1	9	9	9	0	0.945048	0.05652	4.80111e-07	5.08028e-07
667	0	0	0	0	0	0	1	-0	0	0
668	0	0	0	0	0	0	1	-0	0	0
669	1	1	67	143	21	1711	6.61133e-05	9.62414	6.54409e-09	9.89829e-05
670	0	0	0	0	0	0	1	-0	0	0
671	1	1	17	46	8	514	0.0544605	2.91028	1.62875e-06	2.99071e-05
672	0	0	0	0	0	0	1	-0	0	0
673	1	1	10	10	7	6	0.910829	0.0934	8.04513e-07	8.83275e-07
674	0	0	0	0	0	0	1	-0	0	0
675	1	1	38	54	18	230	0.220442	1.51212	3.36589e-06	1.52688e-05
676	0	0	0	0	0	0	1	-0	0	0
677	0	0	0	0	0	0	1	-0	0	0
678	2	2	18	18	13	8	0.857409	0.15384	1.23563e-06	1.44112e-06
679	0	0	0	0	0	0	1	-0	0	0
680	2	1	93	169	16	4695	1.38074e-11	25.0058	3.5761e-15	0.000259
681	0	0	0	0	0	0	1	-0	0	0
682	3	3	33	49	21	262	0.193221	1.64392	3.22425e-06	1.66868e-05
683	0	0	0	0	0	0	1	-0	0	0
684	2	2	133	239	57	5375	2.77371e-13	28.9134	8.29567e-17	0.000299082
685	0	0	0	0	0	0	1	-0	0	0
686	0	0	0	0	0	0	1	-0	0	0
687	1	1	22	22	19	4	0.853372	0.15856	1.24113e-06	1.45438e-06
688	0	0	0	0	0	0	1	-0	0	0
689	1	1	27	34	21	58	0.600904	0.50932	3.00509e-06	5.00094e-06
690	0	0	0	0	0	0	1	-0	0	0
691	1	1	69	99	27	869	0.00638617	5.05362	3.30555e-07	5.17611e-05
692	0	0	0	0	0	0	1	-0	0	0
693	0	0	0	0	0	0	1	-0	0	0
694	0	0	0	0	0	0	1	-0	0	0
695	0	0	0	0	0	0	1	-0	0	0
696	1	1	8	8	7	1	0.946163	0.05534	4.77542e-07	5.04714e-07
697	0	0	0	0	0	0	1	-0	0	0
698	1	1	27	54	9	546	0.0439932	3.12372	1.41037e-06	3.20589e-05
699	0	0	0	0	0	0	1	-0	0	0
700	1	1	9	9	7	3	0.930698	0.07182	6.21174e-07	6.67428e-07
701	0	0	0	0	0	0	1	-0	0	0
702	0	0	0	0	0	0	1	-0	0	0
703	0	0	0	0	0	0	1	-0	0	0
704	0	0	0	0	0	0	1	-0	0	0
705	2	2	93	192	43	2186	4.31092e-06	12.3544	5.47431e-10	0.000126987
706	0	0	0	0	0	0	1	-0	0	0
707	2	2	26	56	13	864	0.00858207	4.75808	4.21106e-07	4.90682e-05
708	0	0	0	0	0	0	1	-0	0	0
709	2	2	6	6	6	0	0.963021	0.03768	3.26161e-07	3.38686e-07
710	0	0	0	0	0	0	1	-0	0	0
711	0	0	0	0	0	0	1	-0	0	0
712	0	0	0	0	0	0	1	-0	0	0
713	0	0	0	0	0	0	1	-0	0	0
714	1	1	107	212	27	4413	4.44054e-11	23.8377	1.09434e-14	0.000246444
715	0	0	0	0	0	0	1	-0	0	0
716	1	1	141	355	24	24869	8.89999e-57	129.061	1.19385e-59	0.00134141
717	0	0	0	0	0	0	1	-0	0	0
718	1	1	76	168	34	1855	2.71118e-05	10.5155	2.92931e-09	0.000108045
719	0	0	0	0	0	0	1	-0	0	0
720	0	0	0	0	0	0	1	-0	0	0
721	1	1	2	2	1	1	0.982495	0.01766	1.63122e-07	1.66028e-07
722	0	0	0	0	0	0	1	-0	0	0
723	1	1	1	1	1	0	0.99374	0.00628	5.60942e-08	5.64476e-08
724	0	0	0	0	0	0	1	-0	0	0
725	1	1	77	169	14	2353	2.12525e-06	13.0616	2.85978e-10	0.000134562
726	0	0	0	0	0	0	1	-0	0	0
727	1	1	21	22	10	33	0.736048	0.30646	2.20464e-06	2.99524e-06
728	0	0	0	0	0	0	1	-0	0	0
729	0	0	0	0	0	0	1	-0	0	0
730	1	1	19	36	5	322	0.154389	1.86828	2.95516e-06	1.9141e-05
731	0	0	0	0	0	0	1	-0	0	0
732	2	2	95	164	33	2058	9.87287e-06	11.5257	1.17098e-09	0.000118606
733	0	0	0	0	0	0	1	-0	0	0
734	3	2	43	81	15	1038	0.00302006	5.80248	1.80371e-07	5.97245e-05
735	0	0	0	0	0	0	1	-0	0	0
736	2	2	49	96	15	1965	2.43159e-05	10.6244	2.67051e-09	0.000109826
737	0	0	0	0	0	0	1	-0	0	0
738	0	0	0	0	0	0	1	-0	0	0
739	1	1	98	198	19	4516	2.86737e-11	24.275	7.20072e-15	0.000251126
740	0	0	0	0	0	0	1	-0	0	0
741	1	1	85	159	26	3559	4.82517e-09	19.1494	9.55751e-13	0.000198076
742	0	0	0	0	0	0	1	-0	0	0
743	1	1	118	223	42	3169	2.35924e-08	17.5623	4.26945e-12	0.000180967
744	0	0	0	0	0	0	1	-0	0	0
745	0	0	0	0	0	0	1	-0	0	0
746	0	0	0	0	0	0	1	-0	0	0
747	0	0	0	0	0	0	1	-0	0	0
748	1	1	2	2	2	0	0.987519	0.01256	1.11486e-07	1.12895e-07
749	0	0	0	0	0	0	1	-0	0	0
750	1	1	0	0	0	0	1	-0	0	0
751	0	0	0	0	0	0	1	-0	0	0
752	1	1	0	0	0	0	1	-0	0	0
753	0	0	0	0	0	0	1	-0	0	0
754	0	0	0	0	0	0	1	-0	0	0
755	0	0	0	0	0	0	1	-0	0	0
756	0	0	0	0	0	0	1	-0	0	0
757	1	1	17	27	11	107	0.489065	0.71526	3.52583e-06	7.20934e-06
758	0	0	0	0	0	0	1	-0	0	0
759	2	2	58	123	9	4284	1.49932e-10	22.6208	3.51689e-14	0.000234566
760	0	0	0	0	0	0	1	-0	0	0
761	2	2	116	215	36	4641	1.36225e-11	25.0193	3.52451e-15	0.000258727
762	0	0	0	0	0	0	1	-0	0	0
763	0	0	0	0	0	0	1	-0	0	0
764	0	0	0	0	0	0	1	-0	0	0
765	0	0	0	0	0	0	1	-0	0	0
766	1	1	2	2	2	0	0.987519	0.01256	1.11486e-07	1.12895e-07
767	0	0	0	0	0	0	1	-0	0	0
768	1	1	21	24	19	6	0.834168	0.18132	1.39602e-06	1.67354e-06
769	0	0	0	0	0	0	1	-0	0	0
770	1	1	114	179	34	1436	0.000214389	8.44772	1.85239e-08	8.64034e-05
771	0	0	0	0	0	0	1	-0	0	0
772	0	0	0	0	0	0	1	-0	0	0
773	1	1	0	0	0	0	1	-0	0	0
774	0	0	0	0	0	0	1	-0	0	0
775	1	1	0	0	0	0	1	-0	0	0
776	0	0	0	0	0	0	1	-0	0	0
777	1	0	2	3	1	3	0.966436	0.03414	3.17709e-07	3.28742e-07
778	0	0	0	0	0	0	1	-0	0	0
779	1	1	3	3	2	1	0.976344	0.02394	2.17213e-07	2.22476e-07
780	0	0	0	0	0	0	1	-0	0	0
781	0	0	0	0	0	0	1	-0	0	0
782	1	1	43	64	19	259	0.178562	1.72282	3.10236e-06	1.73741e-05
783	0	0	0	0	0	0	1	-0	0	0
784	1	1	31	54	18	475	0.0631893	2.76162	1.7874e-06	2.82864e-05
785	0	0	0	0	0	0	1	-0	0	0
786	3	3	70	119	27	2644	6.59542e-07	14.2317	9.70856e-11	0.000147201
787	0	0	0	0	0	0	1	-0	0	0
788	2	2	139	355	34	6692	1.62054e-16	36.3586	6.08686e-20	0.000375606
789	0	0	0	0	0	0	1	-0	0	0
790	0	0	0	0	0	0	1	-0	0	0
791	1	1	22	40	8	188	0.298197	1.21	3.65201e-06	1.22469e-05
792	0	0	0	0	0	0	1	-0	0	0
793	1	1	3	3	3	0	0.981336	0.01884	1.66182e-07	1.69343e-07
794	0	0	0	0	0	0	1	-0	0	0
795	1	1	79	159	23	2091	8.60971e-06	11.6626	1.03383e-09	0.000120077
796	0	0	0	0	0	0	1	-0	0	0
797	1	1	49	80	25	304	0.128375	2.0528	2.65329e-06	2.06683e-05
798	0	0	0	0	0	0	1	-0	0	0
799	0	0	0	0	0	0	1	-0	0	0
800	1	1	4	4	4	0	0.975193	0.02512	2.20189e-07	2.2579e-07
801	0	0	0	0	0	0	1	-0	0	0
802	1	1	4	4	4	0	0.975193	0.02512	2.20189e-07	2.2579e-07
803	0	0	0	0	0	0	1	-0	0	0
804	1	1	33	88	2	2621	9.01019e-07	13.9197	1.29953e-10	0.00014423
805	0	0	0	0	0	0	1	-0	0	0
806	0	0	0	0	0	0	1	-0	0	0
807	0	0	0	0	0	0	1	-0	0	0
808	0	0	0	0	0	0	1	-0	0	0
809	1	1	85	178	27	1981	1.33908e-05	11.2209	1.54402e-09	0.000115305
810	0	0	0	0	0	0	1	-0	0	0
811	1	1	138	277	39	5003	1.45668e-12	27.2549	4.1e-16	0.000281461
812	0	0	0	0	0	0	1	-0	0	0
813	2	2	10	15	9	16	0.838786	0.1758	1.42329e-06	1.69685e-06
814	0	0	0	0	0	0	1	-0	0	0
815	0	0	0	0	0	0	1	-0	0	0
816	0	0	0	0	0	0	1	-0	0	0
817	0	0	0	0	0	0	1	-0	0	0
818	1	1	19	31	10	144	0.394917	0.92908	3.71264e-06	9.40106e-06
819	0	0	0	0	0	0	1	-0	0	0
820	1	1	8	9	7	2	0.935457	0.06672	5.74646e-07	6.14295e-07
821	0	0	0	0	0	0	1	-0	0	0
822	1	1	7	7	7	0	0.956992	0.04396	3.78139e-07	3.95133e-07
823	0	0	0	0	0	0	1	-0	0	0
824	0	0	0	0	0	0	1	-0	0	0
825	0	0	0	0	0	0	1	-0	0	0
826	0	0	0	0	0	0	1	-0	0	0
827	1	1	70	146	16	3656	3.19244e-09	19.5625	6.46458e-13	0.000202496
828	0	0	0	0	0	0	1	-0	0	0
829	1	1	2	2	1	1	0.982495	0.01766	1.63122e-07	1.66028e-07
830	0	0	0	0	0	0	1	-0	0	0
831	1	1	1	1	1	0	0.99374	0.00628	5.60942e-08	5.64476e-08
832	0	0	0	0	0	0	1	-0	0	0
833	0	0	0	0	0	0	1	-0	0	0
834	1	1	103	214	30	2896	1.00459e-07	16.1135	1.66715e-11	0.000165954
835	0	0	0	0	0	0	1	-0	0	0
836	1	1	55	97	17	1521	0.000232584	8.36626	2.00699e-08	8.6291e-05
837	0	0	0	0	0	0	1	-0	0	0
838	1	1	86	156	32	1280	0.000548853	7.50768	4.21609e-08	7.68163e-05
839	0	0	0	0	0	0	1	-0	0	0
840	2	2	59	146	18	3028	7.85383e-08	16.3597	1.32831e-11	0.000169129
841	0	0	0	0	0	0	1	-0	0	0
842	0	0	0	0	0	0	1	-0	0	0
843	1	1	0	0	0	0	1	-0	0	0
844	0	0	0	0	0	0	1	-0	0	0
845	1	1	40	91	13	1348	0.000583609	7.44628	4.4798e-08	7.67603e-05
846	0	0	0	0	0	0	1	-0	0	0
847	2	2	96	161	28	2199	4.90145e-06	12.226	6.17229e-10	0.000125928
848	0	0	0	0	0	0	1	-0	0	0
849	2	2	24	37	10	209	0.273006	1.29826	3.60188e-06	1.31934e-05
850	0	0	0	0	0	0	1	-0	0	0
851	0	0	0	0	0	0	1	-0	0	0
852	1	1	7	7	6	1	0.952124	0.04906	4.26805e-07	4.48266e-07
853	0	0	0	0	0	0	1	-0	0	0
854	1	1	85	184	18	2883	1.29599e-07	15.8588	2.11984e-11	0.000163569
855	0	0	0	0	0	0	1	-0	0	0
856	1	1	46	99	7	2073	1.37562e-05	11.194	1.59205e-09	0.000115733
857	0	0	0	0	0	0	1	-0	0	0
858	0	0	0	0	0	0	1	-0	0	0
859	0	0	0	0	0	0	1	-0	0	0
860	0	0	0	0	0	0	1	-0	0	0
861	1	1	55	75	29	277	0.152027	1.8837	2.88113e-06	1.89515e-05
862	0	0	0	0	0	0	1	-0	0	0
863	1	1	101	199	30	2507	8.02591e-07	14.0354	1.15925e-10	0.000144438
864	0	0	0	0	0	0	1	-0	0	0
865	1	1	12	26	6	191	0.320658	1.13738	3.72479e-06	1.16161e-05
866	0	0	0	0	0	0	1	-0	0	0
867	0	0	0	0	0	0	1	-0	0	0
868	0	0	0	0	0	0	1	-0	0	0
869	0	0	0	0	0	0	1	-0	0	0
870	1	1	1	1	1	0	0.99374	0.00628	5.60942e-08	5.64476e-08
871	0	0	0	0	0	0	1	-0	0	0
872	2	2	3	3	3	0	0.981336	0.01884	1.66182e-07	1.69343e-07
873	0	0	0	0	0	0	1	-0	0	0
874	2	2	3	3	3	0	0.981336	0.01884	1.66182e-07	1.69343e-07
875	0	0	0	0	0	0	1	-0	0	0
876	0	0	0	0	0	0	1	-0	0	0
877	0	0	0	0	0	0	1	-0	0	0
878	0	0	0	0	0	0	1	-0	0	0
879	1	1	9	10	6	5	0.915486	0.0883	7.59984e-07	8.30142e-07
880	0	0	0	0	0	0	1	-0	0	0
881	1	1	135	297	25	10871	1.29352e-25	57.3073	7.68837e-29	0.000594376
882	0	0	0	0	0	0	1	-0	0	0
883	1	1	62	115	18	1364	0.000462622	7.6786	3.6531e-08	7.89652e-05
884	0	0	0	0	0	0	1	-0	0	0
885	0	0	0	0	0	0	1	-0	0	0
886	1	1	14	14	12	2	0.90654	0.09812	8.12743e-07	8.96533e-07
887	0	0	0	0	0	0	1	-0	0	0
888	1	1	39	76	22	459	0.0597145	2.81818	1.7125e-06	2.86782e-05
889	0	0	0	0	0	0	1	-0	0	0
890	1	1	106	214	32	2980	6.54539e-08	16.5419	1.11544e-11	0.000170417
891	0	0	0	0	0	0	1	-0	0	0
892	1	1	20	23	11	28	0.750332	0.28724	2.09044e-06	2.78602e-06
893	0	0	0	0	0	0	1	-0	0	0
894	0	0	0	0	0	0	1	-0	0	0
895	1	1	4	4	4	0	0.975193	0.02512	2.20189e-07	2.2579e-07
896	0	0	0	0	0	0	1	-0	0	0
897	2	2	135	322	31	9109	8.8358e-22	48.4781	4.43704e-25	0.000502166
898	0	0	0	0	0	0	1	-0	0	0
899	2	2	0	0	0	0	1	-0	0	0
900	0	0	0	0	0	0	1	-0	0	0
901	2	2	69	121	23	2430	1.93989e-06	13.1529	2.63716e-10	0.000135944
902	0	0	0	0	0	0	1	-0	0	0
903	0	0	0	0	0	0	1	-0	0	0
904	1	1	46	67	20	688	0.0196523	3.92956	7.92728e-07	4.03376e-05
905	0	0	0	0	0	0	1	-0	0	0
906	1	1	7	7	5	3	0.942462	0.05926	5.22626e-07	5.54533e-07
907	0	0	0	0	0	0	1	-0	0	0
908	1	1	73	172	25	3265	1.99176e-08	17.7317	3.64869e-12	0.000183189
909	0	0	0	0	0	0	1	-0	0	0
910	1	1	7	9	6	4	0.925964	0.07692	6.67214e-07	7.20561e-07
911	0	0	0	0	0	0	1	-0	0	0
912	0	0	0	0	0	0	1	-0	0	0
913	1	1	2	2	2	0	0.987519	0.01256	1.11486e-07	1.12895e-07
914	0	0	0	0	0	0	1	-0	0	0
915	1	1	30	59	11	780	0.0129259	4.34852	5.78749e-07	4.47743e-05
916	0	0	0	0	0	0	1	-0	0	0
917	1	1	60	101	15	897	0.00546725	5.20898	2.91742e-07	5.33617e-05
918	0	0	0	0	0	0	1	-0	0	0
919	0	0	0	0	0	0	1	-0	0	0
920	0	0	0	0	0	0	1	-0	0	0
921	0	0	0	0	0	0	1	-0	0	0
922	2	2	8	8	7	1	0.946163	0.05534	4.77542e-07	5.04714e-07
923	0	0	0	0	0	0	1	-0	0	0
924	3	3	16	22	13	30	0.747396	0.29116	2.1195e-06	2.83584e-06
925	0	0	0	0	0	0	1	-0	0	0
926	2	2	37	79	20	801	0.0102424	4.58122	4.81588e-07	4.70191e-05
927	0	0	0	0	0	0	1	-0	0	0
928	0	0	0	0	0	0	1	-0	0	0
929	0	0	0	0	0	0	1	-0	0	0
930	0	0	0	0	0	0	1	-0	0	0
931	1	1	102	181	37	2170	5.01198e-06	12.2037	6.29084e-10	0.000125516
932	0	0	0	0	0	0	1	-0	0	0
933	1	1	46	73	24	448	0.0643615	2.74324	1.79725e-06	2.79243e-05
934	0	0	0	0	0	0	1	-0	0	0
935	1	1	65	139	17	6133	1.08869e-14	32.1512	3.63308e-18	0.000333712
936	0	0	0	0	0	0	1	-0	0	0
937	0	0	0	0	0	0	1	-0	0	0
938	0	0	0	0	0	0	1	-0	0	0
939	0	0	0	0	0	0	1	-0	0	0
940	1	1	16	33	5	379	0.117638	2.14014	2.58807e-06	2.20003e-05
941	0	0	0	0	0	0	1	-0	0	0
942	1	1	6	6	6	0	0.963021	0.03768	3.26161e-07	3.38686e-07
943	0	0	0	0	0	0	1	-0	0	0
944	1	1	66	165	10	8284	1.59125e-19	43.2846	7.15216e-23	0.000449469
945	0	0	0	0	0	0	1	-0	0	0
946	0	0	0	0	0	0	1	-0	0	0
947	2	1	10	20	6	60	0.649469	0.4316	2.80372e-06	4.31694e-06
948	0	0	0	0	0	0	1	-0	0	0
949	2	2	128	240	24	13954	2.74594e-32	72.6726	2.0731e-35	0.000754968
950	0	0	0	0	0	0	1	-0	0	0
951	2	1	14	25	10	81	0.565469	0.5701	3.23164e-06	5.71498e-06
952	0	0	0	0	0	0	1	-0	0	0
953	2	2	209	390	47	8076	1.11887e-19	43.6368	5.04741e-23	0.000451118
954	0	0	0	0	0	0	1	-0	0	0
955	0	0	0	0	0	0	1	-0	0	0
956	1	1	18	18	18	0	0.893115	0.11304	9.07456e-07	1.01606e-06
957	0	0	0	0	0	0	1	-0	0	0
958	1	1	8	21	5	97	0.534416	0.62658	3.38784e-06	6.33932e-06
959	0	0	0	0	0	0	1	-0	0	0
960	1	1	140	349	37	5090	5.947e-13	28.1507	1.72551e-16	0.000290148
961	0	0	0	0	0	0	1	-0	0	0
962	1	1	40	55	18	171	0.295969	1.2175	3.60798e-06	1.21904e-05
963	0	0	0	0	0	0	1	-0	0	0
964	0	0	0	0	0	0	1	-0	0	0
965	1	1	4	4	3	1	0.970232	0.03022	2.70621e-07	2.78924e-07
966	0	0	0	0	0	0	1	-0	0	0
967	1	1	7	12	5	28	0.803997	0.21816	1.74073e-06	2.1651e-06
968	0	0	0	0	0	0	1	-0	0	0
969	1	1	48	92	7	1823	5.14418e-05	9.87506	5.24989e-09	0.000102055
970	0	0	0	0	0	0	1	-0	0	0
971	1	1	21	31	13	139	0.405117	0.90358	3.7009e-06	9.13539e-06
972	0	0	0	0	0	0	1	-0	0	0
973	0	0	0	0	0	0	1	-0	0	0
974	2	2	152	330	35	9409	1.81952e-22	50.0583	9.43526e-26	0.000518558
975	0	0	0	0	0	0	1	-0	0	0
976	3	3	118	243	36	5313	3.71087e-13	28.6223	1.09847e-16	0.000296013
977	0	0	0	0	0	0	1	-0	0	0
978	2	2	41	102	14	1712	8.50935e-05	9.37176	8.23039e-09	9.67217e-05
979	0	0	0	0	0	0	1	-0	0	0
980	0	0	0	0	0	0	1	-0	0	0
981	0	0	0	0	0	0	1	-0	0	0
982	0	0	0	0	0	0	1	-0	0	0
983	1	1	35	38	20	88	0.502862	0.68744	3.42988e-06	6.82073e-06
984	0	0	0	0	0	0	1	-0	0	0
985	1	1	45	87	14	1391	0.000480607	7.64046	3.78811e-08	7.88192e-05
986	0	0	0	0	0	0	1	-0	0	0
987	1	1	60	137	11	7630	5.32904e-18	39.7734	2.20164e-21	0.00041314
988	0	0	0	0	0	0	1	-0	0	0
989	0	0	0	0	0	0	1	-0	0	0
990	0	0	0	0	0	0	1	-0	0	0
991	0	0	0	0	0	0	1	-0	0	0
992	1	1	0	0	0	0	1	-0	0	0
993	0	0	0	0	0	0	1	-0	0	0
994	1	1	7	15	4	35	0.761321	0.2727	2.06042e-06	2.70638e-06
995	0	0	0	0	0	0	1	-0	0	0
996	1	1	2	2	1	1	0.982495	0.01766	1.63122e-07	1.66028e-07
997	0	0	0	0	0	0	1	-0	0	0
998	0	0	0	0	0	0	1	-0	0	0
999	0	0	0	0	0	0	1	-0	0	0
1000	0	0	0	0	0	0	1	-0	0	0