Hist	Tr_Tot	Tr_in	DSBs	DSBt	RIFs	NComb	PSurv	lPSurv	PMut*	PMut
1	5	5	120	147	56	496	0.0316581	3.45276	1.09701e-06	3.46519e-05
2	4	4	88	105	34	790	0.0092014	4.6884	4.40767e-07	4.79022e-05
3	4	4	92	125	31	619	0.0194113	3.9419	7.75392e-07	3.99454e-05
4	4	4	118	146	43	723	0.0100099	4.60418	4.67029e-07	4.66567e-05
5	2	2	61	78	25	443	0.0639829	2.74914	1.78774e-06	2.79409e-05
6	2	2	91	131	28	1079	0.00178993	6.32558	1.15854e-07	6.47254e-05
7	11	11	280	368	111	2369	5.61339e-07	14.3929	8.23178e-11	0.000146645
8	6	6	79	106	44	426	0.0585262	2.83828	1.67492e-06	2.86182e-05
9	7	7	177	225	69	2062	6.59499e-06	11.9292	8.06313e-10	0.000122261
10	4	4	65	85	27	371	0.0883985	2.4259	2.16669e-06	2.45105e-05
11	6	6	139	180	57	976	0.002225	6.108	1.37991e-07	6.20186e-05
12	11	11	313	395	107	2718	7.99072e-08	16.3424	1.33216e-11	0.000166713
13	6	6	105	144	50	1099	0.00148964	6.50922	9.90937e-08	6.65218e-05
14	5	5	225	308	68	3060	2.41196e-08	17.5402	4.34089e-12	0.000179973
15	2	2	54	67	13	327	0.123878	2.08846	2.62083e-06	2.11565e-05
16	3	2	23	26	18	36	0.70689	0.34688	2.38959e-06	3.38043e-06
17	5	5	123	164	50	979	0.00242283	6.02282	1.48458e-07	6.12748e-05
18	3	3	38	43	21	86	0.492313	0.70864	3.44457e-06	6.9967e-06
19	5	5	122	167	40	1667	7.11685e-05	9.55046	6.9745e-09	9.79998e-05
20	9	8	208	269	103	1060	0.000828975	7.09532	5.92764e-08	7.15056e-05
21	7	7	213	269	77	1511	8.31038e-05	9.39542	7.93381e-09	9.54687e-05
22	9	9	162	197	88	582	0.0149154	4.20536	6.27099e-07	4.20437e-05
23	4	3	59	72	27	269	0.161369	1.82406	2.96226e-06	1.83571e-05
24	2	2	2	2	2	0	0.987519	0.01256	1.11486e-07	1.12895e-07
25	4	4	23	23	20	3	0.852365	0.15974	1.24249e-06	1.45769e-06
26	6	6	175	230	66	2077	5.92044e-06	12.0371	7.3023e-10	0.000123341
27	9	9	235	304	90	1474	8.05591e-05	9.42652	7.69165e-09	9.54784e-05
28	5	5	167	222	46	2142	4.46894e-06	12.3184	5.64617e-10	0.000126343
29	6	6	92	113	44	369	0.0749046	2.59154	1.94638e-06	2.59847e-05
30	2	2	52	66	19	403	0.0846035	2.46978	2.12678e-06	2.51382e-05
31	4	4	76	92	32	539	0.0359129	3.32666	1.215e-06	3.3832e-05
32	4	4	83	104	45	528	0.0352278	3.34592	1.1951e-06	3.39249e-05
33	4	4	75	93	36	351	0.0930945	2.37414	2.2249e-06	2.38994e-05
34	9	9	199	276	69	2083	4.30136e-06	12.3566	5.43072e-10	0.000126256
35	2	2	62	85	19	612	0.0258615	3.655	9.65036e-07	3.73156e-05
36	11	11	306	391	139	2157	1.43237e-06	13.4562	1.95775e-10	0.000136679
37	4	4	22	25	18	17	0.783723	0.2437	1.81389e-06	2.31445e-06
38	7	7	133	156	67	394	0.0503337	2.98908	1.49694e-06	2.97403e-05
39	4	4	141	182	51	1061	0.00142432	6.55406	9.49279e-08	6.66478e-05
40	14	13	365	474	121	3767	2.31042e-10	22.1884	5.24256e-14	0.000226909
41	7	7	358	497	91	5288	8.55257e-14	30.09	2.64294e-17	0.000309023
42	5	5	127	169	52	1378	0.00030686	8.08912	2.53948e-08	8.27572e-05
43	5	5	179	224	67	1508	0.000111943	9.09752	1.03849e-08	9.27691e-05
44	4	4	66	87	31	489	0.0478225	3.04026	1.47738e-06	3.08931e-05
45	5	5	193	263	64	1956	8.91977e-06	11.6272	1.05944e-09	0.000118774
46	7	7	63	71	32	223	0.205321	1.58318	3.25567e-06	1.58565e-05
47	4	4	87	108	38	374	0.0753478	2.58564	1.95664e-06	2.59682e-05
48	5	5	196	256	51	2246	2.12385e-06	13.0623	2.84145e-10	0.000133788
49	3	3	95	122	41	385	0.0652415	2.72966	1.78389e-06	2.73429e-05
50	10	10	179	228	105	763	0.00487741	5.32314	2.60506e-07	5.34107e-05
51	4	4	110	142	46	564	0.0230945	3.76816	8.77192e-07	3.79827e-05
52	5	5	147	224	47	2156	4.10904e-06	12.4023	5.22668e-10	0.000127199
53	4	4	154	194	43	1078	0.00121123	6.71612	8.26402e-08	6.82284e-05
54	2	2	55	74	28	329	0.117347	2.14262	2.54149e-06	2.16579e-05
55	6	6	126	155	52	682	0.0116599	4.4516	5.24535e-07	4.49862e-05
56	9	9	141	167	85	328	0.0657721	2.72156	1.76627e-06	2.68544e-05
57	5	5	69	76	41	328	0.116475	2.15008	2.52957e-06	2.17177e-05
58	3	3	124	187	37	1839	2.61082e-05	10.5533	2.82668e-09	0.000108268
59	4	4	137	170	50	572	0.0185962	3.9848	7.43629e-07	3.99883e-05
60	5	5	130	161	53	799	0.00618282	5.08598	3.18672e-07	5.15415e-05
61	7	7	179	228	67	1376	0.00021402	8.44944	1.84017e-08	8.59813e-05
62	7	7	238	326	91	1845	1.05775e-05	11.4568	1.23157e-09	0.000116433
63	7	7	175	206	92	480	0.0237142	3.74168	8.8056e-07	3.71321e-05
64	6	6	82	111	35	1226	0.000958942	6.94968	6.84752e-08	7.1407e-05
65	6	6	145	209	53	1254	0.000449255	7.70792	3.52335e-08	7.84266e-05
66	5	5	167	207	63	1091	0.00104466	6.86406	7.2764e-08	6.9653e-05
67	2	2	90	124	28	884	0.0050563	5.28712	2.72885e-07	5.39693e-05
68	4	4	198	263	55	1717	3.01797e-05	10.4083	3.20133e-09	0.000106075
69	5	5	172	228	69	1056	0.00109452	6.81744	7.54985e-08	6.89787e-05
70	6	5	72	89	44	200	0.206198	1.57892	3.22709e-06	1.56505e-05
71	7	7	221	296	70	2332	1.06549e-06	13.7521	1.49823e-10	0.000140615
72	4	4	94	119	27	916	0.00443193	5.41892	2.45473e-07	5.53873e-05
73	3	3	86	116	24	736	0.0113099	4.48208	5.1634e-07	4.5654e-05
74	7	7	103	120	66	214	0.158025	1.845	2.86725e-06	1.81442e-05
75	7	7	234	288	97	982	0.00109518	6.81684	7.4947e-08	6.84337e-05
76	2	2	52	69	18	357	0.104976	2.25402	2.40012e-06	2.28634e-05
77	6	6	149	181	56	936	0.00271143	5.91028	1.62549e-07	5.99497e-05
78	3	3	28	29	23	7	0.80427	0.21782	1.61571e-06	2.00891e-06
79	4	4	153	220	47	2984	6.17606e-08	16.6	1.05591e-11	0.000170968
80	5	5	98	131	47	687	0.0132153	4.32638	5.80114e-07	4.38971e-05
81	5	5	91	128	25	2330	3.09154e-06	12.6868	4.05072e-10	0.000131026
82	4	4	67	84	31	247	0.167425	1.78722	2.99113e-06	1.78655e-05
83	9	9	236	330	76	2351	7.81149e-07	14.0625	1.12129e-10	0.000143544
84	5	5	38	43	26	63	0.553585	0.59134	3.19675e-06	5.77464e-06
85	1	1	47	70	11	1097	0.00239517	6.0343	1.49072e-07	6.22385e-05
86	2	1	46	52	18	149	0.337409	1.08646	3.6616e-06	1.08521e-05
87	3	3	29	33	20	43	0.652764	0.42654	2.70734e-06	4.1475e-06
88	10	10	117	141	60	396	0.0547444	2.90508	1.58758e-06	2.89999e-05
89	7	7	260	321	89	1690	2.40619e-05	10.6349	2.59664e-09	0.000107915
90	9	9	221	296	77	2790	1.03068e-07	16.0879	1.7001e-11	0.00016495
91	7	7	139	196	69	976	0.00201229	6.20848	1.26617e-07	6.29217e-05
92	9	9	178	222	86	779	0.00466783	5.36706	2.517e-07	5.39221e-05
93	6	6	180	242	66	1980	9.00474e-06	11.6178	1.07034e-09	0.000118864
94	4	4	132	178	29	1717	5.14685e-05	9.87454	5.2126e-09	0.000101277
95	6	6	63	78	24	341	0.107642	2.22894	2.42425e-06	2.25213e-05
96	5	5	76	92	34	486	0.0470587	3.05636	1.45957e-06	3.10159e-05
97	7	7	185	242	65	1948	1.0601e-05	11.4546	1.24206e-09	0.000117164
98	13	13	345	487	131	3522	7.42825e-10	21.0206	1.59429e-13	0.000214625
99	6	6	47	49	41	9	0.702142	0.35362	2.27784e-06	3.24413e-06
100	9	8	257	342	95	3100	1.58871e-08	17.9578	2.92351e-12	0.000184018
101	4	4	29	31	28	4	0.806477	0.21508	1.58264e-06	1.96241e-06
102	7	7	120	143	53	744	0.0091643	4.69244	4.36249e-07	4.76031e-05
103	3	3	109	170	29	2475	1.13361e-06	13.6901	1.59954e-10	0.000141101
104	5	5	71	91	29	619	0.0240317	3.72838	9.13835e-07	3.80262e-05
105	3	3	118	161	38	1056	0.00166708	6.39668	1.08688e-07	6.51967e-05
106	6	6	161	229	55	1782	2.68211e-05	10.5263	2.88622e-09	0.00010761
107	3	3	67	89	29	535	0.0373501	3.28742	1.24936e-06	3.34501e-05
108	5	5	54	65	35	115	0.369834	0.9947	3.61676e-06	9.77941e-06
109	3	3	61	91	17	714	0.0148037	4.21288	6.37651e-07	4.30738e-05
110	5	5	105	141	42	1022	0.00224808	6.09768	1.39968e-07	6.22612e-05
111	2	2	70	108	29	340	0.0896143	2.41224	2.16523e-06	2.41616e-05
112	1	1	45	78	13	444	0.0636574	2.75424	1.78203e-06	2.79941e-05
113	2	2	19	20	15	11	0.833851	0.1817	1.42874e-06	1.71342e-06
114	7	7	94	112	57	253	0.136196	1.99366	2.69189e-06	1.97648e-05
115	9	9	82	95	59	133	0.279459	1.2749	3.47346e-06	1.24292e-05
116	5	5	33	34	27	8	0.775444	0.25432	1.81786e-06	2.34428e-06
117	7	7	182	241	82	1046	0.00106149	6.84808	7.34353e-08	6.91812e-05
118	9	8	196	255	85	1341	0.000215942	8.4405	1.84945e-08	8.56458e-05
119	0	0	0	0	0	0	1	-0	0	0
120	7	6	136	172	45	1322	0.000400675	7.82236	3.20344e-08	7.99511e-05
121	6	5	190	263	66	1715	3.04891e-05	10.3981	3.23091e-09	0.000105969
122	5	5	26	29	20	21	0.748847	0.28922	2.06141e-06	2.75278e-06
123	6	6	105	120	66	197	0.172338	1.7583	2.97126e-06	1.7241e-05
124	9	9	266	328	108	1275	0.000191171	8.56234	1.64904e-08	8.62596e-05
125	5	5	55	68	38	143	0.314636	1.15634	3.59833e-06	1.14365e-05
126	9	8	122	139	70	771	0.00818854	4.80502	3.99698e-07	4.88119e-05
127	7	7	125	177	54	1200	0.000723391	7.23156	5.33509e-08	7.37511e-05
128	2	2	6	6	5	1	0.958122	0.04278	3.7541e-07	3.91819e-07
129	4	4	28	28	24	4	0.821815	0.19624	1.47357e-06	1.79307e-06
130	2	2	38	47	20	192	0.27961	1.27436	3.59428e-06	1.28546e-05
131	7	7	200	253	85	1138	0.000615768	7.39264	4.60267e-08	7.47468e-05
132	4	3	76	95	29	704	0.0151918	4.187	6.49727e-07	4.27683e-05
133	6	6	75	90	47	215	0.189816	1.6617	3.13271e-06	1.65039e-05
134	3	3	33	36	23	44	0.637322	0.45048	2.78508e-06	4.36997e-06
135	9	9	379	543	128	3517	5.36079e-10	21.3467	1.16608e-13	0.000217521
136	3	3	17	22	13	22	0.77852	0.25036	1.87684e-06	2.41078e-06
137	1	1	13	20	7	79	0.589489	0.5285	3.1399e-06	5.32647e-06
138	3	3	18	21	11	23	0.77944	0.24918	1.87647e-06	2.40746e-06
139	2	2	105	146	26	1477	0.00021399	8.44958	1.8557e-08	8.67191e-05
140	1	1	1	1	1	0	0.99374	0.00628	5.60942e-08	5.64476e-08
141	7	7	53	55	42	41	0.574359	0.5545	3.03439e-06	5.28308e-06
142	13	13	187	233	96	722	0.00582591	5.14544	3.00119e-07	5.15145e-05
143	4	4	71	91	32	933	0.00484514	5.32978	2.65077e-07	5.471e-05
144	6	6	133	182	67	546	0.0196917	3.92756	7.73571e-07	3.92842e-05
145	7	7	334	462	83	3335	2.25558e-09	19.9099	4.58509e-13	0.000203278
146	5	5	193	250	65	1828	1.85916e-05	10.8928	2.06812e-09	0.000111239
147	9	9	245	319	85	2317	9.95501e-07	13.82	1.40481e-10	0.000141116
148	9	9	165	228	59	2975	6.14932e-08	16.6043	1.05117e-11	0.000170941
149	5	5	73	97	32	540	0.0346257	3.36316	1.18307e-06	3.41673e-05
150	5	5	97	127	38	750	0.00982761	4.62256	4.62082e-07	4.70187e-05
151	7	7	254	353	78	3480	2.13491e-09	19.9648	4.37293e-13	0.00020483
152	6	6	208	287	64	2350	1.02855e-06	13.7874	1.45091e-10	0.000141063
153	7	7	129	159	55	1098	0.00136266	6.59832	9.17277e-08	6.73154e-05
154	12	12	473	650	132	6800	1.46513e-17	38.762	5.83118e-21	0.000397997
155	4	4	49	52	33	60	0.53123	0.63256	3.25286e-06	6.12327e-06
156	10	10	151	190	87	870	0.00358786	5.6302	2.04332e-07	5.69509e-05
157	4	4	205	285	52	8274	7.88137e-20	43.9872	3.59163e-23	0.000455712
158	4	4	69	78	36	217	0.202596	1.59654	3.22793e-06	1.59328e-05
159	4	4	66	88	29	1355	0.000573851	7.46314	4.41653e-08	7.69629e-05
160	11	10	199	278	90	2108	3.7392e-06	12.4966	4.77485e-10	0.000127697
161	4	4	83	103	37	913	0.00497594	5.30314	2.70317e-07	5.43247e-05
162	6	6	117	141	54	847	0.00548806	5.20518	2.90664e-07	5.29629e-05
163	3	3	29	33	22	32	0.69043	0.37044	2.46003e-06	3.56303e-06
164	4	3	62	85	32	297	0.128928	2.0485	2.65316e-06	2.05786e-05
165	3	3	38	42	25	33	0.64917	0.43206	2.67731e-06	4.12419e-06
166	2	2	10	10	10	0	0.939131	0.0628	5.30117e-07	5.64476e-07
167	1	1	13	15	7	24	0.805252	0.2166	1.70867e-06	2.12191e-06
168	4	4	42	44	31	42	0.612308	0.49052	2.88721e-06	4.71529e-06
169	5	5	156	199	53	1277	0.000425426	7.76242	3.36444e-08	7.90842e-05
170	9	9	247	299	104	1049	0.000726247	7.22762	5.27361e-08	7.26146e-05
171	7	7	62	78	41	128	0.318976	1.14264	3.57379e-06	1.1204e-05
172	5	5	68	81	31	393	0.0810264	2.51298	2.06241e-06	2.54536e-05
173	6	6	244	318	67	3992	1.95348e-10	22.3562	4.49413e-14	0.000230058
174	10	10	212	282	102	1558	6.02649e-05	9.71676	5.94813e-09	9.86997e-05
175	5	5	92	115	53	396	0.0644542	2.7418	1.77457e-06	2.75322e-05
176	10	10	169	212	74	1797	2.76452e-05	10.4961	2.9704e-09	0.000107447
177	7	7	102	115	61	273	0.120694	2.1145	2.53418e-06	2.09968e-05
178	4	4	145	183	52	1655	6.84272e-05	9.58974	6.72402e-09	9.82654e-05
179	6	6	156	200	65	981	0.00191297	6.2591	1.21307e-07	6.34132e-05
180	2	2	14	14	11	4	0.89734	0.10832	8.99852e-07	1.0028e-06
181	5	5	46	56	36	42	0.56786	0.56588	3.06228e-06	5.39266e-06
182	2	2	39	52	20	191	0.272352	1.30066	3.56338e-06	1.30837e-05
183	12	11	252	336	86	2627	1.84101e-07	15.5078	2.91888e-11	0.000158547
184	5	5	167	237	57	1017	0.001262	6.67506	8.50769e-08	6.74145e-05
185	4	4	73	102	25	926	0.00468607	5.36316	2.57542e-07	5.4959e-05
186	4	4	40	49	32	108	0.423789	0.85852	3.60403e-06	8.50432e-06
187	4	4	72	91	45	207	0.196483	1.62718	3.17031e-06	1.61353e-05
188	5	5	37	55	18	281	0.168891	1.7785	3.04596e-06	1.8035e-05
189	2	2	56	68	30	305	0.137719	1.98254	2.76045e-06	2.00441e-05
190	4	4	128	171	47	1179	0.000836085	7.08678	6.04461e-08	7.22966e-05
191	2	2	44	55	13	285	0.165481	1.7989	3.01962e-06	1.82476e-05
192	6	6	132	169	61	1115	0.00117343	6.74782	8.07126e-08	6.87832e-05
193	3	3	29	47	11	254	0.203811	1.59056	3.29132e-06	1.61489e-05
194	7	7	75	107	40	398	0.0670873	2.70176	1.8239e-06	2.71869e-05
195	6	6	87	114	43	437	0.0526221	2.94462	1.56047e-06	2.96542e-05
196	5	5	94	121	39	602	0.0217079	3.83008	8.42621e-07	3.88163e-05
197	7	7	227	319	86	2387	6.96624e-07	14.177	1.00896e-10	0.000144836
198	3	3	48	59	14	274	0.170688	1.76792	3.05342e-06	1.78889e-05
199	10	10	366	509	120	4324	1.08276e-11	25.2489	2.79872e-15	0.00025848
200	3	3	146	217	38	2263	2.48793e-06	12.9041	3.29625e-10	0.00013249
201	5	5	157	222	56	1319	0.000297213	8.12106	2.4554e-08	8.26141e-05
202	6	6	67	79	37	132	0.310578	1.16932	3.56324e-06	1.14729e-05
203	10	10	195	245	87	1263	0.000342274	7.9799	2.77026e-08	8.09369e-05
204	12	12	274	356	144	1503	5.01255e-05	9.90098	5.01028e-09	9.99545e-05
205	7	7	225	293	76	2720	1.50089e-07	15.712	2.41735e-11	0.000161061
206	5	5	43	47	32	37	0.616399	0.48386	2.84713e-06	4.61897e-06
207	4	4	59	79	32	357	0.0985866	2.31682	2.30968e-06	2.34279e-05
208	6	6	165	226	53	1531	9.83105e-05	9.22738	9.25142e-09	9.41041e-05
209	4	4	31	38	23	23	0.700515	0.35594	2.35868e-06	3.36707e-06
210	8	8	185	250	65	2956	5.90076e-08	16.6456	1.01005e-11	0.000171174
211	6	6	155	204	64	1402	0.000217934	8.43132	1.8744e-08	8.60081e-05
212	9	9	230	301	90	1305	0.000194364	8.54578	1.67793e-08	8.63296e-05
213	6	6	186	291	48	4536	1.44391e-11	24.9611	3.71718e-15	0.000257438
214	5	5	127	157	50	909	0.00361791	5.62186	2.06801e-07	5.71604e-05
215	3	3	34	44	22	194	0.282036	1.26572	3.60768e-06	1.27915e-05
216	4	4	55	60	28	198	0.249924	1.3866	3.47574e-06	1.39072e-05
217	5	5	92	117	47	404	0.0611051	2.79516	1.71523e-06	2.80702e-05
218	4	4	19	28	13	54	0.636838	0.45124	2.83375e-06	4.44973e-06
219	3	3	51	61	27	279	0.164313	1.80598	3.00159e-06	1.82675e-05
220	2	2	12	13	10	4	0.902993	0.10204	8.54549e-07	9.46352e-07
221	6	6	65	83	41	238	0.176393	1.73504	3.05704e-06	1.73309e-05
222	12	12	305	404	117	2522	2.05192e-07	15.3993	3.21755e-11	0.000156807
223	6	6	89	117	45	384	0.0676668	2.69316	1.82751e-06	2.70075e-05
224	6	6	43	49	31	69	0.517048	0.65962	3.32571e-06	6.43212e-06
225	2	2	16	16	14	2	0.895225	0.11068	9.03665e-07	1.00943e-06
226	10	10	203	276	77	1945	8.69485e-06	11.6528	1.03402e-09	0.000118924
227	5	5	222	320	70	2366	7.7052e-07	14.0762	1.10783e-10	0.000143776
228	5	5	130	149	49	1125	0.00126432	6.67322	8.62084e-08	6.81855e-05
229	3	3	47	57	34	74	0.479333	0.73536	3.42693e-06	7.14937e-06
230	9	9	222	301	90	1849	1.21257e-05	11.3202	1.3973e-09	0.000115234
231	3	3	25	25	21	4	0.837445	0.1774	1.35978e-06	1.62372e-06
232	0	0	0	0	0	0	1	-0	0	0
233	7	6	68	92	41	419	0.0662275	2.71466	1.81834e-06	2.7456e-05
234	3	3	6	6	6	0	0.963021	0.03768	3.26161e-07	3.38686e-07
235	6	6	90	107	55	248	0.14417	1.93676	2.77051e-06	1.92169e-05
236	5	5	173	236	63	1554	8.21076e-05	9.40748	7.87335e-09	9.58906e-05
237	5	5	78	98	44	311	0.110633	2.20154	2.44015e-06	2.20563e-05
238	5	5	90	118	37	1266	0.00074835	7.19764	5.53236e-08	7.39274e-05
239	7	7	157	203	74	964	0.00204729	6.19124	1.28322e-07	6.26793e-05
240	5	5	30	35	18	78	0.539237	0.6176	3.30016e-06	6.12006e-06
241	1	1	2	2	1	1	0.982495	0.01766	1.63122e-07	1.66028e-07
242	4	4	58	71	28	321	0.124558	2.08298	2.62364e-06	2.10635e-05
243	3	3	39	49	14	183	0.289089	1.24102	3.61052e-06	1.24893e-05
244	2	2	27	29	16	39	0.683164	0.38102	2.53398e-06	3.70918e-06
245	6	6	121	155	57	568	0.0208542	3.8702	8.11834e-07	3.8929e-05
246	4	4	64	85	28	322	0.113495	2.176	2.48632e-06	2.19069e-05
247	2	2	82	114	26	555	0.0288277	3.54642	1.0356e-06	3.5924e-05
248	11	11	290	365	117	2009	3.58734e-06	12.5381	4.5684e-10	0.000127348
249	5	5	124	161	35	1409	0.000275484	8.19698	2.31277e-08	8.39527e-05
250	3	3	79	94	31	562	0.0315393	3.45652	1.10914e-06	3.51669e-05
251	10	9	134	164	87	386	0.0498608	2.99852	1.4842e-06	2.97668e-05
252	4	4	71	82	36	438	0.0640072	2.74876	1.78587e-06	2.7901e-05
253	6	6	174	234	64	1331	0.000259275	8.25762	2.17607e-08	8.3929e-05
254	7	7	164	232	68	1603	6.55787e-05	9.63226	6.44431e-09	9.82684e-05
255	9	9	286	393	94	4152	5.39351e-11	23.6432	1.30951e-14	0.000242793
256	4	4	89	114	35	1143	0.00143697	6.54522	9.65158e-08	6.71663e-05
257	6	6	166	229	63	1739	3.33978e-05	10.307	3.51763e-09	0.000105325
258	3	3	52	67	32	137	0.326456	1.11946	3.61101e-06	1.10612e-05
259	5	5	124	150	63	678	0.0122798	4.3998	5.46346e-07	4.44914e-05
260	4	4	140	187	49	926	0.00274779	5.89696	1.642e-07	5.9757e-05
261	5	4	39	43	19	220	0.248568	1.39204	3.50892e-06	1.41166e-05
262	9	9	90	94	65	55	0.418608	0.87082	3.44448e-06	8.2284e-06
263	2	2	57	82	17	598	0.0283038	3.56476	1.03032e-06	3.64024e-05
264	6	6	162	216	58	1625	6.48146e-05	9.64398	6.38645e-09	9.85341e-05
265	6	6	166	221	59	1887	1.65094e-05	11.0116	1.86123e-09	0.000112737
266	9	8	160	182	72	875	0.00367773	5.60546	2.08766e-07	5.6765e-05
267	5	5	153	204	57	2107	5.98161e-06	12.0268	7.38532e-10	0.000123467
268	7	7	86	107	45	357	0.0826897	2.49266	2.06794e-06	2.50084e-05
269	6	6	81	97	38	430	0.0606789	2.80216	1.71859e-06	2.83227e-05
270	4	4	157	215	56	1209	0.000544251	7.5161	4.15668e-08	7.63743e-05
271	4	4	150	197	44	1489	0.000146123	8.83106	1.31855e-08	9.02355e-05
272	2	2	10	12	6	21	0.833218	0.18246	1.4941e-06	1.79317e-06
273	5	4	68	86	39	286	0.135514	1.99868	2.71714e-06	2.00506e-05
274	3	3	79	110	35	1149	0.00142911	6.5507	9.61212e-08	6.72593e-05
275	9	9	211	281	97	1508	7.82595e-05	9.45548	7.51187e-09	9.59866e-05
276	9	9	183	245	87	1431	0.000145301	8.8367	1.30573e-08	8.98633e-05
277	3	3	117	169	39	1104	0.00124115	6.69172	8.46446e-08	6.81987e-05
278	9	9	315	413	95	2435	3.02211e-07	15.0121	4.61453e-11	0.000152692
279	5	5	128	166	36	1423	0.000248572	8.29978	2.11233e-08	8.49788e-05
280	6	6	75	95	32	393	0.0742068	2.6009	1.94747e-06	2.62439e-05
281	6	6	98	121	48	847	0.00622252	5.07958	3.22538e-07	5.1834e-05
282	5	5	55	71	32	423	0.0740378	2.60318	1.96075e-06	2.64831e-05
283	9	9	228	290	78	1448	0.000100435	9.206	9.37125e-09	9.33067e-05
284	4	4	55	66	31	144	0.316992	1.14888	3.60633e-06	1.13767e-05
285	4	4	211	304	51	2762	1.13063e-07	15.9953	1.85326e-11	0.000163914
286	4	4	70	80	35	336	0.109044	2.216	2.43917e-06	2.23686e-05
287	6	6	112	139	48	463	0.0393909	3.23422	1.27811e-06	3.24469e-05
288	6	6	150	197	61	962	0.0021477	6.14336	1.3366e-07	6.22343e-05
289	5	4	75	93	36	397	0.0736273	2.60874	1.9396e-06	2.63435e-05
290	5	5	67	81	28	494	0.0484085	3.02808	1.49195e-06	3.08201e-05
291	3	3	16	16	11	5	0.881632	0.12598	1.03048e-06	1.16883e-06
292	6	6	110	132	62	349	0.0736184	2.60886	1.91368e-06	2.59946e-05
293	1	1	7	7	5	2	0.947281	0.05416	4.74966e-07	5.014e-07
294	6	5	123	159	45	1083	0.00147099	6.52182	9.78479e-08	6.65184e-05
295	4	4	35	38	29	14	0.733418	0.31004	2.11875e-06	2.88887e-06
296	4	4	85	110	38	466	0.046542	3.0674	1.44137e-06	3.09693e-05
297	6	6	152	200	66	1009	0.0016584	6.4019	1.07632e-07	6.49009e-05
298	6	6	67	82	44	210	0.204751	1.58596	3.23234e-06	1.57867e-05
299	4	4	76	90	44	182	0.224608	1.4934	3.31308e-06	1.47505e-05
300	3	3	24	24	21	3	0.847029	0.16602	1.28252e-06	1.51414e-06
301	2	1	42	61	16	377	0.099681	2.30578	2.33996e-06	2.34745e-05
302	4	3	16	16	14	2	0.895225	0.11068	9.03665e-07	1.00943e-06
303	7	7	179	249	54	2086	5.0188e-06	12.2023	6.26804e-10	0.000124891
304	6	6	49	56	33	214	0.236199	1.44308	3.43234e-06	1.45316e-05
305	6	6	132	178	57	1011	0.00188479	6.27394	1.20184e-07	6.37653e-05
306	5	5	115	153	53	550	0.0231482	3.76584	8.76383e-07	3.78597e-05
307	13	13	211	276	92	1634	4.24714e-05	10.0667	4.34904e-09	0.000102399
308	5	5	75	81	41	360	0.0958779	2.34468	2.27233e-06	2.37002e-05
309	9	8	179	244	62	1801	2.21556e-05	10.7174	2.42529e-09	0.000109466
310	5	5	42	53	23	105	0.419648	0.86834	3.59668e-06	8.57071e-06
311	5	5	105	142	47	417	0.0488764	3.01846	1.4747e-06	3.01721e-05
312	9	9	187	258	83	1315	0.00024196	8.32674	2.04295e-08	8.44336e-05
313	4	3	18	21	16	11	0.828631	0.18798	1.46657e-06	1.76986e-06
314	4	4	37	47	23	179	0.298776	1.20806	3.63428e-06	1.21639e-05
315	4	4	42	50	29	73	0.503435	0.6863	3.37357e-06	6.7011e-06
316	7	7	76	99	39	580	0.0278835	3.57972	1.01511e-06	3.64056e-05
317	6	6	146	198	64	1072	0.00121788	6.71064	8.29811e-08	6.81354e-05
318	5	5	74	105	44	373	0.0771734	2.5617	1.98688e-06	2.57457e-05
319	9	9	171	196	80	883	0.00323353	5.73418	1.87481e-07	5.79803e-05
320	2	2	12	12	12	0	0.92741	0.07536	6.28201e-07	6.77371e-07
321	6	6	134	186	55	966	0.00225483	6.09468	1.39407e-07	6.18259e-05
322	3	3	40	50	22	131	0.374524	0.9821	3.6639e-06	9.78283e-06
323	5	5	93	117	49	409	0.0595666	2.82066	1.68787e-06	2.83358e-05
324	5	5	148	181	50	977	0.00219982	6.11938	1.36671e-07	6.21282e-05
325	13	13	213	285	92	1984	6.73495e-06	11.9082	8.18322e-10	0.000121504
326	5	5	111	145	39	949	0.00318119	5.7505	1.86444e-07	5.86083e-05
327	4	4	89	118	45	487	0.0397661	3.22474	1.29386e-06	3.25367e-05
328	2	2	25	28	11	57	0.627169	0.46654	2.8907e-06	4.60913e-06
329	3	3	38	44	19	71	0.528126	0.63842	3.30404e-06	6.25615e-06
330	11	11	251	336	100	2235	1.35925e-06	13.5086	1.87194e-10	0.000137719
331	6	6	167	214	77	818	0.00402303	5.51572	2.2345e-07	5.55427e-05
332	9	9	236	328	92	1498	6.13056e-05	9.69964	6.01459e-09	9.81083e-05
333	6	5	144	213	58	1231	0.000492636	7.61574	3.8145e-08	7.74303e-05
334	4	4	142	209	44	1354	0.000269776	8.21792	2.2591e-08	8.37399e-05
335	5	5	74	91	45	393	0.0760944	2.57578	1.97983e-06	2.60181e-05
336	9	8	141	181	64	1190	0.000742357	7.20568	5.45228e-08	7.34455e-05
337	6	5	153	204	48	1154	0.000772005	7.16652	5.62259e-08	7.2831e-05
338	5	5	118	156	47	723	0.00940062	4.66698	4.43908e-07	4.72211e-05
339	3	3	84	114	26	704	0.0134831	4.30632	5.91109e-07	4.38408e-05
340	11	10	238	315	96	1524	5.82597e-05	9.7506	5.75349e-09	9.8756e-05
341	4	4	113	154	38	953	0.00294567	5.82742	1.74763e-07	5.93289e-05
342	7	7	123	172	53	1028	0.00179462	6.32296	1.15448e-07	6.43299e-05
343	4	4	89	108	46	315	0.101801	2.28474	2.32444e-06	2.28333e-05
344	7	7	139	181	69	624	0.0133121	4.31908	5.77375e-07	4.33721e-05
345	0	0	0	0	0	0	1	-0	0	0
346	9	9	147	181	67	822	0.0048495	5.32888	2.61352e-07	5.38925e-05
347	3	2	25	32	17	53	0.624215	0.47126	2.88536e-06	4.62238e-06
348	4	4	41	44	30	92	0.474488	0.74552	3.4979e-06	7.37195e-06
349	3	2	20	20	17	3	0.868576	0.1409	1.11903e-06	1.28835e-06
350	6	6	36	39	30	13	0.732553	0.31122	2.11868e-06	2.89219e-06
351	3	3	92	126	24	970	0.0032203	5.73828	1.88876e-07	5.86516e-05
352	5	5	86	104	49	305	0.109852	2.20862	2.42512e-06	2.20762e-05
353	2	2	40	60	13	356	0.111648	2.1924	2.49001e-06	2.23023e-05
354	1	1	28	36	13	180	0.318517	1.14408	3.69355e-06	1.15961e-05
355	1	1	2	2	2	0	0.987519	0.01256	1.11486e-07	1.12895e-07
356	4	4	85	114	42	531	0.0325812	3.42402	1.1289e-06	3.46488e-05
357	9	9	124	150	76	344	0.0674479	2.6964	1.80389e-06	2.6745e-05
358	3	2	8	8	8	0	0.951001	0.05024	4.29454e-07	4.51581e-07
359	9	9	134	161	70	679	0.0114018	4.47398	5.1497e-07	4.51655e-05
360	7	7	161	211	69	1335	0.000293516	8.13358	2.43158e-08	8.28433e-05
361	6	5	150	206	69	910	0.00264607	5.93468	1.5871e-07	5.99794e-05
362	4	4	59	66	34	140	0.323525	1.12848	3.61189e-06	1.11642e-05
363	4	4	110	138	50	469	0.0384445	3.25854	1.25749e-06	3.27092e-05
364	5	5	43	44	33	17	0.695573	0.36302	2.35588e-06	3.38696e-06
365	6	6	98	126	45	966	0.00328667	5.71788	1.9207e-07	5.84391e-05
366	6	6	176	213	48	1886	1.74488e-05	10.9562	1.95832e-09	0.000112233
367	5	5	147	187	50	1533	0.000124319	8.99266	1.14385e-08	9.20089e-05
368	9	9	154	200	76	609	0.0127541	4.3619	5.56688e-07	4.36476e-05
369	4	4	60	72	38	190	0.241434	1.42116	3.41859e-06	1.41595e-05
370	5	4	54	71	33	146	0.304075	1.19048	3.57751e-06	1.17652e-05
371	6	5	100	129	47	1020	0.00244889	6.01212	1.50552e-07	6.14776e-05
372	2	2	47	57	31	88	0.446302	0.80676	3.52276e-06	7.89323e-06
373	6	5	197	260	82	1708	3.21982e-05	10.3436	3.39459e-09	0.000105428
374	3	3	52	61	27	160	0.301471	1.19908	3.60096e-06	1.19446e-05
375	10	10	214	264	93	911	0.00182894	6.30402	1.15784e-07	6.33065e-05
376	3	3	6	6	6	0	0.963021	0.03768	3.26161e-07	3.38686e-07
377	3	3	52	69	17	481	0.0557755	2.88642	1.6427e-06	2.9452e-05
378	3	3	18	20	14	16	0.812857	0.2072	1.60871e-06	1.97908e-06
379	5	5	111	152	30	1783	4.32783e-05	10.0479	4.47136e-09	0.000103317
380	3	2	156	225	35	2254	2.47715e-06	12.9084	3.28131e-10	0.000132463
381	1	1	82	135	17	5007	3.4817e-12	26.3835	9.52797e-16	0.000273658
382	1	0	1	1	1	0	0.99374	0.00628	5.60942e-08	5.64476e-08
383	4	4	120	143	41	525	0.0280003	3.57554	1.00709e-06	3.59669e-05
384	12	11	253	335	99	3792	4.86882e-10	21.443	1.07304e-13	0.000220391
385	5	4	46	49	34	51	0.56676	0.56782	3.10342e-06	5.47573e-06
386	7	7	175	237	74	877	0.00257718	5.96106	1.54569e-07	5.99759e-05
387	11	11	281	357	124	2193	1.47587e-06	13.4263	2.01712e-10	0.000136673
388	7	7	96	121	36	885	0.00512625	5.27338	2.76064e-07	5.3853e-05
389	9	9	219	270	90	1555	6.59839e-05	9.6261	6.45738e-09	9.7863e-05
390	7	7	95	112	55	599	0.0233243	3.75826	8.89796e-07	3.81489e-05
391	4	4	90	115	45	423	0.0561628	2.8795	1.62686e-06	2.89668e-05
392	9	9	117	151	62	931	0.0033581	5.69638	1.94738e-07	5.79906e-05
393	9	9	176	213	82	815	0.00411079	5.49414	2.27437e-07	5.53269e-05
394	6	5	159	202	71	1067	0.00121835	6.71026	8.2964e-08	6.80955e-05
395	6	5	80	94	41	246	0.158038	1.84492	2.90424e-06	1.83768e-05
396	6	5	171	236	69	1379	0.000200443	8.51498	1.73568e-08	8.65923e-05
397	11	10	178	230	96	948	0.0018749	6.2792	1.18781e-07	6.33532e-05
398	7	7	204	277	75	1873	1.24741e-05	11.2919	1.43644e-09	0.000115154
399	3	3	40	54	24	187	0.274496	1.29282	3.56407e-06	1.29841e-05
400	5	4	89	106	45	259	0.137164	1.98658	2.70829e-06	1.97449e-05
401	5	5	161	213	68	993	0.00165834	6.40194	1.07435e-07	6.47846e-05
402	9	8	138	177	60	1175	0.000821762	7.10406	5.95142e-08	7.24227e-05
403	5	5	76	88	50	136	0.287584	1.24624	3.50666e-06	1.21935e-05
404	9	9	275	384	106	5031	6.44939e-13	28.0696	1.8638e-16	0.000288989
405	3	2	23	30	15	82	0.545201	0.6066	3.29866e-06	6.05035e-06
406	1	1	15	18	11	9	0.853048	0.15894	1.27467e-06	1.49426e-06
407	3	2	55	69	26	278	0.157061	1.85112	2.93169e-06	1.86659e-05
408	1	1	63	84	19	652	0.0212219	3.85272	8.35814e-07	3.93844e-05
409	5	5	75	112	33	590	0.0244198	3.71236	9.19912e-07	3.76707e-05
410	7	7	290	394	92	3085	1.23721e-08	18.2078	2.30315e-12	0.000186156
411	6	6	92	108	45	983	0.00337439	5.69154	1.96816e-07	5.83263e-05
412	5	4	143	180	64	1094	0.00121891	6.7098	8.32371e-08	6.82883e-05
413	3	3	14	18	14	10	0.848708	0.16404	1.31328e-06	1.54739e-06
414	7	7	92	111	55	242	0.144963	1.93128	2.77225e-06	1.91239e-05
415	2	2	21	22	18	5	0.849031	0.16366	1.27992e-06	1.50751e-06
416	6	5	71	95	27	711	0.014659	4.2227	6.32393e-07	4.31402e-05
417	5	5	59	75	32	257	0.168352	1.7817	3.01161e-06	1.78888e-05
418	7	7	110	122	65	214	0.156053	1.85756	2.84908e-06	1.82571e-05
419	4	4	76	86	42	125	0.308023	1.17758	3.54108e-06	1.14961e-05
420	5	4	65	76	43	96	0.380268	0.96688	3.57102e-06	9.3908e-06
421	12	12	311	417	123	1932	3.83263e-06	12.472	4.83647e-10	0.000126192
422	6	5	57	62	48	29	0.584347	0.53726	2.94547e-06	5.04061e-06
423	5	5	74	87	40	195	0.214197	1.54086	3.2712e-06	1.52719e-05
424	2	2	19	19	17	2	0.878517	0.12952	1.03557e-06	1.17877e-06
425	11	10	282	361	106	2015	3.56773e-06	12.5436	4.54675e-10	0.000127441
426	4	4	46	58	27	166	0.297947	1.21084	3.60339e-06	1.20941e-05
427	7	7	173	210	72	963	0.00196925	6.2301	1.24105e-07	6.30213e-05
428	4	4	95	140	26	1795	4.38954e-05	10.0337	4.53338e-09	0.000103277
429	5	5	30	31	25	8	0.790191	0.23548	1.71862e-06	2.17494e-06
430	5	5	79	100	39	391	0.0726501	2.6221	1.91941e-06	2.64198e-05
431	8	8	171	221	89	752	0.0053907	5.22308	2.8264e-07	5.24311e-05
432	5	5	45	52	30	130	0.37174	0.98956	3.65889e-06	9.84259e-06
433	2	2	32	39	12	176	0.319014	1.14252	3.68554e-06	1.15529e-05
434	2	2	55	83	21	650	0.0215746	3.83624	8.46192e-07	3.92217e-05
435	1	1	23	27	10	79	0.564136	0.57246	3.22776e-06	5.72161e-06
436	7	7	150	206	59	1119	0.000911353	7.00058	6.47829e-08	7.10843e-05
437	8	7	168	224	82	1132	0.000761729	7.17992	5.5447e-08	7.2791e-05
438	5	5	82	96	37	333	0.100141	2.30118	2.31448e-06	2.31123e-05
439	7	6	107	125	58	496	0.0363486	3.3146	1.21441e-06	3.341e-05
440	4	3	87	120	32	987	0.00306625	5.7873	1.81572e-07	5.92162e-05
441	5	5	54	64	32	233	0.203881	1.59022	3.2606e-06	1.59927e-05
442	3	2	82	110	32	753	0.0107688	4.5311	4.97719e-07	4.62185e-05
443	7	7	100	123	56	349	0.0778992	2.55234	1.98538e-06	2.54865e-05
444	8	8	226	295	74	1834	1.35924e-05	11.206	1.55087e-09	0.000114098
445	8	8	248	319	88	1367	0.000126531	8.97502	1.14688e-08	9.06399e-05
446	7	7	125	158	45	870	0.00438643	5.42924	2.41888e-07	5.51446e-05
447	4	3	85	102	28	869	0.00626698	5.07246	3.25447e-07	5.19304e-05
448	4	4	75	96	43	286	0.127265	2.06148	2.62359e-06	2.06151e-05
449	8	8	143	181	61	765	0.00648554	5.03818	3.2988e-07	5.08639e-05
450	6	5	42	45	35	14	0.701875	0.354	2.30496e-06	3.28401e-06
451	4	4	66	87	41	268	0.147613	1.91316	2.82689e-06	1.91506e-05
452	8	8	111	132	58	431	0.0484579	3.02706	1.47077e-06	3.03515e-05
453	2	2	8	8	6	2	0.94135	0.06044	5.2513e-07	5.57847e-07
454	5	5	44	51	23	194	0.269906	1.30968	3.55917e-06	1.31867e-05
455	4	4	57	74	25	318	0.124118	2.08652	2.6156e-06	2.10735e-05
456	5	5	151	199	77	840	0.00395126	5.53372	2.20737e-07	5.5865e-05
457	3	3	72	82	29	442	0.0627147	2.76916	1.76313e-06	2.81136e-05
458	7	7	67	78	38	167	0.261443	1.34154	3.47095e-06	1.32762e-05
459	5	5	159	212	56	1345	0.000277175	8.19086	2.3125e-08	8.3431e-05
460	3	2	59	86	28	552	0.0348996	3.35528	1.19301e-06	3.4184e-05
461	3	2	34	40	20	128	0.404947	0.904	3.66839e-06	9.05895e-06
462	2	2	18	25	14	56	0.642364	0.4426	2.81783e-06	4.38665e-06
463	7	6	113	143	52	775	0.00782415	4.85054	3.85341e-07	4.92502e-05
464	8	8	180	235	70	1153	0.000638684	7.3561	4.75997e-08	7.45278e-05
465	8	8	171	235	85	837	0.00320033	5.7445	1.8478e-07	5.77377e-05
466	7	7	196	244	79	1418	0.00015624	8.76412	1.39235e-08	8.91161e-05
467	2	2	5	5	4	1	0.964158	0.0365	3.23351e-07	3.35371e-07
468	4	4	126	151	40	836	0.00545142	5.21188	2.88614e-07	5.29429e-05
469	3	3	61	83	28	489	0.049039	3.01514	1.50389e-06	3.06673e-05
470	7	7	123	154	66	405	0.0481892	3.03262	1.45589e-06	3.02119e-05
471	3	3	49	57	28	206	0.244495	1.40856	3.46277e-06	1.4163e-05
472	5	5	105	143	51	730	0.00984255	4.62104	4.61215e-07	4.68592e-05
473	3	1	27	29	21	14	0.776064	0.25352	1.84769e-06	2.38085e-06
474	7	7	235	320	69	2301	1.07338e-06	13.7447	1.50619e-10	0.000140323
475	4	4	107	134	52	473	0.0386264	3.25382	1.26293e-06	3.2696e-05
476	2	2	27	27	24	3	0.831221	0.18486	1.39935e-06	1.68348e-06
477	8	8	359	472	116	6201	9.5077e-16	34.5893	3.3859e-19	0.000356122
478	7	7	197	258	89	859	0.00247593	6.00114	1.49063e-07	6.02049e-05
479	5	5	47	47	36	13	0.696658	0.36146	2.32946e-06	3.34377e-06
480	5	5	88	114	41	435	0.0531615	2.93442	1.57082e-06	2.9548e-05
481	8	8	254	332	89	2343	8.03523e-07	14.0343	1.1509e-10	0.000143232
482	5	5	253	357	60	4850	1.92334e-12	26.977	5.34395e-16	0.000277848
483	7	7	100	106	59	375	0.075912	2.57818	1.96676e-06	2.59084e-05
484	4	4	49	51	39	16	0.669061	0.40188	2.4949e-06	3.72896e-06
485	2	2	43	54	17	199	0.2582	1.35402	3.51712e-06	1.36217e-05
486	3	2	88	115	33	438	0.0520266	2.956	1.54851e-06	2.97638e-05
487	6	5	154	195	58	2354	1.79591e-06	13.23	2.44392e-10	0.000136083
488	5	5	86	109	40	451	0.0505587	2.98462	1.52262e-06	3.01159e-05
489	2	2	8	8	8	0	0.951001	0.05024	4.29454e-07	4.51581e-07
490	5	5	75	94	41	470	0.0504224	2.98732	1.52672e-06	3.02787e-05
491	4	4	95	123	38	927	0.0040862	5.50014	2.29634e-07	5.61975e-05
492	8	8	95	119	56	377	0.0692508	2.67002	1.85235e-06	2.67485e-05
493	8	8	90	107	50	322	0.0988492	2.31416	2.28824e-06	2.31488e-05
494	3	3	103	138	33	1035	0.00214388	6.14514	1.34598e-07	6.27826e-05
495	8	8	142	175	71	1134	0.00102568	6.8824	7.19323e-08	7.01314e-05
496	6	6	62	71	52	80	0.42576	0.85388	3.51611e-06	8.25844e-06
497	5	5	48	53	37	53	0.547091	0.60314	3.17739e-06	5.80778e-06
498	4	4	82	102	29	888	0.00568821	5.16936	3.01133e-07	5.29399e-05
499	8	8	108	136	47	798	0.00727087	4.92388	3.64104e-07	5.00772e-05
500	3	2	59	69	18	232	0.198589	1.61652	3.22146e-06	1.62218e-05
501	6	6	178	226	61	1714	3.8661e-05	10.1607	4.01407e-09	0.000103827
502	5	5	116	169	34	2504	9.83921e-07	13.8317	1.40293e-10	0.000142585
503	5	5	152	189	62	781	0.00568446	5.17002	2.96533e-07	5.21656e-05
504	3	3	61	74	25	471	0.0568795	2.86682	1.66104e-06	2.92029e-05
505	3	3	45	55	17	277	0.172372	1.7581	3.0721e-06	1.78225e-05
506	7	7	50	50	42	11	0.690665	0.3701	2.35299e-06	3.40685e-06
507	6	5	49	58	32	129	0.359824	1.02214	3.64435e-06	1.01281e-05
508	8	8	247	314	101	2027	4.50817e-06	12.3096	5.65439e-10	0.000125426
509	5	5	41	48	35	69	0.520305	0.65334	3.3173e-06	6.37568e-06
510	5	5	150	200	57	1294	0.000387653	7.8554	3.10292e-08	8.00439e-05
511	4	4	79	106	43	304	0.109036	2.21608	2.41361e-06	2.21359e-05
512	4	4	25	30	18	24	0.73286	0.3108	2.17559e-06	2.96862e-06
513	4	4	40	52	21	409	0.0895946	2.41246	2.21001e-06	2.46668e-05
514	2	2	74	105	25	562	0.0294341	3.5256	1.05338e-06	3.57879e-05
515	5	5	49	58	32	184	0.271813	1.30264	3.54729e-06	1.30505e-05
516	2	2	17	19	14	15	0.82216	0.19582	1.53703e-06	1.8695e-06
517	8	8	255	363	81	3694	6.73159e-10	21.119	1.45917e-13	0.000216765
518	5	5	55	72	36	189	0.242668	1.41606	3.42318e-06	1.41064e-05
519	2	2	67	91	18	1050	0.00266786	5.92648	1.62543e-07	6.09266e-05
520	8	8	200	261	67	1429	0.000132758	8.92698	1.20359e-08	9.06602e-05
521	5	5	101	118	44	400	0.061974	2.78104	1.72995e-06	2.79141e-05
522	7	6	258	343	64	4088	1.02328e-10	23.0028	2.42077e-14	0.00023657
523	7	7	293	396	88	2795	5.36181e-08	16.7414	9.16121e-12	0.000170861
524	6	6	13	13	13	0	0.921604	0.08164	6.7629e-07	7.33819e-07
525	4	4	70	83	35	243	0.171952	1.76054	3.02576e-06	1.75965e-05
526	7	7	182	221	81	731	0.00600009	5.11598	3.07897e-07	5.13153e-05
527	5	5	72	94	34	469	0.0506802	2.98222	1.53184e-06	3.02255e-05
528	2	2	94	123	38	573	0.0248539	3.69474	9.29248e-07	3.73884e-05
529	3	3	22	22	18	7	0.840415	0.17386	1.35624e-06	1.61378e-06
530	6	6	112	145	59	469	0.0367911	3.3025	1.21795e-06	3.31044e-05
531	6	6	120	152	50	990	0.00246994	6.00356	1.51116e-07	6.11819e-05
532	4	4	169	217	55	1391	0.000212438	8.45686	1.83031e-08	8.61574e-05
533	3	2	36	42	21	105	0.449662	0.79926	3.57471e-06	7.94979e-06
534	2	2	16	20	11	30	0.756843	0.2786	2.06084e-06	2.72295e-06
535	8	8	268	361	90	2497	3.05358e-07	15.0018	4.67354e-11	0.000153051
536	6	6	134	167	65	526	0.0239602	3.73136	8.95509e-07	3.73748e-05
537	2	2	11	11	7	5	0.909755	0.09458	8.06579e-07	8.8659e-07
538	6	6	128	170	48	879	0.00388551	5.5505	2.18755e-07	5.63002e-05
539	4	4	99	116	47	407	0.0605564	2.80418	1.70606e-06	2.81731e-05
540	4	4	183	258	57	1941	9.93606e-06	11.5193	1.16942e-09	0.000117695
541	4	4	115	159	40	907	0.00360938	5.62422	2.06337e-07	5.7167e-05
542	3	3	88	115	31	568	0.0268095	3.619	9.83134e-07	3.66711e-05
543	1	1	3	3	3	0	0.981336	0.01884	1.66182e-07	1.69343e-07
544	6	5	144	194	51	1271	0.000452637	7.70042	3.55244e-08	7.84831e-05
545	8	6	181	215	76	1085	0.00102435	6.8837	7.14848e-08	6.97858e-05
546	4	4	78	102	38	553	0.0314027	3.46086	1.1035e-06	3.51403e-05
547	5	5	131	180	43	1332	0.000362096	7.9236	2.93059e-08	8.0934e-05
548	3	3	119	162	30	1749	4.83396e-05	9.93726	4.93424e-09	0.000102074
549	8	8	236	303	83	1665	3.06052e-05	10.3943	3.23101e-09	0.00010557
550	5	5	74	90	35	386	0.0793569	2.5338	2.03072e-06	2.55897e-05
551	8	8	234	292	103	1599	4.59177e-05	9.98866	4.65801e-09	0.000101443
552	7	7	226	313	74	2402	6.70099e-07	14.2158	9.73614e-11	0.000145294
553	2	2	10	10	9	1	0.934354	0.0679	5.77066e-07	6.17609e-07
554	5	5	70	93	29	832	0.00800859	4.82724	3.96077e-07	4.94564e-05
555	4	4	104	133	36	1168	0.00112268	6.79204	7.81013e-08	6.95671e-05
556	5	5	109	136	46	977	0.00291822	5.83678	1.73891e-07	5.9588e-05
557	5	5	70	91	36	259	0.150713	1.89238	2.8482e-06	1.88982e-05
558	6	6	104	137	55	598	0.0200373	3.91016	7.91613e-07	3.9507e-05
559	5	5	52	60	40	143	0.330847	1.1061	3.63432e-06	1.09849e-05
560	4	4	62	83	30	308	0.123435	2.09204	2.59833e-06	2.10502e-05
561	4	4	125	178	54	793	0.00572943	5.16214	2.98975e-07	5.21823e-05
562	3	3	40	46	23	69	0.526881	0.64078	3.29974e-06	6.26278e-06
563	7	7	100	120	45	321	0.0915656	2.3907	2.18196e-06	2.38295e-05
564	3	2	16	16	15	1	0.899802	0.10558	8.60476e-07	9.56295e-07
565	5	5	93	115	42	560	0.0279259	3.5782	1.0122e-06	3.62461e-05
566	5	5	49	57	33	234	0.21196	1.55136	3.31731e-06	1.56507e-05
567	2	2	14	14	11	4	0.89734	0.10832	8.99852e-07	1.0028e-06
568	4	4	51	58	31	77	0.4691	0.75694	3.45502e-06	7.36522e-06
569	4	4	33	36	23	26	0.698598	0.35868	2.38472e-06	3.41358e-06
570	1	1	2	2	2	0	0.987519	0.01256	1.11486e-07	1.12895e-07
571	6	6	191	250	68	1438	0.000135872	8.9038	1.22988e-08	9.05174e-05
572	2	2	23	26	15	23	0.755346	0.28058	2.03165e-06	2.6897e-06
573	8	7	109	136	60	730	0.0102849	4.57708	4.77878e-07	4.64641e-05
574	4	4	28	33	20	42	0.656101	0.42144	2.68632e-06	4.09437e-06
575	4	4	69	92	29	368	0.085901	2.45456	2.12572e-06	2.47462e-05
576	6	6	71	88	40	266	0.148193	1.90924	2.83061e-06	1.91008e-05
577	6	6	113	137	46	732	0.0101168	4.59356	4.71713e-07	4.66268e-05
578	7	6	118	150	54	752	0.00841954	4.7772	4.07702e-07	4.84233e-05
579	8	8	175	224	80	1357	0.000241795	8.32742	2.04912e-08	8.4746e-05
580	2	2	10	10	9	1	0.934354	0.0679	5.77066e-07	6.17609e-07
581	5	5	53	58	35	90	0.439007	0.82324	3.53662e-06	8.05595e-06
582	6	6	237	336	57	2636	1.75842e-07	15.5537	2.79634e-11	0.000159026
583	5	5	70	85	40	278	0.142047	1.9516	2.77972e-06	1.95691e-05
584	7	7	121	164	53	839	0.00494776	5.30882	2.66368e-07	5.38362e-05
585	7	7	118	147	60	661	0.0136467	4.29426	5.92522e-07	4.34188e-05
586	3	3	94	138	17	2150	7.27083e-06	11.8316	8.87231e-10	0.000122026
587	6	6	56	61	35	69	0.479515	0.73498	3.40911e-06	7.10949e-06
588	8	8	305	427	85	3100	9.31574e-09	18.4916	1.75896e-12	0.000188816
589	2	2	10	10	10	0	0.939131	0.0628	5.30117e-07	5.64476e-07
590	4	4	90	114	38	712	0.012944	4.34712	5.72979e-07	4.42659e-05
591	2	2	29	42	14	145	0.366682	1.00326	3.69436e-06	1.00751e-05
592	6	6	123	164	46	1350	0.000365253	7.91492	2.95808e-08	8.09872e-05
593	3	3	68	76	29	495	0.0496985	3.00178	1.52033e-06	3.0591e-05
594	7	7	68	82	51	147	0.282335	1.26466	3.51205e-06	1.24393e-05
595	2	2	13	13	12	1	0.916915	0.08674	7.21568e-07	7.86952e-07
596	4	4	75	102	35	449	0.0533725	2.93046	1.5806e-06	2.96145e-05
597	1	1	0	0	0	0	1	-0	0	0
598	4	4	83	114	33	658	0.017048	4.07172	7.05732e-07	4.13967e-05
599	7	7	174	248	64	2762	1.60714e-07	15.6436	2.58352e-11	0.000160753
600	4	4	160	215	60	1588	7.87683e-05	9.449	7.60207e-09	9.65118e-05
601	8	8	212	277	88	1671	3.49476e-05	10.2617	3.64929e-09	0.000104422
602	7	7	142	184	65	584	0.01602	4.13392	6.63485e-07	4.14161e-05
603	5	5	119	145	58	552	0.0240938	3.7258	9.03866e-07	3.75144e-05
604	5	5	98	133	47	559	0.0250686	3.68614	9.32777e-07	3.7209e-05
605	6	6	62	70	43	114	0.360235	1.021	3.60541e-06	1.00085e-05
606	5	4	52	57	37	43	0.561435	0.57726	3.08915e-06	5.50224e-06
607	5	5	48	50	34	56	0.549031	0.5996	3.18319e-06	5.79784e-06
608	8	8	155	197	75	780	0.00543356	5.21516	2.8561e-07	5.25641e-05
609	5	5	157	197	58	1401	0.000228892	8.38226	1.9584e-08	8.55598e-05
610	2	1	5	5	5	0	0.969088	0.0314	2.73513e-07	2.82238e-07
611	7	7	302	437	75	5433	5.95083e-14	30.4527	1.86464e-17	0.00031334
612	5	5	95	125	44	583	0.0233234	3.7583	8.87048e-07	3.80326e-05
613	7	7	178	231	67	1226	0.000451344	7.70328	3.52864e-08	7.81807e-05
614	5	4	148	205	51	1571	9.147e-05	9.2995	8.69367e-09	9.5044e-05
615	6	6	68	86	34	289	0.133456	2.01398	2.69715e-06	2.021e-05
616	3	3	104	155	26	1554	0.000136553	8.8988	1.24698e-08	9.13184e-05
617	4	4	130	178	45	1051	0.00153697	6.47794	1.01272e-07	6.58907e-05
618	3	3	61	82	27	321	0.116244	2.15206	2.5207e-06	2.16845e-05
619	4	4	142	198	36	3311	1.33795e-08	18.1295	2.50332e-12	0.000187101
620	3	3	17	23	11	78	0.581444	0.54224	3.16462e-06	5.44268e-06
621	5	5	125	151	49	810	0.00622439	5.07928	3.20939e-07	5.15615e-05
622	3	3	75	119	19	1804	4.78366e-05	9.94772	4.90658e-09	0.00010257
623	3	3	41	48	18	145	0.353123	1.04094	3.67735e-06	1.04138e-05
624	1	0	1	1	1	0	0.99374	0.00628	5.60942e-08	5.64476e-08
625	5	5	111	143	48	1009	0.00237219	6.04394	1.46325e-07	6.16834e-05
626	6	6	154	226	51	1623	6.14934e-05	9.69658	6.08738e-09	9.89923e-05
627	5	5	78	95	40	419	0.0649914	2.7335	1.79541e-06	2.76253e-05
628	8	8	283	349	91	1979	4.62229e-06	12.2846	5.77097e-10	0.000124851
629	2	2	7	7	6	1	0.952124	0.04906	4.26805e-07	4.48266e-07
630	8	8	90	99	59	202	0.191682	1.65192	3.12848e-06	1.63212e-05
631	4	4	19	19	19	0	0.887524	0.11932	9.51873e-07	1.0725e-06
632	0	0	0	0	0	0	1	-0	0	0
633	5	5	86	113	49	559	0.0284235	3.56054	1.02552e-06	3.608e-05
634	8	8	190	261	76	1764	2.40475e-05	10.6355	2.60819e-09	0.00010846
635	8	8	144	174	70	590	0.0165442	4.10172	6.81132e-07	4.11705e-05
636	7	7	112	150	49	1065	0.00170618	6.3735	1.10994e-07	6.5054e-05
637	8	7	223	279	84	1212	0.000358594	7.93332	2.874e-08	8.01463e-05
638	4	4	22	24	14	23	0.764892	0.26802	1.97098e-06	2.57681e-06
639	5	5	51	55	41	31	0.604412	0.5035	2.87201e-06	4.75175e-06
640	7	7	61	82	26	472	0.0538173	2.92216	1.59878e-06	2.97076e-05
641	2	2	64	75	27	470	0.0568124	2.868	1.65927e-06	2.92062e-05
642	5	4	95	112	47	780	0.0092664	4.68136	4.42619e-07	4.7766e-05
643	2	2	24	27	11	107	0.489065	0.71526	3.52583e-06	7.20934e-06
644	8	8	170	210	78	951	0.00209354	6.1689	1.30603e-07	6.23837e-05
645	4	4	66	79	39	208	0.210784	1.55692	3.26949e-06	1.55111e-05
646	5	3	59	62	48	31	0.578417	0.54746	2.97704e-06	5.14688e-06
647	3	3	15	16	13	4	0.88614	0.12088	9.88662e-07	1.11569e-06
648	2	2	80	103	30	634	0.0206459	3.88024	8.15523e-07	3.95006e-05
649	3	2	21	29	14	73	0.574405	0.55442	3.16825e-06	5.5157e-06
650	1	1	76	96	23	951	0.00428352	5.45298	2.39657e-07	5.59486e-05
651	5	5	98	125	49	323	0.0878346	2.4323	2.12718e-06	2.4218e-05
652	4	4	86	127	22	990	0.00288982	5.84656	1.72727e-07	5.97707e-05
653	4	4	59	74	38	156	0.283563	1.26032	3.53487e-06	1.24659e-05
654	8	8	149	201	64	1147	0.000815279	7.11198	5.89363e-08	7.22897e-05
655	3	3	123	156	29	1266	0.000589474	7.43628	4.48427e-08	7.60725e-05
656	7	7	243	316	88	1596	4.01022e-05	10.1241	4.11601e-09	0.000102638
657	8	7	169	198	87	462	0.0273336	3.59964	9.76469e-07	3.57242e-05
658	8	7	213	290	69	1610	4.39613e-05	10.0322	4.48029e-09	0.000101914
659	4	4	53	67	33	195	0.242862	1.41526	3.43479e-06	1.4143e-05
660	5	4	108	136	53	389	0.0585438	2.83798	1.65946e-06	2.83457e-05
661	5	5	40	50	29	75	0.498326	0.6965	3.39229e-06	6.80737e-06
662	4	4	64	81	29	293	0.134933	2.00298	2.71758e-06	2.01403e-05
663	7	7	204	261	73	2404	9.19459e-07	13.8995	1.30991e-10	0.000142465
664	8	8	133	167	64	710	0.00937452	4.66976	4.42021e-07	4.71513e-05
665	5	5	119	145	57	699	0.0113845	4.4755	5.16004e-07	4.5325e-05
666	4	4	206	265	48	3620	1.81678e-09	20.1262	3.7662e-13	0.000207301
667	2	2	60	90	19	1097	0.00211246	6.1599	1.33861e-07	6.33674e-05
668	4	4	81	96	38	428	0.0616871	2.78568	1.73711e-06	2.816e-05
669	8	8	248	322	91	2108	2.83644e-06	12.773	3.69251e-10	0.000130181
670	3	3	50	63	27	239	0.198982	1.61454	3.23446e-06	1.6255e-05
671	5	5	138	176	62	798	0.00565576	5.17508	2.95995e-07	5.23351e-05
672	5	5	151	205	48	2458	9.9234e-07	13.8232	1.41084e-10	0.000142173
673	4	4	81	110	38	533	0.033071	3.4091	1.14191e-06	3.45292e-05
674	4	4	97	130	42	709	0.0118871	4.4323	5.35035e-07	4.50096e-05
675	5	5	148	223	50	1799	2.55381e-05	10.5753	2.76257e-09	0.000108174
676	2	2	94	128	26	751	0.0097164	4.63394	4.57918e-07	4.71283e-05
677	1	1	12	12	12	0	0.92741	0.07536	6.28201e-07	6.77371e-07
678	6	6	226	296	65	2636	2.26057e-07	15.3025	3.54384e-11	0.000156768
679	7	7	232	324	72	2464	4.55842e-07	14.6011	6.80158e-11	0.000149209
680	5	5	105	130	39	885	0.00484455	5.3299	2.63355e-07	5.43611e-05
681	4	4	101	143	29	1061	0.0018196	6.30914	1.17266e-07	6.44463e-05
682	8	8	136	177	62	677	0.0104176	4.56426	4.78817e-07	4.59624e-05
683	5	5	95	110	53	226	0.158278	1.8434	2.88341e-06	1.82173e-05
684	4	4	91	123	38	629	0.0186793	3.98034	7.53968e-07	4.03638e-05
685	8	8	171	224	80	1078	0.00100324	6.90452	7.01484e-08	6.99219e-05
686	2	2	7	7	6	1	0.952124	0.04906	4.26805e-07	4.48266e-07
687	8	8	71	100	32	535	0.034857	3.3565	1.18762e-06	3.4071e-05
688	7	7	119	162	58	993	0.00228438	6.08166	1.41416e-07	6.19058e-05
689	5	5	83	109	45	438	0.0540244	2.91832	1.58967e-06	2.94251e-05
690	6	6	151	191	75	1021	0.00165066	6.40658	1.07343e-07	6.50305e-05
691	8	8	191	257	76	1639	4.6649e-05	9.97286	4.73918e-09	0.000101592
692	7	7	200	258	67	2701	2.0601e-07	15.3953	3.25653e-11	0.000158076
693	1	1	20	21	15	10	0.832868	0.18288	1.42981e-06	1.71673e-06
694	6	6	141	194	53	1293	0.000404597	7.81262	3.2227e-08	7.96521e-05
695	2	2	10	10	10	0	0.939131	0.0628	5.30117e-07	5.64476e-07
696	7	7	88	118	41	562	0.0271266	3.60724	9.90709e-07	3.65217e-05
697	5	5	97	119	55	438	0.050736	2.98112	1.52155e-06	2.99896e-05
698	6	5	45	61	29	272	0.170285	1.77028	3.04735e-06	1.78955e-05
699	4	4	72	87	38	314	0.116745	2.14776	2.52109e-06	2.15948e-05
700	5	5	190	249	56	1611	5.6582e-05	9.77982	5.63857e-09	9.9653e-05
701	5	5	128	168	47	1001	0.00211196	6.16014	1.32355e-07	6.26695e-05
702	1	1	22	29	9	174	0.343173	1.06952	3.73446e-06	1.08822e-05
703	3	3	20	21	16	8	0.841407	0.17268	1.35506e-06	1.61047e-06
704	1	1	26	33	13	131	0.41672	0.87534	3.67681e-06	8.82322e-06
705	3	3	78	100	30	479	0.0463794	3.0709	1.44219e-06	3.10956e-05
706	8	8	284	388	104	2587	1.62866e-07	15.6303	2.59538e-11	0.000159357
707	6	6	105	136	48	778	0.00805164	4.82188	3.94647e-07	4.90145e-05
708	8	6	85	107	40	927	0.00451812	5.39966	2.49826e-07	5.52944e-05
709	4	4	223	304	45	2954	4.24678e-08	16.9745	7.3943e-12	0.000174116
710	8	8	218	275	97	1374	0.000160953	8.7344	1.42488e-08	8.85281e-05
711	3	3	22	24	19	5	0.838434	0.17622	1.3586e-06	1.62041e-06
712	7	7	331	458	101	3797	2.19221e-10	22.2409	4.98947e-14	0.0002276
713	3	3	64	87	23	558	0.0336359	3.39216	1.16243e-06	3.45593e-05
714	8	7	228	307	74	2669	1.78289e-07	15.5399	2.83733e-11	0.000159142
715	3	2	14	15	13	2	0.900865	0.1044	8.58507e-07	9.5298e-07
716	5	5	75	90	31	355	0.0929494	2.3757	2.22545e-06	2.39426e-05
717	6	6	65	80	41	300	0.131021	2.0324	2.68013e-06	2.04558e-05
718	6	6	134	196	58	1611	7.89276e-05	9.44698	7.62924e-09	9.66613e-05
719	5	4	43	52	30	121	0.389201	0.94366	3.64463e-06	9.36439e-06
720	5	5	166	210	62	1191	0.000615608	7.3929	4.62541e-08	7.51356e-05
721	8	8	104	129	60	284	0.104505	2.25852	2.33794e-06	2.23716e-05
722	5	5	34	47	22	150	0.3464	1.06016	3.67982e-06	1.0623e-05
723	4	4	121	172	40	1188	0.000793577	7.13896	5.77972e-08	7.28312e-05
724	2	2	57	86	18	521	0.0408773	3.19718	1.33002e-06	3.25369e-05
725	7	7	290	384	76	3374	3.01725e-09	19.6189	6.06308e-13	0.000200947
726	6	6	130	162	49	1030	0.00189155	6.27036	1.20816e-07	6.38717e-05
727	5	5	126	155	35	1564	0.000129763	8.9498	1.19187e-08	9.18497e-05
728	3	3	25	25	23	2	0.84603	0.1672	1.28381e-06	1.51746e-06
729	4	4	72	89	33	398	0.0751161	2.58872	1.96585e-06	2.61709e-05
730	4	4	49	62	18	312	0.137992	1.98056	2.77051e-06	2.00773e-05
731	1	1	12	20	5	70	0.617177	0.4826	2.99224e-06	4.84828e-06
732	7	7	175	229	69	1402	0.000186269	8.58832	1.62835e-08	8.74192e-05
733	5	5	128	165	48	923	0.00320354	5.7435	1.86945e-07	5.83558e-05
734	6	5	150	199	53	1411	0.000214796	8.44582	1.85163e-08	8.6204e-05
735	7	7	192	286	70	2043	4.95368e-06	12.2154	6.177e-10	0.000124695
736	5	5	48	59	31	307	0.144248	1.93622	2.83337e-06	1.96423e-05
737	4	4	153	224	43	2241	2.66363e-06	12.8358	3.50842e-10	0.000131716
738	2	2	36	48	14	274	0.182896	1.69884	3.15824e-06	1.7268e-05
739	7	7	185	247	76	1836	1.81878e-05	10.9148	2.02785e-09	0.000111495
740	4	4	105	139	44	581	0.0215793	3.83602	8.35478e-07	3.87166e-05
741	8	8	85	96	62	114	0.305966	1.18428	3.51132e-06	1.14762e-05
742	3	3	40	55	16	520	0.0499167	2.9974	1.53413e-06	3.07339e-05
743	2	2	11	11	7	7	0.900523	0.10478	8.94089e-07	9.92856e-07
744	4	4	69	89	32	310	0.117664	2.13992	2.52921e-06	2.14951e-05
745	0	0	0	0	0	0	1	-0	0	0
746	3	3	53	61	35	114	0.381181	0.96448	3.62141e-06	9.50049e-06
747	3	3	60	68	38	182	0.257885	1.35524	3.48369e-06	1.35087e-05
748	7	7	151	190	69	768	0.00603608	5.11	3.11047e-07	5.15313e-05
749	7	7	89	105	54	360	0.0824635	2.4954	2.06612e-06	2.50549e-05
750	8	8	248	316	89	1621	3.53017e-05	10.2516	3.67019e-09	0.000103966
751	4	4	152	192	58	934	0.00255639	5.96916	1.5457e-07	6.04643e-05
752	4	4	96	126	34	1076	0.0018755	6.27888	1.20564e-07	6.42837e-05
753	6	6	134	169	53	981	0.00232411	6.06442	1.43312e-07	6.16633e-05
754	1	1	37	57	6	463	0.0659235	2.71926	1.83387e-06	2.78182e-05
755	5	5	132	174	52	1760	4.23848e-05	10.0687	4.37989e-09	0.000103336
756	2	2	18	21	12	37	0.725728	0.32058	2.28701e-06	3.15133e-06
757	2	2	5	5	5	0	0.969088	0.0314	2.73513e-07	2.82238e-07
758	1	1	7	7	6	1	0.952124	0.04906	4.26805e-07	4.48266e-07
759	7	7	205	272	68	1536	7.17904e-05	9.54176	6.96125e-09	9.69663e-05
760	6	6	161	235	49	2890	9.07824e-08	16.2148	1.51443e-11	0.00016682
761	8	8	371	477	99	5522	2.94006e-14	31.1578	9.41782e-18	0.000320327
762	2	2	32	36	22	21	0.716641	0.33318	2.25592e-06	3.14791e-06
763	4	4	150	223	53	1940	1.24419e-05	11.2944	1.43911e-09	0.000115666
764	8	8	166	207	62	915	0.0025633	5.96646	1.54571e-07	6.03015e-05
765	4	2	112	144	34	1266	0.000635613	7.36092	4.79221e-08	7.53951e-05
766	5	5	120	161	49	823	0.00547053	5.20838	2.88935e-07	5.28167e-05
767	5	5	82	113	36	1047	0.00235942	6.04934	1.46305e-07	6.2009e-05
768	6	6	118	157	47	1334	0.000414118	7.78936	3.30226e-08	7.9742e-05
769	5	5	127	163	51	579	0.0187504	3.97654	7.49361e-07	3.99651e-05
770	8	7	130	171	66	668	0.0113257	4.48068	5.11305e-07	4.51455e-05
771	3	3	23	28	16	46	0.663358	0.41044	2.66979e-06	4.02466e-06
772	4	4	194	253	66	1466	0.000115592	9.06544	1.06547e-08	9.21745e-05
773	4	4	61	79	22	485	0.0513228	2.96962	1.55144e-06	3.0229e-05
774	4	3	46	57	24	229	0.217434	1.52586	3.34523e-06	1.5385e-05
775	3	3	24	38	11	247	0.223501	1.49834	3.41261e-06	1.52689e-05
776	3	3	88	136	32	943	0.00347077	5.66338	2.00546e-07	5.77815e-05
777	8	8	118	158	56	615	0.0161032	4.12874	6.69821e-07	4.15956e-05
778	8	8	205	274	84	1265	0.00028239	8.17222	2.33481e-08	8.26801e-05
779	8	8	295	397	93	3025	1.64876e-08	17.9207	3.01949e-12	0.000183138
780	4	4	42	46	26	119	0.408289	0.89578	3.64171e-06	8.91944e-06
781	2	2	51	61	25	198	0.248359	1.39288	3.468e-06	1.39637e-05
782	6	6	75	91	50	119	0.307777	1.17838	3.527e-06	1.14596e-05
783	4	4	32	38	21	69	0.554028	0.59054	3.21957e-06	5.8112e-06
784	3	3	31	33	22	27	0.708263	0.34494	2.3354e-06	3.29737e-06
785	1	1	2	2	2	0	0.987519	0.01256	1.11486e-07	1.12895e-07
786	8	8	111	135	67	333	0.0783868	2.5461	1.98427e-06	2.53138e-05
787	6	6	157	202	71	736	0.00659028	5.02216	3.32865e-07	5.05085e-05
788	8	8	123	160	51	1581	0.000115308	9.0679	1.07277e-08	9.30352e-05
789	5	5	64	87	37	309	0.119761	2.12226	2.55439e-06	2.13291e-05
790	3	3	21	22	21	1	0.866529	0.14326	1.12214e-06	1.29498e-06
791	7	7	127	161	48	709	0.00978426	4.62698	4.57507e-07	4.67595e-05
792	5	5	89	101	46	291	0.120226	2.11838	2.54434e-06	2.1163e-05
793	8	8	126	159	61	770	0.00725895	4.92552	3.62133e-07	4.98877e-05
794	4	4	86	121	31	1156	0.00128695	6.65548	8.78371e-08	6.82521e-05
795	5	5	75	93	41	232	0.170804	1.76724	3.00214e-06	1.75765e-05
796	7	7	152	203	72	890	0.00298594	5.81384	1.75416e-07	5.87474e-05
797	8	8	171	212	77	1193	0.000601755	7.41566	4.53451e-08	7.53548e-05
798	5	5	105	156	41	1091	0.00143904	6.54378	9.60906e-08	6.67741e-05
799	5	5	50	52	38	25	0.635045	0.45406	2.70758e-06	4.26361e-06
800	2	2	26	29	15	61	0.610657	0.49322	2.97885e-06	4.87811e-06
801	4	4	20	20	18	2	0.873017	0.1358	1.07837e-06	1.23522e-06
802	4	4	49	56	28	111	0.399405	0.91778	3.61815e-06	9.05885e-06
803	6	6	93	118	51	328	0.0894711	2.41384	2.15522e-06	2.40885e-05
804	3	3	57	81	26	381	0.0861401	2.45178	2.13765e-06	2.4816e-05
805	8	8	247	319	83	2647	1.8498e-07	15.503	2.93471e-11	0.00015865
806	1	1	3	3	3	0	0.981336	0.01884	1.66182e-07	1.69343e-07
807	5	5	95	128	41	859	0.00560139	5.18474	2.96127e-07	5.28667e-05
808	4	4	43	52	26	92	0.451238	0.79576	3.53028e-06	7.82353e-06
809	3	3	48	65	23	475	0.0589716	2.8307	1.70471e-06	2.89074e-05
810	5	5	163	205	58	951	0.00216032	6.1375	1.34159e-07	6.21014e-05
811	4	4	90	126	41	613	0.0198892	3.91758	7.89263e-07	3.9683e-05
812	1	1	3	3	2	1	0.976344	0.02394	2.17213e-07	2.22476e-07
813	8	8	186	234	73	1481	0.00012065	9.02262	1.10876e-08	9.1899e-05
814	6	6	105	122	67	309	0.0961294	2.34206	2.24027e-06	2.33048e-05
815	4	4	39	41	33	12	0.727108	0.31868	2.14639e-06	2.95195e-06
816	6	6	110	140	45	764	0.00843302	4.7756	4.08971e-07	4.84964e-05
817	5	5	142	194	54	1299	0.000392403	7.84322	3.13808e-08	7.99709e-05
818	8	8	125	183	51	1091	0.0012146	6.71334	8.29551e-08	6.82982e-05
819	2	2	17	20	11	37	0.7303	0.3143	2.26019e-06	3.09488e-06
820	8	7	129	183	56	722	0.00797503	4.83144	3.88321e-07	4.86921e-05
821	8	8	181	240	70	1495	0.000108182	9.1317	1.00589e-08	9.29816e-05
822	5	5	72	87	43	164	0.250885	1.38276	3.41826e-06	1.36248e-05
823	4	4	141	195	56	2072	7.56635e-06	11.7918	9.16279e-10	0.000121099
824	5	5	105	132	42	532	0.0289507	3.54216	1.03406e-06	3.57179e-05
825	5	5	108	145	39	1235	0.000739823	7.2091	5.46022e-08	7.38044e-05
826	6	6	167	209	66	1164	0.000710942	7.24892	5.2357e-08	7.36446e-05
827	6	6	154	212	56	1930	1.40293e-05	11.1744	1.60655e-09	0.000114514
828	5	5	174	220	69	1567	8.49625e-05	9.3733	8.12906e-09	9.56782e-05
829	4	4	127	173	47	990	0.00216477	6.13544	1.35011e-07	6.23673e-05
830	8	8	150	182	80	698	0.00907021	4.70276	4.29569e-07	4.73604e-05
831	4	4	122	178	42	1275	0.000490375	7.62034	3.81475e-08	7.77925e-05
832	6	6	105	147	50	1198	0.000882316	7.03296	6.34839e-08	7.19514e-05
833	2	2	79	128	21	1463	0.000257333	8.26514	2.18628e-08	8.49592e-05
834	8	8	218	274	94	1315	0.000218829	8.42722	1.86742e-08	8.53368e-05
835	3	3	110	147	31	1090	0.0015305	6.48216	1.01339e-07	6.6213e-05
836	4	4	75	90	29	507	0.0428136	3.1509	1.37084e-06	3.20188e-05
837	2	2	34	41	16	131	0.396301	0.92558	3.67562e-06	9.2748e-06
838	2	2	21	23	18	6	0.839423	0.17504	1.35743e-06	1.61709e-06
839	1	1	14	16	7	37	0.748877	0.28918	2.1486e-06	2.86909e-06
840	8	8	136	168	70	524	0.0240543	3.72744	8.97828e-07	3.7325e-05
841	8	8	318	400	112	1771	9.69306e-06	11.5441	1.13097e-09	0.000116678
842	3	3	47	60	22	401	0.0887528	2.4219	2.1916e-06	2.46933e-05
843	6	6	100	124	45	430	0.0512151	2.97172	1.52861e-06	2.98468e-05
844	5	5	205	262	62	2148	3.37148e-06	12.6002	4.34649e-10	0.000128919
845	8	7	106	119	63	287	0.109589	2.21102	2.40728e-06	2.19665e-05
846	5	4	88	108	39	354	0.083439	2.48364	2.07809e-06	2.49055e-05
847	7	7	185	233	75	1049	0.00109924	6.81314	7.57253e-08	6.8889e-05
848	7	7	114	146	51	1052	0.00186951	6.28208	1.19906e-07	6.41375e-05
849	8	8	132	166	68	903	0.00352533	5.64778	2.02176e-07	5.73496e-05
850	4	4	125	168	57	689	0.0103689	4.56894	4.77925e-07	4.6092e-05
851	4	4	96	131	36	1068	0.00189321	6.26948	1.21432e-07	6.41409e-05
852	4	4	123	152	41	1020	0.00211953	6.15656	1.33056e-07	6.27759e-05
853	6	6	223	293	66	3825	5.3565e-10	21.3475	1.17722e-13	0.000219774
854	5	5	114	135	62	421	0.0500416	2.9949	1.50072e-06	2.99895e-05
855	6	6	77	88	52	119	0.31363	1.15954	3.54096e-06	1.12902e-05
856	6	6	83	112	35	508	0.0370992	3.29416	1.23592e-06	3.33138e-05
857	2	1	40	56	13	472	0.0633627	2.75888	1.78936e-06	2.82399e-05
858	0	0	0	0	0	0	1	-0	0	0
859	6	6	98	125	46	699	0.0129081	4.3499	5.70487e-07	4.41961e-05
860	3	3	38	46	26	157	0.336358	1.08958	3.67925e-06	1.09385e-05
861	5	4	56	68	39	210	0.223568	1.49804	3.35272e-06	1.49964e-05
862	3	3	53	68	18	291	0.147912	1.91114	2.85472e-06	1.93002e-05
863	5	5	44	59	21	201	0.247679	1.39562	3.47003e-06	1.40102e-05
864	3	3	70	99	19	716	0.0139354	4.27332	6.08027e-07	4.36317e-05
865	4	4	111	146	27	1152	0.00112263	6.79208	7.79676e-08	6.94508e-05
866	3	3	9	9	7	2	0.935457	0.06672	5.74646e-07	6.14295e-07
867	4	4	50	54	36	61	0.521931	0.65022	3.28258e-06	6.2893e-06
868	8	8	140	176	66	1322	0.000390735	7.84748	3.13279e-08	8.01769e-05
869	5	5	188	273	56	2362	1.0564e-06	13.7606	1.48859e-10	0.000140911
870	6	6	89	112	43	623	0.0206372	3.88066	8.13603e-07	3.94241e-05
871	4	4	61	75	28	381	0.0894478	2.4141	2.18944e-06	2.44773e-05
872	6	6	129	153	57	462	0.03626	3.31704	1.20325e-06	3.3184e-05
873	6	6	118	155	45	1189	0.000878495	7.0373	6.31856e-08	7.19248e-05
874	8	8	186	227	87	638	0.00928495	4.67936	4.33724e-07	4.67126e-05
875	5	5	132	172	45	1015	0.00191764	6.25666	1.22037e-07	6.36392e-05
876	2	2	17	22	14	23	0.77456	0.25546	1.90845e-06	2.46391e-06
877	8	7	223	284	87	1466	9.51439e-05	9.26012	8.93633e-09	9.39244e-05
878	6	6	159	211	47	4088	2.34426e-10	22.1739	5.37115e-14	0.000229119
879	5	5	97	124	45	730	0.0110899	4.50172	5.07771e-07	4.57867e-05
880	4	4	76	109	37	728	0.0123103	4.39732	5.51916e-07	4.48338e-05
881	7	5	105	143	48	1489	0.000205115	8.49194	1.78834e-08	8.71873e-05
882	6	6	184	260	68	1283	0.000281297	8.1761	2.33044e-08	8.28463e-05
883	7	7	180	212	87	583	0.0135055	4.30466	5.79973e-07	4.29435e-05
884	6	6	83	101	43	330	0.0985413	2.31728	2.28962e-06	2.32352e-05
885	2	2	28	34	13	143	0.389528	0.94282	3.70724e-06	9.51727e-06
886	8	7	119	140	73	231	0.127799	2.0573	2.57852e-06	2.01764e-05
887	3	3	26	30	21	16	0.763379	0.27	1.9417e-06	2.54356e-06
888	6	6	81	103	41	639	0.0201261	3.90574	8.00337e-07	3.97662e-05
889	3	3	97	136	25	1171	0.00108499	6.82618	7.58366e-08	6.98959e-05
890	3	3	72	105	29	1161	0.00138716	6.5805	9.3792e-08	6.76146e-05
891	3	3	115	161	45	998	0.00224089	6.10088	1.39193e-07	6.2115e-05
892	7	7	127	159	63	512	0.0270594	3.60972	9.78993e-07	3.61794e-05
893	4	4	43	47	29	58	0.553795	0.59096	3.17589e-06	5.73476e-06
894	4	4	100	127	41	698	0.0128122	4.35736	5.67013e-07	4.42558e-05
895	3	3	33	34	20	70	0.565231	0.57052	3.18708e-06	5.63854e-06
896	6	6	64	77	41	140	0.30193	1.19756	3.55828e-06	1.17851e-05
897	3	3	85	125	34	807	0.00744137	4.9007	3.71581e-07	4.99344e-05
898	8	8	288	432	84	4882	1.02006e-12	27.6112	2.89474e-16	0.000283782
899	6	6	139	187	47	1358	0.000303491	8.10016	2.51019e-08	8.27106e-05
900	6	6	221	275	73	1613	4.75704e-05	9.9533	4.81541e-09	0.000101227
901	8	8	199	235	89	988	0.00148165	6.5146	9.74344e-08	6.57608e-05
902	7	7	98	108	58	339	0.0900725	2.40714	2.17151e-06	2.41085e-05
903	5	5	147	196	57	879	0.00330017	5.71378	1.90644e-07	5.77678e-05
904	6	5	128	153	51	644	0.0143323	4.24524	6.142e-07	4.28543e-05
905	6	6	51	56	33	64	0.507591	0.67808	3.3306e-06	6.56159e-06
906	8	8	152	189	72	777	0.00580161	5.14962	3.01412e-07	5.19531e-05
907	5	5	71	99	32	526	0.0367242	3.30432	1.2316e-06	3.35364e-05
908	5	5	111	166	44	1406	0.000271084	8.21308	2.27916e-08	8.40756e-05
909	4	4	176	236	58	1513	0.000101203	9.19838	9.48397e-09	9.37122e-05
910	6	5	160	209	57	1505	0.000124897	8.98802	1.14609e-08	9.1763e-05
911	6	6	105	128	51	724	0.0111508	4.49624	5.09524e-07	4.56937e-05
912	3	3	37	42	24	57	0.574382	0.55446	3.10132e-06	5.39939e-06
913	8	8	76	85	55	110	0.334607	1.0948	3.56112e-06	1.06427e-05
914	2	2	14	14	13	1	0.911175	0.09302	7.68485e-07	8.434e-07
915	7	7	141	173	68	1400	0.000267487	8.22644	2.25095e-08	8.41519e-05
916	4	4	20	20	16	4	0.864158	0.146	1.15925e-06	1.34148e-06
917	5	5	75	100	33	579	0.0278506	3.5809	1.01401e-06	3.64089e-05
918	2	2	39	44	18	184	0.296793	1.21472	3.63874e-06	1.22602e-05
919	1	1	62	98	19	932	0.00466047	5.36864	2.56568e-07	5.5052e-05
920	7	7	68	83	37	478	0.0518687	2.95904	1.56036e-06	3.00828e-05
921	4	3	46	58	24	118	0.380587	0.96604	3.6322e-06	9.54368e-06
922	4	3	72	95	36	226	0.173913	1.7492	3.02098e-06	1.73706e-05
923	4	4	89	113	29	971	0.00347646	5.66174	2.01534e-07	5.79709e-05
924	7	7	135	167	56	662	0.0119747	4.42496	5.34082e-07	4.46009e-05
925	5	5	94	127	42	558	0.0261643	3.64336	9.63295e-07	3.68172e-05
926	5	5	105	149	49	728	0.00957576	4.64852	4.50939e-07	4.70917e-05
927	6	5	108	142	54	799	0.00696638	4.96666	3.51586e-07	5.0469e-05
928	2	2	22	24	10	105	0.503476	0.68622	3.49096e-06	6.93373e-06
929	7	7	200	262	63	1865	1.4277e-05	11.1569	1.6259e-09	0.000113883
930	8	8	79	87	61	85	0.375364	0.97986	3.53865e-06	9.42726e-06
931	5	4	65	75	45	112	0.352678	1.0422	3.59184e-06	1.01845e-05
932	7	7	109	138	52	600	0.0197098	3.92664	7.81881e-07	3.96697e-05
933	3	3	97	138	28	1807	4.18115e-05	10.0823	4.34009e-09	0.000103801
934	6	6	81	98	35	415	0.0650929	2.73194	1.7954e-06	2.75821e-05
935	4	4	38	39	30	22	0.699689	0.35712	2.35822e-06	3.37039e-06
936	7	5	161	202	73	814	0.00442732	5.41996	2.41966e-07	5.46528e-05
937	2	2	27	34	13	112	0.456247	0.78472	3.59073e-06	7.87014e-06
938	8	8	186	265	65	1738	2.67761e-05	10.528	2.87319e-09	0.000107304
939	5	4	89	116	48	453	0.0478933	3.03878	1.46636e-06	3.06173e-05
940	6	6	101	136	56	627	0.0173914	4.05178	7.12897e-07	4.09914e-05
941	3	3	32	37	17	72	0.549053	0.59956	3.24718e-06	5.91415e-06
942	4	4	130	154	50	923	0.00343266	5.67442	1.98184e-07	5.77349e-05
943	4	4	126	171	50	1149	0.000974311	6.93378	6.88863e-08	7.07026e-05
944	6	6	214	278	58	1990	6.82553e-06	11.8948	8.28808e-10	0.000121428
945	3	3	65	98	23	1133	0.00167199	6.39374	1.09903e-07	6.57318e-05
946	1	1	26	33	14	101	0.485615	0.72234	3.51062e-06	7.22922e-06
947	5	4	146	193	52	1119	0.000988878	6.91894	6.9568e-08	7.03504e-05
948	8	8	78	91	52	309	0.11679	2.14738	2.51739e-06	2.15549e-05
949	4	4	74	94	37	416	0.0664092	2.71192	1.82024e-06	2.74095e-05
950	6	6	75	97	39	525	0.0373785	3.28666	1.24733e-06	3.33703e-05
951	5	3	98	120	41	367	0.072418	2.6253	1.90268e-06	2.62736e-05
952	3	3	24	36	16	173	0.330093	1.10838	3.70502e-06	1.12242e-05
953	8	8	216	295	69	2633	2.30988e-07	15.2809	3.61616e-11	0.000156552
954	8	8	287	390	94	2620	1.3592e-07	15.8112	2.19135e-11	0.000161224
955	3	3	62	75	27	271	0.15675	1.8531	2.92068e-06	1.86327e-05
956	4	4	137	194	39	1800	3.04837e-05	10.3983	3.24927e-09	0.000106591
957	3	3	89	112	39	567	0.027459	3.59506	1.00084e-06	3.64487e-05
958	7	7	118	138	60	285	0.0982598	2.32014	2.25337e-06	2.29327e-05
959	8	8	179	223	67	890	0.0026335	5.93944	1.57685e-07	5.98764e-05
960	8	8	182	228	86	1116	0.000805989	7.12344	5.81656e-08	7.21667e-05
961	5	5	142	196	45	2129	5.62224e-06	12.0888	6.98194e-10	0.000124184
962	8	8	132	173	63	623	0.0140696	4.26374	6.03127e-07	4.28674e-05
963	4	4	68	85	38	288	0.134984	2.0026	2.71323e-06	2.01004e-05
964	4	4	48	53	29	69	0.504221	0.68474	3.35706e-06	6.65791e-06
965	7	7	158	211	64	1183	0.00063723	7.35838	4.76438e-08	7.4767e-05
966	2	2	49	62	15	383	0.0960717	2.34266	2.29129e-06	2.38498e-05
967	6	6	70	80	48	137	0.300863	1.2011	3.5487e-06	1.17951e-05
968	6	6	204	265	53	2473	6.30659e-07	14.2765	9.23014e-11	0.000146357
969	8	7	91	111	44	293	0.111762	2.19138	2.44019e-06	2.18337e-05
970	3	3	51	68	21	386	0.0911143	2.39564	2.21844e-06	2.43479e-05
971	2	1	28	28	14	41	0.680491	0.38494	2.55796e-06	3.75899e-06
972	4	4	76	93	40	230	0.172555	1.75704	3.01458e-06	1.74703e-05
973	1	1	28	41	13	179	0.310249	1.17038	3.66876e-06	1.18252e-05
974	8	8	126	157	61	878	0.00423759	5.46376	2.35242e-07	5.55132e-05
975	8	8	232	312	78	2681	1.62521e-07	15.6325	2.60134e-11	0.000160062
976	8	8	123	138	77	214	0.141135	1.95804	2.70418e-06	1.91603e-05
977	8	8	163	196	72	895	0.00304157	5.79538	1.78291e-07	5.86179e-05
978	5	5	175	236	60	1574	7.41456e-05	9.50948	7.18866e-09	9.69533e-05
979	6	6	204	262	56	1661	4.04089e-05	10.1165	4.16388e-09	0.000103044
980	2	2	57	81	21	471	0.0544333	2.91078	1.61112e-06	2.9598e-05
981	5	5	132	166	49	1223	0.000689337	7.27978	5.12537e-08	7.43522e-05
982	4	4	31	36	14	146	0.378825	0.97068	3.70853e-06	9.78956e-06
983	9	9	245	340	78	2575	2.34057e-07	15.2677	3.65153e-11	0.00015601
984	3	3	55	69	31	576	0.034358	3.37092	1.18534e-06	3.44996e-05
985	4	3	53	62	25	373	0.101098	2.29166	2.35746e-06	2.33184e-05
986	4	4	130	176	51	937	0.00278368	5.88398	1.66243e-07	5.97206e-05
987	5	5	132	179	42	1326	0.0003757	7.88672	3.02659e-08	8.05587e-05
988	3	3	32	38	14	86	0.508017	0.67724	3.41106e-06	6.71446e-06
989	2	2	128	177	46	1163	0.000873624	7.04286	6.27132e-08	7.17851e-05
990	2	2	42	53	18	342	0.125301	2.07704	2.65177e-06	2.11633e-05
991	6	6	108	126	50	558	0.0263291	3.63708	9.67877e-07	3.67607e-05
992	6	6	105	132	61	431	0.0484579	3.02706	1.47077e-06	3.03515e-05
993	4	4	47	52	34	38	0.594307	0.52036	2.94439e-06	4.95434e-06
994	5	5	63	76	39	218	0.204113	1.58908	3.2399e-06	1.58731e-05
995	6	6	99	129	46	646	0.0164946	4.10472	6.86272e-07	4.16058e-05
996	6	6	95	123	60	302	0.0989995	2.31264	2.27593e-06	2.29893e-05
997	5	5	91	114	35	728	0.0119297	4.42872	5.38223e-07	4.5116e-05
998	1	1	5	5	4	1	0.964158	0.0365	3.23351e-07	3.35371e-07
999	2	2	10	10	10	0	0.939131	0.0628	5.30117e-07	5.64476e-07
1000	1	1	17	17	11	13	0.841087	0.17306	1.38808e-06	1.65034e-06