Hist	Tr_Tot	Tr_in	DSBs	DSBt	RIFs	NComb	PSurv	lPSurv	PMut*	PMut
1	7	7	62	66	34	94	0.409065	0.89388	3.56708e-06	8.72006e-06
2	6	6	42	44	22	48	0.593855	0.52112	2.98952e-06	5.03409e-06
3	10	10	84	92	52	79	0.375063	0.98066	3.52211e-06	9.3907e-06
4	9	9	60	66	29	183	0.259816	1.34778	3.49425e-06	1.34489e-05
5	7	6	78	92	31	334	0.102166	2.28116	2.34365e-06	2.29397e-05
6	4	4	26	31	15	35	0.688541	0.37318	2.48532e-06	3.60954e-06
7	12	11	87	104	50	164	0.225481	1.48952	3.2885e-06	1.45844e-05
8	10	10	136	163	56	712	0.00951544	4.65484	4.47528e-07	4.70318e-05
9	10	10	65	70	31	118	0.35296	1.0414	3.60762e-06	1.0221e-05
10	7	7	37	37	30	11	0.749417	0.28846	2.00321e-06	2.67303e-06
11	10	10	29	31	17	42	0.664394	0.40888	2.64526e-06	3.98147e-06
12	13	13	114	124	57	299	0.0998966	2.30362	2.28627e-06	2.28863e-05
13	8	8	45	51	27	63	0.52646	0.64158	3.27786e-06	6.22622e-06
14	11	10	101	108	39	325	0.0967389	2.33574	2.26027e-06	2.33646e-05
15	12	12	103	108	60	128	0.264202	1.33104	3.40752e-06	1.28974e-05
16	4	4	37	44	16	123	0.405101	0.90362	3.65363e-06	9.01908e-06
17	11	11	104	122	53	237	0.138781	1.97486	2.70333e-06	1.94792e-05
18	11	11	64	68	30	116	0.361086	1.01864	3.61154e-06	1.00019e-05
19	9	9	46	49	30	54	0.558154	0.58312	3.14527e-06	5.63513e-06
20	12	11	94	100	48	123	0.28499	1.2553	3.47122e-06	1.21801e-05
21	10	10	96	101	45	140	0.259687	1.34828	3.41224e-06	1.31399e-05
22	12	12	63	71	40	79	0.427937	0.84878	3.51135e-06	8.2053e-06
23	9	9	79	86	39	144	0.279576	1.27448	3.49629e-06	1.25057e-05
24	12	12	114	123	57	259	0.123275	2.09334	2.55235e-06	2.07046e-05
25	6	5	17	17	11	7	0.867222	0.14246	1.15474e-06	1.33154e-06
26	10	9	102	111	57	215	0.166364	1.79358	2.94286e-06	1.76893e-05
27	12	12	121	133	46	358	0.0698755	2.66104	1.85374e-06	2.65292e-05
28	15	15	150	167	70	424	0.0403098	3.21116	1.28811e-06	3.19552e-05
29	10	9	106	117	41	418	0.0568943	2.86656	1.63936e-06	2.8814e-05
30	6	6	18	20	13	18	0.804608	0.2174	1.67789e-06	2.08535e-06
31	7	7	28	30	15	46	0.655079	0.423	2.71042e-06	4.13756e-06
32	9	8	78	81	38	102	0.357407	1.02888	3.57115e-06	9.99184e-06
33	9	9	45	52	26	92	0.451238	0.79576	3.53028e-06	7.82353e-06
34	10	10	67	72	50	42	0.513575	0.66636	3.23337e-06	6.29582e-06
35	11	11	95	106	45	247	0.14582	1.92538	2.78624e-06	1.91073e-05
36	14	13	134	142	73	174	0.16878	1.77916	2.91326e-06	1.72607e-05
37	7	7	21	22	12	22	0.77852	0.25036	1.87684e-06	2.41078e-06
38	16	16	102	112	65	98	0.300244	1.20316	3.46157e-06	1.15292e-05
39	10	10	75	85	42	113	0.329526	1.1101	3.55957e-06	1.08021e-05
40	18	17	187	207	94	342	0.0476363	3.04416	1.42224e-06	2.98562e-05
41	16	16	183	204	71	507	0.0209248	3.86682	8.04639e-07	3.84538e-05
42	5	5	46	48	27	76	0.502058	0.68904	3.38769e-06	6.74761e-06
43	11	11	89	95	43	171	0.230225	1.4687	3.32635e-06	1.44483e-05
44	9	9	52	55	29	57	0.529353	0.6361	3.24663e-06	6.13321e-06
45	6	6	31	36	18	79	0.533135	0.62898	3.32124e-06	6.22964e-06
46	9	8	28	29	19	15	0.772116	0.25862	1.87931e-06	2.43398e-06
47	6	6	43	49	30	28	0.637297	0.45052	2.71084e-06	4.25366e-06
48	6	6	40	41	29	19	0.701608	0.35438	2.33206e-06	3.32388e-06
49	5	4	10	11	8	4	0.914407	0.08948	7.62118e-07	8.33456e-07
50	13	13	70	79	40	66	0.434865	0.83272	3.4642e-06	7.96615e-06
51	5	5	57	61	29	82	0.448754	0.80128	3.50038e-06	7.80023e-06
52	11	11	159	180	64	482	0.027637	3.5886	9.88597e-07	3.57708e-05
53	7	6	122	139	45	383	0.0592363	2.82622	1.67024e-06	2.81962e-05
54	5	4	13	13	10	6	0.89383	0.11224	9.40861e-07	1.05262e-06
55	11	11	137	157	61	252	0.103192	2.27116	2.29622e-06	2.22518e-05
56	12	12	55	60	41	33	0.579784	0.5451	2.98023e-06	5.14025e-06
57	8	8	43	46	23	47	0.589441	0.52858	3.00253e-06	5.09385e-06
58	5	5	50	54	20	119	0.388283	0.94602	3.63861e-06	9.37102e-06
59	6	6	16	16	14	2	0.895225	0.11068	9.03665e-07	1.00943e-06
60	10	10	44	48	28	46	0.585061	0.53604	3.01517e-06	5.15361e-06
61	17	17	67	71	44	57	0.478748	0.73658	3.36865e-06	7.03637e-06
62	10	10	115	129	58	279	0.107204	2.23302	2.36985e-06	2.21059e-05
63	13	13	73	80	42	110	0.34528	1.0634	3.57726e-06	1.03605e-05
64	9	9	60	64	37	88	0.427107	0.85072	3.54002e-06	8.28837e-06
65	9	9	135	154	61	285	0.0888665	2.42062	2.11821e-06	2.38359e-05
66	7	7	47	52	30	58	0.536676	0.62236	3.22918e-06	6.017e-06
67	7	7	61	73	26	204	0.223389	1.49884	3.34187e-06	1.49598e-05
68	10	10	71	78	42	98	0.37171	0.98964	3.57213e-06	9.60997e-06
69	9	9	96	109	39	284	0.118491	2.13292	2.51705e-06	2.12426e-05
70	10	10	106	116	47	358	0.0777482	2.55428	1.98799e-06	2.55696e-05
71	15	15	87	94	49	95	0.341359	1.07482	3.53434e-06	1.03537e-05
72	5	5	8	10	7	4	0.920167	0.0832	7.14978e-07	7.77009e-07
73	7	6	42	45	24	53	0.575279	0.5529	3.08131e-06	5.3562e-06
74	12	12	102	107	56	130	0.263169	1.33496	3.4073e-06	1.29472e-05
75	10	10	113	123	62	146	0.21936	1.51704	3.22471e-06	1.47005e-05
76	5	5	66	73	24	274	0.156322	1.85584	2.91996e-06	1.86792e-05
77	11	11	113	127	49	391	0.0613193	2.79166	1.7135e-06	2.79439e-05
78	6	6	22	23	17	16	0.797686	0.22604	1.71377e-06	2.14843e-06
79	9	9	67	74	32	122	0.337254	1.08692	3.59491e-06	1.06594e-05
80	12	12	90	98	51	201	0.193875	1.64054	3.14304e-06	1.62116e-05
81	6	6	16	17	9	19	0.81574	0.20366	1.60631e-06	1.96914e-06
82	7	7	56	70	32	137	0.320363	1.1383	3.59786e-06	1.12306e-05
83	11	11	74	81	37	207	0.209218	1.56438	3.25769e-06	1.55708e-05
84	12	11	49	54	30	44	0.569202	0.56352	3.06574e-06	5.38603e-06
85	7	7	62	68	35	73	0.449626	0.79934	3.46983e-06	7.71716e-06
86	4	4	59	65	29	107	0.385236	0.9539	3.60363e-06	9.35435e-06
87	6	6	58	63	29	78	0.452286	0.79344	3.48287e-06	7.70059e-06
88	12	12	133	150	55	279	0.0939587	2.3649	2.18842e-06	2.32913e-05
89	12	11	114	120	62	137	0.234031	1.4523	3.28883e-06	1.4053e-05
90	12	10	87	97	38	219	0.177984	1.72606	3.04559e-06	1.71116e-05
91	12	10	63	65	31	107	0.385236	0.9539	3.60363e-06	9.35435e-06
92	11	11	63	70	32	148	0.302886	1.1944	3.57861e-06	1.1815e-05
93	11	11	52	54	39	24	0.630325	0.46152	2.72513e-06	4.32337e-06
94	10	9	51	57	31	91	0.439525	0.82206	3.53934e-06	8.05263e-06
95	12	12	75	84	37	260	0.156685	1.85352	2.90748e-06	1.85562e-05
96	10	9	98	104	41	199	0.18862	1.66802	3.10168e-06	1.64441e-05
97	16	16	145	155	62	293	0.0847796	2.4677	2.06162e-06	2.43174e-05
98	14	12	99	105	51	205	0.181791	1.7049	3.05759e-06	1.68193e-05
99	12	12	86	89	48	109	0.327974	1.11482	3.54716e-06	1.08154e-05
100	17	17	92	102	50	147	0.249011	1.39026	3.37863e-06	1.35682e-05
101	7	7	49	51	25	62	0.529152	0.63648	3.2665e-06	6.17309e-06
102	11	10	90	96	44	143	0.263901	1.33218	3.43521e-06	1.3017e-05
103	9	9	79	88	43	94	0.356279	1.03204	3.54922e-06	9.96191e-06
104	6	6	13	13	12	1	0.916915	0.08674	7.21568e-07	7.86952e-07
105	6	5	44	48	19	91	0.465083	0.76554	3.50887e-06	7.54461e-06
106	10	10	46	50	28	57	0.546238	0.6047	3.19603e-06	5.85097e-06
107	5	4	95	110	39	328	0.0940809	2.3636	2.22378e-06	2.36369e-05
108	13	13	95	107	59	129	0.264514	1.32986	3.41067e-06	1.28941e-05
109	4	4	32	37	14	85	0.513831	0.66586	3.3938e-06	6.60488e-06
110	6	6	10	11	7	5	0.909755	0.09458	8.06579e-07	8.8659e-07
111	6	6	13	13	11	2	0.912251	0.09184	7.66369e-07	8.40085e-07
112	9	9	45	49	25	85	0.476532	0.74122	3.47023e-06	7.28225e-06
113	6	6	46	52	25	107	0.418006	0.87226	3.60343e-06	8.62053e-06
114	10	10	65	67	49	30	0.563403	0.57376	3.02885e-06	5.37599e-06
115	11	10	46	47	30	40	0.60704	0.49916	2.90066e-06	4.77837e-06
116	12	12	45	47	30	28	0.645352	0.43796	2.67225e-06	4.14077e-06
117	14	14	161	181	72	402	0.0413005	3.18688	1.30413e-06	3.15766e-05
118	16	16	144	153	74	256	0.103681	2.26644	2.30571e-06	2.22386e-05
119	5	5	58	71	23	145	0.30563	1.18538	3.57957e-06	1.17121e-05
120	11	10	76	79	45	60	0.448377	0.80212	3.4289e-06	7.64735e-06
121	10	10	77	88	35	230	0.178059	1.72564	3.06048e-06	1.7188e-05
122	7	7	56	61	26	109	0.391026	0.93898	3.61106e-06	9.23482e-06
123	11	11	76	85	49	63	0.425241	0.8551	3.46377e-06	8.14544e-06
124	14	14	107	118	54	245	0.136622	1.99054	2.6885e-06	1.96785e-05
125	7	7	73	82	27	205	0.210039	1.56046	3.26002e-06	1.5521e-05
126	13	13	143	156	69	321	0.0730377	2.61678	1.88887e-06	2.58616e-05
127	10	9	68	74	36	107	0.364066	1.01042	3.59056e-06	9.86237e-06
128	5	5	55	65	29	119	0.362366	1.0151	3.62074e-06	9.99194e-06
129	7	7	33	36	19	41	0.647148	0.43518	2.72487e-06	4.21057e-06
130	4	4	34	34	16	40	0.658678	0.41752	2.66406e-06	4.04455e-06
131	12	12	45	49	32	49	0.57257	0.55762	3.07439e-06	5.36946e-06
132	10	10	41	43	32	14	0.710746	0.34144	2.25386e-06	3.17111e-06
133	10	10	69	70	38	79	0.430633	0.8425	3.50916e-06	8.14885e-06
134	6	6	56	63	33	118	0.368822	0.99744	3.62402e-06	9.82592e-06
135	13	13	145	161	69	333	0.0665781	2.70938	1.78306e-06	2.67814e-05
136	9	9	85	97	37	165	0.234416	1.45066	3.33864e-06	1.42424e-05
137	5	5	27	30	16	37	0.685847	0.3771	2.50976e-06	3.65936e-06
138	5	5	66	75	27	184	0.24429	1.4094	3.42252e-06	1.40101e-05
139	6	6	46	50	26	47	0.574819	0.5537	3.05783e-06	5.31964e-06
140	3	3	4	4	4	0	0.975193	0.02512	2.20189e-07	2.2579e-07
141	12	11	85	89	43	145	0.272963	1.29842	3.47431e-06	1.27282e-05
142	18	18	191	208	98	395	0.0361261	3.32074	1.18236e-06	3.27287e-05
143	10	10	85	95	48	119	0.300142	1.2035	3.50727e-06	1.16854e-05
144	11	11	77	82	45	80	0.397341	0.92296	3.52813e-06	8.87936e-06
145	10	10	137	160	63	292	0.082579	2.494	2.02703e-06	2.45465e-05
146	10	9	74	76	36	102	0.368808	0.99748	3.58098e-06	9.7096e-06
147	14	14	73	80	46	77	0.408567	0.8951	3.51656e-06	8.60706e-06
148	13	13	97	110	49	186	0.194096	1.6394	3.1234e-06	1.6092e-05
149	7	7	68	76	34	127	0.324659	1.12498	3.58356e-06	1.10379e-05
150	9	9	51	53	27	70	0.501656	0.68984	3.36664e-06	6.71105e-06
151	12	11	93	110	50	230	0.155082	1.8638	2.85815e-06	1.84299e-05
152	12	11	167	188	69	592	0.014998	4.19984	6.3092e-07	4.2067e-05
153	10	10	75	85	43	159	0.260618	1.3447	3.4522e-06	1.32462e-05
154	14	13	148	164	77	263	0.0933667	2.37122	2.16904e-06	2.32314e-05
155	6	6	28	29	18	27	0.72628	0.31982	2.23082e-06	3.07158e-06
156	13	13	59	63	28	114	0.376424	0.97704	3.61871e-06	9.61338e-06
157	6	6	47	51	27	60	0.534577	0.62628	3.24318e-06	6.06682e-06
158	9	9	61	64	30	95	0.412129	0.88642	3.56916e-06	8.6603e-06
159	11	11	101	110	57	145	0.239237	1.4303	3.32864e-06	1.39135e-05
160	12	12	122	131	56	304	0.0931932	2.37308	2.19443e-06	2.35471e-05
161	6	6	19	21	16	11	0.828631	0.18798	1.46657e-06	1.76986e-06
162	9	9	47	55	20	211	0.241352	1.4215	3.45512e-06	1.43157e-05
163	10	10	76	87	43	110	0.33043	1.10736	3.55397e-06	1.07556e-05
164	5	4	69	73	26	215	0.211202	1.55494	3.28299e-06	1.55443e-05
165	7	6	32	34	16	67	0.573946	0.55522	3.14473e-06	5.47914e-06
166	5	5	45	55	24	120	0.38389	0.9574	3.63951e-06	9.4806e-06
167	1	1	2	2	1	1	0.982495	0.01766	1.63122e-07	1.66028e-07
168	10	10	45	49	24	79	0.491339	0.71062	3.42142e-06	6.96346e-06
169	7	7	70	78	41	84	0.399221	0.91824	3.53953e-06	8.8661e-06
170	14	13	108	119	47	276	0.115912	2.15492	2.47844e-06	2.1382e-05
171	10	10	39	41	28	32	0.6566	0.42068	2.636e-06	4.01461e-06
172	6	5	41	43	21	43	0.613031	0.48934	2.88859e-06	4.71197e-06
173	9	9	109	117	54	280	0.115007	2.16276	2.47055e-06	2.14817e-05
174	13	13	100	113	62	195	0.181929	1.70414	3.04541e-06	1.67396e-05
175	14	14	94	102	57	109	0.302262	1.19646	3.49088e-06	1.15492e-05
176	15	15	174	204	76	422	0.0322796	3.43332	1.09549e-06	3.39375e-05
177	11	11	96	109	57	131	0.258562	1.35262	3.39058e-06	1.31132e-05
178	6	6	36	40	18	86	0.501676	0.6898	3.42512e-06	6.82736e-06
179	11	11	91	99	48	111	0.304885	1.18782	3.50194e-06	1.14861e-05
180	6	5	37	42	19	72	0.532081	0.63096	3.29698e-06	6.19639e-06
181	7	7	52	54	33	34	0.598984	0.51252	2.90789e-06	4.8547e-06
182	7	7	71	85	27	174	0.241424	1.4212	3.39037e-06	1.40432e-05
183	17	16	96	102	52	119	0.287233	1.24746	3.46993e-06	1.20805e-05
184	9	9	127	141	52	230	0.127648	2.05848	2.5759e-06	2.01797e-05
185	6	6	33	34	17	40	0.658678	0.41752	2.66406e-06	4.04455e-06
186	7	7	49	56	18	179	0.282358	1.26458	3.57801e-06	1.26719e-05
187	6	6	54	62	18	168	0.287607	1.24616	3.57384e-06	1.24261e-05
188	13	13	65	72	42	73	0.438472	0.82446	3.48276e-06	7.94295e-06
189	6	5	43	47	27	62	0.542612	0.61136	3.22708e-06	5.9473e-06
190	6	6	71	80	29	207	0.210536	1.5581	3.26633e-06	1.55144e-05
191	9	8	97	105	49	149	0.241883	1.4193	3.34859e-06	1.38438e-05
192	12	12	86	93	37	181	0.221543	1.50714	3.29362e-06	1.48667e-05
193	5	5	17	17	10	18	0.819911	0.19856	1.57095e-06	1.91601e-06
194	10	10	45	49	27	54	0.558154	0.58312	3.14527e-06	5.63513e-06
195	10	10	97	112	34	366	0.0765386	2.56996	1.97231e-06	2.57689e-05
196	9	8	74	78	31	123	0.327214	1.11714	3.57917e-06	1.09383e-05
197	9	8	144	162	53	777	0.00687365	4.98006	3.46631e-07	5.0429e-05
198	10	10	35	35	27	12	0.755028	0.281	1.97309e-06	2.61326e-06
199	11	11	113	128	45	411	0.0550265	2.89994	1.59924e-06	2.9063e-05
200	4	4	66	72	18	467	0.0587855	2.83386	1.69757e-06	2.88774e-05
201	7	6	66	74	34	95	0.387043	0.94922	3.57038e-06	9.22478e-06
202	10	10	76	83	40	117	0.326953	1.11794	3.56435e-06	1.09017e-05
203	14	13	99	115	44	311	0.0994301	2.3083	2.28847e-06	2.30159e-05
204	18	18	205	222	94	486	0.0208009	3.87276	7.97799e-07	3.83541e-05
205	10	9	75	82	37	151	0.276634	1.28506	3.49992e-06	1.26518e-05
206	6	6	34	38	21	40	0.642338	0.44264	2.743e-06	4.27034e-06
207	7	7	37	40	25	27	0.677802	0.3889	2.50278e-06	3.6925e-06
208	10	9	88	91	36	196	0.207821	1.57108	3.23178e-06	1.55508e-05
209	7	7	36	40	17	52	0.596665	0.5164	2.99575e-06	5.02083e-06
210	13	13	136	160	63	405	0.0464072	3.0703	1.41777e-06	3.05506e-05
211	13	12	159	179	72	376	0.0477527	3.04172	1.43651e-06	3.00822e-05
212	11	11	84	89	45	105	0.334734	1.09442	3.54912e-06	1.06028e-05
213	10	9	51	56	33	47	0.553563	0.59138	3.13224e-06	5.65833e-06
214	9	9	68	74	35	93	0.391011	0.93902	3.56544e-06	9.11851e-06
215	9	9	68	72	33	90	0.402058	0.91116	3.55669e-06	8.84622e-06
216	11	11	105	114	48	210	0.167475	1.78692	2.94639e-06	1.7593e-05
217	7	7	58	63	36	54	0.511177	0.67104	3.28451e-06	6.42539e-06
218	7	7	14	16	10	7	0.872686	0.13618	1.11276e-06	1.27509e-06
219	9	9	93	99	50	235	0.16199	1.82022	2.92791e-06	1.80746e-05
220	6	6	29	30	18	33	0.699982	0.3567	2.41272e-06	3.44682e-06
221	10	9	54	55	32	63	0.5134	0.6667	3.31246e-06	6.45201e-06
222	14	13	106	124	56	178	0.185163	1.68652	3.04726e-06	1.64572e-05
223	6	6	23	25	16	13	0.799875	0.2233	1.68127e-06	2.10192e-06
224	11	11	126	138	55	347	0.0716229	2.63634	1.87845e-06	2.6227e-05
225	6	6	61	70	31	162	0.282014	1.2658	3.54178e-06	1.25589e-05
226	12	12	86	93	45	160	0.246587	1.40004	3.3908e-06	1.37509e-05
227	12	12	135	144	55	343	0.0703959	2.65362	1.85515e-06	2.63531e-05
228	5	5	33	34	17	43	0.648677	0.43282	2.727e-06	4.20395e-06
229	5	5	37	37	17	70	0.554682	0.58936	3.22153e-06	5.80789e-06
230	10	9	110	132	44	458	0.0422243	3.16476	1.34214e-06	3.17861e-05
231	5	5	77	84	37	166	0.253062	1.37412	3.43196e-06	1.35617e-05
232	5	5	16	16	8	17	0.829294	0.18718	1.49806e-06	1.80643e-06
233	12	12	68	76	41	93	0.38613	0.95158	3.56453e-06	9.23141e-06
234	5	5	39	45	16	114	0.421473	0.864	3.62354e-06	8.59733e-06
235	11	11	75	82	43	97	0.364343	1.00966	3.56423e-06	9.78262e-06
236	11	11	129	140	58	255	0.113075	2.1797	2.42565e-06	2.14516e-05
237	7	7	48	50	31	28	0.633307	0.4568	2.72962e-06	4.31011e-06
238	10	10	54	57	26	94	0.432852	0.83736	3.55459e-06	8.21203e-06
239	13	13	70	78	47	58	0.455828	0.78564	3.41171e-06	7.48464e-06
240	6	6	49	51	27	84	0.47299	0.74868	3.4727e-06	7.34202e-06
241	7	7	27	28	19	24	0.742123	0.29824	2.1193e-06	2.85573e-06
242	7	7	23	24	16	15	0.796745	0.22722	1.71439e-06	2.15174e-06
243	5	5	35	41	16	108	0.445624	0.80828	3.58849e-06	8.05274e-06
244	6	6	56	62	27	191	0.255774	1.36346	3.49086e-06	1.36482e-05
245	10	10	53	57	39	32	0.593831	0.52116	2.92033e-06	4.91778e-06
246	6	6	55	61	27	116	0.377313	0.97468	3.62475e-06	9.60675e-06
247	7	7	43	45	29	67	0.535636	0.6243	3.26742e-06	6.10007e-06
248	18	18	155	169	85	289	0.0792443	2.53522	1.9728e-06	2.48951e-05
249	7	7	47	53	25	95	0.441605	0.81734	3.55023e-06	8.03938e-06
250	7	7	47	49	23	45	0.584371	0.53722	3.01356e-06	5.15693e-06
251	17	17	119	125	65	187	0.175749	1.7387	2.9863e-06	1.69919e-05
252	6	6	19	21	16	5	0.854379	0.15738	1.23976e-06	1.45107e-06
253	9	9	88	100	46	117	0.293846	1.2247	3.48541e-06	1.18613e-05
254	10	10	72	79	31	144	0.292141	1.23052	3.53798e-06	1.21105e-05
255	9	9	91	103	41	262	0.13765	1.98304	2.71653e-06	1.9735e-05
256	10	10	90	99	43	214	0.180302	1.71312	3.05771e-06	1.69588e-05
257	7	7	34	37	17	48	0.620543	0.47716	2.87867e-06	4.63895e-06
258	5	5	23	24	15	24	0.761001	0.27312	2.00139e-06	2.62994e-06
259	10	9	75	82	40	116	0.330695	1.10656	3.56891e-06	1.07922e-05
260	13	13	107	120	54	157	0.211337	1.5543	3.19449e-06	1.51156e-05
261	7	7	74	84	42	93	0.367211	1.00182	3.55569e-06	9.68299e-06
262	11	11	103	114	54	258	0.13111	2.03172	2.641e-06	2.01434e-05
263	4	4	29	31	18	26	0.720882	0.32728	2.25733e-06	3.13134e-06
264	10	10	76	81	37	160	0.265888	1.32468	3.47611e-06	1.30736e-05
265	7	7	72	83	32	300	0.128575	2.05124	2.65188e-06	2.06251e-05
266	12	11	66	78	37	121	0.330569	1.10694	3.58073e-06	1.0832e-05
267	11	11	93	97	50	137	0.270398	1.30786	3.44884e-06	1.27547e-05
268	15	15	113	121	58	234	0.141808	1.95328	2.7317e-06	1.92633e-05
269	7	7	69	76	38	137	0.308516	1.17598	3.56931e-06	1.15693e-05
270	5	5	27	28	11	46	0.663358	0.41044	2.66979e-06	4.02466e-06
271	10	9	47	51	27	67	0.515829	0.66198	3.32129e-06	6.43875e-06
272	10	9	61	77	32	215	0.205963	1.58006	3.24805e-06	1.57701e-05
273	7	7	86	97	37	328	0.102084	2.28196	2.33804e-06	2.29031e-05
274	6	6	52	54	23	168	0.302426	1.19592	3.62141e-06	1.19745e-05
275	13	13	86	94	36	257	0.149416	1.90102	2.83313e-06	1.89613e-05
276	13	13	123	141	62	349	0.0695729	2.66538	1.84386e-06	2.65026e-05
277	4	4	27	28	9	91	0.527324	0.63994	3.38313e-06	6.41565e-06
278	11	11	87	104	41	234	0.157785	1.84652	2.88806e-06	1.83037e-05
279	13	13	166	180	77	335	0.05849	2.8389	1.63539e-06	2.79602e-05
280	13	13	100	112	55	169	0.209034	1.56526	3.19856e-06	1.53016e-05
281	7	7	58	65	26	121	0.358689	1.0253	3.62212e-06	1.00982e-05
282	10	10	56	61	27	104	0.401126	0.91348	3.59776e-06	8.96916e-06
283	12	12	96	98	58	78	0.363041	1.01324	3.51288e-06	9.67625e-06
284	11	11	90	100	46	222	0.17201	1.7602	2.99992e-06	1.74403e-05
285	7	7	97	107	42	219	0.167151	1.78886	2.95456e-06	1.76761e-05
286	7	7	43	46	21	128	0.389972	0.94168	3.66482e-06	9.39764e-06
287	10	10	58	64	36	62	0.487668	0.71812	3.36828e-06	6.9069e-06
288	12	12	154	169	72	343	0.0601677	2.81062	1.67052e-06	2.77643e-05
289	7	7	40	42	28	42	0.620047	0.47796	2.8537e-06	4.60239e-06
290	5	5	30	37	19	106	0.461645	0.77296	3.56421e-06	7.72068e-06
291	6	6	23	27	15	57	0.63112	0.46026	2.87328e-06	4.55268e-06
292	10	10	99	108	40	238	0.150764	1.89204	2.82562e-06	1.8742e-05
293	5	4	50	59	19	149	0.322898	1.13042	3.63171e-06	1.12473e-05
294	12	11	103	113	45	291	0.111499	2.19374	2.43518e-06	2.18403e-05
295	10	10	49	53	20	152	0.330206	1.10804	3.6547e-06	1.1068e-05
296	5	5	53	62	26	128	0.352692	1.04216	3.63301e-06	1.03008e-05
297	7	7	42	46	30	33	0.633066	0.45718	2.75383e-06	4.34999e-06
298	10	10	62	67	43	59	0.485945	0.72166	3.36121e-06	6.91685e-06
299	5	5	22	24	14	32	0.730577	0.31392	2.23192e-06	3.055e-06
300	9	9	35	36	27	11	0.754138	0.28218	1.97326e-06	2.61658e-06
301	4	4	5	5	5	0	0.969088	0.0314	2.73513e-07	2.82238e-07
302	7	6	23	25	20	7	0.824729	0.1927	1.47059e-06	1.78312e-06
303	15	15	85	93	62	67	0.396238	0.92574	3.49068e-06	8.80955e-06
304	15	15	117	127	63	144	0.216112	1.53196	3.20278e-06	1.482e-05
305	10	10	71	76	38	101	0.370693	0.99238	3.57959e-06	9.65647e-06
306	10	10	90	100	41	281	0.127314	2.0611	2.61951e-06	2.05752e-05
307	16	16	99	106	49	211	0.175208	1.74178	3.01263e-06	1.71946e-05
308	10	10	75	81	31	276	0.147153	1.91628	2.83079e-06	1.9237e-05
309	11	10	45	47	30	33	0.629103	0.46346	2.7721e-06	4.40643e-06
310	9	9	74	80	33	217	0.200068	1.6091	3.21023e-06	1.60457e-05
311	9	9	27	29	17	33	0.704392	0.35042	2.38815e-06	3.39038e-06
312	13	13	41	44	34	14	0.706297	0.34772	2.27961e-06	3.22756e-06
313	9	9	62	67	39	82	0.43216	0.83896	3.51731e-06	8.13891e-06
314	6	5	35	36	18	66	0.56968	0.56268	3.1554e-06	5.5389e-06
315	9	9	64	71	38	166	0.274589	1.29248	3.5224e-06	1.28279e-05
316	15	15	94	102	60	110	0.300725	1.20156	3.4891e-06	1.16023e-05
317	17	17	156	166	74	247	0.100041	2.30218	2.25033e-06	2.24942e-05
318	10	10	100	112	47	213	0.167017	1.78966	2.9461e-06	1.76395e-05
319	11	11	94	103	46	181	0.208058	1.56994	3.21058e-06	1.54312e-05
320	3	3	13	13	8	6	0.89383	0.11224	9.40861e-07	1.05262e-06
321	11	11	68	70	37	98	0.390862	0.9394	3.57967e-06	9.15839e-06
322	3	3	13	14	9	8	0.87922	0.12872	1.06854e-06	1.21533e-06
323	9	9	83	89	48	99	0.345135	1.06382	3.54938e-06	1.0284e-05
324	9	9	75	80	47	69	0.425581	0.8543	3.4821e-06	8.182e-06
325	15	14	126	142	61	263	0.1072	2.23306	2.35728e-06	2.19896e-05
326	10	10	82	89	45	181	0.227178	1.48202	3.32611e-06	1.46409e-05
327	7	7	57	63	30	120	0.36508	1.00764	3.62604e-06	9.93218e-06
328	7	7	41	42	21	64	0.554239	0.59016	3.19869e-06	5.77132e-06
329	9	9	60	66	37	53	0.504201	0.68478	3.29828e-06	6.5416e-06
330	16	16	172	190	87	417	0.0361564	3.3199	1.18888e-06	3.28816e-05
331	10	10	44	48	30	40	0.60324	0.50544	2.91655e-06	4.83481e-06
332	13	13	96	103	50	185	0.203856	1.59034	3.18908e-06	1.56437e-05
333	14	14	99	109	44	199	0.18279	1.69942	3.05739e-06	1.67263e-05
334	9	9	52	61	34	66	0.486908	0.71968	3.38406e-06	6.95009e-06
335	10	9	77	84	53	54	0.448019	0.80292	3.40978e-06	7.61079e-06
336	10	10	58	63	36	59	0.498306	0.69654	3.3342e-06	6.69106e-06
337	14	14	136	148	69	321	0.0768008	2.56654	1.95151e-06	2.541e-05
338	7	7	51	57	28	91	0.439525	0.82206	3.53934e-06	8.05263e-06
339	10	10	81	89	35	197	0.209377	1.56362	3.24347e-06	1.54911e-05
340	17	16	138	147	78	185	0.154639	1.86666	2.80321e-06	1.81274e-05
341	11	11	78	87	40	207	0.201481	1.60206	3.20547e-06	1.59095e-05
342	11	11	72	77	42	72	0.42709	0.85076	3.49021e-06	8.17206e-06
343	9	9	91	104	43	171	0.217573	1.52522	3.2541e-06	1.49563e-05
344	11	9	109	122	63	207	0.161725	1.82186	2.89247e-06	1.78852e-05
345	3	3	25	28	15	34	0.705224	0.34924	2.38864e-06	3.38706e-06
346	13	13	77	83	53	81	0.392845	0.93434	3.53126e-06	8.98894e-06
347	7	7	44	47	26	47	0.585751	0.53486	3.01679e-06	5.1503e-06
348	6	5	49	51	25	68	0.513205	0.66708	3.33167e-06	6.49189e-06
349	6	5	9	9	7	2	0.935457	0.06672	5.74646e-07	6.14295e-07
350	11	9	53	59	28	95	0.425275	0.85502	3.56298e-06	8.37806e-06
351	6	6	62	67	26	165	0.283014	1.26226	3.55153e-06	1.2549e-05
352	5	5	43	45	28	32	0.640312	0.4458	2.71518e-06	4.2404e-06
353	12	12	103	110	51	246	0.14293	1.9454	2.75569e-06	1.928e-05
354	6	6	28	32	20	51	0.630615	0.46106	2.84793e-06	4.51612e-06
355	4	4	39	49	14	176	0.299596	1.20532	3.63032e-06	1.21174e-05
356	10	10	59	68	39	71	0.454235	0.78914	3.45714e-06	7.61089e-06
357	11	11	102	113	50	271	0.123472	2.09174	2.56546e-06	2.07777e-05
358	5	5	39	43	22	51	0.588523	0.53014	3.02326e-06	5.13704e-06
359	12	12	54	59	37	78	0.463792	0.76832	3.46675e-06	7.4748e-06
360	12	12	119	133	61	279	0.104545	2.25814	2.33466e-06	2.23317e-05
361	13	13	161	180	66	434	0.0353026	3.3438	1.17276e-06	3.32204e-05
362	7	7	32	33	17	43	0.652764	0.42654	2.70734e-06	4.1475e-06
363	12	12	98	104	50	265	0.134711	2.00462	2.68761e-06	1.99508e-05
364	12	12	99	106	49	159	0.228418	1.47658	3.29644e-06	1.44316e-05
365	10	10	41	46	27	42	0.604665	0.50308	2.91944e-06	4.82818e-06
366	11	11	71	79	42	87	0.390698	0.93982	3.5483e-06	9.08195e-06
367	9	9	124	137	42	570	0.023113	3.76736	8.78739e-07	3.80192e-05
368	12	12	65	74	35	110	0.358538	1.02572	3.59319e-06	1.00218e-05
369	11	11	78	85	49	70	0.410327	0.8908	3.49491e-06	8.51737e-06
370	7	7	16	18	15	3	0.879554	0.12834	1.03388e-06	1.17546e-06
371	9	9	67	77	37	166	0.264435	1.33016	3.4817e-06	1.31666e-05
372	5	5	57	63	28	141	0.328001	1.11474	3.62374e-06	1.1048e-05
373	15	15	115	124	73	100	0.275623	1.28872	3.3937e-06	1.23128e-05
374	9	9	28	32	19	23	0.727414	0.31826	2.20289e-06	3.02839e-06
375	11	11	74	81	39	100	0.361071	1.01868	3.5694e-06	9.88558e-06
376	4	4	11	13	7	12	0.866893	0.14284	1.18887e-06	1.37142e-06
377	6	6	41	47	20	89	0.472811	0.74906	3.49024e-06	7.38189e-06
378	7	7	78	89	39	155	0.259391	1.34942	3.43939e-06	1.32595e-05
379	10	9	52	54	32	90	0.450174	0.79812	3.52494e-06	7.83016e-06
380	6	5	91	101	32	236	0.159154	1.83788	2.90308e-06	1.82406e-05
381	6	5	26	28	18	25	0.738348	0.30334	2.14775e-06	2.90886e-06
382	3	2	3	3	3	0	0.981336	0.01884	1.66182e-07	1.69343e-07
383	5	5	49	50	24	53	0.557496	0.5843	3.14341e-06	5.63844e-06
384	15	14	112	123	44	432	0.0510148	2.97564	1.52517e-06	2.98966e-05
385	11	11	70	75	41	144	0.299572	1.2054	3.56034e-06	1.18848e-05
386	11	11	89	92	44	143	0.270614	1.30706	3.46149e-06	1.27912e-05
387	15	15	111	124	58	193	0.171526	1.76302	2.95955e-06	1.72542e-05
388	11	11	105	118	59	199	0.172745	1.75594	2.97714e-06	1.72343e-05
389	14	12	98	121	47	363	0.0734478	2.61118	1.91827e-06	2.61175e-05
390	13	12	93	108	52	153	0.232576	1.45854	3.30856e-06	1.42257e-05
391	7	7	42	53	21	131	0.367534	1.00094	3.65776e-06	9.95217e-06
392	14	14	126	138	76	171	0.175742	1.73874	2.96574e-06	1.68755e-05
393	13	13	92	101	42	398	0.0696634	2.66408	1.87034e-06	2.68482e-05
394	9	9	122	133	57	343	0.0754308	2.58454	1.941e-06	2.57322e-05
395	12	12	82	91	46	129	0.292474	1.22938	3.50703e-06	1.19909e-05
396	11	10	79	87	44	141	0.282109	1.26546	3.49893e-06	1.24027e-05
397	16	16	108	119	52	207	0.1648	1.80302	2.91958e-06	1.77158e-05
398	10	10	69	75	41	88	0.398599	0.9198	3.55123e-06	8.90929e-06
399	6	6	47	49	26	60	0.541333	0.61372	3.22306e-06	5.95392e-06
400	11	10	73	75	48	49	0.486314	0.7209	3.32498e-06	6.8371e-06
401	10	10	122	135	51	293	0.0961256	2.3421	2.229e-06	2.31885e-05
402	15	14	80	89	46	145	0.272963	1.29842	3.47431e-06	1.27282e-05
403	9	9	72	78	37	115	0.340841	1.07634	3.58334e-06	1.05132e-05
404	11	11	118	133	52	229	0.134911	2.00314	2.65438e-06	1.9675e-05
405	4	4	19	22	11	56	0.654581	0.42376	2.76057e-06	4.21731e-06
406	4	3	32	39	15	124	0.415896	0.87732	3.65571e-06	8.78997e-06
407	7	7	57	65	35	54	0.504796	0.6836	3.3005e-06	6.53829e-06
408	11	11	96	113	57	257	0.13261	2.02034	2.65669e-06	2.00338e-05
409	12	12	138	149	70	225	0.124529	2.08322	2.53611e-06	2.03657e-05
410	12	12	122	140	76	153	0.190234	1.6595	3.04984e-06	1.6032e-05
411	10	10	47	56	28	85	0.456038	0.78518	3.50118e-06	7.67739e-06
412	11	10	89	94	44	116	0.306689	1.18192	3.51758e-06	1.14695e-05
413	5	5	38	40	21	40	0.634321	0.4552	2.78038e-06	4.38323e-06
414	10	10	32	34	24	17	0.740655	0.30022	2.09049e-06	2.82248e-06
415	6	5	47	54	30	63	0.516634	0.66042	3.30417e-06	6.39556e-06
416	11	11	69	72	45	60	0.468528	0.75816	3.39787e-06	7.25222e-06
417	6	5	76	83	32	165	0.255958	1.36274	3.44319e-06	1.34521e-05
418	13	13	59	64	40	50	0.518446	0.65692	3.25029e-06	6.26931e-06
419	10	10	39	41	25	31	0.659957	0.41558	2.61441e-06	3.96148e-06
420	12	12	76	81	46	101	0.359234	1.02378	3.57033e-06	9.93871e-06
421	18	18	181	205	95	333	0.0505041	2.9857	1.47801e-06	2.92651e-05
422	10	10	95	103	56	133	0.265766	1.32514	3.42328e-06	1.28808e-05
423	9	8	52	59	25	241	0.201973	1.59962	3.25894e-06	1.61355e-05
424	6	5	57	60	28	93	0.426945	0.8511	3.5557e-06	8.32824e-06
425	14	13	108	119	58	137	0.235506	1.44602	3.29626e-06	1.39965e-05
426	5	5	35	38	23	24	0.696951	0.36104	2.38372e-06	3.42021e-06
427	10	10	106	112	56	118	0.271129	1.30516	3.41402e-06	1.25918e-05
428	8	8	115	133	43	406	0.0547028	2.90584	1.59074e-06	2.90796e-05
429	8	7	26	28	22	12	0.78896	0.23704	1.75002e-06	2.21813e-06
430	8	8	42	46	22	89	0.475789	0.74278	3.48537e-06	7.32544e-06
431	8	8	52	60	28	82	0.451581	0.795	3.49695e-06	7.74378e-06
432	8	8	51	54	26	102	0.42345	0.85932	3.58567e-06	8.46776e-06
433	4	4	4	4	4	0	0.975193	0.02512	2.20189e-07	2.2579e-07
434	4	4	50	55	21	135	0.355617	1.0339	3.65489e-06	1.02776e-05
435	5	5	58	71	29	160	0.283121	1.26188	3.54159e-06	1.25091e-05
436	8	8	54	60	26	94	0.424773	0.8562	3.56018e-06	8.38138e-06
437	8	7	61	69	30	162	0.28379	1.25952	3.54808e-06	1.25025e-05
438	8	8	66	72	36	77	0.429618	0.84486	3.50374e-06	8.15548e-06
439	8	7	65	68	35	114	0.364788	1.00844	3.6098e-06	9.89562e-06
440	8	8	61	68	40	65	0.46835	0.75854	3.41525e-06	7.29209e-06
441	8	8	63	67	31	135	0.329803	1.10926	3.61298e-06	1.0955e-05
442	5	5	48	55	18	108	0.408118	0.8962	3.60899e-06	8.843e-06
443	8	8	66	72	28	191	0.240206	1.42626	3.41396e-06	1.42127e-05
444	8	8	77	89	37	146	0.271574	1.30352	3.47107e-06	1.27813e-05
445	8	8	79	90	41	109	0.325921	1.1211	3.54335e-06	1.08718e-05
446	8	8	70	72	33	107	0.368668	0.99786	3.59432e-06	9.74948e-06
447	7	6	56	59	37	51	0.532262	0.63062	3.21497e-06	6.0402e-06
448	8	8	51	56	36	45	0.559238	0.58118	3.10492e-06	5.55206e-06
449	8	8	56	66	29	118	0.361939	1.01628	3.61767e-06	9.99526e-06
450	7	7	16	18	11	17	0.818944	0.19974	1.57182e-06	1.91932e-06
451	8	8	70	74	34	87	0.403161	0.90842	3.5477e-06	8.79971e-06
452	8	8	32	35	21	23	0.713837	0.3371	2.28266e-06	3.19773e-06
453	6	5	34	35	17	50	0.622009	0.4748	2.88135e-06	4.63233e-06
454	8	8	38	41	18	90	0.488469	0.71648	3.46634e-06	7.09634e-06
455	8	8	50	53	24	134	0.361953	1.01624	3.65992e-06	1.01116e-05
456	8	8	78	90	39	179	0.228071	1.4781	3.32781e-06	1.45911e-05
457	8	8	53	60	24	149	0.320876	1.1367	3.62709e-06	1.13037e-05
458	8	8	96	104	39	274	0.128668	2.05052	2.62856e-06	2.0429e-05
459	8	8	73	82	45	99	0.360645	1.01986	3.56638e-06	9.88889e-06
460	8	7	102	115	40	458	0.0469816	3.058	1.44828e-06	3.08265e-05
461	4	4	16	17	12	7	0.867222	0.14246	1.15474e-06	1.33154e-06
462	4	4	15	16	11	8	0.868246	0.14128	1.15323e-06	1.32823e-06
463	8	8	34	36	15	122	0.428151	0.84828	3.64543e-06	8.51436e-06
464	8	8	58	67	32	94	0.406505	0.90016	3.56769e-06	8.77651e-06
465	8	8	67	72	35	116	0.352128	1.04376	3.60145e-06	1.02277e-05
466	8	8	58	63	37	60	0.495772	0.70164	3.34358e-06	6.74419e-06
467	3	2	0	0	0	0	1	-0	0	0
468	8	7	39	47	16	110	0.42479	0.85616	3.60973e-06	8.49769e-06
469	8	8	83	93	40	227	0.175215	1.74174	3.03313e-06	1.73109e-05
470	8	8	40	43	25	46	0.603723	0.50464	2.94096e-06	4.87137e-06
471	7	7	89	94	39	201	0.198807	1.61542	3.1781e-06	1.59858e-05
472	8	8	85	90	39	147	0.268501	1.3149	3.46121e-06	1.28909e-05
473	6	5	49	51	25	66	0.518466	0.65688	3.31073e-06	6.38562e-06
474	8	7	48	51	31	53	0.554006	0.59058	3.155e-06	5.69489e-06
475	7	7	66	75	30	158	0.278928	1.2768	3.52248e-06	1.26286e-05
476	6	5	31	33	20	20	0.734005	0.30924	2.14728e-06	2.92543e-06
477	8	8	110	124	38	468	0.0421922	3.16552	1.34449e-06	3.18658e-05
478	8	7	40	41	24	47	0.608243	0.49718	2.92663e-06	4.81161e-06
479	6	6	27	28	19	16	0.773028	0.25744	1.87897e-06	2.43066e-06
480	8	8	42	43	23	35	0.63856	0.44854	2.73745e-06	4.28691e-06
481	8	8	85	94	43	176	0.225842	1.48792	3.31028e-06	1.46575e-05
482	7	7	87	95	46	117	0.303219	1.1933	3.511e-06	1.15791e-05
483	8	7	41	46	29	49	0.58346	0.53878	3.03406e-06	5.20012e-06
484	6	6	62	69	37	91	0.40762	0.89742	3.55852e-06	8.73001e-06
485	5	5	46	48	25	64	0.533743	0.62784	3.26118e-06	6.11001e-06
486	7	7	36	36	20	73	0.549701	0.59838	3.2492e-06	5.91084e-06
487	8	7	74	88	31	171	0.240571	1.42474	3.38078e-06	1.40532e-05
488	8	8	38	42	20	42	0.620047	0.47796	2.8537e-06	4.60239e-06
489	8	8	90	99	40	247	0.152374	1.88142	2.85125e-06	1.87122e-05
490	7	7	50	61	29	62	0.496943	0.69928	3.34818e-06	6.73756e-06
491	6	6	65	71	29	130	0.329928	1.10888	3.6012e-06	1.09151e-05
492	8	8	31	32	26	7	0.78926	0.23666	1.71921e-06	2.17826e-06
493	11	11	43	44	35	13	0.709908	0.34262	2.25355e-06	3.17443e-06
494	7	7	58	61	30	87	0.437456	0.82678	3.52847e-06	8.06589e-06
495	8	8	54	63	26	304	0.142839	1.94604	2.81516e-06	1.97087e-05
496	8	8	83	90	50	107	0.329262	1.1109	3.54469e-06	1.07655e-05
497	8	8	32	38	17	78	0.529173	0.63644	3.32818e-06	6.2894e-06
498	7	7	16	16	16	0	0.904403	0.10048	8.16822e-07	9.03162e-07
499	8	8	33	35	20	54	0.609449	0.4952	2.95269e-06	4.84486e-06
500	6	5	38	39	20	42	0.631839	0.45912	2.80098e-06	4.43305e-06
501	8	8	47	48	31	39	0.606324	0.50034	2.89925e-06	4.78168e-06
502	7	6	48	50	24	67	0.519079	0.6557	3.31292e-06	6.3823e-06
503	8	8	63	68	31	82	0.429454	0.84524	3.51953e-06	8.19536e-06
504	3	3	23	26	6	107	0.492146	0.70898	3.52027e-06	7.15289e-06
505	8	8	28	29	24	6	0.808382	0.21272	1.58102e-06	1.95578e-06
506	8	8	90	99	45	160	0.237469	1.43772	3.34584e-06	1.40896e-05
507	8	8	53	59	32	71	0.480648	0.73262	3.41398e-06	7.10287e-06
508	8	8	82	88	48	105	0.336842	1.08814	3.55247e-06	1.05464e-05
509	8	8	46	53	26	88	0.457655	0.78164	3.50904e-06	7.66744e-06
510	8	8	74	79	38	109	0.349232	1.05202	3.57993e-06	1.02509e-05
511	8	7	64	71	35	115	0.356158	1.03238	3.60364e-06	1.01181e-05
512	8	8	23	27	19	12	0.79393	0.23076	1.71623e-06	2.16168e-06
513	8	7	75	81	40	98	0.364773	1.00848	3.56723e-06	9.77931e-06
514	7	7	103	118	46	264	0.124004	2.08744	2.5654e-06	2.0688e-05
515	8	8	57	60	31	57	0.512989	0.6675	3.29106e-06	6.41545e-06
516	8	8	38	39	22	35	0.654804	0.42342	2.65923e-06	4.06112e-06
517	10	10	118	132	50	286	0.101514	2.28756	2.299e-06	2.26472e-05
518	8	8	81	87	40	173	0.23963	1.42866	3.3795e-06	1.4103e-05
519	4	4	35	37	14	103	0.468762	0.75766	3.54444e-06	7.56128e-06
520	9	9	68	73	32	147	0.298752	1.20814	3.56449e-06	1.19313e-05
521	8	8	63	65	37	58	0.494603	0.704	3.33898e-06	6.75082e-06
522	8	8	35	37	21	26	0.694224	0.36496	2.40898e-06	3.47002e-06
523	8	8	61	70	38	76	0.437272	0.8272	3.49356e-06	7.98946e-06
524	8	7	21	25	18	11	0.808075	0.2131	1.61264e-06	1.99566e-06
525	8	8	52	55	30	61	0.518663	0.6565	3.29131e-06	6.34574e-06
526	8	8	68	75	35	100	0.374936	0.981	3.57947e-06	9.54689e-06
527	8	8	37	38	28	15	0.729687	0.31514	2.14674e-06	2.94201e-06
528	8	7	60	62	34	59	0.501446	0.69026	3.3269e-06	6.63461e-06
529	8	8	49	54	32	55	0.538149	0.61962	3.21302e-06	5.9705e-06
530	7	7	37	40	31	12	0.731689	0.3124	2.11861e-06	2.8955e-06
531	8	7	34	37	27	19	0.719456	0.32926	2.22894e-06	3.09809e-06
532	8	8	55	59	32	68	0.488059	0.71732	3.38882e-06	6.94347e-06
533	5	5	41	42	22	76	0.521336	0.65136	3.3412e-06	6.40892e-06
534	2	2	11	11	9	2	0.923781	0.07928	6.71764e-07	7.2719e-07
535	10	10	54	59	43	22	0.617103	0.48272	2.77655e-06	4.49934e-06
536	8	7	28	29	15	51	0.642608	0.44222	2.79327e-06	4.34677e-06
537	8	8	95	115	34	344	0.0840284	2.4766	2.08133e-06	2.47693e-05
538	8	8	45	52	29	67	0.5126	0.66826	3.32944e-06	6.4952e-06
539	7	7	67	68	38	80	0.433857	0.83504	3.50951e-06	8.08909e-06
540	8	8	54	61	28	84	0.4442	0.81148	3.51207e-06	7.90649e-06
541	5	5	65	67	35	98	0.398296	0.92056	3.5803e-06	8.98904e-06
542	7	7	68	74	31	119	0.342453	1.07162	3.59575e-06	1.05e-05
543	6	6	34	38	23	34	0.662298	0.41204	2.61709e-06	3.95154e-06
544	8	8	87	90	46	141	0.276844	1.2843	3.4805e-06	1.25721e-05
545	15	13	136	153	72	319	0.0751898	2.58774	1.9238e-06	2.5586e-05
546	7	7	56	60	30	72	0.475209	0.744	3.42742e-06	7.21245e-06
547	6	6	51	53	28	64	0.517244	0.65924	3.30635e-06	6.39225e-06
548	6	6	38	40	26	26	0.681268	0.3838	2.47938e-06	3.63937e-06
549	11	11	84	91	44	137	0.280781	1.27018	3.48617e-06	1.2416e-05
550	7	7	69	75	32	133	0.316858	1.1493	3.58059e-06	1.13003e-05
551	9	9	79	88	49	91	0.361772	1.01674	3.54628e-06	9.80251e-06
552	8	8	119	131	44	375	0.0648823	2.73518	1.77256e-06	2.73196e-05
553	4	4	27	33	11	49	0.633092	0.45714	2.82758e-06	4.4663e-06
554	7	5	13	15	10	6	0.882673	0.1248	1.02877e-06	1.16551e-06
555	8	8	102	110	46	236	0.150409	1.8944	2.81996e-06	1.87487e-05
556	8	8	80	83	37	171	0.248245	1.39334	3.41856e-06	1.37709e-05
557	8	8	32	36	22	27	0.695044	0.36378	2.40952e-06	3.46671e-06
558	7	7	60	65	35	59	0.492087	0.7091	3.34814e-06	6.80395e-06
559	8	8	58	67	27	141	0.319864	1.13986	3.60607e-06	1.12738e-05
560	6	6	38	41	23	61	0.566329	0.56858	3.14623e-06	5.55548e-06
561	8	8	61	70	32	126	0.338849	1.0822	3.60743e-06	1.06461e-05
562	5	5	49	54	29	47	0.560559	0.57882	3.10854e-06	5.54543e-06
563	8	8	61	63	31	82	0.443153	0.81384	3.50672e-06	7.91312e-06
564	3	2	1	1	1	0	0.99374	0.00628	5.60942e-08	5.64476e-08
565	8	8	63	67	37	72	0.454772	0.78796	3.45971e-06	7.60758e-06
566	7	7	15	18	12	10	0.848708	0.16404	1.31328e-06	1.54739e-06
567	4	4	46	51	27	51	0.559686	0.58038	3.12787e-06	5.58862e-06
568	8	8	50	52	29	42	0.582306	0.54076	3.0087e-06	5.16687e-06
569	8	8	63	69	32	95	0.399389	0.91782	3.57155e-06	8.94254e-06
570	6	6	13	14	11	3	0.901929	0.10322	8.56531e-07	9.49666e-07
571	8	8	46	49	23	65	0.527704	0.63922	3.2821e-06	6.21959e-06
572	7	7	60	65	37	52	0.509972	0.6734	3.28015e-06	6.43202e-06
573	10	9	85	98	44	157	0.242649	1.41614	3.36646e-06	1.38738e-05
574	7	7	53	59	23	113	0.387973	0.94682	3.62152e-06	9.33446e-06
575	6	6	36	36	16	79	0.533135	0.62898	3.32124e-06	6.22964e-06
576	8	8	89	96	41	217	0.180942	1.70958	3.06676e-06	1.69489e-05
577	8	8	70	77	26	240	0.181308	1.70756	3.10008e-06	1.70984e-05
578	8	8	93	100	48	149	0.249599	1.3879	3.38496e-06	1.35616e-05
579	8	8	53	57	31	91	0.439525	0.82206	3.53934e-06	8.05263e-06
580	8	7	62	70	30	366	0.0996392	2.3062	2.33137e-06	2.33981e-05
581	8	8	39	41	27	20	0.698039	0.35948	2.35729e-06	3.37702e-06
582	7	7	39	44	21	57	0.567213	0.56702	3.12664e-06	5.51229e-06
583	8	8	82	88	45	90	0.363622	1.01164	3.54509e-06	9.74938e-06
584	8	7	61	65	30	134	0.335679	1.0916	3.62162e-06	1.07889e-05
585	8	8	31	32	28	5	0.797351	0.22646	1.6521e-06	2.07199e-06
586	7	7	60	67	30	143	0.316618	1.15006	3.60312e-06	1.138e-05
587	8	8	76	82	40	126	0.314252	1.15756	3.55843e-06	1.13235e-05
588	9	9	81	87	46	108	0.333818	1.09716	3.55493e-06	1.06493e-05
589	4	4	24	26	14	22	0.759208	0.27548	2.0017e-06	2.63657e-06
590	7	7	69	78	34	152	0.282228	1.26504	3.52197e-06	1.24792e-05
591	2	2	20	21	13	10	0.832868	0.18288	1.42981e-06	1.71673e-06
592	8	8	94	103	47	200	0.188843	1.66684	3.10472e-06	1.64407e-05
593	6	6	40	44	20	63	0.550119	0.59762	3.20779e-06	5.83109e-06
594	7	7	25	25	17	18	0.779736	0.2488	1.84609e-06	2.36759e-06
595	8	7	64	69	37	118	0.355184	1.03512	3.6103e-06	1.01646e-05
596	8	8	68	72	39	67	0.452096	0.79386	3.44685e-06	7.62415e-06
597	8	8	37	41	25	56	0.580956	0.54308	3.07315e-06	5.28981e-06
598	6	6	39	43	20	94	0.472631	0.74944	3.50776e-06	7.42177e-06
599	8	8	58	63	36	67	0.478385	0.73734	3.40424e-06	7.11612e-06
600	8	8	66	74	30	123	0.335538	1.09202	3.59445e-06	1.07125e-05
601	12	11	48	54	26	72	0.493457	0.70632	3.3919e-06	6.87376e-06
602	8	7	55	57	32	48	0.547299	0.60276	3.15677e-06	5.76791e-06
603	7	7	58	62	30	69	0.476513	0.74126	3.41467e-06	7.16594e-06
604	8	8	46	48	34	31	0.631574	0.45954	2.75152e-06	4.35661e-06
605	8	8	56	62	33	64	0.48882	0.71576	3.373e-06	6.90028e-06
606	7	7	59	65	25	142	0.322259	1.1324	3.61381e-06	1.1214e-05
607	8	8	64	67	34	79	0.438823	0.82366	3.50159e-06	7.97951e-06
608	10	10	49	51	31	61	0.531857	0.63138	3.25494e-06	6.11995e-06
609	6	6	35	42	20	61	0.562784	0.57486	3.1583e-06	5.61192e-06
610	4	4	39	43	20	56	0.573705	0.55564	3.09956e-06	5.40271e-06
611	8	8	99	108	40	264	0.132041	2.02464	2.65714e-06	2.01235e-05
612	8	8	69	82	37	138	0.295596	1.21876	3.53565e-06	1.19611e-05
613	9	9	92	104	36	343	0.0904987	2.40242	2.18059e-06	2.40952e-05
614	7	6	53	56	30	87	0.45141	0.79538	3.51362e-06	7.78365e-06
615	7	7	51	62	30	85	0.439174	0.82286	3.52045e-06	8.01607e-06
616	7	6	63	71	28	206	0.223917	1.49648	3.34828e-06	1.49532e-05
617	8	8	67	71	39	77	0.432324	0.83858	3.50141e-06	8.09904e-06
618	5	4	57	68	23	297	0.143454	1.94174	2.81443e-06	1.9619e-05
619	8	8	149	164	63	349	0.0602158	2.80982	1.67405e-06	2.78009e-05
620	8	7	73	81	36	138	0.297459	1.21248	3.54114e-06	1.19046e-05
621	8	8	54	61	27	112	0.385089	0.95428	3.61761e-06	9.39422e-06
622	6	6	34	38	19	50	0.6104	0.49364	2.93094e-06	4.80167e-06
623	8	8	55	63	33	72	0.46634	0.76284	3.44242e-06	7.38179e-06
624	1	0	0	0	0	0	1	-0	0	0
625	8	8	72	84	34	193	0.220508	1.51182	3.30681e-06	1.49963e-05
626	7	7	50	54	31	81	0.471319	0.75222	3.46512e-06	7.35196e-06
627	7	7	33	39	16	60	0.576419	0.55092	3.10658e-06	5.38945e-06
628	10	10	62	68	35	112	0.368527	0.99824	3.60765e-06	9.78936e-06
629	7	7	53	57	28	74	0.479333	0.73536	3.42693e-06	7.14937e-06
630	14	14	95	100	58	113	0.299902	1.2043	3.4935e-06	1.16488e-05
631	8	8	73	82	36	138	0.295596	1.21876	3.53565e-06	1.19611e-05
632	6	6	28	31	14	40	0.671205	0.39868	2.60106e-06	3.8752e-06
633	8	8	80	91	41	183	0.222066	1.50478	3.29993e-06	1.48601e-05
634	9	9	62	63	35	70	0.471121	0.75264	3.42765e-06	7.27552e-06
635	9	8	87	92	36	177	0.227533	1.48046	3.32147e-06	1.45978e-05
636	8	7	84	94	33	215	0.185107	1.68682	3.09679e-06	1.67297e-05
637	9	9	80	85	39	236	0.175977	1.7374	3.051e-06	1.73375e-05
638	6	6	61	64	33	78	0.449455	0.79972	3.48644e-06	7.75704e-06
639	8	8	23	23	16	11	0.818289	0.20054	1.54064e-06	1.88276e-06
640	9	9	29	32	17	33	0.691246	0.36926	2.46064e-06	3.55972e-06
641	8	8	43	43	32	16	0.703533	0.35164	2.30574e-06	3.27738e-06
642	9	9	47	50	25	60	0.537944	0.62	3.23325e-06	6.01037e-06
643	6	6	22	22	15	13	0.815087	0.20446	1.57522e-06	1.93258e-06
644	9	9	102	113	50	181	0.195393	1.63274	3.12545e-06	1.59957e-05
645	5	5	36	38	16	79	0.526481	0.64154	3.33922e-06	6.34253e-06
646	8	7	66	75	40	82	0.410984	0.8892	3.53056e-06	8.59049e-06
647	7	7	29	32	16	46	0.646902	0.43556	2.74963e-06	4.25045e-06
648	5	5	74	85	35	216	0.194874	1.6354	3.17155e-06	1.62748e-05
649	6	5	2	2	2	0	0.987519	0.01256	1.11486e-07	1.12895e-07
650	6	6	25	27	15	25	0.742999	0.29706	2.11934e-06	2.85242e-06
651	8	8	70	84	39	104	0.347177	1.05792	3.56462e-06	1.02675e-05
652	7	7	62	69	32	89	0.411799	0.88722	3.55125e-06	8.62374e-06
653	8	8	49	55	33	64	0.510788	0.6718	3.32275e-06	6.50514e-06
654	10	8	53	55	35	36	0.589194	0.529	2.95623e-06	5.01741e-06
655	6	6	49	54	23	118	0.390269	0.94092	3.63648e-06	9.31789e-06
656	9	9	73	78	34	149	0.286579	1.24974	3.53059e-06	1.23198e-05
657	9	9	73	77	38	87	0.395636	0.92726	3.54848e-06	8.96905e-06
658	14	13	101	108	61	117	0.279448	1.27494	3.44082e-06	1.23129e-05
659	7	7	27	31	20	19	0.747082	0.29158	2.0615e-06	2.75941e-06
660	6	6	39	42	24	38	0.632826	0.45756	2.77802e-06	4.38986e-06
661	8	8	57	61	26	117	0.375394	0.97978	3.62626e-06	9.65989e-06
662	8	8	94	110	48	207	0.174383	1.7465	3.00075e-06	1.72078e-05
663	8	8	41	42	25	49	0.598302	0.51366	2.97615e-06	4.97433e-06
664	17	17	97	107	54	141	0.248811	1.39106	3.36684e-06	1.35317e-05
665	8	8	63	71	33	95	0.394404	0.93038	3.5715e-06	9.05543e-06
666	6	6	32	36	22	45	0.63408	0.45558	2.8046e-06	4.42311e-06
667	5	5	15	15	12	4	0.891723	0.1146	9.44554e-07	1.05925e-06
668	5	5	26	28	14	30	0.719758	0.32884	2.28489e-06	3.17453e-06
669	9	9	70	79	41	97	0.371272	0.99082	3.56914e-06	9.61328e-06
670	8	8	31	35	23	23	0.713837	0.3371	2.28266e-06	3.19773e-06
671	7	7	105	127	46	322	0.0871818	2.43976	2.11658e-06	2.42777e-05
672	8	8	42	46	20	100	0.449832	0.79888	3.55813e-06	7.90991e-06
673	6	6	67	74	34	104	0.369679	0.99512	3.58699e-06	9.70298e-06
674	5	5	20	20	12	13	0.825389	0.1919	1.50195e-06	1.81968e-06
675	8	8	75	86	39	151	0.269771	1.31018	3.47401e-06	1.28776e-05
676	7	7	33	37	21	46	0.626905	0.46696	2.84157e-06	4.53269e-06
677	5	4	14	14	11	3	0.901929	0.10322	8.56531e-07	9.49666e-07
678	8	8	35	36	18	40	0.650457	0.43008	2.70424e-06	4.15744e-06
679	8	8	67	73	30	170	0.265686	1.32544	3.49465e-06	1.31533e-05
680	8	8	33	35	22	40	0.654555	0.4238	2.68433e-06	4.10099e-06
681	8	8	75	87	33	158	0.258681	1.35216	3.442e-06	1.3306e-05
682	9	8	33	36	19	67	0.566782	0.56778	3.16947e-06	5.59204e-06
683	7	7	51	55	30	87	0.454253	0.7891	3.51011e-06	7.72721e-06
684	8	8	11	14	10	10	0.870298	0.13892	1.15018e-06	1.3216e-06
685	10	10	90	102	41	232	0.161418	1.82376	2.91917e-06	1.80846e-05
686	5	5	28	30	14	48	0.648431	0.4332	2.75182e-06	4.24382e-06
687	11	11	61	66	32	141	0.321879	1.13358	3.61062e-06	1.12173e-05
688	8	8	42	47	27	46	0.588746	0.52976	3.00094e-06	5.09716e-06
689	8	8	64	68	35	103	0.385837	0.95234	3.59259e-06	9.31116e-06
690	8	7	93	105	42	215	0.172752	1.7559	2.99735e-06	1.73506e-05
691	9	9	62	64	33	85	0.433692	0.83542	3.52547e-06	8.12897e-06
692	9	9	80	85	34	148	0.275656	1.2886	3.4903e-06	1.26618e-05
693	8	8	90	95	42	165	0.237378	1.4381	3.35404e-06	1.41295e-05
694	8	8	95	99	44	154	0.244847	1.40712	3.37175e-06	1.37708e-05
695	5	5	16	18	8	28	0.774266	0.25584	1.9386e-06	2.50379e-06
696	10	10	56	62	30	84	0.441419	0.81776	3.515e-06	7.96294e-06
697	8	8	36	38	22	35	0.658929	0.41714	2.63879e-06	4.00467e-06
698	10	10	113	128	57	265	0.115864	2.15534	2.46855e-06	2.13056e-05
699	8	8	75	83	34	131	0.304422	1.18934	3.54518e-06	1.16456e-05
700	7	7	53	61	36	67	0.484431	0.72478	3.39258e-06	7.00323e-06
701	8	8	75	82	38	143	0.288154	1.24426	3.52319e-06	1.22268e-05
702	4	4	66	73	23	192	0.237488	1.43764	3.40136e-06	1.43222e-05
703	7	7	38	42	21	102	0.456594	0.78396	3.55705e-06	7.79039e-06
704	5	5	38	43	23	104	0.449131	0.80044	3.57199e-06	7.9531e-06
705	8	8	86	99	32	306	0.11278	2.18232	2.4639e-06	2.18471e-05
706	9	7	46	49	22	75	0.501466	0.69022	3.38536e-06	6.75092e-06
707	8	8	33	34	20	28	0.700249	0.35632	2.38571e-06	3.40695e-06
708	11	10	34	35	27	18	0.732274	0.3116	2.14708e-06	2.93206e-06
709	8	8	62	65	33	104	0.391175	0.9386	3.59683e-06	9.19495e-06
710	11	11	85	104	42	226	0.164356	1.80572	2.93847e-06	1.78787e-05
711	6	6	36	37	25	19	0.719456	0.32926	2.22894e-06	3.09809e-06
712	9	9	73	82	28	179	0.239822	1.42786	3.39097e-06	1.41395e-05
713	6	6	59	66	24	114	0.369398	0.99588	3.61372e-06	9.78273e-06
714	9	9	37	38	22	36	0.655577	0.42224	2.6602e-06	4.0578e-06
715	8	8	51	55	23	96	0.433874	0.835	3.56012e-06	8.20541e-06
716	8	8	27	33	14	49	0.633092	0.45714	2.82758e-06	4.4663e-06
717	8	8	55	63	27	134	0.339922	1.07904	3.62902e-06	1.0676e-05
718	9	9	76	87	37	156	0.261333	1.34196	3.44952e-06	1.31997e-05
719	8	7	40	41	23	55	0.583927	0.53798	3.05784e-06	5.23668e-06
720	8	8	64	68	29	134	0.329414	1.11044	3.60981e-06	1.09583e-05
721	10	9	63	69	37	74	0.444538	0.81072	3.47928e-06	7.82674e-06
722	8	8	45	51	27	58	0.540057	0.61608	3.21904e-06	5.96055e-06
723	7	7	53	59	30	65	0.495583	0.70202	3.36207e-06	6.78407e-06
724	4	4	32	34	19	38	0.665431	0.40732	2.62065e-06	3.93828e-06
725	9	9	61	64	34	92	0.418483	0.87112	3.55748e-06	8.5009e-06
726	9	9	74	80	39	158	0.270306	1.3082	3.48988e-06	1.29109e-05
727	6	6	27	30	15	43	0.665178	0.4077	2.64618e-06	3.97816e-06
728	8	8	60	66	33	91	0.415372	0.87858	3.55586e-06	8.56066e-06
729	8	8	59	62	32	79	0.45282	0.79226	3.48548e-06	7.69727e-06
730	5	5	41	46	21	53	0.571678	0.55918	3.09429e-06	5.41265e-06
731	5	5	20	22	9	22	0.77852	0.25036	1.87684e-06	2.41078e-06
732	10	10	82	88	38	142	0.278917	1.27684	3.4899e-06	1.25123e-05
733	8	7	90	98	46	135	0.27146	1.30394	3.44886e-06	1.27048e-05
734	8	8	37	42	17	111	0.43611	0.82986	3.60602e-06	8.26858e-06
735	9	9	56	64	29	82	0.440379	0.82012	3.50963e-06	7.96957e-06
736	8	8	39	42	27	37	0.636062	0.45246	2.75843e-06	4.33673e-06
737	8	8	88	94	42	121	0.298968	1.20742	3.50844e-06	1.17352e-05
738	4	4	35	42	19	49	0.598302	0.51366	2.97615e-06	4.97433e-06
739	8	8	46	50	30	48	0.571895	0.5588	3.07266e-06	5.37277e-06
740	7	7	68	75	29	171	0.261035	1.3431	3.47682e-06	1.33193e-05
741	9	7	66	70	35	223	0.206615	1.5769	3.26452e-06	1.58e-05
742	6	6	48	56	21	122	0.377615	0.97388	3.64146e-06	9.64332e-06
743	7	7	88	98	37	203	0.191908	1.65074	3.13153e-06	1.63179e-05
744	7	7	56	61	27	108	0.393026	0.93388	3.60864e-06	9.18169e-06
745	4	4	25	25	15	23	0.760104	0.2743	2.00155e-06	2.63325e-06
746	5	5	82	87	32	203	0.205633	1.58166	3.22782e-06	1.5697e-05
747	7	7	132	158	51	535	0.024216	3.72074	9.04348e-07	3.7345e-05
748	9	9	46	53	37	25	0.631069	0.46034	2.72625e-06	4.32005e-06
749	9	8	47	56	30	80	0.467816	0.75968	3.46732e-06	7.41172e-06
750	12	12	62	68	38	76	0.442799	0.81464	3.48773e-06	7.87656e-06
751	5	5	38	39	27	18	0.714109	0.33672	2.25505e-06	3.15785e-06
752	8	8	37	41	20	54	0.586912	0.53288	3.04229e-06	5.18354e-06
753	8	8	53	61	28	91	0.428622	0.84718	3.54831e-06	8.27842e-06
754	5	5	14	16	7	45	0.718938	0.32998	2.36829e-06	3.29416e-06
755	8	7	70	78	36	180	0.244671	1.40784	3.4173e-06	1.39669e-05
756	8	8	55	60	37	55	0.518249	0.6573	3.26973e-06	6.30918e-06
757	5	5	20	21	15	12	0.824416	0.19308	1.50291e-06	1.823e-06
758	4	4	41	46	20	72	0.518881	0.65608	3.33235e-06	6.42218e-06
759	8	8	52	56	32	53	0.53688	0.62198	3.209e-06	5.97713e-06
760	8	8	56	64	36	50	0.518446	0.65692	3.25029e-06	6.26931e-06
761	9	9	108	114	50	235	0.147427	1.91442	2.78952e-06	1.89213e-05
762	8	8	45	49	26	49	0.57257	0.55762	3.07439e-06	5.36946e-06
763	6	6	44	48	23	93	0.460363	0.77574	3.52218e-06	7.65087e-06
764	9	9	74	89	35	161	0.251574	1.38002	3.41594e-06	1.35783e-05
765	4	2	42	45	16	90	0.476351	0.7416	3.4879e-06	7.32213e-06
766	8	8	65	68	38	82	0.429454	0.84524	3.51953e-06	8.19536e-06
767	8	7	60	64	32	93	0.416354	0.87622	3.5615e-06	8.55403e-06
768	8	8	74	84	43	131	0.302516	1.19562	3.54006e-06	1.1702e-05
769	8	8	46	48	30	35	0.618821	0.47994	2.82748e-06	4.56915e-06
770	12	12	75	84	46	136	0.2949	1.22112	3.52928e-06	1.19677e-05
771	8	8	54	60	31	79	0.458544	0.7797	3.47777e-06	7.58438e-06
772	4	4	59	67	28	187	0.252976	1.37446	3.4703e-06	1.37179e-05
773	8	8	67	74	31	131	0.322124	1.13282	3.58767e-06	1.11376e-05
774	8	8	52	55	32	73	0.487873	0.7177	3.40698e-06	6.98334e-06
775	6	6	54	56	28	100	0.422452	0.86168	3.58002e-06	8.47439e-06
776	8	8	91	104	37	241	0.152252	1.88222	2.8434e-06	1.86757e-05
777	12	12	91	107	52	136	0.255238	1.36556	3.38599e-06	1.3266e-05
778	10	10	45	45	31	41	0.611586	0.4917	2.88583e-06	4.7186e-06
779	11	11	105	117	50	262	0.126065	2.07096	2.58751e-06	2.05253e-05
780	7	7	93	103	40	274	0.129479	2.04424	2.63781e-06	2.03726e-05
781	2	2	11	11	9	3	0.919082	0.08438	7.17181e-07	7.80323e-07
782	9	9	42	44	31	22	0.67806	0.38852	2.4767e-06	3.65262e-06
783	8	8	35	38	26	17	0.722282	0.32534	2.20171e-06	3.04827e-06
784	8	8	36	38	23	25	0.693406	0.36614	2.40843e-06	3.47334e-06
785	6	6	54	62	27	148	0.318491	1.14416	3.61917e-06	1.13635e-05
786	10	10	76	86	35	138	0.288264	1.24388	3.51303e-06	1.21869e-05
787	8	8	64	73	45	58	0.470368	0.75424	3.38778e-06	7.2024e-06
788	9	9	84	92	43	131	0.287693	1.24586	3.49652e-06	1.21536e-05
789	6	6	36	37	15	95	0.488283	0.71686	3.48449e-06	7.13622e-06
790	8	8	53	58	26	105	0.406675	0.89974	3.60028e-06	8.85295e-06
791	8	8	48	49	23	69	0.517048	0.65962	3.32571e-06	6.43212e-06
792	6	6	27	33	15	56	0.610889	0.49284	2.95562e-06	4.83823e-06
793	12	12	43	45	24	54	0.572353	0.558	3.09605e-06	5.40933e-06
794	8	8	78	93	40	181	0.221543	1.50714	3.29362e-06	1.48667e-05
795	7	6	48	50	28	63	0.529777	0.6353	3.2686e-06	6.16977e-06
796	8	8	98	112	42	308	0.102883	2.27416	2.33413e-06	2.26872e-05
797	9	8	89	94	43	152	0.255248	1.36552	3.41581e-06	1.33823e-05
798	8	8	47	51	27	55	0.548384	0.60078	3.18126e-06	5.80115e-06
799	7	7	84	100	36	245	0.152972	1.8775	2.85482e-06	1.86624e-05
800	7	7	78	88	32	279	0.138686	1.97554	2.74482e-06	1.97916e-05
801	8	7	40	42	32	14	0.715224	0.33516	2.22768e-06	3.11466e-06
802	6	6	41	48	20	98	0.448772	0.80124	3.55272e-06	7.91654e-06
803	8	8	78	86	43	157	0.261642	1.34078	3.45273e-06	1.31964e-05
804	5	5	7	7	7	0	0.956992	0.04396	3.78139e-07	3.95133e-07
805	10	10	108	120	60	163	0.204968	1.5849	3.16357e-06	1.54344e-05
806	3	3	15	15	8	16	0.838786	0.1758	1.42329e-06	1.69685e-06
807	8	7	63	72	34	126	0.33462	1.09476	3.60018e-06	1.0759e-05
808	6	6	29	30	18	18	0.755633	0.2802	2.00229e-06	2.64983e-06
809	7	7	40	47	27	96	0.456229	0.78476	3.53752e-06	7.75382e-06
810	8	8	91	94	45	170	0.23286	1.45732	3.33891e-06	1.43387e-05
811	8	8	32	35	19	44	0.641337	0.4442	2.76642e-06	4.31353e-06
812	8	8	78	84	38	148	0.277393	1.28232	3.49663e-06	1.26053e-05
813	11	11	69	70	36	86	0.41553	0.8782	3.54064e-06	8.52079e-06
814	8	8	56	60	24	116	0.37969	0.9684	3.62616e-06	9.55031e-06
815	7	7	42	42	26	25	0.676204	0.39126	2.50137e-06	3.69913e-06
816	8	8	87	97	42	151	0.251765	1.37926	3.39845e-06	1.34985e-05
817	8	8	96	106	43	190	0.195015	1.63468	3.13559e-06	1.60788e-05
818	13	13	60	67	34	98	0.398296	0.92056	3.5803e-06	8.98904e-06
819	5	5	31	34	19	40	0.658678	0.41752	2.66406e-06	4.04455e-06
820	10	10	93	103	51	139	0.257756	1.35574	3.40229e-06	1.31996e-05
821	9	8	48	52	35	27	0.6286	0.46426	2.7469e-06	4.36987e-06
822	8	8	43	46	31	27	0.652738	0.42658	2.63131e-06	4.03119e-06
823	7	7	52	53	22	107	0.415389	0.87854	3.60432e-06	8.67698e-06
824	8	8	65	71	32	91	0.402532	0.90998	3.55955e-06	8.8429e-06
825	8	8	60	67	31	116	0.36336	1.01236	3.61378e-06	9.94544e-06
826	8	8	69	72	38	82	0.418801	0.87036	3.52678e-06	8.42115e-06
827	8	8	72	81	26	226	0.189896	1.66128	3.14854e-06	1.65804e-05
828	8	8	95	101	49	149	0.248036	1.39418	3.37777e-06	1.36181e-05
829	8	8	36	38	24	22	0.704096	0.35084	2.33333e-06	3.31394e-06
830	10	10	99	104	52	139	0.256143	1.36202	3.39545e-06	1.32561e-05
831	7	7	88	100	37	195	0.197405	1.6225	3.15961e-06	1.60057e-05
832	8	8	34	37	16	58	0.589689	0.52816	3.04886e-06	5.17029e-06
833	3	3	23	23	12	17	0.793628	0.23114	1.74722e-06	2.20156e-06
834	9	9	93	99	49	123	0.286786	1.24902	3.4769e-06	1.21237e-05
835	7	6	38	42	18	170	0.322788	1.13076	3.68089e-06	1.14034e-05
836	6	6	27	30	17	30	0.710775	0.3414	2.33662e-06	3.28742e-06
837	3	3	5	5	3	3	0.954374	0.0467	4.21487e-07	4.41638e-07
838	4	4	57	65	17	277	0.16188	1.8209	2.97649e-06	1.8387e-05
839	7	7	72	82	35	128	0.311063	1.16776	3.55537e-06	1.14298e-05
840	10	10	69	76	35	92	0.388105	0.94648	3.56213e-06	9.17827e-06
841	12	12	119	130	67	176	0.180144	1.714	3.00653e-06	1.66896e-05
842	8	8	80	89	41	151	0.264737	1.32902	3.454e-06	1.30469e-05
843	7	7	41	44	25	37	0.628123	0.46502	2.79491e-06	4.44962e-06
844	8	7	83	92	38	163	0.244373	1.40906	3.38552e-06	1.38539e-05
845	10	10	48	53	31	69	0.504221	0.68474	3.35706e-06	6.65791e-06
846	9	9	83	89	48	112	0.322994	1.13012	3.54479e-06	1.09748e-05
847	8	8	27	30	17	26	0.725423	0.321	2.2306e-06	3.07489e-06
848	10	10	51	58	27	90	0.439007	0.82324	3.53662e-06	8.05595e-06
849	11	11	43	47	27	72	0.515633	0.66236	3.34059e-06	6.47863e-06
850	8	8	50	52	33	49	0.561884	0.57646	3.11216e-06	5.5388e-06
851	5	5	12	13	11	2	0.912251	0.09184	7.66369e-07	8.40085e-07
852	8	8	30	32	16	48	0.640337	0.44576	2.78977e-06	4.35672e-06
853	8	7	73	78	46	88	0.391159	0.93864	3.55119e-06	9.07863e-06
854	6	6	18	20	11	21	0.792391	0.2327	1.77872e-06	2.24475e-06
855	8	7	74	80	35	211	0.206284	1.5785	3.24422e-06	1.57269e-05
856	8	8	19	19	18	1	0.883009	0.12442	9.93948e-07	1.12564e-06
857	4	4	14	15	12	3	0.896282	0.1095	9.01762e-07	1.00611e-06
858	1	1	5	5	3	3	0.954374	0.0467	4.21487e-07	4.41638e-07
859	7	6	17	19	13	16	0.817978	0.20092	1.57267e-06	1.92264e-06
860	5	5	40	43	20	56	0.573705	0.55564	3.09956e-06	5.40271e-06
861	8	6	64	71	31	205	0.225062	1.49138	3.35344e-06	1.49001e-05
862	8	8	43	52	28	49	0.561884	0.57646	3.11216e-06	5.5388e-06
863	7	7	38	41	23	34	0.649937	0.43088	2.67831e-06	4.12088e-06
864	4	4	14	14	9	15	0.848386	0.16442	1.34661e-06	1.58726e-06
865	6	6	19	20	15	5	0.859762	0.1511	1.19904e-06	1.39462e-06
866	5	5	17	18	14	5	0.870628	0.13854	1.1159e-06	1.28172e-06
867	7	7	54	59	29	122	0.370567	0.99272	3.63625e-06	9.81266e-06
868	11	11	82	90	38	220	0.185037	1.6872	3.10299e-06	1.67696e-05
869	8	8	94	103	44	212	0.177632	1.72804	3.03366e-06	1.70783e-05
870	8	8	54	61	34	70	0.477076	0.74008	3.41712e-06	7.16263e-06
871	4	4	19	19	7	36	0.738658	0.30292	2.20512e-06	2.9853e-06
872	8	8	80	91	38	141	0.275111	1.29058	3.47424e-06	1.26285e-05
873	9	8	80	93	31	263	0.145826	1.92534	2.80331e-06	1.92237e-05
874	14	14	144	164	79	247	0.101305	2.28962	2.26734e-06	2.23813e-05
875	7	6	60	64	35	69	0.470566	0.75382	3.42517e-06	7.27884e-06
876	5	4	14	14	11	4	0.89734	0.10832	8.99852e-07	1.0028e-06
877	10	10	54	56	38	46	0.556393	0.58628	3.11869e-06	5.60519e-06
878	9	9	66	71	35	222	0.206371	1.57808	3.26135e-06	1.58034e-05
879	7	7	55	59	33	50	0.534983	0.62552	3.20298e-06	5.98707e-06
880	8	8	89	99	34	365	0.083474	2.48322	2.08534e-06	2.49819e-05
881	9	8	50	54	27	56	0.535411	0.62472	3.22512e-06	6.02363e-06
882	10	10	91	102	53	119	0.287233	1.24746	3.46993e-06	1.20805e-05
883	8	8	48	51	24	62	0.529152	0.63648	3.2665e-06	6.17309e-06
884	8	7	80	90	38	150	0.264424	1.3302	3.45081e-06	1.30503e-05
885	6	6	56	66	18	478	0.0577126	2.85228	1.68078e-06	2.91232e-05
886	11	10	64	69	43	50	0.502419	0.68832	3.29162e-06	6.55154e-06
887	6	6	55	57	24	114	0.390878	0.93936	3.62527e-06	9.2747e-06
888	8	8	45	48	18	84	0.481986	0.72984	3.45713e-06	7.17267e-06
889	8	8	98	113	39	335	0.0890872	2.41814	2.15397e-06	2.41782e-05
890	8	8	88	95	44	159	0.244754	1.4075	3.38023e-06	1.38107e-05
891	7	7	109	114	60	115	0.271873	1.30242	3.41074e-06	1.25453e-05
892	9	9	54	57	25	116	0.386911	0.94956	3.6296e-06	9.38096e-06
893	6	6	73	81	29	202	0.214621	1.53888	3.28481e-06	1.53052e-05
894	8	7	65	73	39	117	0.348144	1.05514	3.59885e-06	1.03373e-05
895	6	6	47	51	24	71	0.505413	0.68238	3.36164e-06	6.65128e-06
896	8	7	43	44	27	30	0.650952	0.42932	2.65438e-06	4.07769e-06
897	8	8	29	32	20	26	0.716369	0.33356	2.28363e-06	3.18779e-06
898	12	12	107	116	54	181	0.191747	1.65158	3.09959e-06	1.6165e-05
899	8	8	39	43	22	67	0.542406	0.61174	3.24748e-06	5.98717e-06
900	8	8	67	80	28	180	0.241617	1.4204	3.40192e-06	1.40798e-05
901	12	11	110	121	60	154	0.213252	1.54528	3.20148e-06	1.50127e-05
902	9	8	91	100	37	224	0.170265	1.7704	2.98757e-06	1.75466e-05
903	8	8	77	83	46	97	0.362062	1.01594	3.56235e-06	9.83907e-06
904	6	5	45	51	20	97	0.442648	0.81498	3.55568e-06	8.03275e-06
905	10	9	33	37	19	40	0.646385	0.43636	2.72379e-06	4.21389e-06
906	12	12	123	141	56	380	0.0593989	2.82348	1.67206e-06	2.81497e-05
907	7	7	24	25	14	19	0.775769	0.2539	1.87792e-06	2.42072e-06
908	8	8	48	51	26	89	0.461082	0.77418	3.50776e-06	7.60768e-06
909	8	8	61	65	35	62	0.484615	0.7244	3.37455e-06	6.96335e-06
910	9	8	94	103	48	142	0.253843	1.37104	3.39109e-06	1.3359e-05
911	8	7	41	42	22	56	0.577319	0.54936	3.0865e-06	5.34626e-06
912	8	8	67	73	35	140	0.309611	1.17244	3.57889e-06	1.15593e-05
913	10	10	92	102	41	234	0.15978	1.83396	2.90652e-06	1.81908e-05
914	4	4	17	20	7	38	0.726585	0.3194	2.2873e-06	3.14801e-06
915	8	8	62	66	34	104	0.388726	0.94488	3.59626e-06	9.25139e-06
916	5	5	43	47	20	99	0.449302	0.80006	3.55543e-06	7.91322e-06
917	8	8	89	95	35	187	0.212184	1.5503	3.24609e-06	1.52984e-05
918	7	7	36	37	16	46	0.626905	0.46696	2.84157e-06	4.53269e-06
919	3	3	2	2	2	0	0.987519	0.01256	1.11486e-07	1.12895e-07
920	10	10	53	56	29	117	0.387368	0.94838	3.6326e-06	9.37765e-06
921	6	6	47	53	26	141	0.34926	1.05194	3.66146e-06	1.04835e-05
922	6	6	47	52	25	117	0.397222	0.92326	3.63532e-06	9.15186e-06
923	7	7	65	75	37	88	0.398599	0.9198	3.55123e-06	8.90929e-06
924	9	9	70	75	33	119	0.340309	1.0779	3.59245e-06	1.05564e-05
925	8	8	46	48	22	63	0.536472	0.62274	3.24935e-06	6.05688e-06
926	9	9	92	101	33	315	0.106375	2.24078	2.38687e-06	2.24382e-05
927	7	7	19	19	14	8	0.852042	0.16012	1.27599e-06	1.49757e-06
928	3	3	16	17	9	17	0.824103	0.19346	1.5352e-06	1.86287e-06
929	10	10	80	95	38	226	0.173913	1.7492	3.02098e-06	1.73706e-05
930	14	14	68	74	39	129	0.325426	1.12262	3.58987e-06	1.10313e-05
931	7	7	25	28	17	23	0.745918	0.29314	2.09051e-06	2.8026e-06
932	9	9	20	20	18	3	0.868576	0.1409	1.11903e-06	1.28835e-06
933	7	7	87	98	43	133	0.274243	1.29374	3.45507e-06	1.25986e-05
934	9	9	42	43	25	38	0.628864	0.46384	2.79612e-06	4.44631e-06
935	7	6	66	70	31	135	0.323648	1.1281	3.60036e-06	1.11243e-05
936	8	8	33	34	22	17	0.740655	0.30022	2.09049e-06	2.82248e-06
937	5	5	61	68	26	270	0.164632	1.80404	2.99374e-06	1.81844e-05
938	10	10	42	48	25	47	0.582084	0.54114	3.03076e-06	5.20675e-06
939	7	7	36	39	22	45	0.622246	0.47442	2.85763e-06	4.59245e-06
940	8	8	51	55	28	65	0.50819	0.6769	3.33285e-06	6.55828e-06
941	8	7	73	79	31	136	0.304306	1.18972	3.55597e-06	1.16855e-05
942	8	8	47	53	28	98	0.4349	0.83264	3.56564e-06	8.19878e-06
943	7	6	65	69	37	87	0.416021	0.87702	3.54345e-06	8.51747e-06
944	7	7	52	58	31	80	0.461977	0.77224	3.4762e-06	7.52462e-06
945	7	7	104	113	37	420	0.0577495	2.85164	1.6571e-06	2.86945e-05
946	5	5	28	31	22	12	0.774235	0.25588	1.84847e-06	2.38747e-06
947	7	7	80	88	45	102	0.342036	1.07284	3.55272e-06	1.0387e-05
948	12	11	72	78	31	162	0.268195	1.31604	3.48935e-06	1.30105e-05
949	8	8	78	85	32	172	0.243899	1.411	3.39921e-06	1.3937e-05
950	8	8	51	54	30	66	0.50879	0.67572	3.3351e-06	6.55496e-06
951	7	6	57	66	35	97	0.402854	0.90918	3.57713e-06	8.87946e-06
952	7	7	33	35	22	23	0.713837	0.3371	2.28266e-06	3.19773e-06
953	11	11	86	97	33	292	0.122657	2.09836	2.57462e-06	2.09903e-05
954	12	12	147	162	61	556	0.0212168	3.85296	8.20807e-07	3.86866e-05
955	7	7	37	38	27	33	0.665684	0.40694	2.59511e-06	3.8984e-06
956	6	6	71	74	31	162	0.275018	1.29092	3.51602e-06	1.27847e-05
957	6	6	72	76	32	187	0.239075	1.43098	3.40106e-06	1.42259e-05
958	10	10	113	127	51	262	0.118391	2.13376	2.49684e-06	2.10897e-05
959	10	9	45	48	27	59	0.547529	0.60234	3.19995e-06	5.84434e-06
960	9	9	100	109	47	265	0.130547	2.03602	2.64137e-06	2.02331e-05
961	7	7	21	23	11	49	0.674125	0.39434	2.63031e-06	3.90182e-06
962	9	9	59	66	21	193	0.246898	1.39878	3.4517e-06	1.39802e-05
963	8	8	33	36	22	51	0.614971	0.48618	2.91614e-06	4.74191e-06
964	7	7	43	50	18	97	0.445437	0.8087	3.55294e-06	7.9763e-06
965	10	10	58	65	35	64	0.479697	0.7346	3.39128e-06	7.06962e-06
966	8	8	77	95	30	257	0.148481	1.9073	2.82377e-06	1.90178e-05
967	9	9	28	29	23	8	0.800179	0.22292	1.65001e-06	2.06205e-06
968	8	8	49	53	31	43	0.575716	0.55214	3.03774e-06	5.27645e-06
969	10	10	117	124	49	231	0.141307	1.95682	2.72345e-06	1.92733e-05
970	8	8	43	45	26	42	0.608475	0.4968	2.90348e-06	4.77174e-06
971	5	4	47	51	20	136	0.362809	1.01388	3.66616e-06	1.01049e-05
972	8	8	52	56	23	138	0.348025	1.05548	3.65199e-06	1.04934e-05
973	5	5	69	81	30	165	0.259194	1.35018	3.45744e-06	1.33392e-05
974	12	12	62	65	39	74	0.455846	0.7856	3.46486e-06	7.60095e-06
975	11	11	84	92	43	140	0.274787	1.29176	3.47106e-06	1.26318e-05
976	12	12	114	121	58	164	0.202649	1.59628	3.14998e-06	1.5544e-05
977	12	12	148	163	77	283	0.0848441	2.46694	2.05642e-06	2.42377e-05
978	5	5	73	83	28	213	0.20038	1.60754	3.20658e-06	1.60025e-05
979	9	9	89	98	34	208	0.187076	1.67624	3.10239e-06	1.65836e-05
980	4	4	17	18	12	8	0.857409	0.15384	1.23563e-06	1.44112e-06
981	8	8	57	58	34	68	0.491133	0.71104	3.38244e-06	6.88702e-06
982	8	8	56	67	26	151	0.30396	1.19086	3.58828e-06	1.18051e-05
983	12	12	118	130	51	276	0.108176	2.224	2.38018e-06	2.2003e-05
984	5	5	52	54	27	67	0.506202	0.68082	3.34503e-06	6.60809e-06
985	7	6	23	25	14	18	0.779736	0.2488	1.84609e-06	2.36759e-06
986	8	8	40	44	23	52	0.581863	0.54152	3.05282e-06	5.24662e-06
987	11	11	112	126	47	237	0.135338	1.99998	2.66683e-06	1.9705e-05
988	7	6	21	24	17	9	0.821503	0.19662	1.50577e-06	1.83294e-06
989	8	7	37	40	26	28	0.674354	0.394	2.52588e-06	3.74563e-06
990	6	6	36	38	18	101	0.470603	0.75374	3.53492e-06	7.51146e-06
991	9	9	44	49	25	55	0.555315	0.58822	3.15877e-06	5.68826e-06
992	8	7	92	102	38	163	0.229498	1.47186	3.30899e-06	1.44184e-05
993	7	7	18	19	16	3	0.874048	0.13462	1.07674e-06	1.2319e-06
994	9	9	105	114	42	298	0.106915	2.23572	2.38086e-06	2.22687e-05
995	8	8	63	73	32	112	0.357136	1.02964	3.59692e-06	1.00716e-05
996	8	8	109	112	53	151	0.229131	1.47346	3.28694e-06	1.43452e-05
997	8	8	54	56	32	38	0.579564	0.54548	3.00221e-06	5.18013e-06
998	8	7	35	37	23	40	0.646385	0.43636	2.72379e-06	4.21389e-06
999	4	4	29	30	14	44	0.661795	0.4128	2.66789e-06	4.03129e-06
1000	7	7	43	46	24	104	0.440749	0.81928	3.57996e-06	8.12244e-06