Hist	Tr_Tot	Tr_in	DSBs	DSBt	RIFs	NComb	PSurv	lPSurv	PMut*	PMut
1	46	37	76	80	25	142	0.293288	1.2266	3.53727e-06	1.20607e-05
2	45	33	38	42	10	102	0.456594	0.78396	3.55705e-06	7.79039e-06
3	44	36	43	48	14	95	0.455691	0.78594	3.53486e-06	7.75714e-06
4	43	37	42	45	14	77	0.509004	0.6753	3.37541e-06	6.6314e-06
5	42	32	28	31	11	49	0.641093	0.44458	2.79094e-06	4.3534e-06
6	41	29	52	62	18	213	0.228628	1.47566	3.38761e-06	1.48171e-05
7	40	36	71	91	21	273	0.140327	1.96378	2.75632e-06	1.96421e-05
8	40	32	79	90	22	244	0.16372	1.8096	2.95429e-06	1.80448e-05
9	39	30	60	65	20	161	0.292497	1.2293	3.57535e-06	1.22235e-05
10	43	34	81	89	23	249	0.160603	1.82882	2.93165e-06	1.8254e-05
11	37	30	46	52	15	109	0.413764	0.88246	3.61083e-06	8.72679e-06
12	36	26	53	63	15	185	0.262071	1.33914	3.50804e-06	1.33858e-05
13	35	28	69	80	20	204	0.213782	1.5428	3.28261e-06	1.5355e-05
14	34	21	45	52	15	101	0.430994	0.84166	3.578e-06	8.30173e-06
15	38	24	59	72	13	373	0.0949448	2.35446	2.26756e-06	2.38829e-05
16	52	42	90	97	19	400	0.0707106	2.64916	1.89e-06	2.67287e-05
17	31	26	42	45	12	115	0.419329	0.8691	3.62739e-06	8.65046e-06
18	29	21	63	71	15	270	0.16156	1.82288	2.96523e-06	1.83537e-05
19	36	33	45	50	18	161	0.32139	1.1351	3.6564e-06	1.13768e-05
20	42	35	58	66	19	135	0.331881	1.10298	3.61701e-06	1.08985e-05
21	43	33	50	57	17	116	0.386911	0.94956	3.6296e-06	9.38096e-06
22	42	30	57	61	19	155	0.309258	1.17358	3.61181e-06	1.16789e-05
23	44	36	87	97	20	267	0.139337	1.97086	2.73964e-06	1.9662e-05
24	38	32	72	79	22	202	0.217334	1.52632	3.3018e-06	1.51923e-05
25	35	28	53	65	17	284	0.156203	1.8566	2.9302e-06	1.87589e-05
26	30	23	52	55	17	113	0.397842	0.9217	3.62381e-06	9.10867e-06
27	38	31	30	33	11	53	0.620307	0.47754	2.90231e-06	4.67883e-06
28	45	34	25	29	17	23	0.741248	0.29942	2.11926e-06	2.85904e-06
29	46	36	52	61	16	144	0.327103	1.11748	3.62904e-06	1.10945e-05
30	40	34	86	96	25	383	0.0776006	2.55618	1.99969e-06	2.5769e-05
31	35	23	52	62	9	292	0.15281	1.87856	2.90563e-06	1.90146e-05
32	32	22	34	38	9	126	0.414269	0.88124	3.66205e-06	8.83979e-06
33	43	31	48	56	17	114	0.39334	0.93308	3.62591e-06	9.21825e-06
34	50	36	42	48	11	122	0.397071	0.92364	3.64977e-06	9.19174e-06
35	49	36	86	99	22	348	0.0910342	2.39652	2.19198e-06	2.40787e-05
36	47	40	103	115	26	372	0.0728466	2.6194	1.91273e-06	2.6257e-05
37	46	36	61	72	21	195	0.235355	1.44666	3.39504e-06	1.44252e-05
38	45	35	36	37	13	104	0.466377	0.76276	3.55119e-06	7.61441e-06
39	44	31	88	102	24	283	0.124449	2.08386	2.58783e-06	2.07944e-05
40	43	28	56	59	18	138	0.34153	1.07432	3.64166e-06	1.06628e-05
41	42	36	101	113	27	394	0.065938	2.71904	1.80097e-06	2.73131e-05
42	41	31	69	78	20	168	0.260113	1.34664	3.46712e-06	1.33293e-05
43	41	27	42	44	11	135	0.381052	0.96482	3.67969e-06	9.65668e-06
44	40	36	81	89	22	276	0.139943	1.96652	2.75528e-06	1.96886e-05
45	39	32	63	69	17	262	0.170415	1.76952	3.03607e-06	1.78158e-05
46	38	33	42	46	18	81	0.495603	0.70198	3.41985e-06	6.90038e-06
47	37	27	53	60	10	279	0.165348	1.7997	3.01116e-06	1.8211e-05
48	37	31	49	51	18	75	0.495207	0.70278	3.39901e-06	6.86382e-06
49	36	27	103	122	18	680	0.014492	4.23416	6.23404e-07	4.30172e-05
50	47	39	59	66	19	156	0.298173	1.21008	3.58235e-06	1.20143e-05
51	34	28	52	58	18	115	0.386455	0.95074	3.6266e-06	9.38428e-06
52	32	26	32	40	10	103	0.460013	0.7765	3.55619e-06	7.73062e-06
53	31	26	53	58	18	107	0.402548	0.90994	3.60652e-06	8.95921e-06
54	44	34	112	130	24	724	0.0110117	4.5088	5.04407e-07	4.58066e-05
55	46	32	85	96	20	428	0.0616871	2.78568	1.73711e-06	2.816e-05
56	25	18	28	31	9	67	0.584862	0.53638	3.1055e-06	5.3098e-06
57	32	29	78	89	24	236	0.171612	1.76252	3.01407e-06	1.75633e-05
58	46	32	63	71	23	187	0.246701	1.39958	3.43992e-06	1.39437e-05
59	44	37	90	101	22	392	0.0718281	2.63348	1.90556e-06	2.65294e-05
60	39	35	80	87	19	304	0.122854	2.09676	2.58772e-06	2.10634e-05
61	36	29	53	57	15	129	0.362091	1.01586	3.64687e-06	1.00717e-05
62	41	30	90	105	18	385	0.072592	2.6229	1.91522e-06	2.63833e-05
63	38	32	81	91	20	271	0.141766	1.95358	2.76951e-06	1.95358e-05
64	32	24	56	67	11	311	0.13441	2.00686	2.72939e-06	2.03064e-05
65	34	25	67	78	19	209	0.211033	1.55574	3.27265e-06	1.55078e-05
66	40	33	56	66	19	153	0.302771	1.19478	3.58932e-06	1.18549e-05
67	28	27	39	45	14	90	0.476351	0.7416	3.4879e-06	7.32213e-06
68	56	42	48	57	14	159	0.310721	1.16886	3.62478e-06	1.16657e-05
69	53	41	97	111	17	474	0.0444016	3.11448	1.39647e-06	3.14508e-05
70	51	36	75	82	26	168	0.25366	1.37176	3.43838e-06	1.35551e-05
71	49	31	84	97	24	295	0.120795	2.11366	2.55478e-06	2.11497e-05
72	36	26	37	40	10	101	0.464729	0.7663	3.54326e-06	7.62436e-06
73	36	24	59	64	13	305	0.141222	1.95742	2.79878e-06	1.98183e-05
74	45	34	58	73	16	372	0.0948328	2.35564	2.2652e-06	2.38862e-05
75	44	35	67	74	21	183	0.247086	1.39802	3.43461e-06	1.39005e-05
76	43	34	64	70	21	131	0.330318	1.1077	3.60436e-06	1.09118e-05
77	42	33	78	87	18	412	0.0708238	2.64756	1.89821e-06	2.68018e-05
78	41	33	66	74	17	184	0.245829	1.40312	3.4302e-06	1.39536e-05
79	41	30	42	49	12	107	0.425956	0.85342	3.59983e-06	8.45118e-06
80	40	35	65	77	13	323	0.118735	2.13086	2.55381e-06	2.15085e-05
81	39	26	63	68	18	146	0.309858	1.17164	3.59308e-06	1.15959e-05
82	38	32	50	54	14	147	0.336613	1.08882	3.6552e-06	1.08588e-05
83	38	24	19	20	5	58	0.656128	0.4214	2.76274e-06	4.21068e-06
84	39	30	64	70	15	213	0.217425	1.5259	3.3198e-06	1.52687e-05
85	36	29	75	87	16	360	0.0923324	2.38236	2.21957e-06	2.40389e-05
86	35	27	25	25	11	30	0.733447	0.31	2.20414e-06	3.00519e-06
87	34	25	50	59	12	233	0.210384	1.55882	3.30523e-06	1.57104e-05
88	33	24	62	70	18	159	0.286362	1.2505	3.55074e-06	1.23995e-05
89	39	30	67	76	17	273	0.154188	1.86958	2.89803e-06	1.87954e-05
90	26	20	38	42	15	70	0.537536	0.62076	3.27366e-06	6.09012e-06
91	28	21	18	22	9	25	0.7667	0.26566	1.97055e-06	2.57018e-06
92	42	30	34	36	9	76	0.541355	0.61368	3.28615e-06	6.07024e-06
93	39	31	42	48	17	100	0.444218	0.81144	3.56387e-06	8.0228e-06
94	27	23	47	53	15	105	0.419648	0.86834	3.59668e-06	8.57071e-06
95	44	33	68	79	19	217	0.201328	1.60282	3.21909e-06	1.59893e-05
96	35	27	48	58	18	124	0.369118	0.99664	3.64041e-06	9.86248e-06
97	46	38	67	78	18	247	0.173854	1.74954	3.0471e-06	1.75268e-05
98	36	25	41	46	12	132	0.382097	0.96208	3.67202e-06	9.61017e-06
99	38	30	54	62	15	249	0.19028	1.65926	3.18336e-06	1.67299e-05
100	42	32	59	73	21	144	0.303359	1.19284	3.57109e-06	1.17719e-05
101	34	25	78	92	27	189	0.214026	1.54166	3.26075e-06	1.52354e-05
102	40	34	44	51	9	185	0.282584	1.26378	3.59121e-06	1.27085e-05
103	50	39	97	113	25	333	0.0900005	2.40794	2.16649e-06	2.40719e-05
104	40	32	73	84	22	175	0.241709	1.42002	3.39357e-06	1.40399e-05
105	43	34	84	91	25	226	0.178337	1.72408	3.05756e-06	1.71448e-05
106	33	28	40	46	16	68	0.529575	0.63568	3.28848e-06	6.20965e-06
107	46	35	72	83	22	219	0.194341	1.63814	3.1719e-06	1.63213e-05
108	48	37	84	97	25	232	0.166567	1.79236	2.96527e-06	1.78023e-05
109	47	40	83	93	27	200	0.201083	1.60404	3.19244e-06	1.58763e-05
110	45	35	122	138	28	524	0.0290412	3.53904	1.03478e-06	3.56316e-05
111	44	31	64	75	11	519	0.04425	3.1179	1.40758e-06	3.18097e-05
112	43	34	58	65	16	274	0.164376	1.8056	2.99617e-06	1.82276e-05
113	43	32	69	74	18	212	0.213116	1.54592	3.2908e-06	1.54414e-05
114	42	39	87	94	19	393	0.0746742	2.59462	1.95553e-06	2.61874e-05
115	41	30	83	92	22	480	0.0485209	3.02576	1.48945e-06	3.06971e-05
116	40	35	66	76	21	196	0.228349	1.47688	3.35767e-06	1.47041e-05
117	39	27	51	59	15	122	0.370567	0.99272	3.63625e-06	9.81266e-06
118	39	30	91	105	20	421	0.0604161	2.8065	1.70954e-06	2.82961e-05
119	38	29	51	59	16	107	0.400028	0.91622	3.60652e-06	9.01566e-06
120	37	30	35	43	13	94	0.472631	0.74944	3.50776e-06	7.42177e-06
121	36	31	51	57	16	105	0.409237	0.89346	3.59986e-06	8.7965e-06
122	35	28	72	83	15	355	0.0971266	2.33174	2.28708e-06	2.35474e-05
123	34	30	42	46	16	79	0.500684	0.69178	3.4017e-06	6.79411e-06
124	33	27	56	66	14	225	0.20972	1.56198	3.28852e-06	1.56805e-05
125	32	25	48	53	15	137	0.356458	1.03154	3.66117e-06	1.0271e-05
126	30	22	28	29	10	47	0.655852	0.42182	2.71145e-06	4.13424e-06
127	49	39	107	119	24	378	0.0688986	2.67512	1.84659e-06	2.68016e-05
128	42	35	82	93	19	262	0.146572	1.92024	2.80986e-06	1.91705e-05
129	32	23	20	20	9	17	0.808722	0.2123	1.6435e-06	2.03222e-06
130	46	30	49	57	17	122	0.375251	0.98016	3.63985e-06	9.69976e-06
131	45	36	103	118	28	386	0.0665608	2.70964	1.80847e-06	2.71702e-05
132	40	26	40	45	18	69	0.530201	0.6345	3.2906e-06	6.20633e-06
133	36	27	45	49	12	199	0.266436	1.32262	3.55411e-06	1.33394e-05
134	27	19	24	30	5	103	0.489828	0.7137	3.51018e-06	7.16615e-06
135	38	29	74	84	22	190	0.223908	1.49652	3.3221e-06	1.48369e-05
136	41	30	59	63	12	300	0.145782	1.92564	2.8422e-06	1.94962e-05
137	43	26	60	71	16	276	0.156691	1.85348	2.92582e-06	1.86725e-05
138	40	29	35	38	11	71	0.548406	0.60074	3.24517e-06	5.91747e-06
139	28	18	61	64	16	184	0.261762	1.34032	3.50477e-06	1.33892e-05
140	54	41	100	113	31	346	0.084227	2.47424	2.08568e-06	2.47627e-05
141	43	34	104	118	26	361	0.075612	2.58214	1.95396e-06	2.58419e-05
142	52	42	76	87	24	205	0.203547	1.59186	3.2167e-06	1.58032e-05
143	50	40	98	103	21	551	0.0315261	3.45694	1.10627e-06	3.50905e-05
144	48	39	46	53	10	158	0.320254	1.13864	3.64666e-06	1.13868e-05
145	47	37	96	105	34	254	0.141593	1.9548	2.75013e-06	1.94228e-05
146	46	37	100	107	25	306	0.107254	2.23256	2.39161e-06	2.22987e-05
147	50	38	106	124	23	549	0.0279142	3.57862	1.00965e-06	3.61696e-05
148	44	30	51	55	14	126	0.372321	0.988	3.64852e-06	9.7994e-06
149	43	33	58	67	18	239	0.194046	1.63966	3.19804e-06	1.64808e-05
150	42	33	81	97	24	267	0.139337	1.97086	2.73964e-06	1.9662e-05
151	41	32	39	44	14	90	0.479352	0.73532	3.48282e-06	7.26568e-06
152	40	29	54	62	18	158	0.302656	1.19516	3.60003e-06	1.18948e-05
153	39	30	58	66	16	169	0.279046	1.27638	3.54529e-06	1.27051e-05
154	39	30	48	54	19	92	0.445606	0.80832	3.53652e-06	7.93642e-06
155	38	33	102	113	22	453	0.0488041	3.01994	1.48598e-06	3.04479e-05
156	37	31	49	57	15	151	0.323661	1.12806	3.63815e-06	1.12406e-05
157	36	29	37	46	17	65	0.53774	0.62038	3.25346e-06	6.05025e-06
158	37	30	56	60	21	103	0.405717	0.9021	3.59448e-06	8.85958e-06
159	34	26	50	61	11	247	0.193442	1.64278	3.20479e-06	1.65672e-05
160	33	25	22	23	8	61	0.634105	0.45554	2.87847e-06	4.53942e-06
161	32	24	61	67	11	316	0.131026	2.03236	2.69548e-06	2.05721e-05
162	31	24	60	69	12	321	0.126133	2.07042	2.64256e-06	2.09506e-05
163	44	30	57	62	19	132	0.34557	1.06256	3.63309e-06	1.05133e-05
164	42	30	122	133	27	545	0.0269239	3.61474	9.81784e-07	3.64651e-05
165	41	34	67	75	15	218	0.205399	1.5828	3.24872e-06	1.58166e-05
166	47	38	56	61	16	134	0.344218	1.06648	3.63603e-06	1.05632e-05
167	45	35	109	120	25	357	0.0762071	2.5743	1.96174e-06	2.57423e-05
168	35	30	86	96	21	364	0.0854965	2.45928	2.11685e-06	2.47595e-05
169	35	27	33	36	13	62	0.581421	0.54228	3.09687e-06	5.32637e-06
170	40	33	41	52	15	131	0.369849	0.99466	3.65993e-06	9.89572e-06
171	36	30	57	63	19	142	0.326332	1.11984	3.62265e-06	1.11011e-05
172	43	33	82	95	17	445	0.0569205	2.8661	1.65108e-06	2.90068e-05
173	55	49	91	106	27	235	0.155023	1.86418	2.86324e-06	1.84697e-05
174	39	28	61	66	14	223	0.211871	1.55178	3.29972e-06	1.55742e-05
175	35	26	54	59	12	237	0.206136	1.57922	3.2823e-06	1.5923e-05
176	59	46	105	124	25	454	0.0453149	3.09412	1.41029e-06	3.1122e-05
177	55	42	72	81	23	190	0.228166	1.47768	3.34665e-06	1.46676e-05
178	33	25	58	63	14	246	0.192004	1.65024	3.19244e-06	1.6627e-05
179	50	36	92	106	20	426	0.0585262	2.83828	1.67492e-06	2.86182e-05
180	46	37	64	71	15	186	0.247962	1.39448	3.44433e-06	1.38906e-05
181	36	29	65	73	16	182	0.249914	1.38664	3.44654e-06	1.37909e-05
182	46	30	57	65	15	234	0.201574	1.6016	3.24579e-06	1.61023e-05
183	45	36	45	49	14	99	0.443694	0.81262	3.56114e-06	8.02612e-06
184	44	29	50	58	12	343	0.12081	2.11354	2.59724e-06	2.14986e-05
185	43	35	84	96	18	591	0.0268637	3.61698	9.89139e-07	3.68207e-05
186	42	34	69	81	21	250	0.168019	1.78368	3.00007e-06	1.78556e-05
187	41	32	28	31	12	54	0.624952	0.47008	2.8867e-06	4.61907e-06
188	40	31	83	93	19	334	0.101526	2.28744	2.3347e-06	2.29961e-05
189	40	28	58	65	19	190	0.252284	1.3772	3.47254e-06	1.37644e-05
190	39	27	44	53	15	153	0.328526	1.11314	3.65357e-06	1.11211e-05
191	38	32	90	103	18	455	0.05144	2.96734	1.54267e-06	2.99897e-05
192	45	37	59	65	16	158	0.297007	1.214	3.58313e-06	1.20641e-05
193	36	30	63	80	21	233	0.18439	1.6907	3.11543e-06	1.68958e-05
194	36	26	46	55	12	173	0.292966	1.2277	3.6025e-06	1.22967e-05
195	35	31	36	45	13	80	0.501275	0.6906	3.40406e-06	6.7908e-06
196	34	29	43	45	13	115	0.419329	0.8691	3.62739e-06	8.65046e-06
197	39	27	65	78	20	200	0.220945	1.50984	3.32071e-06	1.50296e-05
198	42	31	36	37	13	52	0.608012	0.49756	2.94976e-06	4.85149e-06
199	29	23	29	39	11	125	0.41378	0.88242	3.6591e-06	8.84311e-06
200	42	34	51	52	17	87	0.462893	0.77026	3.49848e-06	7.55786e-06
201	32	25	46	57	14	155	0.317125	1.14846	3.63208e-06	1.14532e-05
202	43	36	48	55	14	195	0.261872	1.3399	3.52626e-06	1.34656e-05
203	45	30	42	48	14	117	0.407327	0.89814	3.63583e-06	8.92607e-06
204	35	25	54	59	14	189	0.263311	1.33442	3.52115e-06	1.33726e-05
205	45	32	50	57	11	264	0.181889	1.70436	3.13661e-06	1.72447e-05
206	33	19	55	63	20	186	0.260738	1.34424	3.50405e-06	1.3439e-05
207	38	30	41	45	15	84	0.491153	0.711	3.43971e-06	7.00333e-06
208	40	36	82	95	19	326	0.104434	2.2592	2.36898e-06	2.26839e-05
209	31	25	57	61	18	171	0.285025	1.25518	3.5711e-06	1.25291e-05
210	40	28	77	87	17	311	0.118545	2.13246	2.54106e-06	2.14354e-05
211	29	22	34	39	14	62	0.57057	0.56112	3.13569e-06	5.49571e-06
212	38	29	52	61	18	152	0.314026	1.15828	3.61744e-06	1.15196e-05
213	43	33	50	57	12	152	0.322014	1.13316	3.63675e-06	1.12938e-05
214	33	32	44	50	13	269	0.185278	1.6859	3.17107e-06	1.71152e-05
215	44	37	64	71	19	144	0.307193	1.18028	3.58155e-06	1.1659e-05
216	49	36	53	58	15	185	0.270431	1.30774	3.54361e-06	1.31036e-05
217	48	36	61	67	15	565	0.0367999	3.30226	1.24392e-06	3.38022e-05
218	46	37	54	68	24	89	0.414393	0.88094	3.55023e-06	8.56729e-06
219	45	39	95	110	20	387	0.0696342	2.6645	1.86423e-06	2.67718e-05
220	44	37	54	59	15	239	0.204044	1.58942	3.27067e-06	1.60292e-05
221	39	30	61	68	12	479	0.0567023	2.86994	1.66077e-06	2.92892e-05
222	42	33	36	43	11	107	0.442312	0.81574	3.58825e-06	8.1125e-06
223	41	33	97	112	20	509	0.0369105	3.29926	1.23159e-06	3.33669e-05
224	41	31	49	58	14	148	0.326593	1.11904	3.63749e-06	1.11377e-05
225	40	32	70	78	14	333	0.112125	2.18814	2.47755e-06	2.20963e-05
226	39	36	54	60	14	186	0.265697	1.3254	3.5257e-06	1.32696e-05
227	38	28	45	45	14	98	0.457307	0.7824	3.54285e-06	7.7472e-06
228	37	27	76	87	16	320	0.113227	2.17836	2.48121e-06	2.19136e-05
229	37	28	85	103	24	339	0.0929457	2.37574	2.21455e-06	2.38263e-05
230	36	28	95	105	19	406	0.0652193	2.73	1.79347e-06	2.74991e-05
231	35	25	64	67	16	188	0.251689	1.37956	3.46602e-06	1.3771e-05
232	52	42	74	91	21	321	0.109857	2.20858	2.43799e-06	2.21925e-05
233	33	28	53	59	13	195	0.255376	1.36502	3.49644e-06	1.36914e-05
234	31	26	47	59	13	223	0.221392	1.50782	3.36054e-06	1.51791e-05
235	30	22	67	83	18	264	0.154488	1.86764	2.89082e-06	1.87123e-05
236	36	27	64	76	15	290	0.141383	1.95628	2.78506e-06	1.96986e-05
237	47	36	41	48	15	99	0.446489	0.80634	3.55837e-06	7.96967e-06
238	38	29	47	58	16	157	0.311941	1.16494	3.62347e-06	1.16159e-05
239	45	36	66	74	20	190	0.23842	1.43372	3.40284e-06	1.42724e-05
240	35	26	69	77	20	164	0.267146	1.31996	3.48901e-06	1.30603e-05
241	46	35	56	67	17	189	0.250409	1.38466	3.46169e-06	1.38242e-05
242	43	34	90	101	31	208	0.183585	1.69508	3.07558e-06	1.67529e-05
243	47	30	48	60	14	169	0.289761	1.2387	3.58329e-06	1.23664e-05
244	42	26	82	99	16	506	0.0406677	3.20232	1.32063e-06	3.24737e-05
245	55	46	93	103	24	312	0.106667	2.23804	2.38846e-06	2.23917e-05
246	33	26	61	70	13	299	0.140226	1.9645	2.78183e-06	1.98382e-05
247	44	30	59	62	15	199	0.245549	1.40426	3.45567e-06	1.40733e-05
248	49	35	71	82	18	266	0.153883	1.87156	2.88718e-06	1.87621e-05
249	43	32	40	48	13	155	0.335565	1.09194	3.6728e-06	1.09451e-05
250	54	40	82	97	22	412	0.0665129	2.71036	1.82021e-06	2.73663e-05
251	51	39	116	133	28	442	0.0455274	3.08944	1.411e-06	3.09924e-05
252	49	42	85	96	29	203	0.194333	1.63818	3.14917e-06	1.6205e-05
253	48	31	64	78	19	277	0.149189	1.90254	2.85262e-06	1.91208e-05
254	47	40	108	121	32	292	0.105496	2.24908	2.35732e-06	2.23451e-05
255	50	43	82	96	22	310	0.112604	2.18388	2.46493e-06	2.18903e-05
256	44	36	62	66	22	164	0.286253	1.25088	3.56081e-06	1.24394e-05
257	43	33	80	91	22	260	0.149946	1.89748	2.84168e-06	1.89514e-05
258	42	33	46	53	17	153	0.328526	1.11314	3.65357e-06	1.11211e-05
259	42	33	42	46	17	77	0.505817	0.68158	3.38283e-06	6.68785e-06
260	41	28	106	122	24	598	0.0220166	3.81596	8.51166e-07	3.86603e-05
261	27	22	48	52	14	145	0.344363	1.06606	3.66388e-06	1.06396e-05
262	39	32	44	49	13	141	0.358144	1.02682	3.67374e-06	1.02577e-05
263	38	28	35	41	9	102	0.459471	0.77768	3.55352e-06	7.73394e-06
264	38	27	56	62	15	186	0.26238	1.33796	3.51131e-06	1.33825e-05
265	37	32	47	59	11	294	0.154136	1.86992	2.92112e-06	1.89516e-05
266	36	29	73	77	19	218	0.202835	1.59536	3.23107e-06	1.59295e-05
267	35	26	46	50	13	142	0.354091	1.0382	3.67097e-06	1.03673e-05
268	34	27	38	48	15	86	0.477095	0.74004	3.47274e-06	7.27894e-06
269	33	29	65	71	17	205	0.225062	1.49138	3.35344e-06	1.49001e-05
270	32	27	56	67	10	318	0.129696	2.04256	2.6819e-06	2.06783e-05
271	42	38	111	134	25	558	0.025039	3.68732	9.3176e-07	3.72123e-05
272	42	37	75	85	22	189	0.223644	1.4977	3.31893e-06	1.48402e-05
273	26	21	41	47	11	120	0.403669	0.90716	3.64474e-06	9.02902e-06
274	50	33	61	66	21	127	0.345701	1.06218	3.62069e-06	1.04735e-05
275	45	37	68	75	20	175	0.255764	1.3635	3.46097e-06	1.35319e-05
276	35	25	64	70	14	314	0.129899	2.041	2.68048e-06	2.06352e-05
277	37	26	23	27	13	27	0.735459	0.30726	2.17599e-06	2.95868e-06
278	39	28	57	67	12	312	0.133726	2.01196	2.72261e-06	2.03595e-05
279	50	41	48	57	21	128	0.363942	1.01076	3.64618e-06	1.00186e-05
280	39	28	63	77	17	218	0.202835	1.59536	3.23107e-06	1.59295e-05
281	30	21	74	85	13	894	0.00613835	5.0932	3.2103e-07	5.22991e-05
282	40	33	56	70	14	233	0.196341	1.6279	3.20652e-06	1.63314e-05
283	29	20	27	31	9	98	0.499334	0.69448	3.47383e-06	6.95693e-06
284	46	31	58	62	16	162	0.296544	1.21556	3.59035e-06	1.21073e-05
285	43	33	52	59	15	146	0.327876	1.11512	3.63544e-06	1.10879e-05
286	33	26	66	80	20	475	0.0536701	2.9249	1.5969e-06	2.97541e-05
287	32	26	63	68	16	177	0.264546	1.32974	3.50339e-06	1.3243e-05
288	38	27	17	18	6	34	0.750932	0.28644	2.11957e-06	2.82259e-06
289	36	31	56	61	14	137	0.338992	1.08178	3.63485e-06	1.07226e-05
290	47	37	61	71	17	262	0.168288	1.78208	3.01718e-06	1.79287e-05
291	46	39	114	128	26	519	0.0317222	3.45074	1.10398e-06	3.48014e-05
292	45	38	105	127	26	435	0.0489939	3.01606	1.48362e-06	3.02818e-05
293	44	30	72	81	17	239	0.177714	1.72758	3.06931e-06	1.72711e-05
294	43	34	17	21	10	24	0.775475	0.25428	1.90813e-06	2.4606e-06
295	41	35	54	65	19	160	0.293993	1.2242	3.57801e-06	1.21704e-05
296	41	29	40	43	11	100	0.458388	0.78004	3.54818e-06	7.74057e-06
297	40	25	28	32	7	74	0.560817	0.57836	3.21807e-06	5.73818e-06
298	39	35	81	91	19	296	0.124795	2.08108	2.60375e-06	2.08642e-05
299	39	29	92	99	17	339	0.0953101	2.35062	2.24936e-06	2.36005e-05
300	38	30	34	43	10	122	0.409737	0.89224	3.65055e-06	8.9095e-06
301	37	31	58	65	15	171	0.277954	1.2803	3.54527e-06	1.27549e-05
302	36	32	61	68	17	175	0.267258	1.31954	3.5109e-06	1.31367e-05
303	35	23	39	43	17	62	0.556415	0.58624	3.18353e-06	5.72151e-06
304	34	27	73	80	19	193	0.226118	1.4867	3.33987e-06	1.47705e-05
305	33	23	56	61	15	147	0.322136	1.13278	3.62529e-06	1.12539e-05
306	27	20	41	44	11	104	0.44632	0.80672	3.57482e-06	8.00955e-06
307	30	25	55	60	15	156	0.309623	1.1724	3.61504e-06	1.16756e-05
308	29	22	50	60	10	220	0.223398	1.4988	3.36799e-06	1.50762e-05
309	40	30	71	79	14	324	0.116657	2.14852	2.52848e-06	2.16745e-05
310	45	34	78	88	26	189	0.21947	1.51654	3.29415e-06	1.50096e-05
311	45	33	47	54	15	147	0.336613	1.08882	3.6552e-06	1.08588e-05
312	35	29	49	57	14	161	0.307568	1.17906	3.62067e-06	1.1772e-05
313	40	31	12	14	8	8	0.87922	0.12872	1.06854e-06	1.21533e-06
314	52	34	80	88	15	288	0.132465	2.02144	2.68502e-06	2.02698e-05
315	47	32	49	57	13	165	0.301357	1.19946	3.61161e-06	1.19845e-05
316	39	31	65	78	14	287	0.141771	1.95354	2.78611e-06	1.96521e-05
317	55	42	82	99	26	263	0.140434	1.96302	2.74721e-06	1.95623e-05
318	34	28	53	62	21	144	0.325055	1.12376	3.62467e-06	1.11509e-05
319	45	35	45	48	13	108	0.426459	0.85224	3.60267e-06	8.44787e-06
320	36	34	85	96	24	229	0.1702	1.77078	2.99322e-06	1.75865e-05
321	43	33	60	71	18	216	0.212784	1.54748	3.29486e-06	1.54846e-05
322	33	26	47	50	16	75	0.498326	0.6965	3.39229e-06	6.80737e-06
323	42	34	75	86	19	334	0.106089	2.24348	2.39771e-06	2.2601e-05
324	50	38	57	65	14	168	0.282239	1.265	3.55494e-06	1.25955e-05
325	49	39	85	91	20	259	0.150713	1.89238	2.8482e-06	1.88982e-05
326	47	39	80	88	20	338	0.102649	2.27644	2.35337e-06	2.29264e-05
327	46	37	73	85	23	215	0.195871	1.6303	3.17735e-06	1.62217e-05
328	45	29	41	47	13	134	0.375852	0.97856	3.67316e-06	9.77289e-06
329	41	36	63	72	26	130	0.327863	1.11516	3.59716e-06	1.09715e-05
330	43	31	34	39	12	87	0.502269	0.68862	3.4275e-06	6.82404e-06
331	42	36	36	41	15	54	0.586912	0.53288	3.04229e-06	5.18354e-06
332	41	34	73	81	17	292	0.135622	1.99788	2.72427e-06	2.00871e-05
333	40	34	52	57	17	117	0.384943	0.95466	3.63159e-06	9.4341e-06
334	40	28	45	51	14	119	0.395668	0.92718	3.64081e-06	9.20168e-06
335	34	24	39	48	15	104	0.435248	0.83184	3.58441e-06	8.23534e-06
336	38	30	63	72	18	201	0.228262	1.47726	3.3655e-06	1.4744e-05
337	37	25	42	46	11	160	0.331251	1.10488	3.67619e-06	1.10979e-05
338	36	25	78	86	19	258	0.156315	1.85588	2.90166e-06	1.85629e-05
339	36	29	66	70	17	237	0.192377	1.6483	3.18266e-06	1.65439e-05
340	35	31	95	115	23	408	0.0606279	2.803	1.70788e-06	2.81698e-05
341	33	25	47	55	16	142	0.343146	1.0696	3.65434e-06	1.06495e-05
342	32	25	23	26	5	89	0.539464	0.61718	3.34278e-06	6.19649e-06
343	31	25	71	83	20	271	0.14907	1.90334	2.84489e-06	1.90842e-05
344	42	34	74	83	20	271	0.14907	1.90334	2.84489e-06	1.90842e-05
345	32	26	27	31	9	90	0.520128	0.65368	3.39741e-06	6.53186e-06
346	37	24	105	119	23	461	0.0451204	3.09842	1.40828e-06	3.12117e-05
347	45	37	38	42	15	77	0.518684	0.65646	3.35177e-06	6.46206e-06
348	35	28	40	44	13	106	0.44179	0.81692	3.58549e-06	8.11581e-06
349	37	30	38	42	13	85	0.497948	0.69726	3.42943e-06	6.88712e-06
350	34	26	72	79	18	308	0.126575	2.06692	2.63585e-06	2.08244e-05
351	30	24	46	53	12	171	0.29971	1.20494	3.61975e-06	1.20775e-05
352	39	34	72	78	21	188	0.23489	1.44864	3.38052e-06	1.4392e-05
353	40	33	63	73	21	171	0.264334	1.33054	3.49092e-06	1.32065e-05
354	40	29	89	96	25	208	0.189441	1.66368	3.12021e-06	1.64707e-05
355	29	22	46	51	15	138	0.359127	1.02408	3.66712e-06	1.02112e-05
356	45	29	63	71	16	335	0.115975	2.15438	2.52911e-06	2.18074e-05
357	43	29	68	76	15	222	0.199992	1.60948	3.21698e-06	1.60856e-05
358	56	44	88	113	23	377	0.07191	2.63234	1.89913e-06	2.64098e-05
359	53	41	72	90	16	378	0.0826616	2.493	2.08015e-06	2.51646e-05
360	51	43	91	99	29	204	0.189736	1.66212	3.11689e-06	1.64275e-05
361	49	39	47	53	17	118	0.392727	0.93464	3.63722e-06	9.26144e-06
362	47	36	94	110	21	424	0.0576595	2.8532	1.657e-06	2.87377e-05
363	50	37	57	63	22	130	0.346927	1.05864	3.63008e-06	1.04635e-05
364	45	37	70	80	20	230	0.187233	1.6754	3.13362e-06	1.67364e-05
365	44	32	65	67	13	273	0.163154	1.81306	2.98366e-06	1.82874e-05
366	43	30	40	45	13	130	0.388446	0.9456	3.66983e-06	9.44746e-06
367	42	31	88	98	18	389	0.0743226	2.59934	1.9473e-06	2.62007e-05
368	41	32	62	66	20	253	0.181812	1.70478	3.1214e-06	1.71682e-05
369	28	24	23	25	6	59	0.632611	0.4579	2.87588e-06	4.54605e-06
370	40	32	72	82	17	382	0.0851654	2.46316	2.1228e-06	2.49256e-05
371	39	32	44	50	12	133	0.370723	0.9923	3.66612e-06	9.8891e-06
372	38	29	58	69	17	166	0.27806	1.27992	3.53553e-06	1.2715e-05
373	37	26	40	43	13	91	0.479918	0.73414	3.48534e-06	7.26237e-06
374	37	29	71	84	16	328	0.110768	2.20032	2.45564e-06	2.21693e-05
375	36	25	45	50	20	79	0.488264	0.7169	3.42756e-06	7.0199e-06
376	35	29	51	59	14	167	0.294575	1.22222	3.5949e-06	1.22037e-05
377	34	30	58	65	19	181	0.264134	1.3313	3.50933e-06	1.32862e-05
378	33	25	33	38	9	111	0.447204	0.80474	3.59677e-06	8.04279e-06
379	40	29	41	44	10	104	0.44632	0.80672	3.57482e-06	8.00955e-06
380	31	26	34	35	10	78	0.539237	0.6176	3.30016e-06	6.12006e-06
381	28	22	50	55	9	445	0.0731751	2.6149	1.95735e-06	2.67489e-05
382	47	38	63	72	19	283	0.150249	1.89546	2.8699e-06	1.91009e-05
383	45	40	37	39	15	51	0.603494	0.50502	2.96391e-06	4.91125e-06
384	35	29	102	119	18	479	0.0411628	3.19022	1.32413e-06	3.21681e-05
385	37	27	49	52	9	259	0.192538	1.64746	3.21477e-06	1.66968e-05
386	38	29	78	92	21	312	0.114296	2.16896	2.48832e-06	2.17707e-05
387	49	37	90	102	21	401	0.0681762	2.68566	1.84512e-06	2.70641e-05
388	44	35	78	88	19	322	0.111376	2.19484	2.45878e-06	2.20763e-05
389	55	46	138	153	37	536	0.0248614	3.69444	9.22752e-07	3.71159e-05
390	41	32	68	83	22	285	0.138797	1.97474	2.75209e-06	1.98281e-05
391	33	26	94	105	25	279	0.124643	2.0823	2.58649e-06	2.07512e-05
392	37	30	46	54	15	132	0.363375	1.01232	3.65619e-06	1.00618e-05
393	43	33	83	94	24	233	0.168871	1.77862	2.98667e-06	1.76861e-05
394	33	24	25	29	9	52	0.639339	0.44732	2.81303e-06	4.39991e-06
395	43	32	67	73	18	249	0.177579	1.72834	3.08114e-06	1.73508e-05
396	46	34	52	61	17	132	0.347747	1.05628	3.63635e-06	1.04569e-05
397	36	31	88	104	22	392	0.0704875	2.65232	1.88193e-06	2.66988e-05
398	48	35	70	81	22	218	0.197804	1.62048	3.19558e-06	1.61553e-05
399	46	33	95	111	27	352	0.0827211	2.49228	2.06543e-06	2.49686e-05
400	45	35	85	102	24	332	0.0969306	2.33376	2.26797e-06	2.33979e-05
401	44	34	57	63	18	163	0.293188	1.22694	3.58186e-06	1.22169e-05
402	43	36	52	61	15	216	0.226575	1.48468	3.38051e-06	1.49201e-05
403	41	32	73	77	22	160	0.272652	1.29956	3.50297e-06	1.28478e-05
404	42	29	64	77	19	222	0.19874	1.61576	3.20806e-06	1.6142e-05
405	41	31	52	64	16	264	0.174066	1.74832	3.07049e-06	1.76398e-05
406	40	34	81	95	23	334	0.100259	2.3	2.31688e-06	2.3109e-05
407	39	32	70	77	18	200	0.222337	1.50356	3.32908e-06	1.49731e-05
408	38	28	60	70	15	246	0.183746	1.6942	3.12775e-06	1.70221e-05
409	47	36	74	80	18	207	0.210536	1.5581	3.26633e-06	1.55144e-05
410	37	32	27	33	11	48	0.636329	0.45204	2.80822e-06	4.41316e-06
411	36	27	33	33	10	66	0.580515	0.54384	3.11711e-06	5.36956e-06
412	35	24	43	52	14	120	0.391191	0.93856	3.64248e-06	9.31126e-06
413	34	25	44	48	15	117	0.407327	0.89814	3.63583e-06	8.92607e-06
414	40	32	54	57	15	110	0.398934	0.91896	3.6152e-06	9.06217e-06
415	32	22	45	50	12	173	0.302311	1.1963	3.63209e-06	1.20144e-05
416	30	22	22	24	10	30	0.738067	0.30372	2.17637e-06	2.94874e-06
417	32	23	44	50	13	159	0.324685	1.1249	3.65938e-06	1.12706e-05
418	49	40	61	71	21	206	0.223917	1.49648	3.34828e-06	1.49532e-05
419	45	34	81	91	17	609	0.0252891	3.67738	9.48213e-07	3.74949e-05
420	35	30	49	55	21	76	0.480465	0.733	3.43184e-06	7.14274e-06
421	38	31	50	56	19	144	0.337537	1.08608	3.64953e-06	1.08122e-05
422	40	31	64	70	18	194	0.239548	1.429	3.41576e-06	1.42592e-05
423	30	24	30	31	8	71	0.573051	0.55678	3.16458e-06	5.52233e-06
424	29	21	46	53	13	117	0.394735	0.92954	3.63484e-06	9.20831e-06
425	39	32	54	67	17	178	0.264858	1.32856	3.50665e-06	1.32397e-05
426	40	31	78	92	26	203	0.199277	1.61306	3.18429e-06	1.59792e-05
427	29	25	44	55	10	153	0.324425	1.1257	3.64459e-06	1.1234e-05
428	35	23	49	58	12	151	0.321634	1.13434	3.63353e-06	1.12971e-05
429	43	37	95	100	30	196	0.1964	1.6276	3.15397e-06	1.60589e-05
430	33	27	39	42	11	123	0.410221	0.89106	3.6535e-06	8.90618e-06
431	39	34	71	76	21	241	0.181522	1.70638	3.10314e-06	1.70951e-05
432	52	36	34	42	15	81	0.50821	0.67686	3.39209e-06	6.67459e-06
433	50	40	101	111	23	479	0.0432837	3.13998	1.37281e-06	3.17165e-05
434	48	33	76	85	19	266	0.151011	1.8904	2.85887e-06	1.89315e-05
435	47	33	59	73	22	139	0.311194	1.16734	3.58065e-06	1.15062e-05
436	46	42	96	106	30	252	0.142149	1.95088	2.75385e-06	1.9373e-05
437	44	34	70	87	25	178	0.233597	1.45416	3.35647e-06	1.43687e-05
438	44	35	74	81	16	256	0.162955	1.81428	2.96161e-06	1.81744e-05
439	43	37	36	40	15	55	0.587605	0.5317	3.04393e-06	5.18023e-06
440	42	30	78	91	20	280	0.135406	1.99948	2.71001e-06	2.0014e-05
441	41	32	58	67	17	178	0.264858	1.32856	3.50665e-06	1.32397e-05
442	40	22	24	27	6	80	0.561266	0.57756	3.24117e-06	5.77474e-06
443	34	25	56	66	15	205	0.232241	1.45998	3.39486e-06	1.46178e-05
444	39	33	93	100	23	398	0.0701023	2.6578	1.87816e-06	2.67918e-05
445	38	30	49	56	17	178	0.283802	1.25948	3.58123e-06	1.26188e-05
446	37	31	56	64	17	214	0.224626	1.49332	3.3656e-06	1.49832e-05
447	36	30	90	101	19	538	0.0341129	3.37808	1.16962e-06	3.42869e-05
448	35	30	52	58	10	252	0.192157	1.64944	3.20202e-06	1.66635e-05
449	34	28	34	35	10	85	0.520326	0.6533	3.37795e-06	6.49199e-06
450	33	27	34	40	12	93	0.484082	0.7255	3.48505e-06	7.19929e-06
451	32	21	26	32	10	82	0.538397	0.61916	3.31827e-06	6.16325e-06
452	30	22	83	93	16	479	0.0484637	3.02694	1.48786e-06	3.07004e-05
453	43	28	46	52	15	108	0.415879	0.87736	3.6072e-06	8.67366e-06
454	35	29	49	55	14	138	0.350218	1.0492	3.65522e-06	1.0437e-05
455	24	20	28	30	12	42	0.668579	0.4026	2.62419e-06	3.92502e-06
456	35	28	12	13	5	17	0.845066	0.16834	1.38344e-06	1.63708e-06
457	46	35	124	143	23	758	0.00853278	4.76384	4.12534e-07	4.8347e-05
458	49	42	70	76	19	198	0.226032	1.48708	3.34762e-06	1.48104e-05
459	49	37	84	98	24	334	0.0983876	2.31884	2.2903e-06	2.32784e-05
460	38	30	40	43	15	84	0.497361	0.69844	3.42703e-06	6.89044e-06
461	55	41	78	90	15	364	0.0887795	2.4216	2.16806e-06	2.44208e-05
462	55	37	63	69	19	150	0.301701	1.19832	3.57964e-06	1.18649e-05
463	57	44	104	120	27	335	0.0852557	2.4621	2.09502e-06	2.45733e-05
464	44	38	91	103	23	333	0.0958338	2.34514	2.25281e-06	2.35075e-05
465	43	35	69	74	21	143	0.303001	1.19402	3.56789e-06	1.17752e-05
466	33	25	100	109	23	344	0.087255	2.43892	2.13169e-06	2.44306e-05
467	55	45	96	113	19	515	0.035574	3.33614	1.20034e-06	3.37422e-05
468	52	41	103	111	24	355	0.0814651	2.50758	2.04705e-06	2.5128e-05
469	50	43	74	85	16	488	0.0486745	3.0226	1.49562e-06	3.0727e-05
470	48	43	84	101	26	245	0.152014	1.88378	2.84553e-06	1.87188e-05
471	50	39	57	63	21	130	0.346927	1.05864	3.63008e-06	1.04635e-05
472	46	34	49	62	16	177	0.274704	1.29206	3.54487e-06	1.29043e-05
473	45	36	46	60	18	126	0.360811	1.0194	3.63757e-06	1.00816e-05
474	44	36	63	71	18	188	0.245446	1.40468	3.43546e-06	1.39968e-05
475	43	36	75	88	25	250	0.160793	1.82764	2.93458e-06	1.82507e-05
476	42	33	22	23	8	51	0.667284	0.40454	2.67453e-06	4.00809e-06
477	43	32	46	51	16	81	0.480283	0.73338	3.44969e-06	7.18262e-06
478	40	33	66	72	22	172	0.264647	1.32936	3.49417e-06	1.32031e-05
479	40	30	45	54	20	139	0.350631	1.04802	3.65838e-06	1.04337e-05
480	39	30	30	31	12	48	0.644371	0.43948	2.77097e-06	4.30027e-06
481	38	25	67	81	17	339	0.106716	2.23758	2.41013e-06	2.25844e-05
482	37	24	75	91	17	407	0.0708507	2.64718	1.8961e-06	2.67619e-05
483	41	27	24	30	5	96	0.507631	0.678	3.44896e-06	6.79422e-06
484	35	27	46	47	15	94	0.460907	0.77456	3.52481e-06	7.64756e-06
485	34	22	42	52	11	148	0.339134	1.08136	3.6623e-06	1.0799e-05
486	33	20	28	30	9	44	0.661795	0.4128	2.66789e-06	4.03129e-06
487	32	30	36	41	13	63	0.560582	0.57878	3.17387e-06	5.66174e-06
488	42	28	54	65	17	230	0.205728	1.5812	3.26896e-06	1.58897e-05
489	29	23	94	110	20	444	0.0520682	2.9552	1.55165e-06	2.98004e-05
490	27	21	61	67	14	337	0.117718	2.13946	2.55306e-06	2.16879e-05
491	45	33	46	50	14	115	0.406366	0.9005	3.62995e-06	8.9327e-06
492	35	24	56	68	16	176	0.265899	1.32464	3.50717e-06	1.31899e-05
493	38	28	71	82	19	200	0.215464	1.53496	3.28698e-06	1.52553e-05
494	42	36	63	74	21	163	0.273619	1.29602	3.51267e-06	1.28378e-05
495	40	32	69	74	17	200	0.226566	1.48472	3.35403e-06	1.48038e-05
496	49	37	65	80	20	174	0.249125	1.3898	3.42821e-06	1.3761e-05
497	50	42	130	154	24	808	0.00617084	5.08792	3.18567e-07	5.16246e-05
498	40	31	95	103	22	394	0.0702117	2.65624	1.87806e-06	2.67486e-05
499	29	25	32	38	18	43	0.632585	0.45794	2.80219e-06	4.42974e-06
500	43	32	49	56	13	257	0.189687	1.66238	3.18983e-06	1.68163e-05
501	43	27	71	82	15	391	0.0813447	2.50906	2.06646e-06	2.54038e-05
502	33	24	54	62	12	360	0.108029	2.22536	2.44444e-06	2.26277e-05
503	39	34	59	67	20	324	0.125788	2.07316	2.64118e-06	2.09971e-05
504	30	24	19	20	5	39	0.722889	0.3245	2.31407e-06	3.20115e-06
505	36	28	60	66	19	148	0.31059	1.16928	3.59951e-06	1.15893e-05
506	49	39	96	120	33	346	0.0806046	2.5182	2.02783e-06	2.51578e-05
507	47	41	68	73	23	238	0.187826	1.67224	3.14916e-06	1.67664e-05
508	46	39	47	53	17	114	0.400821	0.91424	3.62699e-06	9.04891e-06
509	45	34	98	110	22	431	0.0556374	2.8889	1.61958e-06	2.91096e-05
510	44	36	77	86	19	356	0.094829	2.35568	2.25408e-06	2.37699e-05
511	43	32	58	68	16	225	0.207103	1.57454	3.27086e-06	1.57934e-05
512	42	37	45	51	16	126	0.381792	0.96288	3.65513e-06	9.57361e-06
513	41	30	78	84	24	215	0.197105	1.62402	3.18624e-06	1.61652e-05
514	41	38	68	73	19	256	0.171351	1.76404	3.03682e-06	1.77228e-05
515	40	31	73	80	20	249	0.169942	1.7723	3.01578e-06	1.7746e-05
516	39	34	73	86	17	548	0.0356189	3.33488	1.21003e-06	3.39715e-05
517	47	44	106	121	23	510	0.0347047	3.36088	1.17746e-06	3.39281e-05
518	37	31	40	45	15	89	0.478787	0.7365	3.4803e-06	7.269e-06
519	37	27	43	44	14	114	0.424128	0.85772	3.62243e-06	8.54088e-06
520	36	28	66	83	13	418	0.0704368	2.65304	1.89438e-06	2.68948e-05
521	35	29	41	47	14	89	0.472811	0.74906	3.49024e-06	7.38189e-06
522	34	29	40	45	11	155	0.341947	1.0731	3.68475e-06	1.07758e-05
523	38	26	63	68	20	128	0.33965	1.07984	3.6137e-06	1.06395e-05
524	31	22	49	56	12	177	0.285253	1.25438	3.58438e-06	1.25656e-05
525	29	20	53	60	16	123	0.366374	1.0041	3.63525e-06	9.92224e-06
526	48	37	100	114	23	530	0.0327478	3.41892	1.13293e-06	3.45956e-05
527	45	34	41	43	10	132	0.389364	0.94324	3.67592e-06	9.44083e-06
528	35	31	48	59	20	97	0.420959	0.86522	3.57155e-06	8.48433e-06
529	32	22	52	57	11	201	0.25081	1.38306	3.48558e-06	1.38973e-05
530	49	42	108	122	26	478	0.0406011	3.20396	1.31078e-06	3.22843e-05
531	49	35	62	72	17	232	0.194882	1.63536	3.19434e-06	1.63911e-05
532	35	28	64	74	22	192	0.236001	1.44392	3.39338e-06	1.43787e-05
533	31	24	45	52	12	161	0.317379	1.14766	3.64659e-06	1.14897e-05
534	52	38	97	99	29	294	0.119897	2.12112	2.54296e-06	2.12095e-05
535	43	36	83	99	24	289	0.122994	2.09562	2.57596e-06	2.09438e-05
536	42	33	31	35	13	46	0.634829	0.4544	2.80581e-06	4.41979e-06
537	43	34	72	83	22	206	0.207663	1.57184	3.24589e-06	1.56306e-05
538	33	20	53	62	10	199	0.245549	1.40426	3.45567e-06	1.40733e-05
539	39	31	107	120	25	415	0.0566933	2.8701	1.63413e-06	2.8824e-05
540	46	39	65	75	21	165	0.269146	1.3125	3.49905e-06	1.30005e-05
541	51	32	75	86	17	342	0.101847	2.28428	2.34514e-06	2.3026e-05
542	49	36	76	84	22	230	0.182589	1.70052	3.09711e-06	1.69622e-05
543	48	31	28	34	12	67	0.573946	0.55522	3.14473e-06	5.47914e-06
544	46	34	102	115	24	394	0.065115	2.7316	1.78584e-06	2.7426e-05
545	45	33	58	63	15	181	0.267472	1.31874	3.52349e-06	1.31733e-05
546	44	33	52	56	14	173	0.291132	1.23398	3.59638e-06	1.23531e-05
547	43	33	63	75	14	225	0.198196	1.6185	3.2085e-06	1.61885e-05
548	42	34	81	93	23	327	0.105216	2.25174	2.38043e-06	2.26242e-05
549	42	34	131	151	27	575	0.0206347	3.88078	8.06305e-07	3.90752e-05
550	41	32	36	42	14	87	0.492895	0.70746	3.447e-06	6.99339e-06
551	35	27	56	59	16	141	0.336344	1.08962	3.63998e-06	1.08222e-05
552	39	35	54	63	14	449	0.0681844	2.68554	1.86914e-06	2.7413e-05
553	38	31	56	64	17	160	0.295845	1.21792	3.58385e-06	1.2114e-05
554	38	30	64	75	14	253	0.171821	1.7613	3.03716e-06	1.76763e-05
555	37	30	89	104	19	484	0.0440901	3.12152	1.39267e-06	3.1587e-05
556	36	29	31	37	15	55	0.598781	0.51286	3.00042e-06	5.01089e-06
557	40	30	48	53	14	158	0.320254	1.13864	3.64666e-06	1.13868e-05
558	34	26	46	56	15	141	0.342741	1.07078	3.65117e-06	1.06528e-05
559	33	27	50	57	14	199	0.253381	1.37286	3.49439e-06	1.3791e-05
560	31	25	41	51	10	167	0.309753	1.17198	3.64024e-06	1.17521e-05
561	32	22	24	29	8	62	0.60755	0.49832	2.99598e-06	4.93124e-06
562	32	26	88	101	23	333	0.097045	2.33258	2.27033e-06	2.33946e-05
563	26	23	29	33	14	32	0.69043	0.37044	2.46003e-06	3.56303e-06
564	36	29	64	72	15	311	0.130255	2.03826	2.68178e-06	2.05887e-05
565	40	29	63	74	16	417	0.0749136	2.59142	1.97275e-06	2.63337e-05
566	45	33	34	40	13	98	0.471894	0.751	3.52267e-06	7.46496e-06
567	38	27	57	63	15	159	0.299231	1.20654	3.59208e-06	1.20044e-05
568	37	29	61	66	16	222	0.212954	1.54668	3.30528e-06	1.55211e-05
569	42	33	31	31	13	36	0.685039	0.37828	2.50907e-06	3.66267e-06
570	40	29	68	75	19	168	0.26506	1.3278	3.48817e-06	1.31599e-05
571	29	24	65	74	13	280	0.150661	1.89272	2.87077e-06	1.90544e-05
572	42	33	81	89	22	227	0.179672	1.71662	3.06972e-06	1.70851e-05
573	43	34	81	90	18	315	0.113984	2.1717	2.48681e-06	2.18172e-05
574	33	27	35	38	11	136	0.393671	0.93224	3.68914e-06	9.37112e-06
575	57	42	60	71	19	205	0.225062	1.49138	3.35344e-06	1.49001e-05
576	54	35	68	81	18	210	0.206041	1.57968	3.24107e-06	1.57302e-05
577	36	30	70	80	27	150	0.281563	1.2674	3.51553e-06	1.24858e-05
578	40	32	84	101	19	463	0.0500076	2.99558	1.51532e-06	3.03019e-05
579	46	37	77	88	24	300	0.124601	2.08264	2.60507e-06	2.09073e-05
580	47	33	47	53	16	115	0.398782	0.91934	3.62973e-06	9.10204e-06
581	45	36	90	99	22	363	0.0843298	2.47302	2.09776e-06	2.48757e-05
582	44	33	47	52	16	147	0.340868	1.07626	3.66292e-06	1.07459e-05
583	43	31	31	33	11	82	0.535026	0.62544	3.3277e-06	6.21969e-06
584	43	30	65	82	17	243	0.173035	1.75426	3.03505e-06	1.75401e-05
585	42	33	21	23	8	47	0.681036	0.38414	2.58491e-06	3.79556e-06
586	41	31	47	51	14	123	0.387678	0.94758	3.64968e-06	9.41421e-06
587	40	26	45	56	13	171	0.294116	1.22378	3.602e-06	1.22468e-05
588	39	31	39	44	14	77	0.51221	0.66902	3.36776e-06	6.57495e-06
589	39	33	86	101	21	379	0.0767517	2.56718	1.98316e-06	2.58387e-05
590	38	28	41	47	13	111	0.422629	0.86126	3.61383e-06	8.55082e-06
591	39	33	72	82	18	202	0.213278	1.54516	3.27629e-06	1.53616e-05
592	36	28	65	74	18	272	0.156936	1.85192	2.92361e-06	1.86294e-05
593	35	27	72	86	18	362	0.0919712	2.38628	2.21547e-06	2.40887e-05
594	34	27	66	77	16	270	0.155585	1.86056	2.90827e-06	1.86924e-05
595	33	25	38	42	13	63	0.557072	0.58506	3.18545e-06	5.71819e-06
596	31	21	68	76	15	382	0.0884357	2.42548	2.17436e-06	2.45869e-05
597	37	30	55	58	13	130	0.357994	1.02724	3.64483e-06	1.01813e-05
598	29	23	18	19	10	14	0.826364	0.19072	1.50098e-06	1.81637e-06
599	45	36	83	89	23	238	0.16987	1.77272	3.00153e-06	1.76695e-05
600	36	26	63	70	19	204	0.227638	1.48	3.36688e-06	1.47905e-05
601	34	28	73	87	21	234	0.175563	1.73976	3.04498e-06	1.73441e-05
602	49	36	84	99	19	369	0.0817884	2.50362	2.06061e-06	2.51945e-05
603	38	25	48	54	7	313	0.144364	1.93542	2.84091e-06	1.96789e-05
604	47	41	107	122	27	386	0.0649096	2.73476	1.77826e-06	2.7396e-05
605	42	32	76	90	21	254	0.155579	1.8606	2.89006e-06	1.85761e-05
606	38	27	19	23	6	41	0.702198	0.35354	2.44137e-06	3.47676e-06
607	40	31	71	79	19	189	0.232232	1.46002	3.36772e-06	1.45015e-05
608	34	30	44	49	13	91	0.462171	0.77182	3.51299e-06	7.60105e-06
609	43	33	35	42	17	56	0.577319	0.54936	3.0865e-06	5.34626e-06
610	33	24	54	60	13	178	0.276761	1.2846	3.55488e-06	1.28446e-05
611	35	29	51	57	16	151	0.323661	1.12806	3.63815e-06	1.12406e-05
612	46	34	69	77	19	190	0.233971	1.45256	3.37895e-06	1.44418e-05
613	36	30	52	56	15	140	0.344494	1.06568	3.65153e-06	1.05997e-05
614	33	28	51	59	16	176	0.28136	1.26812	3.56817e-06	1.26819e-05
615	48	42	102	118	26	363	0.0748447	2.59234	1.94208e-06	2.59482e-05
616	47	38	94	108	22	319	0.0997448	2.30514	2.2987e-06	2.30458e-05
617	46	36	57	65	18	191	0.251001	1.3823	3.46821e-06	1.38175e-05
618	45	36	75	82	25	152	0.275227	1.29016	3.49674e-06	1.27049e-05
619	44	34	59	62	17	137	0.336869	1.08806	3.63111e-06	1.0779e-05
620	43	32	61	72	21	202	0.227101	1.48236	3.36045e-06	1.47971e-05
621	42	36	46	52	17	99	0.435413	0.83146	3.56841e-06	8.19546e-06
622	41	31	77	92	17	419	0.0662275	2.71466	1.81834e-06	2.7456e-05
623	40	34	72	88	20	309	0.119011	2.12854	2.54511e-06	2.13855e-05
624	40	29	87	97	21	276	0.133086	2.01676	2.68038e-06	2.01402e-05
625	39	33	70	82	19	319	0.117436	2.14186	2.53406e-06	2.15782e-05
626	38	29	38	40	9	127	0.407017	0.8989	3.66552e-06	9.00582e-06
627	37	27	40	45	12	100	0.452666	0.7926	3.555e-06	7.85346e-06
628	36	26	50	60	13	202	0.244877	1.407	3.4576e-06	1.41198e-05
629	35	30	56	68	17	165	0.281242	1.26854	3.54517e-06	1.26054e-05
630	34	26	51	64	16	206	0.23398	1.45252	3.4063e-06	1.45581e-05
631	47	32	125	149	24	1573	0.000128701	8.95802	1.18391e-08	9.19892e-05
632	32	26	26	27	10	64	0.608986	0.49596	2.99902e-06	4.92461e-06
633	31	23	42	49	11	143	0.35451	1.03702	3.67413e-06	1.0364e-05
634	49	37	31	41	13	76	0.524621	0.64508	3.33264e-06	6.35247e-06
635	45	38	47	52	15	115	0.401294	0.91306	3.62995e-06	9.04559e-06
636	36	27	55	66	14	211	0.225242	1.49058	3.36436e-06	1.49366e-05
637	21	15	33	39	6	205	0.275155	1.29042	3.60282e-06	1.30938e-05
638	55	39	65	75	23	153	0.286133	1.2513	3.53744e-06	1.23629e-05
639	38	31	40	42	13	93	0.47804	0.73806	3.49552e-06	7.31219e-06
640	33	25	73	83	19	195	0.219646	1.51574	3.30481e-06	1.50461e-05
641	28	18	25	31	8	75	0.56148	0.57718	3.22001e-06	5.73487e-06
642	36	29	52	61	13	249	0.191478	1.65298	3.19261e-06	1.66735e-05
643	29	24	42	46	13	94	0.46381	0.76828	3.52083e-06	7.59111e-06
644	29	25	29	35	16	33	0.678345	0.3881	2.52959e-06	3.72906e-06
645	43	34	35	39	14	81	0.517876	0.65802	3.36891e-06	6.50525e-06
646	34	28	31	34	10	63	0.585775	0.53482	3.08505e-06	5.26661e-06
647	37	28	84	93	24	244	0.160664	1.82844	2.92635e-06	1.82141e-05
648	46	36	108	119	24	374	0.0703185	2.65472	1.8697e-06	2.65891e-05
649	53	43	51	61	17	204	0.240874	1.42348	3.44028e-06	1.42825e-05
650	51	41	52	61	11	204	0.240874	1.42348	3.44028e-06	1.42825e-05
651	49	39	63	71	20	181	0.254366	1.36898	3.46571e-06	1.36249e-05
652	47	37	93	104	20	424	0.0598736	2.81552	1.70035e-06	2.8399e-05
653	46	33	49	53	14	205	0.251997	1.37834	3.49873e-06	1.3884e-05
654	40	32	44	49	15	120	0.398631	0.91972	3.64425e-06	9.14192e-06
655	44	33	33	42	13	69	0.540284	0.61566	3.26169e-06	6.03699e-06
656	43	35	84	93	21	254	0.152676	1.87944	2.86197e-06	1.87455e-05
657	42	35	46	53	13	145	0.342207	1.07234	3.66026e-06	1.0696e-05
658	41	35	87	90	18	347	0.0968202	2.3349	2.27697e-06	2.35175e-05
659	41	35	60	66	16	210	0.226394	1.48548	3.36953e-06	1.48835e-05
660	40	28	64	71	19	155	0.290434	1.23638	3.5559e-06	1.22434e-05
661	39	32	60	71	18	197	0.234434	1.45058	3.39344e-06	1.4475e-05
662	38	32	54	61	11	295	0.151438	1.88758	2.89513e-06	1.91176e-05
663	37	27	53	58	15	136	0.347205	1.05784	3.64568e-06	1.05001e-05
664	37	28	68	74	19	251	0.174676	1.74482	3.05921e-06	1.75136e-05
665	40	33	90	102	22	332	0.0969306	2.33376	2.26797e-06	2.33979e-05
666	35	25	55	62	12	405	0.0858752	2.45486	2.14849e-06	2.50187e-05
667	34	27	28	32	12	42	0.660235	0.41516	2.66597e-06	4.03792e-06
668	32	23	82	89	20	253	0.15736	1.84922	2.90589e-06	1.84665e-05
669	31	21	60	67	19	180	0.262171	1.33876	3.49892e-06	1.3346e-05
670	41	32	52	58	15	292	0.156697	1.85344	2.94416e-06	1.87889e-05
671	45	32	71	81	13	336	0.108362	2.22228	2.43001e-06	2.2425e-05
672	25	19	47	52	16	170	0.30314	1.19356	3.62796e-06	1.19679e-05
673	38	30	39	45	12	119	0.410861	0.8895	3.64146e-06	8.86299e-06
674	49	38	83	104	20	390	0.0712101	2.64212	1.89366e-06	2.65925e-05
675	38	26	72	84	19	249	0.165726	1.79742	2.97839e-06	1.79718e-05
676	35	26	30	34	9	83	0.528972	0.63682	3.34801e-06	6.32927e-06
677	40	30	57	62	23	134	0.342063	1.07276	3.63257e-06	1.06196e-05
678	46	38	95	109	21	529	0.0339652	3.38242	1.16365e-06	3.42603e-05
679	52	42	89	95	21	591	0.0270329	3.6107	9.93845e-07	3.67642e-05
680	41	33	45	49	17	84	0.478969	0.73612	3.46252e-06	7.22912e-06
681	43	33	68	76	19	239	0.183383	1.69618	3.11546e-06	1.69889e-05
682	34	29	69	85	17	448	0.0596894	2.8186	1.70722e-06	2.86017e-05
683	47	36	17	18	5	51	0.688569	0.37314	2.5655e-06	3.72585e-06
684	46	38	68	77	17	276	0.150897	1.89116	2.86873e-06	1.90112e-05
685	37	27	45	51	17	106	0.42279	0.86088	3.59834e-06	8.51095e-06
686	40	34	56	59	16	178	0.278505	1.27832	3.56155e-06	1.27881e-05
687	51	41	52	56	16	126	0.36999	0.99428	3.64656e-06	9.85585e-06
688	39	35	49	51	19	80	0.482739	0.72828	3.44168e-06	7.12948e-06
689	46	37	23	25	11	23	0.760104	0.2743	2.00155e-06	2.63325e-06
690	45	37	68	79	17	241	0.178134	1.72522	3.07539e-06	1.72645e-05
691	44	37	71	84	17	302	0.126474	2.06772	2.62912e-06	2.07878e-05
692	43	35	87	103	25	346	0.0896861	2.41144	2.17024e-06	2.41982e-05
693	42	34	89	104	22	328	0.0976935	2.32592	2.27609e-06	2.32982e-05
694	41	34	60	67	12	292	0.148086	1.90996	2.8576e-06	1.92969e-05
695	41	38	91	103	20	448	0.0533095	2.93164	1.57891e-06	2.96178e-05
696	40	34	59	67	18	142	0.318237	1.14496	3.60464e-06	1.13269e-05
697	39	33	63	72	19	185	0.24767	1.39566	3.44109e-06	1.38939e-05
698	38	27	53	62	19	114	0.378795	0.97076	3.62012e-06	9.55694e-06
699	38	31	67	83	19	307	0.124066	2.08694	2.60502e-06	2.0997e-05
700	37	23	36	39	11	78	0.52586	0.64272	3.33703e-06	6.34585e-06
701	36	31	33	36	12	77	0.538601	0.61878	3.29805e-06	6.12337e-06
702	35	27	68	75	11	589	0.0309649	3.4749	1.10015e-06	3.5529e-05
703	34	23	43	52	17	103	0.426621	0.85186	3.58702e-06	8.40799e-06
704	33	23	39	43	12	113	0.428982	0.84634	3.61688e-06	8.4313e-06
705	32	25	52	60	14	172	0.285361	1.254	3.57437e-06	1.25258e-05
706	30	22	30	37	10	82	0.521754	0.65056	3.36295e-06	6.44548e-06
707	28	21	59	68	16	243	0.188937	1.66634	3.16466e-06	1.67498e-05
708	36	28	60	67	14	243	0.190128	1.66006	3.17387e-06	1.66934e-05
709	39	32	27	35	9	150	0.373514	0.9848	3.71484e-06	9.94565e-06
710	39	33	37	47	13	95	0.458562	0.77966	3.53124e-06	7.70069e-06
711	38	34	50	58	13	475	0.0616218	2.78674	1.75697e-06	2.85122e-05
712	33	24	68	80	16	356	0.0984703	2.318	2.30728e-06	2.34312e-05
713	34	27	49	56	14	189	0.268319	1.31558	3.54268e-06	1.32032e-05
714	41	29	41	47	8	171	0.311219	1.16726	3.65334e-06	1.17388e-05
715	29	23	44	46	14	123	0.400044	0.91618	3.65319e-06	9.13197e-06
716	41	31	75	88	19	257	0.155154	1.86334	2.88937e-06	1.86226e-05
717	43	31	44	54	17	90	0.450174	0.79812	3.52494e-06	7.83016e-06
718	34	28	48	59	16	151	0.319621	1.14062	3.62882e-06	1.13535e-05
719	40	34	75	82	18	270	0.150776	1.89196	2.86092e-06	1.89747e-05
720	43	32	52	57	17	118	0.382985	0.95976	3.63347e-06	9.48723e-06
721	37	30	41	47	12	108	0.429145	0.84596	3.60114e-06	8.39142e-06
722	30	26	62	70	17	297	0.141664	1.9543	2.79529e-06	1.97319e-05
723	50	41	88	92	23	259	0.149769	1.89866	2.83883e-06	1.89547e-05
724	48	38	110	117	31	326	0.0909578	2.39736	2.17624e-06	2.39258e-05
725	47	38	83	90	21	343	0.0988156	2.3145	2.30289e-06	2.3305e-05
726	45	41	127	142	32	635	0.0160787	4.13026	6.71368e-07	4.17551e-05
727	44	35	121	142	25	492	0.0333412	3.40096	1.13884e-06	3.41571e-05
728	31	27	66	80	20	395	0.0807094	2.5169	2.05837e-06	2.55034e-05
729	43	31	81	91	22	286	0.131325	2.03008	2.67021e-06	2.03328e-05
730	42	33	51	58	14	196	0.255677	1.36384	3.49973e-06	1.36881e-05
731	41	30	65	80	14	487	0.0504839	2.9861	1.53429e-06	3.03917e-05
732	40	30	84	100	22	268	0.136041	1.9948	2.7051e-06	1.98845e-05
733	39	32	30	35	11	96	0.491939	0.7094	3.48119e-06	7.07645e-06
734	39	31	131	148	26	570	0.0215703	3.83644	8.33478e-07	3.86402e-05
735	38	29	51	54	15	98	0.432177	0.83892	3.56772e-06	8.25522e-06
736	37	31	53	56	18	177	0.285253	1.25438	3.58438e-06	1.25656e-05
737	36	30	41	46	12	103	0.443002	0.81418	3.57472e-06	8.06931e-06
738	35	27	23	23	9	25	0.7619	0.27194	2.00123e-06	2.62662e-06
739	45	40	103	116	25	519	0.0342051	3.37538	1.16722e-06	3.41241e-05
740	33	27	64	74	14	281	0.149895	1.89782	2.86413e-06	1.91076e-05
741	32	27	30	34	11	69	0.568121	0.56542	3.17319e-06	5.58541e-06
742	30	20	12	13	3	28	0.798964	0.22444	1.77494e-06	2.22155e-06
743	45	37	91	102	26	243	0.152611	1.87986	2.84911e-06	1.8669e-05
744	36	28	47	51	13	151	0.336089	1.09038	3.66402e-06	1.09019e-05
745	44	31	42	49	13	156	0.331768	1.10332	3.6676e-06	1.10547e-05
746	49	43	103	118	29	389	0.0655501	2.72494	1.79146e-06	2.73296e-05
747	38	33	55	64	15	160	0.295845	1.21792	3.58385e-06	1.2114e-05
748	37	29	107	121	23	588	0.0233145	3.75868	8.87641e-07	3.80725e-05
749	43	38	111	128	20	618	0.0191464	3.95564	7.67036e-07	4.00616e-05
750	35	27	32	37	10	135	0.398176	0.92086	3.68773e-06	9.26154e-06
751	38	24	53	59	17	125	0.364941	1.00802	3.63921e-06	9.97206e-06
752	52	44	89	95	18	313	0.111593	2.1929	2.45428e-06	2.19932e-05
753	43	38	92	106	25	344	0.0889145	2.42008	2.15718e-06	2.42613e-05
754	34	25	52	61	16	205	0.239649	1.42858	3.43551e-06	1.43356e-05
755	35	24	63	69	19	133	0.329026	1.11162	3.60665e-06	1.09616e-05
756	46	33	25	30	10	82	0.545201	0.6066	3.29866e-06	6.05035e-06
757	55	44	82	93	23	268	0.142155	1.95084	2.7705e-06	1.94893e-05
758	52	43	76	86	26	204	0.205876	1.58048	3.23095e-06	1.56937e-05
759	50	38	56	68	18	207	0.227015	1.48274	3.36822e-06	1.4837e-05
760	48	37	62	72	20	237	0.189976	1.66086	3.16438e-06	1.66568e-05
761	47	39	81	94	23	270	0.139831	1.96732	2.74797e-06	1.9652e-05
762	41	34	82	92	22	206	0.196251	1.62836	3.16722e-06	1.61386e-05
763	45	33	110	120	31	312	0.0958664	2.3448	2.2386e-06	2.33513e-05
764	44	40	70	77	24	195	0.22808	1.47806	3.35447e-06	1.47074e-05
765	43	30	61	70	19	233	0.196341	1.6279	3.20652e-06	1.63314e-05
766	42	32	46	49	13	101	0.439191	0.82282	3.57167e-06	8.13239e-06
767	41	33	122	134	30	478	0.0376539	3.27932	1.24113e-06	3.29616e-05
768	40	26	72	83	18	447	0.0607529	2.80094	1.72755e-06	2.84357e-05
769	40	29	31	37	10	101	0.473568	0.74746	3.53046e-06	7.45501e-06
770	39	33	57	67	27	127	0.343537	1.06846	3.61741e-06	1.05299e-05
771	38	26	52	61	14	165	0.293881	1.22458	3.58837e-06	1.22103e-05
772	37	27	56	64	17	126	0.351861	1.04452	3.62678e-06	1.03074e-05
773	40	32	90	98	22	515	0.039088	3.24194	1.28582e-06	3.28955e-05
774	35	31	30	34	13	47	0.635578	0.45322	2.80702e-06	4.41648e-06
775	34	23	41	47	13	122	0.399573	0.91736	3.65021e-06	9.13529e-06
776	33	23	21	25	8	44	0.682905	0.3814	2.56024e-06	3.74905e-06
777	32	25	87	104	22	393	0.0701289	2.65742	1.87608e-06	2.67519e-05
778	36	31	73	83	18	271	0.14907	1.90334	2.84489e-06	1.90842e-05
779	45	33	68	72	18	170	0.26736	1.31916	3.50158e-06	1.30969e-05
780	27	23	45	50	11	161	0.32139	1.1351	3.6564e-06	1.13768e-05
781	40	33	108	119	25	646	0.0175637	4.04192	7.20838e-07	4.10413e-05
782	43	36	81	92	17	470	0.0510597	2.97476	1.54026e-06	3.01658e-05
783	38	33	55	63	17	278	0.163092	1.81344	2.98903e-06	1.83272e-05
784	41	32	114	126	31	323	0.0872847	2.43858	2.11879e-06	2.42744e-05
785	39	31	96	104	25	350	0.0873249	2.43812	2.13659e-06	2.44672e-05
786	45	33	95	107	22	392	0.0691719	2.67116	1.85852e-06	2.68681e-05
787	41	34	52	60	8	357	0.111081	2.1975	2.48325e-06	2.23554e-05
788	39	29	44	49	16	108	0.423789	0.85852	3.60403e-06	8.50432e-06
789	43	37	90	107	21	465	0.0476697	3.04346	1.46569e-06	3.07468e-05
790	34	25	53	60	19	123	0.366374	1.0041	3.63525e-06	9.92224e-06
791	40	31	79	87	16	408	0.0722835	2.62716	1.92197e-06	2.65893e-05
792	37	29	59	71	13	282	0.151969	1.88408	2.88609e-06	1.89913e-05
793	37	32	52	58	23	80	0.461977	0.77224	3.4762e-06	7.52462e-06
794	38	31	33	37	9	93	0.493289	0.70666	3.4678e-06	7.02995e-06
795	42	34	55	62	17	152	0.31206	1.16456	3.61241e-06	1.1576e-05
796	39	36	72	83	20	254	0.162571	1.81664	2.9557e-06	1.8181e-05
797	47	37	55	66	16	166	0.283348	1.26108	3.55478e-06	1.25457e-05
798	46	40	121	135	24	688	0.0128219	4.3566	5.66421e-07	4.41761e-05
799	45	33	61	66	18	200	0.238239	1.43448	3.41925e-06	1.43522e-05
800	44	37	108	123	29	322	0.0893995	2.41464	2.15023e-06	2.40519e-05
801	43	34	44	57	15	174	0.287837	1.24536	3.58723e-06	1.24627e-05
802	44	34	80	92	25	248	0.158411	1.84256	2.91005e-06	1.83702e-05
803	41	33	66	74	25	148	0.295372	1.21952	3.55652e-06	1.20408e-05
804	40	33	90	102	28	234	0.15978	1.83396	2.90652e-06	1.81908e-05
805	40	30	67	72	19	165	0.274265	1.29366	3.51915e-06	1.28312e-05
806	39	32	34	40	12	111	0.441622	0.8173	3.60174e-06	8.15569e-06
807	38	32	103	119	23	419	0.0558984	2.88422	1.61994e-06	2.89801e-05
808	37	30	40	45	17	77	0.509004	0.6753	3.37541e-06	6.6314e-06
809	36	27	46	55	16	105	0.41441	0.8809	3.59857e-06	8.6836e-06
810	36	23	61	66	17	179	0.265171	1.32738	3.50991e-06	1.32364e-05
811	35	29	33	41	12	92	0.483512	0.72668	3.48254e-06	7.20261e-06
812	34	25	34	39	9	136	0.391206	0.93852	3.68813e-06	9.42757e-06
813	49	37	101	113	23	446	0.0505779	2.98424	1.52118e-06	3.0076e-05
814	31	29	51	56	14	152	0.324043	1.12688	3.64137e-06	1.12373e-05
815	29	25	47	55	14	118	0.387825	0.9472	3.63561e-06	9.37434e-06
816	36	23	21	24	5	116	0.476008	0.74232	3.57872e-06	7.51819e-06
817	45	37	63	69	19	309	0.134093	2.00922	2.72384e-06	2.0313e-05
818	49	42	87	97	23	264	0.141485	1.95556	2.75933e-06	1.95026e-05
819	38	31	60	67	23	123	0.350617	1.04806	3.61745e-06	1.03174e-05
820	37	29	61	63	19	140	0.329678	1.10964	3.62475e-06	1.09948e-05
821	53	38	44	48	19	62	0.539215	0.61764	3.23731e-06	6.00374e-06
822	40	35	62	78	13	413	0.0745608	2.59614	1.96445e-06	2.63469e-05
823	37	29	51	53	16	136	0.35828	1.02644	3.66085e-06	1.02178e-05
824	51	42	89	96	21	425	0.0626382	2.77038	1.75391e-06	2.80006e-05
825	43	29	44	52	17	97	0.439877	0.82126	3.55825e-06	8.0892e-06
826	34	25	45	51	15	112	0.410048	0.89148	3.62062e-06	8.82975e-06
827	39	26	45	52	13	144	0.346123	1.06096	3.66422e-06	1.05865e-05
828	46	34	108	122	27	347	0.0791936	2.53586	2.00548e-06	2.53238e-05
829	37	33	92	97	27	213	0.183515	1.69546	3.08173e-06	1.67928e-05
830	40	32	30	35	15	39	0.657902	0.4187	2.66309e-06	4.04786e-06
831	51	39	106	123	20	630	0.0185843	3.98544	7.5112e-07	4.0417e-05
832	49	36	95	112	25	360	0.0789169	2.53936	2.00844e-06	2.54501e-05
833	48	39	75	81	24	150	0.2798	1.27368	3.50932e-06	1.25422e-05
834	46	39	82	92	25	181	0.222938	1.50086	3.30178e-06	1.48103e-05
835	45	29	66	72	21	139	0.313154	1.16106	3.58553e-06	1.14497e-05
836	41	31	51	57	16	126	0.367673	1.00056	3.64449e-06	9.9123e-06
837	43	37	61	68	19	218	0.21463	1.53884	3.30991e-06	1.54215e-05
838	42	32	24	26	12	23	0.755346	0.28058	2.03165e-06	2.6897e-06
839	41	38	90	100	27	290	0.121602	2.107	2.56014e-06	2.10534e-05
840	41	30	44	52	13	200	0.260134	1.34656	3.52791e-06	1.35619e-05
841	40	32	41	49	13	137	0.365525	1.00642	3.67177e-06	1.00452e-05
842	37	32	44	50	14	117	0.402243	0.9107	3.63586e-06	9.03896e-06
843	38	31	80	86	23	244	0.167884	1.78448	2.99153e-06	1.7819e-05
844	38	25	75	89	14	461	0.0544746	2.91002	1.608e-06	2.95182e-05
845	37	29	45	48	10	180	0.295396	1.21944	3.62553e-06	1.22735e-05
846	36	31	63	70	22	189	0.245735	1.4035	3.4387e-06	1.39935e-05
847	35	32	66	73	17	173	0.261652	1.34074	3.4833e-06	1.33127e-05
848	34	31	55	60	19	92	0.429128	0.846	3.55108e-06	8.27511e-06
849	33	27	38	43	14	79	0.510206	0.67294	3.38e-06	6.62477e-06
850	31	25	38	44	15	93	0.472074	0.75062	3.50519e-06	7.42508e-06
851	45	37	66	76	23	136	0.310094	1.17088	3.57108e-06	1.15161e-05
852	36	28	48	54	15	113	0.400348	0.91542	3.62404e-06	9.05222e-06
853	40	37	75	90	15	451	0.056966	2.8653	1.65449e-06	2.90434e-05
854	42	34	85	93	22	359	0.0893727	2.41494	2.17394e-06	2.43244e-05
855	38	28	50	58	13	150	0.323279	1.12924	3.63493e-06	1.12439e-05
856	41	29	94	103	25	263	0.13695	1.98814	2.70998e-06	1.97881e-05
857	40	30	78	87	19	279	0.13956	1.96926	2.75423e-06	1.97351e-05
858	33	26	41	45	11	91	0.473928	0.7467	3.49534e-06	7.37526e-06
859	39	34	32	37	10	98	0.480869	0.73216	3.50824e-06	7.29561e-06
860	39	34	33	38	13	76	0.534598	0.62624	3.30549e-06	6.18313e-06
861	43	32	40	48	16	113	0.415721	0.87774	3.6224e-06	8.71354e-06
862	34	25	33	38	15	56	0.592005	0.52424	3.03134e-06	5.12047e-06
863	41	38	87	95	24	269	0.139666	1.9685	2.74519e-06	1.96554e-05
864	44	39	20	23	9	21	0.777602	0.25154	1.8772e-06	2.41409e-06
865	57	42	143	155	31	898	0.00387504	5.5532	2.18796e-07	5.6463e-05
866	54	44	86	94	21	277	0.134927	2.00302	2.70178e-06	2.0024e-05
867	51	41	89	103	27	280	0.125577	2.07484	2.59835e-06	2.06914e-05
868	49	43	70	77	19	243	0.178555	1.72286	3.08147e-06	1.72578e-05
869	45	33	46	51	22	61	0.531857	0.63138	3.25494e-06	6.11995e-06
870	37	31	51	53	18	85	0.464711	0.76634	3.48907e-06	7.50804e-06
871	45	33	28	33	13	35	0.679947	0.38574	2.53106e-06	3.72243e-06
872	44	31	91	109	21	411	0.0620001	2.78062	1.73541e-06	2.79905e-05
873	43	35	84	99	18	382	0.0765417	2.56992	1.9813e-06	2.58852e-05
874	42	29	56	62	16	188	0.259718	1.34816	3.50328e-06	1.34888e-05
875	42	34	61	74	18	209	0.216401	1.53062	3.30704e-06	1.5282e-05
876	32	25	43	48	15	87	0.474668	0.74514	3.4803e-06	7.33207e-06
877	40	33	50	54	14	149	0.333197	1.09902	3.65352e-06	1.0965e-05
878	39	27	94	106	18	366	0.0794776	2.53228	2.02113e-06	2.54302e-05
879	38	30	45	51	17	118	0.397691	0.92208	3.63829e-06	9.14855e-06
880	38	28	28	31	14	59	0.609217	0.49558	2.97587e-06	4.88473e-06
881	37	33	100	108	18	538	0.0326458	3.42204	1.13222e-06	3.4682e-05
882	36	25	58	64	18	175	0.274057	1.29442	3.53834e-06	1.2911e-05
883	35	28	53	64	14	267	0.171423	1.76362	3.0512e-06	1.77992e-05
884	34	32	66	73	19	226	0.19968	1.61104	3.22059e-06	1.61288e-05
885	33	24	37	43	11	152	0.351607	1.04524	3.69311e-06	1.05035e-05
886	32	25	29	31	9	76	0.558623	0.58228	3.23331e-06	5.788e-06
887	45	36	64	74	17	182	0.248349	1.39292	3.43898e-06	1.38474e-05
888	28	20	55	64	13	205	0.235176	1.44742	3.41122e-06	1.4505e-05
889	33	21	49	51	11	190	0.275469	1.28928	3.57397e-06	1.29741e-05
890	49	38	55	66	17	177	0.26789	1.31718	3.51742e-06	1.31301e-05
891	38	33	53	60	11	206	0.239932	1.4274	3.43878e-06	1.43323e-05
892	39	28	51	57	16	134	0.352974	1.04136	3.64882e-06	1.03374e-05
893	56	43	61	66	13	244	0.190352	1.65888	3.17698e-06	1.669e-05
894	43	33	114	130	24	501	0.0343381	3.3715	1.16605e-06	3.39579e-05
895	38	29	78	95	25	255	0.150003	1.8971	2.83678e-06	1.89115e-05
896	37	28	59	70	22	173	0.266628	1.3219	3.50439e-06	1.31434e-05
897	43	33	61	70	16	290	0.146812	1.9186	2.84228e-06	1.936e-05
898	34	26	71	82	16	290	0.136155	1.99396	2.72819e-06	2.00373e-05
899	38	30	55	63	17	168	0.285807	1.25244	3.5676e-06	1.24826e-05
900	46	40	90	112	22	326	0.0938592	2.36596	2.21916e-06	2.36436e-05
901	37	29	74	84	20	304	0.12519	2.07792	2.61574e-06	2.08941e-05
902	45	35	65	71	22	139	0.315127	1.15478	3.59033e-06	1.13933e-05
903	51	40	84	98	25	229	0.168076	1.78334	2.97484e-06	1.76994e-05
904	39	28	58	67	15	200	0.236748	1.44076	3.41121e-06	1.44086e-05
905	48	38	63	74	18	214	0.210953	1.55612	3.27982e-06	1.55476e-05
906	47	42	105	120	22	384	0.0664039	2.712	1.80465e-06	2.71769e-05
907	46	34	64	77	18	263	0.16124	1.82486	2.954e-06	1.83205e-05
908	45	36	52	58	16	114	0.388431	0.94564	3.62451e-06	9.33115e-06
909	44	39	111	122	28	369	0.0707884	2.64806	1.87538e-06	2.64928e-05
910	44	35	108	122	28	468	0.0427255	3.15296	1.35666e-06	3.17529e-05
911	42	30	77	86	20	257	0.157115	1.85078	2.90815e-06	1.85097e-05
912	41	26	48	56	13	221	0.227916	1.47878	3.39674e-06	1.49035e-05
913	40	33	96	112	20	532	0.0328252	3.41656	1.13539e-06	3.4589e-05
914	39	28	48	55	14	114	0.395818	0.9268	3.62641e-06	9.1618e-06
915	39	32	92	103	22	531	0.0349115	3.35494	1.18796e-06	3.40278e-05
916	29	22	54	61	12	217	0.225422	1.48978	3.37529e-06	1.49732e-05
917	37	30	59	70	18	187	0.248255	1.3933	3.44757e-06	1.38872e-05
918	36	30	58	65	17	155	0.301586	1.1987	3.5903e-06	1.19047e-05
919	35	28	74	83	19	269	0.150598	1.89314	2.85805e-06	1.8978e-05
920	34	28	43	51	13	146	0.344769	1.06488	3.66706e-06	1.06363e-05
921	33	26	40	48	11	139	0.364095	1.01034	3.67554e-06	1.0095e-05
922	32	26	49	53	19	86	0.462347	0.77144	3.49589e-06	7.56118e-06
923	30	24	93	98	19	478	0.0472057	3.05324	1.46005e-06	3.09295e-05
924	29	23	65	70	16	346	0.110339	2.2042	2.46446e-06	2.23354e-05
925	40	29	52	61	16	132	0.347747	1.05628	3.63635e-06	1.04569e-05
926	35	26	17	20	6	56	0.662854	0.4112	2.72063e-06	4.10441e-06
927	38	28	50	54	16	180	0.284472	1.25712	3.5878e-06	1.26121e-05
928	29	22	62	69	17	296	0.143285	1.94292	2.81158e-06	1.96223e-05
929	41	32	75	88	20	278	0.139396	1.97044	2.75145e-06	1.97384e-05
930	32	24	65	75	12	304	0.13247	2.0214	2.70054e-06	2.03861e-05
931	51	36	78	88	20	223	0.184531	1.68994	3.10308e-06	1.68161e-05
932	48	38	83	94	19	289	0.126917	2.06422	2.62231e-06	2.06616e-05
933	43	30	41	45	13	127	0.394435	0.9303	3.66354e-06	9.28806e-06
934	34	29	55	60	16	127	0.358976	1.0245	3.63814e-06	1.01348e-05
935	41	35	66	76	20	178	0.250304	1.38508	3.44111e-06	1.37477e-05
936	44	33	98	110	24	332	0.0921811	2.384	2.19847e-06	2.38495e-05
937	37	28	50	62	13	367	0.10424	2.26106	2.39748e-06	2.29996e-05
938	36	30	43	53	13	152	0.330206	1.10804	3.6547e-06	1.1068e-05
939	52	39	89	98	23	266	0.139173	1.97204	2.73687e-06	1.96653e-05
940	50	41	126	139	27	448	0.0425226	3.15772	1.34584e-06	3.16499e-05
941	49	41	74	85	22	222	0.189002	1.666	3.13622e-06	1.65936e-05
942	47	40	123	138	27	508	0.0315103	3.45744	1.09597e-06	3.47814e-05
943	46	31	54	55	16	112	0.399876	0.9166	3.62109e-06	9.05554e-06
944	31	24	46	54	17	137	0.354226	1.03782	3.65824e-06	1.03274e-05
945	44	31	42	51	11	143	0.350085	1.04958	3.66779e-06	1.04769e-05
946	43	31	68	80	16	283	0.142887	1.9457	2.7938e-06	1.95525e-05
947	42	32	57	61	19	118	0.373484	0.98488	3.62766e-06	9.71302e-06
948	41	33	48	53	17	116	0.396754	0.92444	3.63235e-06	9.15517e-06
949	40	33	71	78	17	201	0.219821	1.51494	3.3155e-06	1.50827e-05
950	38	25	43	48	14	92	0.462717	0.77064	3.5156e-06	7.59774e-06
951	39	27	61	64	13	201	0.240023	1.42702	3.43051e-06	1.42924e-05
952	38	32	43	47	20	47	0.585751	0.53486	3.01679e-06	5.1503e-06
953	37	30	32	32	13	58	0.608499	0.49676	2.97437e-06	4.88805e-06
954	36	27	30	35	8	98	0.486947	0.7196	3.4976e-06	7.18272e-06
955	36	24	25	26	8	52	0.651499	0.42848	2.75621e-06	4.23056e-06
956	35	30	85	94	25	255	0.150948	1.89082	2.84613e-06	1.8855e-05
957	33	28	42	49	16	120	0.398631	0.91972	3.64425e-06	9.14192e-06
958	32	27	89	98	18	431	0.0599922	2.81354	1.70572e-06	2.84323e-05
959	31	23	92	108	11	1028	0.00268241	5.92104	1.62869e-07	6.07173e-05
960	36	27	42	45	14	115	0.419329	0.8691	3.62739e-06	8.65046e-06
961	27	24	41	46	11	233	0.228281	1.47718	3.41887e-06	1.49766e-05
962	25	24	50	58	12	188	0.266324	1.32304	3.53226e-06	1.3263e-05
963	38	32	74	85	22	226	0.185185	1.6864	3.11225e-06	1.68061e-05
964	35	26	58	64	16	175	0.274057	1.29442	3.53834e-06	1.2911e-05
965	57	40	64	74	23	147	0.296882	1.21442	3.55894e-06	1.19877e-05
966	32	27	63	74	18	207	0.21862	1.52042	3.31771e-06	1.51757e-05
967	38	27	96	103	27	255	0.142653	1.94734	2.7622e-06	1.93631e-05
968	43	36	45	50	16	130	0.376439	0.977	3.66263e-06	9.7297e-06
969	43	30	72	83	17	434	0.0649174	2.73464	1.80113e-06	2.7745e-05
970	34	29	71	76	14	286	0.144297	1.93588	2.81179e-06	1.94861e-05
971	30	26	66	77	14	347	0.105056	2.25326	2.39357e-06	2.27837e-05
972	46	35	62	70	15	210	0.220777	1.5106	3.33579e-06	1.51093e-05
973	37	27	97	117	19	552	0.0287258	3.54996	1.03223e-06	3.59339e-05
974	56	46	83	95	27	204	0.194563	1.637	3.15225e-06	1.62017e-05
975	53	41	96	102	25	372	0.0790433	2.53776	2.01744e-06	2.55232e-05
976	39	35	72	81	25	181	0.238883	1.43178	3.3896e-06	1.41894e-05
977	43	32	66	81	19	290	0.137013	1.98768	2.73764e-06	1.99809e-05
978	35	26	43	49	10	160	0.325068	1.12372	3.66262e-06	1.12672e-05
979	46	33	50	58	14	136	0.347205	1.05784	3.64568e-06	1.05001e-05
980	45	31	72	83	20	231	0.182804	1.69934	3.10016e-06	1.69589e-05
981	44	36	75	87	15	521	0.0406214	3.20346	1.32399e-06	3.25933e-05
982	43	30	86	94	17	413	0.0674331	2.69662	1.83756e-06	2.72501e-05
983	42	33	37	45	13	94	0.466732	0.762	3.51667e-06	7.53466e-06
984	51	40	92	104	24	374	0.0772646	2.56052	1.98897e-06	2.57424e-05
985	41	35	72	86	16	300	0.126176	2.07008	2.62375e-06	2.07945e-05
986	40	30	52	60	16	247	0.19466	1.6365	3.21399e-06	1.65108e-05
987	39	32	80	86	20	364	0.0910378	2.39648	2.20266e-06	2.4195e-05
988	38	30	46	58	15	122	0.372902	0.98644	3.63811e-06	9.75621e-06
989	37	25	42	49	13	179	0.295047	1.22062	3.62223e-06	1.22768e-05
990	34	27	77	91	22	280	0.135406	1.99948	2.71001e-06	2.0014e-05
991	36	29	63	76	20	157	0.2786	1.27798	3.51925e-06	1.26319e-05
992	35	31	84	96	18	381	0.0783962	2.54598	2.01186e-06	2.56627e-05
993	34	24	88	101	15	446	0.0545368	2.90888	1.60331e-06	2.93986e-05
994	33	25	30	33	12	37	0.673047	0.39594	2.57689e-06	3.8287e-06
995	45	36	80	89	26	239	0.169006	1.77782	2.99524e-06	1.77227e-05
996	30	24	27	32	6	107	0.473947	0.74666	3.55061e-06	7.49158e-06
997	28	17	9	9	5	5	0.921254	0.08202	7.12769e-07	7.73694e-07
998	41	32	63	73	16	240	0.18592	1.68244	3.13696e-06	1.68726e-05
999	38	32	39	47	16	102	0.44248	0.81536	3.57197e-06	8.07262e-06
1000	38	30	37	43	15	60	0.56212	0.57604	3.15644e-06	5.61524e-06