Hist	Tr_Tot	Tr_in	DSBs	DSBt	RIFs	NComb	PSurv	lPSurv	PMut*	PMut
1	231	187	66	70	36	60	0.47445	0.7456	3.38725e-06	7.13932e-06
2	228	180	74	79	43	63	0.441569	0.81742	3.44722e-06	7.80675e-06
3	226	180	72	75	27	138	0.308881	1.1748	3.5725e-06	1.1566e-05
4	224	175	69	70	31	76	0.437272	0.8272	3.49356e-06	7.98946e-06
5	222	176	53	54	30	53	0.543666	0.60942	3.18818e-06	5.86423e-06
6	220	164	88	92	38	117	0.308986	1.17446	3.52545e-06	1.14098e-05
7	218	178	69	69	38	46	0.512774	0.66792	3.25048e-06	6.33901e-06
8	216	168	69	75	33	99	0.376853	0.9759	3.57775e-06	9.49376e-06
9	214	161	82	84	35	109	0.338436	1.08342	3.56479e-06	1.05331e-05
10	225	181	92	94	35	150	0.257865	1.35532	3.42343e-06	1.32761e-05
11	211	155	71	72	34	68	0.449797	0.79896	3.45322e-06	7.67728e-06
12	209	162	54	57	29	53	0.533519	0.62826	3.21903e-06	6.03357e-06
13	207	163	52	54	32	41	0.577978	0.54822	3.02088e-06	5.22663e-06
14	204	165	58	60	31	57	0.512989	0.6675	3.29106e-06	6.41545e-06
15	202	162	69	73	32	80	0.420446	0.86644	3.51969e-06	8.37133e-06
16	244	197	86	88	38	105	0.336842	1.08814	3.55247e-06	1.05464e-05
17	195	148	80	82	32	128	0.311063	1.16776	3.55537e-06	1.14298e-05
18	192	149	65	69	32	97	0.395336	0.92802	3.57732e-06	9.0488e-06
19	208	158	79	81	37	100	0.361071	1.01868	3.5694e-06	9.88558e-06
20	221	173	67	69	36	53	0.494791	0.70362	3.32051e-06	6.71094e-06
21	224	176	60	64	33	83	0.438139	0.82522	3.51506e-06	8.0227e-06
22	221	183	56	56	32	45	0.559238	0.58118	3.10492e-06	5.55206e-06
23	228	178	77	79	33	98	0.369383	0.99592	3.57061e-06	9.66641e-06
24	206	163	58	59	31	63	0.500664	0.69182	3.34333e-06	6.6778e-06
25	205	162	78	80	36	95	0.37273	0.9869	3.56459e-06	9.56346e-06
26	194	157	55	55	29	45	0.562761	0.5749	3.09272e-06	5.49561e-06
27	212	172	65	65	34	48	0.520482	0.653	3.23713e-06	6.21949e-06
28	229	177	82	82	41	107	0.346227	1.06066	3.57097e-06	1.0314e-05
29	230	176	76	76	36	84	0.404267	0.90568	3.53863e-06	8.75321e-06
30	218	174	61	64	30	81	0.44263	0.81502	3.50406e-06	7.91644e-06
31	206	167	63	65	35	42	0.536655	0.6224	3.16663e-06	5.90069e-06
32	200	155	85	86	38	100	0.34991	1.05008	3.55782e-06	1.01678e-05
33	223	175	75	76	31	105	0.363208	1.01278	3.5845e-06	9.869e-06
34	242	199	78	80	31	143	0.291796	1.2317	3.53478e-06	1.21139e-05
35	238	173	85	90	42	93	0.353631	1.0395	3.54398e-06	1.00217e-05
36	234	179	75	75	34	91	0.392547	0.9351	3.55988e-06	9.06869e-06
37	231	170	82	82	32	112	0.33751	1.08616	3.57073e-06	1.05796e-05
38	240	192	79	79	39	82	0.400789	0.91432	3.53347e-06	8.81628e-06
39	226	172	75	78	41	76	0.415846	0.87744	3.51017e-06	8.44104e-06
40	224	183	84	87	37	124	0.30766	1.17876	3.53792e-06	1.14995e-05
41	222	181	86	89	33	156	0.258071	1.35452	3.4356e-06	1.33126e-05
42	220	168	53	55	28	46	0.559898	0.58	3.10673e-06	5.54875e-06
43	218	163	71	72	33	81	0.420942	0.86526	3.52245e-06	8.36802e-06
44	194	152	57	60	28	73	0.472792	0.7491	3.43511e-06	7.26558e-06
45	215	157	68	69	32	97	0.395336	0.92802	3.57732e-06	9.0488e-06
46	213	172	69	71	36	59	0.47389	0.74678	3.38483e-06	7.14264e-06
47	211	159	60	61	28	67	0.484431	0.72478	3.39258e-06	7.00323e-06
48	209	172	61	62	34	51	0.522328	0.64946	3.24342e-06	6.20954e-06
49	207	165	63	65	29	86	0.428785	0.8468	3.53257e-06	8.23855e-06
50	219	174	70	73	31	82	0.416179	0.87664	3.5282e-06	8.4776e-06
51	202	159	65	67	37	43	0.527261	0.64006	3.19874e-06	6.06672e-06
52	200	156	57	60	31	64	0.494999	0.7032	3.35975e-06	6.78738e-06
53	196	147	79	80	33	112	0.341776	1.0736	3.57727e-06	1.04667e-05
54	226	176	87	88	38	97	0.35087	1.04734	3.55126e-06	1.01213e-05
55	231	183	89	94	36	140	0.271357	1.30432	3.45837e-06	1.27447e-05
56	182	139	75	76	34	102	0.368808	0.99748	3.58098e-06	9.7096e-06
57	198	150	41	41	25	21	0.694488	0.36458	2.3822e-06	3.43015e-06
58	234	179	86	90	43	88	0.362765	1.014	3.53914e-06	9.75601e-06
59	228	180	76	78	29	138	0.303116	1.19364	3.55715e-06	1.17353e-05
60	205	159	44	44	25	28	0.657625	0.41912	2.61171e-06	3.97142e-06
61	232	180	90	91	31	166	0.242179	1.41808	3.38005e-06	1.39568e-05
62	220	172	87	87	42	86	0.373454	0.98496	3.54049e-06	9.4804e-06
63	212	170	71	72	34	66	0.454408	0.78876	3.44033e-06	7.57102e-06
64	198	158	60	60	27	73	0.472792	0.7491	3.43511e-06	7.26558e-06
65	217	170	80	82	33	99	0.360645	1.01986	3.56638e-06	9.88889e-06
66	218	173	74	77	32	100	0.370256	0.99356	3.5766e-06	9.65979e-06
67	190	153	76	79	36	120	0.330179	1.10812	3.5776e-06	1.08353e-05
68	255	195	74	76	37	89	0.394088	0.93118	3.55423e-06	9.01887e-06
69	248	188	91	94	35	181	0.220156	1.51342	3.28542e-06	1.49232e-05
70	243	192	68	72	30	94	0.393939	0.93156	3.56859e-06	9.05875e-06
71	238	175	82	86	35	122	0.312772	1.16228	3.54582e-06	1.13367e-05
72	230	166	64	65	37	52	0.509972	0.6734	3.28015e-06	6.43202e-06
73	208	164	53	53	27	59	0.530604	0.63374	3.25079e-06	6.12658e-06
74	229	182	69	70	34	71	0.448566	0.8017	3.46463e-06	7.72379e-06
75	227	181	72	74	33	87	0.403161	0.90842	3.5477e-06	8.79971e-06
76	225	171	88	89	39	104	0.336445	1.08932	3.54939e-06	1.05497e-05
77	223	185	74	74	35	66	0.448736	0.80132	3.44805e-06	7.68391e-06
78	221	172	64	66	31	79	0.441587	0.81738	3.49872e-06	7.92306e-06
79	219	170	58	59	33	50	0.534983	0.62552	3.20298e-06	5.98707e-06
80	217	170	68	69	34	76	0.440027	0.82092	3.49073e-06	7.93301e-06
81	215	172	71	73	30	97	0.385529	0.95314	3.57562e-06	9.2746e-06
82	213	169	68	70	35	64	0.464869	0.766	3.41765e-06	7.35186e-06
83	212	167	69	70	38	63	0.467246	0.7609	3.4103e-06	7.29872e-06
84	215	169	74	75	30	119	0.340309	1.0779	3.59245e-06	1.05564e-05
85	208	158	55	57	27	53	0.533519	0.62826	3.21903e-06	6.03357e-06
86	205	161	70	74	36	73	0.432999	0.83702	3.48817e-06	8.05585e-06
87	203	160	87	91	38	121	0.304654	1.18858	3.52358e-06	1.15658e-05
88	200	161	62	64	28	73	0.461063	0.77422	3.454e-06	7.49137e-06
89	216	164	79	81	34	88	0.383859	0.95748	3.54992e-06	9.24798e-06
90	185	151	61	62	35	48	0.530381	0.63416	3.20888e-06	6.05014e-06
91	189	151	71	73	30	101	0.377743	0.97354	3.5837e-06	9.48713e-06
92	221	182	72	75	35	72	0.432488	0.8382	3.48549e-06	8.05916e-06
93	214	170	61	61	32	58	0.507185	0.67888	3.3094e-06	6.52503e-06
94	188	154	55	56	32	44	0.562097	0.57608	3.09093e-06	5.49893e-06
95	228	180	100	102	41	165	0.227169	1.48206	3.29955e-06	1.45246e-05
96	206	153	64	65	32	56	0.499674	0.6938	3.32011e-06	6.64455e-06
97	209	163	61	64	30	60	0.492668	0.70792	3.35046e-06	6.80064e-06
98	228	174	66	66	34	51	0.50937	0.67458	3.27797e-06	6.43533e-06
99	212	168	79	82	37	83	0.391308	0.93826	3.53694e-06	9.03876e-06
100	222	177	88	91	38	113	0.31734	1.14778	3.53542e-06	1.11408e-05
101	203	160	65	67	32	66	0.468903	0.75736	3.41773e-06	7.28878e-06
102	220	172	79	81	35	96	0.368513	0.99828	3.56464e-06	9.67304e-06
103	241	192	87	92	38	132	0.28623	1.25096	3.49394e-06	1.22068e-05
104	217	164	65	67	31	85	0.425598	0.85426	3.53174e-06	8.29831e-06
105	223	178	73	78	33	109	0.351432	1.04574	3.58265e-06	1.01944e-05
106	201	162	73	75	41	54	0.47407	0.7464	3.36721e-06	7.10276e-06
107	232	194	68	70	31	90	0.407139	0.8986	3.55568e-06	8.73332e-06
108	236	184	63	66	33	57	0.49402	0.70518	3.33667e-06	6.75413e-06
109	233	174	93	98	37	207	0.188033	1.67114	3.10826e-06	1.65304e-05
110	230	178	67	70	35	63	0.467246	0.7609	3.4103e-06	7.29872e-06
111	227	176	75	80	34	99	0.365204	1.0073	3.57023e-06	9.77599e-06
112	225	177	71	74	28	119	0.342453	1.07162	3.59575e-06	1.05e-05
113	223	181	58	61	30	83	0.446471	0.80638	3.5063e-06	7.85336e-06
114	221	163	101	104	33	192	0.195476	1.63232	3.14171e-06	1.60721e-05
115	219	162	85	89	33	141	0.278588	1.27802	3.48671e-06	1.25156e-05
116	217	173	62	62	33	73	0.466891	0.76166	3.44494e-06	7.37847e-06
117	216	160	74	77	36	83	0.40379	0.90686	3.5358e-06	8.75652e-06
118	214	173	60	60	28	71	0.477639	0.7389	3.41957e-06	7.15931e-06
119	212	166	73	78	39	65	0.439842	0.82134	3.45565e-06	7.85657e-06
120	210	160	68	68	33	68	0.461239	0.77384	3.43692e-06	7.45149e-06
121	208	166	72	73	32	106	0.368233	0.99904	3.5913e-06	9.75279e-06
122	206	156	72	72	30	141	0.309976	1.17126	3.58209e-06	1.1556e-05
123	204	161	59	60	32	59	0.507784	0.6777	3.31162e-06	6.52171e-06
124	202	152	62	64	30	75	0.456384	0.78442	3.46744e-06	7.59764e-06
125	198	152	83	86	37	148	0.273931	1.29488	3.48391e-06	1.27182e-05
126	194	159	57	58	29	57	0.519473	0.65494	3.27401e-06	6.30255e-06
127	239	171	88	91	38	128	0.293969	1.22428	3.50934e-06	1.19378e-05
128	221	171	71	74	34	95	0.387043	0.94922	3.57038e-06	9.22478e-06
129	198	150	84	87	39	82	0.381151	0.96456	3.53245e-06	9.26786e-06
130	231	182	63	63	33	54	0.511177	0.67104	3.28451e-06	6.42539e-06
131	228	194	74	74	30	98	0.381166	0.96452	3.57693e-06	9.38418e-06
132	218	166	84	85	30	181	0.232957	1.4569	3.35812e-06	1.44152e-05
133	232	173	76	81	36	85	0.389777	0.94218	3.54252e-06	9.08858e-06
134	188	148	60	61	32	61	0.499484	0.69418	3.33876e-06	6.68443e-06
135	212	160	59	63	30	57	0.503415	0.68634	3.31488e-06	6.58479e-06
136	218	165	76	81	35	112	0.339636	1.07988	3.57405e-06	1.05232e-05
137	225	163	98	99	39	158	0.239903	1.42752	3.35465e-06	1.39834e-05
138	218	163	65	67	30	72	0.454772	0.78796	3.45971e-06	7.60758e-06
139	190	155	60	66	28	67	0.469456	0.75618	3.42021e-06	7.28547e-06
140	250	197	87	87	40	122	0.310814	1.16856	3.54117e-06	1.13932e-05
141	223	175	80	84	29	119	0.321609	1.13442	3.55842e-06	1.10644e-05
142	245	195	59	62	30	60	0.498895	0.69536	3.33648e-06	6.68774e-06
143	240	183	78	80	35	96	0.370834	0.992	3.56616e-06	9.6166e-06
144	237	191	66	67	34	59	0.485945	0.72166	3.36121e-06	6.91685e-06
145	233	177	71	74	35	96	0.385074	0.95432	3.57268e-06	9.27791e-06
146	230	191	70	71	31	90	0.40459	0.90488	3.55626e-06	8.78977e-06
147	240	195	79	80	39	78	0.406488	0.9002	3.52027e-06	8.6602e-06
148	226	171	70	73	33	82	0.416179	0.87664	3.5282e-06	8.4776e-06
149	224	186	67	68	29	102	0.38781	0.94724	3.59035e-06	9.25802e-06
150	222	176	64	65	32	66	0.474829	0.7448	3.40732e-06	7.17589e-06
151	220	171	72	75	35	71	0.4347	0.8331	3.48022e-06	8.00603e-06
152	218	174	79	80	36	99	0.365204	1.0073	3.57023e-06	9.77599e-06
153	216	178	70	77	36	71	0.429274	0.84566	3.48524e-06	8.11892e-06
154	214	169	73	76	33	91	0.390089	0.94138	3.55962e-06	9.12514e-06
155	212	161	48	48	27	34	0.621985	0.47484	2.80889e-06	4.51601e-06
156	211	170	78	80	42	90	0.382357	0.9614	3.55508e-06	9.2978e-06
157	209	157	67	68	37	60	0.480446	0.73304	3.37582e-06	7.02643e-06
158	210	162	69	69	34	66	0.46305	0.76992	3.42735e-06	7.40168e-06
159	204	142	56	58	30	47	0.546654	0.60394	3.15486e-06	5.77122e-06
160	202	159	59	61	30	54	0.517638	0.65848	3.26759e-06	6.3125e-06
161	199	156	67	68	34	76	0.442799	0.81464	3.48773e-06	7.87656e-06
162	195	158	63	68	28	107	0.378046	0.97274	3.60039e-06	9.52369e-06
163	226	182	86	88	38	113	0.323376	1.12894	3.5479e-06	1.09714e-05
164	221	167	87	87	38	111	0.328749	1.11246	3.55336e-06	1.08087e-05
165	180	146	44	46	24	56	0.562998	0.57448	3.13705e-06	5.57205e-06
166	232	181	80	81	40	73	0.414377	0.88098	3.50189e-06	8.45098e-06
167	228	177	68	72	32	92	0.397977	0.92136	3.56289e-06	8.95248e-06
168	206	167	68	68	35	65	0.46835	0.75854	3.41525e-06	7.29209e-06
169	205	159	79	79	33	127	0.3186	1.14382	3.57063e-06	1.12073e-05
170	218	174	81	82	35	101	0.356986	1.03006	3.56813e-06	9.99516e-06
171	209	159	49	50	30	28	0.633307	0.4568	2.72962e-06	4.31011e-06
172	225	166	63	65	30	71	0.462874	0.7703	3.4445e-06	7.44155e-06
173	251	195	82	89	38	150	0.26609	1.32392	3.45753e-06	1.29938e-05
174	215	161	79	80	35	87	0.388252	0.9461	3.548e-06	9.1384e-06
175	206	170	67	69	36	66	0.46305	0.76992	3.42735e-06	7.40168e-06
176	171	140	53	55	31	36	0.589194	0.529	2.95623e-06	5.01741e-06
177	223	168	83	85	35	128	0.305257	1.1866	3.54071e-06	1.15991e-05
178	201	155	68	69	32	108	0.373768	0.98412	3.60061e-06	9.63327e-06
179	204	163	64	64	36	48	0.523761	0.64672	3.22796e-06	6.16304e-06
180	230	181	72	75	34	134	0.315247	1.1544	3.57913e-06	1.13534e-05
181	208	167	56	58	32	44	0.555082	0.58864	3.11502e-06	5.61182e-06
182	231	178	75	75	33	94	0.386586	0.9504	3.56745e-06	9.22809e-06
183	229	193	78	80	31	123	0.32313	1.1297	3.57097e-06	1.10512e-05
184	226	173	68	70	38	65	0.462504	0.7711	3.42484e-06	7.40499e-06
185	224	173	92	97	38	148	0.255646	1.36396	3.4101e-06	1.33391e-05
186	222	177	67	67	29	84	0.427774	0.84916	3.52707e-06	8.24518e-06
187	220	177	54	55	32	46	0.559898	0.58	3.10673e-06	5.54875e-06
188	218	167	72	75	29	118	0.342049	1.0728	3.59264e-06	1.05033e-05
189	217	173	76	79	39	77	0.411141	0.88882	3.51551e-06	8.55062e-06
190	215	165	61	67	33	75	0.447867	0.80326	3.47857e-06	7.76698e-06
191	213	165	60	64	31	61	0.490162	0.71302	3.35946e-06	6.85377e-06
192	211	170	55	55	30	42	0.571438	0.5596	3.04931e-06	5.33621e-06
193	209	167	74	76	32	106	0.36136	1.01788	3.58547e-06	9.92214e-06
194	207	167	69	74	35	79	0.41995	0.86762	3.51693e-06	8.37465e-06
195	205	160	60	61	27	81	0.451049	0.79618	3.49432e-06	7.74709e-06
196	202	163	65	66	30	74	0.452992	0.79188	3.46874e-06	7.6574e-06
197	216	178	69	70	35	82	0.424094	0.8578	3.52348e-06	8.30825e-06
198	222	177	78	79	33	110	0.347455	1.05712	3.58018e-06	1.0304e-05
199	192	148	73	76	41	61	0.454581	0.78838	3.42351e-06	7.53114e-06
200	188	149	70	74	32	75	0.428605	0.84722	3.49832e-06	8.16211e-06
201	198	150	58	58	35	35	0.581154	0.54274	2.98342e-06	5.13362e-06
202	224	173	81	84	35	110	0.336714	1.08852	3.56454e-06	1.05863e-05
203	228	171	67	68	34	59	0.482903	0.72794	3.36742e-06	6.9733e-06
204	206	166	46	49	29	30	0.630829	0.46072	2.75037e-06	4.35993e-06
205	204	156	71	73	36	68	0.446981	0.80524	3.45683e-06	7.73373e-06
206	241	199	87	92	37	135	0.281884	1.26626	3.48582e-06	1.23662e-05
207	212	158	72	75	30	93	0.388563	0.9453	3.56505e-06	9.17496e-06
208	218	169	60	61	36	38	0.561648	0.57688	3.06793e-06	5.46237e-06
209	197	156	63	65	26	103	0.393175	0.9335	3.59433e-06	9.14181e-06
210	218	166	60	63	29	72	0.46634	0.76284	3.44242e-06	7.38179e-06
211	191	152	46	46	26	34	0.629846	0.46228	2.77329e-06	4.40312e-06
212	213	171	70	72	34	74	0.436241	0.82956	3.48822e-06	7.99608e-06
213	224	174	54	57	28	49	0.544515	0.60786	3.16964e-06	5.82104e-06
214	201	163	60	62	30	65	0.486334	0.72086	3.38168e-06	6.95341e-06
215	226	176	81	82	32	114	0.334085	1.09636	3.56999e-06	1.06859e-05
216	238	202	84	85	35	148	0.275656	1.2886	3.4903e-06	1.26618e-05
217	235	176	87	88	36	118	0.315234	1.15444	3.54232e-06	1.12371e-05
218	232	183	87	91	38	102	0.335652	1.09168	3.54325e-06	1.05563e-05
219	229	188	57	58	32	44	0.555082	0.58864	3.11502e-06	5.61182e-06
220	227	179	72	73	33	93	0.393474	0.93274	3.56569e-06	9.06206e-06
221	201	152	55	56	32	41	0.570764	0.56078	3.04761e-06	5.33953e-06
222	223	172	74	77	33	95	0.379819	0.96806	3.56807e-06	9.39412e-06
223	221	183	60	62	31	57	0.506587	0.68006	3.30717e-06	6.52834e-06
224	219	170	79	82	37	112	0.33751	1.08616	3.57073e-06	1.05796e-05
225	217	168	71	75	34	97	0.380717	0.9657	3.57397e-06	9.38749e-06
226	215	176	65	67	31	76	0.445588	0.80836	3.48455e-06	7.82011e-06
227	213	170	82	84	31	105	0.345411	1.06302	3.56484e-06	1.03206e-05
228	211	160	60	60	28	60	0.5052	0.6828	3.32162e-06	6.57485e-06
229	209	168	65	67	28	89	0.417004	0.87466	3.54905e-06	8.51084e-06
230	207	170	56	56	34	36	0.585505	0.53528	2.97077e-06	5.07386e-06
231	205	161	65	66	35	54	0.501636	0.68988	3.30816e-06	6.59473e-06
232	245	202	90	95	39	144	0.264213	1.331	3.43839e-06	1.30137e-05
233	200	159	67	69	32	102	0.385382	0.95352	3.58963e-06	9.31447e-06
234	197	147	80	81	40	82	0.395787	0.92688	3.53405e-06	8.92918e-06
235	193	148	55	56	27	55	0.531432	0.63218	3.23291e-06	6.08339e-06
236	208	159	71	74	33	104	0.369679	0.99512	3.58699e-06	9.70298e-06
237	234	179	58	58	28	49	0.541106	0.61414	3.18034e-06	5.87749e-06
238	213	166	78	82	38	71	0.416004	0.87706	3.49492e-06	8.40116e-06
239	228	179	85	89	29	175	0.234237	1.45142	3.35478e-06	1.43221e-05
240	206	155	66	67	33	68	0.464144	0.76756	3.43237e-06	7.39505e-06
241	227	186	89	92	31	146	0.266506	1.32236	3.45141e-06	1.29506e-05
242	237	193	86	88	35	115	0.320094	1.13914	3.54591e-06	1.10777e-05
243	233	170	87	89	37	104	0.336445	1.08932	3.54939e-06	1.05497e-05
244	203	151	64	66	29	76	0.448395	0.80208	3.48119e-06	7.76366e-06
245	251	190	69	71	36	93	0.398447	0.92018	3.56577e-06	8.94917e-06
246	202	156	59	63	30	66	0.480831	0.73224	3.3961e-06	7.06299e-06
247	223	188	61	64	30	87	0.429291	0.84562	3.53531e-06	8.23523e-06
248	239	185	71	73	35	71	0.440194	0.82054	3.47451e-06	7.89313e-06
249	224	166	74	74	37	73	0.432999	0.83702	3.48817e-06	8.05585e-06
250	249	190	80	82	38	114	0.334085	1.09636	3.56999e-06	1.06859e-05
251	244	192	74	77	35	111	0.350057	1.04966	3.58607e-06	1.02443e-05
252	239	183	72	73	38	68	0.446981	0.80524	3.45683e-06	7.73373e-06
253	236	183	69	71	36	57	0.478748	0.73658	3.36865e-06	7.03637e-06
254	232	184	86	90	37	138	0.281113	1.269	3.48936e-06	1.24127e-05
255	241	192	89	92	35	153	0.257159	1.35806	3.42602e-06	1.33226e-05
256	227	169	80	83	37	118	0.325289	1.12304	3.5635e-06	1.09549e-05
257	225	177	79	81	34	92	0.376108	0.97788	3.55817e-06	9.46051e-06
258	223	173	69	70	33	78	0.432834	0.8374	3.50411e-06	8.09572e-06
259	221	160	58	58	34	42	0.560772	0.57844	3.08736e-06	5.50556e-06
260	219	183	71	72	33	131	0.326195	1.12026	3.59619e-06	1.10247e-05
261	186	137	59	60	34	43	0.550956	0.5961	3.12479e-06	5.67158e-06
262	216	171	62	65	31	73	0.458177	0.7805	3.45824e-06	7.54782e-06
263	214	167	65	68	32	66	0.465967	0.76364	3.42264e-06	7.34523e-06
264	212	169	68	68	32	68	0.461239	0.77384	3.43692e-06	7.45149e-06
265	210	164	69	71	32	81	0.423594	0.85898	3.52073e-06	8.31157e-06
266	208	161	52	54	29	42	0.575038	0.55332	3.03606e-06	5.27976e-06
267	206	167	80	83	41	75	0.405052	0.90374	3.51186e-06	8.67014e-06
268	203	160	64	66	29	78	0.443845	0.81228	3.49303e-06	7.86993e-06
269	201	165	70	72	35	73	0.438472	0.82446	3.48276e-06	7.94295e-06
270	198	149	61	62	40	34	0.569635	0.56276	3.02264e-06	5.30628e-06
271	221	170	65	65	31	56	0.499674	0.6938	3.32011e-06	6.64455e-06
272	222	183	67	69	33	66	0.46305	0.76992	3.42735e-06	7.40168e-06
273	185	145	56	58	28	64	0.501255	0.69064	3.34562e-06	6.67449e-06
274	240	188	72	76	35	95	0.382212	0.96178	3.56897e-06	9.33767e-06
275	228	177	67	68	36	57	0.487854	0.71774	3.3501e-06	6.86703e-06
276	206	164	82	84	35	136	0.2949	1.22112	3.52928e-06	1.19677e-05
277	225	172	70	72	34	66	0.454408	0.78876	3.44033e-06	7.57102e-06
278	231	181	57	57	33	36	0.58184	0.54156	2.98502e-06	5.13031e-06
279	240	193	61	63	34	53	0.51379	0.66594	3.274e-06	6.37226e-06
280	215	164	59	61	28	62	0.496943	0.69928	3.34818e-06	6.73756e-06
281	194	146	43	44	25	36	0.631334	0.45992	2.77565e-06	4.39649e-06
282	218	171	85	87	39	115	0.322111	1.13286	3.55007e-06	1.10213e-05
283	191	148	60	61	33	43	0.547507	0.60238	3.13614e-06	5.72803e-06
284	231	177	61	62	32	58	0.50401	0.68516	3.31713e-06	6.58148e-06
285	224	177	58	58	32	46	0.549449	0.59884	3.1418e-06	5.71809e-06
286	201	163	60	65	32	66	0.474829	0.7448	3.40732e-06	7.17589e-06
287	198	164	74	76	33	86	0.400164	0.91588	3.54524e-06	8.85947e-06
288	212	160	65	67	30	79	0.438823	0.82366	3.50159e-06	7.97951e-06
289	208	166	60	66	31	73	0.455309	0.78678	3.46229e-06	7.60427e-06
290	233	182	80	85	38	130	0.30216	1.1968	3.53689e-06	1.17054e-05
291	230	180	75	75	40	56	0.469259	0.7566	3.3829e-06	7.20903e-06
292	228	178	77	79	40	76	0.413243	0.88372	3.51152e-06	8.49748e-06
293	226	182	74	75	32	93	0.388563	0.9453	3.56505e-06	9.17496e-06
294	223	171	84	91	36	118	0.309351	1.17328	3.52859e-06	1.14064e-05
295	220	182	76	79	34	112	0.343929	1.06732	3.5804e-06	1.04103e-05
296	220	171	78	81	39	87	0.385822	0.95238	3.54757e-06	9.19484e-06
297	218	171	70	71	29	84	0.417162	0.87428	3.53377e-06	8.47097e-06
298	216	166	64	67	34	49	0.511371	0.67066	3.26537e-06	6.38552e-06
299	214	164	82	84	35	83	0.386424	0.95082	3.53642e-06	9.15165e-06
300	212	161	59	63	28	61	0.49325	0.70674	3.35278e-06	6.79732e-06
301	210	172	59	63	32	75	0.459259	0.77814	3.46336e-06	7.54119e-06
302	208	166	62	64	35	57	0.500264	0.69262	3.32237e-06	6.64124e-06
303	206	174	70	77	30	106	0.359098	1.02416	3.58329e-06	9.97858e-06
304	204	159	64	68	34	51	0.503013	0.68714	3.29384e-06	6.54823e-06
305	201	164	78	81	32	107	0.348408	1.05438	3.5738e-06	1.02575e-05
306	186	147	56	56	29	45	0.559238	0.58118	3.10492e-06	5.55206e-06
307	195	161	69	71	32	78	0.430125	0.84368	3.50645e-06	8.15217e-06
308	191	152	64	66	29	84	0.430469	0.84288	3.52499e-06	8.18873e-06
309	217	174	58	58	32	40	0.566522	0.56824	3.05881e-06	5.39929e-06
310	228	180	61	61	31	59	0.504605	0.68398	3.31937e-06	6.57816e-06
311	228	166	69	75	33	113	0.350884	1.0473	3.59222e-06	1.02376e-05
312	206	161	72	74	33	84	0.409377	0.89312	3.53714e-06	8.64031e-06
313	199	148	67	68	29	75	0.445063	0.80954	3.48192e-06	7.82343e-06
314	237	185	79	82	36	115	0.332385	1.10146	3.56949e-06	1.0739e-05
315	234	173	71	72	32	78	0.427432	0.84996	3.50863e-06	8.20862e-06
316	214	160	73	74	38	66	0.448736	0.80132	3.44805e-06	7.68391e-06
317	252	190	79	83	36	82	0.390847	0.93944	3.53406e-06	9.04207e-06
318	203	158	72	73	35	66	0.451563	0.79504	3.44428e-06	7.62747e-06
319	228	184	53	56	32	46	0.556393	0.58628	3.11869e-06	5.60519e-06
320	209	175	74	76	30	129	0.321364	1.13518	3.58135e-06	1.11442e-05
321	224	180	73	73	34	69	0.444707	0.81034	3.46287e-06	7.78687e-06
322	201	171	58	60	33	49	0.534352	0.6267	3.20097e-06	5.99038e-06
323	222	184	73	74	38	77	0.424255	0.85742	3.5079e-06	8.26838e-06
324	241	196	57	59	28	60	0.508383	0.67652	3.31384e-06	6.5184e-06
325	237	196	72	74	37	86	0.405222	0.90332	3.54431e-06	8.74658e-06
326	234	191	85	86	31	139	0.286797	1.24898	3.5104e-06	1.224e-05
327	231	190	75	76	39	60	0.456905	0.78328	3.41674e-06	7.47801e-06
328	228	171	68	68	33	63	0.473151	0.74834	3.39998e-06	7.18583e-06
329	220	170	49	50	26	48	0.571895	0.5588	3.07266e-06	5.37277e-06
330	224	176	74	76	36	81	0.4105	0.89038	3.52776e-06	8.59381e-06
331	222	186	66	67	34	87	0.421279	0.86446	3.54067e-06	8.40458e-06
332	220	167	64	64	31	62	0.487668	0.71812	3.36828e-06	6.9069e-06
333	218	163	79	83	38	90	0.375221	0.98024	3.55227e-06	9.46714e-06
334	216	176	73	73	35	95	0.389481	0.94294	3.57089e-06	9.16833e-06
335	204	154	55	56	28	40	0.573682	0.55568	3.03271e-06	5.28639e-06
336	213	164	71	72	33	78	0.427432	0.84996	3.50863e-06	8.20862e-06
337	211	166	76	79	32	110	0.347455	1.05712	3.58018e-06	1.0304e-05
338	209	163	68	70	32	65	0.462504	0.7711	3.42484e-06	7.40499e-06
339	207	161	88	90	46	97	0.34649	1.0599	3.54605e-06	1.02342e-05
340	205	160	57	58	30	66	0.496168	0.70084	3.36439e-06	6.78075e-06
341	202	159	89	92	35	145	0.267868	1.31726	3.45483e-06	1.28975e-05
342	199	155	62	67	30	73	0.452458	0.79306	3.46615e-06	7.66071e-06
343	196	150	48	51	27	44	0.580027	0.54468	3.02582e-06	5.21669e-06
344	222	193	75	77	35	89	0.391621	0.93746	3.55409e-06	9.07532e-06
345	199	159	70	71	36	65	0.459609	0.77738	3.42934e-06	7.46144e-06
346	209	158	63	63	33	65	0.483289	0.72714	3.38779e-06	7.00986e-06
347	228	185	76	77	37	75	0.420605	0.86606	3.50426e-06	8.33146e-06
348	206	166	58	62	37	40	0.552468	0.59336	3.10768e-06	5.62508e-06
349	222	174	71	72	31	89	0.404113	0.90606	3.5534e-06	8.79308e-06
350	224	183	67	70	33	79	0.430633	0.8425	3.50916e-06	8.14885e-06
351	212	166	69	70	32	76	0.437272	0.8272	3.49356e-06	7.98946e-06
352	215	168	75	77	33	98	0.374052	0.98336	3.57351e-06	9.55352e-06
353	217	173	70	71	34	65	0.459609	0.77738	3.42934e-06	7.46144e-06
354	218	168	79	82	37	82	0.393309	0.93316	3.53413e-06	8.98563e-06
355	191	148	71	73	34	115	0.351713	1.04494	3.59837e-06	1.0231e-05
356	229	163	73	76	27	131	0.318103	1.14538	3.57881e-06	1.12505e-05
357	224	172	81	84	42	78	0.396405	0.92532	3.52245e-06	8.88599e-06
358	254	189	82	87	36	118	0.31722	1.14816	3.54673e-06	1.11807e-05
359	247	189	69	71	32	80	0.42576	0.85388	3.51611e-06	8.25844e-06
360	242	187	85	85	37	105	0.343249	1.0693	3.5619e-06	1.0377e-05
361	238	205	75	75	39	72	0.432488	0.8382	3.48549e-06	8.05916e-06
362	222	174	66	66	32	71	0.459976	0.77658	3.4489e-06	7.498e-06
363	250	206	88	93	37	205	0.19602	1.62954	3.16414e-06	1.61419e-05
364	229	195	70	75	30	90	0.394554	0.93	3.55712e-06	9.01556e-06
365	227	178	97	99	39	129	0.278143	1.27962	3.46079e-06	1.24425e-05
366	224	176	87	89	37	114	0.319717	1.14032	3.54279e-06	1.1081e-05
367	222	182	66	66	33	71	0.459976	0.77658	3.4489e-06	7.498e-06
368	220	170	64	70	33	75	0.439508	0.8221	3.48807e-06	7.93632e-06
369	190	140	50	53	26	49	0.558366	0.58274	3.1242e-06	5.59525e-06
370	217	168	74	78	33	97	0.373611	0.98454	3.57054e-06	9.55683e-06
371	215	173	54	56	25	78	0.472612	0.74948	3.45265e-06	7.30546e-06
372	213	165	83	85	39	89	0.372432	0.9877	3.54813e-06	9.5269e-06
373	211	170	68	69	33	95	0.399389	0.91782	3.57155e-06	8.94254e-06
374	209	163	75	76	39	66	0.443135	0.81388	3.45504e-06	7.79681e-06
375	207	161	59	61	31	56	0.512384	0.66868	3.28887e-06	6.41876e-06
376	205	164	47	50	26	39	0.598757	0.5129	2.93066e-06	4.89457e-06
377	203	169	63	63	32	70	0.471121	0.75264	3.42765e-06	7.27552e-06
378	200	161	86	88	37	106	0.335129	1.09324	3.5522e-06	1.05995e-05
379	218	169	58	60	29	57	0.512989	0.6675	3.29106e-06	6.41545e-06
380	196	150	66	67	37	45	0.52191	0.65026	3.22174e-06	6.17298e-06
381	189	148	57	58	32	50	0.538353	0.61924	3.19277e-06	5.93062e-06
382	233	188	78	80	33	81	0.400316	0.9155	3.53063e-06	8.8196e-06
383	228	181	83	83	33	103	0.351151	1.04654	3.56694e-06	1.01579e-05
384	206	161	81	82	39	90	0.377585	0.97396	3.55333e-06	9.41069e-06
385	218	171	58	59	35	43	0.554427	0.58982	3.11318e-06	5.61514e-06
386	237	188	96	99	45	152	0.247358	1.39692	3.38003e-06	1.36646e-05
387	213	164	65	66	38	40	0.538763	0.61848	3.15223e-06	5.85087e-06
388	226	191	88	90	36	109	0.325921	1.1211	3.54335e-06	1.08718e-05
389	252	197	88	91	39	100	0.339093	1.08148	3.54354e-06	1.04501e-05
390	220	169	77	78	37	70	0.428768	0.84684	3.48255e-06	8.12224e-06
391	200	154	59	60	24	80	0.456211	0.7848	3.48432e-06	7.63751e-06
392	210	157	67	67	30	73	0.452458	0.79306	3.46615e-06	7.66071e-06
393	224	186	74	75	35	87	0.400637	0.9147	3.5481e-06	8.85616e-06
394	202	153	49	50	30	26	0.6398	0.4466	2.68962e-06	4.20384e-06
395	224	175	66	69	31	83	0.424595	0.85662	3.52623e-06	8.30494e-06
396	231	185	78	79	34	103	0.360083	1.02142	3.57638e-06	9.93208e-06
397	209	154	59	62	25	65	0.486334	0.72086	3.38168e-06	6.95341e-06
398	235	187	86	89	38	109	0.327974	1.11482	3.54716e-06	1.08154e-05
399	232	184	70	73	38	55	0.47762	0.73894	3.36388e-06	7.043e-06
400	230	178	89	89	41	151	0.264737	1.32902	3.454e-06	1.30469e-05
401	227	184	71	72	29	122	0.341516	1.07436	3.60179e-06	1.05465e-05
402	225	175	80	82	39	80	0.397341	0.92296	3.52813e-06	8.87936e-06
403	220	163	72	73	38	60	0.465595	0.76444	3.40288e-06	7.30867e-06
404	221	177	72	77	27	148	0.289859	1.23836	3.53923e-06	1.22102e-05
405	219	163	73	74	38	63	0.455655	0.78602	3.42858e-06	7.52451e-06
406	217	185	68	70	31	85	0.417655	0.8731	3.53656e-06	8.46765e-06
407	215	164	67	68	31	64	0.470744	0.75344	3.4077e-06	7.23896e-06
408	214	165	72	73	38	56	0.47519	0.74404	3.37201e-06	7.09613e-06
409	234	184	81	81	37	83	0.393773	0.93198	3.53699e-06	8.98231e-06
410	210	173	76	79	34	122	0.326828	1.11832	3.57603e-06	1.09416e-05
411	208	171	78	83	36	95	0.365774	1.00574	3.56001e-06	9.7328e-06
412	206	160	89	94	40	99	0.334466	1.09522	3.53406e-06	1.05663e-05
413	203	168	67	68	37	50	0.505585	0.68204	3.28382e-06	6.4951e-06
414	217	178	66	68	32	67	0.463597	0.76874	3.42986e-06	7.39836e-06
415	198	151	65	69	33	71	0.451392	0.79542	3.46097e-06	7.66734e-06
416	194	145	69	69	33	78	0.435561	0.83112	3.5016e-06	8.03927e-06
417	190	148	56	56	32	47	0.553563	0.59138	3.13224e-06	5.65833e-06
418	189	157	78	79	38	89	0.386733	0.95002	3.55339e-06	9.18822e-06
419	228	175	69	69	36	72	0.449095	0.80052	3.46723e-06	7.72047e-06
420	207	157	72	76	38	83	0.406334	0.90058	3.53513e-06	8.70007e-06
421	191	146	47	50	23	57	0.546238	0.6047	3.19603e-06	5.85097e-06
422	218	169	73	80	36	120	0.328112	1.1144	3.57373e-06	1.08918e-05
423	213	167	67	70	33	60	0.47445	0.7456	3.38725e-06	7.13932e-06
424	192	150	69	70	31	82	0.424094	0.8578	3.52348e-06	8.30825e-06
425	215	152	69	71	36	62	0.466695	0.76208	3.40782e-06	7.30204e-06
426	218	166	75	78	30	130	0.315739	1.15284	3.57108e-06	1.13102e-05
427	192	142	65	69	32	79	0.433345	0.83622	3.50681e-06	8.09241e-06
428	205	159	91	95	36	141	0.268286	1.3157	3.44864e-06	1.28543e-05
429	224	188	63	65	33	70	0.465241	0.7652	3.43739e-06	7.38842e-06
430	202	166	58	60	31	55	0.518249	0.6573	3.26973e-06	6.30918e-06
431	214	169	81	83	29	164	0.257267	1.35764	3.44712e-06	1.3399e-05
432	244	188	70	71	35	74	0.438989	0.82328	3.48542e-06	7.93964e-06
433	240	186	84	88	35	127	0.301092	1.20034	3.52738e-06	1.17153e-05
434	236	185	80	81	39	70	0.420765	0.86568	3.48881e-06	8.29158e-06
435	233	176	87	88	37	119	0.31363	1.15954	3.54096e-06	1.12902e-05
436	230	190	74	77	35	108	0.355454	1.03436	3.5847e-06	1.00849e-05
437	221	178	77	81	33	100	0.361071	1.01868	3.5694e-06	9.88558e-06
438	225	173	71	71	36	92	0.400485	0.91508	3.56272e-06	8.89603e-06
439	223	177	81	84	33	127	0.308751	1.17522	3.5474e-06	1.14895e-05
440	221	179	74	76	32	131	0.318103	1.14538	3.57881e-06	1.12505e-05
441	220	183	61	62	34	55	0.51178	0.66986	3.28669e-06	6.42208e-06
442	218	173	61	62	34	53	0.517027	0.65966	3.26545e-06	6.31581e-06
443	204	159	58	61	31	82	0.448754	0.80128	3.50038e-06	7.80023e-06
444	214	170	74	75	34	87	0.400637	0.9147	3.5481e-06	8.85616e-06
445	212	169	52	53	29	64	0.517244	0.65924	3.30635e-06	6.39225e-06
446	210	167	63	63	31	56	0.505989	0.68124	3.30495e-06	6.53166e-06
447	208	163	60	61	28	73	0.469832	0.75538	3.44012e-06	7.32203e-06
448	206	155	76	77	34	94	0.381761	0.96296	3.56603e-06	9.34099e-06
449	204	152	76	78	32	102	0.364204	1.01004	3.5774e-06	9.8225e-06
450	201	158	72	74	38	64	0.453337	0.79112	3.43523e-06	7.57765e-06
451	198	146	65	72	36	77	0.429618	0.84486	3.50374e-06	8.15548e-06
452	195	150	71	72	36	59	0.470923	0.75306	3.39022e-06	7.19909e-06
453	224	177	84	84	40	127	0.308751	1.17522	3.5474e-06	1.14895e-05
454	205	161	76	79	33	90	0.384766	0.95512	3.55576e-06	9.24135e-06
455	179	136	49	49	29	31	0.62762	0.46582	2.76973e-06	4.41306e-06
456	207	151	49	49	29	34	0.618091	0.48112	2.8262e-06	4.57246e-06
457	218	173	73	75	33	83	0.408894	0.8943	3.53432e-06	8.64363e-06
458	237	182	80	81	37	90	0.379964	0.96768	3.55427e-06	9.35424e-06
459	213	161	70	72	37	52	0.488039	0.71736	3.33192e-06	6.82715e-06
460	212	161	58	58	26	60	0.511586	0.67024	3.30584e-06	6.46195e-06
461	253	192	93	93	40	122	0.299321	1.20624	3.51159e-06	1.17319e-05
462	251	194	62	65	28	85	0.430977	0.8417	3.52773e-06	8.18542e-06
463	206	158	54	55	31	57	0.529353	0.6361	3.24663e-06	6.13321e-06
464	227	175	65	67	29	65	0.4713	0.75226	3.41016e-06	7.23565e-06
465	224	178	70	72	30	95	0.391935	0.93666	3.57126e-06	9.11188e-06
466	202	160	72	74	38	59	0.465046	0.76562	3.4004e-06	7.31198e-06
467	252	187	75	77	33	110	0.351847	1.04456	3.58571e-06	1.01911e-05
468	246	189	69	72	35	93	0.395953	0.92646	3.5658e-06	9.00561e-06
469	241	189	81	82	31	116	0.330695	1.10656	3.56891e-06	1.07922e-05
470	215	168	57	59	31	72	0.478203	0.73772	3.42202e-06	7.156e-06
471	241	195	105	107	43	148	0.240086	1.42676	3.33805e-06	1.39036e-05
472	231	178	90	91	31	167	0.240947	1.42318	3.37566e-06	1.401e-05
473	228	173	70	73	35	81	0.418307	0.87154	3.52401e-06	8.42446e-06
474	226	177	95	96	39	139	0.26934	1.31178	3.44876e-06	1.28045e-05
475	224	176	67	69	36	90	0.409704	0.89232	3.55495e-06	8.67687e-06
476	222	167	92	95	39	117	0.303219	1.1933	3.511e-06	1.15791e-05
477	224	184	63	64	35	67	0.47539	0.74362	3.40977e-06	7.17257e-06
478	218	175	69	73	34	105	0.370116	0.99394	3.59e-06	9.69966e-06
479	216	163	80	84	38	105	0.345411	1.06302	3.56484e-06	1.03206e-05
480	214	162	71	74	35	80	0.417814	0.87272	3.52124e-06	8.42778e-06
481	213	158	74	74	36	75	0.428605	0.84722	3.49832e-06	8.16211e-06
482	211	166	60	60	37	39	0.562311	0.5757	3.06968e-06	5.45905e-06
483	219	165	79	81	38	93	0.374194	0.98298	3.55995e-06	9.51364e-06
484	207	157	63	65	29	78	0.446641	0.806	3.48982e-06	7.81348e-06
485	204	155	66	71	26	97	0.390401	0.94058	3.57674e-06	9.1617e-06
486	202	167	72	77	35	92	0.385675	0.95276	3.5616e-06	9.23472e-06
487	199	157	62	64	33	67	0.47539	0.74362	3.40977e-06	7.17257e-06
488	222	172	65	66	31	83	0.43267	0.83778	3.52003e-06	8.1356e-06
489	192	160	63	64	29	65	0.480264	0.73342	3.39369e-06	7.0663e-06
490	187	146	82	82	36	113	0.335793	1.09126	3.57041e-06	1.06328e-05
491	228	192	62	64	32	56	0.502822	0.68752	3.31264e-06	6.58811e-06
492	207	145	69	70	34	63	0.467246	0.7609	3.4103e-06	7.29872e-06
493	220	179	58	58	27	52	0.53289	0.62944	3.217e-06	6.03689e-06
494	222	178	75	76	35	80	0.412599	0.88528	3.52387e-06	8.54067e-06
495	213	169	57	57	31	66	0.499294	0.69456	3.35741e-06	6.7243e-06
496	205	162	62	62	36	55	0.51178	0.66986	3.28669e-06	6.42208e-06
497	221	172	75	78	34	90	0.38719	0.94884	3.5563e-06	9.1849e-06
498	218	177	72	75	39	72	0.432488	0.8382	3.48549e-06	8.05916e-06
499	192	136	55	56	29	49	0.547945	0.60158	3.15868e-06	5.76459e-06
500	225	165	70	70	37	60	0.47445	0.7456	3.38725e-06	7.13932e-06
501	224	173	67	69	32	85	0.420286	0.86682	3.53511e-06	8.41121e-06
502	202	159	51	51	29	32	0.616634	0.48348	2.82362e-06	4.57909e-06
503	215	171	94	96	36	147	0.258572	1.35258	3.42079e-06	1.32295e-05
504	193	142	73	74	30	137	0.312416	1.16342	3.57915e-06	1.14564e-05
505	209	160	76	77	34	117	0.339507	1.08026	3.58623e-06	1.0563e-05
506	238	179	73	76	33	82	0.408412	0.89548	3.53151e-06	8.64694e-06
507	234	186	71	72	35	89	0.404113	0.90606	3.5534e-06	8.79308e-06
508	231	181	85	85	40	94	0.363055	1.0132	3.55524e-06	9.79257e-06
509	229	159	71	72	31	81	0.420942	0.86526	3.52245e-06	8.36802e-06
510	226	176	89	93	38	127	0.291784	1.23174	3.5007e-06	1.19975e-05
511	224	176	70	72	36	60	0.468528	0.75816	3.39787e-06	7.25222e-06
512	222	170	73	74	41	58	0.467423	0.76052	3.39295e-06	7.25885e-06
513	220	181	61	61	31	69	0.479515	0.73498	3.40911e-06	7.10949e-06
514	219	173	59	61	30	73	0.469832	0.75538	3.44012e-06	7.32203e-06
515	217	166	70	71	34	68	0.45263	0.79268	3.44942e-06	7.62084e-06
516	215	170	70	73	32	90	0.399541	0.91744	3.55697e-06	8.90266e-06
517	234	188	85	88	43	105	0.336842	1.08814	3.55247e-06	1.05464e-05
518	211	161	54	56	27	64	0.507591	0.67808	3.3306e-06	6.56159e-06
519	209	173	78	79	37	80	0.404898	0.90412	3.52667e-06	8.71002e-06
520	207	162	84	86	37	100	0.34991	1.05008	3.55782e-06	1.01678e-05
521	205	164	61	61	33	63	0.494415	0.70438	3.35742e-06	6.7907e-06
522	187	151	73	77	33	129	0.319352	1.14146	3.57695e-06	1.12006e-05
523	212	173	73	75	37	72	0.432488	0.8382	3.48549e-06	8.05916e-06
524	197	155	63	63	34	54	0.511177	0.67104	3.28451e-06	6.42539e-06
525	193	146	66	69	34	59	0.47988	0.73422	3.37343e-06	7.02974e-06
526	237	187	89	96	34	141	0.266607	1.32198	3.4421e-06	1.29108e-05
527	229	176	94	96	40	124	0.290753	1.23528	3.49122e-06	1.20075e-05
528	207	170	66	66	33	80	0.439341	0.82248	3.50427e-06	7.9762e-06
529	232	174	68	71	36	62	0.466695	0.76208	3.40782e-06	7.30204e-06
530	237	187	71	77	36	90	0.389629	0.94256	3.55671e-06	9.12845e-06
531	213	155	63	63	26	91	0.423272	0.85974	3.55181e-06	8.39132e-06
532	206	171	86	86	41	121	0.314371	1.15718	3.54725e-06	1.12836e-05
533	196	153	47	47	26	39	0.610144	0.49406	2.88307e-06	4.72523e-06
534	246	203	92	94	38	136	0.27695	1.28392	3.47078e-06	1.25322e-05
535	224	167	71	74	37	71	0.437438	0.82682	3.47745e-06	7.94958e-06
536	222	178	61	64	31	70	0.468172	0.75892	3.43262e-06	7.33197e-06
537	224	176	77	78	34	108	0.353229	1.04064	3.5822e-06	1.01413e-05
538	202	156	72	75	29	109	0.358115	1.0269	3.59014e-06	1.00251e-05
539	216	175	72	72	38	74	0.436241	0.82956	3.48822e-06	7.99608e-06
540	231	182	54	58	31	42	0.560772	0.57844	3.08736e-06	5.50556e-06
541	243	184	84	87	37	87	0.371554	0.99006	3.54222e-06	9.53353e-06
542	239	190	85	86	39	105	0.3411	1.07558	3.55886e-06	1.04335e-05
543	235	188	77	81	37	79	0.401889	0.91158	3.52448e-06	8.76978e-06
544	232	177	84	84	35	111	0.335002	1.09362	3.56421e-06	1.06394e-05
545	229	184	95	98	40	163	0.235336	1.44674	3.34003e-06	1.41926e-05
546	227	176	75	78	33	99	0.36982	0.99474	3.5736e-06	9.6631e-06
547	225	175	74	76	35	82	0.408412	0.89548	3.53151e-06	8.64694e-06
548	223	179	68	69	28	91	0.40762	0.89742	3.55852e-06	8.73001e-06
549	221	175	58	60	34	45	0.545365	0.6063	3.15104e-06	5.77785e-06
550	219	169	90	94	43	114	0.309834	1.17172	3.52072e-06	1.13633e-05
551	205	171	49	49	28	30	0.630829	0.46072	2.75037e-06	4.35993e-06
552	215	169	71	75	35	116	0.345556	1.0626	3.59276e-06	1.0397e-05
553	214	167	46	48	31	26	0.647886	0.43404	2.65047e-06	4.09095e-06
554	212	171	61	63	30	52	0.516417	0.66084	3.26331e-06	6.31913e-06
555	210	167	43	45	20	47	0.593155	0.5223	2.98796e-06	5.0374e-06
556	208	164	69	73	36	90	0.399541	0.91744	3.55697e-06	8.90266e-06
557	216	168	61	61	28	75	0.465064	0.76558	3.45463e-06	7.42829e-06
558	203	154	81	82	34	93	0.371852	0.98926	3.55866e-06	9.57009e-06
559	200	155	71	74	32	101	0.375379	0.97982	3.58245e-06	9.54358e-06
560	197	158	48	48	32	22	0.661239	0.41364	2.56456e-06	3.87842e-06
561	199	165	56	56	30	55	0.531432	0.63218	3.23291e-06	6.08339e-06
562	199	156	85	90	35	138	0.281113	1.269	3.48936e-06	1.24127e-05
563	184	136	70	73	33	83	0.414062	0.88174	3.53225e-06	8.53073e-06
564	207	169	80	82	33	110	0.34097	1.07596	3.5711e-06	1.04734e-05
565	215	155	62	63	29	75	0.459259	0.77814	3.46336e-06	7.54119e-06
566	230	181	74	75	34	87	0.400637	0.9147	3.5481e-06	8.85616e-06
567	213	170	67	68	32	83	0.42727	0.85034	3.52433e-06	8.24849e-06
568	228	187	82	84	37	139	0.290422	1.23642	3.52198e-06	1.21271e-05
569	221	159	58	61	27	78	0.458003	0.78088	3.47518e-06	7.58769e-06
570	218	163	80	81	37	90	0.379964	0.96768	3.55427e-06	9.35424e-06
571	192	148	69	69	39	47	0.510166	0.67302	3.26105e-06	6.39214e-06
572	223	180	79	80	38	106	0.352396	1.043	3.57609e-06	1.01479e-05
573	224	160	66	72	33	86	0.410344	0.89076	3.54278e-06	8.63368e-06
574	202	160	56	56	31	41	0.570764	0.56078	3.04761e-06	5.33953e-06
575	216	158	64	65	29	57	0.497132	0.6989	3.32963e-06	6.69769e-06
576	217	161	96	100	41	152	0.245809	1.4032	3.37275e-06	1.3721e-05
577	209	162	64	65	35	65	0.477257	0.7397	3.39938e-06	7.12275e-06
578	217	164	66	66	32	69	0.464692	0.76638	3.43488e-06	7.39173e-06
579	209	166	77	77	36	70	0.431469	0.84056	3.48014e-06	8.06579e-06
580	233	168	83	86	36	133	0.295709	1.21838	3.52521e-06	1.19212e-05
581	230	177	85	88	35	125	0.304179	1.19014	3.53122e-06	1.1609e-05
582	228	167	76	77	32	97	0.375965	0.97826	3.57181e-06	9.50039e-06
583	225	171	85	85	36	101	0.350323	1.0489	3.56086e-06	1.01645e-05
584	223	171	75	78	34	93	0.381311	0.96414	3.56308e-06	9.3443e-06
585	221	173	58	59	33	46	0.546009	0.60512	3.15295e-06	5.77454e-06
586	219	168	69	71	30	97	0.390401	0.94058	3.57674e-06	9.1617e-06
587	218	178	60	60	30	63	0.49753	0.6981	3.35049e-06	6.73425e-06
588	216	169	66	67	29	86	0.423433	0.85936	3.53628e-06	8.35144e-06
589	214	161	67	70	34	79	0.430633	0.8425	3.50916e-06	8.14885e-06
590	212	164	56	57	34	42	0.564305	0.57216	3.07496e-06	5.44911e-06
591	215	168	80	81	38	113	0.337909	1.08498	3.57382e-06	1.05763e-05
592	208	166	81	85	36	111	0.332904	1.0999	3.56069e-06	1.06958e-05
593	206	164	69	71	31	80	0.42576	0.85388	3.51611e-06	8.25844e-06
594	204	146	64	65	33	57	0.497132	0.6989	3.32963e-06	6.69769e-06
595	201	158	75	78	31	162	0.268195	1.31604	3.48935e-06	1.30105e-05
596	196	145	62	64	28	79	0.447168	0.80482	3.49246e-06	7.81017e-06
597	210	155	68	68	34	72	0.451925	0.79424	3.46356e-06	7.66403e-06
598	191	146	62	62	27	76	0.459802	0.77696	3.46593e-06	7.53787e-06
599	229	179	95	101	37	201	0.190257	1.65938	3.11659e-06	1.6381e-05
600	207	161	59	63	30	72	0.46634	0.76284	3.44242e-06	7.38179e-06
601	243	197	63	65	31	66	0.474829	0.7448	3.40732e-06	7.17589e-06
602	238	197	88	91	41	105	0.330556	1.10698	3.54214e-06	1.07157e-05
603	213	173	69	69	34	59	0.47988	0.73422	3.37343e-06	7.02974e-06
604	215	169	66	68	32	93	0.406025	0.90134	3.56483e-06	8.77982e-06
605	222	162	65	67	28	99	0.39627	0.92566	3.58314e-06	9.04218e-06
606	213	166	65	68	35	73	0.449626	0.79934	3.46983e-06	7.71716e-06
607	218	177	61	61	29	67	0.484431	0.72478	3.39258e-06	7.00323e-06
608	204	162	51	51	35	30	0.622956	0.47328	2.78637e-06	4.47282e-06
609	224	170	70	73	35	61	0.463226	0.76954	3.41018e-06	7.3618e-06
610	202	164	44	44	26	30	0.650952	0.42932	2.65438e-06	4.07769e-06
611	207	163	46	46	34	21	0.67302	0.39598	2.49851e-06	3.71239e-06
612	231	193	90	91	34	172	0.23488	1.44868	3.35306e-06	1.42756e-05
613	209	170	79	81	36	82	0.395787	0.92688	3.53405e-06	8.92918e-06
614	200	155	73	73	37	93	0.393474	0.93274	3.56569e-06	9.06206e-06
615	237	192	76	77	43	69	0.433675	0.83546	3.47489e-06	8.01266e-06
616	233	182	71	72	36	55	0.480629	0.73266	3.35794e-06	6.98655e-06
617	231	186	84	89	40	113	0.321351	1.13522	3.54383e-06	1.10279e-05
618	228	184	87	90	40	101	0.339494	1.0803	3.5466e-06	1.04467e-05
619	226	185	79	82	41	71	0.416004	0.87706	3.49492e-06	8.40116e-06
620	224	179	71	71	38	54	0.48613	0.72128	3.3431e-06	6.87697e-06
621	222	180	71	72	32	97	0.387957	0.94686	3.57625e-06	9.21815e-06
622	220	167	74	76	40	61	0.454581	0.78838	3.42351e-06	7.53114e-06
623	218	188	61	64	29	68	0.472972	0.74872	3.41755e-06	7.2257e-06
624	216	169	76	76	33	84	0.404267	0.90568	3.53863e-06	8.75321e-06
625	234	174	56	58	30	41	0.56364	0.57334	3.0732e-06	5.45242e-06
626	213	164	71	73	33	92	0.395486	0.92764	3.5629e-06	9.00893e-06
627	211	170	63	64	31	50	0.518446	0.65692	3.25029e-06	6.26931e-06
628	209	159	60	66	34	68	0.467068	0.76128	3.42763e-06	7.3386e-06
629	207	160	84	87	37	104	0.340698	1.07676	3.55579e-06	1.04368e-05
630	204	166	66	66	30	58	0.491507	0.71028	3.34582e-06	6.80727e-06
631	233	177	77	78	37	79	0.409532	0.89274	3.52215e-06	8.60044e-06
632	199	150	52	54	26	84	0.464163	0.76752	3.48649e-06	7.51136e-06
633	196	160	56	57	31	41	0.567191	0.56706	3.06055e-06	5.39597e-06
634	192	153	64	66	32	52	0.506779	0.67968	3.28822e-06	6.48847e-06
635	229	173	84	89	41	92	0.357679	1.02812	3.54534e-06	9.91209e-06
636	207	166	70	71	30	88	0.408738	0.89468	3.54928e-06	8.6835e-06
637	172	139	52	53	28	47	0.564091	0.57254	3.09629e-06	5.48898e-06
638	253	187	73	76	33	122	0.333044	1.09948	3.58764e-06	1.07723e-05
639	213	172	62	66	30	86	0.426101	0.85308	3.5345e-06	8.295e-06
640	201	168	59	59	31	48	0.540468	0.61532	3.17838e-06	5.8808e-06
641	190	143	70	70	31	99	0.388874	0.9445	3.58212e-06	9.21152e-06
642	209	164	70	72	35	71	0.442967	0.81426	3.47139e-06	7.83668e-06
643	192	144	63	63	32	56	0.505989	0.68124	3.30495e-06	6.53166e-06
644	191	155	58	62	30	58	0.50401	0.68516	3.31713e-06	6.58148e-06
645	224	180	56	56	34	37	0.582527	0.54038	2.98661e-06	5.12699e-06
646	202	163	59	60	31	47	0.539831	0.6165	3.17643e-06	5.88412e-06
647	210	168	69	72	39	58	0.473331	0.74796	3.3824e-06	7.14595e-06
648	231	183	81	82	38	98	0.362489	1.01476	3.56536e-06	9.83576e-06
649	247	196	90	91	38	104	0.332246	1.10188	3.5426e-06	1.06626e-05
650	242	183	96	97	40	135	0.27317	1.29766	3.45517e-06	1.26484e-05
651	238	185	97	99	43	105	0.314359	1.15722	3.51054e-06	1.11673e-05
652	234	183	83	85	37	104	0.345004	1.0642	3.56178e-06	1.03239e-05
653	231	182	78	81	37	84	0.39177	0.93708	3.53982e-06	9.03544e-06
654	218	173	66	69	32	71	0.451392	0.79542	3.46097e-06	7.66734e-06
655	226	174	72	76	35	71	0.431978	0.83938	3.48281e-06	8.06247e-06
656	224	166	70	75	29	181	0.248056	1.3941	3.43575e-06	1.38507e-05
657	222	177	74	77	36	74	0.422756	0.86096	3.49971e-06	8.27832e-06
658	220	176	75	76	35	99	0.374494	0.98218	3.57649e-06	9.5502e-06
659	218	174	64	65	30	93	0.413747	0.8825	3.56256e-06	8.61048e-06
660	217	185	80	82	36	89	0.379515	0.96886	3.55134e-06	9.35756e-06
661	215	174	76	76	36	76	0.421102	0.86488	3.507e-06	8.32814e-06
662	213	162	88	91	39	118	0.309351	1.17328	3.52859e-06	1.14064e-05
663	211	166	66	68	34	60	0.480446	0.73304	3.37582e-06	7.02643e-06
664	209	161	72	77	34	120	0.334352	1.09556	3.58508e-06	1.07224e-05
665	217	177	68	69	33	59	0.47988	0.73422	3.37343e-06	7.02974e-06
666	205	161	51	51	28	39	0.595008	0.51918	2.9459e-06	4.95102e-06
667	202	154	67	68	30	90	0.412285	0.88604	3.55407e-06	8.62042e-06
668	200	162	72	76	35	90	0.392084	0.93628	3.55699e-06	9.07201e-06
669	196	160	68	71	32	100	0.384474	0.95588	3.58372e-06	9.3211e-06
670	219	176	64	64	28	72	0.463421	0.76912	3.44703e-06	7.43824e-06
671	229	187	81	84	33	105	0.345411	1.06302	3.56484e-06	1.03206e-05
672	182	141	46	48	26	35	0.618821	0.47994	2.82748e-06	4.56915e-06
673	189	145	69	71	31	138	0.316738	1.14968	3.59186e-06	1.13402e-05
674	238	182	73	77	36	88	0.393624	0.93236	3.55135e-06	9.02219e-06
675	213	163	68	68	31	75	0.445063	0.80954	3.48192e-06	7.82343e-06
676	224	181	75	79	28	157	0.2734	1.29682	3.49987e-06	1.28013e-05
677	254	189	86	87	37	117	0.318842	1.14306	3.54792e-06	1.11275e-05
678	232	181	77	78	39	81	0.405376	0.90294	3.52949e-06	8.7067e-06
679	246	191	78	80	30	101	0.361498	1.0175	3.57241e-06	9.88226e-06
680	219	176	54	58	34	38	0.57233	0.55804	3.02935e-06	5.29302e-06
681	224	178	78	79	32	114	0.340439	1.07752	3.58024e-06	1.05165e-05
682	202	166	63	64	32	53	0.510574	0.67222	3.28233e-06	6.42871e-06
683	234	183	65	66	35	54	0.501636	0.68988	3.30816e-06	6.59473e-06
684	231	186	91	96	40	101	0.32694	1.11798	3.52618e-06	1.07854e-05
685	209	171	64	68	29	90	0.412285	0.88604	3.55407e-06	8.62042e-06
686	217	170	78	81	36	103	0.355589	1.03398	3.57188e-06	1.0045e-05
687	242	193	69	70	36	65	0.462504	0.7711	3.42484e-06	7.40499e-06
688	215	172	57	60	33	43	0.550956	0.5961	3.12479e-06	5.67158e-06
689	232	177	66	66	34	64	0.476694	0.74088	3.39695e-06	7.12607e-06
690	229	182	78	79	32	92	0.380861	0.96532	3.56014e-06	9.34761e-06
691	227	173	84	87	35	144	0.277826	1.28076	3.49009e-06	1.25621e-05
692	225	177	45	46	24	33	0.633066	0.45718	2.75383e-06	4.34999e-06
693	223	179	59	62	36	46	0.535818	0.62396	3.18484e-06	5.94388e-06
694	221	176	88	90	40	106	0.330946	1.1058	3.54523e-06	1.07124e-05
695	219	169	74	76	31	108	0.357693	1.02808	3.58709e-06	1.00284e-05
696	217	176	75	78	38	97	0.373611	0.98454	3.57054e-06	9.55683e-06
697	215	172	78	80	32	133	0.307064	1.1807	3.55657e-06	1.15825e-05
698	213	168	79	80	33	133	0.307064	1.1807	3.55657e-06	1.15825e-05
699	212	172	53	55	25	62	0.516025	0.6616	3.30198e-06	6.39888e-06
700	210	167	80	83	39	81	0.392845	0.93434	3.53126e-06	8.98894e-06
701	208	167	80	83	33	109	0.340568	1.07714	3.56802e-06	1.04767e-05
702	205	169	52	54	28	56	0.535411	0.62472	3.22512e-06	6.02363e-06
703	203	165	73	74	32	111	0.356714	1.03082	3.59386e-06	1.00749e-05
704	222	174	68	69	32	75	0.442277	0.81582	3.48508e-06	7.87987e-06
705	200	165	66	66	36	50	0.511975	0.66948	3.26753e-06	6.3822e-06
706	194	151	50	53	27	68	0.506799	0.67964	3.3473e-06	6.60478e-06
707	189	145	61	63	31	51	0.519058	0.65574	3.25241e-06	6.26599e-06
708	207	168	79	84	34	97	0.359795	1.02222	3.56036e-06	9.89552e-06
709	215	167	55	59	31	55	0.521514	0.65102	3.26089e-06	6.25273e-06
710	214	170	64	65	37	43	0.533925	0.6275	3.17889e-06	5.95382e-06
711	213	164	72	73	38	67	0.449266	0.80014	3.45063e-06	7.6806e-06
712	200	162	55	57	32	37	0.57888	0.54666	3.00059e-06	5.18344e-06
713	227	177	68	72	37	59	0.470923	0.75306	3.39022e-06	7.19909e-06
714	219	174	74	76	36	72	0.429781	0.84448	3.48793e-06	8.11561e-06
715	192	151	54	54	30	47	0.560559	0.57882	3.10854e-06	5.54543e-06
716	219	172	57	57	30	52	0.536247	0.62316	3.20699e-06	5.98044e-06
717	224	180	76	79	35	105	0.356429	1.03162	3.57796e-06	1.00383e-05
718	202	155	77	82	32	145	0.28523	1.25446	3.51774e-06	1.2333e-05
719	217	166	69	72	35	69	0.447508	0.80406	3.45943e-06	7.73042e-06
720	224	168	85	87	38	94	0.358524	1.02576	3.55134e-06	9.90546e-06
721	209	167	72	74	37	87	0.403161	0.90842	3.5477e-06	8.79971e-06
722	193	155	71	74	33	91	0.39502	0.92882	3.56001e-06	9.01224e-06
723	239	186	75	79	35	97	0.371272	0.99082	3.56914e-06	9.61328e-06
724	236	190	68	69	32	78	0.435561	0.83112	3.5016e-06	8.03927e-06
725	233	189	67	70	29	102	0.382969	0.9598	3.58878e-06	9.37092e-06
726	230	185	71	73	36	82	0.416179	0.87664	3.5282e-06	8.4776e-06
727	227	171	72	74	31	107	0.364066	1.01042	3.59056e-06	9.86237e-06
728	196	156	70	73	35	74	0.43351	0.83584	3.49085e-06	8.05253e-06
729	223	185	53	58	28	51	0.535615	0.62434	3.20499e-06	5.98375e-06
730	221	178	79	80	41	94	0.374636	0.9818	3.56291e-06	9.51033e-06
731	219	165	56	58	33	42	0.560772	0.57844	3.08736e-06	5.50556e-06
732	217	167	62	63	32	51	0.519058	0.65574	3.25241e-06	6.26599e-06
733	216	163	65	66	34	69	0.464692	0.76638	3.43488e-06	7.39173e-06
734	214	171	69	70	34	70	0.450859	0.7966	3.45839e-06	7.67066e-06
735	212	156	65	66	31	64	0.476694	0.74088	3.39695e-06	7.12607e-06
736	210	170	68	69	33	67	0.460695	0.77502	3.43439e-06	7.45481e-06
737	208	164	75	77	35	101	0.368373	0.99866	3.57797e-06	9.71292e-06
738	206	155	46	50	30	30	0.62688	0.467	2.76854e-06	4.41638e-06
739	228	174	83	84	41	107	0.341906	1.07322	3.565e-06	1.04269e-05
740	201	165	65	66	34	75	0.450688	0.79698	3.47504e-06	7.71053e-06
741	198	157	51	55	26	64	0.510788	0.6718	3.32275e-06	6.50514e-06
742	194	155	66	68	33	69	0.458892	0.77894	3.44381e-06	7.50463e-06
743	229	191	76	76	29	122	0.333044	1.09948	3.58764e-06	1.07723e-05
744	207	164	56	57	31	54	0.530805	0.63336	3.23086e-06	6.08671e-06
745	226	187	80	81	38	84	0.39177	0.93708	3.53982e-06	9.03544e-06
746	238	196	60	62	26	94	0.419471	0.86876	3.5631e-06	8.49427e-06
747	213	163	59	59	32	54	0.52418	0.64592	3.24971e-06	6.1996e-06
748	211	164	67	67	33	60	0.483473	0.72676	3.3698e-06	6.96998e-06
749	254	195	107	110	42	157	0.225035	1.4915	3.27452e-06	1.45511e-05
750	205	162	75	80	39	92	0.378477	0.9716	3.55922e-06	9.40406e-06
751	212	157	85	89	33	129	0.29617	1.21682	3.51792e-06	1.1878e-05
752	201	147	62	68	31	75	0.445063	0.80954	3.48192e-06	7.82343e-06
753	224	195	50	50	33	28	0.633307	0.4568	2.72962e-06	4.31011e-06
754	202	161	62	64	31	66	0.477821	0.73852	3.40181e-06	7.11944e-06
755	206	160	72	73	33	76	0.429111	0.84604	3.50103e-06	8.1588e-06
756	232	192	78	78	37	74	0.420109	0.86724	3.50152e-06	8.33477e-06
757	251	199	98	101	40	140	0.259687	1.34828	3.41224e-06	1.31399e-05
758	245	189	69	71	37	60	0.471479	0.75188	3.39266e-06	7.19577e-06
759	240	188	73	76	31	128	0.323007	1.13008	3.5825e-06	1.10911e-05
760	237	186	66	72	29	101	0.380123	0.96726	3.58482e-06	9.43068e-06
761	233	180	81	86	37	146	0.276739	1.28468	3.49022e-06	1.26119e-05
762	220	183	81	84	34	152	0.271792	1.30272	3.48378e-06	1.28178e-05
763	228	177	55	55	30	47	0.55705	0.5851	3.12053e-06	5.60188e-06
764	226	181	77	78	37	69	0.43096	0.84174	3.47746e-06	8.0691e-06
765	224	165	56	56	34	30	0.603699	0.50468	2.87062e-06	4.75506e-06
766	222	175	92	93	46	90	0.352382	1.04304	3.53496e-06	1.00316e-05
767	220	183	93	94	37	119	0.302033	1.19722	3.51232e-06	1.16289e-05
768	218	178	56	61	30	53	0.520284	0.65338	3.25665e-06	6.25936e-06
769	216	167	72	74	29	103	0.371569	0.99002	3.58558e-06	9.64984e-06
770	214	174	71	72	33	85	0.412442	0.88566	3.53898e-06	8.58055e-06
771	212	165	71	77	36	81	0.40793	0.89666	3.5287e-06	8.65025e-06
772	211	166	50	51	31	30	0.622956	0.47328	2.78637e-06	4.47282e-06
773	209	166	74	78	32	141	0.298514	1.20894	3.55073e-06	1.18947e-05
774	206	162	52	56	27	52	0.539625	0.61688	3.19674e-06	5.92399e-06
775	204	159	80	83	37	84	0.38688	0.94964	3.53931e-06	9.14834e-06
776	202	162	50	51	29	38	0.598051	0.51408	2.92919e-06	4.89789e-06
777	199	158	67	70	32	84	0.41979	0.868	3.53233e-06	8.41452e-06
778	208	165	68	69	30	113	0.364357	1.00962	3.60675e-06	9.89894e-06
779	229	178	70	71	37	76	0.434534	0.83348	3.49622e-06	8.0459e-06
780	186	140	49	50	30	45	0.580712	0.5435	3.02747e-06	5.21337e-06
781	207	167	60	62	30	49	0.527683	0.63926	3.22059e-06	6.10328e-06
782	224	175	75	77	35	77	0.416337	0.87626	3.51294e-06	8.43772e-06
783	213	168	80	81	39	118	0.329401	1.11048	3.57135e-06	1.0842e-05
784	220	165	71	75	36	102	0.371131	0.9912	3.58259e-06	9.65316e-06
785	200	155	63	63	35	48	0.52706	0.64044	3.21854e-06	6.10659e-06
786	228	177	66	68	37	53	0.497908	0.69734	3.31333e-06	6.6545e-06
787	220	163	67	68	33	79	0.436075	0.82994	3.50428e-06	8.03596e-06
788	215	170	93	96	40	118	0.299788	1.20468	3.50413e-06	1.16887e-05
789	224	180	83	84	38	119	0.321609	1.13442	3.55842e-06	1.10644e-05
790	202	159	57	62	28	62	0.493832	0.70556	3.3551e-06	6.79401e-06
791	218	168	83	83	39	94	0.367644	1.00064	3.55867e-06	9.67967e-06
792	210	168	62	63	31	97	0.410516	0.89034	3.57564e-06	8.71012e-06
793	209	166	72	74	34	96	0.385074	0.95432	3.57268e-06	9.27791e-06
794	212	172	71	74	35	85	0.407294	0.89822	3.54079e-06	8.69344e-06
795	223	180	64	66	34	55	0.499084	0.69498	3.31785e-06	6.64787e-06
796	215	165	71	74	34	107	0.364066	1.01042	3.59056e-06	9.86237e-06
797	234	181	66	68	34	66	0.465967	0.76364	3.42264e-06	7.34523e-06
798	231	169	58	59	27	57	0.516221	0.66122	3.28265e-06	6.359e-06
799	229	181	58	59	31	39	0.565854	0.56942	3.05708e-06	5.4026e-06
800	226	174	67	68	36	75	0.445063	0.80954	3.48192e-06	7.82343e-06
801	224	170	59	61	33	47	0.536451	0.62278	3.18682e-06	5.94056e-06
802	232	177	88	90	36	197	0.208066	1.5699	3.23491e-06	1.55475e-05
803	220	173	56	56	30	39	0.576615	0.55058	3.01758e-06	5.23326e-06
804	218	169	75	80	32	110	0.34528	1.0634	3.57726e-06	1.03605e-05
805	217	179	67	69	35	66	0.46305	0.76992	3.42735e-06	7.40168e-06
806	215	174	92	94	35	134	0.279789	1.27372	3.47663e-06	1.24259e-05
807	213	152	62	62	31	72	0.469278	0.75656	3.43762e-06	7.32534e-06
808	211	168	69	69	35	76	0.440027	0.82092	3.49073e-06	7.93301e-06
809	209	165	67	70	37	68	0.455482	0.7864	3.44544e-06	7.56439e-06
810	207	152	70	72	36	58	0.473331	0.74796	3.3824e-06	7.14595e-06
811	205	160	69	70	38	57	0.481764	0.7303	3.36268e-06	6.97992e-06
812	202	156	76	77	33	117	0.339507	1.08026	3.58623e-06	1.0563e-05
813	237	189	76	78	36	90	0.38719	0.94884	3.5563e-06	9.1849e-06
814	196	148	65	65	34	66	0.474829	0.7448	3.40732e-06	7.17589e-06
815	192	152	71	74	34	82	0.413574	0.88292	3.52945e-06	8.53404e-06
816	207	160	59	60	31	67	0.487483	0.7185	3.38644e-06	6.94678e-06
817	229	173	72	73	31	88	0.403637	0.90724	3.55055e-06	8.7964e-06
818	238	192	79	81	32	114	0.33619	1.09008	3.57351e-06	1.06294e-05
819	213	169	74	75	29	119	0.340309	1.0779	3.59245e-06	1.05564e-05
820	228	181	89	92	35	148	0.263801	1.33256	3.44442e-06	1.30569e-05
821	255	202	78	79	37	72	0.42176	0.86332	3.49426e-06	8.28495e-06
822	219	168	64	66	33	69	0.464692	0.76638	3.43488e-06	7.39173e-06
823	211	165	76	80	31	138	0.299333	1.2062	3.54655e-06	1.18482e-05
824	243	197	95	95	35	126	0.289616	1.2392	3.49199e-06	1.20573e-05
825	225	179	57	57	29	72	0.484247	0.72516	3.4106e-06	7.0431e-06
826	203	144	45	46	30	19	0.67992	0.38578	2.45187e-06	3.60612e-06
827	201	158	52	55	30	46	0.559898	0.58	3.10673e-06	5.54875e-06
828	232	180	84	92	41	110	0.320216	1.13876	3.53449e-06	1.10378e-05
829	209	169	65	68	36	63	0.473151	0.74834	3.39998e-06	7.18583e-06
830	217	175	86	87	35	113	0.325413	1.12266	3.55188e-06	1.0915e-05
831	242	195	90	95	37	132	0.280888	1.2698	3.4763e-06	1.23761e-05
832	238	183	85	87	45	92	0.3622	1.01556	3.54926e-06	9.7992e-06
833	235	191	59	59	32	44	0.551607	0.59492	3.12666e-06	5.66827e-06
834	232	189	72	75	33	84	0.406814	0.8994	3.53796e-06	8.69676e-06
835	229	170	72	76	34	87	0.398129	0.92098	3.54836e-06	8.91261e-06
836	197	156	62	64	31	70	0.468172	0.75892	3.43262e-06	7.33197e-06
837	225	182	86	89	36	176	0.233046	1.45652	3.3501e-06	1.43753e-05
838	223	166	64	67	33	61	0.481013	0.73186	3.37821e-06	7.02311e-06
839	221	167	72	76	28	116	0.343393	1.06888	3.58965e-06	1.04535e-05
840	219	170	60	64	30	74	0.458718	0.77932	3.4608e-06	7.5445e-06
841	217	166	62	62	33	72	0.469278	0.75656	3.43762e-06	7.32534e-06
842	211	159	57	58	29	53	0.530179	0.63454	3.2288e-06	6.09002e-06
843	213	171	61	61	34	38	0.561648	0.57688	3.06793e-06	5.46237e-06
844	211	150	90	94	36	145	0.264525	1.32982	3.44157e-06	1.30104e-05
845	209	164	68	69	34	66	0.46305	0.76992	3.42735e-06	7.40168e-06
846	207	157	81	83	42	72	0.411297	0.88844	3.50044e-06	8.51074e-06
847	223	179	56	57	34	30	0.599919	0.51096	2.88652e-06	4.81151e-06
848	203	163	60	65	28	75	0.453527	0.7907	3.47134e-06	7.65408e-06
849	200	155	56	58	33	56	0.522129	0.64984	3.26301e-06	6.24942e-06
850	197	161	70	73	33	92	0.395486	0.92764	3.5629e-06	9.00893e-06
851	229	180	58	58	30	43	0.55792	0.58354	3.1013e-06	5.55869e-06
852	207	174	56	57	28	45	0.555737	0.58746	3.11686e-06	5.60851e-06
853	212	170	76	78	38	77	0.413731	0.88254	3.5143e-06	8.49417e-06
854	222	173	71	72	33	88	0.40618	0.90096	3.54999e-06	8.73995e-06
855	213	161	71	72	37	76	0.431814	0.83976	3.49871e-06	8.10235e-06
856	220	184	59	61	31	49	0.531007	0.63298	3.21091e-06	6.04683e-06
857	228	180	86	89	33	184	0.223729	1.49732	3.31127e-06	1.48003e-05
858	219	175	77	78	31	121	0.330569	1.10694	3.58073e-06	1.0832e-05
859	215	162	88	90	35	176	0.231587	1.4628	3.3422e-06	1.44317e-05
860	216	170	75	77	33	104	0.36278	1.01396	3.58147e-06	9.87232e-06
861	225	169	64	65	29	66	0.474829	0.7448	3.40732e-06	7.17589e-06
862	203	150	59	62	27	64	0.48882	0.71576	3.373e-06	6.90028e-06
863	219	176	73	73	37	65	0.453872	0.78994	3.43778e-06	7.57433e-06
864	227	176	61	62	26	79	0.45282	0.79226	3.48548e-06	7.69727e-06
865	257	203	63	66	35	59	0.489006	0.71538	3.35478e-06	6.8604e-06
866	249	207	88	88	39	92	0.359932	1.02184	3.54736e-06	9.85564e-06
867	244	183	66	70	30	79	0.430633	0.8425	3.50916e-06	8.14885e-06
868	239	184	67	69	37	50	0.502419	0.68832	3.29162e-06	6.55154e-06
869	230	175	98	100	36	166	0.22887	1.4746	3.31058e-06	1.44649e-05
870	211	171	66	70	31	74	0.441755	0.817	3.48244e-06	7.88319e-06
871	230	174	67	79	28	198	0.221813	1.50592	3.3227e-06	1.49797e-05
872	227	177	59	60	30	58	0.51038	0.6726	3.30143e-06	6.46858e-06
873	225	167	60	61	34	42	0.550306	0.59728	3.12293e-06	5.6749e-06
874	223	166	55	55	30	37	0.586197	0.5341	2.97234e-06	5.07055e-06
875	221	167	83	85	35	108	0.338037	1.0846	3.5617e-06	1.05364e-05
876	245	195	81	82	35	105	0.349777	1.05046	3.57041e-06	1.02077e-05
877	217	184	80	81	34	119	0.327725	1.11558	3.5706e-06	1.08951e-05
878	216	168	76	78	30	107	0.355035	1.03554	3.58165e-06	1.00882e-05
879	214	159	74	78	36	77	0.413731	0.88254	3.5143e-06	8.49417e-06
880	212	176	92	97	33	181	0.216047	1.53226	3.26069e-06	1.50925e-05
881	210	170	69	69	34	59	0.47988	0.73422	3.37343e-06	7.02974e-06
882	208	161	60	63	28	62	0.49074	0.71184	3.3618e-06	6.85046e-06
883	206	165	47	47	28	26	0.651968	0.42776	2.63036e-06	4.0345e-06
884	203	158	56	58	35	59	0.514202	0.66514	3.29542e-06	6.40882e-06
885	201	159	55	55	27	42	0.571438	0.5596	3.04931e-06	5.33621e-06
886	198	161	75	79	34	126	0.320229	1.13872	3.57188e-06	1.11541e-05
887	229	173	70	70	31	73	0.444014	0.8119	3.47665e-06	7.83006e-06
888	190	148	60	60	25	83	0.449284	0.8001	3.50303e-06	7.79691e-06
889	185	152	59	63	32	57	0.503415	0.68634	3.31488e-06	6.58479e-06
890	239	184	70	72	27	114	0.355738	1.03356	3.60057e-06	1.01214e-05
891	213	162	80	87	37	125	0.306095	1.18386	3.53619e-06	1.15526e-05
892	216	168	69	70	33	80	0.428442	0.8476	3.51408e-06	8.20199e-06
893	255	198	78	81	30	134	0.303589	1.19208	3.5496e-06	1.16921e-05
894	219	169	71	71	37	58	0.476313	0.74168	3.37682e-06	7.08951e-06
895	212	154	69	71	35	86	0.412929	0.88448	3.54179e-06	8.57723e-06
896	211	168	79	83	35	137	0.295248	1.21994	3.53246e-06	1.19644e-05
897	225	182	64	67	33	76	0.445588	0.80836	3.48455e-06	7.82011e-06
898	203	160	69	72	38	50	0.493042	0.70716	3.31368e-06	6.72089e-06
899	208	168	68	70	34	68	0.455482	0.7864	3.44544e-06	7.56439e-06
900	232	189	75	77	38	87	0.395636	0.92726	3.54848e-06	8.96905e-06
901	209	163	63	64	33	58	0.497719	0.69772	3.33191e-06	6.69437e-06
902	229	180	61	64	30	62	0.487668	0.71812	3.36828e-06	6.9069e-06
903	243	186	69	71	36	75	0.436756	0.82838	3.49089e-06	7.99277e-06
904	215	161	77	80	33	110	0.34528	1.0634	3.57726e-06	1.03605e-05
905	236	186	64	65	31	65	0.477257	0.7397	3.39938e-06	7.12275e-06
906	233	188	62	65	29	74	0.455846	0.7856	3.46486e-06	7.60095e-06
907	230	168	81	87	31	124	0.30766	1.17876	3.53792e-06	1.14995e-05
908	228	170	62	64	34	54	0.507977	0.67732	3.29262e-06	6.48184e-06
909	226	185	69	71	36	61	0.469081	0.75698	3.40032e-06	7.2489e-06
910	227	173	63	66	36	46	0.522526	0.64908	3.22381e-06	6.16967e-06
911	222	167	72	74	38	71	0.437438	0.82682	3.47745e-06	7.94958e-06
912	220	167	75	77	36	73	0.424918	0.85586	3.49503e-06	8.22519e-06
913	218	162	80	85	34	119	0.319595	1.1407	3.55419e-06	1.11209e-05
914	216	173	54	55	30	56	0.532059	0.631	3.23496e-06	6.08008e-06
915	214	160	56	56	32	32	0.597572	0.51488	2.90499e-06	4.86133e-06
916	221	173	88	88	35	145	0.274682	1.29214	3.48069e-06	1.26717e-05
917	210	172	56	57	29	49	0.544515	0.60786	3.16964e-06	5.82104e-06
918	208	164	76	78	35	80	0.407449	0.89784	3.52589e-06	8.65357e-06
919	206	160	62	64	32	58	0.497719	0.69772	3.33191e-06	6.69437e-06
920	204	159	70	71	31	90	0.40459	0.90488	3.55626e-06	8.78977e-06
921	200	155	60	64	39	36	0.556816	0.58552	3.07666e-06	5.52544e-06
922	198	157	69	69	33	93	0.403483	0.90762	3.56529e-06	8.83627e-06
923	195	158	56	60	27	67	0.487483	0.7185	3.38644e-06	6.94678e-06
924	191	153	60	61	31	53	0.520284	0.65338	3.25665e-06	6.25936e-06
925	224	173	77	78	37	76	0.415846	0.87744	3.51017e-06	8.44104e-06
926	205	166	54	55	35	28	0.61373	0.4882	2.81846e-06	4.59235e-06
927	213	157	73	74	36	76	0.426424	0.85232	3.50318e-06	8.21525e-06
928	236	183	78	79	35	82	0.400789	0.91432	3.53347e-06	8.81628e-06
929	219	168	62	64	35	44	0.534555	0.62632	3.18088e-06	5.95051e-06
930	219	168	69	70	30	100	0.386896	0.9496	3.58445e-06	9.26465e-06
931	244	191	70	72	32	79	0.425258	0.85506	3.51337e-06	8.26175e-06
932	235	199	81	85	34	140	0.287136	1.2478	3.51359e-06	1.22367e-05
933	225	176	57	57	33	42	0.564305	0.57216	3.07496e-06	5.44911e-06
934	203	162	63	63	33	50	0.521712	0.65064	3.24132e-06	6.21286e-06
935	220	166	69	72	34	75	0.434022	0.83466	3.49354e-06	8.04922e-06
936	227	182	81	81	38	96	0.368513	0.99828	3.56464e-06	9.67304e-06
937	210	157	63	64	26	87	0.429291	0.84562	3.53531e-06	8.23523e-06
938	209	163	62	66	27	80	0.439341	0.82248	3.50427e-06	7.9762e-06
939	246	197	80	81	37	83	0.393773	0.93198	3.53699e-06	8.98231e-06
940	241	188	77	81	39	124	0.319474	1.14108	3.56557e-06	1.11608e-05
941	237	193	84	86	39	108	0.335921	1.09088	3.55837e-06	1.05929e-05
942	234	183	63	67	33	53	0.501045	0.69106	3.30592e-06	6.59805e-06
943	231	177	69	69	30	75	0.442277	0.81582	3.48508e-06	7.87987e-06
944	197	146	50	50	25	55	0.551838	0.5945	3.17015e-06	5.74471e-06
945	226	185	73	73	35	83	0.414062	0.88174	3.53225e-06	8.53073e-06
946	224	188	70	71	34	78	0.430125	0.84368	3.50645e-06	8.15217e-06
947	222	186	58	60	34	50	0.531634	0.6318	3.21294e-06	6.04352e-06
948	220	182	84	86	38	140	0.285338	1.25408	3.5077e-06	1.22931e-05
949	218	173	67	69	31	84	0.422435	0.86172	3.53074e-06	8.35807e-06
950	212	162	63	66	34	70	0.462328	0.77148	3.44197e-06	7.44487e-06
951	215	172	72	73	29	97	0.385529	0.95314	3.57562e-06	9.2746e-06
952	213	174	76	76	42	64	0.447678	0.80368	3.44289e-06	7.69054e-06
953	211	163	60	60	30	51	0.52893	0.6369	3.2247e-06	6.09665e-06
954	209	151	73	73	31	105	0.370116	0.99394	3.59e-06	9.69966e-06
955	207	165	73	73	28	117	0.348144	1.05514	3.59885e-06	1.03373e-05
956	205	166	69	72	35	77	0.429618	0.84486	3.50374e-06	8.15548e-06
957	202	162	78	81	39	89	0.381906	0.96258	3.55215e-06	9.30111e-06
958	199	157	58	59	30	68	0.488059	0.71732	3.38882e-06	6.94347e-06
959	196	150	83	84	35	150	0.274578	1.29252	3.49032e-06	1.27116e-05
960	208	165	72	75	38	78	0.419455	0.8688	3.51417e-06	8.37796e-06
961	187	144	46	48	29	29	0.638049	0.44934	2.71193e-06	4.25035e-06
962	181	145	69	69	36	58	0.482333	0.72912	3.36505e-06	6.97661e-06
963	213	161	61	62	36	47	0.533093	0.62906	3.19696e-06	5.99701e-06
964	206	167	61	63	33	67	0.478385	0.73734	3.40424e-06	7.11612e-06
965	216	165	66	67	31	82	0.43216	0.83896	3.51731e-06	8.13891e-06
966	219	173	73	76	35	88	0.396103	0.92608	3.55136e-06	8.96574e-06
967	203	163	73	75	31	94	0.386586	0.9504	3.56745e-06	9.22809e-06
968	225	178	66	67	37	66	0.468903	0.75736	3.41773e-06	7.28878e-06
969	225	169	79	83	35	108	0.342309	1.07204	3.56808e-06	1.04235e-05
970	203	160	70	70	32	83	0.421937	0.8629	3.52798e-06	8.36139e-06
971	211	164	72	74	27	136	0.314013	1.15832	3.58077e-06	1.14032e-05
972	232	181	56	59	32	43	0.554427	0.58982	3.11318e-06	5.61514e-06
973	210	170	72	73	33	72	0.437955	0.82564	3.4801e-06	7.94627e-06
974	212	168	71	71	36	72	0.44349	0.81308	3.47402e-06	7.83337e-06
975	247	196	85	89	34	130	0.294664	1.22192	3.51568e-06	1.19312e-05
976	242	190	88	89	38	101	0.341632	1.07402	3.54966e-06	1.03903e-05
977	225	170	62	66	30	66	0.471857	0.75108	3.41262e-06	7.23233e-06
978	206	152	57	62	29	79	0.45282	0.79226	3.48548e-06	7.69727e-06
979	232	182	66	69	28	110	0.369975	0.99432	3.60338e-06	9.73954e-06
980	229	174	71	74	34	87	0.403161	0.90842	3.5477e-06	8.79971e-06
981	227	175	64	64	32	60	0.492668	0.70792	3.35046e-06	6.80064e-06
982	224	178	50	50	24	48	0.571895	0.5588	3.07266e-06	5.37277e-06
983	222	166	66	69	34	65	0.465418	0.76482	3.42014e-06	7.34854e-06
984	209	152	75	76	36	85	0.40221	0.91078	3.542e-06	8.80634e-06
985	219	185	72	73	30	97	0.385529	0.95314	3.57562e-06	9.2746e-06
986	217	179	73	74	41	48	0.49188	0.70952	3.30913e-06	6.72752e-06
987	215	170	60	62	35	52	0.519671	0.65456	3.25453e-06	6.26268e-06
988	213	169	85	86	33	132	0.297221	1.21328	3.52744e-06	1.18681e-05
989	211	159	82	83	37	84	0.38688	0.94964	3.53931e-06	9.14834e-06
990	202	163	57	61	27	81	0.451049	0.79618	3.49432e-06	7.74709e-06
991	207	167	66	69	28	79	0.433345	0.83622	3.50681e-06	8.09241e-06
992	205	160	64	65	31	69	0.46762	0.7601	3.43012e-06	7.33528e-06
993	203	157	70	71	34	81	0.423594	0.85898	3.52073e-06	8.31157e-06
994	200	158	56	60	26	97	0.418324	0.8715	3.57281e-06	8.54078e-06
995	229	178	66	67	36	52	0.503607	0.68596	3.29606e-06	6.54492e-06
996	193	152	61	63	31	56	0.505989	0.68124	3.30495e-06	6.53166e-06
997	189	154	61	62	32	73	0.466891	0.76166	3.44494e-06	7.37847e-06
998	218	168	80	83	36	97	0.362062	1.01594	3.56235e-06	9.83907e-06
999	213	167	65	68	35	77	0.440546	0.81974	3.4934e-06	7.92969e-06
1000	212	165	75	75	39	72	0.432488	0.8382	3.48549e-06	8.05916e-06