Hist	Tr_Tot	Tr_in	DSBs	DSBt	RIFs	NComb	PSurv	lPSurv	PMut*	PMut
1	7	7	67	72	36	102	0.378189	0.97236	3.58668e-06	9.48381e-06
2	6	6	38	43	20	43	0.613031	0.48934	2.88859e-06	4.71197e-06
3	10	10	105	110	44	191	0.18921	1.6649	3.09503e-06	1.63577e-05
4	9	9	55	62	21	218	0.222871	1.50116	3.36152e-06	1.50828e-05
5	7	6	50	53	24	90	0.45301	0.79184	3.52157e-06	7.77371e-06
6	4	4	25	32	16	47	0.643611	0.44066	2.76984e-06	4.30358e-06
7	12	11	87	95	42	128	0.286677	1.2494	3.48701e-06	1.21636e-05
8	10	10	117	130	50	284	0.103851	2.2648	2.32917e-06	2.2428e-05
9	10	10	41	44	27	32	0.644346	0.43952	2.69591e-06	4.18396e-06
10	7	7	41	44	24	47	0.596891	0.51602	2.97309e-06	4.98095e-06
11	10	10	31	32	21	22	0.731133	0.31316	2.17531e-06	2.97525e-06
12	13	13	99	109	38	220	0.164225	1.80652	2.93011e-06	1.78421e-05
13	7	7	40	47	21	61	0.545387	0.60626	3.2146e-06	5.89416e-06
14	10	10	90	99	46	288	0.123623	2.09052	2.58256e-06	2.08907e-05
15	12	12	95	103	51	127	0.274024	1.29454	3.44229e-06	1.2562e-05
16	4	4	30	32	13	43	0.656876	0.42026	2.68731e-06	4.09105e-06
17	11	11	96	109	38	432	0.0557031	2.88772	1.62131e-06	2.91063e-05
18	11	11	62	72	39	88	0.40618	0.90096	3.54999e-06	8.73995e-06
19	8	8	82	89	32	246	0.163079	1.81352	2.95085e-06	1.80946e-05
20	12	11	72	79	31	132	0.310578	1.16932	3.56324e-06	1.14729e-05
21	10	10	120	132	37	472	0.0393146	3.23616	1.2789e-06	3.253e-05
22	12	12	79	84	43	103	0.348952	1.05282	3.56431e-06	1.02143e-05
23	9	9	91	98	46	141	0.263279	1.33454	3.42886e-06	1.30236e-05
24	12	12	110	120	51	321	0.0915656	2.3907	2.18196e-06	2.38295e-05
25	6	5	15	15	14	1	0.905471	0.0993	8.14786e-07	8.99847e-07
26	10	9	89	101	41	263	0.138681	1.97558	2.72858e-06	1.96752e-05
27	12	12	148	165	54	519	0.0251449	3.6831	9.27595e-07	3.689e-05
28	13	13	83	90	48	107	0.329262	1.1109	3.54469e-06	1.07655e-05
29	10	9	108	116	46	378	0.0702089	2.65628	1.86982e-06	2.66323e-05
30	6	6	20	21	17	10	0.832868	0.18288	1.42981e-06	1.71673e-06
31	7	7	19	22	12	26	0.7628	0.27076	2.00106e-06	2.62331e-06
32	9	8	70	77	40	103	0.364634	1.00886	3.58041e-06	9.81918e-06
33	9	9	38	40	18	73	0.536065	0.6235	3.28963e-06	6.13663e-06
34	10	10	65	69	42	54	0.492274	0.70872	3.32978e-06	6.76408e-06
35	11	11	121	132	46	625	0.0180166	4.01646	7.32544e-07	4.06593e-05
36	14	13	149	160	65	293	0.0821589	2.4991	2.02108e-06	2.45996e-05
37	7	7	25	28	17	56	0.630375	0.46144	2.87198e-06	4.55599e-06
38	16	16	114	127	56	257	0.121449	2.10826	2.52907e-06	2.08241e-05
39	10	10	73	83	35	199	0.21521	1.53614	3.28382e-06	1.52587e-05
40	18	17	169	188	76	395	0.0409608	3.19514	1.29435e-06	3.15998e-05
41	16	16	199	223	55	1066	0.00107328	6.83704	7.43005e-08	6.92278e-05
42	5	5	59	62	23	209	0.23334	1.45526	3.40783e-06	1.46046e-05
43	11	11	97	100	41	251	0.148362	1.9081	2.81609e-06	1.89812e-05
44	9	9	31	33	17	36	0.676488	0.39084	2.55413e-06	3.77557e-06
45	5	5	71	79	18	319	0.11967	2.12302	2.56199e-06	2.14089e-05
46	9	8	28	29	20	13	0.780032	0.24842	1.81569e-06	2.32771e-06
47	6	6	43	44	24	33	0.641068	0.44462	2.71626e-06	4.23709e-06
48	6	6	41	45	21	80	0.501275	0.6906	3.40406e-06	6.7908e-06
49	5	4	11	11	11	0	0.933252	0.06908	5.79478e-07	6.20924e-07
50	13	13	74	77	47	77	0.416337	0.87626	3.51294e-06	8.43772e-06
51	5	5	58	64	33	69	0.470566	0.75382	3.42517e-06	7.27884e-06
52	10	10	40	43	28	28	0.661768	0.41284	2.59081e-06	3.91498e-06
53	7	6	88	103	38	281	0.124938	2.07994	2.59177e-06	2.07445e-05
54	5	4	15	15	12	6	0.882673	0.1248	1.02877e-06	1.16551e-06
55	11	11	137	147	53	326	0.0753388	2.58576	1.93012e-06	2.56192e-05
56	12	12	60	65	33	112	0.375536	0.9794	3.61266e-06	9.62001e-06
57	7	7	26	26	21	6	0.823757	0.19388	1.47159e-06	1.78644e-06
58	5	5	48	53	20	126	0.377026	0.97544	3.65207e-06	9.68651e-06
59	6	6	25	26	16	22	0.759208	0.27548	2.0017e-06	2.63657e-06
60	10	10	41	45	27	32	0.640312	0.4458	2.71518e-06	4.2404e-06
61	17	17	72	77	48	59	0.456366	0.78446	3.41422e-06	7.48132e-06
62	10	10	125	136	54	334	0.0774998	2.55748	1.97031e-06	2.54234e-05
63	13	13	85	87	44	165	0.249609	1.38786	3.41413e-06	1.36779e-05
64	9	9	60	67	31	147	0.310224	1.17046	3.5963e-06	1.15926e-05
65	9	9	139	157	54	366	0.0576964	2.85256	1.63333e-06	2.8309e-05
66	7	7	50	55	25	75	0.482922	0.7279	3.42373e-06	7.08961e-06
67	7	7	69	82	27	275	0.14698	1.91746	2.82794e-06	1.92403e-05
68	10	10	64	74	37	86	0.405222	0.90332	3.54431e-06	8.74658e-06
69	9	9	97	108	30	357	0.0821721	2.49894	2.05963e-06	2.50649e-05
70	10	10	102	118	46	755	0.0101372	4.59154	4.74183e-07	4.67764e-05
71	14	14	125	140	59	219	0.135864	1.9961	2.65463e-06	1.95388e-05
72	5	5	12	12	9	4	0.908682	0.09576	8.0864e-07	8.89904e-07
73	7	6	54	62	26	128	0.352692	1.04216	3.63301e-06	1.03008e-05
74	11	11	41	42	24	49	0.598302	0.51366	2.97615e-06	4.97433e-06
75	10	10	127	137	53	330	0.0786019	2.54336	1.98605e-06	2.52673e-05
76	5	5	70	82	19	382	0.0851654	2.46316	2.1228e-06	2.49256e-05
77	11	11	103	111	43	258	0.133603	2.01288	2.6686e-06	1.9974e-05
78	6	6	13	14	11	3	0.901929	0.10322	8.56531e-07	9.49666e-07
79	9	9	72	74	34	118	0.344204	1.06652	3.59585e-06	1.04468e-05
80	12	12	74	80	38	114	0.338308	1.0838	3.57692e-06	1.0573e-05
81	6	6	4	4	4	0	0.975193	0.02512	2.20189e-07	2.2579e-07
82	7	7	80	84	39	119	0.321609	1.13442	3.55842e-06	1.10644e-05
83	11	11	87	93	38	257	0.150357	1.89474	2.84249e-06	1.89049e-05
84	12	11	53	62	23	186	0.26238	1.33796	3.51131e-06	1.33825e-05
85	7	7	69	82	25	323	0.115065	2.16226	2.50735e-06	2.17907e-05
86	4	4	46	53	22	79	0.479151	0.73574	3.44473e-06	7.18925e-06
87	6	6	49	55	25	104	0.416529	0.8758	3.59484e-06	8.63047e-06
88	12	12	132	144	61	293	0.0908432	2.39862	2.15266e-06	2.36965e-05
89	11	11	71	78	43	93	0.381311	0.96414	3.56308e-06	9.3443e-06
90	12	10	89	99	35	302	0.115104	2.16192	2.49022e-06	2.16345e-05
91	12	10	72	76	39	158	0.277182	1.28308	3.51607e-06	1.26851e-05
92	11	11	67	75	33	227	0.196184	1.6287	3.19679e-06	1.62948e-05
93	11	11	59	62	35	64	0.48882	0.71576	3.373e-06	6.90028e-06
94	10	9	51	52	24	84	0.470029	0.75496	3.4775e-06	7.39846e-06
95	12	12	92	99	46	178	0.21664	1.52952	3.25956e-06	1.5046e-05
96	10	9	87	94	39	180	0.221281	1.50832	3.29047e-06	1.48701e-05
97	16	16	141	155	57	415	0.0455065	3.0899	1.40158e-06	3.07997e-05
98	14	12	110	122	41	437	0.0500436	2.99486	1.5066e-06	3.01058e-05
99	11	11	140	155	48	567	0.0209608	3.8651	8.14871e-07	3.88759e-05
100	17	17	110	116	55	160	0.213423	1.54448	3.21185e-06	1.50492e-05
101	7	7	56	63	27	150	0.313286	1.16064	3.61099e-06	1.15262e-05
102	11	10	81	88	32	243	0.166637	1.79194	2.97925e-06	1.78788e-05
103	9	9	90	104	34	278	0.12607	2.07092	2.60228e-06	2.06416e-05
104	6	6	21	22	17	6	0.844712	0.16876	1.3183e-06	1.56065e-06
105	6	5	36	48	15	138	0.365957	1.00524	3.67489e-06	1.00419e-05
106	10	10	57	64	22	113	0.37598	0.97822	3.61568e-06	9.6167e-06
107	5	4	65	70	33	97	0.392861	0.9343	3.5771e-06	9.10525e-06
108	13	13	96	104	47	165	0.224334	1.49462	3.28369e-06	1.46375e-05
109	4	4	27	31	11	65	0.590858	0.52618	3.07455e-06	5.20353e-06
110	6	6	19	20	13	9	0.8424	0.1715	1.35386e-06	1.60715e-06
111	6	6	11	11	7	7	0.900523	0.10478	8.94089e-07	9.92856e-07
112	9	9	51	55	28	93	0.440564	0.8197	3.54478e-06	8.04601e-06
113	5	5	31	31	14	50	0.637832	0.44968	2.81063e-06	4.40654e-06
114	10	10	71	77	41	97	0.375965	0.97826	3.57181e-06	9.50039e-06
115	11	10	58	59	34	61	0.505797	0.68162	3.32386e-06	6.57153e-06
116	11	9	26	27	19	15	0.781875	0.24606	1.8148e-06	2.32108e-06
117	14	14	155	182	58	668	0.0105697	4.54976	4.83739e-07	4.57664e-05
118	16	16	138	156	55	503	0.0288692	3.54498	1.02578e-06	3.55318e-05
119	5	5	40	51	14	138	0.359127	1.02408	3.66712e-06	1.02112e-05
120	11	10	91	96	47	108	0.315474	1.15368	3.51985e-06	1.11574e-05
121	10	10	77	84	30	241	0.172627	1.75662	3.02904e-06	1.75467e-05
122	7	7	72	81	23	243	0.174125	1.74798	3.04434e-06	1.74836e-05
123	11	11	100	109	58	175	0.20659	1.57702	3.19204e-06	1.54511e-05
124	14	14	121	135	54	354	0.0704255	2.6532	1.86132e-06	2.64296e-05
125	7	7	73	86	27	264	0.151605	1.88648	2.86254e-06	1.88817e-05
126	13	13	132	146	63	347	0.0681135	2.68658	1.81717e-06	2.66786e-05
127	10	9	58	63	30	110	0.384182	0.95664	3.61163e-06	9.40085e-06
128	5	5	52	58	25	62	0.506394	0.68044	3.32611e-06	6.56822e-06
129	7	7	38	44	25	40	0.618585	0.48032	2.85107e-06	4.60902e-06
130	4	4	33	33	14	54	0.617152	0.48264	2.92034e-06	4.73196e-06
131	12	12	51	52	35	31	0.615907	0.48466	2.82233e-06	4.5824e-06
132	10	10	42	45	29	35	0.63059	0.4611	2.77447e-06	4.3998e-06
133	10	10	77	87	33	219	0.18952	1.66326	3.13601e-06	1.65471e-05
134	6	6	45	48	20	107	0.428639	0.84714	3.59831e-06	8.39474e-06
135	13	13	129	145	59	314	0.0811059	2.512	2.017e-06	2.48687e-05
136	8	7	36	40	23	40	0.634321	0.4552	2.78038e-06	4.38323e-06
137	5	5	18	19	7	39	0.727443	0.31822	2.28759e-06	3.1447e-06
138	5	5	51	60	16	214	0.23034	1.4682	3.39921e-06	1.47574e-05
139	6	6	38	44	22	50	0.587829	0.53132	3.02165e-06	5.14035e-06
140	3	3	6	6	4	3	0.948399	0.05298	4.72383e-07	4.98085e-07
141	12	11	77	84	32	170	0.247952	1.39452	3.41535e-06	1.37742e-05
142	18	18	188	207	82	444	0.0283151	3.56436	9.98838e-07	3.52758e-05
143	10	10	81	85	48	123	0.313142	1.1611	3.54897e-06	1.13334e-05
144	11	11	90	97	36	211	0.185396	1.68526	3.09362e-06	1.66865e-05
145	10	10	122	133	52	276	0.106157	2.24284	2.35374e-06	2.21723e-05
146	10	9	59	64	27	92	0.418483	0.87112	3.55748e-06	8.5009e-06
147	14	14	91	104	51	206	0.182005	1.70372	3.0606e-06	1.6816e-05
148	13	13	89	91	40	145	0.269556	1.31098	3.46138e-06	1.2841e-05
149	7	7	63	72	27	146	0.302172	1.19676	3.57218e-06	1.18217e-05
150	9	9	52	56	30	73	0.484819	0.72398	3.41302e-06	7.03979e-06
151	12	11	75	80	38	114	0.338308	1.0838	3.57692e-06	1.0573e-05
152	12	11	151	162	67	293	0.0811334	2.51166	2.00501e-06	2.47125e-05
153	10	10	66	68	30	181	0.259204	1.35014	3.48773e-06	1.34555e-05
154	14	13	160	179	57	606	0.0147765	4.21472	6.25086e-07	4.23028e-05
155	6	6	38	40	22	41	0.631094	0.4603	2.79976e-06	4.43637e-06
156	13	13	68	78	32	283	0.144693	1.93314	2.81278e-06	1.94396e-05
157	6	6	61	66	28	101	0.394719	0.92958	3.58879e-06	9.09199e-06
158	9	9	49	50	22	82	0.48085	0.7322	3.45217e-06	7.1793e-06
159	11	11	103	120	43	281	0.112287	2.1867	2.43709e-06	2.17041e-05
160	12	12	105	112	38	388	0.0684152	2.68216	1.84296e-06	2.69378e-05
161	6	6	22	22	16	7	0.840415	0.17386	1.35624e-06	1.61378e-06
162	9	9	38	41	15	181	0.307101	1.18058	3.66416e-06	1.19315e-05
163	10	10	88	96	45	146	0.259894	1.34748	3.42448e-06	1.31764e-05
164	5	4	58	64	20	156	0.301942	1.19752	3.59354e-06	1.19014e-05
165	7	6	30	31	21	18	0.750902	0.28648	2.03215e-06	2.70627e-06
166	5	5	43	50	22	77	0.493269	0.7067	3.41028e-06	6.91364e-06
167	1	1	6	6	3	4	0.943574	0.05808	5.20116e-07	5.51218e-07
168	10	10	59	64	36	105	0.391637	0.93742	3.59978e-06	9.19163e-06
169	6	6	50	54	21	94	0.441084	0.81852	3.5475e-06	8.04269e-06
170	13	13	105	116	52	188	0.185022	1.68728	3.0597e-06	1.6537e-05
171	10	10	30	31	23	18	0.750902	0.28648	2.03215e-06	2.70627e-06
172	6	5	67	71	29	138	0.316738	1.14968	3.59186e-06	1.13402e-05
173	9	9	119	130	40	594	0.0213693	3.8458	8.31251e-07	3.88993e-05
174	13	13	111	123	53	291	0.104712	2.25654	2.34606e-06	2.24048e-05
175	14	14	92	97	56	111	0.308739	1.17526	3.51135e-06	1.13732e-05
176	14	14	131	141	48	401	0.0533661	2.93058	1.56179e-06	2.92655e-05
177	11	11	101	113	56	206	0.172004	1.76024	2.97979e-06	1.7324e-05
178	6	6	21	23	14	15	0.801765	0.22094	1.67993e-06	2.09529e-06
179	11	11	111	123	48	286	0.107417	2.23104	2.37811e-06	2.21391e-05
180	6	5	49	58	24	142	0.336741	1.08844	3.64316e-06	1.08189e-05
181	7	7	46	49	26	53	0.561008	0.57802	3.13154e-06	5.58199e-06
182	7	7	61	64	30	117	0.368387	0.99862	3.62097e-06	9.82923e-06
183	17	16	100	109	44	223	0.161731	1.82182	2.9114e-06	1.80015e-05
184	9	9	136	150	45	559	0.0225302	3.7929	8.59945e-07	3.81686e-05
185	6	6	44	47	19	134	0.375852	0.97856	3.67316e-06	9.77289e-06
186	7	7	57	62	24	182	0.267788	1.31756	3.52677e-06	1.317e-05
187	6	6	81	86	34	219	0.190714	1.65698	3.145e-06	1.64907e-05
188	13	13	62	70	35	86	0.41553	0.8782	3.54064e-06	8.52079e-06
189	6	5	38	40	17	86	0.501676	0.6898	3.42512e-06	6.82736e-06
190	6	6	57	60	27	91	0.431322	0.8409	3.54632e-06	8.22198e-06
191	9	8	70	75	35	126	0.328375	1.1136	3.58859e-06	1.09284e-05
192	12	12	71	78	30	204	0.216484	1.53024	3.29966e-06	1.52421e-05
193	5	5	26	30	14	49	0.645132	0.4383	2.7721e-06	4.29695e-06
194	10	10	36	38	22	37	0.652242	0.42734	2.68132e-06	4.11094e-06
195	10	10	86	95	33	259	0.146974	1.9175	2.81073e-06	1.9124e-05
196	9	8	86	96	33	222	0.176386	1.73508	3.03641e-06	1.72145e-05
197	9	8	146	165	50	996	0.00220771	6.1158	1.37396e-07	6.22345e-05
198	10	10	48	52	26	74	0.494623	0.70396	3.39664e-06	6.86713e-06
199	11	11	93	104	39	344	0.0900383	2.40752	2.17428e-06	2.41484e-05
200	4	4	72	82	18	703	0.0165684	4.10026	6.95562e-07	4.19813e-05
201	7	6	49	53	25	65	0.514613	0.66434	3.31688e-06	6.44538e-06
202	10	10	76	83	43	85	0.384912	0.95474	3.54176e-06	9.20147e-06
203	14	13	122	136	49	386	0.0594464	2.82268	1.67557e-06	2.81863e-05
204	18	18	222	251	89	1060	0.000928185	6.98228	6.54273e-08	7.04895e-05
205	10	9	84	94	40	359	0.0888132	2.42122	2.16535e-06	2.43809e-05
206	6	6	25	28	16	21	0.753565	0.28294	2.03186e-06	2.69633e-06
207	7	7	48	54	26	69	0.501065	0.69102	3.36433e-06	6.71436e-06
208	10	9	88	94	39	247	0.157234	1.85002	2.89782e-06	1.843e-05
209	7	7	33	33	18	30	0.697509	0.36024	2.41113e-06	3.45677e-06
210	13	13	118	133	51	477	0.0380848	3.26794	1.25116e-06	3.28521e-05
211	13	12	154	167	68	367	0.0539089	2.92046	1.5594e-06	2.89266e-05
212	11	11	78	83	43	116	0.328624	1.11284	3.56511e-06	1.08486e-05
213	10	9	54	61	27	81	0.451049	0.79618	3.49432e-06	7.74709e-06
214	9	9	68	69	30	137	0.322381	1.13202	3.60233e-06	1.11741e-05
215	9	9	74	81	32	169	0.25396	1.37058	3.4416e-06	1.35518e-05
216	11	11	124	142	48	394	0.0549594	2.90116	1.59108e-06	2.895e-05
217	7	7	42	45	20	96	0.461996	0.7722	3.53008e-06	7.64093e-06
218	7	7	24	25	16	15	0.791758	0.2335	1.74835e-06	2.20819e-06
219	9	9	87	96	45	151	0.253351	1.37298	3.40556e-06	1.34421e-05
220	5	5	21	27	10	122	0.453047	0.79176	3.62724e-06	8.00634e-06
221	10	9	56	57	26	131	0.358416	1.02606	3.64795e-06	1.0178e-05
222	13	13	92	101	40	213	0.178962	1.72058	3.04568e-06	1.70186e-05
223	6	6	27	29	11	70	0.583261	0.53912	3.12413e-06	5.3563e-06
224	11	11	131	141	45	378	0.0600078	2.81328	1.68283e-06	2.80435e-05
225	6	6	61	65	23	197	0.243436	1.4129	3.4413e-06	1.41363e-05
226	12	12	103	116	44	506	0.0365498	3.30908	1.22198e-06	3.34333e-05
227	12	12	120	132	49	346	0.0747534	2.59356	1.93127e-06	2.58352e-05
228	5	5	36	37	23	45	0.630111	0.46186	2.82261e-06	4.47956e-06
229	5	5	29	31	13	67	0.584862	0.53638	3.1055e-06	5.3098e-06
230	10	9	112	117	31	465	0.0447681	3.10626	1.40175e-06	3.13113e-05
231	5	5	62	70	22	197	0.235911	1.4443	3.4015e-06	1.44186e-05
232	5	5	22	23	13	20	0.781578	0.24644	1.84527e-06	2.36096e-06
233	12	12	53	56	25	124	0.373783	0.98408	3.64423e-06	9.74958e-06
234	5	5	39	41	11	139	0.380458	0.96638	3.69039e-06	9.69987e-06
235	11	11	93	101	43	170	0.222845	1.50128	3.28336e-06	1.47339e-05
236	11	11	126	141	45	338	0.0735875	2.60928	1.90725e-06	2.59181e-05
237	7	7	49	54	23	82	0.468921	0.75732	3.47241e-06	7.40509e-06
238	10	10	58	63	30	90	0.425436	0.85464	3.54737e-06	8.33819e-06
239	13	13	70	75	48	48	0.488801	0.7158	3.31601e-06	6.78396e-06
240	6	6	62	68	26	164	0.28268	1.26344	3.54828e-06	1.25523e-05
241	7	7	23	23	12	28	0.750332	0.28724	2.09044e-06	2.78602e-06
242	7	7	20	20	11	16	0.812857	0.2072	1.60871e-06	1.97908e-06
243	5	5	40	43	13	140	0.373798	0.98404	3.68785e-06	9.86589e-06
244	5	5	28	32	14	63	0.593178	0.52226	3.05707e-06	5.15371e-06
245	10	10	37	39	26	20	0.706862	0.34692	2.30728e-06	3.26412e-06
246	6	6	58	62	23	147	0.32012	1.13906	3.62066e-06	1.13103e-05
247	7	7	25	26	12	32	0.721459	0.32648	2.28551e-06	3.1679e-06
248	17	17	113	119	53	228	0.148063	1.91012	2.78826e-06	1.88316e-05
249	7	7	37	41	21	71	0.53817	0.61958	3.27574e-06	6.08681e-06
250	7	7	62	64	24	124	0.355468	1.03432	3.62619e-06	1.02012e-05
251	16	15	114	123	66	215	0.154287	1.86894	2.83374e-06	1.83667e-05
252	6	6	23	24	20	7	0.829925	0.18642	1.43301e-06	1.72667e-06
253	7	7	74	84	33	166	0.253062	1.37412	3.43196e-06	1.35617e-05
254	10	10	88	98	29	331	0.0999046	2.30354	2.30969e-06	2.3119e-05
255	9	9	107	118	28	489	0.0393626	3.23494	1.28491e-06	3.2643e-05
256	9	9	71	80	28	201	0.217078	1.5275	3.29862e-06	1.51956e-05
257	7	7	36	38	20	44	0.629367	0.46304	2.82137e-06	4.48287e-06
258	5	5	25	27	15	67	0.599739	0.51126	3.04908e-06	5.08401e-06
259	10	9	45	46	28	26	0.656075	0.42148	2.6099e-06	3.97805e-06
260	13	13	102	116	41	300	0.104509	2.25848	2.35019e-06	2.24879e-05
261	7	7	82	91	39	181	0.224343	1.49458	3.30992e-06	1.47538e-05
262	11	11	83	88	42	142	0.278917	1.27684	3.4899e-06	1.25123e-05
263	4	4	39	44	13	125	0.40099	0.91382	3.65917e-06	9.12534e-06
264	10	10	70	78	35	152	0.282228	1.26504	3.52197e-06	1.24792e-05
265	7	7	95	103	40	331	0.0968163	2.33494	2.26562e-06	2.34012e-05
266	12	11	66	72	35	116	0.352128	1.04376	3.60145e-06	1.02277e-05
267	11	11	74	75	39	83	0.408894	0.8943	3.53432e-06	8.64363e-06
268	15	15	102	105	46	209	0.17812	1.7253	3.0337e-06	1.70318e-05
269	7	7	74	84	36	245	0.169141	1.77702	3.00382e-06	1.77592e-05
270	5	5	24	25	10	47	0.672536	0.3967	2.62857e-06	3.90845e-06
271	10	9	51	56	28	69	0.494811	0.70358	3.3782e-06	6.82726e-06
272	10	9	61	68	36	86	0.420782	0.86564	3.53789e-06	8.40789e-06
273	7	7	82	89	31	359	0.0916462	2.38982	2.20855e-06	2.40987e-05
274	6	6	53	58	27	139	0.341933	1.07314	3.64483e-06	1.06595e-05
275	13	13	74	82	30	207	0.207908	1.57066	3.24903e-06	1.56273e-05
276	13	13	114	128	56	248	0.126358	2.06864	2.57799e-06	2.04023e-05
277	4	4	24	24	7	153	0.394151	0.93102	3.73818e-06	9.48412e-06
278	10	9	64	69	35	107	0.375679	0.97902	3.59906e-06	9.58014e-06
279	13	13	169	183	64	371	0.0477708	3.04134	1.43515e-06	3.00423e-05
280	13	13	108	120	50	261	0.124344	2.0847	2.56665e-06	2.06415e-05
281	7	7	45	48	21	97	0.451067	0.79614	3.54692e-06	7.86341e-06
282	10	10	60	65	34	70	0.465241	0.7652	3.43739e-06	7.38842e-06
283	12	12	76	89	34	223	0.183375	1.69622	3.09401e-06	1.68725e-05
284	11	11	110	116	48	286	0.112244	2.18708	2.44064e-06	2.1744e-05
285	7	7	93	102	36	322	0.102002	2.28276	2.33244e-06	2.28665e-05
286	6	6	33	36	19	36	0.663863	0.40968	2.61888e-06	3.94491e-06
287	10	10	67	70	42	65	0.462504	0.7711	3.42484e-06	7.40499e-06
288	12	12	136	148	60	281	0.0941807	2.36254	2.19297e-06	2.32847e-05
289	7	7	37	40	15	92	0.486558	0.7204	3.47702e-06	7.14616e-06
290	5	5	36	39	19	156	0.353271	1.04052	3.7059e-06	1.04902e-05
291	6	6	25	26	17	22	0.759208	0.27548	2.0017e-06	2.63657e-06
292	10	10	109	117	43	256	0.129982	2.04036	2.62648e-06	2.02065e-05
293	5	4	46	48	26	67	0.525639	0.64314	3.29545e-06	6.26941e-06
294	11	11	86	104	29	473	0.0466343	3.06542	1.44578e-06	3.10026e-05
295	10	10	42	46	17	178	0.302196	1.19668	3.64276e-06	1.20543e-05
296	5	5	46	58	20	160	0.307205	1.18024	3.61742e-06	1.17753e-05
297	7	7	45	47	29	46	0.588746	0.52976	3.00094e-06	5.09716e-06
298	10	10	77	88	37	164	0.249315	1.38904	3.41093e-06	1.36812e-05
299	5	5	25	25	15	20	0.771823	0.259	1.90938e-06	2.47385e-06
300	9	9	16	16	12	4	0.88614	0.12088	9.88662e-07	1.11569e-06
301	4	4	5	6	5	1	0.958122	0.04278	3.7541e-07	3.91819e-07
302	7	6	16	16	14	2	0.895225	0.11068	9.03665e-07	1.00943e-06
303	14	13	123	136	48	590	0.0210032	3.86308	8.1966e-07	3.90255e-05
304	15	15	111	125	50	239	0.134809	2.0039	2.66311e-06	1.97548e-05
305	10	10	86	93	37	184	0.218179	1.52244	3.27839e-06	1.50261e-05
306	10	10	84	92	29	280	0.134558	2.00576	2.70064e-06	2.00705e-05
307	16	16	99	108	43	339	0.0900725	2.40714	2.17151e-06	2.41085e-05
308	10	10	75	83	35	247	0.16848	1.78094	3.00046e-06	1.78091e-05
309	11	10	47	48	30	41	0.600171	0.51054	2.93361e-06	4.88795e-06
310	9	9	90	100	26	582	0.0274278	3.5962	1.00299e-06	3.65683e-05
311	9	9	38	41	23	70	0.540922	0.61448	3.26375e-06	6.03368e-06
312	13	13	34	36	26	14	0.742687	0.29748	2.06168e-06	2.77598e-06
313	9	9	72	76	39	96	0.380268	0.96688	3.57102e-06	9.3908e-06
314	6	5	36	39	14	93	0.487132	0.71922	3.47951e-06	7.14284e-06
315	7	7	29	30	17	42	0.668579	0.4026	2.62419e-06	3.92502e-06
316	15	15	76	81	41	160	0.265888	1.32468	3.47611e-06	1.30736e-05
317	17	17	178	196	81	410	0.0360849	3.32188	1.18533e-06	3.28483e-05
318	10	10	93	103	42	198	0.190779	1.65664	3.11627e-06	1.63345e-05
319	11	11	97	103	47	155	0.237559	1.43734	3.33764e-06	1.40497e-05
320	3	3	16	18	9	27	0.778225	0.25074	1.90716e-06	2.45065e-06
321	11	11	61	65	31	96	0.407465	0.8978	3.57342e-06	8.76988e-06
322	3	3	17	17	12	7	0.867222	0.14246	1.15474e-06	1.33154e-06
323	9	9	72	76	37	85	0.40221	0.91078	3.542e-06	8.80634e-06
324	9	9	63	67	42	47	0.516614	0.66046	3.24395e-06	6.27925e-06
325	15	14	108	117	49	230	0.148412	1.90776	2.79387e-06	1.8825e-05
326	9	9	75	78	47	72	0.424416	0.85704	3.49231e-06	8.2285e-06
327	7	7	45	50	24	88	0.466359	0.7628	3.49681e-06	7.4981e-06
328	7	7	55	58	28	91	0.436774	0.82834	3.54183e-06	8.10908e-06
329	9	9	64	68	35	77	0.440546	0.81974	3.4934e-06	7.92969e-06
330	15	15	119	127	47	302	0.0965437	2.33776	2.24127e-06	2.32151e-05
331	10	10	38	38	25	31	0.672509	0.39674	2.55025e-06	3.79214e-06
332	13	13	85	92	41	178	0.226376	1.48556	3.3166e-06	1.46509e-05
333	14	14	113	126	55	165	0.195386	1.63278	3.1026e-06	1.58794e-05
334	9	9	54	61	30	82	0.448754	0.80128	3.50038e-06	7.80023e-06
335	9	9	64	67	28	142	0.318237	1.14496	3.60464e-06	1.13269e-05
336	10	10	60	64	33	88	0.427107	0.85072	3.54002e-06	8.28837e-06
337	14	14	110	118	53	185	0.18553	1.68454	3.05947e-06	1.64905e-05
338	7	7	50	53	28	78	0.481601	0.73064	3.43676e-06	7.13611e-06
339	10	10	95	104	39	280	0.12479	2.08112	2.58913e-06	2.07478e-05
340	17	16	138	151	69	228	0.121107	2.11108	2.4994e-06	2.0638e-05
341	11	11	74	77	33	133	0.312904	1.16186	3.57123e-06	1.14132e-05
342	11	11	78	92	43	151	0.259796	1.34786	3.43353e-06	1.32163e-05
343	9	9	82	92	33	194	0.208637	1.56716	3.23408e-06	1.5501e-05
344	11	9	97	107	44	198	0.186046	1.68176	3.08098e-06	1.65603e-05
345	3	3	21	22	12	38	0.717516	0.33196	2.33975e-06	3.26091e-06
346	13	13	80	83	42	115	0.330305	1.10774	3.56579e-06	1.07955e-05
347	7	7	49	55	28	119	0.385853	0.9523	3.63761e-06	9.42747e-06
348	6	5	63	67	36	67	0.466517	0.76246	3.42513e-06	7.34191e-06
349	6	5	13	13	12	1	0.916915	0.08674	7.21568e-07	7.86952e-07
350	11	9	45	50	27	60	0.537944	0.62	3.23325e-06	6.01037e-06
351	6	6	86	96	28	307	0.11434	2.16858	2.4847e-06	2.17309e-05
352	5	5	32	34	18	65	0.57983	0.54502	3.11536e-06	5.37288e-06
353	12	12	122	129	57	275	0.109414	2.21262	2.39543e-06	2.18934e-05
354	6	6	26	29	17	40	0.679689	0.38612	2.5572e-06	3.76231e-06
355	4	4	56	63	19	235	0.203083	1.59414	3.25796e-06	1.60425e-05
356	9	8	63	66	26	128	0.343943	1.06728	3.62054e-06	1.05266e-05
357	11	11	94	100	40	297	0.117338	2.1427	2.514e-06	2.14253e-05
358	5	5	36	40	20	36	0.647394	0.4348	2.70009e-06	4.1707e-06
359	12	12	56	61	34	112	0.385089	0.95428	3.61761e-06	9.39422e-06
360	12	12	117	130	39	510	0.0327976	3.4174	1.12942e-06	3.44361e-05
361	13	13	131	140	53	320	0.0811708	2.5112	2.02158e-06	2.49053e-05
362	6	6	46	52	29	46	0.570547	0.56116	3.0692e-06	5.3794e-06
363	12	12	90	102	52	174	0.216978	1.52796	3.25528e-06	1.50028e-05
364	12	12	103	113	49	282	0.116736	2.14784	2.49373e-06	2.13621e-05
365	9	9	84	95	31	373	0.0821753	2.4989	2.06927e-06	2.51812e-05
366	11	11	69	73	34	101	0.377743	0.97354	3.5837e-06	9.48713e-06
367	9	9	126	139	34	666	0.0139885	4.26952	6.04764e-07	4.32329e-05
368	12	12	54	64	31	83	0.438139	0.82522	3.51506e-06	8.0227e-06
369	11	11	83	89	37	139	0.281445	1.26782	3.49254e-06	1.24094e-05
370	7	7	20	21	19	2	0.867552	0.14208	1.12059e-06	1.29167e-06
371	9	9	49	57	26	118	0.382985	0.95976	3.63347e-06	9.48723e-06
372	4	4	52	56	20	175	0.288177	1.24418	3.59051e-06	1.24594e-05
373	14	14	91	98	39	285	0.12632	2.06894	2.61164e-06	2.06748e-05
374	9	9	40	42	26	24	0.679662	0.38616	2.47804e-06	3.646e-06
375	11	11	64	70	26	133	0.326966	1.1179	3.60252e-06	1.1018e-05
376	4	4	17	18	9	45	0.709965	0.34254	2.41889e-06	3.40705e-06
377	6	6	43	48	21	105	0.433034	0.83694	3.58919e-06	8.28847e-06
378	7	7	61	67	22	146	0.31181	1.16536	3.59812e-06	1.15394e-05
379	10	9	44	45	21	91	0.473928	0.7467	3.49534e-06	7.37526e-06
380	6	5	93	102	25	386	0.0735963	2.60916	1.93316e-06	2.62671e-05
381	6	5	23	24	14	19	0.780657	0.24762	1.84569e-06	2.36427e-06
382	3	2	8	9	8	1	0.94024	0.06162	5.27627e-07	5.61162e-07
383	4	4	40	44	18	66	0.541767	0.61292	3.24545e-06	5.99049e-06
384	15	14	126	137	49	749	0.0092766	4.68026	4.40918e-07	4.75301e-05
385	11	11	78	80	50	68	0.427757	0.8492	3.47718e-06	8.12887e-06
386	11	11	77	86	36	172	0.242372	1.41728	3.39161e-06	1.39934e-05
387	15	15	110	114	48	203	0.173562	1.75122	2.98892e-06	1.72211e-05
388	11	11	105	117	36	311	0.0981891	2.32086	2.271e-06	2.31288e-05
389	14	12	90	94	43	206	0.193802	1.64092	3.14957e-06	1.62515e-05
390	13	12	94	104	37	202	0.185756	1.68332	3.0842e-06	1.66035e-05
391	7	7	43	51	24	74	0.497739	0.69768	3.38994e-06	6.81068e-06
392	14	14	120	139	58	262	0.109797	2.20912	2.38997e-06	2.17671e-05
393	13	13	78	82	42	152	0.275227	1.29016	3.49674e-06	1.27049e-05
394	9	9	113	123	52	314	0.0931224	2.37384	2.20019e-06	2.36269e-05
395	12	12	84	93	45	168	0.236729	1.44084	3.35587e-06	1.4176e-05
396	11	10	68	75	34	196	0.229788	1.4706	3.36585e-06	1.46477e-05
397	16	16	102	116	49	199	0.174928	1.74338	2.99502e-06	1.71214e-05
398	10	10	77	84	34	176	0.24048	1.42512	3.38909e-06	1.4093e-05
399	6	6	36	37	19	109	0.454635	0.78826	3.58256e-06	7.88008e-06
400	11	10	71	79	37	132	0.310578	1.16932	3.56324e-06	1.14729e-05
401	10	10	109	116	49	254	0.132142	2.02388	2.64862e-06	2.00438e-05
402	15	14	83	90	47	130	0.292819	1.2282	3.5102e-06	1.19876e-05
403	9	9	88	101	33	390	0.0725645	2.62328	1.91738e-06	2.64232e-05
404	11	11	109	119	42	256	0.12836	2.05292	2.60818e-06	2.03194e-05
405	4	4	22	24	11	51	0.663106	0.41082	2.69522e-06	4.06454e-06
406	4	3	25	26	12	70	0.594354	0.52028	3.08289e-06	5.18696e-06
407	7	7	75	84	33	182	0.233232	1.45572	3.36131e-06	1.44118e-05
408	11	11	81	87	47	93	0.360357	1.02066	3.55036e-06	9.85233e-06
409	12	12	109	118	54	231	0.146733	1.91914	2.77833e-06	1.89346e-05
410	12	12	115	127	48	297	0.0990372	2.31226	2.27284e-06	2.29494e-05
411	10	10	42	45	23	68	0.532911	0.6294	3.27911e-06	6.1532e-06
412	10	10	116	132	50	299	0.0950017	2.35386	2.21714e-06	2.33379e-05
413	4	4	42	44	26	38	0.624927	0.47012	2.8139e-06	4.50276e-06
414	10	10	35	38	25	25	0.693406	0.36614	2.40843e-06	3.47334e-06
415	5	5	50	53	13	153	0.328526	1.11314	3.65357e-06	1.11211e-05
416	9	9	39	44	16	98	0.460188	0.77612	3.53919e-06	7.69075e-06
417	6	5	88	96	27	301	0.117893	2.13798	2.52433e-06	2.14121e-05
418	13	13	63	70	38	112	0.363928	1.0108	3.6037e-06	9.90225e-06
419	10	10	39	42	24	33	0.64917	0.43206	2.67731e-06	4.12419e-06
420	12	12	95	104	38	325	0.0991997	2.31062	2.29537e-06	2.31388e-05
421	18	18	167	188	77	528	0.0207867	3.87344	8.0375e-07	3.86665e-05
422	10	10	97	107	43	276	0.124985	2.07956	2.58778e-06	2.07047e-05
423	9	8	54	58	21	284	0.163223	1.81264	2.99739e-06	1.83638e-05
424	6	5	53	56	26	87	0.45141	0.79538	3.51362e-06	7.78365e-06
425	13	13	97	105	45	195	0.191302	1.6539	3.11593e-06	1.6288e-05
426	5	5	34	39	16	108	0.451256	0.79572	3.5829e-06	7.93984e-06
427	10	10	108	117	48	188	0.183864	1.69356	3.05093e-06	1.65934e-05
428	7	7	85	93	26	412	0.0682048	2.68524	1.85111e-06	2.71405e-05
429	8	7	18	18	14	4	0.87508	0.13344	1.07511e-06	1.22859e-06
430	8	8	43	45	26	44	0.6023	0.507	2.93802e-06	4.878e-06
431	8	8	50	55	22	108	0.408118	0.8962	3.60899e-06	8.843e-06
432	8	8	48	52	30	67	0.5126	0.66826	3.32944e-06	6.4952e-06
433	4	4	10	10	8	2	0.929601	0.073	6.23523e-07	6.70742e-07
434	4	4	31	32	20	22	0.731133	0.31316	2.17531e-06	2.97525e-06
435	5	5	32	36	18	45	0.63408	0.45558	2.8046e-06	4.42311e-06
436	8	8	58	61	34	53	0.520284	0.65338	3.25665e-06	6.25936e-06
437	8	7	67	73	37	131	0.324153	1.12654	3.59198e-06	1.10811e-05
438	8	8	71	77	27	152	0.284006	1.25876	3.52812e-06	1.24227e-05
439	8	7	50	50	28	38	0.601818	0.5078	2.91367e-06	4.84144e-06
440	8	8	48	58	22	149	0.324932	1.12414	3.63625e-06	1.11908e-05
441	8	8	48	57	19	158	0.31231	1.16376	3.62671e-06	1.16126e-05
442	5	5	51	57	17	138	0.345847	1.06176	3.64865e-06	1.05499e-05
443	8	8	56	63	28	95	0.414725	0.88014	3.56823e-06	8.60385e-06
444	8	8	83	97	29	222	0.175282	1.74136	3.02729e-06	1.7271e-05
445	8	8	106	114	46	225	0.155141	1.86342	2.85304e-06	1.839e-05
446	8	8	75	78	26	186	0.237298	1.43844	3.38996e-06	1.42857e-05
447	7	6	44	53	19	119	0.390729	0.93974	3.63948e-06	9.31457e-06
448	8	8	47	51	29	40	0.591981	0.52428	2.96237e-06	5.00416e-06
449	8	8	47	58	22	93	0.432341	0.83854	3.55183e-06	8.21535e-06
450	7	7	13	14	11	6	0.888234	0.11852	9.8511e-07	1.10907e-06
451	8	8	64	70	30	99	0.388874	0.9445	3.58212e-06	9.21152e-06
452	8	8	44	48	23	98	0.448772	0.80124	3.55272e-06	7.91654e-06
453	6	5	31	32	14	61	0.59926	0.51206	3.02473e-06	5.04745e-06
454	8	8	46	49	26	100	0.441437	0.81772	3.56648e-06	8.07925e-06
455	8	8	68	74	25	285	0.146868	1.91822	2.83751e-06	1.93201e-05
456	8	8	90	101	39	272	0.132459	2.02148	2.66951e-06	2.01534e-05
457	8	8	49	51	19	85	0.470584	0.75378	3.48004e-06	7.39515e-06
458	8	8	107	117	37	374	0.0712073	2.64216	1.8853e-06	2.64762e-05
459	8	8	85	96	35	230	0.169334	1.77588	2.98699e-06	1.76396e-05
460	8	7	78	84	32	242	0.171749	1.76172	3.02276e-06	1.75998e-05
461	4	4	15	15	10	15	0.843074	0.1707	1.38577e-06	1.64371e-06
462	4	4	19	20	16	7	0.851037	0.1613	1.27731e-06	1.50088e-06
463	8	8	33	36	23	32	0.677545	0.38928	2.52885e-06	3.73238e-06
464	8	8	55	60	29	87	0.440211	0.8205	3.52585e-06	8.00944e-06
465	8	8	69	73	38	70	0.442445	0.81544	3.46877e-06	7.84e-06
466	8	8	67	76	36	259	0.1656	1.79818	2.98933e-06	1.80515e-05
467	3	2	3	3	3	0	0.981336	0.01884	1.66182e-07	1.69343e-07
468	8	7	41	44	16	102	0.450895	0.79652	3.56355e-06	7.90328e-06
469	8	8	111	114	42	264	0.127159	2.06232	2.60194e-06	2.04622e-05
470	8	8	46	49	24	64	0.530402	0.63412	3.2707e-06	6.16646e-06
471	7	7	85	93	27	287	0.129026	2.04774	2.64489e-06	2.04989e-05
472	8	8	87	94	29	289	0.126917	2.06422	2.62231e-06	2.06616e-05
473	6	5	58	70	26	156	0.290777	1.2352	3.55914e-06	1.22401e-05
474	8	7	46	48	28	45	0.588052	0.53094	2.99935e-06	5.10048e-06
475	7	7	65	70	29	129	0.333704	1.0975	3.60585e-06	1.08055e-05
476	6	5	33	34	25	27	0.703829	0.35122	2.36051e-06	3.35381e-06
477	8	8	110	124	44	495	0.0367646	3.30322	1.22428e-06	3.33004e-05
478	8	7	41	45	17	77	0.509004	0.6753	3.37541e-06	6.6314e-06
479	6	6	22	23	17	12	0.814126	0.20564	1.57606e-06	1.93589e-06
480	8	8	49	51	26	92	0.454081	0.78948	3.52688e-06	7.76708e-06
481	8	8	72	79	24	395	0.0812179	2.51062	2.06675e-06	2.5447e-05
482	7	7	95	103	38	222	0.1688	1.77904	2.97251e-06	1.76097e-05
483	8	7	51	53	29	55	0.541539	0.61334	3.20269e-06	5.91405e-06
484	6	6	68	75	33	138	0.308881	1.1748	3.5725e-06	1.1566e-05
485	5	5	52	58	30	86	0.448055	0.80284	3.51428e-06	7.84342e-06
486	7	7	30	32	14	79	0.546697	0.60386	3.28229e-06	6.00385e-06
487	8	7	91	98	34	299	0.117615	2.14034	2.51916e-06	2.14187e-05
488	8	8	49	53	22	115	0.398782	0.91934	3.62973e-06	9.10204e-06
489	8	8	90	104	38	357	0.0842624	2.47382	2.093e-06	2.48391e-05
490	7	7	64	74	37	77	0.424255	0.85742	3.5079e-06	8.26838e-06
491	6	6	68	81	34	173	0.248831	1.39098	3.42499e-06	1.37643e-05
492	8	8	48	51	34	31	0.619787	0.47838	2.80513e-06	4.52596e-06
493	11	11	45	47	28	47	0.585751	0.53486	3.01679e-06	5.1503e-06
494	7	7	37	39	19	39	0.641581	0.44382	2.74189e-06	4.27365e-06
495	8	8	38	48	18	139	0.364095	1.01034	3.67554e-06	1.0095e-05
496	8	8	84	89	39	146	0.271574	1.30352	3.47107e-06	1.27813e-05
497	8	8	46	52	25	85	0.467638	0.76006	3.48465e-06	7.4516e-06
498	7	7	21	21	13	15	0.811898	0.20838	1.60951e-06	1.9824e-06
499	8	8	26	29	16	27	0.72628	0.31982	2.23082e-06	3.07158e-06
500	6	5	40	44	21	82	0.499314	0.69452	3.41562e-06	6.84062e-06
501	8	8	56	64	26	133	0.339521	1.08022	3.62587e-06	1.06794e-05
502	7	6	56	64	29	107	0.387663	0.94762	3.60445e-06	9.2979e-06
503	8	8	53	56	29	57	0.526039	0.64238	3.256e-06	6.18966e-06
504	3	3	16	19	9	30	0.761611	0.27232	2.03083e-06	2.6665e-06
505	8	8	25	27	18	22	0.754455	0.28176	2.03176e-06	2.69302e-06
506	8	8	95	103	39	205	0.184088	1.69234	3.07545e-06	1.67064e-05
507	8	8	35	36	26	14	0.742687	0.29748	2.06168e-06	2.77598e-06
508	8	8	93	99	36	320	0.105008	2.25372	2.37223e-06	2.25909e-05
509	8	8	55	60	28	91	0.431322	0.8409	3.54632e-06	8.22198e-06
510	8	8	95	109	44	214	0.169328	1.77592	2.96718e-06	1.75233e-05
511	8	7	66	72	38	89	0.404113	0.90606	3.5534e-06	8.79308e-06
512	8	8	26	27	21	10	0.80207	0.22056	1.64859e-06	2.05542e-06
513	8	7	74	81	25	240	0.17681	1.73268	3.06309e-06	1.73242e-05
514	7	7	94	106	38	326	0.0974632	2.32828	2.27137e-06	2.33049e-05
515	8	8	58	60	36	62	0.500074	0.693	3.34105e-06	6.68111e-06
516	8	8	48	52	26	63	0.523164	0.64786	3.28687e-06	6.28267e-06
517	10	10	92	96	39	160	0.241985	1.41888	3.3685e-06	1.39203e-05
518	8	8	80	89	34	166	0.245239	1.40552	3.39508e-06	1.38439e-05
519	4	4	23	25	10	70	0.598098	0.514	3.06855e-06	5.13051e-06
520	9	9	54	63	18	239	0.198982	1.61454	3.23446e-06	1.6255e-05
521	8	8	52	53	27	55	0.541539	0.61334	3.20269e-06	5.91405e-06
522	8	8	50	51	28	50	0.562547	0.57528	3.11397e-06	5.53549e-06
523	8	8	55	62	34	95	0.417338	0.87386	3.56715e-06	8.54741e-06
524	8	7	27	27	21	8	0.810292	0.21036	1.57938e-06	1.94915e-06
525	8	8	56	65	26	231	0.204682	1.5863	3.26321e-06	1.59429e-05
526	8	8	96	105	34	383	0.0733363	2.6127	1.92706e-06	2.6277e-05
527	8	8	28	29	14	53	0.636087	0.45242	2.83252e-06	4.45304e-06
528	8	7	45	47	27	70	0.520919	0.65216	3.31949e-06	6.37236e-06
529	8	8	57	59	29	131	0.353943	1.03862	3.64237e-06	1.02909e-05
530	7	7	38	41	25	30	0.663332	0.41048	2.59253e-06	3.90835e-06
531	8	7	41	46	24	39	0.613988	0.48778	2.86658e-06	4.66878e-06
532	8	8	51	56	30	86	0.453718	0.79028	3.50747e-06	7.73052e-06
533	5	5	36	40	21	53	0.593629	0.5215	3.01205e-06	5.07396e-06
534	2	2	11	11	5	13	0.873384	0.13538	1.14558e-06	1.31166e-06
535	10	10	53	54	33	33	0.602047	0.50742	2.89077e-06	4.80157e-06
536	8	7	36	36	18	51	0.614971	0.48618	2.91614e-06	4.74191e-06
537	8	8	108	115	47	267	0.124444	2.0839	2.57326e-06	2.0678e-05
538	8	8	53	55	29	124	0.376138	0.9778	3.64595e-06	9.69313e-06
539	7	7	57	64	24	155	0.303486	1.19242	3.59579e-06	1.18483e-05
540	8	8	67	71	28	214	0.214965	1.53728	3.30579e-06	1.53783e-05
541	5	5	46	47	19	101	0.444742	0.81026	3.56661e-06	8.01949e-06
542	7	7	62	74	28	274	0.155343	1.86212	2.91045e-06	1.87356e-05
543	6	6	44	47	27	51	0.573923	0.55526	3.07785e-06	5.36283e-06
544	8	8	98	112	37	369	0.0753765	2.58526	1.95438e-06	2.59283e-05
545	14	12	128	141	53	305	0.0870755	2.44098	2.10416e-06	2.41647e-05
546	7	7	73	77	37	211	0.210208	1.55966	3.27032e-06	1.55576e-05
547	6	6	53	60	27	112	0.387515	0.948	3.61853e-06	9.33777e-06
548	6	6	36	38	19	69	0.554028	0.59054	3.21957e-06	5.8112e-06
549	11	11	78	88	43	141	0.280343	1.27174	3.49285e-06	1.24592e-05
550	7	7	79	87	26	231	0.178269	1.72446	3.06351e-06	1.71847e-05
551	9	9	77	86	31	229	0.181232	1.70798	3.08492e-06	1.7022e-05
552	8	8	106	117	30	490	0.039409	3.23376	1.2863e-06	3.26396e-05
553	4	4	31	33	8	101	0.485615	0.72234	3.51062e-06	7.22922e-06
554	7	5	20	21	18	4	0.858748	0.15228	1.20047e-06	1.39793e-06
555	8	8	98	107	32	319	0.100373	2.29886	2.30752e-06	2.29894e-05
556	8	8	72	77	29	194	0.229246	1.47296	3.35944e-06	1.46543e-05
557	8	8	47	47	26	42	0.60088	0.50936	2.93508e-06	4.88463e-06
558	7	7	59	64	31	133	0.339521	1.08022	3.62587e-06	1.06794e-05
559	8	8	52	53	20	137	0.356458	1.03154	3.66117e-06	1.0271e-05
560	5	5	20	23	13	22	0.773647	0.25664	1.90876e-06	2.46723e-06
561	8	8	54	60	31	79	0.458544	0.7797	3.47777e-06	7.58438e-06
562	5	5	53	58	28	69	0.488635	0.71614	3.3912e-06	6.94015e-06
563	8	8	59	64	24	119	0.364649	1.00882	3.62297e-06	9.9355e-06
564	3	2	3	4	3	1	0.970232	0.03022	2.70621e-07	2.78924e-07
565	8	8	59	61	30	84	0.4442	0.81148	3.51207e-06	7.90649e-06
566	7	7	23	24	17	12	0.809029	0.21192	1.61186e-06	1.99234e-06
567	4	4	39	42	21	48	0.601361	0.50856	2.95941e-06	4.92119e-06
568	8	8	44	48	19	73	0.509798	0.67374	3.35866e-06	6.58821e-06
569	8	8	66	71	30	113	0.35981	1.02218	3.60235e-06	1.00118e-05
570	6	6	14	14	14	0	0.915834	0.08792	7.23753e-07	7.90266e-07
571	8	8	51	57	22	108	0.403024	0.90876	3.60944e-06	8.9559e-06
572	7	7	73	75	35	104	0.367365	1.0014	3.58527e-06	9.75942e-06
573	10	9	77	83	33	198	0.216311	1.53104	3.28912e-06	1.52055e-05
574	7	7	63	71	22	189	0.244197	1.40978	3.43096e-06	1.405e-05
575	6	6	26	28	12	63	0.608268	0.49714	2.9975e-06	4.92792e-06
576	8	8	78	90	34	210	0.194719	1.6362	3.16189e-06	1.62383e-05
577	8	8	61	65	27	118	0.364219	1.01	3.6199e-06	9.93881e-06
578	8	8	115	115	53	165	0.20936	1.5637	3.19451e-06	1.52585e-05
579	8	8	54	58	30	78	0.466713	0.76204	3.46224e-06	7.41835e-06
580	8	7	53	61	20	250	0.190504	1.65808	3.18649e-06	1.67266e-05
581	8	8	41	47	28	36	0.619551	0.47876	2.82877e-06	4.56583e-06
582	7	7	52	56	21	115	0.391339	0.93818	3.62826e-06	9.27138e-06
583	8	8	56	61	34	65	0.489398	0.71458	3.37536e-06	6.89696e-06
584	8	7	51	53	21	88	0.457655	0.78164	3.50904e-06	7.66744e-06
585	8	8	40	44	25	33	0.641068	0.44462	2.71626e-06	4.23709e-06
586	7	7	59	69	24	132	0.330708	1.10652	3.60752e-06	1.09085e-05
587	8	8	65	73	27	199	0.229159	1.47334	3.3673e-06	1.46942e-05
588	9	9	64	69	29	138	0.320741	1.13712	3.60105e-06	1.12273e-05
589	4	4	23	25	14	40	0.696979	0.361	2.46488e-06	3.53652e-06
590	7	7	61	69	27	152	0.298639	1.20852	3.57505e-06	1.19711e-05
591	2	2	9	9	5	7	0.911905	0.09222	8.0244e-07	8.79961e-07
592	8	8	78	83	31	147	0.280568	1.27094	3.5059e-06	1.24957e-05
593	6	6	31	35	11	96	0.491939	0.7094	3.48119e-06	7.07645e-06
594	7	7	21	22	15	14	0.810941	0.20956	1.6103e-06	1.98571e-06
595	8	7	62	66	33	108	0.380877	0.96528	3.60459e-06	9.46393e-06
596	8	8	67	71	37	59	0.47389	0.74678	3.38483e-06	7.14264e-06
597	8	8	36	36	23	33	0.674098	0.39438	2.5518e-06	3.78551e-06
598	6	6	39	43	19	88	0.487317	0.71884	3.4614e-06	7.10297e-06
599	8	8	56	63	30	74	0.461608	0.77304	3.45654e-06	7.48806e-06
600	8	8	55	61	22	131	0.349525	1.05118	3.63637e-06	1.04038e-05
601	12	11	58	64	27	145	0.319365	1.14142	3.61424e-06	1.1317e-05
602	8	7	48	51	29	42	0.585974	0.53448	2.99457e-06	5.11042e-06
603	7	7	55	60	27	241	0.200709	1.6059	3.24987e-06	1.6192e-05
604	8	8	52	63	24	187	0.259411	1.34934	3.50001e-06	1.34921e-05
605	8	8	55	58	36	34	0.584125	0.53764	2.96764e-06	5.08049e-06
606	7	7	56	60	26	134	0.346387	1.0602	3.63938e-06	1.05067e-05
607	8	8	59	62	30	72	0.469278	0.75656	3.43762e-06	7.32534e-06
608	10	10	47	50	26	79	0.488264	0.7169	3.42756e-06	7.0199e-06
609	6	6	51	59	24	146	0.327876	1.11512	3.63544e-06	1.10879e-05
610	4	4	46	52	22	98	0.437639	0.82636	3.5634e-06	8.14233e-06
611	8	8	92	101	33	273	0.131785	2.02658	2.66293e-06	2.02066e-05
612	8	8	76	85	39	230	0.181445	1.7068	3.08796e-06	1.70187e-05
613	8	8	47	50	27	65	0.5244	0.6455	3.29116e-06	6.27604e-06
614	7	6	56	67	25	181	0.260837	1.34386	3.49498e-06	1.33991e-05
615	7	7	40	48	24	70	0.517658	0.65844	3.32793e-06	6.42881e-06
616	7	6	62	70	21	482	0.0551444	2.8978	1.63015e-06	2.95615e-05
617	8	8	67	69	39	70	0.4537	0.79032	3.45456e-06	7.61421e-06
618	5	4	36	39	13	131	0.40131	0.91302	3.67677e-06	9.16191e-06
619	8	8	155	164	46	531	0.0238012	3.73802	8.91857e-07	3.74711e-05
620	8	7	73	78	32	160	0.270945	1.30584	3.49633e-06	1.29042e-05
621	8	8	59	65	30	99	0.401278	0.9131	3.58313e-06	8.92928e-06
622	6	6	36	43	17	94	0.472631	0.74944	3.50776e-06	7.42177e-06
623	8	8	56	62	27	163	0.295035	1.22066	3.58777e-06	1.21605e-05
624	1	0	1	1	1	0	0.99374	0.00628	5.60942e-08	5.64476e-08
625	8	8	81	97	39	212	0.184453	1.69036	3.08768e-06	1.67397e-05
626	7	7	41	43	22	55	0.576638	0.55054	3.08477e-06	5.34957e-06
627	7	7	39	45	18	109	0.432359	0.8385	3.60226e-06	8.33166e-06
628	10	10	74	79	31	208	0.210784	1.55692	3.26949e-06	1.55111e-05
629	7	7	44	50	21	84	0.47597	0.7424	3.46771e-06	7.28557e-06
630	14	14	94	97	41	170	0.228513	1.47616	3.31529e-06	1.45081e-05
631	8	8	69	72	36	95	0.391935	0.93666	3.57126e-06	9.11188e-06
632	6	6	35	38	15	149	0.368417	0.99854	3.70696e-06	1.00619e-05
633	8	8	89	95	34	274	0.13615	1.994	2.71224e-06	1.9921e-05
634	9	9	59	65	22	126	0.349658	1.0508	3.62381e-06	1.03639e-05
635	9	8	79	93	29	284	0.131015	2.03244	2.66478e-06	2.03395e-05
636	8	7	91	103	30	360	0.0835057	2.48284	2.0828e-06	2.49421e-05
637	9	9	94	100	38	269	0.135349	1.9999	2.69853e-06	1.99376e-05
638	6	6	54	59	26	109	0.395969	0.92642	3.612e-06	9.12193e-06
639	8	8	23	25	15	39	0.700543	0.3559	2.44026e-06	3.48338e-06
640	8	8	30	34	17	40	0.658678	0.41752	2.66406e-06	4.04455e-06
641	8	8	28	28	23	7	0.809337	0.21154	1.5802e-06	1.95247e-06
642	8	8	78	87	28	295	0.128624	2.05086	2.64776e-06	2.05852e-05
643	6	6	28	28	19	15	0.776981	0.25234	1.8473e-06	2.37753e-06
644	9	9	90	95	37	191	0.2079	1.5707	3.22472e-06	1.5511e-05
645	5	5	46	53	17	159	0.318625	1.14374	3.64504e-06	1.14399e-05
646	8	7	58	62	25	124	0.359961	1.02176	3.63138e-06	1.00883e-05
647	7	7	37	38	14	128	0.410065	0.89144	3.66846e-06	8.94606e-06
648	4	4	20	22	10	58	0.647938	0.43396	2.80141e-06	4.32357e-06
649	6	5	10	11	9	2	0.923781	0.07928	6.71764e-07	7.2719e-07
650	6	6	30	33	16	57	0.607781	0.49794	2.97288e-06	4.89136e-06
651	8	8	69	80	35	116	0.334874	1.094	3.57621e-06	1.06793e-05
652	7	7	55	61	32	78	0.458003	0.78088	3.47518e-06	7.58769e-06
653	8	8	45	51	26	59	0.53731	0.62118	3.23121e-06	6.01369e-06
654	10	8	56	57	32	54	0.530805	0.63336	3.23086e-06	6.08671e-06
655	6	6	41	43	18	74	0.523384	0.64744	3.32825e-06	6.3591e-06
656	9	9	65	67	31	131	0.3366	1.08886	3.6159e-06	1.07424e-05
657	9	9	70	80	38	107	0.350603	1.0481	3.57653e-06	1.02011e-05
658	14	13	95	107	51	163	0.222404	1.50326	3.26947e-06	1.47006e-05
659	7	7	28	33	14	81	0.537762	0.62034	3.31614e-06	6.16656e-06
660	6	6	31	32	21	21	0.734871	0.30806	2.14738e-06	2.92212e-06
661	8	8	69	77	28	314	0.124312	2.08496	2.61432e-06	2.10303e-05
662	8	8	91	101	29	365	0.0824321	2.49578	2.06862e-06	2.50948e-05
663	8	8	29	30	20	17	0.759496	0.2751	1.97218e-06	2.59669e-06
664	16	14	88	95	47	119	0.300142	1.2035	3.50727e-06	1.16854e-05
665	8	8	62	68	27	107	0.378046	0.97274	3.60039e-06	9.52369e-06
666	5	5	36	44	17	116	0.419824	0.86792	3.63028e-06	8.64715e-06
667	5	5	10	11	7	7	0.900523	0.10478	8.94089e-07	9.92856e-07
668	5	5	37	44	25	25	0.667764	0.40382	2.54553e-06	3.81202e-06
669	9	9	68	73	40	68	0.446981	0.80524	3.45683e-06	7.73373e-06
670	8	8	46	48	24	75	0.504625	0.68394	3.3782e-06	6.69447e-06
671	7	7	109	123	44	310	0.0950417	2.35344	2.22534e-06	2.34143e-05
672	8	8	50	53	18	171	0.29971	1.20494	3.61975e-06	1.20775e-05
673	6	6	70	79	23	198	0.221813	1.50592	3.3227e-06	1.49797e-05
674	5	5	28	30	12	46	0.655079	0.423	2.71042e-06	4.13756e-06
675	8	8	81	90	33	241	0.166244	1.7943	2.97333e-06	1.78854e-05
676	7	7	33	34	25	15	0.748249	0.29002	2.03241e-06	2.71622e-06
677	5	4	16	19	13	12	0.834836	0.18052	1.42766e-06	1.7101e-06
678	8	8	41	44	19	56	0.570113	0.56192	3.11234e-06	5.45915e-06
679	8	8	76	82	35	190	0.226738	1.48396	3.33849e-06	1.4724e-05
680	8	8	33	33	23	22	0.726556	0.31944	2.2027e-06	3.0317e-06
681	8	8	80	90	34	166	0.243704	1.4118	3.38758e-06	1.39004e-05
682	9	8	26	27	18	25	0.742999	0.29706	2.11934e-06	2.85242e-06
683	7	7	67	69	35	61	0.47501	0.74442	3.38967e-06	7.13601e-06
684	8	8	18	18	15	4	0.87508	0.13344	1.07511e-06	1.22859e-06
685	10	10	97	109	40	245	0.144566	1.93402	2.77139e-06	1.91704e-05
686	5	5	45	48	29	34	0.621985	0.47484	2.80889e-06	4.51601e-06
687	11	11	52	58	26	155	0.315139	1.15474	3.62713e-06	1.15096e-05
688	8	8	34	36	23	23	0.709369	0.34338	2.30841e-06	3.25418e-06
689	8	8	55	61	32	86	0.439692	0.82168	3.52315e-06	8.01276e-06
690	8	7	99	107	34	246	0.145648	1.92656	2.78344e-06	1.91107e-05
691	9	9	69	72	34	174	0.261961	1.33956	3.48654e-06	1.33094e-05
692	9	9	84	92	37	186	0.217325	1.52636	3.27639e-06	1.5076e-05
693	8	8	64	73	31	133	0.320863	1.13674	3.58962e-06	1.11874e-05
694	8	8	93	99	47	205	0.188771	1.66722	3.11106e-06	1.64806e-05
695	5	5	19	20	10	34	0.741559	0.299	2.17683e-06	2.93548e-06
696	8	8	52	57	21	172	0.290788	1.23516	3.5931e-06	1.23564e-05
697	8	8	45	48	29	52	0.567429	0.56664	3.1052e-06	5.47241e-06
698	10	10	89	99	39	240	0.157912	1.84572	2.89614e-06	1.83403e-05
699	8	8	92	102	34	245	0.151063	1.89006	2.83625e-06	1.87753e-05
700	7	7	39	42	26	52	0.589217	0.52896	3.02488e-06	5.13373e-06
701	8	8	70	74	26	135	0.315619	1.15322	3.58231e-06	1.13501e-05
702	4	4	63	67	17	212	0.222693	1.50196	3.35069e-06	1.50462e-05
703	7	7	39	45	19	129	0.390433	0.9405	3.66785e-06	9.39432e-06
704	5	5	33	34	23	16	0.744442	0.29512	2.06162e-06	2.76935e-06
705	8	8	78	87	29	238	0.172017	1.76016	3.02005e-06	1.75566e-05
706	9	7	51	53	24	78	0.481601	0.73064	3.43676e-06	7.13611e-06
707	8	8	43	44	28	47	0.596891	0.51602	2.97309e-06	4.98095e-06
708	11	10	53	54	25	166	0.305526	1.18572	3.62607e-06	1.18683e-05
709	8	8	73	78	32	149	0.286579	1.24974	3.53059e-06	1.23198e-05
710	11	11	83	87	48	93	0.360357	1.02066	3.55036e-06	9.85233e-06
711	6	6	31	31	18	26	0.720882	0.32728	2.25733e-06	3.13134e-06
712	9	9	85	88	35	265	0.148951	1.90414	2.83717e-06	1.90477e-05
713	6	6	64	70	22	206	0.225328	1.4902	3.35665e-06	1.48968e-05
714	9	9	35	37	28	10	0.753249	0.28336	1.97343e-06	2.61989e-06
715	8	8	54	57	26	77	0.472055	0.75066	3.45014e-06	7.30877e-06
716	8	8	47	50	23	97	0.445437	0.8087	3.55294e-06	7.9763e-06
717	8	8	60	67	24	335	0.118925	2.12926	2.5666e-06	2.15816e-05
718	9	9	80	97	37	207	0.189217	1.66486	3.11716e-06	1.6474e-05
719	7	7	44	49	20	111	0.417354	0.87382	3.61584e-06	8.66372e-06
720	8	8	45	49	19	96	0.450535	0.79732	3.54423e-06	7.86672e-06
721	10	9	54	57	30	68	0.494227	0.70476	3.37585e-06	6.83057e-06
722	8	8	38	41	23	40	0.63035	0.46148	2.79855e-06	4.43968e-06
723	7	7	49	55	22	105	0.41441	0.8809	3.59857e-06	8.6836e-06
724	4	4	46	50	17	97	0.445437	0.8087	3.55294e-06	7.9763e-06
725	9	9	47	53	28	51	0.5527	0.59294	3.15123e-06	5.70152e-06
726	9	9	61	69	27	182	0.256271	1.36152	3.47635e-06	1.35651e-05
727	6	6	29	31	16	43	0.661014	0.41398	2.66693e-06	4.0346e-06
728	8	8	68	78	31	159	0.27233	1.30074	3.49974e-06	1.28511e-05
729	8	8	69	74	25	255	0.171149	1.76522	3.0338e-06	1.77261e-05
730	5	5	55	61	24	131	0.349525	1.05118	3.63637e-06	1.04038e-05
731	5	5	24	26	11	52	0.651499	0.42848	2.75621e-06	4.23056e-06
732	10	10	93	105	45	207	0.179946	1.7151	3.04568e-06	1.69256e-05
733	8	7	100	108	30	379	0.0734508	2.61114	1.92689e-06	2.62338e-05
734	8	8	42	43	19	138	0.37763	0.97384	3.68553e-06	9.75963e-06
735	9	9	70	74	30	139	0.309245	1.17362	3.57569e-06	1.15626e-05
736	8	8	50	58	19	201	0.24924	1.38934	3.47783e-06	1.39537e-05
737	8	8	93	104	38	281	0.124156	2.08622	2.58256e-06	2.0801e-05
738	4	4	39	42	18	77	0.518684	0.65646	3.35177e-06	6.46206e-06
739	8	8	46	47	27	53	0.568099	0.56546	3.10699e-06	5.4691e-06
740	7	7	65	71	33	114	0.357979	1.02728	3.60305e-06	1.0065e-05
741	9	7	49	58	22	189	0.26497	1.32814	3.52837e-06	1.33161e-05
742	6	6	56	59	23	121	0.372462	0.98762	3.63505e-06	9.75953e-06
743	7	7	87	92	45	191	0.211854	1.55186	3.25018e-06	1.53416e-05
744	7	7	62	65	26	214	0.223219	1.4996	3.35713e-06	1.50396e-05
745	4	4	16	19	11	17	0.813817	0.20602	1.60791e-06	1.97577e-06
746	5	5	73	77	26	282	0.146349	1.92176	2.82893e-06	1.933e-05
747	7	7	133	152	33	656	0.0135664	4.30016	5.89262e-07	4.34354e-05
748	9	9	47	52	23	81	0.477276	0.73966	3.45503e-06	7.23906e-06
749	9	8	52	58	23	143	0.335028	1.09354	3.64243e-06	1.0872e-05
750	12	12	70	76	35	189	0.236648	1.44118	3.39169e-06	1.43322e-05
751	5	5	53	61	26	103	0.403177	0.90838	3.59473e-06	8.91602e-06
752	8	8	46	49	25	77	0.496377	0.70042	3.40375e-06	6.85719e-06
753	8	8	64	70	30	148	0.302886	1.1944	3.57861e-06	1.1815e-05
754	5	5	9	12	4	36	0.771854	0.25896	1.99923e-06	2.59017e-06
755	8	7	76	80	30	271	0.151905	1.8845	2.87327e-06	1.89149e-05
756	8	8	47	50	28	51	0.563212	0.5741	3.11578e-06	5.53217e-06
757	5	5	22	22	16	7	0.840415	0.17386	1.35624e-06	1.61378e-06
758	4	4	32	35	15	70	0.561693	0.5768	3.19884e-06	5.69499e-06
759	8	8	60	64	32	76	0.454063	0.78952	3.47393e-06	7.65077e-06
760	8	8	53	62	30	157	0.304203	1.19006	3.60227e-06	1.18417e-05
761	9	9	121	136	53	310	0.0875907	2.43508	2.11516e-06	2.41482e-05
762	8	8	43	46	21	56	0.562998	0.57448	3.13705e-06	5.57205e-06
763	6	6	30	37	18	57	0.592704	0.52306	3.03296e-06	5.11715e-06
764	9	9	85	98	36	222	0.174185	1.74764	3.01817e-06	1.73274e-05
765	4	2	32	34	11	88	0.515654	0.66232	3.4007e-06	6.59494e-06
766	8	8	67	75	27	172	0.259707	1.3482	3.47293e-06	1.33725e-05
767	8	7	62	64	31	132	0.341257	1.07512	3.62627e-06	1.06262e-05
768	8	8	54	61	27	125	0.360386	1.02058	3.63447e-06	1.0085e-05
769	8	8	67	73	30	129	0.327476	1.11634	3.594e-06	1.09749e-05
770	12	12	67	71	41	78	0.430125	0.84368	3.50645e-06	8.15217e-06
771	8	8	64	68	36	74	0.447338	0.80444	3.47595e-06	7.77029e-06
772	4	4	62	67	26	168	0.278717	1.27756	3.54203e-06	1.27084e-05
773	8	8	78	89	33	321	0.111245	2.19602	2.45625e-06	2.20796e-05
774	8	8	29	31	16	64	0.593879	0.52108	3.05871e-06	5.1504e-06
775	6	6	41	43	22	62	0.556415	0.58624	3.18353e-06	5.72151e-06
776	8	8	98	108	40	265	0.13137	2.02974	2.6506e-06	2.01766e-05
777	12	12	105	112	52	177	0.200677	1.60606	3.15598e-06	1.57267e-05
778	10	10	61	64	35	98	0.405871	0.90172	3.57966e-06	8.8197e-06
779	11	11	95	106	36	280	0.123233	2.09368	2.57073e-06	2.08607e-05
780	7	7	107	111	31	624	0.0206616	3.87948	8.14495e-07	3.94208e-05
781	2	2	11	13	4	30	0.790856	0.23464	1.84097e-06	2.32781e-06
782	9	9	51	56	30	74	0.482353	0.72908	3.42129e-06	7.09292e-06
783	8	8	34	38	26	16	0.725975	0.32024	2.1744e-06	2.99514e-06
784	8	8	32	35	22	20	0.724843	0.3218	2.20231e-06	3.03833e-06
785	6	6	65	70	28	158	0.287826	1.2454	3.55361e-06	1.23464e-05
786	10	10	81	98	27	425	0.0618564	2.78294	1.739e-06	2.81135e-05
787	8	8	70	77	36	118	0.33778	1.08536	3.58594e-06	1.06162e-05
788	9	9	73	76	33	198	0.226032	1.48708	3.34762e-06	1.48104e-05
789	6	6	31	32	7	189	0.311966	1.16486	3.69633e-06	1.18485e-05
790	8	8	55	60	31	83	0.449284	0.8001	3.50303e-06	7.79691e-06
791	8	8	47	51	24	81	0.480283	0.73338	3.44969e-06	7.18262e-06
792	6	6	46	49	21	96	0.450535	0.79732	3.54423e-06	7.86672e-06
793	11	11	77	83	39	159	0.263912	1.33214	3.46604e-06	1.31333e-05
794	8	8	63	73	30	137	0.314384	1.15714	3.58395e-06	1.13999e-05
795	7	6	44	47	17	83	0.487502	0.71846	3.44327e-06	7.06309e-06
796	8	8	84	93	28	305	0.117709	2.13954	2.52548e-06	2.14553e-05
797	9	8	79	85	30	178	0.236549	1.4416	3.37218e-06	1.42558e-05
798	8	8	48	53	22	138	0.354644	1.03664	3.66138e-06	1.03241e-05
799	7	7	76	86	24	341	0.102368	2.27918	2.35169e-06	2.29729e-05
800	7	7	84	89	33	259	0.152618	1.87982	2.86697e-06	1.87853e-05
801	7	7	23	30	12	46	0.655079	0.423	2.71042e-06	4.13756e-06
802	6	6	36	39	13	94	0.484654	0.72432	3.48756e-06	7.19598e-06
803	8	8	58	64	33	161	0.29434	1.22302	3.58126e-06	1.21671e-05
804	5	5	16	17	13	5	0.876113	0.13226	1.07348e-06	1.22528e-06
805	10	10	107	118	50	233	0.145244	1.92934	2.76557e-06	1.90409e-05
806	3	3	8	8	4	10	0.903716	0.10124	8.88274e-07	9.82913e-07
807	8	7	87	94	36	289	0.126917	2.06422	2.62231e-06	2.06616e-05
808	6	6	24	26	10	35	0.710504	0.34178	2.36406e-06	3.3273e-06
809	7	7	43	49	20	101	0.439191	0.82282	3.57167e-06	8.13239e-06
810	8	8	66	71	32	110	0.365357	1.00688	3.59966e-06	9.85243e-06
811	8	8	22	24	13	38	0.70856	0.34452	2.39054e-06	3.3738e-06
812	7	7	86	102	31	222	0.169864	1.77276	2.98165e-06	1.75532e-05
813	11	11	85	93	42	187	0.214866	1.53774	3.26286e-06	1.51855e-05
814	8	8	62	68	30	191	0.246316	1.40114	3.44519e-06	1.39869e-05
815	7	7	44	46	26	47	0.589441	0.52858	3.00253e-06	5.09385e-06
816	8	8	91	102	34	228	0.164744	1.80336	2.94432e-06	1.7872e-05
817	8	8	116	126	46	455	0.0445216	3.11178	1.39299e-06	3.1288e-05
818	13	13	69	72	28	216	0.211451	1.55376	3.28617e-06	1.5541e-05
819	5	5	30	32	19	42	0.660235	0.41516	2.66597e-06	4.03792e-06
820	10	10	92	104	45	174	0.21427	1.54052	3.23884e-06	1.51157e-05
821	9	8	40	42	28	29	0.66255	0.41166	2.59167e-06	3.91166e-06
822	8	8	35	39	23	26	0.685559	0.37752	2.4563e-06	3.58292e-06
823	7	7	61	66	31	135	0.331881	1.10298	3.61701e-06	1.08985e-05
824	8	8	70	74	35	107	0.364066	1.01042	3.59056e-06	9.86237e-06
825	8	8	61	67	25	218	0.215982	1.53256	3.31857e-06	1.5365e-05
826	8	8	72	78	27	413	0.0745608	2.59614	1.96445e-06	2.63469e-05
827	8	8	58	61	22	129	0.353108	1.04098	3.63613e-06	1.02975e-05
828	8	8	70	80	33	179	0.242853	1.4153	3.40641e-06	1.40267e-05
829	8	8	38	42	23	41	0.623217	0.47286	2.83518e-06	4.54926e-06
830	10	10	88	96	39	150	0.254646	1.36788	3.40945e-06	1.33889e-05
831	6	6	35	42	12	100	0.461275	0.77376	3.5445e-06	7.68412e-06
832	8	8	39	45	19	104	0.443525	0.813	3.57747e-06	8.06599e-06
833	3	3	21	22	10	26	0.7628	0.27076	2.00106e-06	2.62331e-06
834	9	9	91	94	41	191	0.209209	1.56442	3.23323e-06	1.54545e-05
835	7	6	36	38	22	40	0.642338	0.44264	2.743e-06	4.27034e-06
836	6	6	32	33	16	50	0.629871	0.46224	2.84666e-06	4.51943e-06
837	3	3	4	5	4	1	0.964158	0.0365	3.23351e-07	3.35371e-07
838	4	4	43	46	14	155	0.339806	1.07938	3.68086e-06	1.08322e-05
839	7	7	73	82	28	200	0.215464	1.53496	3.28698e-06	1.52553e-05
840	10	10	85	95	42	203	0.195558	1.6319	3.15797e-06	1.61486e-05
841	12	12	105	112	53	234	0.150054	1.89676	2.81431e-06	1.87553e-05
842	8	8	83	90	29	238	0.168807	1.779	2.99227e-06	1.7726e-05
843	7	7	35	35	22	25	0.706593	0.3473	2.33458e-06	3.304e-06
844	8	7	101	109	41	265	0.130547	2.03602	2.64137e-06	2.02331e-05
845	10	10	61	66	38	79	0.441587	0.81738	3.49872e-06	7.92306e-06
846	9	9	80	85	41	171	0.245146	1.4059	3.40357e-06	1.38838e-05
847	8	8	26	28	19	13	0.784946	0.24214	1.78282e-06	2.27126e-06
848	10	10	62	69	29	138	0.320741	1.13712	3.60105e-06	1.12273e-05
849	11	11	40	44	27	50	0.587829	0.53132	3.02165e-06	5.14035e-06
850	8	8	47	49	29	44	0.587358	0.53212	2.99776e-06	5.10379e-06
851	5	5	20	21	16	8	0.841407	0.17268	1.35506e-06	1.61047e-06
852	8	8	17	19	11	23	0.789291	0.23662	1.81108e-06	2.29457e-06
853	8	7	62	70	29	107	0.373327	0.9853	3.5976e-06	9.63658e-06
854	6	6	24	26	19	16	0.782798	0.24488	1.81435e-06	2.31777e-06
855	8	7	71	72	28	240	0.187091	1.67616	3.14616e-06	1.68162e-05
856	8	8	27	30	19	19	0.751789	0.2853	2.03205e-06	2.70296e-06
857	4	4	5	5	5	0	0.969088	0.0314	2.73513e-07	2.82238e-07
858	1	1	3	5	1	10	0.920904	0.0824	7.49219e-07	8.1357e-07
859	7	6	30	32	15	49	0.63708	0.45086	2.80943e-06	4.40985e-06
860	5	5	40	42	17	71	0.534801	0.62586	3.28542e-06	6.14326e-06
861	8	6	75	81	38	171	0.251382	1.38078	3.43339e-06	1.3658e-05
862	8	8	63	68	30	142	0.316244	1.15124	3.59992e-06	1.13834e-05
863	7	7	38	39	12	88	0.499714	0.69372	3.43662e-06	6.87718e-06
864	4	4	12	14	6	13	0.857083	0.15422	1.26934e-06	1.481e-06
865	6	6	23	25	15	32	0.726004	0.3202	2.25893e-06	3.11145e-06
866	5	5	15	16	11	11	0.855063	0.15658	1.27201e-06	1.48763e-06
867	7	7	47	52	26	62	0.525839	0.64276	3.27573e-06	6.22953e-06
868	11	11	93	102	33	501	0.0409395	3.19566	1.32551e-06	3.23774e-05
869	8	8	104	120	31	535	0.0307428	3.4821	1.08215e-06	3.52e-05
870	8	8	64	73	31	118	0.346373	1.06024	3.59895e-06	1.03904e-05
871	4	4	18	18	9	37	0.73953	0.30174	2.20527e-06	2.98199e-06
872	8	8	86	96	36	202	0.195327	1.63308	3.1549e-06	1.61519e-05
873	9	8	87	99	28	408	0.0670364	2.70252	1.82786e-06	2.72667e-05
874	14	14	144	157	59	346	0.0638921	2.75056	1.74083e-06	2.72464e-05
875	7	6	48	54	22	97	0.434387	0.83382	3.56288e-06	8.20209e-06
876	5	4	17	21	10	40	0.714709	0.33588	2.36621e-06	3.31073e-06
877	10	10	54	55	31	71	0.492875	0.7075	3.38954e-06	6.87708e-06
878	8	8	65	71	21	217	0.211701	1.55258	3.28934e-06	1.55377e-05
879	7	7	51	55	29	55	0.53478	0.6259	3.22309e-06	6.02694e-06
880	8	8	88	91	36	141	0.275111	1.29058	3.47424e-06	1.26285e-05
881	9	8	55	59	29	83	0.452114	0.79382	3.49958e-06	7.74046e-06
882	10	10	75	81	38	128	0.313023	1.16148	3.5601e-06	1.13733e-05
883	8	8	47	51	25	64	0.523782	0.64668	3.28901e-06	6.27935e-06
884	8	7	81	90	32	182	0.224608	1.4934	3.31308e-06	1.47505e-05
885	6	6	59	62	17	468	0.0622772	2.77616	1.76656e-06	2.83661e-05
886	11	10	68	72	34	104	0.374352	0.98256	3.59006e-06	9.59008e-06
887	6	6	46	48	18	135	0.371599	0.98994	3.67231e-06	9.88247e-06
888	8	8	53	57	26	130	0.360249	1.02096	3.64746e-06	1.01248e-05
889	7	7	92	106	35	288	0.118306	2.13448	2.51824e-06	2.12858e-05
890	8	8	102	113	42	321	0.0956806	2.34674	2.24221e-06	2.34343e-05
891	7	7	102	106	43	229	0.15984	1.83358	2.90125e-06	1.81509e-05
892	9	9	54	62	25	127	0.354495	1.03706	3.63275e-06	1.02477e-05
893	6	6	73	76	30	177	0.251584	1.37998	3.44534e-06	1.36946e-05
894	8	7	51	54	21	112	0.402395	0.91032	3.62119e-06	8.99909e-06
895	6	6	51	55	19	143	0.3414	1.0747	3.65389e-06	1.07027e-05
896	8	7	39	46	23	106	0.436276	0.82948	3.58999e-06	8.22871e-06
897	8	8	37	42	26	34	0.645868	0.43716	2.698e-06	4.17733e-06
898	12	12	112	123	58	204	0.16319	1.81284	2.90188e-06	1.77822e-05
899	7	6	61	65	35	134	0.335679	1.0916	3.62162e-06	1.07889e-05
900	8	8	81	91	26	296	0.124795	2.08108	2.60375e-06	2.08642e-05
901	12	11	100	105	43	223	0.165845	1.7967	2.94802e-06	1.77757e-05
902	9	8	78	82	32	185	0.232594	1.45846	3.36293e-06	1.44583e-05
903	8	8	91	103	42	264	0.136253	1.99324	2.70344e-06	1.98413e-05
904	6	5	54	56	29	64	0.507591	0.67808	3.3306e-06	6.56159e-06
905	9	9	37	42	20	68	0.543047	0.61056	3.24951e-06	5.98386e-06
906	11	10	65	68	51	29	0.562739	0.57494	3.02714e-06	5.3793e-06
907	7	7	25	26	16	25	0.74768	0.29078	2.09049e-06	2.79597e-06
908	8	8	56	63	27	101	0.402226	0.91074	3.58893e-06	8.92265e-06
909	8	8	63	66	35	90	0.417496	0.87348	3.55186e-06	8.50753e-06
910	9	8	82	100	41	255	0.145366	1.9285	2.79012e-06	1.91937e-05
911	7	7	47	54	22	81	0.471319	0.75222	3.46512e-06	7.35196e-06
912	8	8	61	69	27	209	0.223304	1.49922	3.3495e-06	1.49997e-05
913	10	10	92	100	27	523	0.0370569	3.2953	1.23894e-06	3.34334e-05
914	4	4	18	20	7	58	0.656128	0.4214	2.76274e-06	4.21068e-06
915	8	8	59	64	22	140	0.327614	1.11592	3.62056e-06	1.10513e-05
916	5	5	40	43	15	203	0.27108	1.30534	3.58186e-06	1.32133e-05
917	8	8	90	94	30	221	0.179529	1.71742	3.0607e-06	1.70485e-05
918	7	7	32	32	23	15	0.757706	0.27746	1.97255e-06	2.60332e-06
919	3	3	8	8	7	1	0.946163	0.05534	4.77542e-07	5.04714e-07
920	10	10	70	76	25	457	0.0603267	2.80798	1.72365e-06	2.85719e-05
921	6	6	36	42	17	90	0.485411	0.72276	3.47204e-06	7.15279e-06
922	6	6	44	49	13	162	0.321769	1.13392	3.65965e-06	1.13735e-05
923	7	7	56	65	26	129	0.344349	1.0661	3.62368e-06	1.05233e-05
924	9	9	66	71	34	141	0.311929	1.16498	3.58705e-06	1.14996e-05
925	8	8	58	65	27	111	0.377456	0.9743	3.61108e-06	9.56688e-06
926	9	9	84	90	37	214	0.190787	1.6566	3.13859e-06	1.64508e-05
927	7	7	34	38	20	52	0.604206	0.50384	2.9654e-06	4.90794e-06
928	3	3	19	19	10	20	0.80146	0.22132	1.71125e-06	2.13517e-06
929	10	10	85	96	31	335	0.0991244	2.31138	2.30153e-06	2.32186e-05
930	13	13	130	146	53	376	0.0587491	2.83448	1.65787e-06	2.82194e-05
931	7	7	29	30	15	43	0.665178	0.4077	2.64618e-06	3.97816e-06
932	9	9	32	32	23	19	0.742405	0.29786	2.0905e-06	2.81585e-06
933	7	7	76	88	36	158	0.257061	1.35844	3.43497e-06	1.33624e-05
934	9	9	51	59	17	200	0.248946	1.39052	3.47455e-06	1.3957e-05
935	7	6	54	59	25	104	0.406196	0.90092	3.59738e-06	8.85626e-06
936	8	8	24	24	15	17	0.78866	0.23742	1.7808e-06	2.25801e-06
937	5	5	38	45	16	112	0.425794	0.8538	3.61544e-06	8.49106e-06
938	10	10	37	41	22	73	0.532709	0.62978	3.29911e-06	6.19308e-06
939	7	7	45	48	19	86	0.477095	0.74004	3.47274e-06	7.27894e-06
940	8	8	38	42	22	48	0.601361	0.50856	2.95941e-06	4.92119e-06
941	8	7	80	86	32	214	0.19564	1.63148	3.17426e-06	1.6225e-05
942	8	8	51	55	26	133	0.359263	1.0237	3.65419e-06	1.01713e-05
943	7	6	73	82	29	202	0.213278	1.54516	3.27629e-06	1.53616e-05
944	7	7	44	50	21	100	0.438673	0.824	3.56892e-06	8.1357e-06
945	7	7	106	110	34	397	0.0661719	2.7155	1.8067e-06	2.73031e-05
946	4	4	37	42	18	96	0.470782	0.75336	3.51749e-06	7.47159e-06
947	7	7	67	76	33	121	0.334747	1.09438	3.5882e-06	1.07191e-05
948	12	11	81	91	35	221	0.182943	1.69858	3.08793e-06	1.68792e-05
949	8	8	62	65	30	112	0.375536	0.9794	3.61266e-06	9.62001e-06
950	8	8	64	67	35	86	0.423433	0.85936	3.53628e-06	8.35144e-06
951	7	6	52	56	26	80	0.467816	0.75968	3.46732e-06	7.41172e-06
952	7	7	25	30	9	90	0.523405	0.6474	3.38926e-06	6.47542e-06
953	11	11	79	85	29	310	0.120657	2.1148	2.5663e-06	2.12693e-05
954	12	12	137	148	50	487	0.0329376	3.41314	1.12746e-06	3.42301e-05
955	7	7	36	37	23	48	0.620543	0.47716	2.87867e-06	4.63895e-06
956	6	6	80	89	36	208	0.197954	1.61972	3.18222e-06	1.60755e-05
957	6	6	74	83	31	207	0.206606	1.57694	3.24036e-06	1.56837e-05
958	9	9	42	48	22	91	0.465083	0.76554	3.50887e-06	7.54461e-06
959	10	9	46	48	26	83	0.484451	0.72474	3.44906e-06	7.11954e-06
960	9	9	108	119	37	555	0.0279365	3.57782	1.01148e-06	3.62062e-05
961	7	7	19	21	13	14	0.81605	0.20328	1.57438e-06	1.92926e-06
962	9	9	65	71	29	152	0.294911	1.22108	3.56372e-06	1.2084e-05
963	8	8	30	31	20	28	0.713566	0.33748	2.31025e-06	3.23761e-06
964	6	6	43	43	28	32	0.648405	0.43324	2.6763e-06	4.12751e-06
965	10	10	52	53	31	34	0.602758	0.50624	2.89218e-06	4.79825e-06
966	8	8	84	99	32	293	0.12051	2.11602	2.54956e-06	2.11563e-05
967	9	9	28	28	24	4	0.821815	0.19624	1.47357e-06	1.79307e-06
968	8	8	54	54	27	78	0.478586	0.73692	3.44226e-06	7.19256e-06
969	10	10	115	118	47	192	0.179023	1.72024	3.01876e-06	1.68624e-05
970	8	8	50	52	22	91	0.453545	0.79066	3.52423e-06	7.7704e-06
971	5	4	54	59	19	245	0.197895	1.62002	3.23519e-06	1.6348e-05
972	8	8	58	68	26	237	0.194808	1.63574	3.20089e-06	1.6431e-05
973	5	5	76	84	31	157	0.264948	1.32822	3.46646e-06	1.30835e-05
974	12	12	84	90	54	181	0.225756	1.4883	3.31803e-06	1.46974e-05
975	11	11	83	93	38	218	0.183445	1.69584	3.08787e-06	1.68327e-05
976	12	12	127	139	50	381	0.0598436	2.81602	1.68101e-06	2.809e-05
977	12	12	108	119	47	202	0.169057	1.77752	2.95007e-06	1.74502e-05
978	5	5	68	78	26	318	0.121039	2.11164	2.57805e-06	2.12993e-05
979	8	7	35	38	26	22	0.704096	0.35084	2.33333e-06	3.31394e-06
980	4	4	17	18	15	4	0.87508	0.13344	1.07511e-06	1.22859e-06
981	8	8	46	52	24	155	0.32724	1.11706	3.65558e-06	1.11709e-05
982	8	8	37	43	18	57	0.570787	0.56074	3.11412e-06	5.45584e-06
983	12	12	114	123	38	402	0.0594488	2.82264	1.68256e-06	2.83026e-05
984	5	5	40	48	27	71	0.515025	0.66354	3.33836e-06	6.48194e-06
985	7	6	26	27	16	22	0.754455	0.28176	2.03176e-06	2.69302e-06
986	8	8	33	34	14	93	0.502671	0.68782	3.44863e-06	6.86061e-06
987	11	11	109	114	49	205	0.171801	1.76142	2.97685e-06	1.73273e-05
988	7	6	15	16	12	6	0.877148	0.13108	1.07184e-06	1.22196e-06
989	8	7	52	55	39	42	0.571438	0.5596	3.04931e-06	5.33621e-06
990	6	6	39	47	18	186	0.288298	1.24376	3.61405e-06	1.25358e-05
991	9	9	43	50	22	67	0.519079	0.6557	3.31292e-06	6.3823e-06
992	8	7	96	100	36	228	0.166827	1.7908	2.9627e-06	1.77591e-05
993	7	7	18	18	12	7	0.861793	0.14874	1.19616e-06	1.38799e-06
994	9	9	108	115	37	594	0.0234801	3.7516	8.93481e-07	3.80526e-05
995	8	8	61	70	37	99	0.388874	0.9445	3.58212e-06	9.21152e-06
996	8	8	109	117	48	250	0.134021	2.00976	2.66536e-06	1.98877e-05
997	8	8	57	62	34	54	0.514397	0.66476	3.27617e-06	6.36894e-06
998	8	7	30	36	18	124	0.423806	0.85848	3.65347e-06	8.62063e-06
999	4	4	13	14	8	8	0.87922	0.12872	1.06854e-06	1.21533e-06
1000	6	6	91	97	27	400	0.0707106	2.64916	1.89e-06	2.67287e-05