Hist	Tr_Tot	Tr_in	DSBs	DSBt	RIFs	NComb	PSurv	lPSurv	PMut*	PMut
1	5	5	10	11	9	2	0.923781	0.07928	6.71764e-07	7.2719e-07
2	6	6	12	13	10	3	0.90761	0.09694	8.10694e-07	8.93218e-07
3	8	8	15	16	10	9	0.863829	0.14638	1.19326e-06	1.38136e-06
4	5	5	16	17	8	20	0.81159	0.20876	1.64126e-06	2.02227e-06
5	5	5	3	3	3	0	0.981336	0.01884	1.66182e-07	1.69343e-07
6	3	3	6	6	1	15	0.892097	0.11418	1.01314e-06	1.13568e-06
7	11	11	38	39	22	37	0.648159	0.43362	2.70113e-06	4.16738e-06
8	9	9	24	26	18	10	0.807122	0.21428	1.61341e-06	1.99897e-06
9	9	8	33	33	19	26	0.711884	0.33984	2.30952e-06	3.24423e-06
10	5	5	29	29	12	34	0.700809	0.35552	2.41324e-06	3.44351e-06
11	9	9	17	18	10	15	0.82734	0.18954	1.50001e-06	1.81305e-06
12	12	12	26	27	17	15	0.781875	0.24606	1.8148e-06	2.32108e-06
13	6	6	11	11	10	1	0.928505	0.07418	6.25865e-07	6.74057e-07
14	7	7	17	18	11	9	0.853048	0.15894	1.27467e-06	1.49426e-06
15	6	6	16	17	13	7	0.867222	0.14246	1.15474e-06	1.33154e-06
16	3	2	5	5	4	1	0.964158	0.0365	3.23351e-07	3.35371e-07
17	7	7	20	20	14	10	0.838115	0.1766	1.39151e-06	1.66028e-06
18	7	7	17	17	13	5	0.876113	0.13226	1.07348e-06	1.22528e-06
19	6	6	8	8	5	4	0.931797	0.07064	6.18819e-07	6.64114e-07
20	11	11	15	15	14	1	0.905471	0.0993	8.14786e-07	8.99847e-07
21	10	10	28	28	20	8	0.80522	0.21664	1.61495e-06	2.0056e-06
22	11	11	41	44	24	39	0.621748	0.47522	2.83262e-06	4.55589e-06
23	9	9	37	40	23	30	0.667511	0.4042	2.57118e-06	3.8519e-06
24	9	9	17	18	12	7	0.861793	0.14874	1.19616e-06	1.38799e-06
25	6	5	5	5	4	1	0.964158	0.0365	3.23351e-07	3.35371e-07
26	10	9	26	26	11	32	0.721459	0.32648	2.28551e-06	3.1679e-06
27	11	11	32	35	19	29	0.692325	0.3677	2.43458e-06	3.51653e-06
28	11	10	50	50	26	47	0.574819	0.5537	3.05783e-06	5.31964e-06
29	9	9	38	43	18	77	0.515437	0.66274	3.35988e-06	6.5185e-06
30	4	4	6	6	4	2	0.953248	0.04788	4.2415e-07	4.44952e-07
31	6	6	19	20	15	7	0.851037	0.1613	1.27731e-06	1.50088e-06
32	6	5	9	9	7	2	0.935457	0.06672	5.74646e-07	6.14295e-07
33	7	7	14	15	8	12	0.856073	0.1554	1.27068e-06	1.48431e-06
34	9	9	32	35	19	25	0.706593	0.3473	2.33458e-06	3.304e-06
35	5	5	18	18	12	16	0.823131	0.19464	1.53612e-06	1.86619e-06
36	13	13	39	40	24	27	0.677802	0.3889	2.50278e-06	3.6925e-06
37	5	5	15	17	10	22	0.803354	0.21896	1.70997e-06	2.12854e-06
38	12	12	18	18	12	9	0.853048	0.15894	1.27467e-06	1.49426e-06
39	10	10	24	24	15	13	0.804914	0.21702	1.64643e-06	2.04547e-06
40	16	16	54	57	28	70	0.489212	0.71496	3.39358e-06	6.93684e-06
41	11	11	24	25	15	13	0.799875	0.2233	1.68127e-06	2.10192e-06
42	5	5	20	21	12	15	0.811898	0.20838	1.60951e-06	1.9824e-06
43	9	8	16	16	9	11	0.855063	0.15658	1.27201e-06	1.48763e-06
44	4	4	12	12	5	16	0.854738	0.15696	1.30561e-06	1.5275e-06
45	5	5	13	13	8	7	0.889283	0.11734	9.83326e-07	1.10575e-06
46	9	8	10	12	7	8	0.890333	0.11616	9.81536e-07	1.10244e-06
47	6	6	14	15	12	3	0.896282	0.1095	9.01762e-07	1.00611e-06
48	5	5	29	30	12	32	0.703561	0.3516	2.38767e-06	3.39369e-06
49	3	3	3	3	1	3	0.966436	0.03414	3.17709e-07	3.28742e-07
50	13	13	27	29	18	16	0.768189	0.26372	1.91057e-06	2.48711e-06
51	5	5	16	17	11	9	0.858422	0.15266	1.23425e-06	1.43781e-06
52	10	10	10	10	10	0	0.939131	0.0628	5.30117e-07	5.64476e-07
53	6	5	9	9	7	2	0.935457	0.06672	5.74646e-07	6.14295e-07
54	5	4	11	11	10	1	0.928505	0.07418	6.25865e-07	6.74057e-07
55	9	9	28	28	16	22	0.749732	0.28804	2.06136e-06	2.74946e-06
56	11	11	41	43	20	64	0.550769	0.59644	3.20976e-06	5.82777e-06
57	7	7	11	11	6	11	0.882338	0.12518	1.06356e-06	1.20539e-06
58	4	4	13	15	5	46	0.719787	0.3288	2.3687e-06	3.29084e-06
59	6	6	1	1	1	0	0.99374	0.00628	5.60942e-08	5.64476e-08
60	6	5	10	10	4	13	0.878886	0.1291	1.10318e-06	1.25521e-06
61	13	13	38	39	20	30	0.671716	0.39792	2.54947e-06	3.79545e-06
62	10	10	46	47	29	38	0.613264	0.48896	2.86523e-06	4.6721e-06
63	10	10	17	17	10	18	0.819911	0.19856	1.57095e-06	1.91601e-06
64	6	6	14	17	6	47	0.707187	0.34646	2.44465e-06	3.45687e-06
65	7	7	28	29	18	18	0.760393	0.27392	1.97199e-06	2.59338e-06
66	6	6	26	27	14	26	0.73922	0.30216	2.14784e-06	2.90555e-06
67	4	4	26	29	8	52	0.639339	0.44732	2.81303e-06	4.39991e-06
68	9	8	10	11	8	4	0.914407	0.08948	7.62118e-07	8.33456e-07
69	7	7	8	8	7	1	0.946163	0.05534	4.77542e-07	5.04714e-07
70	7	7	15	15	10	8	0.873716	0.135	1.11117e-06	1.27178e-06
71	12	12	31	32	16	44	0.653534	0.42536	2.70837e-06	4.14418e-06
72	4	4	12	12	6	12	0.872354	0.13656	1.14712e-06	1.31497e-06
73	4	4	21	22	11	20	0.786502	0.24016	1.8125e-06	2.30451e-06
74	11	11	10	11	7	7	0.900523	0.10478	8.94089e-07	9.92856e-07
75	10	10	37	38	22	24	0.696951	0.36104	2.38372e-06	3.42021e-06
76	3	3	5	5	4	1	0.964158	0.0365	3.23351e-07	3.35371e-07
77	7	7	12	12	12	0	0.92741	0.07536	6.28201e-07	6.77371e-07
78	5	4	19	19	9	17	0.813817	0.20602	1.60791e-06	1.97577e-06
79	6	6	22	22	14	10	0.827654	0.18916	1.46758e-06	1.77318e-06
80	9	9	14	14	8	8	0.87922	0.12872	1.06854e-06	1.21533e-06
81	6	6	5	5	4	1	0.964158	0.0365	3.23351e-07	3.35371e-07
82	6	5	18	19	9	14	0.826364	0.19072	1.50098e-06	1.81637e-06
83	10	10	25	26	19	10	0.807122	0.21428	1.61341e-06	1.99897e-06
84	11	11	28	30	15	34	0.696422	0.3618	2.43745e-06	3.49996e-06
85	3	3	9	9	4	11	0.89349	0.11262	9.76132e-07	1.09249e-06
86	4	4	14	16	9	9	0.863829	0.14638	1.19326e-06	1.38136e-06
87	4	4	20	20	11	37	0.7303	0.3143	2.26019e-06	3.09488e-06
88	10	10	9	9	7	2	0.935457	0.06672	5.74646e-07	6.14295e-07
89	9	9	17	19	15	4	0.869602	0.13972	1.11747e-06	1.28504e-06
90	12	10	34	35	14	75	0.547551	0.6023	3.26376e-06	5.96066e-06
91	9	8	7	7	5	2	0.947281	0.05416	4.74966e-07	5.014e-07
92	10	10	33	35	25	15	0.743564	0.2963	2.06165e-06	2.77266e-06
93	7	6	13	13	9	5	0.8984	0.10714	8.97937e-07	9.99485e-07
94	6	6	5	5	4	1	0.964158	0.0365	3.23351e-07	3.35371e-07
95	11	8	13	13	10	3	0.90761	0.09694	8.10694e-07	8.93218e-07
96	10	9	29	29	15	26	0.729993	0.31472	2.20344e-06	3.01844e-06
97	12	11	14	14	12	3	0.901929	0.10322	8.56531e-07	9.49666e-07
98	14	12	34	35	21	39	0.657902	0.4187	2.66309e-06	4.04786e-06
99	9	9	20	20	13	9	0.8424	0.1715	1.35386e-06	1.60715e-06
100	14	14	20	20	12	11	0.833851	0.1817	1.42874e-06	1.71342e-06
101	6	5	17	19	11	11	0.839105	0.17542	1.39037e-06	1.65697e-06
102	9	9	8	8	7	1	0.946163	0.05534	4.77542e-07	5.04714e-07
103	5	5	8	9	8	1	0.94024	0.06162	5.27627e-07	5.61162e-07
104	5	5	4	4	3	1	0.970232	0.03022	2.70621e-07	2.78924e-07
105	5	5	7	7	4	3	0.942462	0.05926	5.22626e-07	5.54533e-07
106	9	9	15	15	10	8	0.873716	0.135	1.11117e-06	1.27178e-06
107	5	4	21	23	11	23	0.769711	0.26174	1.93995e-06	2.52036e-06
108	11	11	44	44	21	55	0.573028	0.55682	3.0978e-06	5.40602e-06
109	3	3	4	8	3	9	0.908337	0.09614	8.44553e-07	9.2978e-07
110	5	5	15	16	11	6	0.877148	0.13108	1.07184e-06	1.22196e-06
111	4	4	6	6	5	1	0.958122	0.04278	3.7541e-07	3.91819e-07
112	6	6	6	6	5	1	0.958122	0.04278	3.7541e-07	3.91819e-07
113	5	5	11	11	9	2	0.923781	0.07928	6.71764e-07	7.2719e-07
114	9	9	22	22	18	4	0.853372	0.15856	1.24113e-06	1.45438e-06
115	9	9	6	6	6	0	0.963021	0.03768	3.26161e-07	3.38686e-07
116	6	6	9	10	8	2	0.929601	0.073	6.23523e-07	6.70742e-07
117	11	11	35	37	21	22	0.708532	0.34456	2.30804e-06	3.25749e-06
118	13	13	29	29	16	21	0.748847	0.28922	2.06141e-06	2.75278e-06
119	4	4	6	7	6	1	0.952124	0.04906	4.26805e-07	4.48266e-07
120	11	10	29	30	20	14	0.771206	0.2598	1.87965e-06	2.43729e-06
121	7	7	12	12	7	8	0.890333	0.11616	9.81536e-07	1.10244e-06
122	6	6	10	12	7	11	0.876814	0.13146	1.1064e-06	1.26184e-06
123	9	9	13	13	9	4	0.902993	0.10204	8.54549e-07	9.46352e-07
124	11	11	28	29	18	20	0.752676	0.28412	2.03196e-06	2.69964e-06
125	5	5	4	4	4	0	0.975193	0.02512	2.20189e-07	2.2579e-07
126	11	10	28	29	22	11	0.788029	0.23822	1.75056e-06	2.22145e-06
127	9	9	16	17	10	11	0.84971	0.16286	1.31202e-06	1.54407e-06
128	5	5	24	24	11	22	0.768803	0.26292	1.94021e-06	2.52367e-06
129	6	5	7	7	3	7	0.92343	0.07966	7.08332e-07	7.67066e-07
130	3	3	4	4	2	3	0.960386	0.04042	3.69931e-07	3.8519e-07
131	11	11	22	22	13	16	0.802711	0.21976	1.67925e-06	2.09198e-06
132	10	10	9	9	9	0	0.945048	0.05652	4.80111e-07	5.08028e-07
133	7	7	14	14	8	8	0.87922	0.12872	1.06854e-06	1.21533e-06
134	5	5	21	21	12	12	0.824416	0.19308	1.50291e-06	1.823e-06
135	11	11	28	28	19	15	0.776981	0.25234	1.8473e-06	2.37753e-06
136	4	4	14	14	10	6	0.888234	0.11852	9.8511e-07	1.10907e-06
137	4	4	9	10	6	10	0.892436	0.1138	9.77939e-07	1.09581e-06
138	3	3	3	3	3	0	0.981336	0.01884	1.66182e-07	1.69343e-07
139	3	3	2	2	1	1	0.982495	0.01766	1.63122e-07	1.66028e-07
140	3	3	2	3	1	3	0.966436	0.03414	3.17709e-07	3.28742e-07
141	11	10	15	16	11	8	0.868246	0.14128	1.15323e-06	1.32823e-06
142	17	17	51	52	30	33	0.609656	0.49486	2.85848e-06	4.68867e-06
143	5	5	4	4	4	0	0.975193	0.02512	2.20189e-07	2.2579e-07
144	6	6	11	11	9	2	0.923781	0.07928	6.71764e-07	7.2719e-07
145	9	9	41	42	23	35	0.642583	0.44226	2.71842e-06	4.23046e-06
146	7	7	25	27	15	19	0.766087	0.26646	1.94097e-06	2.53362e-06
147	12	12	38	38	26	19	0.714952	0.33554	2.25534e-06	3.15454e-06
148	11	10	9	9	7	2	0.935457	0.06672	5.74646e-07	6.14295e-07
149	7	7	14	15	9	9	0.869271	0.1401	1.15171e-06	1.32491e-06
150	6	6	6	7	3	6	0.928152	0.07456	6.62638e-07	7.13932e-07
151	11	10	11	11	9	2	0.923781	0.07928	6.71764e-07	7.2719e-07
152	12	11	44	46	24	36	0.623454	0.47248	2.81139e-06	4.50938e-06
153	7	7	10	10	4	16	0.865541	0.1444	1.2244e-06	1.41461e-06
154	14	13	47	48	22	94	0.458021	0.78084	3.5286e-06	7.70401e-06
155	6	6	9	9	7	2	0.935457	0.06672	5.74646e-07	6.14295e-07
156	12	12	40	42	26	24	0.679662	0.38616	2.47804e-06	3.646e-06
157	4	4	13	14	6	24	0.810325	0.21032	1.6737e-06	2.06546e-06
158	6	6	14	16	10	7	0.872686	0.13618	1.11276e-06	1.27509e-06
159	9	9	38	39	20	26	0.685559	0.37752	2.4563e-06	3.58292e-06
160	12	12	41	45	20	75	0.514222	0.6651	3.35537e-06	6.52513e-06
161	6	6	2	2	2	0	0.987519	0.01256	1.11486e-07	1.12895e-07
162	9	9	12	12	10	3	0.913328	0.09066	7.64246e-07	8.36771e-07
163	4	4	11	11	8	3	0.919082	0.08438	7.17181e-07	7.80323e-07
164	4	3	7	7	6	1	0.952124	0.04906	4.26805e-07	4.48266e-07
165	4	3	2	2	1	1	0.982495	0.01766	1.63122e-07	1.66028e-07
166	4	4	12	12	6	10	0.881298	0.12636	1.06523e-06	1.2087e-06
167	1	1	0	0	0	0	1	-0	0	0
168	7	7	4	4	4	0	0.975193	0.02512	2.20189e-07	2.2579e-07
169	5	5	23	25	14	27	0.744755	0.2947	2.11941e-06	2.84579e-06
170	11	10	34	36	16	42	0.643856	0.44028	2.74521e-06	4.26371e-06
171	10	10	9	9	5	7	0.911905	0.09222	8.0244e-07	8.79961e-07
172	5	5	13	13	5	13	0.862483	0.14794	1.22865e-06	1.42455e-06
173	7	7	8	8	8	0	0.951001	0.05024	4.29454e-07	4.51581e-07
174	13	13	36	36	18	32	0.677545	0.38928	2.52885e-06	3.73238e-06
175	9	8	19	20	14	7	0.851037	0.1613	1.27731e-06	1.50088e-06
176	13	13	18	19	10	37	0.734901	0.30802	2.23295e-06	3.03843e-06
177	10	10	24	27	11	38	0.695336	0.36336	2.46368e-06	3.54315e-06
178	5	5	7	7	4	3	0.942462	0.05926	5.22626e-07	5.54533e-07
179	10	10	33	35	17	34	0.674894	0.3932	2.55258e-06	3.78219e-06
180	4	4	13	14	10	5	0.892776	0.11342	9.42711e-07	1.05593e-06
181	7	7	16	16	12	4	0.88614	0.12088	9.88662e-07	1.11569e-06
182	5	5	5	5	4	1	0.964158	0.0365	3.23351e-07	3.35371e-07
183	15	14	56	61	27	73	0.469832	0.75538	3.44012e-06	7.32203e-06
184	6	6	27	28	17	15	0.776981	0.25234	1.8473e-06	2.37753e-06
185	4	4	17	20	9	30	0.756843	0.2786	2.06084e-06	2.72295e-06
186	5	4	6	6	5	1	0.958122	0.04278	3.7541e-07	3.91819e-07
187	5	5	22	24	12	22	0.768803	0.26292	1.94021e-06	2.52367e-06
188	11	11	16	19	12	11	0.839105	0.17542	1.39037e-06	1.65697e-06
189	6	5	9	10	7	3	0.924872	0.0781	6.69492e-07	7.23876e-07
190	5	5	6	6	5	1	0.958122	0.04278	3.7541e-07	3.91819e-07
191	6	6	23	25	11	29	0.737197	0.3049	2.17624e-06	2.95205e-06
192	10	10	31	33	19	22	0.726556	0.31944	2.2027e-06	3.0317e-06
193	4	4	7	7	4	4	0.937667	0.06436	5.69789e-07	6.07666e-07
194	9	9	15	16	9	14	0.84208	0.17188	1.38693e-06	1.64703e-06
195	9	9	21	22	10	37	0.721185	0.32686	2.3134e-06	3.20778e-06
196	6	5	6	6	3	4	0.943574	0.05808	5.20116e-07	5.51218e-07
197	9	8	37	41	14	80	0.514027	0.66548	3.37459e-06	6.56501e-06
198	6	6	19	20	12	12	0.82961	0.1868	1.46555e-06	1.76655e-06
199	10	10	35	39	24	19	0.710476	0.34182	2.28133e-06	3.21099e-06
200	3	3	19	22	6	71	0.606373	0.50026	3.04054e-06	5.0143e-06
201	6	6	13	15	12	4	0.891723	0.1146	9.44554e-07	1.05925e-06
202	9	9	14	15	9	7	0.878183	0.1299	1.07019e-06	1.21865e-06
203	14	13	37	39	25	27	0.682072	0.38262	2.48005e-06	3.63605e-06
204	14	14	23	24	12	18	0.784648	0.24252	1.81343e-06	2.31114e-06
205	7	7	32	32	18	43	0.656876	0.42026	2.68731e-06	4.09105e-06
206	6	6	9	9	5	5	0.921254	0.08202	7.12769e-07	7.73694e-07
207	6	6	4	4	3	1	0.970232	0.03022	2.70621e-07	2.78924e-07
208	9	8	32	33	18	21	0.730271	0.31434	2.17516e-06	2.97857e-06
209	7	7	19	21	12	13	0.820222	0.19818	1.53884e-06	1.87613e-06
210	11	11	45	48	23	80	0.49192	0.70944	3.42383e-06	6.96014e-06
211	12	12	29	30	19	16	0.763379	0.27	1.9417e-06	2.54356e-06
212	10	10	34	35	23	20	0.724843	0.3218	2.20231e-06	3.03833e-06
213	7	7	17	19	13	12	0.834836	0.18052	1.42766e-06	1.7101e-06
214	7	7	29	30	18	17	0.759496	0.2751	1.97218e-06	2.59669e-06
215	5	5	7	9	5	5	0.921254	0.08202	7.12769e-07	7.73694e-07
216	10	10	21	21	12	10	0.832868	0.18288	1.42981e-06	1.71673e-06
217	7	7	16	16	11	8	0.868246	0.14128	1.15323e-06	1.32823e-06
218	6	6	17	18	9	24	0.790223	0.23544	1.8106e-06	2.29125e-06
219	6	6	30	31	14	41	0.667791	0.40378	2.62331e-06	3.92834e-06
220	2	2	0	0	0	0	1	-0	0	0
221	7	6	6	6	5	1	0.958122	0.04278	3.7541e-07	3.91819e-07
222	13	13	34	35	18	29	0.692325	0.3677	2.43458e-06	3.51653e-06
223	6	6	16	18	11	22	0.798325	0.22524	1.74433e-06	2.18499e-06
224	11	11	41	44	22	60	0.558601	0.58232	3.16821e-06	5.67169e-06
225	3	3	2	2	2	0	0.987519	0.01256	1.11486e-07	1.12895e-07
226	11	11	33	38	19	42	0.63582	0.45284	2.78273e-06	4.3766e-06
227	9	9	29	31	16	26	0.720882	0.32728	2.25733e-06	3.13134e-06
228	5	5	19	20	9	25	0.77639	0.2531	1.90781e-06	2.45728e-06
229	4	4	1	1	1	0	0.99374	0.00628	5.60942e-08	5.64476e-08
230	10	9	31	34	14	40	0.658678	0.41752	2.66406e-06	4.04455e-06
231	4	4	10	10	7	3	0.924872	0.0781	6.69492e-07	7.23876e-07
232	3	3	1	2	1	1	0.982495	0.01766	1.63122e-07	1.66028e-07
233	10	9	19	22	9	44	0.695893	0.36256	2.49109e-06	3.57971e-06
234	5	5	17	18	10	10	0.848708	0.16404	1.31328e-06	1.54739e-06
235	7	7	16	17	10	17	0.824103	0.19346	1.5352e-06	1.86287e-06
236	9	9	26	28	12	28	0.727137	0.31864	2.23105e-06	3.06826e-06
237	7	7	15	16	10	8	0.868246	0.14128	1.15323e-06	1.32823e-06
238	7	7	17	18	10	14	0.83157	0.18444	1.4635e-06	1.75992e-06
239	11	11	17	19	9	14	0.826364	0.19072	1.50098e-06	1.81637e-06
240	6	6	13	14	10	5	0.892776	0.11342	9.42711e-07	1.05593e-06
241	6	6	5	5	3	2	0.959253	0.0416	3.72674e-07	3.88504e-07
242	6	6	2	2	1	1	0.982495	0.01766	1.63122e-07	1.66028e-07
243	5	5	11	11	6	6	0.905127	0.09968	8.50568e-07	9.39723e-07
244	4	4	4	4	4	0	0.975193	0.02512	2.20189e-07	2.2579e-07
245	7	7	7	7	5	3	0.942462	0.05926	5.22626e-07	5.54533e-07
246	5	5	11	11	8	4	0.914407	0.08948	7.62118e-07	8.33456e-07
247	6	6	21	21	10	20	0.791457	0.23388	1.77925e-06	2.24806e-06
248	16	16	49	50	35	21	0.656324	0.4211	2.58472e-06	3.93818e-06
249	7	7	13	14	8	8	0.87922	0.12872	1.06854e-06	1.21533e-06
250	5	5	1	1	1	0	0.99374	0.00628	5.60942e-08	5.64476e-08
251	13	12	24	26	14	36	0.70689	0.34688	2.38959e-06	3.38043e-06
252	5	4	22	22	11	16	0.802711	0.21976	1.67925e-06	2.09198e-06
253	7	7	27	30	17	31	0.707159	0.3465	2.3623e-06	3.34056e-06
254	9	9	26	27	15	19	0.766087	0.26646	1.94097e-06	2.53362e-06
255	9	9	34	34	20	42	0.651994	0.42772	2.7063e-06	4.15081e-06
256	4	4	12	13	5	17	0.845066	0.16834	1.38344e-06	1.63708e-06
257	6	6	14	14	6	23	0.814468	0.20522	1.63898e-06	2.01233e-06
258	4	4	14	14	8	9	0.874748	0.13382	1.10959e-06	1.26847e-06
259	7	6	24	25	15	15	0.791758	0.2335	1.74835e-06	2.20819e-06
260	9	9	18	18	9	15	0.82734	0.18954	1.50001e-06	1.81305e-06
261	7	7	22	22	14	10	0.827654	0.18916	1.46758e-06	1.77318e-06
262	11	11	28	28	21	7	0.809337	0.21154	1.5802e-06	1.95247e-06
263	4	4	11	12	10	2	0.917998	0.08556	7.19378e-07	7.83638e-07
264	9	8	22	23	13	17	0.793628	0.23114	1.74722e-06	2.20156e-06
265	7	7	32	32	20	22	0.731133	0.31316	2.17531e-06	2.97525e-06
266	9	8	18	19	13	7	0.856398	0.15502	1.23701e-06	1.44444e-06
267	7	7	19	21	10	33	0.740685	0.30018	2.17672e-06	2.9388e-06
268	13	13	36	37	26	15	0.734284	0.30886	2.11882e-06	2.88556e-06
269	7	7	21	24	13	20	0.776685	0.25272	1.87756e-06	2.41741e-06
270	4	4	14	16	11	6	0.877148	0.13108	1.07184e-06	1.22196e-06
271	6	6	22	22	11	19	0.790523	0.23506	1.77977e-06	2.25138e-06
272	6	6	11	11	7	4	0.914407	0.08948	7.62118e-07	8.33456e-07
273	7	7	28	28	15	30	0.719758	0.32884	2.28489e-06	3.17453e-06
274	6	6	13	13	7	12	0.866893	0.14284	1.18887e-06	1.37142e-06
275	11	11	10	10	8	2	0.929601	0.073	6.23523e-07	6.70742e-07
276	11	11	19	19	14	6	0.860777	0.14992	1.1976e-06	1.3913e-06
277	4	4	5	5	2	4	0.949519	0.0518	4.69794e-07	4.94771e-07
278	9	9	43	43	27	30	0.655052	0.42304	2.63412e-06	4.02124e-06
279	11	11	31	32	19	19	0.742405	0.29786	2.0905e-06	2.81585e-06
280	10	10	24	25	15	18	0.779736	0.2488	1.84609e-06	2.36759e-06
281	7	7	16	17	9	13	0.841087	0.17306	1.38808e-06	1.65034e-06
282	7	7	21	21	13	12	0.824416	0.19308	1.50291e-06	1.823e-06
283	11	10	46	48	24	52	0.567429	0.56664	3.1052e-06	5.47241e-06
284	7	7	24	24	13	22	0.768803	0.26292	1.94021e-06	2.52367e-06
285	5	4	13	13	8	11	0.871325	0.13774	1.14865e-06	1.31828e-06
286	6	6	10	10	7	4	0.920167	0.0832	7.14978e-07	7.77009e-07
287	9	9	22	24	15	13	0.804914	0.21702	1.64643e-06	2.04547e-06
288	9	9	33	33	17	33	0.686918	0.37554	2.48401e-06	3.61617e-06
289	7	7	16	19	7	29	0.765505	0.26722	2.00054e-06	2.61337e-06
290	5	5	14	15	8	17	0.834519	0.1809	1.46039e-06	1.74998e-06
291	3	3	1	1	1	0	0.99374	0.00628	5.60942e-08	5.64476e-08
292	9	9	20	21	15	9	0.837127	0.17778	1.39264e-06	1.6636e-06
293	4	4	11	13	3	34	0.774886	0.25504	1.96848e-06	2.54035e-06
294	7	7	26	26	17	15	0.786801	0.23978	1.78182e-06	2.26464e-06
295	9	9	25	25	17	14	0.795806	0.2284	1.71501e-06	2.15505e-06
296	5	5	17	17	9	15	0.832552	0.18326	1.46247e-06	1.75661e-06
297	6	6	21	21	11	12	0.824416	0.19308	1.50291e-06	1.823e-06
298	9	9	15	16	10	8	0.868246	0.14128	1.15323e-06	1.32823e-06
299	5	5	8	9	6	3	0.930698	0.07182	6.21174e-07	6.67428e-07
300	5	5	15	15	9	6	0.882673	0.1248	1.02877e-06	1.16551e-06
301	2	1	14	14	4	24	0.810325	0.21032	1.6737e-06	2.06546e-06
302	5	5	6	6	5	1	0.958122	0.04278	3.7541e-07	3.91819e-07
303	11	10	56	59	21	102	0.41036	0.89072	3.59065e-06	8.74999e-06
304	11	11	14	16	10	10	0.859435	0.15148	1.23285e-06	1.43449e-06
305	10	10	33	38	20	33	0.665684	0.40694	2.59511e-06	3.8984e-06
306	7	7	34	36	18	39	0.653783	0.42498	2.68333e-06	4.10431e-06
307	15	15	35	36	24	23	0.709369	0.34338	2.30841e-06	3.25418e-06
308	9	9	14	15	10	6	0.882673	0.1248	1.02877e-06	1.16551e-06
309	11	10	10	10	8	3	0.924872	0.0781	6.69492e-07	7.23876e-07
310	7	7	14	14	8	12	0.861466	0.14912	1.23006e-06	1.42786e-06
311	7	6	15	15	10	7	0.878183	0.1299	1.07019e-06	1.21865e-06
312	10	10	4	4	4	0	0.975193	0.02512	2.20189e-07	2.2579e-07
313	9	9	27	29	18	16	0.768189	0.26372	1.91057e-06	2.48711e-06
314	5	5	9	9	5	5	0.921254	0.08202	7.12769e-07	7.73694e-07
315	6	6	17	17	6	35	0.751819	0.28526	2.11958e-06	2.81927e-06
316	11	11	13	14	8	8	0.87922	0.12872	1.06854e-06	1.21533e-06
317	13	13	32	33	18	26	0.711884	0.33984	2.30952e-06	3.24423e-06
318	8	8	20	22	13	11	0.823444	0.19426	1.50387e-06	1.82631e-06
319	11	11	31	32	20	23	0.727414	0.31826	2.20289e-06	3.02839e-06
320	3	3	4	4	3	1	0.970232	0.03022	2.70621e-07	2.78924e-07
321	9	9	26	27	15	18	0.770004	0.26136	1.90998e-06	2.48048e-06
322	3	3	4	4	3	1	0.970232	0.03022	2.70621e-07	2.78924e-07
323	9	9	21	23	12	23	0.769711	0.26174	1.93995e-06	2.52036e-06
324	9	9	21	22	13	24	0.77062	0.26056	1.93968e-06	2.51704e-06
325	15	14	48	49	21	64	0.530402	0.63412	3.2707e-06	6.16646e-06
326	6	5	10	10	9	1	0.934354	0.0679	5.77066e-07	6.17609e-07
327	5	5	15	16	10	8	0.868246	0.14128	1.15323e-06	1.32823e-06
328	4	4	13	14	9	6	0.888234	0.11852	9.8511e-07	1.10907e-06
329	5	4	9	9	4	7	0.911905	0.09222	8.0244e-07	8.79961e-07
330	14	14	53	56	31	52	0.539625	0.61688	3.19674e-06	5.92399e-06
331	7	7	14	14	13	1	0.911175	0.09302	7.68485e-07	8.434e-07
332	11	10	25	26	14	25	0.74768	0.29078	2.09049e-06	2.79597e-06
333	11	11	21	22	16	7	0.840415	0.17386	1.35624e-06	1.61378e-06
334	7	7	11	11	9	2	0.923781	0.07928	6.71764e-07	7.2719e-07
335	9	9	17	17	13	5	0.876113	0.13226	1.07348e-06	1.22528e-06
336	10	10	31	32	21	16	0.753851	0.28256	2.00257e-06	2.65645e-06
337	10	9	25	26	18	12	0.798932	0.22448	1.68194e-06	2.10524e-06
338	6	6	8	8	5	4	0.931797	0.07064	6.18819e-07	6.64114e-07
339	7	7	12	12	8	4	0.908682	0.09576	8.0864e-07	8.89904e-07
340	14	13	35	36	25	12	0.750302	0.28728	2.00309e-06	2.66971e-06
341	6	5	9	10	5	9	0.896999	0.1087	9.35279e-07	1.04267e-06
342	9	8	18	18	9	22	0.798325	0.22524	1.74433e-06	2.18499e-06
343	6	6	28	31	10	59	0.609217	0.49558	2.97587e-06	4.88473e-06
344	10	10	16	17	12	9	0.858422	0.15266	1.23425e-06	1.43781e-06
345	1	1	12	16	4	39	0.741278	0.29938	2.20557e-06	2.97536e-06
346	12	12	23	24	14	15	0.796745	0.22722	1.71439e-06	2.15174e-06
347	5	5	9	10	8	2	0.929601	0.073	6.23523e-07	6.70742e-07
348	5	5	10	10	5	9	0.896999	0.1087	9.35279e-07	1.04267e-06
349	4	4	10	11	5	16	0.860123	0.15068	1.26529e-06	1.47105e-06
350	7	7	17	18	8	14	0.83157	0.18444	1.4635e-06	1.75992e-06
351	3	3	8	10	4	12	0.88338	0.124	1.06189e-06	1.20207e-06
352	5	5	13	13	9	5	0.8984	0.10714	8.97937e-07	9.99485e-07
353	8	8	21	21	13	14	0.81605	0.20328	1.57438e-06	1.92926e-06
354	1	1	3	3	3	0	0.981336	0.01884	1.66182e-07	1.69343e-07
355	4	4	9	9	5	7	0.911905	0.09222	8.0244e-07	8.79961e-07
356	6	5	6	6	4	2	0.953248	0.04788	4.2415e-07	4.44952e-07
357	10	10	19	20	11	16	0.812857	0.2072	1.60871e-06	1.97908e-06
358	5	5	12	12	9	4	0.908682	0.09576	8.0864e-07	8.89904e-07
359	11	11	29	29	20	11	0.788029	0.23822	1.75056e-06	2.22145e-06
360	11	11	39	41	19	50	0.599008	0.51248	2.97768e-06	4.97101e-06
361	12	12	33	33	23	14	0.756812	0.27864	1.97273e-06	2.60664e-06
362	5	5	12	13	5	15	0.85373	0.15814	1.3069e-06	1.53082e-06
363	8	7	23	23	14	17	0.793628	0.23114	1.74722e-06	2.20156e-06
364	9	9	12	12	9	3	0.913328	0.09066	7.64246e-07	8.36771e-07
365	6	6	23	25	10	66	0.610425	0.4936	3.00206e-06	4.91798e-06
366	7	7	25	26	16	15	0.786801	0.23978	1.78182e-06	2.26464e-06
367	6	6	11	11	3	19	0.847063	0.16598	1.3811e-06	1.63045e-06
368	11	10	15	16	7	14	0.84208	0.17188	1.38693e-06	1.64703e-06
369	9	9	21	21	14	13	0.820222	0.19818	1.53884e-06	1.87613e-06
370	5	4	4	4	4	0	0.975193	0.02512	2.20189e-07	2.2579e-07
371	6	5	11	12	6	12	0.872354	0.13656	1.14712e-06	1.31497e-06
372	3	2	6	7	2	9	0.914059	0.08986	7.98277e-07	8.73332e-07
373	11	11	16	16	15	1	0.899802	0.10558	8.60476e-07	9.56295e-07
374	7	7	24	25	11	70	0.598098	0.514	3.06855e-06	5.13051e-06
375	11	11	17	18	12	6	0.8662	0.14364	1.15625e-06	1.33486e-06
376	4	4	3	3	2	1	0.976344	0.02394	2.17213e-07	2.22476e-07
377	4	4	20	21	9	25	0.77153	0.25938	1.93942e-06	2.51373e-06
378	6	6	8	8	6	2	0.94135	0.06044	5.2513e-07	5.57847e-07
379	7	7	14	14	10	7	0.883716	0.12362	1.02705e-06	1.1622e-06
380	3	2	13	14	8	9	0.874748	0.13382	1.10959e-06	1.26847e-06
381	2	2	6	6	2	10	0.915138	0.08868	7.96186e-07	8.70018e-07
382	3	2	2	2	2	0	0.987519	0.01256	1.11486e-07	1.12895e-07
383	4	4	11	12	7	8	0.890333	0.11616	9.81536e-07	1.10244e-06
384	13	11	9	10	6	5	0.915486	0.0883	7.59984e-07	8.30142e-07
385	11	11	24	27	14	32	0.716942	0.33276	2.31167e-06	3.22435e-06
386	11	11	25	29	16	24	0.737477	0.30452	2.14766e-06	2.91218e-06
387	13	12	50	53	27	53	0.547091	0.60314	3.17739e-06	5.80778e-06
388	10	10	25	26	13	38	0.699717	0.35708	2.4397e-06	3.4867e-06
389	13	13	15	16	9	11	0.855063	0.15658	1.27201e-06	1.48763e-06
390	9	9	10	11	7	6	0.905127	0.09968	8.50568e-07	9.39723e-07
391	5	5	12	13	6	10	0.87578	0.13264	1.10799e-06	1.26515e-06
392	12	12	21	21	14	17	0.803659	0.21858	1.67857e-06	2.08866e-06
393	10	10	28	30	15	34	0.696422	0.3618	2.43745e-06	3.49996e-06
394	7	7	7	7	6	1	0.952124	0.04906	4.26805e-07	4.48266e-07
395	11	10	22	22	16	9	0.831886	0.18406	1.43088e-06	1.72005e-06
396	10	10	21	21	13	11	0.828631	0.18798	1.46657e-06	1.76986e-06
397	13	13	28	31	22	13	0.770296	0.26098	1.87999e-06	2.44061e-06
398	9	9	36	36	15	66	0.56968	0.56268	3.1554e-06	5.5389e-06
399	6	6	10	10	9	1	0.934354	0.0679	5.77066e-07	6.17609e-07
400	6	6	21	21	13	18	0.799571	0.22368	1.71252e-06	2.1418e-06
401	9	8	16	19	9	16	0.817978	0.20092	1.57267e-06	1.92264e-06
402	12	10	19	19	16	3	0.874048	0.13462	1.07674e-06	1.2319e-06
403	7	7	19	22	10	26	0.7628	0.27076	2.00106e-06	2.62331e-06
404	10	10	38	40	25	25	0.684751	0.3787	2.45568e-06	3.58623e-06
405	4	4	8	8	6	2	0.94135	0.06044	5.2513e-07	5.57847e-07
406	3	2	11	12	6	8	0.890333	0.11616	9.81536e-07	1.10244e-06
407	5	5	14	14	7	28	0.793962	0.23072	1.80864e-06	2.278e-06
408	4	4	8	8	6	2	0.94135	0.06044	5.2513e-07	5.57847e-07
409	10	10	26	26	15	27	0.740093	0.30098	2.14792e-06	2.90223e-06
410	9	9	25	28	16	21	0.753565	0.28294	2.03186e-06	2.69633e-06
411	9	9	13	13	8	6	0.89383	0.11224	9.40861e-07	1.05262e-06
412	7	7	13	14	9	7	0.883716	0.12362	1.02705e-06	1.1622e-06
413	3	3	3	3	3	0	0.981336	0.01884	1.66182e-07	1.69343e-07
414	9	7	29	33	19	28	0.70466	0.35004	2.36096e-06	3.3505e-06
415	4	4	13	14	11	4	0.89734	0.10832	8.99852e-07	1.0028e-06
416	9	9	12	13	8	8	0.884759	0.12244	1.02533e-06	1.15888e-06
417	5	5	7	7	6	1	0.952124	0.04906	4.26805e-07	4.48266e-07
418	11	11	29	31	16	29	0.709936	0.34258	2.33621e-06	3.29074e-06
419	7	7	11	11	9	2	0.923781	0.07928	6.71764e-07	7.2719e-07
420	7	7	18	18	9	25	0.786203	0.24054	1.84316e-06	2.34439e-06
421	14	14	29	34	19	28	0.700249	0.35632	2.38571e-06	3.40695e-06
422	7	7	30	31	18	26	0.720882	0.32728	2.25733e-06	3.13134e-06
423	6	5	13	13	6	22	0.82379	0.19384	1.56747e-06	1.90275e-06
424	4	4	17	18	12	10	0.848708	0.16404	1.31328e-06	1.54739e-06
425	12	12	22	22	18	5	0.849031	0.16366	1.27992e-06	1.50751e-06
426	5	5	8	8	6	3	0.936562	0.06554	5.72221e-07	6.1098e-07
427	9	9	6	7	4	6	0.928152	0.07456	6.62638e-07	7.13932e-07
428	6	5	20	20	10	17	0.808722	0.2123	1.6435e-06	2.03222e-06
429	5	5	1	1	1	0	0.99374	0.00628	5.60942e-08	5.64476e-08
430	7	7	9	9	7	2	0.935457	0.06672	5.74646e-07	6.14295e-07
431	8	8	16	16	10	13	0.846386	0.16678	1.34905e-06	1.59389e-06
432	5	5	6	9	2	22	0.844745	0.16872	1.4166e-06	1.67696e-06
433	4	4	3	3	3	0	0.981336	0.01884	1.66182e-07	1.69343e-07
434	3	2	2	2	2	0	0.987519	0.01256	1.11486e-07	1.12895e-07
435	5	5	13	13	9	5	0.8984	0.10714	8.97937e-07	9.99485e-07
436	8	8	16	17	13	4	0.880593	0.12716	1.03218e-06	1.17214e-06
437	8	7	19	19	8	27	0.773353	0.25702	1.93887e-06	2.5071e-06
438	7	6	10	10	8	3	0.924872	0.0781	6.69492e-07	7.23876e-07
439	8	7	18	19	10	14	0.826364	0.19072	1.50098e-06	1.81637e-06
440	6	5	5	5	5	0	0.969088	0.0314	2.73513e-07	2.82238e-07
441	8	8	11	11	7	7	0.900523	0.10478	8.94089e-07	9.92856e-07
442	3	2	7	7	5	2	0.947281	0.05416	4.74966e-07	5.014e-07
443	8	8	17	18	11	11	0.844391	0.16914	1.35147e-06	1.60052e-06
444	8	8	23	24	11	22	0.768803	0.26292	1.94021e-06	2.52367e-06
445	8	8	36	37	26	20	0.715796	0.33436	2.25563e-06	3.15123e-06
446	8	8	18	19	12	11	0.839105	0.17542	1.39037e-06	1.65697e-06
447	5	5	5	5	4	1	0.964158	0.0365	3.23351e-07	3.35371e-07
448	8	8	16	16	13	4	0.88614	0.12088	9.88662e-07	1.11569e-06
449	8	8	14	14	10	4	0.89734	0.10832	8.99852e-07	1.0028e-06
450	6	5	7	7	4	3	0.942462	0.05926	5.22626e-07	5.54533e-07
451	6	5	5	6	5	1	0.958122	0.04278	3.7541e-07	3.91819e-07
452	8	8	10	11	8	3	0.919082	0.08438	7.17181e-07	7.80323e-07
453	5	5	13	13	8	6	0.89383	0.11224	9.40861e-07	1.05262e-06
454	7	7	25	27	12	26	0.73922	0.30216	2.14784e-06	2.90555e-06
455	8	8	24	27	12	49	0.657402	0.41946	2.7135e-06	4.12761e-06
456	6	6	20	21	10	18	0.799571	0.22368	1.71252e-06	2.1418e-06
457	6	6	18	18	8	19	0.810633	0.20994	1.64201e-06	2.02559e-06
458	8	8	36	39	17	58	0.582329	0.54072	3.07655e-06	5.28318e-06
459	7	7	19	21	12	22	0.783425	0.24408	1.84444e-06	2.35433e-06
460	8	7	37	38	19	68	0.556861	0.58544	3.20644e-06	5.75807e-06
461	4	4	2	2	2	0	0.987519	0.01256	1.11486e-07	1.12895e-07
462	3	2	3	3	2	1	0.976344	0.02394	2.17213e-07	2.22476e-07
463	8	8	8	8	5	4	0.931797	0.07064	6.18819e-07	6.64114e-07
464	8	8	18	18	9	12	0.840095	0.17424	1.38923e-06	1.65366e-06
465	8	8	19	20	16	5	0.859762	0.1511	1.19904e-06	1.39462e-06
466	8	8	22	22	14	13	0.815087	0.20446	1.57522e-06	1.93258e-06
467	3	2	1	1	1	0	0.99374	0.00628	5.60942e-08	5.64476e-08
468	6	5	5	5	3	3	0.954374	0.0467	4.21487e-07	4.41638e-07
469	5	5	12	12	10	2	0.917998	0.08556	7.19378e-07	7.83638e-07
470	8	8	8	8	6	3	0.936562	0.06554	5.72221e-07	6.1098e-07
471	5	5	15	15	8	11	0.86045	0.1503	1.23146e-06	1.43118e-06
472	8	8	34	34	18	28	0.700249	0.35632	2.38571e-06	3.40695e-06
473	6	5	14	14	7	14	0.852723	0.15932	1.30819e-06	1.53413e-06
474	8	7	14	17	10	10	0.854055	0.15776	1.27335e-06	1.49094e-06
475	5	5	11	12	7	8	0.890333	0.11616	9.81536e-07	1.10244e-06
476	4	4	15	15	10	15	0.843074	0.1707	1.38577e-06	1.64371e-06
477	8	8	38	41	21	54	0.586912	0.53288	3.04229e-06	5.18354e-06
478	7	7	23	23	13	14	0.805864	0.21584	1.6457e-06	2.04216e-06
479	6	6	6	7	4	6	0.928152	0.07456	6.62638e-07	7.13932e-07
480	7	7	15	15	12	4	0.891723	0.1146	9.44554e-07	1.05925e-06
481	8	8	22	23	14	18	0.789591	0.23624	1.78029e-06	2.25469e-06
482	6	6	19	20	10	19	0.800515	0.2225	1.71189e-06	2.13848e-06
483	8	7	20	22	13	14	0.810941	0.20956	1.6103e-06	1.98571e-06
484	6	6	18	20	12	15	0.817013	0.2021	1.57353e-06	1.92595e-06
485	5	5	20	20	17	3	0.868576	0.1409	1.11903e-06	1.28835e-06
486	5	5	3	3	3	0	0.981336	0.01884	1.66182e-07	1.69343e-07
487	8	7	25	26	15	22	0.759208	0.27548	2.0017e-06	2.63657e-06
488	5	5	9	9	5	6	0.916567	0.08712	7.57843e-07	8.26828e-07
489	6	5	3	3	3	0	0.981336	0.01884	1.66182e-07	1.69343e-07
490	6	6	14	14	7	13	0.857083	0.15422	1.26934e-06	1.481e-06
491	5	5	8	10	5	9	0.896999	0.1087	9.35279e-07	1.04267e-06
492	8	8	12	12	7	11	0.876814	0.13146	1.1064e-06	1.26184e-06
493	8	8	4	4	4	0	0.975193	0.02512	2.20189e-07	2.2579e-07
494	5	5	9	9	6	3	0.930698	0.07182	6.21174e-07	6.67428e-07
495	8	8	10	10	8	3	0.924872	0.0781	6.69492e-07	7.23876e-07
496	8	8	24	26	12	28	0.736328	0.30608	2.17612e-06	2.95537e-06
497	8	8	14	16	9	11	0.855063	0.15658	1.27201e-06	1.48763e-06
498	6	5	18	19	13	9	0.847707	0.16522	1.31454e-06	1.5507e-06
499	8	8	10	11	7	10	0.886849	0.12008	1.02188e-06	1.15226e-06
500	5	5	24	26	10	37	0.703294	0.35198	2.41481e-06	3.43357e-06
501	6	6	13	14	10	5	0.892776	0.11342	9.42711e-07	1.05593e-06
502	7	6	22	22	16	8	0.836139	0.17896	1.39377e-06	1.66691e-06
503	6	6	6	6	3	6	0.933999	0.06828	6.1409e-07	6.57485e-07
504	3	3	5	5	5	0	0.969088	0.0314	2.73513e-07	2.82238e-07
505	6	6	14	14	10	4	0.89734	0.10832	8.99852e-07	1.0028e-06
506	8	8	39	39	23	24	0.692588	0.36732	2.40789e-06	3.47665e-06
507	6	5	5	5	3	3	0.954374	0.0467	4.21487e-07	4.41638e-07
508	8	8	22	24	11	40	0.70137	0.35472	2.44082e-06	3.48007e-06
509	6	5	16	17	10	13	0.841087	0.17306	1.38808e-06	1.65034e-06
510	7	7	4	4	4	0	0.975193	0.02512	2.20189e-07	2.2579e-07
511	7	7	10	10	7	6	0.910829	0.0934	8.04513e-07	8.83275e-07
512	5	5	6	6	6	0	0.963021	0.03768	3.26161e-07	3.38686e-07
513	6	6	6	6	5	1	0.958122	0.04278	3.7541e-07	3.91819e-07
514	6	6	16	16	10	10	0.859435	0.15148	1.23285e-06	1.43449e-06
515	7	6	24	24	13	18	0.784648	0.24252	1.81343e-06	2.31114e-06
516	7	7	20	22	12	17	0.798628	0.22486	1.71315e-06	2.14511e-06
517	9	8	19	20	12	16	0.812857	0.2072	1.60871e-06	1.97908e-06
518	7	7	11	11	8	4	0.914407	0.08948	7.62118e-07	8.33456e-07
519	3	3	2	2	2	0	0.987519	0.01256	1.11486e-07	1.12895e-07
520	8	8	25	26	12	25	0.74768	0.29078	2.09049e-06	2.79597e-06
521	8	8	21	22	10	20	0.786502	0.24016	1.8125e-06	2.30451e-06
522	8	8	15	16	10	16	0.833535	0.18208	1.46143e-06	1.75329e-06
523	8	8	9	11	6	6	0.905127	0.09968	8.50568e-07	9.39723e-07
524	6	6	2	2	1	1	0.982495	0.01766	1.63122e-07	1.66028e-07
525	6	6	1	1	1	0	0.99374	0.00628	5.60942e-08	5.64476e-08
526	8	8	16	16	8	16	0.833535	0.18208	1.46143e-06	1.75329e-06
527	7	7	9	9	7	3	0.930698	0.07182	6.21174e-07	6.67428e-07
528	5	5	19	19	15	5	0.865178	0.14482	1.15776e-06	1.33817e-06
529	7	7	11	11	8	3	0.919082	0.08438	7.17181e-07	7.80323e-07
530	7	7	12	12	9	3	0.913328	0.09066	7.64246e-07	8.36771e-07
531	7	7	27	30	15	29	0.714409	0.3363	2.31061e-06	3.23429e-06
532	6	5	21	21	10	24	0.775475	0.25428	1.90813e-06	2.4606e-06
533	4	4	17	17	13	4	0.880593	0.12716	1.03218e-06	1.17214e-06
534	2	2	0	0	0	0	1	-0	0	0
535	8	8	45	47	19	91	0.468013	0.75926	3.50455e-06	7.48816e-06
536	7	7	14	14	11	4	0.89734	0.10832	8.99852e-07	1.0028e-06
537	6	5	8	8	8	0	0.951001	0.05024	4.29454e-07	4.51581e-07
538	7	7	25	28	16	22	0.749732	0.28804	2.06136e-06	2.74946e-06
539	5	5	7	7	5	2	0.947281	0.05416	4.74966e-07	5.014e-07
540	8	8	10	10	6	7	0.906196	0.0985	8.48569e-07	9.36408e-07
541	5	5	15	15	7	14	0.847385	0.1656	1.34783e-06	1.59058e-06
542	6	6	16	16	11	8	0.868246	0.14128	1.15323e-06	1.32823e-06
543	2	2	7	7	3	5	0.932897	0.06946	6.16458e-07	6.60799e-07
544	8	8	35	40	22	53	0.593629	0.5215	3.01205e-06	5.07396e-06
545	12	11	42	46	24	41	0.607757	0.49798	2.90207e-06	4.77505e-06
546	4	4	8	8	6	2	0.94135	0.06044	5.2513e-07	5.57847e-07
547	6	6	13	13	10	6	0.89383	0.11224	9.40861e-07	1.05262e-06
548	4	3	15	15	10	7	0.878183	0.1299	1.07019e-06	1.21865e-06
549	9	8	15	16	11	6	0.877148	0.13108	1.07184e-06	1.22196e-06
550	6	6	5	5	5	0	0.969088	0.0314	2.73513e-07	2.82238e-07
551	8	8	18	18	12	10	0.848708	0.16404	1.31328e-06	1.54739e-06
552	8	8	31	32	19	21	0.734871	0.30806	2.14738e-06	2.92212e-06
553	2	2	1	1	1	0	0.99374	0.00628	5.60942e-08	5.64476e-08
554	7	5	5	5	4	1	0.964158	0.0365	3.23351e-07	3.35371e-07
555	7	7	16	16	11	7	0.872686	0.13618	1.11276e-06	1.27509e-06
556	5	5	11	11	5	12	0.87785	0.13028	1.10479e-06	1.25852e-06
557	8	8	14	14	8	10	0.870298	0.13892	1.15018e-06	1.3216e-06
558	7	7	22	24	10	31	0.734313	0.30882	2.20431e-06	3.00187e-06
559	7	7	18	21	13	14	0.81605	0.20328	1.57438e-06	1.92926e-06
560	4	4	10	10	7	4	0.920167	0.0832	7.14978e-07	7.77009e-07
561	8	8	18	19	12	11	0.839105	0.17542	1.39037e-06	1.65697e-06
562	4	4	4	5	4	1	0.964158	0.0365	3.23351e-07	3.35371e-07
563	8	8	24	24	19	11	0.813166	0.20682	1.5769e-06	1.93921e-06
564	3	2	1	1	1	0	0.99374	0.00628	5.60942e-08	5.64476e-08
565	7	7	43	47	17	75	0.507804	0.67766	3.37082e-06	6.63803e-06
566	7	7	3	3	3	0	0.981336	0.01884	1.66182e-07	1.69343e-07
567	4	4	11	11	8	3	0.919082	0.08438	7.17181e-07	7.80323e-07
568	5	5	5	5	5	0	0.969088	0.0314	2.73513e-07	2.82238e-07
569	8	8	26	27	18	11	0.797989	0.22566	1.6826e-06	2.10855e-06
570	4	4	8	8	5	4	0.931797	0.07064	6.18819e-07	6.64114e-07
571	7	7	7	8	4	7	0.917649	0.08594	7.55696e-07	8.23513e-07
572	4	4	6	7	4	3	0.942462	0.05926	5.22626e-07	5.54533e-07
573	8	7	9	9	7	2	0.935457	0.06672	5.74646e-07	6.14295e-07
574	5	5	0	0	0	0	1	-0	0	0
575	6	6	14	15	9	12	0.856073	0.1554	1.27068e-06	1.48431e-06
576	8	8	23	24	15	13	0.804914	0.21702	1.64643e-06	2.04547e-06
577	8	8	30	30	19	16	0.763379	0.27	1.9417e-06	2.54356e-06
578	8	8	38	38	23	26	0.689878	0.37124	2.43284e-06	3.52647e-06
579	8	8	9	10	8	2	0.929601	0.073	6.23523e-07	6.70742e-07
580	5	5	9	11	6	9	0.891384	0.11498	9.7974e-07	1.09912e-06
581	6	6	22	23	16	10	0.822473	0.19544	1.50482e-06	1.82963e-06
582	7	7	16	16	8	13	0.846386	0.16678	1.34905e-06	1.59389e-06
583	7	7	29	31	15	25	0.724568	0.32218	2.23037e-06	3.07821e-06
584	8	7	19	19	11	14	0.826364	0.19072	1.50098e-06	1.81637e-06
585	8	8	10	10	8	3	0.924872	0.0781	6.69492e-07	7.23876e-07
586	7	7	21	22	15	11	0.823444	0.19426	1.50387e-06	1.82631e-06
587	8	8	34	37	17	37	0.656351	0.42106	2.66117e-06	4.05449e-06
588	8	8	31	31	14	31	0.702732	0.35278	2.38718e-06	3.397e-06
589	3	3	5	5	5	0	0.969088	0.0314	2.73513e-07	2.82238e-07
590	7	7	17	20	10	18	0.804608	0.2174	1.67789e-06	2.08535e-06
591	2	2	4	4	2	3	0.960386	0.04042	3.69931e-07	3.8519e-07
592	6	6	20	22	13	22	0.77852	0.25036	1.87684e-06	2.41078e-06
593	3	3	2	2	2	0	0.987519	0.01256	1.11486e-07	1.12895e-07
594	7	7	8	8	6	2	0.94135	0.06044	5.2513e-07	5.57847e-07
595	6	6	17	19	12	11	0.839105	0.17542	1.39037e-06	1.65697e-06
596	7	7	20	21	13	12	0.824416	0.19308	1.50291e-06	1.823e-06
597	4	4	15	15	6	19	0.82605	0.1911	1.53335e-06	1.85624e-06
598	6	6	15	16	10	8	0.868246	0.14128	1.15323e-06	1.32823e-06
599	8	8	16	16	12	5	0.881632	0.12598	1.03048e-06	1.16883e-06
600	8	8	31	34	15	40	0.658678	0.41752	2.66406e-06	4.04455e-06
601	9	9	13	16	5	33	0.764311	0.26878	2.03044e-06	2.65656e-06
602	7	7	13	14	10	4	0.89734	0.10832	8.99852e-07	1.0028e-06
603	5	5	8	8	7	1	0.946163	0.05534	4.77542e-07	5.04714e-07
604	6	6	9	9	4	11	0.89349	0.11262	9.76132e-07	1.09249e-06
605	8	8	20	20	16	4	0.864158	0.146	1.15925e-06	1.34148e-06
606	6	6	20	21	11	23	0.77944	0.24918	1.87647e-06	2.40746e-06
607	8	8	13	13	10	3	0.90761	0.09694	8.10694e-07	8.93218e-07
608	8	8	29	31	21	15	0.762479	0.27118	1.94194e-06	2.54687e-06
609	5	5	19	21	9	36	0.729439	0.31548	2.25994e-06	3.09819e-06
610	3	3	0	0	0	0	1	-0	0	0
611	8	8	33	33	18	24	0.719183	0.32964	2.25677e-06	3.13797e-06
612	6	6	15	17	8	16	0.828316	0.18836	1.49904e-06	1.80974e-06
613	8	8	23	23	12	18	0.789591	0.23624	1.78029e-06	2.25469e-06
614	7	6	19	19	7	22	0.793327	0.23152	1.77819e-06	2.24143e-06
615	6	6	8	8	7	1	0.946163	0.05534	4.77542e-07	5.04714e-07
616	6	6	15	15	10	8	0.873716	0.135	1.11117e-06	1.27178e-06
617	8	8	17	19	10	14	0.826364	0.19072	1.50098e-06	1.81637e-06
618	4	4	16	17	13	4	0.880593	0.12716	1.03218e-06	1.17214e-06
619	7	7	22	22	12	32	0.739811	0.30136	2.17661e-06	2.94211e-06
620	7	7	13	13	7	16	0.849387	0.16324	1.34539e-06	1.58395e-06
621	6	6	11	12	4	29	0.799907	0.22326	1.77438e-06	2.21823e-06
622	3	3	9	9	4	9	0.90265	0.10242	8.90218e-07	9.86227e-07
623	7	7	10	11	5	16	0.860123	0.15068	1.26529e-06	1.47105e-06
624	1	0	0	0	0	0	1	-0	0	0
625	8	8	19	21	11	26	0.767605	0.26448	1.97034e-06	2.56686e-06
626	7	7	12	12	10	2	0.917998	0.08556	7.19378e-07	7.83638e-07
627	6	6	15	16	10	12	0.850713	0.16168	1.31075e-06	1.54076e-06
628	8	8	38	39	20	39	0.641581	0.44382	2.74189e-06	4.27365e-06
629	3	3	0	0	0	0	1	-0	0	0
630	12	11	32	34	21	24	0.71468	0.33592	2.28299e-06	3.19442e-06
631	7	7	3	3	2	1	0.976344	0.02394	2.17213e-07	2.22476e-07
632	4	4	12	13	7	8	0.884759	0.12244	1.02533e-06	1.15888e-06
633	6	6	12	13	8	11	0.871325	0.13774	1.14865e-06	1.31828e-06
634	8	8	18	21	10	21	0.787431	0.23898	1.81203e-06	2.3012e-06
635	8	8	18	19	17	2	0.878517	0.12952	1.03557e-06	1.17877e-06
636	8	7	31	33	18	34	0.683424	0.38064	2.50769e-06	3.6693e-06
637	8	7	30	31	21	15	0.762479	0.27118	1.94194e-06	2.54687e-06
638	5	4	4	4	4	0	0.975193	0.02512	2.20189e-07	2.2579e-07
639	7	7	22	23	16	10	0.822473	0.19544	1.50482e-06	1.82963e-06
640	8	8	9	9	5	6	0.916567	0.08712	7.57843e-07	8.26828e-07
641	4	4	14	14	8	12	0.861466	0.14912	1.23006e-06	1.42786e-06
642	8	8	10	10	7	4	0.920167	0.0832	7.14978e-07	7.77009e-07
643	3	3	4	4	3	1	0.970232	0.03022	2.70621e-07	2.78924e-07
644	8	8	15	15	11	5	0.887187	0.1197	9.86889e-07	1.11238e-06
645	4	4	14	14	12	2	0.90654	0.09812	8.12743e-07	8.96533e-07
646	8	7	17	17	10	10	0.854055	0.15776	1.27335e-06	1.49094e-06
647	4	4	13	15	7	21	0.817667	0.2013	1.60468e-06	1.96251e-06
648	2	2	8	9	5	5	0.921254	0.08202	7.12769e-07	7.73694e-07
649	6	5	0	0	0	0	1	-0	0	0
650	2	1	0	0	0	0	1	-0	0	0
651	7	7	7	7	5	3	0.942462	0.05926	5.22626e-07	5.54533e-07
652	4	4	18	18	10	14	0.83157	0.18444	1.4635e-06	1.75992e-06
653	8	8	12	12	11	1	0.922692	0.08046	6.7403e-07	7.30504e-07
654	8	8	9	10	6	5	0.915486	0.0883	7.59984e-07	8.30142e-07
655	6	6	15	15	10	5	0.887187	0.1197	9.86889e-07	1.11238e-06
656	8	8	21	21	17	5	0.854379	0.15738	1.23976e-06	1.45107e-06
657	8	7	15	17	12	8	0.862811	0.14756	1.19471e-06	1.38467e-06
658	9	9	19	20	14	9	0.8424	0.1715	1.35386e-06	1.60715e-06
659	4	4	4	7	3	5	0.932897	0.06946	6.16458e-07	6.60799e-07
660	6	6	14	14	10	6	0.888234	0.11852	9.8511e-07	1.10907e-06
661	7	5	4	4	3	1	0.970232	0.03022	2.70621e-07	2.78924e-07
662	8	8	21	22	11	21	0.782501	0.24526	1.84486e-06	2.35764e-06
663	8	8	10	10	9	1	0.934354	0.0679	5.77066e-07	6.17609e-07
664	8	8	12	13	7	13	0.862483	0.14794	1.22865e-06	1.42455e-06
665	5	5	11	11	11	0	0.933252	0.06908	5.79478e-07	6.20924e-07
666	4	4	25	26	14	20	0.766991	0.26528	1.94072e-06	2.5303e-06
667	4	3	18	18	11	11	0.844391	0.16914	1.35147e-06	1.60052e-06
668	5	5	9	9	8	1	0.94024	0.06162	5.27627e-07	5.61162e-07
669	8	8	34	34	16	35	0.675691	0.39202	2.55335e-06	3.77888e-06
670	8	8	8	8	7	1	0.946163	0.05534	4.77542e-07	5.04714e-07
671	5	5	17	18	12	13	0.835822	0.17934	1.42657e-06	1.70679e-06
672	6	6	14	15	8	11	0.86045	0.1503	1.23146e-06	1.43118e-06
673	4	4	12	12	10	2	0.917998	0.08556	7.19378e-07	7.83638e-07
674	5	5	8	9	7	3	0.930698	0.07182	6.21174e-07	6.67428e-07
675	7	6	17	17	11	7	0.867222	0.14246	1.15474e-06	1.33154e-06
676	3	3	4	5	3	2	0.959253	0.0416	3.72674e-07	3.88504e-07
677	5	4	7	7	7	0	0.956992	0.04396	3.78139e-07	3.95133e-07
678	8	8	9	9	6	4	0.925964	0.07692	6.67214e-07	7.20561e-07
679	8	8	22	23	13	15	0.801765	0.22094	1.67993e-06	2.09529e-06
680	7	7	19	20	12	15	0.817013	0.2021	1.57353e-06	1.92595e-06
681	5	5	15	15	8	18	0.830274	0.186	1.49708e-06	1.80311e-06
682	8	8	15	15	8	16	0.838786	0.1758	1.42329e-06	1.69685e-06
683	6	6	21	23	10	34	0.727719	0.31784	2.25944e-06	3.10482e-06
684	6	6	8	9	6	6	0.916567	0.08712	7.57843e-07	8.26828e-07
685	8	8	17	18	9	14	0.83157	0.18444	1.4635e-06	1.75992e-06
686	2	2	1	1	1	0	0.99374	0.00628	5.60942e-08	5.64476e-08
687	8	8	7	7	6	1	0.952124	0.04906	4.26805e-07	4.48266e-07
688	8	8	14	15	7	13	0.851718	0.1605	1.30947e-06	1.53745e-06
689	6	6	16	16	11	5	0.881632	0.12598	1.03048e-06	1.16883e-06
690	8	7	36	37	19	34	0.66647	0.40576	2.59596e-06	3.89509e-06
691	8	8	21	24	12	20	0.776685	0.25272	1.87756e-06	2.41741e-06
692	8	8	19	21	11	25	0.77153	0.25938	1.93942e-06	2.51373e-06
693	5	5	16	17	6	34	0.755663	0.28016	2.09027e-06	2.76614e-06
694	6	6	18	20	10	21	0.792391	0.2327	1.77872e-06	2.24475e-06
695	4	4	6	7	4	6	0.928152	0.07456	6.62638e-07	7.13932e-07
696	8	8	11	11	6	8	0.895942	0.10988	9.37145e-07	1.04599e-06
697	8	8	11	11	7	6	0.905127	0.09968	8.50568e-07	9.39723e-07
698	8	8	15	15	8	13	0.851718	0.1605	1.30947e-06	1.53745e-06
699	7	7	34	36	17	36	0.663863	0.40968	2.61888e-06	3.94491e-06
700	6	6	25	27	16	21	0.758312	0.27666	2.00186e-06	2.63988e-06
701	6	6	15	15	9	13	0.851718	0.1605	1.30947e-06	1.53745e-06
702	4	4	19	21	11	26	0.767605	0.26448	1.97034e-06	2.56686e-06
703	5	5	17	18	10	12	0.840095	0.17424	1.38923e-06	1.65366e-06
704	2	2	1	1	1	0	0.99374	0.00628	5.60942e-08	5.64476e-08
705	4	4	9	11	2	27	0.813199	0.20678	1.67155e-06	2.05552e-06
706	8	8	28	30	18	16	0.763379	0.27	1.9417e-06	2.54356e-06
707	7	7	9	9	4	9	0.90265	0.10242	8.90218e-07	9.86227e-07
708	8	6	10	11	7	4	0.914407	0.08948	7.62118e-07	8.33456e-07
709	7	7	25	25	8	64	0.616683	0.4834	2.9673e-06	4.81171e-06
710	8	8	26	27	18	13	0.789891	0.23586	1.74946e-06	2.21482e-06
711	5	5	4	4	4	0	0.975193	0.02512	2.20189e-07	2.2579e-07
712	8	7	5	6	5	1	0.958122	0.04278	3.7541e-07	3.91819e-07
713	5	5	7	7	7	0	0.956992	0.04396	3.78139e-07	3.95133e-07
714	8	7	24	25	10	33	0.722311	0.3253	2.28581e-06	3.16459e-06
715	7	6	13	13	7	12	0.866893	0.14284	1.18887e-06	1.37142e-06
716	8	8	7	7	5	2	0.947281	0.05416	4.74966e-07	5.014e-07
717	7	7	27	28	11	64	0.605174	0.50224	3.0144e-06	4.98106e-06
718	8	8	28	32	11	59	0.605404	0.50186	2.99141e-06	4.94118e-06
719	7	7	8	8	5	3	0.936562	0.06554	5.72221e-07	6.1098e-07
720	8	8	19	21	11	18	0.799571	0.22368	1.71252e-06	2.1418e-06
721	10	9	15	17	13	10	0.854055	0.15776	1.27335e-06	1.49094e-06
722	8	8	10	10	8	2	0.929601	0.073	6.23523e-07	6.70742e-07
723	6	6	7	7	6	1	0.952124	0.04906	4.26805e-07	4.48266e-07
724	2	2	5	7	3	7	0.92343	0.07966	7.08332e-07	7.67066e-07
725	8	8	13	13	7	13	0.862483	0.14794	1.22865e-06	1.42455e-06
726	8	8	22	23	12	25	0.7619	0.27194	2.00123e-06	2.62662e-06
727	5	5	13	13	8	9	0.880258	0.12754	1.06689e-06	1.21202e-06
728	7	6	31	31	14	50	0.637832	0.44968	2.81063e-06	4.40654e-06
729	6	6	24	25	12	26	0.748563	0.2896	2.09048e-06	2.79265e-06
730	4	4	8	8	5	4	0.931797	0.07064	6.18819e-07	6.64114e-07
731	4	4	7	7	5	2	0.947281	0.05416	4.74966e-07	5.014e-07
732	8	8	20	21	11	18	0.799571	0.22368	1.71252e-06	2.1418e-06
733	5	5	14	14	6	16	0.84407	0.16952	1.38461e-06	1.6404e-06
734	8	8	9	9	6	6	0.916567	0.08712	7.57843e-07	8.26828e-07
735	8	8	30	32	20	18	0.746201	0.29276	2.06155e-06	2.76272e-06
736	7	6	25	27	17	26	0.73922	0.30216	2.14784e-06	2.90555e-06
737	7	7	8	9	6	3	0.930698	0.07182	6.21174e-07	6.67428e-07
738	3	3	10	10	6	6	0.910829	0.0934	8.04513e-07	8.83275e-07
739	8	8	16	16	9	12	0.850713	0.16168	1.31075e-06	1.54076e-06
740	6	6	10	10	9	1	0.934354	0.0679	5.77066e-07	6.17609e-07
741	8	8	9	11	9	3	0.919082	0.08438	7.17181e-07	7.80323e-07
742	5	5	14	15	6	14	0.847385	0.1656	1.34783e-06	1.59058e-06
743	6	6	5	5	5	0	0.969088	0.0314	2.73513e-07	2.82238e-07
744	4	4	6	6	3	4	0.943574	0.05808	5.20116e-07	5.51218e-07
745	2	2	1	1	1	0	0.99374	0.00628	5.60942e-08	5.64476e-08
746	3	3	8	8	4	10	0.903716	0.10124	8.88274e-07	9.82913e-07
747	6	5	18	18	11	11	0.844391	0.16914	1.35147e-06	1.60052e-06
748	8	8	30	31	16	29	0.709936	0.34258	2.33621e-06	3.29074e-06
749	8	8	28	31	14	42	0.664394	0.40888	2.64526e-06	3.98147e-06
750	10	10	43	44	22	36	0.631334	0.45992	2.77565e-06	4.39649e-06
751	4	4	16	16	8	12	0.850713	0.16168	1.31075e-06	1.54076e-06
752	6	6	16	17	8	16	0.828316	0.18836	1.49904e-06	1.80974e-06
753	8	8	15	16	9	11	0.855063	0.15658	1.27201e-06	1.48763e-06
754	5	5	6	6	3	6	0.933999	0.06828	6.1409e-07	6.57485e-07
755	7	7	29	30	16	25	0.729132	0.3159	2.20326e-06	3.02176e-06
756	7	7	8	8	7	1	0.946163	0.05534	4.77542e-07	5.04714e-07
757	3	3	9	9	4	11	0.89349	0.11262	9.76132e-07	1.09249e-06
758	4	4	11	12	7	7	0.894885	0.11106	9.39006e-07	1.0493e-06
759	8	8	19	20	12	18	0.804608	0.2174	1.67789e-06	2.08535e-06
760	8	8	12	12	10	2	0.917998	0.08556	7.19378e-07	7.83638e-07
761	8	8	31	34	19	33	0.682618	0.38182	2.50699e-06	3.67261e-06
762	8	8	15	15	9	10	0.864849	0.1452	1.1918e-06	1.37805e-06
763	5	5	5	5	2	4	0.949519	0.0518	4.69794e-07	4.94771e-07
764	8	8	23	24	16	14	0.800819	0.22212	1.68061e-06	2.09861e-06
765	4	2	11	12	9	4	0.908682	0.09576	8.0864e-07	8.89904e-07
766	8	8	23	23	15	9	0.826678	0.19034	1.46859e-06	1.77649e-06
767	7	7	9	9	6	3	0.930698	0.07182	6.21174e-07	6.67428e-07
768	8	8	20	20	9	21	0.792391	0.2327	1.77872e-06	2.24475e-06
769	6	6	19	20	8	22	0.78836	0.2378	1.81156e-06	2.29788e-06
770	9	9	19	19	13	8	0.852042	0.16012	1.27599e-06	1.49757e-06
771	7	5	9	9	5	6	0.916567	0.08712	7.57843e-07	8.26828e-07
772	4	4	19	20	12	18	0.804608	0.2174	1.67789e-06	2.08535e-06
773	7	7	19	21	11	23	0.77944	0.24918	1.87647e-06	2.40746e-06
774	6	6	8	8	4	5	0.927057	0.07574	6.64929e-07	7.17247e-07
775	5	5	4	4	3	1	0.970232	0.03022	2.70621e-07	2.78924e-07
776	6	6	5	5	5	0	0.969088	0.0314	2.73513e-07	2.82238e-07
777	12	12	23	24	18	10	0.817324	0.20172	1.54153e-06	1.88607e-06
778	8	8	21	21	18	3	0.863139	0.14718	1.16075e-06	1.3448e-06
779	8	8	36	38	17	61	0.5771	0.54974	3.10834e-06	5.38613e-06
780	6	6	21	23	10	19	0.785574	0.24134	1.81297e-06	2.30783e-06
781	2	2	1	1	1	0	0.99374	0.00628	5.60942e-08	5.64476e-08
782	8	8	19	21	9	28	0.759815	0.27468	2.03108e-06	2.67313e-06
783	7	7	2	5	1	10	0.920904	0.0824	7.49219e-07	8.1357e-07
784	7	5	9	9	5	7	0.911905	0.09222	8.0244e-07	8.79961e-07
785	2	2	2	2	2	0	0.987519	0.01256	1.11486e-07	1.12895e-07
786	9	9	15	17	10	14	0.836809	0.17816	1.42548e-06	1.70347e-06
787	7	7	30	30	18	21	0.744159	0.2955	2.09051e-06	2.80923e-06
788	8	8	5	5	3	3	0.954374	0.0467	4.21487e-07	4.41638e-07
789	5	5	7	7	6	1	0.952124	0.04906	4.26805e-07	4.48266e-07
790	5	5	8	8	7	1	0.946163	0.05534	4.77542e-07	5.04714e-07
791	8	8	22	22	13	14	0.810941	0.20956	1.6103e-06	1.98571e-06
792	5	5	13	13	8	8	0.884759	0.12244	1.02533e-06	1.15888e-06
793	9	9	12	12	8	5	0.90406	0.10086	8.52562e-07	9.43037e-07
794	6	6	9	10	7	4	0.920167	0.0832	7.14978e-07	7.77009e-07
795	5	5	5	5	3	3	0.954374	0.0467	4.21487e-07	4.41638e-07
796	8	8	39	45	17	63	0.546675	0.6039	3.21857e-06	5.88753e-06
797	8	8	15	16	13	4	0.88614	0.12088	9.88662e-07	1.11569e-06
798	5	5	11	12	4	21	0.833218	0.18246	1.4941e-06	1.79317e-06
799	7	7	26	26	14	20	0.766991	0.26528	1.94072e-06	2.5303e-06
800	3	3	2	2	2	0	0.987519	0.01256	1.11486e-07	1.12895e-07
801	5	4	8	8	6	2	0.94135	0.06044	5.2513e-07	5.57847e-07
802	6	6	26	27	11	51	0.65073	0.42966	2.75511e-06	4.23388e-06
803	7	7	11	11	9	2	0.923781	0.07928	6.71764e-07	7.2719e-07
804	5	5	1	1	1	0	0.99374	0.00628	5.60942e-08	5.64476e-08
805	8	8	29	31	13	39	0.674637	0.39358	2.57851e-06	3.82207e-06
806	3	3	4	4	2	3	0.960386	0.04042	3.69931e-07	3.8519e-07
807	7	7	7	7	7	0	0.956992	0.04396	3.78139e-07	3.95133e-07
808	4	4	2	2	2	0	0.987519	0.01256	1.11486e-07	1.12895e-07
809	5	5	8	8	5	4	0.931797	0.07064	6.18819e-07	6.64114e-07
810	5	5	12	13	9	5	0.8984	0.10714	8.97937e-07	9.99485e-07
811	7	7	8	8	6	3	0.936562	0.06554	5.72221e-07	6.1098e-07
812	4	4	5	5	3	2	0.959253	0.0416	3.72674e-07	3.88504e-07
813	8	8	17	19	9	26	0.777307	0.25192	1.90749e-06	2.45397e-06
814	8	8	12	12	7	6	0.899461	0.10596	8.96016e-07	9.9617e-07
815	4	4	4	4	3	1	0.970232	0.03022	2.70621e-07	2.78924e-07
816	8	8	31	33	20	16	0.749132	0.28884	2.03232e-06	2.7129e-06
817	8	8	38	40	16	61	0.569897	0.5623	3.13388e-06	5.49903e-06
818	10	10	24	25	14	24	0.756237	0.2794	2.03155e-06	2.68639e-06
819	3	3	1	1	1	0	0.99374	0.00628	5.60942e-08	5.64476e-08
820	8	7	17	18	12	9	0.853048	0.15894	1.27467e-06	1.49426e-06
821	8	8	26	28	14	37	0.694516	0.36454	2.46307e-06	3.54646e-06
822	8	8	11	11	9	2	0.923781	0.07928	6.71764e-07	7.2719e-07
823	7	7	15	16	7	37	0.748877	0.28918	2.1486e-06	2.86909e-06
824	8	8	23	23	14	10	0.822473	0.19544	1.50482e-06	1.82963e-06
825	6	4	13	18	10	12	0.840095	0.17424	1.38923e-06	1.65366e-06
826	8	8	14	14	10	5	0.892776	0.11342	9.42711e-07	1.05593e-06
827	7	7	12	12	7	6	0.899461	0.10596	8.96016e-07	9.9617e-07
828	7	7	8	9	6	4	0.925964	0.07692	6.67214e-07	7.20561e-07
829	7	7	25	27	13	27	0.735459	0.30726	2.17599e-06	2.95868e-06
830	8	8	17	18	12	6	0.8662	0.14364	1.15625e-06	1.33486e-06
831	6	6	14	15	8	14	0.847385	0.1656	1.34783e-06	1.59058e-06
832	7	6	4	4	4	0	0.975193	0.02512	2.20189e-07	2.2579e-07
833	3	3	8	9	7	2	0.935457	0.06672	5.74646e-07	6.14295e-07
834	8	8	22	23	15	9	0.826678	0.19034	1.46859e-06	1.77649e-06
835	3	3	11	12	6	13	0.867916	0.14166	1.1874e-06	1.3681e-06
836	6	6	10	10	6	5	0.915486	0.0883	7.59984e-07	8.30142e-07
837	3	3	1	1	1	0	0.99374	0.00628	5.60942e-08	5.64476e-08
838	2	2	0	0	0	0	1	-0	0	0
839	2	2	2	2	2	0	0.987519	0.01256	1.11486e-07	1.12895e-07
840	8	8	7	7	6	1	0.952124	0.04906	4.26805e-07	4.48266e-07
841	10	10	26	27	18	13	0.789891	0.23586	1.74946e-06	2.21482e-06
842	6	6	19	24	9	27	0.749447	0.28842	2.09046e-06	2.78934e-06
843	7	7	11	11	7	7	0.900523	0.10478	8.94089e-07	9.92856e-07
844	7	7	3	3	2	1	0.976344	0.02394	2.17213e-07	2.22476e-07
845	9	8	16	19	11	15	0.82216	0.19582	1.53703e-06	1.8695e-06
846	8	7	19	20	15	8	0.846707	0.1664	1.3158e-06	1.55402e-06
847	8	8	6	7	4	4	0.937667	0.06436	5.69789e-07	6.07666e-07
848	8	8	27	29	17	22	0.745038	0.29432	2.09051e-06	2.80591e-06
849	10	10	14	15	9	10	0.864849	0.1452	1.1918e-06	1.37805e-06
850	6	6	10	10	7	6	0.910829	0.0934	8.04513e-07	8.83275e-07
851	5	5	5	5	4	1	0.964158	0.0365	3.23351e-07	3.35371e-07
852	5	5	5	5	3	3	0.954374	0.0467	4.21487e-07	4.41638e-07
853	6	6	18	18	11	9	0.853048	0.15894	1.27467e-06	1.49426e-06
854	5	5	11	11	8	4	0.914407	0.08948	7.62118e-07	8.33456e-07
855	7	7	19	21	9	29	0.75595	0.27978	2.06092e-06	2.72626e-06
856	8	8	3	3	3	0	0.981336	0.01884	1.66182e-07	1.69343e-07
857	4	4	1	1	1	0	0.99374	0.00628	5.60942e-08	5.64476e-08
858	0	0	0	0	0	0	1	-0	0	0
859	7	6	11	12	8	7	0.894885	0.11106	9.39006e-07	1.0493e-06
860	4	4	0	0	0	0	1	-0	0	0
861	7	7	25	26	14	27	0.740093	0.30098	2.14792e-06	2.90223e-06
862	7	6	13	13	13	0	0.921604	0.08164	6.7629e-07	7.33819e-07
863	7	7	9	11	6	7	0.900523	0.10478	8.94089e-07	9.92856e-07
864	3	3	7	9	5	7	0.911905	0.09222	8.0244e-07	8.79961e-07
865	5	5	9	9	7	3	0.930698	0.07182	6.21174e-07	6.67428e-07
866	4	4	2	2	2	0	0.987519	0.01256	1.11486e-07	1.12895e-07
867	6	6	8	8	4	7	0.917649	0.08594	7.55696e-07	8.23513e-07
868	9	9	57	59	29	93	0.429635	0.84482	3.55385e-06	8.2718e-06
869	8	8	36	39	19	37	0.648159	0.43362	2.70113e-06	4.16738e-06
870	8	8	19	21	12	16	0.807768	0.21348	1.64424e-06	2.03553e-06
871	4	4	10	10	5	8	0.901586	0.1036	8.92157e-07	9.89542e-07
872	8	8	21	21	12	11	0.828631	0.18798	1.46657e-06	1.76986e-06
873	8	8	21	23	11	22	0.773647	0.25664	1.90876e-06	2.46723e-06
874	10	10	37	38	21	32	0.669088	0.40184	2.57282e-06	3.84527e-06
875	7	6	13	13	8	6	0.89383	0.11224	9.40861e-07	1.05262e-06
876	2	2	6	6	4	2	0.953248	0.04788	4.2415e-07	4.44952e-07
877	8	7	25	26	19	8	0.815397	0.20408	1.5433e-06	1.8927e-06
878	8	8	19	19	16	4	0.869602	0.13972	1.11747e-06	1.28504e-06
879	7	7	19	19	15	5	0.865178	0.14482	1.15776e-06	1.33817e-06
880	8	8	23	23	17	9	0.826678	0.19034	1.46859e-06	1.77649e-06
881	8	8	3	3	2	1	0.976344	0.02394	2.17213e-07	2.22476e-07
882	8	8	19	20	15	6	0.855388	0.1562	1.23839e-06	1.44775e-06
883	7	7	18	20	10	15	0.817013	0.2021	1.57353e-06	1.92595e-06
884	8	7	18	18	11	9	0.853048	0.15894	1.27467e-06	1.49426e-06
885	3	3	7	7	4	6	0.928152	0.07456	6.62638e-07	7.13932e-07
886	8	7	15	15	12	4	0.891723	0.1146	9.44554e-07	1.05925e-06
887	5	5	10	11	7	7	0.900523	0.10478	8.94089e-07	9.92856e-07
888	7	7	34	34	14	66	0.576881	0.55012	3.13016e-06	5.42601e-06
889	5	5	16	16	7	16	0.833535	0.18208	1.46143e-06	1.75329e-06
890	5	5	22	23	12	23	0.769711	0.26174	1.93995e-06	2.52036e-06
891	7	7	26	27	15	22	0.754455	0.28176	2.03176e-06	2.69302e-06
892	8	7	8	8	7	1	0.946163	0.05534	4.77542e-07	5.04714e-07
893	5	4	7	7	5	3	0.942462	0.05926	5.22626e-07	5.54533e-07
894	6	6	10	10	5	9	0.896999	0.1087	9.35279e-07	1.04267e-06
895	3	3	6	6	3	6	0.933999	0.06828	6.1409e-07	6.57485e-07
896	8	7	8	8	7	1	0.946163	0.05534	4.77542e-07	5.04714e-07
897	8	8	9	10	5	11	0.887897	0.1189	1.02014e-06	1.14894e-06
898	10	10	30	30	22	9	0.791124	0.2343	1.71803e-06	2.17163e-06
899	7	6	10	11	6	11	0.882338	0.12518	1.06356e-06	1.20539e-06
900	7	7	20	22	11	23	0.77456	0.25546	1.90845e-06	2.46391e-06
901	9	9	37	38	21	48	0.616658	0.48344	2.89546e-06	4.6954e-06
902	8	8	12	14	6	14	0.852723	0.15932	1.30819e-06	1.53413e-06
903	7	7	25	27	17	19	0.766087	0.26646	1.94097e-06	2.53362e-06
904	6	5	12	12	7	11	0.876814	0.13146	1.1064e-06	1.26184e-06
905	8	8	11	12	8	7	0.894885	0.11106	9.39006e-07	1.0493e-06
906	10	9	29	29	16	24	0.737477	0.30452	2.14766e-06	2.91218e-06
907	7	7	12	12	8	7	0.894885	0.11106	9.39006e-07	1.0493e-06
908	7	7	16	19	7	35	0.742435	0.29782	2.17694e-06	2.93217e-06
909	8	8	20	20	15	6	0.855388	0.1562	1.23839e-06	1.44775e-06
910	8	8	35	37	16	42	0.639825	0.44656	2.76415e-06	4.32016e-06
911	7	7	15	18	9	24	0.790223	0.23544	1.8106e-06	2.29125e-06
912	6	6	6	6	4	2	0.953248	0.04788	4.2415e-07	4.44952e-07
913	8	8	6	6	6	0	0.963021	0.03768	3.26161e-07	3.38686e-07
914	3	3	0	0	0	0	1	-0	0	0
915	7	7	21	22	13	31	0.743594	0.29626	2.14823e-06	2.88898e-06
916	5	5	16	16	7	37	0.748877	0.28918	2.1486e-06	2.86909e-06
917	7	7	13	13	11	2	0.912251	0.09184	7.66369e-07	8.40085e-07
918	4	4	8	8	5	4	0.931797	0.07064	6.18819e-07	6.64114e-07
919	1	1	8	8	4	6	0.922341	0.08084	7.10553e-07	7.7038e-07
920	8	8	13	14	10	6	0.888234	0.11852	9.8511e-07	1.10907e-06
921	6	6	12	14	6	13	0.857083	0.15422	1.26934e-06	1.481e-06
922	5	5	6	6	5	1	0.958122	0.04278	3.7541e-07	3.91819e-07
923	6	5	16	17	10	12	0.845388	0.16796	1.35026e-06	1.59721e-06
924	8	8	20	23	13	17	0.793628	0.23114	1.74722e-06	2.20156e-06
925	8	8	10	11	6	7	0.900523	0.10478	8.94089e-07	9.92856e-07
926	8	8	10	10	7	4	0.920167	0.0832	7.14978e-07	7.77009e-07
927	7	7	13	13	7	10	0.87578	0.13264	1.10799e-06	1.26515e-06
928	3	3	6	6	4	3	0.948399	0.05298	4.72383e-07	4.98085e-07
929	8	8	7	7	4	6	0.928152	0.07456	6.62638e-07	7.13932e-07
930	8	8	9	9	8	1	0.94024	0.06162	5.27627e-07	5.61162e-07
931	7	7	10	12	8	5	0.90406	0.10086	8.52562e-07	9.43037e-07
932	8	7	15	15	13	2	0.900865	0.1044	8.58507e-07	9.5298e-07
933	6	6	34	35	12	94	0.496983	0.6992	3.46406e-06	6.97019e-06
934	8	8	32	32	18	25	0.720032	0.32846	2.25705e-06	3.13465e-06
935	7	6	9	10	7	4	0.920167	0.0832	7.14978e-07	7.77009e-07
936	8	8	8	8	6	3	0.936562	0.06554	5.72221e-07	6.1098e-07
937	4	4	9	11	3	24	0.825736	0.19148	1.5657e-06	1.89612e-06
938	9	9	41	42	21	54	0.583238	0.53916	3.05616e-06	5.23999e-06
939	7	7	14	15	8	10	0.864849	0.1452	1.1918e-06	1.37805e-06
940	7	7	8	8	6	2	0.94135	0.06044	5.2513e-07	5.57847e-07
941	7	7	9	10	6	5	0.915486	0.0883	7.59984e-07	8.30142e-07
942	4	4	9	9	8	1	0.94024	0.06162	5.27627e-07	5.61162e-07
943	5	4	2	2	2	0	0.987519	0.01256	1.11486e-07	1.12895e-07
944	6	6	28	28	16	19	0.761291	0.27274	1.97179e-06	2.59006e-06
945	6	6	14	16	9	8	0.868246	0.14128	1.15323e-06	1.32823e-06
946	2	2	0	0	0	0	1	-0	0	0
947	7	7	34	35	22	21	0.721156	0.3269	2.22943e-06	3.09146e-06
948	9	9	25	25	11	31	0.729716	0.3151	2.2317e-06	3.05832e-06
949	5	5	24	25	10	43	0.686396	0.3763	2.53686e-06	3.69592e-06
950	6	6	9	9	6	4	0.925964	0.07692	6.67214e-07	7.20561e-07
951	7	6	19	20	15	8	0.846707	0.1664	1.3158e-06	1.55402e-06
952	5	5	13	15	8	16	0.838786	0.1758	1.42329e-06	1.69685e-06
953	8	8	36	37	19	40	0.646385	0.43636	2.72379e-06	4.21389e-06
954	10	10	29	30	21	15	0.767283	0.2649	1.91086e-06	2.49043e-06
955	5	4	17	17	10	14	0.836809	0.17816	1.42548e-06	1.70347e-06
956	4	4	14	15	11	4	0.891723	0.1146	9.44554e-07	1.05925e-06
957	4	4	26	26	15	25	0.74768	0.29078	2.09049e-06	2.79597e-06
958	8	8	17	17	10	9	0.858422	0.15266	1.23425e-06	1.43781e-06
959	9	9	16	17	10	10	0.854055	0.15776	1.27335e-06	1.49094e-06
960	8	8	21	22	14	11	0.823444	0.19426	1.50387e-06	1.82631e-06
961	6	5	6	6	5	1	0.958122	0.04278	3.7541e-07	3.91819e-07
962	9	9	17	18	10	13	0.835822	0.17934	1.42657e-06	1.70679e-06
963	6	6	11	11	10	1	0.928505	0.07418	6.25865e-07	6.74057e-07
964	5	5	27	28	13	36	0.698067	0.35944	2.43858e-06	3.49333e-06
965	8	8	32	36	17	41	0.647148	0.43518	2.72487e-06	4.21057e-06
966	4	4	16	18	5	51	0.688569	0.37314	2.5655e-06	3.72585e-06
967	8	8	10	11	7	5	0.909755	0.09458	8.06579e-07	8.8659e-07
968	7	7	14	14	10	7	0.883716	0.12362	1.02705e-06	1.1622e-06
969	9	8	33	34	20	25	0.711045	0.34102	2.30915e-06	3.24755e-06
970	6	6	9	9	6	3	0.930698	0.07182	6.21174e-07	6.67428e-07
971	4	4	19	20	9	20	0.796443	0.2276	1.7455e-06	2.19162e-06
972	7	7	14	14	11	4	0.89734	0.10832	8.99852e-07	1.0028e-06
973	4	4	15	15	5	31	0.777012	0.2523	1.93775e-06	2.49384e-06
974	8	8	12	13	10	3	0.90761	0.09694	8.10694e-07	8.93218e-07
975	10	9	25	28	14	37	0.694516	0.36454	2.46307e-06	3.54646e-06
976	8	8	14	15	13	2	0.900865	0.1044	8.58507e-07	9.5298e-07
977	10	10	21	22	11	18	0.794565	0.22996	1.74665e-06	2.19824e-06
978	5	5	18	18	11	9	0.853048	0.15894	1.27467e-06	1.49426e-06
979	8	7	6	6	6	0	0.963021	0.03768	3.26161e-07	3.38686e-07
980	3	3	9	9	5	4	0.925964	0.07692	6.67214e-07	7.20561e-07
981	8	8	17	17	12	6	0.871656	0.13736	1.11433e-06	1.27841e-06
982	8	8	8	8	7	1	0.946163	0.05534	4.77542e-07	5.04714e-07
983	10	10	22	22	13	17	0.798628	0.22486	1.71315e-06	2.14511e-06
984	5	5	13	13	6	28	0.798964	0.22444	1.77494e-06	2.22155e-06
985	6	6	6	6	4	2	0.953248	0.04788	4.2415e-07	4.44952e-07
986	6	6	8	8	6	2	0.94135	0.06044	5.2513e-07	5.57847e-07
987	8	8	16	16	11	6	0.877148	0.13108	1.07184e-06	1.22196e-06
988	4	4	4	4	3	1	0.970232	0.03022	2.70621e-07	2.78924e-07
989	6	5	11	11	8	4	0.914407	0.08948	7.62118e-07	8.33456e-07
990	5	5	21	22	10	29	0.751218	0.28606	2.09042e-06	2.78271e-06
991	8	8	7	8	6	2	0.94135	0.06044	5.2513e-07	5.57847e-07
992	8	7	34	37	14	53	0.604919	0.50266	2.9669e-06	4.90462e-06
993	5	5	22	22	13	12	0.819255	0.19936	1.53975e-06	1.87945e-06
994	8	8	17	17	11	12	0.845388	0.16796	1.35026e-06	1.59721e-06
995	6	6	6	6	5	1	0.958122	0.04278	3.7541e-07	3.91819e-07
996	7	7	21	22	9	27	0.758919	0.27586	2.0312e-06	2.67644e-06
997	8	8	16	16	10	9	0.863829	0.14638	1.19326e-06	1.38136e-06
998	6	6	13	13	6	22	0.82379	0.19384	1.56747e-06	1.90275e-06
999	4	4	9	9	5	7	0.911905	0.09222	8.0244e-07	8.79961e-07
1000	4	4	5	5	4	1	0.964158	0.0365	3.23351e-07	3.35371e-07