Hist	Tr_Tot	Tr_in	DSBs	DSBt	RIFs	NComb	PSurv	lPSurv	PMut*	PMut
1	21	21	34	36	30	6	0.773616	0.25668	1.8187e-06	2.35091e-06
2	11	11	9	9	9	0	0.945048	0.05652	4.80111e-07	5.08028e-07
3	26	26	31	31	24	9	0.786172	0.24058	1.75165e-06	2.22807e-06
4	14	14	11	11	10	1	0.928505	0.07418	6.25865e-07	6.74057e-07
5	15	14	16	17	8	20	0.81159	0.20876	1.64126e-06	2.02227e-06
6	18	18	15	15	12	6	0.882673	0.1248	1.02877e-06	1.16551e-06
7	17	16	23	23	18	7	0.835153	0.18014	1.3949e-06	1.67023e-06
8	18	18	18	18	14	10	0.848708	0.16404	1.31328e-06	1.54739e-06
9	13	12	12	13	9	10	0.87578	0.13264	1.10799e-06	1.26515e-06
10	23	23	14	15	11	4	0.891723	0.1146	9.44554e-07	1.05925e-06
11	12	12	8	8	5	3	0.936562	0.06554	5.72221e-07	6.1098e-07
12	13	13	5	6	5	1	0.958122	0.04278	3.7541e-07	3.91819e-07
13	14	14	14	14	13	1	0.911175	0.09302	7.68485e-07	8.434e-07
14	13	12	18	19	12	17	0.813817	0.20602	1.60791e-06	1.97577e-06
15	16	16	13	13	10	6	0.89383	0.11224	9.40861e-07	1.05262e-06
16	17	14	17	17	11	8	0.862811	0.14756	1.19471e-06	1.38467e-06
17	19	19	33	34	26	8	0.775444	0.25432	1.81786e-06	2.34428e-06
18	14	14	13	13	10	4	0.902993	0.10204	8.54549e-07	9.46352e-07
19	22	21	20	20	16	5	0.859762	0.1511	1.19904e-06	1.39462e-06
20	12	12	12	13	9	6	0.89383	0.11224	9.40861e-07	1.05262e-06
21	16	16	33	34	22	26	0.707428	0.34612	2.33499e-06	3.30068e-06
22	15	15	22	23	13	16	0.797686	0.22604	1.71377e-06	2.14843e-06
23	15	15	15	16	13	3	0.890671	0.11578	9.46393e-07	1.06256e-06
24	17	17	10	10	10	0	0.939131	0.0628	5.30117e-07	5.64476e-07
25	23	22	14	14	11	3	0.901929	0.10322	8.56531e-07	9.49666e-07
26	19	18	19	20	16	4	0.864158	0.146	1.15925e-06	1.34148e-06
27	9	8	11	11	9	2	0.923781	0.07928	6.71764e-07	7.2719e-07
28	23	23	36	36	24	16	0.735151	0.30768	2.11888e-06	2.88224e-06
29	13	12	11	12	7	9	0.885804	0.12126	1.02361e-06	1.15557e-06
30	17	17	11	12	10	2	0.917998	0.08556	7.19378e-07	7.83638e-07
31	15	15	16	16	11	5	0.881632	0.12598	1.03048e-06	1.16883e-06
32	16	16	11	11	10	1	0.928505	0.07418	6.25865e-07	6.74057e-07
33	15	15	12	12	10	2	0.917998	0.08556	7.19378e-07	7.83638e-07
34	21	19	29	30	22	10	0.7871	0.2394	1.75111e-06	2.22476e-06
35	19	19	21	22	11	20	0.786502	0.24016	1.8125e-06	2.30451e-06
36	12	11	7	7	5	3	0.942462	0.05926	5.22626e-07	5.54533e-07
37	17	17	25	27	15	20	0.76219	0.27156	1.97159e-06	2.58675e-06
38	13	13	12	12	12	0	0.92741	0.07536	6.28201e-07	6.77371e-07
39	20	19	17	17	14	3	0.885095	0.12206	9.90429e-07	1.11901e-06
40	15	15	30	33	23	12	0.764571	0.26844	1.91171e-06	2.50037e-06
41	19	19	32	35	24	15	0.743564	0.2963	2.06165e-06	2.77266e-06
42	17	17	22	22	14	13	0.815087	0.20446	1.57522e-06	1.93258e-06
43	27	25	31	31	26	5	0.802374	0.22018	1.61722e-06	2.01554e-06
44	20	19	24	24	20	5	0.838434	0.17622	1.3586e-06	1.62041e-06
45	15	15	14	15	12	4	0.891723	0.1146	9.44554e-07	1.05925e-06
46	24	23	17	17	14	4	0.880593	0.12716	1.03218e-06	1.17214e-06
47	13	13	6	7	4	4	0.937667	0.06436	5.69789e-07	6.07666e-07
48	23	23	17	17	15	2	0.889621	0.11696	9.48225e-07	1.06588e-06
49	16	15	10	11	9	2	0.923781	0.07928	6.71764e-07	7.2719e-07
50	23	23	21	21	15	7	0.845709	0.16758	1.31705e-06	1.55733e-06
51	18	17	29	30	17	20	0.747964	0.2904	2.06146e-06	2.75609e-06
52	20	20	24	25	16	12	0.803965	0.2182	1.64715e-06	2.04879e-06
53	20	19	25	26	19	8	0.815397	0.20408	1.5433e-06	1.8927e-06
54	11	10	6	6	6	0	0.963021	0.03768	3.26161e-07	3.38686e-07
55	25	25	25	25	16	13	0.799875	0.2233	1.68127e-06	2.10192e-06
56	14	14	31	31	22	11	0.778194	0.25078	1.81657e-06	2.33434e-06
57	14	14	23	23	19	4	0.848029	0.16484	1.28123e-06	1.51083e-06
58	16	16	15	15	12	4	0.891723	0.1146	9.44554e-07	1.05925e-06
59	13	12	19	22	14	9	0.831886	0.18406	1.43088e-06	1.72005e-06
60	11	10	6	7	4	4	0.937667	0.06436	5.69789e-07	6.07666e-07
61	12	12	8	8	8	0	0.951001	0.05024	4.29454e-07	4.51581e-07
62	15	15	26	27	20	8	0.810292	0.21036	1.57938e-06	1.94915e-06
63	19	18	15	15	13	3	0.896282	0.1095	9.01762e-07	1.00611e-06
64	15	15	13	13	12	1	0.916915	0.08674	7.21568e-07	7.86952e-07
65	14	14	18	18	13	6	0.8662	0.14364	1.15625e-06	1.33486e-06
66	21	21	16	16	12	6	0.877148	0.13108	1.07184e-06	1.22196e-06
67	16	16	20	21	14	11	0.828631	0.18798	1.46657e-06	1.76986e-06
68	7	7	7	7	5	3	0.942462	0.05926	5.22626e-07	5.54533e-07
69	18	18	15	15	11	5	0.887187	0.1197	9.86889e-07	1.11238e-06
70	10	8	10	11	6	8	0.895942	0.10988	9.37145e-07	1.04599e-06
71	21	20	36	37	24	19	0.719456	0.32926	2.22894e-06	3.09809e-06
72	12	12	15	15	10	6	0.882673	0.1248	1.02877e-06	1.16551e-06
73	16	16	10	10	7	3	0.924872	0.0781	6.69492e-07	7.23876e-07
74	14	13	9	10	8	3	0.924872	0.0781	6.69492e-07	7.23876e-07
75	15	15	27	28	18	16	0.773028	0.25744	1.87897e-06	2.43066e-06
76	17	16	12	13	10	4	0.902993	0.10204	8.54549e-07	9.46352e-07
77	27	27	31	34	23	18	0.736888	0.30532	2.11901e-06	2.87562e-06
78	19	18	11	11	10	1	0.928505	0.07418	6.25865e-07	6.74057e-07
79	11	11	28	28	19	14	0.780953	0.24724	1.81525e-06	2.3244e-06
80	22	21	19	19	16	3	0.874048	0.13462	1.07674e-06	1.2319e-06
81	12	11	7	7	5	3	0.942462	0.05926	5.22626e-07	5.54533e-07
82	20	20	21	21	18	3	0.863139	0.14718	1.16075e-06	1.3448e-06
83	15	15	16	17	13	5	0.876113	0.13226	1.07348e-06	1.22528e-06
84	9	9	4	4	4	0	0.975193	0.02512	2.20189e-07	2.2579e-07
85	17	17	20	21	15	7	0.845709	0.16758	1.31705e-06	1.55733e-06
86	14	12	10	10	9	1	0.934354	0.0679	5.77066e-07	6.17609e-07
87	17	16	12	12	9	3	0.913328	0.09066	7.64246e-07	8.36771e-07
88	14	14	21	21	21	0	0.876446	0.13188	1.03894e-06	1.1854e-06
89	15	14	11	11	9	2	0.923781	0.07928	6.71764e-07	7.2719e-07
90	13	13	20	20	14	7	0.851037	0.1613	1.27731e-06	1.50088e-06
91	21	19	20	21	14	10	0.832868	0.18288	1.42981e-06	1.71673e-06
92	15	15	15	15	12	4	0.891723	0.1146	9.44554e-07	1.05925e-06
93	23	23	34	34	23	16	0.744442	0.29512	2.06162e-06	2.76935e-06
94	17	16	14	15	10	8	0.873716	0.135	1.11117e-06	1.27178e-06
95	15	15	12	12	6	13	0.867916	0.14166	1.1874e-06	1.3681e-06
96	20	19	20	20	17	4	0.864158	0.146	1.15925e-06	1.34148e-06
97	16	15	9	11	9	3	0.919082	0.08438	7.17181e-07	7.80323e-07
98	11	10	7	7	6	1	0.952124	0.04906	4.26805e-07	4.48266e-07
99	13	13	10	10	9	1	0.934354	0.0679	5.77066e-07	6.17609e-07
100	16	16	16	16	11	5	0.881632	0.12598	1.03048e-06	1.16883e-06
101	15	15	15	15	10	5	0.887187	0.1197	9.86889e-07	1.11238e-06
102	20	20	16	16	12	4	0.88614	0.12088	9.88662e-07	1.11569e-06
103	18	18	23	23	16	11	0.818289	0.20054	1.54064e-06	1.88276e-06
104	16	16	10	10	8	3	0.924872	0.0781	6.69492e-07	7.23876e-07
105	20	20	13	13	8	6	0.89383	0.11224	9.40861e-07	1.05262e-06
106	10	10	10	10	7	3	0.924872	0.0781	6.69492e-07	7.23876e-07
107	25	24	14	14	12	2	0.90654	0.09812	8.12743e-07	8.96533e-07
108	14	14	22	22	20	2	0.862121	0.14836	1.16224e-06	1.34811e-06
109	22	22	24	24	19	6	0.834168	0.18132	1.39602e-06	1.67354e-06
110	16	16	11	11	9	2	0.923781	0.07928	6.71764e-07	7.2719e-07
111	17	17	24	24	19	6	0.834168	0.18132	1.39602e-06	1.67354e-06
112	18	17	21	22	18	5	0.849031	0.16366	1.27992e-06	1.50751e-06
113	6	6	4	4	4	0	0.975193	0.02512	2.20189e-07	2.2579e-07
114	15	15	24	25	14	24	0.756237	0.2794	2.03155e-06	2.68639e-06
115	18	17	15	15	12	4	0.891723	0.1146	9.44554e-07	1.05925e-06
116	16	16	9	9	8	1	0.94024	0.06162	5.27627e-07	5.61162e-07
117	14	14	10	10	10	0	0.939131	0.0628	5.30117e-07	5.64476e-07
118	10	9	12	12	7	11	0.876814	0.13146	1.1064e-06	1.26184e-06
119	16	16	21	21	13	12	0.824416	0.19308	1.50291e-06	1.823e-06
120	10	9	6	6	5	1	0.958122	0.04278	3.7541e-07	3.91819e-07
121	18	18	13	13	9	7	0.889283	0.11734	9.83326e-07	1.10575e-06
122	9	9	7	7	6	1	0.952124	0.04906	4.26805e-07	4.48266e-07
123	21	20	29	29	23	6	0.808382	0.21272	1.58102e-06	1.95578e-06
124	12	12	17	17	13	5	0.876113	0.13226	1.07348e-06	1.22528e-06
125	18	18	20	22	14	10	0.827654	0.18916	1.46758e-06	1.77318e-06
126	14	14	8	10	8	3	0.924872	0.0781	6.69492e-07	7.23876e-07
127	12	12	8	8	8	0	0.951001	0.05024	4.29454e-07	4.51581e-07
128	16	16	17	17	12	6	0.871656	0.13736	1.11433e-06	1.27841e-06
129	7	7	9	10	6	7	0.906196	0.0985	8.48569e-07	9.36408e-07
130	19	18	14	14	11	3	0.901929	0.10322	8.56531e-07	9.49666e-07
131	12	12	8	9	6	6	0.916567	0.08712	7.57843e-07	8.26828e-07
132	22	20	22	22	17	11	0.823444	0.19426	1.50387e-06	1.82631e-06
133	12	12	11	11	9	3	0.919082	0.08438	7.17181e-07	7.80323e-07
134	20	20	25	26	18	23	0.755346	0.28058	2.03165e-06	2.6897e-06
135	15	15	29	30	19	20	0.747964	0.2904	2.06146e-06	2.75609e-06
136	11	11	16	17	8	24	0.795201	0.22916	1.77712e-06	2.23481e-06
137	17	17	15	15	13	3	0.896282	0.1095	9.01762e-07	1.00611e-06
138	17	17	20	20	17	3	0.868576	0.1409	1.11903e-06	1.28835e-06
139	19	19	24	24	15	16	0.792692	0.23232	1.74779e-06	2.20487e-06
140	9	9	4	4	3	1	0.970232	0.03022	2.70621e-07	2.78924e-07
141	11	10	5	5	5	0	0.969088	0.0314	2.73513e-07	2.82238e-07
142	14	14	20	21	17	5	0.854379	0.15738	1.23976e-06	1.45107e-06
143	24	23	25	25	21	5	0.833185	0.1825	1.39713e-06	1.67686e-06
144	15	15	16	17	13	5	0.876113	0.13226	1.07348e-06	1.22528e-06
145	14	14	25	26	19	8	0.815397	0.20408	1.5433e-06	1.8927e-06
146	17	16	16	16	11	6	0.877148	0.13108	1.07184e-06	1.22196e-06
147	15	15	20	20	11	13	0.825389	0.1919	1.50195e-06	1.81968e-06
148	19	19	8	8	6	2	0.94135	0.06044	5.2513e-07	5.57847e-07
149	17	17	19	19	15	4	0.869602	0.13972	1.11747e-06	1.28504e-06
150	17	17	18	21	15	6	0.850033	0.16248	1.27862e-06	1.5042e-06
151	13	13	23	24	18	9	0.821503	0.19662	1.50577e-06	1.83294e-06
152	26	26	30	31	24	11	0.778194	0.25078	1.81657e-06	2.33434e-06
153	15	15	19	19	14	6	0.860777	0.14992	1.1976e-06	1.3913e-06
154	11	11	15	15	12	3	0.896282	0.1095	9.01762e-07	1.00611e-06
155	17	17	8	8	6	3	0.936562	0.06554	5.72221e-07	6.1098e-07
156	18	18	10	10	7	4	0.920167	0.0832	7.14978e-07	7.77009e-07
157	20	20	24	25	19	12	0.803965	0.2182	1.64715e-06	2.04879e-06
158	10	10	5	5	5	0	0.969088	0.0314	2.73513e-07	2.82238e-07
159	24	24	28	29	21	8	0.800179	0.22292	1.65001e-06	2.06205e-06
160	13	13	9	10	7	4	0.920167	0.0832	7.14978e-07	7.77009e-07
161	19	19	22	25	18	8	0.820534	0.1978	1.50671e-06	1.83626e-06
162	16	15	15	15	11	4	0.891723	0.1146	9.44554e-07	1.05925e-06
163	19	18	21	21	16	7	0.845709	0.16758	1.31705e-06	1.55733e-06
164	18	17	12	12	9	4	0.908682	0.09576	8.0864e-07	8.89904e-07
165	20	19	21	22	17	6	0.844712	0.16876	1.3183e-06	1.56065e-06
166	20	19	36	38	27	24	0.696951	0.36104	2.38372e-06	3.42021e-06
167	11	11	11	11	9	2	0.923781	0.07928	6.71764e-07	7.2719e-07
168	17	15	18	18	15	3	0.879554	0.12834	1.03388e-06	1.17546e-06
169	14	14	16	16	14	2	0.895225	0.11068	9.03665e-07	1.00943e-06
170	14	13	12	12	8	5	0.90406	0.10086	8.52562e-07	9.43037e-07
171	16	15	4	4	3	1	0.970232	0.03022	2.70621e-07	2.78924e-07
172	12	12	8	9	7	2	0.935457	0.06672	5.74646e-07	6.14295e-07
173	18	18	7	7	7	0	0.956992	0.04396	3.78139e-07	3.95133e-07
174	11	11	16	16	13	3	0.890671	0.11578	9.46393e-07	1.06256e-06
175	21	21	16	16	13	4	0.88614	0.12088	9.88662e-07	1.11569e-06
176	10	10	12	12	11	1	0.922692	0.08046	6.7403e-07	7.30504e-07
177	14	14	23	24	17	11	0.813166	0.20682	1.5769e-06	1.93921e-06
178	14	14	17	17	12	7	0.867222	0.14246	1.15474e-06	1.33154e-06
179	19	19	27	27	24	3	0.831221	0.18486	1.39935e-06	1.68348e-06
180	16	16	12	13	11	2	0.912251	0.09184	7.66369e-07	8.40085e-07
181	13	13	13	13	10	3	0.90761	0.09694	8.10694e-07	8.93218e-07
182	18	18	13	13	10	3	0.90761	0.09694	8.10694e-07	8.93218e-07
183	14	13	18	18	12	9	0.853048	0.15894	1.27467e-06	1.49426e-06
184	21	21	24	24	15	13	0.804914	0.21702	1.64643e-06	2.04547e-06
185	12	12	7	8	5	4	0.931797	0.07064	6.18819e-07	6.64114e-07
186	22	21	26	27	20	9	0.806171	0.21546	1.61418e-06	2.00228e-06
187	14	13	8	8	5	3	0.936562	0.06554	5.72221e-07	6.1098e-07
188	12	12	10	10	7	4	0.920167	0.0832	7.14978e-07	7.77009e-07
189	16	16	19	19	15	5	0.865178	0.14482	1.15776e-06	1.33817e-06
190	19	18	6	6	5	1	0.958122	0.04278	3.7541e-07	3.91819e-07
191	19	19	26	27	18	18	0.770004	0.26136	1.90998e-06	2.48048e-06
192	8	8	10	11	7	7	0.900523	0.10478	8.94089e-07	9.92856e-07
193	22	22	14	15	13	2	0.900865	0.1044	8.58507e-07	9.5298e-07
194	18	18	8	8	6	3	0.936562	0.06554	5.72221e-07	6.1098e-07
195	18	18	22	23	18	6	0.839423	0.17504	1.35743e-06	1.61709e-06
196	15	15	18	18	15	3	0.879554	0.12834	1.03388e-06	1.17546e-06
197	15	14	31	31	20	19	0.747082	0.29158	2.0615e-06	2.75941e-06
198	17	17	10	10	8	2	0.929601	0.073	6.23523e-07	6.70742e-07
199	12	12	18	18	14	4	0.87508	0.13344	1.07511e-06	1.22859e-06
200	19	17	25	25	19	8	0.820534	0.1978	1.50671e-06	1.83626e-06
201	18	18	21	22	18	4	0.853372	0.15856	1.24113e-06	1.45438e-06
202	25	25	22	22	18	4	0.853372	0.15856	1.24113e-06	1.45438e-06
203	13	13	19	20	14	8	0.846707	0.1664	1.3158e-06	1.55402e-06
204	15	15	18	18	15	4	0.87508	0.13344	1.07511e-06	1.22859e-06
205	15	14	12	12	9	6	0.899461	0.10596	8.96016e-07	9.9617e-07
206	16	15	14	14	10	5	0.892776	0.11342	9.42711e-07	1.05593e-06
207	17	17	16	16	14	2	0.895225	0.11068	9.03665e-07	1.00943e-06
208	22	22	23	24	16	10	0.817324	0.20172	1.54153e-06	1.88607e-06
209	20	20	21	21	18	4	0.858748	0.15228	1.20047e-06	1.39793e-06
210	10	10	9	9	7	3	0.930698	0.07182	6.21174e-07	6.67428e-07
211	24	23	34	35	27	9	0.766669	0.2657	1.8813e-06	2.45386e-06
212	13	13	18	18	15	3	0.879554	0.12834	1.03388e-06	1.17546e-06
213	15	15	29	31	20	15	0.762479	0.27118	1.94194e-06	2.54687e-06
214	15	15	21	22	17	11	0.823444	0.19426	1.50387e-06	1.82631e-06
215	21	21	22	22	16	9	0.831886	0.18406	1.43088e-06	1.72005e-06
216	17	17	34	35	25	12	0.755028	0.281	1.97309e-06	2.61326e-06
217	9	9	11	11	8	4	0.914407	0.08948	7.62118e-07	8.33456e-07
218	20	20	19	19	16	4	0.869602	0.13972	1.11747e-06	1.28504e-06
219	10	10	16	16	11	7	0.872686	0.13618	1.11276e-06	1.27509e-06
220	25	24	24	24	16	12	0.809029	0.21192	1.61186e-06	1.99234e-06
221	14	14	14	14	12	2	0.90654	0.09812	8.12743e-07	8.96533e-07
222	13	13	9	10	9	1	0.934354	0.0679	5.77066e-07	6.17609e-07
223	16	16	22	22	16	8	0.836139	0.17896	1.39377e-06	1.66691e-06
224	14	14	23	25	15	21	0.767897	0.2641	1.94047e-06	2.52699e-06
225	18	18	24	25	18	17	0.783723	0.2437	1.81389e-06	2.31445e-06
226	12	12	9	10	4	21	0.843749	0.1699	1.41773e-06	1.68027e-06
227	15	14	21	21	17	5	0.854379	0.15738	1.23976e-06	1.45107e-06
228	18	18	25	25	15	14	0.795806	0.2284	1.71501e-06	2.15505e-06
229	20	19	20	20	15	7	0.851037	0.1613	1.27731e-06	1.50088e-06
230	14	13	16	16	13	3	0.890671	0.11578	9.46393e-07	1.06256e-06
231	11	11	4	4	3	1	0.970232	0.03022	2.70621e-07	2.78924e-07
232	16	15	22	22	17	6	0.844712	0.16876	1.3183e-06	1.56065e-06
233	12	12	10	10	8	2	0.929601	0.073	6.23523e-07	6.70742e-07
234	18	18	15	16	9	10	0.859435	0.15148	1.23285e-06	1.43449e-06
235	17	17	15	15	14	1	0.905471	0.0993	8.14786e-07	8.99847e-07
236	21	21	29	31	21	14	0.766378	0.26608	1.91115e-06	2.49374e-06
237	12	12	8	8	7	1	0.946163	0.05534	4.77542e-07	5.04714e-07
238	24	24	32	32	24	12	0.769388	0.26216	1.88032e-06	2.44392e-06
239	14	14	10	10	9	1	0.934354	0.0679	5.77066e-07	6.17609e-07
240	14	13	22	23	17	8	0.830905	0.18524	1.43195e-06	1.72336e-06
241	16	16	8	8	7	1	0.946163	0.05534	4.77542e-07	5.04714e-07
242	20	20	19	19	17	2	0.878517	0.12952	1.03557e-06	1.17877e-06
243	19	19	15	16	13	3	0.890671	0.11578	9.46393e-07	1.06256e-06
244	8	8	13	13	11	2	0.912251	0.09184	7.66369e-07	8.40085e-07
245	22	21	29	29	22	17	0.764281	0.26882	1.94146e-06	2.54024e-06
246	12	12	10	10	7	4	0.920167	0.0832	7.14978e-07	7.77009e-07
247	29	29	27	27	21	6	0.8186	0.20016	1.50858e-06	1.84288e-06
248	20	20	22	22	17	6	0.844712	0.16876	1.3183e-06	1.56065e-06
249	16	16	18	18	17	1	0.888572	0.11814	9.50052e-07	1.06919e-06
250	11	11	10	11	9	2	0.923781	0.07928	6.71764e-07	7.2719e-07
251	14	14	28	29	16	22	0.745038	0.29432	2.09051e-06	2.80591e-06
252	19	19	16	16	10	7	0.872686	0.13618	1.11276e-06	1.27509e-06
253	19	19	27	27	22	5	0.822785	0.19506	1.47258e-06	1.78975e-06
254	15	15	26	26	18	12	0.798932	0.22448	1.68194e-06	2.10524e-06
255	12	12	12	12	11	1	0.922692	0.08046	6.7403e-07	7.30504e-07
256	18	18	25	27	18	16	0.777898	0.25116	1.8469e-06	2.37422e-06
257	15	14	9	9	7	3	0.930698	0.07182	6.21174e-07	6.67428e-07
258	18	18	15	15	13	2	0.900865	0.1044	8.58507e-07	9.5298e-07
259	17	16	30	30	24	8	0.795169	0.2292	1.68456e-06	2.11849e-06
260	6	6	8	8	5	4	0.931797	0.07064	6.18819e-07	6.64114e-07
261	19	19	25	26	17	13	0.794867	0.22958	1.71562e-06	2.15837e-06
262	14	14	20	20	12	12	0.82961	0.1868	1.46555e-06	1.76655e-06
263	23	23	25	26	16	15	0.786801	0.23978	1.78182e-06	2.26464e-06
264	13	13	16	16	11	8	0.868246	0.14128	1.15323e-06	1.32823e-06
265	15	15	24	25	15	23	0.760104	0.2743	2.00155e-06	2.63325e-06
266	15	15	9	9	7	2	0.935457	0.06672	5.74646e-07	6.14295e-07
267	23	22	34	35	25	15	0.743564	0.2963	2.06165e-06	2.77266e-06
268	17	17	22	25	17	11	0.808075	0.2131	1.61264e-06	1.99566e-06
269	11	11	10	11	8	3	0.919082	0.08438	7.17181e-07	7.80323e-07
270	20	20	31	33	19	30	0.697509	0.36024	2.41113e-06	3.45677e-06
271	10	10	10	10	7	4	0.920167	0.0832	7.14978e-07	7.77009e-07
272	24	23	28	31	25	7	0.794232	0.23038	1.68521e-06	2.12181e-06
273	13	13	19	19	13	9	0.847707	0.16522	1.31454e-06	1.5507e-06
274	16	15	25	27	19	11	0.797989	0.22566	1.6826e-06	2.10855e-06
275	15	15	18	18	10	16	0.823131	0.19464	1.53612e-06	1.86619e-06
276	15	15	14	14	7	8	0.87922	0.12872	1.06854e-06	1.21533e-06
277	18	18	19	19	15	4	0.869602	0.13972	1.11747e-06	1.28504e-06
278	14	13	36	37	26	22	0.708532	0.34456	2.30804e-06	3.25749e-06
279	20	20	34	34	22	16	0.744442	0.29512	2.06162e-06	2.76935e-06
280	17	17	27	27	18	16	0.777898	0.25116	1.8469e-06	2.37422e-06
281	22	22	25	26	17	16	0.782798	0.24488	1.81435e-06	2.31777e-06
282	14	14	20	20	13	10	0.838115	0.1766	1.39151e-06	1.66028e-06
283	13	13	9	9	8	1	0.94024	0.06162	5.27627e-07	5.61162e-07
284	16	16	24	25	17	11	0.808075	0.2131	1.61264e-06	1.99566e-06
285	18	18	23	23	16	22	0.773647	0.25664	1.90876e-06	2.46723e-06
286	18	18	12	12	11	1	0.922692	0.08046	6.7403e-07	7.30504e-07
287	16	16	12	12	9	3	0.913328	0.09066	7.64246e-07	8.36771e-07
288	21	21	36	36	30	7	0.76968	0.26178	1.85035e-06	2.40405e-06
289	11	11	11	12	9	4	0.908682	0.09576	8.0864e-07	8.89904e-07
290	13	13	13	13	10	4	0.902993	0.10204	8.54549e-07	9.46352e-07
291	14	13	10	10	7	4	0.920167	0.0832	7.14978e-07	7.77009e-07
292	15	15	17	17	9	17	0.824103	0.19346	1.5352e-06	1.86287e-06
293	16	16	18	18	12	8	0.857409	0.15384	1.23563e-06	1.44112e-06
294	23	22	33	34	24	15	0.748249	0.29002	2.03241e-06	2.71622e-06
295	18	18	11	11	9	2	0.923781	0.07928	6.71764e-07	7.2719e-07
296	18	18	19	19	16	3	0.874048	0.13462	1.07674e-06	1.2319e-06
297	21	20	15	15	13	2	0.900865	0.1044	8.58507e-07	9.5298e-07
298	12	12	22	22	15	9	0.831886	0.18406	1.43088e-06	1.72005e-06
299	28	27	25	26	22	7	0.819566	0.19898	1.50765e-06	1.83957e-06
300	14	14	16	16	9	10	0.859435	0.15148	1.23285e-06	1.43449e-06
301	17	16	6	7	4	3	0.942462	0.05926	5.22626e-07	5.54533e-07
302	13	12	7	7	5	2	0.947281	0.05416	4.74966e-07	5.014e-07
303	15	14	20	20	16	5	0.859762	0.1511	1.19904e-06	1.39462e-06
304	13	13	7	7	6	1	0.952124	0.04906	4.26805e-07	4.48266e-07
305	20	20	22	22	17	6	0.844712	0.16876	1.3183e-06	1.56065e-06
306	16	16	16	18	12	10	0.848708	0.16404	1.31328e-06	1.54739e-06
307	12	12	13	13	8	7	0.889283	0.11734	9.83326e-07	1.10575e-06
308	21	20	21	21	17	6	0.850033	0.16248	1.27862e-06	1.5042e-06
309	15	15	7	7	5	2	0.947281	0.05416	4.74966e-07	5.014e-07
310	19	19	23	23	17	12	0.814126	0.20564	1.57606e-06	1.93589e-06
311	17	15	22	23	14	24	0.765796	0.26684	1.97077e-06	2.57349e-06
312	9	8	7	7	7	0	0.956992	0.04396	3.78139e-07	3.95133e-07
313	19	18	17	17	13	5	0.876113	0.13226	1.07348e-06	1.22528e-06
314	24	22	11	11	9	3	0.919082	0.08438	7.17181e-07	7.80323e-07
315	23	23	22	23	18	5	0.843715	0.16994	1.31954e-06	1.56396e-06
316	13	13	26	27	15	23	0.750617	0.28686	2.06131e-06	2.74615e-06
317	13	13	17	17	16	1	0.894169	0.11186	9.05563e-07	1.01274e-06
318	15	15	12	12	11	1	0.922692	0.08046	6.7403e-07	7.30504e-07
319	15	15	19	19	16	3	0.874048	0.13462	1.07674e-06	1.2319e-06
320	17	17	14	14	11	4	0.89734	0.10832	8.99852e-07	1.0028e-06
321	13	13	14	14	12	2	0.90654	0.09812	8.12743e-07	8.96533e-07
322	20	20	21	22	16	6	0.844712	0.16876	1.3183e-06	1.56065e-06
323	10	9	18	18	16	2	0.884051	0.12324	9.92191e-07	1.12232e-06
324	23	23	12	12	9	4	0.908682	0.09576	8.0864e-07	8.89904e-07
325	13	12	16	20	10	22	0.78836	0.2378	1.81156e-06	2.29788e-06
326	15	14	17	17	12	6	0.871656	0.13736	1.11433e-06	1.27841e-06
327	15	15	15	15	10	8	0.873716	0.135	1.11117e-06	1.27178e-06
328	16	16	16	16	14	2	0.895225	0.11068	9.03665e-07	1.00943e-06
329	19	19	14	16	10	13	0.846386	0.16678	1.34905e-06	1.59389e-06
330	15	15	7	7	7	0	0.956992	0.04396	3.78139e-07	3.95133e-07
331	9	9	8	8	6	3	0.936562	0.06554	5.72221e-07	6.1098e-07
332	13	13	10	10	7	4	0.920167	0.0832	7.14978e-07	7.77009e-07
333	24	22	45	49	34	26	0.64383	0.44032	2.67022e-06	4.1474e-06
334	13	13	17	17	11	6	0.871656	0.13736	1.11433e-06	1.27841e-06
335	14	13	21	21	14	9	0.837127	0.17778	1.39264e-06	1.6636e-06
336	16	15	14	14	12	2	0.90654	0.09812	8.12743e-07	8.96533e-07
337	22	20	19	20	16	5	0.859762	0.1511	1.19904e-06	1.39462e-06
338	18	18	15	16	12	6	0.877148	0.13108	1.07184e-06	1.22196e-06
339	17	16	9	9	8	1	0.94024	0.06162	5.27627e-07	5.61162e-07
340	20	20	32	33	24	11	0.768481	0.26334	1.88065e-06	2.44724e-06
341	11	11	14	15	12	3	0.896282	0.1095	9.01762e-07	1.00611e-06
342	20	20	26	26	18	9	0.811249	0.20918	1.57856e-06	1.94584e-06
343	14	13	14	14	12	2	0.90654	0.09812	8.12743e-07	8.96533e-07
344	16	16	16	16	14	3	0.890671	0.11578	9.46393e-07	1.06256e-06
345	16	15	35	35	24	17	0.736019	0.3065	2.11895e-06	2.87893e-06
346	15	15	15	15	10	6	0.882673	0.1248	1.02877e-06	1.16551e-06
347	18	18	20	22	20	2	0.862121	0.14836	1.16224e-06	1.34811e-06
348	19	17	21	21	16	6	0.850033	0.16248	1.27862e-06	1.5042e-06
349	21	21	18	18	14	4	0.87508	0.13344	1.07511e-06	1.22859e-06
350	11	11	10	10	10	0	0.939131	0.0628	5.30117e-07	5.64476e-07
351	27	27	18	19	16	3	0.874048	0.13462	1.07674e-06	1.2319e-06
352	14	14	24	26	15	18	0.774855	0.25508	1.87827e-06	2.42404e-06
353	11	11	10	11	10	1	0.928505	0.07418	6.25865e-07	6.74057e-07
354	16	15	18	18	15	4	0.87508	0.13344	1.07511e-06	1.22859e-06
355	16	16	14	17	11	7	0.867222	0.14246	1.15474e-06	1.33154e-06
356	20	20	12	12	8	7	0.894885	0.11106	9.39006e-07	1.0493e-06
357	16	16	15	16	10	10	0.859435	0.15148	1.23285e-06	1.43449e-06
358	17	16	14	14	12	2	0.90654	0.09812	8.12743e-07	8.96533e-07
359	13	12	7	7	5	3	0.942462	0.05926	5.22626e-07	5.54533e-07
360	19	19	23	23	19	5	0.843715	0.16994	1.31954e-06	1.56396e-06
361	14	14	11	11	8	4	0.914407	0.08948	7.62118e-07	8.33456e-07
362	20	19	15	15	15	0	0.910101	0.0942	7.70595e-07	8.46714e-07
363	17	17	16	17	14	6	0.871656	0.13736	1.11433e-06	1.27841e-06
364	24	23	16	17	11	8	0.862811	0.14756	1.19471e-06	1.38467e-06
365	19	19	20	22	17	6	0.844712	0.16876	1.3183e-06	1.56065e-06
366	10	10	5	5	4	1	0.964158	0.0365	3.23351e-07	3.35371e-07
367	22	22	32	34	23	15	0.748249	0.29002	2.03241e-06	2.71622e-06
368	12	12	7	8	4	5	0.927057	0.07574	6.64929e-07	7.17247e-07
369	16	16	14	14	12	2	0.90654	0.09812	8.12743e-07	8.96533e-07
370	15	15	5	5	4	1	0.964158	0.0365	3.23351e-07	3.35371e-07
371	24	23	20	21	17	4	0.858748	0.15228	1.20047e-06	1.39793e-06
372	17	17	26	28	23	8	0.80522	0.21664	1.61495e-06	2.0056e-06
373	14	13	12	12	11	1	0.922692	0.08046	6.7403e-07	7.30504e-07
374	19	19	22	22	12	16	0.802711	0.21976	1.67925e-06	2.09198e-06
375	9	9	5	5	5	0	0.969088	0.0314	2.73513e-07	2.82238e-07
376	23	23	21	21	16	6	0.850033	0.16248	1.27862e-06	1.5042e-06
377	13	12	12	12	10	3	0.913328	0.09066	7.64246e-07	8.36771e-07
378	13	13	13	13	11	2	0.912251	0.09184	7.66369e-07	8.40085e-07
379	15	14	10	10	8	2	0.929601	0.073	6.23523e-07	6.70742e-07
380	17	17	17	17	14	3	0.885095	0.12206	9.90429e-07	1.11901e-06
381	17	17	27	27	15	28	0.731718	0.31236	2.2038e-06	3.01181e-06
382	3	2	0	0	0	0	1	-0	0	0
383	11	10	17	18	13	6	0.8662	0.14364	1.15625e-06	1.33486e-06
384	16	14	8	8	8	0	0.951001	0.05024	4.29454e-07	4.51581e-07
385	23	22	33	34	21	15	0.748249	0.29002	2.03241e-06	2.71622e-06
386	10	10	11	11	9	2	0.923781	0.07928	6.71764e-07	7.2719e-07
387	15	15	12	12	9	3	0.913328	0.09066	7.64246e-07	8.36771e-07
388	15	15	6	7	4	6	0.928152	0.07456	6.62638e-07	7.13932e-07
389	10	10	5	5	4	1	0.964158	0.0365	3.23351e-07	3.35371e-07
390	18	17	23	23	18	6	0.839423	0.17504	1.35743e-06	1.61709e-06
391	18	17	24	26	18	12	0.798932	0.22448	1.68194e-06	2.10524e-06
392	20	18	36	37	23	16	0.730548	0.31396	2.14686e-06	2.93869e-06
393	11	11	10	11	9	2	0.923781	0.07928	6.71764e-07	7.2719e-07
394	21	19	22	25	15	14	0.795806	0.2284	1.71501e-06	2.15505e-06
395	14	14	20	20	12	23	0.78435	0.2429	1.84402e-06	2.35102e-06
396	17	16	28	28	17	18	0.765183	0.26764	1.94122e-06	2.53693e-06
397	16	16	14	16	12	5	0.881632	0.12598	1.03048e-06	1.16883e-06
398	10	10	9	10	8	2	0.929601	0.073	6.23523e-07	6.70742e-07
399	18	18	24	24	17	8	0.825703	0.19152	1.46959e-06	1.77981e-06
400	20	17	22	22	17	5	0.849031	0.16366	1.27992e-06	1.50751e-06
401	21	21	38	38	28	12	0.740937	0.29984	2.06174e-06	2.78261e-06
402	11	11	14	14	9	7	0.883716	0.12362	1.02705e-06	1.1622e-06
403	26	26	26	27	18	10	0.80207	0.22056	1.64859e-06	2.05542e-06
404	14	14	20	21	15	8	0.841407	0.17268	1.35506e-06	1.61047e-06
405	19	18	18	18	13	11	0.844391	0.16914	1.35147e-06	1.60052e-06
406	16	15	17	17	13	4	0.880593	0.12716	1.03218e-06	1.17214e-06
407	17	17	21	21	13	14	0.81605	0.20328	1.57438e-06	1.92926e-06
408	18	18	13	13	13	0	0.921604	0.08164	6.7629e-07	7.33819e-07
409	24	23	35	36	26	14	0.742687	0.29748	2.06168e-06	2.77598e-06
410	18	18	11	11	10	1	0.928505	0.07418	6.25865e-07	6.74057e-07
411	14	13	7	7	5	3	0.942462	0.05926	5.22626e-07	5.54533e-07
412	18	17	26	26	17	20	0.766991	0.26528	1.94072e-06	2.5303e-06
413	14	12	15	15	14	1	0.905471	0.0993	8.14786e-07	8.99847e-07
414	22	18	25	28	21	11	0.792994	0.23194	1.71683e-06	2.165e-06
415	16	16	13	13	8	8	0.884759	0.12244	1.02533e-06	1.15888e-06
416	7	6	5	5	3	2	0.959253	0.0416	3.72674e-07	3.88504e-07
417	19	19	18	18	17	1	0.888572	0.11814	9.50052e-07	1.06919e-06
418	15	14	12	12	8	7	0.894885	0.11106	9.39006e-07	1.0493e-06
419	22	22	25	25	18	9	0.81636	0.2029	1.54242e-06	1.88939e-06
420	12	12	13	13	12	1	0.916915	0.08674	7.21568e-07	7.86952e-07
421	16	16	19	20	16	5	0.859762	0.1511	1.19904e-06	1.39462e-06
422	15	15	22	22	15	10	0.827654	0.18916	1.46758e-06	1.77318e-06
423	22	22	26	26	22	5	0.827969	0.18878	1.43512e-06	1.7333e-06
424	17	17	19	19	17	2	0.878517	0.12952	1.03557e-06	1.17877e-06
425	24	24	27	27	22	6	0.8186	0.20016	1.50858e-06	1.84288e-06
426	19	19	26	28	17	18	0.765183	0.26764	1.94122e-06	2.53693e-06
427	9	9	13	13	9	5	0.8984	0.10714	8.97937e-07	9.99485e-07
428	23	21	22	24	18	7	0.829925	0.18642	1.43301e-06	1.72667e-06
429	13	12	10	10	9	1	0.934354	0.0679	5.77066e-07	6.17609e-07
430	14	11	23	23	11	39	0.709397	0.34334	2.39102e-06	3.37049e-06
431	15	15	17	21	14	10	0.832868	0.18288	1.42981e-06	1.71673e-06
432	19	18	24	25	17	12	0.803965	0.2182	1.64715e-06	2.04879e-06
433	17	17	7	7	6	1	0.952124	0.04906	4.26805e-07	4.48266e-07
434	17	15	19	19	12	10	0.843395	0.17032	1.35267e-06	1.60384e-06
435	19	19	19	20	13	9	0.8424	0.1715	1.35386e-06	1.60715e-06
436	4	4	2	2	2	0	0.987519	0.01256	1.11486e-07	1.12895e-07
437	16	14	12	12	11	1	0.922692	0.08046	6.7403e-07	7.30504e-07
438	20	19	17	17	13	6	0.871656	0.13736	1.11433e-06	1.27841e-06
439	16	15	26	26	16	14	0.790824	0.23468	1.74891e-06	2.2115e-06
440	15	13	19	20	14	7	0.851037	0.1613	1.27731e-06	1.50088e-06
441	12	12	7	7	7	0	0.956992	0.04396	3.78139e-07	3.95133e-07
442	17	16	12	12	8	5	0.90406	0.10086	8.52562e-07	9.43037e-07
443	19	18	11	12	8	5	0.90406	0.10086	8.52562e-07	9.43037e-07
444	20	19	23	23	15	14	0.805864	0.21584	1.6457e-06	2.04216e-06
445	10	10	12	12	7	6	0.899461	0.10596	8.96016e-07	9.9617e-07
446	13	13	20	20	13	10	0.838115	0.1766	1.39151e-06	1.66028e-06
447	13	11	10	10	8	2	0.929601	0.073	6.23523e-07	6.70742e-07
448	20	19	18	19	13	9	0.847707	0.16522	1.31454e-06	1.5507e-06
449	16	15	19	19	14	8	0.852042	0.16012	1.27599e-06	1.49757e-06
450	14	14	4	4	3	1	0.970232	0.03022	2.70621e-07	2.78924e-07
451	18	18	34	34	22	27	0.703829	0.35122	2.36051e-06	3.35381e-06
452	16	16	14	14	11	6	0.888234	0.11852	9.8511e-07	1.10907e-06
453	20	20	20	21	12	13	0.820222	0.19818	1.53884e-06	1.87613e-06
454	11	11	17	17	13	5	0.876113	0.13226	1.07348e-06	1.22528e-06
455	25	25	24	25	18	8	0.820534	0.1978	1.50671e-06	1.83626e-06
456	14	14	11	11	10	1	0.928505	0.07418	6.25865e-07	6.74057e-07
457	20	20	14	14	14	0	0.915834	0.08792	7.23753e-07	7.90266e-07
458	16	16	14	14	12	2	0.90654	0.09812	8.12743e-07	8.96533e-07
459	19	19	27	28	23	6	0.813475	0.20644	1.54506e-06	1.89933e-06
460	18	18	18	18	16	2	0.884051	0.12324	9.92191e-07	1.12232e-06
461	6	6	3	3	3	0	0.981336	0.01884	1.66182e-07	1.69343e-07
462	21	21	28	28	22	7	0.809337	0.21154	1.5802e-06	1.95247e-06
463	15	13	24	24	18	7	0.829925	0.18642	1.43301e-06	1.72667e-06
464	14	13	8	9	6	4	0.925964	0.07692	6.67214e-07	7.20561e-07
465	19	18	33	34	24	17	0.740655	0.30022	2.09049e-06	2.82248e-06
466	13	13	16	18	13	5	0.870628	0.13854	1.1159e-06	1.28172e-06
467	16	16	1	1	1	0	0.99374	0.00628	5.60942e-08	5.64476e-08
468	16	15	10	10	6	6	0.910829	0.0934	8.04513e-07	8.83275e-07
469	18	17	17	18	16	2	0.884051	0.12324	9.92191e-07	1.12232e-06
470	18	17	14	14	10	5	0.892776	0.11342	9.42711e-07	1.05593e-06
471	22	22	29	30	18	24	0.73286	0.3108	2.17559e-06	2.96862e-06
472	12	12	12	12	10	2	0.917998	0.08556	7.19378e-07	7.83638e-07
473	13	11	16	16	12	5	0.881632	0.12598	1.03048e-06	1.16883e-06
474	14	14	19	21	14	9	0.837127	0.17778	1.39264e-06	1.6636e-06
475	16	16	16	16	11	6	0.877148	0.13108	1.07184e-06	1.22196e-06
476	17	17	25	27	18	14	0.785873	0.24096	1.78232e-06	2.26795e-06
477	15	15	15	15	14	1	0.905471	0.0993	8.14786e-07	8.99847e-07
478	19	19	28	28	18	14	0.780953	0.24724	1.81525e-06	2.3244e-06
479	14	14	7	7	5	3	0.942462	0.05926	5.22626e-07	5.54533e-07
480	22	22	18	19	13	8	0.852042	0.16012	1.27599e-06	1.49757e-06
481	12	12	13	14	12	2	0.90654	0.09812	8.12743e-07	8.96533e-07
482	15	15	10	12	8	5	0.90406	0.10086	8.52562e-07	9.43037e-07
483	15	15	6	6	6	0	0.963021	0.03768	3.26161e-07	3.38686e-07
484	8	8	7	8	6	2	0.94135	0.06044	5.2513e-07	5.57847e-07
485	17	17	27	27	21	8	0.810292	0.21036	1.57938e-06	1.94915e-06
486	18	17	12	13	10	3	0.90761	0.09694	8.10694e-07	8.93218e-07
487	19	19	28	30	19	22	0.740374	0.3006	2.11922e-06	2.86236e-06
488	9	9	11	11	10	1	0.928505	0.07418	6.25865e-07	6.74057e-07
489	23	23	20	20	15	6	0.855388	0.1562	1.23839e-06	1.44775e-06
490	22	22	27	28	17	16	0.773028	0.25744	1.87897e-06	2.43066e-06
491	17	17	44	46	26	34	0.629846	0.46228	2.77329e-06	4.40312e-06
492	13	13	12	12	10	2	0.917998	0.08556	7.19378e-07	7.83638e-07
493	14	14	6	6	6	0	0.963021	0.03768	3.26161e-07	3.38686e-07
494	17	17	20	21	13	10	0.832868	0.18288	1.42981e-06	1.71673e-06
495	20	20	13	14	9	11	0.86587	0.14402	1.19034e-06	1.37473e-06
496	20	20	27	29	20	11	0.788029	0.23822	1.75056e-06	2.22145e-06
497	11	10	4	4	4	0	0.975193	0.02512	2.20189e-07	2.2579e-07
498	18	18	13	13	13	0	0.921604	0.08164	6.7629e-07	7.33819e-07
499	13	12	22	23	16	8	0.830905	0.18524	1.43195e-06	1.72336e-06
500	19	18	14	14	12	2	0.90654	0.09812	8.12743e-07	8.96533e-07
501	15	14	15	15	9	8	0.873716	0.135	1.11117e-06	1.27178e-06
502	10	9	14	14	13	1	0.911175	0.09302	7.68485e-07	8.434e-07
503	18	18	20	20	17	3	0.868576	0.1409	1.11903e-06	1.28835e-06
504	25	25	25	25	19	7	0.824729	0.1927	1.47059e-06	1.78312e-06
505	20	20	16	16	15	1	0.899802	0.10558	8.60476e-07	9.56295e-07
506	11	11	2	2	2	0	0.987519	0.01256	1.11486e-07	1.12895e-07
507	25	25	15	15	14	1	0.905471	0.0993	8.14786e-07	8.99847e-07
508	14	13	13	13	12	1	0.916915	0.08674	7.21568e-07	7.86952e-07
509	22	21	28	28	22	7	0.809337	0.21154	1.5802e-06	1.95247e-06
510	16	16	13	14	13	1	0.911175	0.09302	7.68485e-07	8.434e-07
511	20	19	22	22	20	3	0.857735	0.15346	1.2019e-06	1.40125e-06
512	18	18	13	13	9	4	0.902993	0.10204	8.54549e-07	9.46352e-07
513	18	17	19	19	18	1	0.883009	0.12442	9.93948e-07	1.12564e-06
514	21	20	23	23	19	5	0.843715	0.16994	1.31954e-06	1.56396e-06
515	11	10	14	14	9	8	0.87922	0.12872	1.06854e-06	1.21533e-06
516	26	25	26	29	18	19	0.756525	0.27902	2.00215e-06	2.64651e-06
517	14	13	11	11	7	4	0.914407	0.08948	7.62118e-07	8.33456e-07
518	18	18	22	22	14	11	0.823444	0.19426	1.50387e-06	1.82631e-06
519	16	16	12	12	11	1	0.922692	0.08046	6.7403e-07	7.30504e-07
520	10	10	16	16	12	7	0.872686	0.13618	1.11276e-06	1.27509e-06
521	18	18	35	36	26	14	0.742687	0.29748	2.06168e-06	2.77598e-06
522	8	7	17	18	9	14	0.83157	0.18444	1.4635e-06	1.75992e-06
523	21	21	29	33	17	28	0.70466	0.35004	2.36096e-06	3.3505e-06
524	12	12	14	14	12	3	0.901929	0.10322	8.56531e-07	9.49666e-07
525	14	13	18	19	15	5	0.865178	0.14482	1.15776e-06	1.33817e-06
526	14	14	10	12	9	6	0.899461	0.10596	8.96016e-07	9.9617e-07
527	25	25	18	18	12	8	0.857409	0.15384	1.23563e-06	1.44112e-06
528	16	16	13	13	11	2	0.912251	0.09184	7.66369e-07	8.40085e-07
529	17	17	9	10	7	4	0.920167	0.0832	7.14978e-07	7.77009e-07
530	19	19	23	23	19	4	0.848029	0.16484	1.28123e-06	1.51083e-06
531	15	14	9	9	8	1	0.94024	0.06162	5.27627e-07	5.61162e-07
532	22	22	37	37	26	14	0.738038	0.30376	2.09044e-06	2.83243e-06
533	12	12	17	17	13	4	0.880593	0.12716	1.03218e-06	1.17214e-06
534	16	14	17	17	13	4	0.880593	0.12716	1.03218e-06	1.17214e-06
535	15	15	5	5	5	0	0.969088	0.0314	2.73513e-07	2.82238e-07
536	25	24	32	32	26	6	0.793295	0.23156	1.68585e-06	2.12512e-06
537	17	17	34	36	20	28	0.691508	0.36888	2.434e-06	3.51984e-06
538	20	20	28	29	17	16	0.768189	0.26372	1.91057e-06	2.48711e-06
539	19	19	13	15	11	5	0.887187	0.1197	9.86889e-07	1.11238e-06
540	9	8	12	14	10	7	0.883716	0.12362	1.02705e-06	1.1622e-06
541	23	22	23	24	17	9	0.821503	0.19662	1.50577e-06	1.83294e-06
542	13	13	18	18	17	1	0.888572	0.11814	9.50052e-07	1.06919e-06
543	31	31	33	35	25	14	0.747366	0.2912	2.03249e-06	2.71953e-06
544	14	13	17	17	13	5	0.876113	0.13226	1.07348e-06	1.22528e-06
545	15	13	20	20	14	8	0.846707	0.1664	1.3158e-06	1.55402e-06
546	17	17	32	34	25	15	0.748249	0.29002	2.03241e-06	2.71622e-06
547	20	20	35	35	23	16	0.739782	0.3014	2.09047e-06	2.8258e-06
548	19	18	31	32	26	7	0.78926	0.23666	1.71921e-06	2.17826e-06
549	13	12	17	18	12	7	0.861793	0.14874	1.19616e-06	1.38799e-06
550	16	16	18	19	13	8	0.852042	0.16012	1.27599e-06	1.49757e-06
551	13	12	9	12	8	7	0.894885	0.11106	9.39006e-07	1.0493e-06
552	20	20	13	13	11	2	0.912251	0.09184	7.66369e-07	8.40085e-07
553	15	15	10	10	9	1	0.934354	0.0679	5.77066e-07	6.17609e-07
554	12	12	20	21	14	8	0.841407	0.17268	1.35506e-06	1.61047e-06
555	17	17	19	19	13	8	0.852042	0.16012	1.27599e-06	1.49757e-06
556	16	16	20	22	19	4	0.853372	0.15856	1.24113e-06	1.45438e-06
557	20	18	18	19	12	12	0.834836	0.18052	1.42766e-06	1.7101e-06
558	10	10	12	12	11	1	0.922692	0.08046	6.7403e-07	7.30504e-07
559	24	24	19	20	14	8	0.846707	0.1664	1.3158e-06	1.55402e-06
560	13	12	11	12	10	3	0.913328	0.09066	7.64246e-07	8.36771e-07
561	19	19	38	39	22	38	0.644861	0.43872	2.72165e-06	4.22052e-06
562	16	16	8	8	7	1	0.946163	0.05534	4.77542e-07	5.04714e-07
563	15	15	12	13	10	4	0.902993	0.10204	8.54549e-07	9.46352e-07
564	18	18	11	12	11	1	0.922692	0.08046	6.7403e-07	7.30504e-07
565	10	10	12	13	9	7	0.889283	0.11734	9.83326e-07	1.10575e-06
566	20	20	17	18	17	1	0.888572	0.11814	9.50052e-07	1.06919e-06
567	11	11	12	12	11	1	0.922692	0.08046	6.7403e-07	7.30504e-07
568	25	25	18	18	14	5	0.870628	0.13854	1.1159e-06	1.28172e-06
569	14	14	21	21	14	22	0.783425	0.24408	1.84444e-06	2.35433e-06
570	19	19	21	21	16	5	0.854379	0.15738	1.23976e-06	1.45107e-06
571	20	19	32	32	23	16	0.753851	0.28256	2.00257e-06	2.65645e-06
572	15	14	20	20	15	5	0.859762	0.1511	1.19904e-06	1.39462e-06
573	18	17	22	23	17	7	0.835153	0.18014	1.3949e-06	1.67023e-06
574	13	13	4	4	4	0	0.975193	0.02512	2.20189e-07	2.2579e-07
575	19	19	20	20	12	10	0.838115	0.1766	1.39151e-06	1.66028e-06
576	19	19	22	23	14	16	0.797686	0.22604	1.71377e-06	2.14843e-06
577	15	15	18	19	14	11	0.839105	0.17542	1.39037e-06	1.65697e-06
578	14	13	12	12	11	1	0.922692	0.08046	6.7403e-07	7.30504e-07
579	22	22	30	30	23	10	0.7871	0.2394	1.75111e-06	2.22476e-06
580	16	16	16	17	13	5	0.876113	0.13226	1.07348e-06	1.22528e-06
581	18	18	38	41	26	31	0.659957	0.41558	2.61441e-06	3.96148e-06
582	18	18	17	18	13	6	0.8662	0.14364	1.15625e-06	1.33486e-06
583	23	23	35	36	25	16	0.735151	0.30768	2.11888e-06	2.88224e-06
584	21	20	17	17	15	2	0.889621	0.11696	9.48225e-07	1.06588e-06
585	12	12	7	8	5	4	0.931797	0.07064	6.18819e-07	6.64114e-07
586	17	17	16	16	12	6	0.877148	0.13108	1.07184e-06	1.22196e-06
587	14	14	12	13	9	5	0.8984	0.10714	8.97937e-07	9.99485e-07
588	16	16	20	21	10	17	0.803659	0.21858	1.67857e-06	2.08866e-06
589	17	17	14	14	9	8	0.87922	0.12872	1.06854e-06	1.21533e-06
590	22	20	26	26	22	4	0.832202	0.18368	1.39824e-06	1.68017e-06
591	19	19	18	18	14	4	0.87508	0.13344	1.07511e-06	1.22859e-06
592	8	8	9	9	8	1	0.94024	0.06162	5.27627e-07	5.61162e-07
593	22	22	31	31	19	18	0.750902	0.28648	2.03215e-06	2.70627e-06
594	12	12	5	5	5	0	0.969088	0.0314	2.73513e-07	2.82238e-07
595	16	15	12	12	11	1	0.922692	0.08046	6.7403e-07	7.30504e-07
596	15	15	17	17	17	0	0.898741	0.10676	8.6244e-07	9.59609e-07
597	14	13	35	36	19	38	0.657126	0.41988	2.66213e-06	4.05118e-06
598	25	24	18	18	15	3	0.879554	0.12834	1.03388e-06	1.17546e-06
599	15	15	10	10	7	3	0.924872	0.0781	6.69492e-07	7.23876e-07
600	19	18	31	32	21	23	0.727414	0.31826	2.20289e-06	3.02839e-06
601	12	12	14	14	11	4	0.89734	0.10832	8.99852e-07	1.0028e-06
602	15	13	9	9	8	1	0.94024	0.06162	5.27627e-07	5.61162e-07
603	13	13	13	13	11	2	0.912251	0.09184	7.66369e-07	8.40085e-07
604	22	22	20	22	13	27	0.758919	0.27586	2.0312e-06	2.67644e-06
605	15	15	23	23	17	6	0.839423	0.17504	1.35743e-06	1.61709e-06
606	16	16	16	16	14	2	0.895225	0.11068	9.03665e-07	1.00943e-06
607	17	17	19	20	15	5	0.859762	0.1511	1.19904e-06	1.39462e-06
608	12	12	19	19	13	7	0.856398	0.15502	1.23701e-06	1.44444e-06
609	20	20	24	25	21	7	0.824729	0.1927	1.47059e-06	1.78312e-06
610	10	10	14	15	8	9	0.869271	0.1401	1.15171e-06	1.32491e-06
611	12	12	7	7	5	2	0.947281	0.05416	4.74966e-07	5.014e-07
612	13	13	7	7	7	0	0.956992	0.04396	3.78139e-07	3.95133e-07
613	11	11	6	6	4	2	0.953248	0.04788	4.2415e-07	4.44952e-07
614	15	14	23	25	18	8	0.820534	0.1978	1.50671e-06	1.83626e-06
615	17	17	20	20	15	6	0.855388	0.1562	1.23839e-06	1.44775e-06
616	17	16	14	14	14	0	0.915834	0.08792	7.23753e-07	7.90266e-07
617	10	10	14	14	11	3	0.901929	0.10322	8.56531e-07	9.49666e-07
618	20	19	26	26	18	10	0.807122	0.21428	1.61341e-06	1.99897e-06
619	10	10	17	17	12	7	0.867222	0.14246	1.15474e-06	1.33154e-06
620	25	25	17	17	16	1	0.894169	0.11186	9.05563e-07	1.01274e-06
621	13	13	30	30	22	9	0.791124	0.2343	1.71803e-06	2.17163e-06
622	12	10	13	13	7	12	0.866893	0.14284	1.18887e-06	1.37142e-06
623	16	16	15	15	12	4	0.891723	0.1146	9.44554e-07	1.05925e-06
624	16	16	19	21	13	12	0.824416	0.19308	1.50291e-06	1.823e-06
625	13	13	19	20	13	9	0.8424	0.1715	1.35386e-06	1.60715e-06
626	16	16	15	15	13	3	0.896282	0.1095	9.01762e-07	1.00611e-06
627	19	19	22	22	17	8	0.836139	0.17896	1.39377e-06	1.66691e-06
628	17	17	13	13	10	4	0.902993	0.10204	8.54549e-07	9.46352e-07
629	16	16	9	9	8	1	0.94024	0.06162	5.27627e-07	5.61162e-07
630	14	14	16	16	13	3	0.890671	0.11578	9.46393e-07	1.06256e-06
631	22	22	40	44	27	32	0.644346	0.43952	2.69591e-06	4.18396e-06
632	16	16	14	15	8	10	0.864849	0.1452	1.1918e-06	1.37805e-06
633	19	17	18	19	15	5	0.865178	0.14482	1.15776e-06	1.33817e-06
634	18	18	23	24	19	5	0.838434	0.17622	1.3586e-06	1.62041e-06
635	10	9	7	7	5	2	0.947281	0.05416	4.74966e-07	5.014e-07
636	21	21	13	13	11	2	0.912251	0.09184	7.66369e-07	8.40085e-07
637	12	12	22	24	15	16	0.792692	0.23232	1.74779e-06	2.20487e-06
638	18	18	29	29	24	6	0.808382	0.21272	1.58102e-06	1.95578e-06
639	14	14	15	15	10	7	0.878183	0.1299	1.07019e-06	1.21865e-06
640	17	17	9	9	9	0	0.945048	0.05652	4.80111e-07	5.08028e-07
641	16	15	7	7	7	0	0.956992	0.04396	3.78139e-07	3.95133e-07
642	16	16	19	19	13	8	0.852042	0.16012	1.27599e-06	1.49757e-06
643	19	19	23	23	18	6	0.839423	0.17504	1.35743e-06	1.61709e-06
644	8	8	5	5	4	1	0.964158	0.0365	3.23351e-07	3.35371e-07
645	22	22	21	22	18	4	0.853372	0.15856	1.24113e-06	1.45438e-06
646	12	10	12	13	7	9	0.880258	0.12754	1.06689e-06	1.21202e-06
647	21	21	19	19	14	6	0.860777	0.14992	1.1976e-06	1.3913e-06
648	15	15	20	21	18	3	0.863139	0.14718	1.16075e-06	1.3448e-06
649	12	11	9	10	6	5	0.915486	0.0883	7.59984e-07	8.30142e-07
650	17	17	11	11	5	12	0.87785	0.13028	1.10479e-06	1.25852e-06
651	16	15	13	13	12	1	0.916915	0.08674	7.21568e-07	7.86952e-07
652	19	19	16	16	15	1	0.899802	0.10558	8.60476e-07	9.56295e-07
653	15	15	15	16	12	5	0.881632	0.12598	1.03048e-06	1.16883e-06
654	10	10	6	6	5	1	0.958122	0.04278	3.7541e-07	3.91819e-07
655	16	15	14	14	12	2	0.90654	0.09812	8.12743e-07	8.96533e-07
656	15	15	19	19	15	5	0.865178	0.14482	1.15776e-06	1.33817e-06
657	15	15	23	24	19	6	0.834168	0.18132	1.39602e-06	1.67354e-06
658	14	14	16	16	15	1	0.899802	0.10558	8.60476e-07	9.56295e-07
659	17	17	12	12	11	1	0.922692	0.08046	6.7403e-07	7.30504e-07
660	19	18	19	19	13	7	0.856398	0.15502	1.23701e-06	1.44444e-06
661	19	16	13	13	13	0	0.921604	0.08164	6.7629e-07	7.33819e-07
662	17	17	30	31	23	11	0.778194	0.25078	1.81657e-06	2.33434e-06
663	23	23	12	12	12	0	0.92741	0.07536	6.28201e-07	6.77371e-07
664	13	11	6	6	5	1	0.958122	0.04278	3.7541e-07	3.91819e-07
665	14	14	16	16	14	2	0.895225	0.11068	9.03665e-07	1.00943e-06
666	15	15	28	29	19	18	0.760393	0.27392	1.97199e-06	2.59338e-06
667	12	11	10	10	7	4	0.920167	0.0832	7.14978e-07	7.77009e-07
668	17	17	22	22	10	22	0.77852	0.25036	1.87684e-06	2.41078e-06
669	11	11	24	24	20	5	0.838434	0.17622	1.3586e-06	1.62041e-06
670	20	20	15	15	13	3	0.896282	0.1095	9.01762e-07	1.00611e-06
671	10	10	21	21	16	6	0.850033	0.16248	1.27862e-06	1.5042e-06
672	24	24	11	11	8	4	0.914407	0.08948	7.62118e-07	8.33456e-07
673	13	13	16	18	13	8	0.857409	0.15384	1.23563e-06	1.44112e-06
674	20	20	20	22	15	11	0.823444	0.19426	1.50387e-06	1.82631e-06
675	16	15	9	9	8	1	0.94024	0.06162	5.27627e-07	5.61162e-07
676	17	17	23	24	17	8	0.825703	0.19152	1.46959e-06	1.77981e-06
677	18	18	16	16	12	5	0.881632	0.12598	1.03048e-06	1.16883e-06
678	8	8	12	12	9	4	0.908682	0.09576	8.0864e-07	8.89904e-07
679	13	13	9	9	9	0	0.945048	0.05652	4.80111e-07	5.08028e-07
680	22	22	17	17	11	8	0.862811	0.14756	1.19471e-06	1.38467e-06
681	17	17	19	20	15	6	0.855388	0.1562	1.23839e-06	1.44775e-06
682	14	14	11	11	9	2	0.923781	0.07928	6.71764e-07	7.2719e-07
683	17	17	20	20	16	5	0.859762	0.1511	1.19904e-06	1.39462e-06
684	16	15	11	11	8	4	0.914407	0.08948	7.62118e-07	8.33456e-07
685	9	9	12	12	8	5	0.90406	0.10086	8.52562e-07	9.43037e-07
686	18	17	15	16	13	3	0.890671	0.11578	9.46393e-07	1.06256e-06
687	12	11	4	4	3	1	0.970232	0.03022	2.70621e-07	2.78924e-07
688	21	21	18	19	16	3	0.874048	0.13462	1.07674e-06	1.2319e-06
689	11	11	11	11	11	0	0.933252	0.06908	5.79478e-07	6.20924e-07
690	17	16	28	28	19	13	0.784946	0.24214	1.78282e-06	2.27126e-06
691	14	13	10	10	10	0	0.939131	0.0628	5.30117e-07	5.64476e-07
692	8	8	5	5	5	0	0.969088	0.0314	2.73513e-07	2.82238e-07
693	16	16	10	10	9	1	0.934354	0.0679	5.77066e-07	6.17609e-07
694	13	13	13	13	7	10	0.87578	0.13264	1.10799e-06	1.26515e-06
695	18	18	13	13	8	6	0.89383	0.11224	9.40861e-07	1.05262e-06
696	14	14	5	5	4	1	0.964158	0.0365	3.23351e-07	3.35371e-07
697	21	21	35	36	21	26	0.698598	0.35868	2.38472e-06	3.41358e-06
698	12	12	13	13	11	2	0.912251	0.09184	7.66369e-07	8.40085e-07
699	22	20	28	29	21	17	0.764281	0.26882	1.94146e-06	2.54024e-06
700	14	14	22	23	15	12	0.814126	0.20564	1.57606e-06	1.93589e-06
701	13	13	6	6	3	6	0.933999	0.06828	6.1409e-07	6.57485e-07
702	16	16	16	17	13	7	0.867222	0.14246	1.15474e-06	1.33154e-06
703	17	17	15	16	12	4	0.88614	0.12088	9.88662e-07	1.11569e-06
704	19	19	20	20	14	7	0.851037	0.1613	1.27731e-06	1.50088e-06
705	16	16	24	24	17	9	0.821503	0.19662	1.50577e-06	1.83294e-06
706	12	10	13	14	7	10	0.870298	0.13892	1.15018e-06	1.3216e-06
707	19	19	19	19	15	5	0.865178	0.14482	1.15776e-06	1.33817e-06
708	15	13	15	15	9	9	0.869271	0.1401	1.15171e-06	1.32491e-06
709	15	15	25	25	12	24	0.756237	0.2794	2.03155e-06	2.68639e-06
710	15	14	18	19	17	2	0.878517	0.12952	1.03557e-06	1.17877e-06
711	17	15	8	8	7	1	0.946163	0.05534	4.77542e-07	5.04714e-07
712	15	15	18	18	14	5	0.870628	0.13854	1.1159e-06	1.28172e-06
713	19	19	15	15	13	2	0.900865	0.1044	8.58507e-07	9.5298e-07
714	18	18	12	13	12	1	0.916915	0.08674	7.21568e-07	7.86952e-07
715	14	13	14	14	14	0	0.915834	0.08792	7.23753e-07	7.90266e-07
716	13	13	16	16	9	22	0.808415	0.21268	1.67511e-06	2.07209e-06
717	21	21	12	13	10	3	0.90761	0.09694	8.10694e-07	8.93218e-07
718	15	15	11	11	10	1	0.928505	0.07418	6.25865e-07	6.74057e-07
719	15	15	13	14	12	2	0.90654	0.09812	8.12743e-07	8.96533e-07
720	17	17	22	22	15	9	0.831886	0.18406	1.43088e-06	1.72005e-06
721	11	10	5	5	3	3	0.954374	0.0467	4.21487e-07	4.41638e-07
722	20	19	17	17	12	7	0.867222	0.14246	1.15474e-06	1.33154e-06
723	10	10	14	14	12	3	0.901929	0.10322	8.56531e-07	9.49666e-07
724	24	23	18	19	16	3	0.874048	0.13462	1.07674e-06	1.2319e-06
725	13	13	18	18	13	6	0.8662	0.14364	1.15625e-06	1.33486e-06
726	15	15	16	16	13	3	0.890671	0.11578	9.46393e-07	1.06256e-06
727	15	14	15	15	11	5	0.887187	0.1197	9.86889e-07	1.11238e-06
728	18	18	20	20	14	9	0.8424	0.1715	1.35386e-06	1.60715e-06
729	17	16	10	10	9	1	0.934354	0.0679	5.77066e-07	6.17609e-07
730	10	10	15	16	13	4	0.88614	0.12088	9.88662e-07	1.11569e-06
731	20	20	26	27	19	13	0.789891	0.23586	1.74946e-06	2.21482e-06
732	25	25	28	28	20	11	0.792994	0.23194	1.71683e-06	2.165e-06
733	18	17	25	25	18	12	0.803965	0.2182	1.64715e-06	2.04879e-06
734	14	12	12	12	11	1	0.922692	0.08046	6.7403e-07	7.30504e-07
735	21	21	13	14	8	9	0.874748	0.13382	1.10959e-06	1.26847e-06
736	16	15	23	25	17	18	0.779736	0.2488	1.84609e-06	2.36759e-06
737	12	12	21	21	15	8	0.841407	0.17268	1.35506e-06	1.61047e-06
738	18	17	17	18	10	12	0.840095	0.17424	1.38923e-06	1.65366e-06
739	13	13	16	17	13	5	0.876113	0.13226	1.07348e-06	1.22528e-06
740	21	19	21	21	16	5	0.854379	0.15738	1.23976e-06	1.45107e-06
741	11	11	9	9	8	1	0.94024	0.06162	5.27627e-07	5.61162e-07
742	21	19	23	23	18	5	0.843715	0.16994	1.31954e-06	1.56396e-06
743	14	13	14	15	12	3	0.896282	0.1095	9.01762e-07	1.00611e-06
744	12	12	7	7	4	4	0.937667	0.06436	5.69789e-07	6.07666e-07
745	16	15	12	12	9	4	0.908682	0.09576	8.0864e-07	8.89904e-07
746	16	15	21	22	17	7	0.840415	0.17386	1.35624e-06	1.61378e-06
747	18	18	39	39	23	27	0.682072	0.38262	2.48005e-06	3.63605e-06
748	9	9	13	13	9	7	0.889283	0.11734	9.83326e-07	1.10575e-06
749	21	21	11	11	11	0	0.933252	0.06908	5.79478e-07	6.20924e-07
750	11	11	20	20	16	5	0.859762	0.1511	1.19904e-06	1.39462e-06
751	17	17	14	15	10	5	0.887187	0.1197	9.86889e-07	1.11238e-06
752	14	14	13	13	10	3	0.90761	0.09694	8.10694e-07	8.93218e-07
753	14	14	17	18	10	11	0.844391	0.16914	1.35147e-06	1.60052e-06
754	16	16	20	21	16	6	0.850033	0.16248	1.27862e-06	1.5042e-06
755	18	17	26	26	15	24	0.751503	0.28568	2.06125e-06	2.74283e-06
756	19	19	18	18	15	4	0.87508	0.13344	1.07511e-06	1.22859e-06
757	8	8	6	6	6	0	0.963021	0.03768	3.26161e-07	3.38686e-07
758	22	20	15	15	10	9	0.869271	0.1401	1.15171e-06	1.32491e-06
759	19	19	26	26	19	7	0.819566	0.19898	1.50765e-06	1.83957e-06
760	24	24	20	20	17	3	0.868576	0.1409	1.11903e-06	1.28835e-06
761	15	14	17	17	11	7	0.867222	0.14246	1.15474e-06	1.33154e-06
762	16	15	17	17	13	5	0.876113	0.13226	1.07348e-06	1.22528e-06
763	17	17	23	24	16	15	0.796745	0.22722	1.71439e-06	2.15174e-06
764	12	12	10	10	10	0	0.939131	0.0628	5.30117e-07	5.64476e-07
765	19	17	17	18	12	9	0.853048	0.15894	1.27467e-06	1.49426e-06
766	19	19	26	26	22	5	0.827969	0.18878	1.43512e-06	1.7333e-06
767	22	21	16	16	14	2	0.895225	0.11068	9.03665e-07	1.00943e-06
768	12	11	10	10	6	5	0.915486	0.0883	7.59984e-07	8.30142e-07
769	18	18	22	24	19	5	0.838434	0.17622	1.3586e-06	1.62041e-06
770	15	15	19	19	13	12	0.834836	0.18052	1.42766e-06	1.7101e-06
771	18	18	24	26	11	26	0.743877	0.29588	2.11938e-06	2.8491e-06
772	17	17	15	15	14	1	0.905471	0.0993	8.14786e-07	8.99847e-07
773	8	8	10	10	9	1	0.934354	0.0679	5.77066e-07	6.17609e-07
774	19	17	24	24	20	4	0.84272	0.17112	1.32077e-06	1.56728e-06
775	23	23	18	18	15	3	0.879554	0.12834	1.03388e-06	1.17546e-06
776	23	23	29	29	21	8	0.800179	0.22292	1.65001e-06	2.06205e-06
777	13	11	10	10	6	5	0.915486	0.0883	7.59984e-07	8.30142e-07
778	13	13	17	17	15	2	0.889621	0.11696	9.48225e-07	1.06588e-06
779	15	14	6	6	6	0	0.963021	0.03768	3.26161e-07	3.38686e-07
780	20	20	21	22	16	10	0.827654	0.18916	1.46758e-06	1.77318e-06
781	17	17	10	10	7	3	0.924872	0.0781	6.69492e-07	7.23876e-07
782	12	12	5	5	4	1	0.964158	0.0365	3.23351e-07	3.35371e-07
783	20	20	14	16	13	3	0.890671	0.11578	9.46393e-07	1.06256e-06
784	10	8	12	12	9	6	0.899461	0.10596	8.96016e-07	9.9617e-07
785	24	24	28	29	22	10	0.792059	0.23312	1.71743e-06	2.16831e-06
786	15	15	13	13	9	5	0.8984	0.10714	8.97937e-07	9.99485e-07
787	18	18	10	10	10	0	0.939131	0.0628	5.30117e-07	5.64476e-07
788	25	25	27	28	18	11	0.792994	0.23194	1.71683e-06	2.165e-06
789	13	13	9	9	9	0	0.945048	0.05652	4.80111e-07	5.08028e-07
790	18	17	21	23	16	8	0.830905	0.18524	1.43195e-06	1.72336e-06
791	14	14	17	17	10	11	0.84971	0.16286	1.31202e-06	1.54407e-06
792	20	19	15	16	14	2	0.895225	0.11068	9.03665e-07	1.00943e-06
793	11	11	16	16	14	3	0.890671	0.11578	9.46393e-07	1.06256e-06
794	23	22	23	23	17	6	0.839423	0.17504	1.35743e-06	1.61709e-06
795	14	13	13	14	10	7	0.883716	0.12362	1.02705e-06	1.1622e-06
796	13	13	12	12	11	1	0.922692	0.08046	6.7403e-07	7.30504e-07
797	16	15	14	15	10	6	0.882673	0.1248	1.02877e-06	1.16551e-06
798	7	7	2	2	2	0	0.987519	0.01256	1.11486e-07	1.12895e-07
799	18	18	28	29	19	16	0.768189	0.26372	1.91057e-06	2.48711e-06
800	16	15	12	12	8	7	0.894885	0.11106	9.39006e-07	1.0493e-06
801	21	21	8	8	5	6	0.922341	0.08084	7.10553e-07	7.7038e-07
802	11	11	8	8	3	11	0.899119	0.10634	9.31529e-07	1.03605e-06
803	20	20	24	24	16	10	0.817324	0.20172	1.54153e-06	1.88607e-06
804	14	14	18	18	15	3	0.879554	0.12834	1.03388e-06	1.17546e-06
805	15	15	29	30	23	8	0.795169	0.2292	1.68456e-06	2.11849e-06
806	16	16	8	9	6	4	0.925964	0.07692	6.67214e-07	7.20561e-07
807	20	19	18	18	17	1	0.888572	0.11814	9.50052e-07	1.06919e-06
808	18	17	11	11	8	3	0.919082	0.08438	7.17181e-07	7.80323e-07
809	7	7	6	6	6	0	0.963021	0.03768	3.26161e-07	3.38686e-07
810	21	21	21	21	16	7	0.845709	0.16758	1.31705e-06	1.55733e-06
811	12	12	9	9	8	1	0.94024	0.06162	5.27627e-07	5.61162e-07
812	28	28	22	24	15	11	0.813166	0.20682	1.5769e-06	1.93921e-06
813	23	22	18	19	14	6	0.860777	0.14992	1.1976e-06	1.3913e-06
814	17	16	18	19	16	3	0.874048	0.13462	1.07674e-06	1.2319e-06
815	16	15	10	10	8	3	0.924872	0.0781	6.69492e-07	7.23876e-07
816	13	13	24	24	19	6	0.834168	0.18132	1.39602e-06	1.67354e-06
817	19	19	13	14	10	5	0.892776	0.11342	9.42711e-07	1.05593e-06
818	13	13	7	7	6	1	0.952124	0.04906	4.26805e-07	4.48266e-07
819	16	16	7	8	5	3	0.936562	0.06554	5.72221e-07	6.1098e-07
820	12	12	19	21	16	5	0.854379	0.15738	1.23976e-06	1.45107e-06
821	13	12	11	11	10	1	0.928505	0.07418	6.25865e-07	6.74057e-07
822	15	15	11	11	8	6	0.905127	0.09968	8.50568e-07	9.39723e-07
823	19	19	26	27	23	4	0.826992	0.18996	1.43617e-06	1.73662e-06
824	17	17	11	11	10	1	0.928505	0.07418	6.25865e-07	6.74057e-07
825	10	8	8	8	7	1	0.946163	0.05534	4.77542e-07	5.04714e-07
826	19	18	13	14	9	8	0.87922	0.12872	1.06854e-06	1.21533e-06
827	26	26	23	23	16	11	0.818289	0.20054	1.54064e-06	1.88276e-06
828	23	23	36	37	24	18	0.723135	0.32416	2.20191e-06	3.04496e-06
829	13	13	9	9	5	7	0.911905	0.09222	8.0244e-07	8.79961e-07
830	15	15	28	28	18	15	0.776981	0.25234	1.8473e-06	2.37753e-06
831	15	15	15	15	11	4	0.891723	0.1146	9.44554e-07	1.05925e-06
832	22	22	34	34	22	15	0.748249	0.29002	2.03241e-06	2.71622e-06
833	17	17	23	23	12	16	0.797686	0.22604	1.71377e-06	2.14843e-06
834	13	13	24	24	17	9	0.821503	0.19662	1.50577e-06	1.83294e-06
835	20	19	14	14	12	2	0.90654	0.09812	8.12743e-07	8.96533e-07
836	10	9	8	8	6	3	0.936562	0.06554	5.72221e-07	6.1098e-07
837	23	22	19	19	15	7	0.856398	0.15502	1.23701e-06	1.44444e-06
838	13	13	19	19	14	11	0.839105	0.17542	1.39037e-06	1.65697e-06
839	35	35	33	33	19	27	0.708263	0.34494	2.3354e-06	3.29737e-06
840	26	26	27	28	19	16	0.773028	0.25744	1.87897e-06	2.43066e-06
841	15	15	25	27	18	16	0.777898	0.25116	1.8469e-06	2.37422e-06
842	17	17	15	15	13	3	0.896282	0.1095	9.01762e-07	1.00611e-06
843	17	17	26	26	20	9	0.811249	0.20918	1.57856e-06	1.94584e-06
844	20	20	16	16	13	3	0.890671	0.11578	9.46393e-07	1.06256e-06
845	14	14	18	19	12	9	0.847707	0.16522	1.31454e-06	1.5507e-06
846	17	17	21	21	16	6	0.850033	0.16248	1.27862e-06	1.5042e-06
847	13	13	13	13	8	6	0.89383	0.11224	9.40861e-07	1.05262e-06
848	14	13	5	5	4	1	0.964158	0.0365	3.23351e-07	3.35371e-07
849	16	16	9	9	8	1	0.94024	0.06162	5.27627e-07	5.61162e-07
850	17	17	8	9	6	3	0.930698	0.07182	6.21174e-07	6.67428e-07
851	18	16	20	20	12	12	0.82961	0.1868	1.46555e-06	1.76655e-06
852	17	17	7	7	6	1	0.952124	0.04906	4.26805e-07	4.48266e-07
853	20	18	21	21	14	7	0.845709	0.16758	1.31705e-06	1.55733e-06
854	11	11	19	19	15	5	0.865178	0.14482	1.15776e-06	1.33817e-06
855	10	9	9	9	5	7	0.911905	0.09222	8.0244e-07	8.79961e-07
856	14	14	15	16	10	10	0.859435	0.15148	1.23285e-06	1.43449e-06
857	16	15	14	14	9	11	0.86587	0.14402	1.19034e-06	1.37473e-06
858	16	15	8	9	8	1	0.94024	0.06162	5.27627e-07	5.61162e-07
859	22	22	15	15	15	0	0.910101	0.0942	7.70595e-07	8.46714e-07
860	18	18	13	13	11	2	0.912251	0.09184	7.66369e-07	8.40085e-07
861	19	19	26	26	20	7	0.819566	0.19898	1.50765e-06	1.83957e-06
862	21	20	19	20	11	17	0.808722	0.2123	1.6435e-06	2.03222e-06
863	11	11	10	10	7	6	0.910829	0.0934	8.04513e-07	8.83275e-07
864	27	27	24	24	20	5	0.838434	0.17622	1.3586e-06	1.62041e-06
865	14	14	14	14	10	5	0.892776	0.11342	9.42711e-07	1.05593e-06
866	18	18	15	15	9	10	0.864849	0.1452	1.1918e-06	1.37805e-06
867	14	14	13	13	10	4	0.902993	0.10204	8.54549e-07	9.46352e-07
868	15	15	17	17	12	7	0.867222	0.14246	1.15474e-06	1.33154e-06
869	18	17	16	16	14	2	0.895225	0.11068	9.03665e-07	1.00943e-06
870	13	13	7	7	6	1	0.952124	0.04906	4.26805e-07	4.48266e-07
871	17	16	23	24	18	7	0.829925	0.18642	1.43301e-06	1.72667e-06
872	12	12	7	7	6	1	0.952124	0.04906	4.26805e-07	4.48266e-07
873	23	23	19	19	15	4	0.869602	0.13972	1.11747e-06	1.28504e-06
874	14	14	14	14	10	5	0.892776	0.11342	9.42711e-07	1.05593e-06
875	21	21	26	26	17	22	0.759208	0.27548	2.0017e-06	2.63657e-06
876	17	16	23	25	21	7	0.824729	0.1927	1.47059e-06	1.78312e-06
877	12	12	17	18	11	10	0.848708	0.16404	1.31328e-06	1.54739e-06
878	19	17	19	19	15	7	0.856398	0.15502	1.23701e-06	1.44444e-06
879	18	18	23	24	21	3	0.847029	0.16602	1.28252e-06	1.51414e-06
880	22	22	22	23	18	6	0.839423	0.17504	1.35743e-06	1.61709e-06
881	12	10	18	18	9	18	0.814778	0.20484	1.60711e-06	1.97245e-06
882	18	18	27	29	18	14	0.776064	0.25352	1.84769e-06	2.38085e-06
883	15	15	16	17	12	5	0.876113	0.13226	1.07348e-06	1.22528e-06
884	13	12	15	15	12	3	0.896282	0.1095	9.01762e-07	1.00611e-06
885	17	16	21	21	12	15	0.811898	0.20838	1.60951e-06	1.9824e-06
886	14	14	19	19	12	9	0.847707	0.16522	1.31454e-06	1.5507e-06
887	19	18	20	21	16	5	0.854379	0.15738	1.23976e-06	1.45107e-06
888	9	9	12	12	10	2	0.917998	0.08556	7.19378e-07	7.83638e-07
889	23	23	31	33	22	14	0.756812	0.27864	1.97273e-06	2.60664e-06
890	13	13	14	14	10	7	0.883716	0.12362	1.02705e-06	1.1622e-06
891	13	13	23	23	17	7	0.835153	0.18014	1.3949e-06	1.67023e-06
892	15	15	13	13	10	3	0.90761	0.09694	8.10694e-07	8.93218e-07
893	16	14	19	21	13	14	0.81605	0.20328	1.57438e-06	1.92926e-06
894	21	21	21	22	15	11	0.823444	0.19426	1.50387e-06	1.82631e-06
895	16	16	12	12	8	6	0.899461	0.10596	8.96016e-07	9.9617e-07
896	12	12	10	10	10	0	0.939131	0.0628	5.30117e-07	5.64476e-07
897	16	16	5	6	5	1	0.958122	0.04278	3.7541e-07	3.91819e-07
898	15	15	28	29	18	20	0.752676	0.28412	2.03196e-06	2.69964e-06
899	13	11	12	14	8	7	0.883716	0.12362	1.02705e-06	1.1622e-06
900	15	15	20	22	15	13	0.815087	0.20446	1.57522e-06	1.93258e-06
901	15	15	28	28	19	11	0.792994	0.23194	1.71683e-06	2.165e-06
902	12	12	15	16	11	6	0.877148	0.13108	1.07184e-06	1.22196e-06
903	18	16	25	26	18	11	0.803017	0.21938	1.64787e-06	2.0521e-06
904	18	16	12	12	10	2	0.917998	0.08556	7.19378e-07	7.83638e-07
905	20	19	10	12	8	5	0.90406	0.10086	8.52562e-07	9.43037e-07
906	11	10	17	17	15	2	0.889621	0.11696	9.48225e-07	1.06588e-06
907	17	17	25	25	19	7	0.824729	0.1927	1.47059e-06	1.78312e-06
908	14	14	15	15	14	1	0.905471	0.0993	8.14786e-07	8.99847e-07
909	17	16	36	36	27	12	0.750302	0.28728	2.00309e-06	2.66971e-06
910	16	16	22	22	18	4	0.853372	0.15856	1.24113e-06	1.45438e-06
911	25	24	44	46	31	26	0.656075	0.42148	2.6099e-06	3.97805e-06
912	18	17	13	15	11	6	0.882673	0.1248	1.02877e-06	1.16551e-06
913	21	19	17	18	16	3	0.879554	0.12834	1.03388e-06	1.17546e-06
914	21	21	28	28	20	13	0.784946	0.24214	1.78282e-06	2.27126e-06
915	11	11	11	11	9	3	0.919082	0.08438	7.17181e-07	7.80323e-07
916	26	25	29	30	22	10	0.7871	0.2394	1.75111e-06	2.22476e-06
917	14	14	9	10	8	3	0.924872	0.0781	6.69492e-07	7.23876e-07
918	19	18	30	30	19	20	0.747964	0.2904	2.06146e-06	2.75609e-06
919	16	16	16	17	12	6	0.871656	0.13736	1.11433e-06	1.27841e-06
920	16	16	19	19	16	3	0.874048	0.13462	1.07674e-06	1.2319e-06
921	9	9	8	8	5	4	0.931797	0.07064	6.18819e-07	6.64114e-07
922	26	26	22	24	15	15	0.796745	0.22722	1.71439e-06	2.15174e-06
923	18	17	23	23	16	13	0.809985	0.21074	1.61108e-06	1.98903e-06
924	12	12	8	8	6	3	0.936562	0.06554	5.72221e-07	6.1098e-07
925	18	18	29	30	20	17	0.759496	0.2751	1.97218e-06	2.59669e-06
926	14	14	11	11	8	4	0.914407	0.08948	7.62118e-07	8.33456e-07
927	23	21	33	33	26	8	0.780329	0.24804	1.78526e-06	2.28784e-06
928	16	15	16	16	9	13	0.846386	0.16678	1.34905e-06	1.59389e-06
929	14	14	7	7	7	0	0.956992	0.04396	3.78139e-07	3.95133e-07
930	19	19	28	28	17	18	0.765183	0.26764	1.94122e-06	2.53693e-06
931	11	11	16	16	14	2	0.895225	0.11068	9.03665e-07	1.00943e-06
932	22	22	29	29	18	20	0.752676	0.28412	2.03196e-06	2.69964e-06
933	12	12	24	25	20	5	0.833185	0.1825	1.39713e-06	1.67686e-06
934	14	14	18	19	12	11	0.839105	0.17542	1.39037e-06	1.65697e-06
935	15	14	11	12	8	7	0.894885	0.11106	9.39006e-07	1.0493e-06
936	20	20	15	15	8	11	0.86045	0.1503	1.23146e-06	1.43118e-06
937	17	17	11	12	10	2	0.917998	0.08556	7.19378e-07	7.83638e-07
938	13	12	8	8	7	1	0.946163	0.05534	4.77542e-07	5.04714e-07
939	19	19	25	25	20	8	0.820534	0.1978	1.50671e-06	1.83626e-06
940	9	9	4	4	1	6	0.945804	0.05572	5.15075e-07	5.4459e-07
941	23	23	23	23	18	6	0.839423	0.17504	1.35743e-06	1.61709e-06
942	13	13	12	12	11	1	0.922692	0.08046	6.7403e-07	7.30504e-07
943	14	14	9	9	7	3	0.930698	0.07182	6.21174e-07	6.67428e-07
944	15	15	13	13	11	2	0.912251	0.09184	7.66369e-07	8.40085e-07
945	17	17	10	10	9	1	0.934354	0.0679	5.77066e-07	6.17609e-07
946	17	17	12	12	10	3	0.913328	0.09066	7.64246e-07	8.36771e-07
947	17	17	9	10	8	2	0.929601	0.073	6.23523e-07	6.70742e-07
948	19	19	33	34	26	12	0.759785	0.27472	1.94263e-06	2.55682e-06
949	16	16	28	29	21	10	0.792059	0.23312	1.71743e-06	2.16831e-06
950	19	19	19	20	15	5	0.859762	0.1511	1.19904e-06	1.39462e-06
951	13	12	11	11	10	1	0.928505	0.07418	6.25865e-07	6.74057e-07
952	16	16	6	7	5	3	0.942462	0.05926	5.22626e-07	5.54533e-07
953	15	15	16	17	13	5	0.876113	0.13226	1.07348e-06	1.22528e-06
954	12	12	16	17	12	6	0.871656	0.13736	1.11433e-06	1.27841e-06
955	17	15	14	15	9	10	0.864849	0.1452	1.1918e-06	1.37805e-06
956	20	20	27	27	20	10	0.80207	0.22056	1.64859e-06	2.05542e-06
957	20	20	26	26	20	12	0.798932	0.22448	1.68194e-06	2.10524e-06
958	24	23	20	20	14	9	0.8424	0.1715	1.35386e-06	1.60715e-06
959	16	15	9	9	9	0	0.945048	0.05652	4.80111e-07	5.08028e-07
960	13	13	20	21	14	9	0.837127	0.17778	1.39264e-06	1.6636e-06
961	9	9	17	18	8	31	0.76251	0.27114	2.03071e-06	2.66319e-06
962	16	15	12	12	10	2	0.917998	0.08556	7.19378e-07	7.83638e-07
963	15	15	22	25	12	30	0.733447	0.31	2.20414e-06	3.00519e-06
964	18	17	23	23	18	6	0.839423	0.17504	1.35743e-06	1.61709e-06
965	23	23	39	44	24	31	0.64764	0.43442	2.67529e-06	4.13082e-06
966	20	20	8	8	8	0	0.951001	0.05024	4.29454e-07	4.51581e-07
967	11	11	6	6	6	0	0.963021	0.03768	3.26161e-07	3.38686e-07
968	25	24	41	41	28	17	0.708801	0.34418	2.28065e-06	3.21762e-06
969	14	14	17	17	12	7	0.867222	0.14246	1.15474e-06	1.33154e-06
970	21	20	19	20	17	3	0.868576	0.1409	1.11903e-06	1.28835e-06
971	16	16	21	21	14	9	0.837127	0.17778	1.39264e-06	1.6636e-06
972	17	16	23	23	19	5	0.843715	0.16994	1.31954e-06	1.56396e-06
973	18	17	18	18	13	6	0.8662	0.14364	1.15625e-06	1.33486e-06
974	10	10	5	5	5	0	0.969088	0.0314	2.73513e-07	2.82238e-07
975	20	20	19	20	14	10	0.838115	0.1766	1.39151e-06	1.66028e-06
976	15	15	20	22	16	6	0.844712	0.16876	1.3183e-06	1.56065e-06
977	16	16	25	29	14	29	0.718909	0.33002	2.28458e-06	3.17784e-06
978	14	14	11	12	11	1	0.922692	0.08046	6.7403e-07	7.30504e-07
979	22	20	19	19	11	13	0.830589	0.18562	1.46452e-06	1.76324e-06
980	16	16	13	13	11	2	0.912251	0.09184	7.66369e-07	8.40085e-07
981	16	16	27	28	21	10	0.797048	0.22684	1.68326e-06	2.11186e-06
982	18	18	8	8	8	0	0.951001	0.05024	4.29454e-07	4.51581e-07
983	13	12	9	9	5	10	0.898059	0.10752	9.33407e-07	1.03936e-06
984	22	22	30	31	22	12	0.774235	0.25588	1.84847e-06	2.38747e-06
985	12	11	10	11	10	1	0.928505	0.07418	6.25865e-07	6.74057e-07
986	13	12	12	12	7	9	0.885804	0.12126	1.02361e-06	1.15557e-06
987	14	14	15	15	11	4	0.891723	0.1146	9.44554e-07	1.05925e-06
988	21	19	16	16	10	7	0.872686	0.13618	1.11276e-06	1.27509e-06
989	17	17	20	20	16	5	0.859762	0.1511	1.19904e-06	1.39462e-06
990	31	31	31	31	26	5	0.802374	0.22018	1.61722e-06	2.01554e-06
991	19	18	25	25	18	11	0.808075	0.2131	1.61264e-06	1.99566e-06
992	15	15	20	20	15	6	0.855388	0.1562	1.23839e-06	1.44775e-06
993	22	22	10	12	9	3	0.913328	0.09066	7.64246e-07	8.36771e-07
994	12	12	5	5	4	1	0.964158	0.0365	3.23351e-07	3.35371e-07
995	15	15	19	19	16	4	0.869602	0.13972	1.11747e-06	1.28504e-06
996	15	15	10	10	8	3	0.924872	0.0781	6.69492e-07	7.23876e-07
997	16	16	32	33	16	55	0.614012	0.48774	2.93811e-06	4.7851e-06
998	17	17	19	19	11	15	0.82216	0.19582	1.53703e-06	1.8695e-06
999	18	17	10	10	7	4	0.920167	0.0832	7.14978e-07	7.77009e-07
1000	19	19	25	26	13	26	0.743877	0.29588	2.11938e-06	2.8491e-06