Hist	Tr_Tot	Tr_in	DSBs	DSBt	RIFs	NComb	PSurv	lPSurv	PMut*	PMut
1	5	5	61	69	29	132	0.330708	1.10652	3.60752e-06	1.09085e-05
2	5	5	34	37	23	26	0.694224	0.36496	2.40898e-06	3.47002e-06
3	6	6	58	62	24	168	0.287607	1.24616	3.57384e-06	1.24261e-05
4	5	5	70	77	22	327	0.116337	2.15126	2.52697e-06	2.1721e-05
5	4	4	66	73	25	293	0.141885	1.95274	2.79353e-06	1.96887e-05
6	2	2	29	37	11	129	0.410549	0.89026	3.67143e-06	8.94274e-06
7	11	11	129	152	46	539	0.0246381	3.70346	9.17002e-07	3.72188e-05
8	6	6	43	45	20	75	0.514222	0.6651	3.35537e-06	6.52513e-06
9	7	7	66	78	22	296	0.135411	1.99944	2.72587e-06	2.01303e-05
10	5	5	109	125	28	652	0.0164045	4.1102	6.84048e-07	4.16988e-05
11	9	9	112	125	37	943	0.003719	5.5943	2.1258e-07	5.71606e-05
12	12	12	58	61	29	89	0.433016	0.83698	3.53868e-06	8.17216e-06
13	6	6	49	55	23	113	0.397842	0.9217	3.62381e-06	9.10867e-06
14	6	6	53	53	20	196	0.263833	1.33244	3.5369e-06	1.34058e-05
15	5	5	37	46	16	128	0.389972	0.94168	3.66482e-06	9.39764e-06
16	3	2	7	9	6	3	0.930698	0.07182	6.21174e-07	6.67428e-07
17	7	7	111	132	38	373	0.0651372	2.73126	1.77628e-06	2.72698e-05
18	4	4	68	81	17	683	0.0184631	3.99198	7.54444e-07	4.08622e-05
19	6	6	38	40	24	43	0.62469	0.4705	2.83774e-06	4.54263e-06
20	9	8	91	105	42	224	0.165002	1.8018	2.94179e-06	1.78288e-05
21	9	9	171	189	56	987	0.00198801	6.22062	1.25466e-07	6.31111e-05
22	9	9	79	90	35	293	0.127518	2.0595	2.63303e-06	2.06483e-05
23	6	6	51	57	27	88	0.446302	0.80676	3.52276e-06	7.89323e-06
24	4	4	6	6	6	0	0.963021	0.03768	3.26161e-07	3.38686e-07
25	5	5	23	27	16	20	0.76219	0.27156	1.97159e-06	2.58675e-06
26	7	6	64	74	29	183	0.247086	1.39802	3.43461e-06	1.39005e-05
27	11	11	152	177	53	685	0.0100011	4.60506	4.63926e-07	4.63875e-05
28	9	8	53	60	31	181	0.272559	1.2999	3.54435e-06	1.3004e-05
29	7	6	110	123	37	554	0.0273828	3.59784	9.96155e-07	3.63788e-05
30	4	4	25	27	14	30	0.724292	0.32256	2.2584e-06	3.11808e-06
31	5	5	60	70	27	195	0.23833	1.4341	3.41105e-06	1.43123e-05
32	5	5	31	36	23	32	0.677545	0.38928	2.52885e-06	3.73238e-06
33	6	6	33	38	16	63	0.571243	0.55994	3.1375e-06	5.4924e-06
34	9	9	119	133	49	445	0.0448362	3.10474	1.39673e-06	3.11518e-05
35	3	2	36	38	15	93	0.490201	0.71294	3.47376e-06	7.0864e-06
36	13	13	186	210	71	696	0.00768565	4.8684	3.75327e-07	4.88347e-05
37	5	5	47	50	20	79	0.488264	0.7169	3.42756e-06	7.0199e-06
38	11	11	143	160	62	385	0.0513906	2.9683	1.5154e-06	2.94879e-05
39	7	7	84	105	30	328	0.0970819	2.3322	2.26732e-06	2.33547e-05
40	16	16	200	222	81	595	0.0119305	4.42866	5.26678e-07	4.41456e-05
41	9	9	108	120	47	325	0.0897166	2.4111	2.15697e-06	2.4042e-05
42	5	5	59	67	28	176	0.267574	1.31836	3.51416e-06	1.31334e-05
43	6	6	49	54	23	127	0.37276	0.98682	3.65159e-06	9.79609e-06
44	4	4	33	36	15	82	0.52504	0.64428	3.3545e-06	6.38904e-06
45	5	5	87	112	24	563	0.028025	3.57466	1.01552e-06	3.62361e-05
46	9	8	35	36	13	77	0.538601	0.61878	3.29805e-06	6.12337e-06
47	6	6	66	68	33	102	0.38781	0.94724	3.59035e-06	9.25802e-06
48	5	5	85	93	22	344	0.096478	2.33844	2.26988e-06	2.35274e-05
49	3	3	40	43	13	105	0.446847	0.80554	3.57756e-06	8.00623e-06
50	11	11	101	108	45	234	0.153871	1.87164	2.85116e-06	1.85295e-05
51	4	4	60	69	25	154	0.295608	1.21872	3.57018e-06	1.20774e-05
52	9	9	99	110	40	297	0.110195	2.2055	2.42317e-06	2.19898e-05
53	6	5	32	36	20	47	0.627645	0.46578	2.84284e-06	4.52937e-06
54	4	4	19	19	14	8	0.852042	0.16012	1.27599e-06	1.49757e-06
55	9	9	119	126	47	408	0.0565811	2.87208	1.62901e-06	2.87907e-05
56	9	9	76	89	41	172	0.237849	1.43612	3.36859e-06	1.41627e-05
57	5	5	22	25	12	29	0.737197	0.3049	2.17624e-06	2.95205e-06
58	4	4	50	62	16	375	0.100073	2.30186	2.34417e-06	2.34247e-05
59	4	4	74	86	26	259	0.15552	1.86098	2.89516e-06	1.8616e-05
60	5	5	61	70	23	238	0.191398	1.6534	3.17664e-06	1.6597e-05
61	11	11	49	55	31	98	0.429471	0.8452	3.56963e-06	8.31167e-06
62	9	9	147	163	62	467	0.0331955	3.40534	1.12912e-06	3.40142e-05
63	10	10	100	105	46	219	0.169263	1.7763	2.9728e-06	1.75632e-05
64	6	6	48	54	25	156	0.321512	1.13472	3.64497e-06	1.13369e-05
65	7	7	114	135	52	338	0.0764132	2.5716	1.95461e-06	2.55794e-05
66	5	5	83	91	31	221	0.182943	1.69858	3.08793e-06	1.68792e-05
67	4	4	106	127	35	728	0.0109945	4.51036	5.04096e-07	4.58498e-05
68	6	6	98	105	40	299	0.112556	2.1843	2.45529e-06	2.18138e-05
69	7	7	58	66	24	301	0.142334	1.94958	2.80663e-06	1.97186e-05
70	6	5	35	36	28	11	0.754138	0.28218	1.97326e-06	2.61658e-06
71	10	10	127	149	53	503	0.0301666	3.50102	1.05995e-06	3.51367e-05
72	4	4	50	56	18	178	0.283802	1.25948	3.58123e-06	1.26188e-05
73	4	4	81	97	25	328	0.102084	2.28196	2.33804e-06	2.29031e-05
74	9	9	75	86	39	207	0.20275	1.59578	3.21421e-06	1.58531e-05
75	9	9	123	136	37	781	0.00792938	4.83718	3.89919e-07	4.91739e-05
76	3	3	16	17	11	10	0.854055	0.15776	1.27335e-06	1.49094e-06
77	7	7	43	46	26	51	0.577539	0.54898	3.06464e-06	5.30638e-06
78	3	3	16	16	13	4	0.88614	0.12088	9.88662e-07	1.11569e-06
79	4	4	53	59	30	124	0.366807	1.00292	3.63833e-06	9.91893e-06
80	9	9	58	60	38	60	0.5052	0.6828	3.32162e-06	6.57485e-06
81	5	5	50	65	8	1072	0.00280767	5.8754	1.70223e-07	6.06279e-05
82	6	5	62	67	35	98	0.398296	0.92056	3.5803e-06	8.98904e-06
83	10	10	112	126	53	381	0.0649343	2.73438	1.77635e-06	2.73561e-05
84	9	8	36	39	22	41	0.63507	0.45402	2.78155e-06	4.37992e-06
85	2	2	13	16	6	46	0.715281	0.33508	2.39425e-06	3.34729e-06
86	4	4	68	77	29	189	0.235167	1.44746	3.38373e-06	1.43886e-05
87	4	4	51	64	20	395	0.0892405	2.41642	2.19534e-06	2.46003e-05
88	10	10	60	63	34	72	0.46634	0.76284	3.44242e-06	7.38179e-06
89	7	7	136	145	52	345	0.0692453	2.6701	1.8361e-06	2.65159e-05
90	10	10	124	145	37	597	0.0191529	3.9553	7.64305e-07	3.99054e-05
91	9	8	65	74	38	226	0.19843	1.61732	3.21163e-06	1.61852e-05
92	9	9	72	75	31	128	0.325042	1.1238	3.58672e-06	1.10346e-05
93	7	6	45	49	30	95	0.452838	0.79222	3.53829e-06	7.81359e-06
94	5	5	77	90	36	270	0.143388	1.9422	2.78549e-06	1.94262e-05
95	11	8	95	106	48	334	0.0935668	2.36908	2.22033e-06	2.37299e-05
96	6	6	59	68	25	183	0.256574	1.36034	3.4796e-06	1.35618e-05
97	10	10	122	135	43	738	0.00993591	4.6116	4.65326e-07	4.68327e-05
98	13	13	151	174	66	814	0.00527846	5.24412	2.8014e-07	5.30723e-05
99	7	7	58	62	28	103	0.400653	0.91466	3.59485e-06	8.97247e-06
100	13	13	153	167	60	435	0.0381107	3.26726	1.24011e-06	3.25397e-05
101	4	4	14	17	11	9	0.858422	0.15266	1.23425e-06	1.43781e-06
102	9	9	40	47	29	90	0.470406	0.75416	3.49748e-06	7.43503e-06
103	4	4	22	24	15	19	0.780657	0.24762	1.84569e-06	2.36427e-06
104	5	5	30	34	14	56	0.607065	0.49912	2.97139e-06	4.89468e-06
105	3	3	62	72	16	392	0.0861763	2.45136	2.14514e-06	2.48924e-05
106	7	7	27	31	15	40	0.671205	0.39868	2.60106e-06	3.8752e-06
107	5	4	98	111	31	414	0.0602966	2.80848	1.70415e-06	2.82628e-05
108	7	7	71	76	25	207	0.215891	1.53298	3.30067e-06	1.52886e-05
109	3	3	32	39	10	132	0.399269	0.91812	3.67928e-06	9.21504e-06
110	5	5	64	68	28	172	0.271379	1.30424	3.52178e-06	1.29773e-05
111	2	2	37	46	10	189	0.285709	1.25278	3.61101e-06	1.26388e-05
112	3	3	21	22	13	11	0.823444	0.19426	1.50387e-06	1.82631e-06
113	5	5	36	42	15	168	0.326097	1.12056	3.68398e-06	1.12972e-05
114	9	9	89	98	51	135	0.27146	1.30394	3.44886e-06	1.27048e-05
115	9	9	32	33	21	26	0.711884	0.33984	2.30952e-06	3.24423e-06
116	6	6	40	43	24	56	0.573705	0.55564	3.09956e-06	5.40271e-06
117	10	10	119	129	57	276	0.108857	2.21772	2.38903e-06	2.19465e-05
118	12	11	122	141	54	547	0.0253448	3.67518	9.38341e-07	3.7023e-05
119	2	2	30	36	5	252	0.220627	1.51128	3.40245e-06	1.54217e-05
120	10	9	99	107	44	244	0.147142	1.91636	2.79634e-06	1.90044e-05
121	7	7	102	113	39	351	0.0821063	2.49974	2.05498e-06	2.50283e-05
122	5	5	16	18	9	30	0.766408	0.26604	2.00037e-06	2.61005e-06
123	7	7	86	95	34	179	0.22102	1.5095	3.28732e-06	1.48734e-05
124	9	9	116	136	44	391	0.0579497	2.84818	1.64878e-06	2.8452e-05
125	5	5	18	22	12	17	0.798628	0.22486	1.71315e-06	2.14511e-06
126	9	8	36	43	23	102	0.453736	0.79024	3.56039e-06	7.84683e-06
127	9	9	76	92	30	257	0.151305	1.88846	2.85185e-06	1.88484e-05
128	3	3	8	9	8	1	0.94024	0.06162	5.27627e-07	5.61162e-07
129	5	5	13	13	11	2	0.912251	0.09184	7.66369e-07	8.40085e-07
130	2	2	17	17	8	37	0.744189	0.29546	2.17715e-06	2.92554e-06
131	10	10	103	113	46	284	0.115551	2.15804	2.4807e-06	2.14684e-05
132	5	5	31	32	15	35	0.684231	0.37946	2.50838e-06	3.66599e-06
133	7	7	71	77	31	268	0.157181	1.85036	2.92138e-06	1.85862e-05
134	3	3	26	26	18	17	0.778816	0.24998	1.8465e-06	2.3709e-06
135	10	10	159	184	59	688	0.00942566	4.66432	4.42459e-07	4.6942e-05
136	4	4	53	59	24	103	0.408273	0.89582	3.59408e-06	8.80313e-06
137	3	3	11	12	6	21	0.833218	0.18246	1.4941e-06	1.79317e-06
138	3	3	10	11	7	5	0.909755	0.09458	8.06579e-07	8.8659e-07
139	2	2	59	70	20	324	0.12344	2.092	2.61279e-06	2.11665e-05
140	3	3	3	3	2	1	0.976344	0.02394	2.17213e-07	2.22476e-07
141	10	9	120	130	41	398	0.0580645	2.8462	1.65398e-06	2.84852e-05
142	14	14	156	173	77	306	0.0708607	2.64704	1.84409e-06	2.60242e-05
143	5	5	26	26	18	19	0.770913	0.26018	1.90968e-06	2.47717e-06
144	6	6	65	71	30	109	0.367225	1.00178	3.59855e-06	9.7993e-06
145	7	7	120	149	35	643	0.014772	4.21502	6.28924e-07	4.25753e-05
146	6	5	19	19	14	9	0.847707	0.16522	1.31454e-06	1.5507e-06
147	12	12	142	153	60	511	0.0282421	3.56694	1.01072e-06	3.57875e-05
148	10	10	66	71	35	101	0.382518	0.96098	3.58581e-06	9.37423e-06
149	5	5	30	32	14	97	0.498745	0.69566	3.47139e-06	6.96024e-06
150	6	6	36	40	17	113	0.437141	0.8275	3.61164e-06	8.26196e-06
151	10	10	128	151	50	544	0.0241691	3.72268	9.04603e-07	3.7428e-05
152	11	11	97	106	49	163	0.223805	1.49698	3.27744e-06	1.46442e-05
153	7	7	81	88	37	215	0.192215	1.64914	3.1506e-06	1.6391e-05
154	12	12	247	290	74	2225	1.90944e-06	13.1687	2.56994e-10	0.000134591
155	5	5	78	95	37	225	0.174802	1.7441	3.02714e-06	1.73175e-05
156	11	9	83	87	43	145	0.276413	1.28586	3.48702e-06	1.26153e-05
157	4	4	84	96	24	1229	0.00103767	6.87078	7.33835e-08	7.07197e-05
158	5	5	20	21	13	11	0.828631	0.18798	1.46657e-06	1.76986e-06
159	7	7	69	77	21	680	0.0192247	3.95156	7.78158e-07	4.0477e-05
160	11	10	101	114	39	418	0.0579764	2.84772	1.66072e-06	2.86447e-05
161	5	5	88	96	25	734	0.0129549	4.34628	5.75441e-07	4.44187e-05
162	7	7	51	55	23	95	0.436093	0.8299	3.55515e-06	8.15227e-06
163	3	3	9	9	8	1	0.94024	0.06162	5.27627e-07	5.61162e-07
164	4	3	28	29	18	19	0.756525	0.27902	2.00215e-06	2.64651e-06
165	4	3	9	9	9	0	0.945048	0.05652	4.80111e-07	5.08028e-07
166	4	4	65	75	23	218	0.205399	1.5828	3.24872e-06	1.58166e-05
167	1	1	3	4	2	3	0.960386	0.04042	3.69931e-07	3.8519e-07
168	6	5	46	47	26	64	0.537106	0.62156	3.2514e-06	6.05356e-06
169	5	5	71	82	22	290	0.136155	1.99396	2.72819e-06	2.00373e-05
170	11	10	159	173	57	619	0.0143596	4.24334	6.12505e-07	4.26549e-05
171	9	9	108	123	44	315	0.0926487	2.37894	2.19392e-06	2.368e-05
172	5	5	31	39	15	97	0.477295	0.73962	3.51069e-06	7.35538e-06
173	7	7	29	32	21	17	0.750017	0.28766	2.03224e-06	2.70959e-06
174	11	11	118	133	44	447	0.0443812	3.11494	1.38727e-06	3.12581e-05
175	6	5	33	36	17	46	0.630855	0.46068	2.82386e-06	4.47624e-06
176	10	10	81	93	31	471	0.0504819	2.98614	1.52836e-06	3.02754e-05
177	7	7	44	45	30	72	0.52215	0.6498	3.32387e-06	6.36573e-06
178	5	5	23	28	18	39	0.687468	0.37474	2.51113e-06	3.65273e-06
179	7	7	118	133	35	490	0.0356417	3.33424	1.19552e-06	3.35428e-05
180	3	3	33	43	14	111	0.43338	0.83614	3.6079e-06	8.32503e-06
181	6	6	62	67	27	250	0.18346	1.69576	3.13079e-06	1.70653e-05
182	3	3	38	44	18	75	0.517462	0.65882	3.3473e-06	6.46868e-06
183	14	13	108	117	45	203	0.170323	1.77006	2.96198e-06	1.73904e-05
184	5	5	78	84	30	148	0.277393	1.28232	3.49663e-06	1.26053e-05
185	4	4	61	69	23	342	0.113322	2.17752	2.50062e-06	2.20664e-05
186	4	4	22	23	17	10	0.822473	0.19544	1.50482e-06	1.82963e-06
187	4	4	23	25	13	28	0.740966	0.2998	2.148e-06	2.89892e-06
188	9	9	93	110	39	426	0.0570744	2.8634	1.64625e-06	2.8844e-05
189	4	4	64	77	20	434	0.0674101	2.69696	1.84746e-06	2.74063e-05
190	5	5	37	40	17	78	0.522568	0.649	3.34563e-06	6.40229e-06
191	4	4	44	51	16	300	0.157193	1.85028	2.95818e-06	1.88188e-05
192	9	9	118	135	36	600	0.0200846	3.9078	7.9335e-07	3.95003e-05
193	4	4	43	54	19	135	0.357858	1.02762	3.65772e-06	1.02212e-05
194	9	9	55	60	32	93	0.426945	0.8511	3.5557e-06	8.32824e-06
195	7	7	99	123	28	741	0.0105509	4.55154	4.88664e-07	4.63148e-05
196	5	5	43	46	18	124	0.398009	0.92128	3.65576e-06	9.18511e-06
197	9	8	183	223	48	2098	5.55818e-06	12.1002	6.89555e-10	0.000124061
198	3	3	23	25	10	70	0.598098	0.514	3.06855e-06	5.13051e-06
199	10	10	177	204	57	985	0.00182784	6.30462	1.1671e-07	6.38515e-05
200	3	3	80	93	23	573	0.0300065	3.50634	1.07108e-06	3.5695e-05
201	6	6	68	76	32	138	0.306947	1.18108	3.56746e-06	1.16224e-05
202	7	7	68	72	30	149	0.297584	1.21206	3.56537e-06	1.19811e-05
203	12	11	126	144	58	399	0.052907	2.93922	1.55169e-06	2.93286e-05
204	13	13	105	119	58	179	0.190097	1.66022	3.08492e-06	1.62281e-05
205	7	7	125	137	44	866	0.00510794	5.27696	2.74535e-07	5.37467e-05
206	6	6	39	41	19	41	0.627143	0.46658	2.81764e-06	4.49281e-06
207	4	4	23	25	18	11	0.808075	0.2131	1.61264e-06	1.99566e-06
208	9	8	153	174	59	438	0.0359179	3.32652	1.18867e-06	3.30942e-05
209	6	6	58	63	25	205	0.236658	1.44114	3.41935e-06	1.44485e-05
210	10	10	103	115	39	474	0.0433001	3.1396	1.3716e-06	3.16766e-05
211	10	9	164	192	65	656	0.0105528	4.55136	4.82194e-07	4.56933e-05
212	10	10	122	130	57	273	0.109843	2.2087	2.39937e-06	2.18436e-05
213	7	7	45	49	28	87	0.471696	0.75142	3.48514e-06	7.38852e-06
214	5	5	51	55	27	92	0.442816	0.8146	3.53938e-06	7.99287e-06
215	4	4	44	49	18	137	0.365525	1.00642	3.67177e-06	1.00452e-05
216	9	9	98	109	47	250	0.140926	1.95952	2.73905e-06	1.94361e-05
217	7	7	78	83	34	298	0.129894	2.04104	2.66527e-06	2.05188e-05
218	6	6	78	86	26	243	0.168743	1.77938	2.99786e-06	1.77659e-05
219	6	6	124	144	42	600	0.0189809	3.96432	7.59397e-07	4.00084e-05
220	2	2	2	2	2	0	0.987519	0.01256	1.11486e-07	1.12895e-07
221	7	6	21	23	19	4	0.848029	0.16484	1.28123e-06	1.51083e-06
222	12	12	169	188	67	635	0.0120446	4.41914	5.34198e-07	4.43517e-05
223	6	6	48	50	27	63	0.529777	0.6353	3.2686e-06	6.16977e-06
224	10	10	61	69	29	106	0.3776	0.97392	3.5974e-06	9.527e-06
225	3	3	7	7	7	0	0.956992	0.04396	3.78139e-07	3.95133e-07
226	11	11	128	142	57	325	0.0781395	2.54926	1.97567e-06	2.52838e-05
227	7	7	59	68	28	121	0.351994	1.04414	3.61412e-06	1.02676e-05
228	5	5	52	55	22	156	0.319499	1.141	3.64018e-06	1.13934e-05
229	3	3	15	17	9	19	0.81574	0.20366	1.60631e-06	1.96914e-06
230	9	9	107	127	38	509	0.0335922	3.39346	1.14931e-06	3.42136e-05
231	3	3	5	5	5	0	0.969088	0.0314	2.73513e-07	2.82238e-07
232	1	1	33	35	9	137	0.399117	0.9185	3.6938e-06	9.25491e-06
233	10	9	117	144	43	952	0.00315262	5.75952	1.85095e-07	5.87113e-05
234	5	5	61	62	17	266	0.174477	1.74596	3.07659e-06	1.76332e-05
235	6	6	34	35	20	25	0.706593	0.3473	2.33458e-06	3.304e-06
236	6	6	70	76	32	201	0.2226	1.50238	3.33227e-06	1.49698e-05
237	6	6	36	39	22	39	0.641581	0.44382	2.74189e-06	4.27365e-06
238	6	6	32	35	16	85	0.520326	0.6533	3.37795e-06	6.49199e-06
239	9	9	100	118	46	321	0.0927229	2.37814	2.19907e-06	2.37166e-05
240	6	6	81	93	37	326	0.105754	2.24664	2.38698e-06	2.25711e-05
241	5	5	52	57	21	124	0.371443	0.99036	3.64238e-06	9.80603e-06
242	4	4	24	27	11	76	0.572834	0.55716	3.18622e-06	5.56221e-06
243	4	4	44	46	17	83	0.490574	0.71218	3.43728e-06	7.00665e-06
244	3	3	36	41	13	111	0.438858	0.82358	3.60396e-06	8.21214e-06
245	7	7	50	57	27	78	0.469654	0.75576	3.45754e-06	7.3619e-06
246	5	5	68	75	31	162	0.273296	1.2972	3.50943e-06	1.28411e-05
247	5	5	55	60	27	74	0.470387	0.7542	3.44263e-06	7.31871e-06
248	13	13	140	154	49	731	0.00913886	4.69522	4.344e-07	4.75333e-05
249	6	6	56	65	26	140	0.325563	1.1222	3.61627e-06	1.11077e-05
250	4	4	50	54	20	125	0.376582	0.97662	3.64901e-06	9.68982e-06
251	10	9	74	82	51	91	0.375664	0.97906	3.55522e-06	9.46382e-06
252	5	4	89	103	19	529	0.0352694	3.34474	1.19639e-06	3.39216e-05
253	7	7	99	112	37	242	0.144055	1.93756	2.76303e-06	1.91804e-05
254	9	9	110	135	40	792	0.00754402	4.887	3.74952e-07	4.97019e-05
255	9	9	147	165	38	985	0.0023351	6.0597	1.43959e-07	6.16501e-05
256	4	4	37	39	12	157	0.351474	1.04562	3.70572e-06	1.05434e-05
257	6	6	75	87	24	561	0.0331252	3.40746	1.15006e-06	3.47187e-05
258	3	3	16	17	7	20	0.81159	0.20876	1.64126e-06	2.02227e-06
259	6	6	34	36	19	36	0.663863	0.40968	2.61888e-06	3.94491e-06
260	6	6	64	78	26	216	0.203632	1.59144	3.23361e-06	1.58797e-05
261	6	6	39	41	23	61	0.566329	0.56858	3.14623e-06	5.55548e-06
262	10	9	141	162	57	545	0.0224411	3.79686	8.55054e-07	3.81021e-05
263	4	4	33	38	17	70	0.55121	0.59564	3.23248e-06	5.86433e-06
264	7	7	104	117	41	382	0.0683605	2.68296	1.83898e-06	2.69013e-05
265	7	7	119	132	51	506	0.0330557	3.40956	1.13502e-06	3.43365e-05
266	9	8	75	79	42	156	0.274798	1.29172	3.50316e-06	1.27481e-05
267	5	5	75	80	11	787	0.0109316	4.5161	5.06478e-07	4.63316e-05
268	12	12	109	114	46	340	0.0863005	2.44992	2.11439e-06	2.45003e-05
269	7	7	89	99	47	213	0.181224	1.70802	3.06372e-06	1.69057e-05
270	4	4	67	71	22	170	0.269044	1.31288	3.50845e-06	1.30404e-05
271	5	5	58	68	32	151	0.302057	1.19714	3.58286e-06	1.18615e-05
272	4	4	84	88	38	177	0.233321	1.45534	3.35328e-06	1.4372e-05
273	5	4	40	45	27	34	0.633814	0.456	2.75498e-06	4.34667e-06
274	5	5	24	24	21	3	0.847029	0.16602	1.28252e-06	1.51414e-06
275	10	10	72	80	33	191	0.228436	1.4765	3.34984e-06	1.46642e-05
276	9	9	90	99	39	300	0.116284	2.15172	2.50339e-06	2.15283e-05
277	3	3	49	56	17	161	0.309505	1.17278	3.62601e-06	1.17155e-05
278	9	9	153	170	58	408	0.0429207	3.1484	1.34232e-06	3.12744e-05
279	6	6	40	47	11	358	0.119916	2.12096	2.59916e-06	2.16747e-05
280	10	10	104	121	50	345	0.0805095	2.51938	2.02571e-06	2.51611e-05
281	6	6	47	51	29	118	0.397691	0.92208	3.63829e-06	9.14855e-06
282	6	5	53	67	22	216	0.218196	1.52236	3.32941e-06	1.52588e-05
283	10	10	140	165	43	796	0.00612241	5.0958	3.15964e-07	5.16079e-05
284	4	4	19	21	16	5	0.854379	0.15738	1.23976e-06	1.45107e-06
285	5	4	64	69	25	143	0.312666	1.16262	3.59345e-06	1.14929e-05
286	5	5	33	33	15	71	0.565899	0.56934	3.18897e-06	5.63523e-06
287	7	7	54	58	27	83	0.454963	0.78754	3.49594e-06	7.68402e-06
288	9	9	115	137	42	537	0.0273494	3.59906	9.9185e-07	3.62658e-05
289	7	7	48	54	24	113	0.400348	0.91542	3.62404e-06	9.05222e-06
290	5	5	39	46	20	302	0.160561	1.82908	2.99331e-06	1.86428e-05
291	3	3	1	1	1	0	0.99374	0.00628	5.60942e-08	5.64476e-08
292	6	6	54	57	28	76	0.474469	0.74556	3.44257e-06	7.25564e-06
293	4	4	56	64	15	450	0.0674128	2.69692	1.85538e-06	2.75226e-05
294	7	7	82	103	30	238	0.155573	1.86064	2.87185e-06	1.84598e-05
295	7	7	38	44	21	234	0.22999	1.46972	3.43073e-06	1.49169e-05
296	5	5	52	69	22	176	0.264234	1.33092	3.50013e-06	1.32463e-05
297	6	6	70	79	29	195	0.225233	1.49062	3.33803e-06	1.48203e-05
298	7	7	94	112	26	753	0.0106344	4.54366	4.92708e-07	4.63314e-05
299	4	4	35	36	21	30	0.684491	0.37908	2.48204e-06	3.62611e-06
300	4	4	83	90	23	377	0.0830843	2.4879	2.08637e-06	2.51115e-05
301	2	1	24	27	7	91	0.530646	0.63366	3.37449e-06	6.35921e-06
302	5	5	28	36	15	53	0.60873	0.49638	2.95123e-06	4.84817e-06
303	10	10	119	139	46	463	0.0393909	3.23422	1.27811e-06	3.24469e-05
304	9	9	59	70	25	172	0.267992	1.3168	3.50807e-06	1.30902e-05
305	10	10	117	129	49	356	0.0723876	2.62572	1.89635e-06	2.61972e-05
306	6	6	78	81	27	155	0.272755	1.29918	3.49342e-06	1.28079e-05
307	15	15	131	142	57	271	0.102914	2.27386	2.30679e-06	2.24147e-05
308	5	5	48	50	27	161	0.32139	1.1351	3.6564e-06	1.13768e-05
309	10	10	78	89	35	285	0.133665	2.01242	2.69559e-06	2.01668e-05
310	6	6	86	113	26	832	0.00706332	4.95284	3.57301e-07	5.05854e-05
311	5	5	43	47	28	36	0.619551	0.47876	2.82877e-06	4.56583e-06
312	9	9	80	92	41	167	0.239438	1.42946	3.36804e-06	1.40664e-05
313	9	9	83	92	43	171	0.234603	1.44986	3.34989e-06	1.4279e-05
314	5	5	43	45	23	41	0.611586	0.4917	2.88583e-06	4.7186e-06
315	5	5	33	33	22	17	0.745321	0.29394	2.06158e-06	2.76604e-06
316	10	10	141	158	44	828	0.00543422	5.21504	2.87541e-07	5.2913e-05
317	10	10	103	115	44	421	0.0567386	2.8693	1.63751e-06	2.88606e-05
318	7	7	102	118	31	405	0.0604137	2.80654	1.70244e-06	2.81798e-05
319	10	10	128	146	41	572	0.0216212	3.83408	8.35304e-07	3.86335e-05
320	2	2	4	4	2	3	0.960386	0.04042	3.69931e-07	3.8519e-07
321	9	9	108	115	35	433	0.0533703	2.9305	1.57433e-06	2.94981e-05
322	3	3	14	16	8	17	0.829294	0.18718	1.49806e-06	1.80643e-06
323	6	6	59	66	26	135	0.331881	1.10298	3.61701e-06	1.08985e-05
324	7	7	41	47	23	72	0.515633	0.66236	3.34059e-06	6.47863e-06
325	15	14	171	188	61	632	0.0122303	4.40384	5.40485e-07	4.41923e-05
326	6	5	59	61	28	83	0.446471	0.80638	3.5063e-06	7.85336e-06
327	4	4	42	47	25	44	0.594782	0.51956	2.9685e-06	4.9909e-06
328	3	3	10	10	8	2	0.929601	0.073	6.23523e-07	6.70742e-07
329	4	4	34	37	16	74	0.543481	0.60976	3.27198e-06	6.02042e-06
330	12	12	62	65	35	107	0.385236	0.9539	3.60363e-06	9.35435e-06
331	6	6	80	88	37	148	0.270512	1.30744	3.47096e-06	1.28311e-05
332	10	10	124	144	44	590	0.0199741	3.91332	7.88517e-07	3.9477e-05
333	9	8	104	119	47	278	0.114736	2.16512	2.46548e-06	2.14883e-05
334	7	7	62	66	28	97	0.402854	0.90918	3.57713e-06	8.87946e-06
335	7	6	99	105	42	356	0.084163	2.475	2.09081e-06	2.48424e-05
336	9	8	54	62	27	135	0.340323	1.07786	3.63218e-06	1.06727e-05
337	9	9	136	155	45	517	0.0270491	3.6101	9.79699e-07	3.62192e-05
338	5	5	63	71	22	280	0.153527	1.87388	2.89937e-06	1.88851e-05
339	5	4	20	24	14	31	0.734313	0.30882	2.20431e-06	3.00187e-06
340	12	11	150	161	58	518	0.0259164	3.65288	9.48826e-07	3.66111e-05
341	5	5	48	51	21	124	0.385706	0.95268	3.65161e-06	9.46734e-06
342	7	7	71	79	32	275	0.149775	1.89862	2.85636e-06	1.9071e-05
343	6	6	85	94	20	320	0.108357	2.22232	2.41731e-06	2.23087e-05
344	9	9	91	94	41	218	0.182297	1.70212	3.07883e-06	1.68891e-05
345	0	0	0	0	0	0	1	-0	0	0
346	9	9	65	69	29	127	0.339249	1.08102	3.61056e-06	1.06428e-05
347	3	2	27	29	21	18	0.760393	0.27392	1.97199e-06	2.59338e-06
348	4	4	24	25	21	7	0.824729	0.1927	1.47059e-06	1.78312e-06
349	4	4	30	31	13	75	0.56148	0.57718	3.22001e-06	5.73487e-06
350	7	7	56	68	18	235	0.196805	1.62554	3.2128e-06	1.63247e-05
351	3	3	49	56	20	195	0.260232	1.34618	3.51887e-06	1.3522e-05
352	5	5	42	47	30	44	0.594782	0.51956	2.9685e-06	4.9909e-06
353	5	5	65	73	32	129	0.327476	1.11634	3.594e-06	1.09749e-05
354	1	1	15	16	8	29	0.780063	0.24838	1.90649e-06	2.44402e-06
355	4	4	64	72	18	414	0.07703	2.56356	2.00751e-06	2.60614e-05
356	5	5	42	49	18	124	0.390581	0.94012	3.65367e-06	9.35445e-06
357	10	10	101	114	46	280	0.117195	2.14392	2.49769e-06	2.13123e-05
358	4	4	40	44	21	52	0.581863	0.54152	3.05282e-06	5.24662e-06
359	10	10	105	119	48	251	0.131675	2.02742	2.64057e-06	2.00537e-05
360	10	10	121	131	51	339	0.0779584	2.55158	1.98067e-06	2.54068e-05
361	11	11	177	193	68	601	0.0138823	4.27714	5.94544e-07	4.28274e-05
362	4	4	28	30	15	35	0.692879	0.3669	2.46186e-06	3.55309e-06
363	6	6	58	70	19	247	0.182811	1.6993	3.12155e-06	1.70752e-05
364	6	6	25	26	19	17	0.778816	0.24998	1.8465e-06	2.3709e-06
365	6	6	43	47	20	167	0.317633	1.14686	3.66112e-06	1.15263e-05
366	7	7	84	97	30	322	0.105256	2.25136	2.37713e-06	2.25843e-05
367	5	5	58	66	21	243	0.191325	1.65378	3.18306e-06	1.66369e-05
368	10	10	71	85	31	239	0.173305	1.7527	3.0323e-06	1.74969e-05
369	5	5	67	74	36	97	0.383115	0.95942	3.57486e-06	9.33104e-06
370	5	4	19	19	17	2	0.878517	0.12952	1.03557e-06	1.17877e-06
371	6	5	30	33	11	105	0.475808	0.74274	3.54085e-06	7.44176e-06
372	2	2	23	24	17	13	0.804914	0.21702	1.64643e-06	2.04547e-06
373	10	10	112	123	41	438	0.0494774	3.00624	1.49498e-06	3.02154e-05
374	5	4	26	28	12	67	0.595985	0.51754	3.06363e-06	5.14046e-06
375	10	10	111	122	51	232	0.142365	1.94936	2.73533e-06	1.92135e-05
376	3	3	5	5	5	0	0.969088	0.0314	2.73513e-07	2.82238e-07
377	4	4	55	61	29	149	0.318867	1.14298	3.62238e-06	1.13602e-05
378	4	4	30	33	23	28	0.70466	0.35004	2.36096e-06	3.3505e-06
379	6	6	107	120	34	461	0.044838	3.1047	1.402e-06	3.12681e-05
380	3	2	86	99	25	424	0.0617834	2.78412	1.73715e-06	2.81168e-05
381	2	2	25	27	6	151	0.390761	0.93966	3.73067e-06	9.5472e-06
382	1	0	0	0	0	0	1	-0	0	0
383	4	4	66	74	26	200	0.226566	1.48472	3.35403e-06	1.48038e-05
384	13	11	64	67	46	40	0.53539	0.62476	3.16272e-06	5.90732e-06
385	6	5	28	30	21	16	0.763379	0.27	1.9417e-06	2.54356e-06
386	10	10	131	144	50	472	0.0364607	3.31152	1.21076e-06	3.32073e-05
387	13	12	196	222	68	819	0.00380644	5.57106	2.13341e-07	5.60475e-05
388	10	10	103	119	45	450	0.047724	3.04232	1.46165e-06	3.06272e-05
389	11	9	99	111	38	482	0.0426265	3.15528	1.35876e-06	3.18759e-05
390	7	7	38	42	18	112	0.433892	0.83496	3.61073e-06	8.32172e-06
391	5	5	52	65	15	326	0.126085	2.0708	2.64659e-06	2.09905e-05
392	9	9	50	55	31	120	0.38389	0.9574	3.63951e-06	9.4806e-06
393	10	10	113	136	40	736	0.00997493	4.60768	4.66656e-07	4.67829e-05
394	6	5	75	84	32	215	0.197105	1.62402	3.18624e-06	1.61652e-05
395	7	7	119	140	37	702	0.0115693	4.4594	5.22958e-07	4.52022e-05
396	7	7	76	82	35	223	0.191616	1.65226	3.15734e-06	1.64774e-05
397	12	12	145	161	42	656	0.0128209	4.35668	5.63394e-07	4.39434e-05
398	7	7	98	112	45	313	0.100293	2.29966	2.30201e-06	2.29528e-05
399	4	4	58	64	24	178	0.269896	1.30972	3.52763e-06	1.30704e-05
400	6	6	60	69	32	164	0.28091	1.26972	3.54192e-06	1.26087e-05
401	6	6	31	32	21	29	0.705492	0.34886	2.36141e-06	3.34719e-06
402	10	10	98	113	43	521	0.0345019	3.36674	1.17517e-06	3.4061e-05
403	5	5	27	30	17	29	0.714409	0.3363	2.31061e-06	3.23429e-06
404	10	10	162	184	57	670	0.0103319	4.57252	4.75118e-07	4.59856e-05
405	3	2	11	11	7	10	0.886849	0.12008	1.02188e-06	1.15226e-06
406	1	1	6	6	5	1	0.958122	0.04278	3.7541e-07	3.91819e-07
407	4	4	72	84	27	206	0.206363	1.57812	3.23722e-06	1.5687e-05
408	3	2	19	20	13	13	0.825389	0.1919	1.50195e-06	1.81968e-06
409	9	9	149	161	62	331	0.0672606	2.69918	1.79419e-06	2.66752e-05
410	7	7	126	139	48	502	0.0322861	3.43312	1.11448e-06	3.45191e-05
411	7	7	52	59	24	188	0.264657	1.32932	3.52509e-06	1.33195e-05
412	6	6	61	66	30	297	0.145267	1.92918	2.8336e-06	1.95061e-05
413	3	3	14	14	13	1	0.911175	0.09302	7.68485e-07	8.434e-07
414	9	7	134	153	62	267	0.0980243	2.32254	2.23721e-06	2.2823e-05
415	2	2	9	9	8	1	0.94024	0.06162	5.27627e-07	5.61162e-07
416	6	5	37	41	16	153	0.35424	1.03778	3.69959e-06	1.04437e-05
417	5	5	37	40	28	22	0.695308	0.3634	2.38271e-06	3.42683e-06
418	7	7	47	52	22	71	0.502249	0.68866	3.36895e-06	6.70773e-06
419	5	5	48	51	23	97	0.442648	0.81498	3.55568e-06	8.03275e-06
420	5	4	34	37	21	33	0.669878	0.40066	2.57364e-06	3.84196e-06
421	13	13	139	156	59	579	0.0195931	3.93258	7.75296e-07	3.95699e-05
422	7	7	85	98	36	381	0.0774177	2.55854	1.99549e-06	2.57756e-05
423	6	5	64	73	28	402	0.0813788	2.50864	2.07355e-06	2.54802e-05
424	3	2	29	36	8	203	0.283263	1.26138	3.63091e-06	1.28182e-05
425	12	12	105	120	44	433	0.0517206	2.9619	1.54026e-06	2.97804e-05
426	4	4	25	27	16	39	0.691799	0.36846	2.4879e-06	3.59628e-06
427	9	9	62	68	33	90	0.412285	0.88604	3.55407e-06	8.62042e-06
428	5	5	69	77	24	327	0.116337	2.15126	2.52697e-06	2.1721e-05
429	5	5	6	6	6	0	0.963021	0.03768	3.26161e-07	3.38686e-07
430	7	7	57	64	30	148	0.314516	1.15672	3.6095e-06	1.14764e-05
431	8	8	78	85	36	179	0.235346	1.4467	3.36753e-06	1.43089e-05
432	5	5	22	22	14	21	0.782501	0.24526	1.84486e-06	2.35764e-06
433	2	2	17	17	4	79	0.6007	0.50966	3.09789e-06	5.15713e-06
434	3	2	17	20	7	51	0.679974	0.3857	2.61025e-06	3.83875e-06
435	4	4	30	33	13	143	0.391982	0.93654	3.70847e-06	9.46082e-06
436	8	8	91	97	37	241	0.159094	1.83826	2.90832e-06	1.82805e-05
437	8	7	84	97	36	353	0.0898638	2.40946	2.17753e-06	2.42314e-05
438	5	5	36	42	20	78	0.516046	0.66156	3.36214e-06	6.51519e-06
439	8	7	91	104	32	287	0.120414	2.11682	2.54312e-06	2.11198e-05
440	5	5	16	17	13	4	0.880593	0.12716	1.03218e-06	1.17214e-06
441	6	4	16	16	9	22	0.808415	0.21268	1.67511e-06	2.07209e-06
442	3	2	33	35	11	121	0.433051	0.8369	3.6397e-06	8.40478e-06
443	8	8	66	72	25	203	0.225946	1.48746	3.35536e-06	1.48503e-05
444	8	8	115	131	45	349	0.0740822	2.60258	1.92155e-06	2.59381e-05
445	8	8	123	149	43	397	0.0517972	2.96042	1.52825e-06	2.95046e-05
446	8	8	97	108	39	305	0.107127	2.23374	2.38914e-06	2.2302e-05
447	5	5	10	10	9	1	0.934354	0.0679	5.77066e-07	6.17609e-07
448	6	6	23	24	17	9	0.821503	0.19662	1.50577e-06	1.83294e-06
449	8	8	78	86	34	169	0.246109	1.40198	3.40468e-06	1.3834e-05
450	6	5	14	14	12	2	0.90654	0.09812	8.12743e-07	8.96533e-07
451	6	5	13	13	12	1	0.916915	0.08674	7.21568e-07	7.86952e-07
452	8	8	61	74	25	297	0.138149	1.97942	2.75714e-06	1.99577e-05
453	3	2	17	19	6	49	0.691273	0.36922	2.54114e-06	3.67603e-06
454	7	7	103	127	31	596	0.0215547	3.83716	8.37105e-07	3.88362e-05
455	7	7	34	36	24	18	0.72769	0.31788	2.17471e-06	2.98851e-06
456	6	6	80	90	36	245	0.162887	1.8147	2.94791e-06	1.80979e-05
457	5	5	50	55	18	370	0.107271	2.2324	2.4419e-06	2.27639e-05
458	8	8	139	181	37	1672	6.35375e-05	9.66388	6.29375e-09	9.90557e-05
459	6	6	65	71	31	150	0.297935	1.21088	3.56859e-06	1.19778e-05
460	6	5	120	131	44	606	0.0199749	3.91328	7.90872e-07	3.95934e-05
461	4	4	26	30	16	53	0.632105	0.4587	2.85047e-06	4.50949e-06
462	2	2	8	8	7	1	0.946163	0.05534	4.77542e-07	5.04714e-07
463	8	8	55	59	31	91	0.434039	0.83462	3.54416e-06	8.16553e-06
464	8	8	102	114	40	342	0.0854247	2.46012	2.10201e-06	2.46066e-05
465	8	8	72	82	37	115	0.332385	1.10146	3.56949e-06	1.0739e-05
466	8	8	77	85	38	176	0.238974	1.4314	3.38136e-06	1.41495e-05
467	2	2	2	2	1	1	0.982495	0.01766	1.63122e-07	1.66028e-07
468	5	5	11	11	10	1	0.928505	0.07418	6.25865e-07	6.74057e-07
469	4	4	43	46	26	50	0.580492	0.54388	3.04947e-06	5.25325e-06
470	8	8	45	52	29	56	0.542178	0.61216	3.20467e-06	5.91073e-06
471	4	4	63	71	22	225	0.203238	1.59338	3.24423e-06	1.59627e-05
472	8	8	115	124	36	548	0.0280569	3.57352	1.01332e-06	3.61165e-05
473	4	4	21	24	15	20	0.776685	0.25272	1.87756e-06	2.41741e-06
474	7	7	119	135	36	598	0.0202906	3.8976	7.99328e-07	3.93941e-05
475	4	4	69	83	24	528	0.0401939	3.21404	1.31593e-06	3.27395e-05
476	3	2	24	28	16	49	0.653286	0.42574	2.73339e-06	4.18406e-06
477	8	8	136	153	43	798	0.00653463	5.03064	3.33506e-07	5.10368e-05
478	7	7	95	121	45	267	0.119842	2.12158	2.51869e-06	2.10167e-05
479	5	5	29	29	23	8	0.800179	0.22292	1.65001e-06	2.06205e-06
480	6	6	54	60	21	198	0.249924	1.3866	3.47574e-06	1.39072e-05
481	8	8	102	118	33	415	0.0574098	2.85754	1.6483e-06	2.87111e-05
482	5	5	118	143	27	1048	0.00194433	6.24284	1.23962e-07	6.37556e-05
483	8	7	69	76	37	137	0.308516	1.17598	3.56931e-06	1.15693e-05
484	6	6	84	89	37	211	0.194948	1.63502	3.16498e-06	1.62349e-05
485	4	4	56	62	25	199	0.245549	1.40426	3.45567e-06	1.40733e-05
486	4	4	12	13	9	10	0.87578	0.13264	1.10799e-06	1.26515e-06
487	7	7	113	125	52	248	0.128761	2.0498	2.60521e-06	2.0233e-05
488	5	5	32	34	16	36	0.672253	0.39712	2.57608e-06	3.83201e-06
489	5	5	41	46	21	82	0.493082	0.70708	3.42865e-06	6.95351e-06
490	6	6	55	62	26	121	0.365511	1.00646	3.62911e-06	9.92887e-06
491	5	5	57	65	23	181	0.264134	1.3313	3.50933e-06	1.32862e-05
492	8	8	47	56	30	87	0.45141	0.79538	3.51362e-06	7.78365e-06
493	8	8	41	47	24	114	0.416212	0.87656	3.6253e-06	8.71022e-06
494	5	5	69	77	22	296	0.136264	1.99316	2.73535e-06	2.00739e-05
495	8	8	43	48	26	91	0.465083	0.76554	3.50887e-06	7.54461e-06
496	6	6	35	36	24	57	0.596438	0.51678	3.0184e-06	5.06071e-06
497	6	5	44	53	22	124	0.380892	0.96524	3.64903e-06	9.58024e-06
498	5	5	13	15	9	16	0.838786	0.1758	1.42329e-06	1.69685e-06
499	8	8	36	41	19	64	0.55773	0.58388	3.18736e-06	5.71488e-06
500	4	4	29	29	9	128	0.433909	0.83492	3.66134e-06	8.43803e-06
501	6	6	86	97	26	486	0.045604	3.08776	1.42732e-06	3.12982e-05
502	6	5	76	86	32	259	0.15552	1.86098	2.89516e-06	1.8616e-05
503	5	5	69	77	28	153	0.282561	1.26386	3.52519e-06	1.24758e-05
504	3	3	34	36	15	114	0.445981	0.80748	3.60767e-06	8.0893e-06
505	4	4	62	69	26	192	0.243529	1.41252	3.43289e-06	1.40965e-05
506	7	7	21	22	18	5	0.849031	0.16366	1.27992e-06	1.50751e-06
507	6	5	22	25	14	28	0.740966	0.2998	2.148e-06	2.89892e-06
508	8	8	112	128	45	616	0.0193427	3.94544	7.72844e-07	3.99553e-05
509	5	5	17	17	12	8	0.862811	0.14756	1.19471e-06	1.38467e-06
510	7	7	34	36	23	30	0.684491	0.37908	2.48204e-06	3.62611e-06
511	7	7	44	51	25	116	0.401768	0.91188	3.6329e-06	9.04228e-06
512	5	5	43	52	26	96	0.442126	0.81616	3.55295e-06	8.03606e-06
513	6	6	29	30	18	30	0.710775	0.3414	2.33662e-06	3.28742e-06
514	4	4	74	78	32	209	0.211033	1.55574	3.27265e-06	1.55078e-05
515	5	5	31	33	15	59	0.601614	0.50814	3.00664e-06	4.99763e-06
516	5	5	47	52	27	53	0.550538	0.59686	3.16633e-06	5.75133e-06
517	8	8	103	115	32	539	0.0310828	3.4711	1.09195e-06	3.51303e-05
518	7	7	27	28	18	18	0.765183	0.26764	1.94122e-06	2.53693e-06
519	2	2	32	35	11	104	0.472272	0.7502	3.54276e-06	7.50152e-06
520	8	8	88	95	32	265	0.142545	1.9481	2.77147e-06	1.94428e-05
521	6	5	54	60	30	146	0.325823	1.1214	3.63107e-06	1.11443e-05
522	8	8	74	82	35	184	0.233783	1.45336	3.3677e-06	1.44052e-05
523	8	8	73	83	35	171	0.248245	1.39334	3.41856e-06	1.37709e-05
524	6	6	12	12	12	0	0.92741	0.07536	6.28201e-07	6.77371e-07
525	5	5	22	25	15	22	0.76399	0.2692	1.97119e-06	2.58012e-06
526	7	7	65	72	32	110	0.36307	1.01316	3.59762e-06	9.90888e-06
527	5	5	35	38	12	150	0.366543	1.00364	3.70758e-06	1.0115e-05
528	4	4	31	34	17	83	0.528972	0.63682	3.34801e-06	6.32927e-06
529	3	3	14	15	13	2	0.900865	0.1044	8.58507e-07	9.5298e-07
530	6	6	60	64	34	77	0.451753	0.79462	3.48026e-06	7.7039e-06
531	6	6	59	65	27	158	0.297007	1.214	3.58313e-06	1.20641e-05
532	4	4	71	77	25	279	0.148606	1.90646	2.84886e-06	1.91706e-05
533	3	2	19	21	11	34	0.736917	0.30528	2.2048e-06	2.99193e-06
534	2	2	16	17	11	10	0.854055	0.15776	1.27335e-06	1.49094e-06
535	8	8	125	140	42	758	0.00869506	4.745	4.18907e-07	4.81776e-05
536	6	6	60	66	30	175	0.270636	1.30698	3.52472e-06	1.30239e-05
537	5	5	78	93	28	366	0.0862384	2.45064	2.12978e-06	2.46964e-05
538	7	7	82	96	40	273	0.135989	1.99518	2.70949e-06	1.99243e-05
539	4	4	45	50	22	94	0.452304	0.7934	3.53562e-06	7.8169e-06
540	7	6	104	118	34	426	0.0542778	2.91364	1.5901e-06	2.92956e-05
541	5	5	58	65	24	320	0.130003	2.0402	2.68738e-06	2.06717e-05
542	5	4	48	56	19	251	0.195581	1.63178	3.2266e-06	1.64975e-05
543	2	2	32	34	12	93	0.502671	0.68782	3.44863e-06	6.86061e-06
544	7	7	100	121	39	356	0.0761173	2.57548	1.95968e-06	2.57456e-05
545	8	6	80	90	41	191	0.214531	1.5393	3.26704e-06	1.52287e-05
546	4	4	44	51	23	116	0.401768	0.91188	3.6329e-06	9.04228e-06
547	5	5	68	73	24	193	0.236279	1.44274	3.39661e-06	1.43754e-05
548	4	3	48	54	22	125	0.376582	0.97662	3.64901e-06	9.68982e-06
549	8	8	126	153	56	445	0.0395441	3.23034	1.27651e-06	3.22808e-05
550	5	5	41	43	21	80	0.507611	0.67804	3.38978e-06	6.6779e-06
551	8	8	92	101	46	178	0.213936	1.54208	3.24303e-06	1.51589e-05
552	8	8	149	161	40	763	0.00742888	4.90238	3.68686e-07	4.96287e-05
553	2	2	5	5	3	3	0.954374	0.0467	4.21487e-07	4.41638e-07
554	6	6	45	48	19	128	0.385105	0.95424	3.66255e-06	9.51053e-06
555	7	7	52	61	19	293	0.15299	1.87738	2.90855e-06	1.90113e-05
556	5	5	51	56	24	183	0.276656	1.28498	3.56456e-06	1.28844e-05
557	7	6	104	113	38	285	0.114964	2.16314	2.47419e-06	2.15215e-05
558	6	6	43	47	24	131	0.381647	0.96326	3.66896e-06	9.61349e-06
559	6	6	32	35	18	108	0.462735	0.7706	3.56956e-06	7.71405e-06
560	4	4	31	37	17	66	0.566114	0.56896	3.16761e-06	5.59535e-06
561	6	6	93	105	40	224	0.165002	1.8018	2.94179e-06	1.78288e-05
562	3	3	20	21	12	25	0.77153	0.25938	1.93942e-06	2.51373e-06
563	8	8	71	86	31	193	0.217756	1.52438	3.29012e-06	1.51092e-05
564	3	2	8	9	7	2	0.935457	0.06672	5.74646e-07	6.14295e-07
565	6	6	111	126	27	985	0.00298314	5.81478	1.77343e-07	5.94486e-05
566	6	6	35	38	10	199	0.285492	1.25354	3.63104e-06	1.27185e-05
567	4	4	49	55	19	198	0.257896	1.3552	3.51383e-06	1.3625e-05
568	5	5	41	48	19	78	0.496963	0.69924	3.40612e-06	6.85387e-06
569	5	5	74	91	23	324	0.108189	2.22388	2.41822e-06	2.23519e-05
570	2	2	32	35	9	86	0.517679	0.6584	3.38827e-06	6.54512e-06
571	7	7	31	32	17	41	0.66361	0.41006	2.64434e-06	3.98478e-06
572	2	2	9	10	8	2	0.929601	0.073	6.23523e-07	6.70742e-07
573	8	7	53	54	31	71	0.49598	0.70122	3.38289e-06	6.82063e-06
574	5	5	3	3	3	0	0.981336	0.01884	1.66182e-07	1.69343e-07
575	5	5	20	20	11	30	0.756843	0.2786	2.06084e-06	2.72295e-06
576	8	8	98	108	45	247	0.144	1.93794	2.76772e-06	1.92202e-05
577	7	6	65	72	25	298	0.139184	1.97196	2.76947e-06	1.98979e-05
578	8	8	136	169	44	697	0.00989209	4.61602	4.60709e-07	4.65735e-05
579	8	8	75	83	37	151	0.274902	1.29134	3.49353e-06	1.27083e-05
580	4	4	9	9	9	0	0.945048	0.05652	4.80111e-07	5.08028e-07
581	6	6	67	73	34	111	0.358962	1.02454	3.59624e-06	1.00185e-05
582	6	6	125	138	30	708	0.0113625	4.47744	5.15948e-07	4.54081e-05
583	6	5	42	48	29	49	0.576177	0.55134	3.06124e-06	5.31301e-06
584	8	7	102	113	41	410	0.0607712	2.80064	1.71151e-06	2.81632e-05
585	8	8	43	47	27	75	0.507804	0.67766	3.37082e-06	6.63803e-06
586	5	5	79	91	18	422	0.0656328	2.72368	1.80877e-06	2.75589e-05
587	7	7	61	68	25	213	0.220173	1.51334	3.33691e-06	1.51558e-05
588	8	8	152	183	46	711	0.00843522	4.77534	4.05798e-07	4.81076e-05
589	3	3	36	39	17	74	0.536698	0.62232	3.29174e-06	6.13331e-06
590	7	7	89	101	50	174	0.218345	1.52168	3.26346e-06	1.49464e-05
591	2	2	15	16	8	21	0.812548	0.20758	1.6405e-06	2.01896e-06
592	6	6	60	63	22	250	0.188127	1.67064	3.16796e-06	1.68395e-05
593	3	3	27	31	10	133	0.417705	0.87298	3.68273e-06	8.81659e-06
594	7	7	36	38	20	58	0.585997	0.53444	3.06285e-06	5.22673e-06
595	5	4	32	33	18	41	0.659456	0.41634	2.66501e-06	4.04123e-06
596	5	5	81	87	33	179	0.232408	1.45926	3.35174e-06	1.44218e-05
597	2	2	10	10	10	0	0.939131	0.0628	5.30117e-07	5.64476e-07
598	5	3	52	55	28	111	0.401921	0.9115	3.61825e-06	9.0024e-06
599	8	8	71	80	32	158	0.270306	1.3082	3.48988e-06	1.29109e-05
600	7	7	56	59	33	88	0.440731	0.81932	3.52855e-06	8.00613e-06
601	8	8	95	117	31	502	0.0370695	3.29496	1.23357e-06	3.32772e-05
602	7	7	63	65	33	97	0.405392	0.9029	3.57678e-06	8.82301e-06
603	5	5	50	56	31	57	0.526039	0.64238	3.256e-06	6.18966e-06
604	6	6	36	45	22	69	0.530201	0.6345	3.2906e-06	6.20633e-06
605	8	8	63	81	33	153	0.275552	1.28898	3.49996e-06	1.27016e-05
606	5	4	18	19	10	25	0.781281	0.24682	1.87573e-06	2.40083e-06
607	7	7	94	99	36	298	0.117476	2.14152	2.51657e-06	2.1422e-05
608	8	8	72	79	31	146	0.289176	1.24072	3.53281e-06	1.22168e-05
609	5	5	67	73	21	347	0.107729	2.22814	2.43013e-06	2.25579e-05
610	2	1	4	4	4	0	0.975193	0.02512	2.20189e-07	2.2579e-07
611	7	7	137	167	45	900	0.00355728	5.63876	2.03642e-07	5.72466e-05
612	5	5	62	64	23	207	0.23279	1.45762	3.40134e-06	1.46112e-05
613	8	8	65	71	33	156	0.288956	1.24148	3.55317e-06	1.22966e-05
614	7	6	77	83	33	290	0.135303	2.00024	2.71874e-06	2.00938e-05
615	6	6	41	46	24	89	0.475789	0.74278	3.48537e-06	7.32544e-06
616	5	5	62	68	23	156	0.294452	1.22264	3.57088e-06	1.21272e-05
617	6	6	63	73	34	121	0.341114	1.07554	3.59868e-06	1.05498e-05
618	3	3	28	30	11	54	0.628889	0.4638	2.86938e-06	4.56262e-06
619	5	5	93	100	31	292	0.120368	2.1172	2.54695e-06	2.11597e-05
620	4	4	42	51	19	104	0.427124	0.85068	3.58984e-06	8.40468e-06
621	6	6	73	84	26	973	0.00412859	5.48982	2.33018e-07	5.64402e-05
622	3	3	36	40	10	144	0.373215	0.9856	3.69822e-06	9.90908e-06
623	6	6	82	90	36	153	0.260409	1.3455	3.43992e-06	1.32097e-05
624	1	0	1	1	1	0	0.99374	0.00628	5.60942e-08	5.64476e-08
625	8	8	121	132	55	448	0.0444336	3.11376	1.38876e-06	3.12548e-05
626	7	7	61	65	28	119	0.362366	1.0151	3.62074e-06	9.99194e-06
627	6	6	75	82	32	213	0.201642	1.60126	3.2154e-06	1.59461e-05
628	8	8	128	146	52	431	0.0443794	3.11498	1.38205e-06	3.11418e-05
629	2	2	6	6	6	0	0.963021	0.03768	3.26161e-07	3.38686e-07
630	8	8	34	38	25	35	0.658929	0.41714	2.63879e-06	4.00467e-06
631	7	7	34	38	21	153	0.360977	1.01894	3.70882e-06	1.02744e-05
632	2	2	27	28	10	48	0.656626	0.42064	2.71248e-06	4.13093e-06
633	5	5	46	51	30	55	0.548384	0.60078	3.18126e-06	5.80115e-06
634	8	8	80	86	33	192	0.218869	1.51928	3.29531e-06	1.50561e-05
635	8	8	78	85	41	132	0.299093	1.207	3.53278e-06	1.18116e-05
636	8	7	127	142	49	531	0.0273275	3.59986	9.90058e-07	3.62293e-05
637	8	7	115	130	49	326	0.083827	2.479	2.06714e-06	2.46596e-05
638	4	4	16	17	9	23	0.799267	0.22406	1.74374e-06	2.18167e-06
639	6	6	28	33	16	42	0.656101	0.42144	2.68632e-06	4.09437e-06
640	8	8	39	41	18	86	0.498536	0.69608	3.43182e-06	6.88381e-06
641	3	3	3	3	3	0	0.981336	0.01884	1.66182e-07	1.69343e-07
642	8	8	123	146	45	759	0.00833093	4.78778	4.04629e-07	4.85694e-05
643	3	3	14	16	9	17	0.829294	0.18718	1.49806e-06	1.80643e-06
644	8	8	77	88	32	182	0.227447	1.48084	3.32928e-06	1.46376e-05
645	4	4	37	40	24	41	0.631094	0.4603	2.79976e-06	4.43637e-06
646	8	7	79	92	38	185	0.218436	1.52126	3.28153e-06	1.50228e-05
647	3	3	6	7	6	1	0.952124	0.04906	4.26805e-07	4.48266e-07
648	2	2	40	43	16	103	0.451428	0.79534	3.56626e-06	7.89997e-06
649	4	4	3	3	3	0	0.981336	0.01884	1.66182e-07	1.69343e-07
650	1	1	38	42	9	275	0.188952	1.66626	3.20887e-06	1.69824e-05
651	6	6	57	62	31	86	0.43694	0.82796	3.52576e-06	8.06921e-06
652	4	4	52	60	25	283	0.16201	1.8201	2.98479e-06	1.84236e-05
653	8	8	75	81	42	111	0.341373	1.07478	3.57419e-06	1.047e-05
654	8	8	67	77	42	124	0.327601	1.11596	3.58231e-06	1.0935e-05
655	4	3	47	55	16	331	0.130877	2.0335	2.70806e-06	2.06917e-05
656	8	8	89	95	33	348	0.0933499	2.3714	2.22666e-06	2.38529e-05
657	8	7	67	72	37	75	0.434022	0.83466	3.49354e-06	8.04922e-06
658	9	9	97	113	39	323	0.0947096	2.35694	2.22952e-06	2.35406e-05
659	4	4	16	17	10	13	0.841087	0.17306	1.38808e-06	1.65034e-06
660	6	6	45	49	20	87	0.471696	0.75142	3.48514e-06	7.38852e-06
661	6	6	54	56	28	76	0.477458	0.73928	3.43731e-06	7.19919e-06
662	6	6	105	121	34	643	0.0176119	4.03918	7.21997e-07	4.09948e-05
663	8	8	48	54	30	83	0.466536	0.76242	3.47953e-06	7.45823e-06
664	8	8	80	90	38	212	0.192743	1.6464	3.15028e-06	1.63445e-05
665	5	5	49	55	18	117	0.389808	0.9421	3.63348e-06	9.3212e-06
666	4	4	82	91	28	534	0.0370725	3.29488	1.24229e-06	3.35099e-05
667	2	2	31	37	10	177	0.321403	1.13506	3.69393e-06	1.14931e-05
668	4	4	47	49	24	77	0.496377	0.70042	3.40375e-06	6.85719e-06
669	8	8	125	140	44	583	0.0212266	3.8525	8.25276e-07	3.88793e-05
670	6	6	50	58	30	84	0.452648	0.79264	3.50221e-06	7.73715e-06
671	5	5	69	79	29	235	0.183669	1.69462	3.11239e-06	1.69457e-05
672	6	6	33	43	14	140	0.373798	0.98404	3.68785e-06	9.86589e-06
673	4	4	40	45	21	70	0.527503	0.6396	3.30189e-06	6.25947e-06
674	4	4	35	40	17	66	0.555548	0.5878	3.20257e-06	5.7647e-06
675	6	6	61	74	30	199	0.227724	1.47962	3.35908e-06	1.47506e-05
676	3	3	25	29	10	100	0.500514	0.69212	3.47872e-06	6.9503e-06
677	3	3	9	9	6	3	0.930698	0.07182	6.21174e-07	6.67428e-07
678	8	8	49	54	22	119	0.388283	0.94602	3.63861e-06	9.37102e-06
679	8	8	120	136	50	680	0.0132722	4.32208	5.81423e-07	4.38074e-05
680	5	5	46	49	26	108	0.423789	0.85852	3.60403e-06	8.50432e-06
681	4	4	52	57	20	162	0.306003	1.18416	3.61851e-06	1.18251e-05
682	8	8	51	53	27	55	0.541539	0.61334	3.20269e-06	5.91405e-06
683	6	6	116	134	35	613	0.0189146	3.96782	7.59131e-07	4.01346e-05
684	6	6	23	28	14	50	0.649963	0.43084	2.75402e-06	4.23719e-06
685	8	8	80	93	31	282	0.132359	2.02224	2.67804e-06	2.02332e-05
686	2	2	4	5	3	3	0.954374	0.0467	4.21487e-07	4.41638e-07
687	8	8	49	54	23	125	0.376582	0.97662	3.64901e-06	9.68982e-06
688	8	8	52	58	30	78	0.466713	0.76204	3.46224e-06	7.41835e-06
689	6	6	52	56	27	101	0.420303	0.86678	3.58414e-06	8.52752e-06
690	6	6	58	63	35	65	0.483289	0.72714	3.38779e-06	7.00986e-06
691	8	8	85	97	32	457	0.0528731	2.93986	1.57336e-06	2.97573e-05
692	8	8	111	125	44	283	0.107711	2.2283	2.37963e-06	2.20926e-05
693	3	3	39	41	17	58	0.575061	0.55328	3.10307e-06	5.39608e-06
694	6	6	81	88	37	252	0.159161	1.83784	2.92171e-06	1.8357e-05
695	3	3	11	11	8	6	0.905127	0.09968	8.50568e-07	9.39723e-07
696	8	8	62	65	31	184	0.260123	1.3466	3.49751e-06	1.34456e-05
697	7	7	53	62	20	203	0.24059	1.42466	3.43702e-06	1.42858e-05
698	8	8	60	71	24	229	0.199133	1.61378	3.22104e-06	1.61753e-05
699	6	6	54	58	21	136	0.347205	1.05784	3.64568e-06	1.05001e-05
700	6	6	75	83	33	190	0.225319	1.49024	3.33031e-06	1.47805e-05
701	6	6	35	37	20	43	0.636571	0.45166	2.78391e-06	4.37329e-06
702	2	2	4	4	4	0	0.975193	0.02512	2.20189e-07	2.2579e-07
703	4	4	54	63	20	233	0.205165	1.58394	3.26956e-06	1.59362e-05
704	2	2	24	25	12	45	0.679431	0.3865	2.58332e-06	3.80218e-06
705	3	3	29	30	12	40	0.675434	0.3924	2.57932e-06	3.81876e-06
706	8	8	141	154	50	471	0.0344165	3.36922	1.16048e-06	3.37187e-05
707	7	7	40	42	21	80	0.510809	0.67176	3.3823e-06	6.62146e-06
708	8	6	43	45	21	149	0.352572	1.0425	3.68684e-06	1.0457e-05
709	4	4	119	142	20	1194	0.000929225	6.98116	6.63992e-08	7.14566e-05
710	8	8	103	120	41	380	0.0677724	2.6916	1.82744e-06	2.69643e-05
711	4	3	5	6	4	3	0.948399	0.05298	4.72383e-07	4.98085e-07
712	8	7	59	64	39	54	0.507977	0.67732	3.29262e-06	6.48184e-06
713	3	3	25	29	10	65	0.598326	0.51362	3.04586e-06	5.09064e-06
714	8	7	110	119	34	455	0.0465225	3.06782	1.43721e-06	3.08929e-05
715	6	5	61	68	29	137	0.324412	1.12574	3.60671e-06	1.11177e-05
716	7	7	71	77	30	170	0.259095	1.35056	3.46646e-06	1.33791e-05
717	6	6	29	30	20	31	0.707159	0.3465	2.3623e-06	3.34056e-06
718	8	8	96	116	42	400	0.0627573	2.76848	1.74473e-06	2.78012e-05
719	6	6	57	62	24	192	0.254473	1.36856	3.48662e-06	1.37013e-05
720	7	7	49	56	25	143	0.339263	1.08098	3.65017e-06	1.07591e-05
721	10	9	87	103	42	243	0.151656	1.88614	2.83983e-06	1.87255e-05
722	8	8	64	70	38	79	0.430633	0.8425	3.50916e-06	8.14885e-06
723	6	6	29	31	22	37	0.681554	0.38338	2.53252e-06	3.7158e-06
724	2	2	32	40	7	241	0.227569	1.4803	3.42788e-06	1.5063e-05
725	8	8	62	74	31	230	0.194423	1.63772	3.1881e-06	1.63978e-05
726	8	8	67	73	37	118	0.346373	1.06024	3.59895e-06	1.03904e-05
727	5	5	61	71	17	296	0.141497	1.95548	2.79246e-06	1.97352e-05
728	5	5	102	111	34	365	0.0774146	2.55858	1.9864e-06	2.56593e-05
729	6	6	76	83	27	244	0.171077	1.76564	3.01945e-06	1.76497e-05
730	4	4	27	28	13	55	0.633598	0.45634	2.853e-06	4.50286e-06
731	3	3	43	45	20	129	0.390433	0.9405	3.66785e-06	9.39432e-06
732	8	8	95	112	32	410	0.061154	2.79436	1.71884e-06	2.81067e-05
733	5	5	52	54	24	88	0.45479	0.78792	3.51275e-06	7.72389e-06
734	6	5	60	70	28	197	0.235911	1.4443	3.4015e-06	1.44186e-05
735	8	8	109	122	50	307	0.0971149	2.33186	2.25292e-06	2.31985e-05
736	6	6	52	57	26	132	0.356593	1.03116	3.64834e-06	1.02311e-05
737	5	5	47	57	17	204	0.247002	1.39836	3.47203e-06	1.40567e-05
738	3	3	38	41	23	55	0.583927	0.53798	3.05784e-06	5.23668e-06
739	7	7	100	113	45	382	0.0700995	2.65784	1.86994e-06	2.66755e-05
740	5	5	36	38	16	62	0.574164	0.55484	3.12303e-06	5.43927e-06
741	8	8	37	38	28	13	0.737168	0.30494	2.09042e-06	2.83574e-06
742	5	5	63	65	29	140	0.325563	1.1222	3.61627e-06	1.11077e-05
743	5	5	50	56	19	180	0.280922	1.26968	3.57474e-06	1.2725e-05
744	4	4	22	24	11	36	0.715825	0.33432	2.33898e-06	3.26754e-06
745	1	1	11	11	6	11	0.882338	0.12518	1.06356e-06	1.20539e-06
746	3	3	21	21	14	11	0.828631	0.18798	1.46657e-06	1.76986e-06
747	4	4	59	69	16	348	0.109907	2.20812	2.4603e-06	2.23852e-05
748	8	8	78	85	27	269	0.148719	1.9057	2.83917e-06	1.90909e-05
749	8	8	131	151	41	498	0.0305595	3.48808	1.06909e-06	3.49839e-05
750	9	9	85	94	44	297	0.121843	2.10502	2.56926e-06	2.10866e-05
751	4	4	67	77	29	222	0.19874	1.61576	3.20806e-06	1.6142e-05
752	5	5	26	27	17	26	0.73922	0.30216	2.14784e-06	2.90555e-06
753	8	8	75	82	36	271	0.150009	1.89706	2.85434e-06	1.90278e-05
754	4	4	96	113	21	670	0.016137	4.12664	6.77396e-07	4.19778e-05
755	7	7	100	119	44	412	0.05793	2.84852	1.65727e-06	2.86081e-05
756	5	5	43	47	27	66	0.531655	0.63176	3.27491e-06	6.15983e-06
757	3	3	29	34	12	101	0.482574	0.72862	3.51588e-06	7.28567e-06
758	4	4	54	60	22	186	0.265697	1.3254	3.5257e-06	1.32696e-05
759	7	7	113	133	38	455	0.0426069	3.15574	1.34992e-06	3.16831e-05
760	7	7	100	108	43	194	0.188692	1.66764	3.09534e-06	1.64042e-05
761	8	8	167	184	61	833	0.00449936	5.40382	2.45873e-07	5.46463e-05
762	5	5	53	58	24	95	0.427954	0.84874	3.56127e-06	8.32161e-06
763	5	5	38	39	13	258	0.209985	1.56072	3.34082e-06	1.59098e-05
764	8	8	90	97	34	252	0.150415	1.89436	2.83757e-06	1.8865e-05
765	4	2	54	60	16	288	0.157931	1.8456	2.9516e-06	1.86892e-05
766	5	5	46	61	14	271	0.171156	1.76518	3.05383e-06	1.78424e-05
767	7	7	56	63	27	162	0.294687	1.22184	3.58451e-06	1.21638e-05
768	7	6	55	65	24	125	0.351446	1.0457	3.62367e-06	1.03107e-05
769	6	6	61	72	23	252	0.175984	1.73736	3.0716e-06	1.74538e-05
770	8	7	62	70	29	171	0.269362	1.3117	3.5117e-06	1.30371e-05
771	6	6	62	68	25	237	0.194808	1.63574	3.20089e-06	1.6431e-05
772	4	4	85	85	32	243	0.169806	1.7731	3.00716e-06	1.77094e-05
773	4	4	30	33	14	58	0.60469	0.50304	2.98989e-06	4.9445e-06
774	6	6	34	36	24	18	0.72769	0.31788	2.17471e-06	2.98851e-06
775	4	4	49	59	16	219	0.225955	1.48742	3.38177e-06	1.49666e-05
776	4	4	56	59	27	124	0.366807	1.00292	3.63833e-06	9.91893e-06
777	11	11	117	132	48	425	0.0499636	2.99646	1.50054e-06	3.00327e-05
778	8	8	110	125	50	280	0.109372	2.213	2.39888e-06	2.19332e-05
779	8	8	126	144	38	654	0.0144116	4.23972	6.17935e-07	4.28776e-05
780	4	4	16	17	12	7	0.867222	0.14246	1.15474e-06	1.33154e-06
781	2	2	6	6	3	4	0.943574	0.05808	5.20116e-07	5.51218e-07
782	8	8	100	112	34	380	0.0712643	2.64136	1.88941e-06	2.65127e-05
783	7	7	29	30	18	34	0.696422	0.3618	2.43745e-06	3.49996e-06
784	5	5	25	25	13	29	0.737197	0.3049	2.17624e-06	2.95205e-06
785	2	2	14	16	5	39	0.741278	0.29938	2.20557e-06	2.97536e-06
786	9	9	55	60	28	96	0.420462	0.8664	3.56874e-06	8.48764e-06
787	7	7	98	109	37	359	0.080829	2.51542	2.03912e-06	2.52276e-05
788	8	8	56	63	17	403	0.0862125	2.45094	2.15263e-06	2.49689e-05
789	5	5	33	35	19	48	0.628386	0.4646	2.84411e-06	4.52606e-06
790	4	4	47	54	19	206	0.249145	1.38972	3.48644e-06	1.39936e-05
791	8	8	50	56	27	180	0.280922	1.26968	3.57474e-06	1.2725e-05
792	5	5	47	52	26	120	0.391191	0.93856	3.64248e-06	9.31126e-06
793	8	8	70	75	34	171	0.261035	1.3431	3.47682e-06	1.33193e-05
794	4	4	44	52	18	217	0.23853	1.43326	3.45038e-06	1.44652e-05
795	5	5	34	35	21	27	0.699423	0.3575	2.38521e-06	3.41026e-06
796	8	8	155	174	56	756	0.00709532	4.94832	3.54699e-07	4.99906e-05
797	8	8	80	92	32	335	0.101646	2.28626	2.33712e-06	2.29928e-05
798	5	5	42	45	12	160	0.333337	1.0986	3.68053e-06	1.10415e-05
799	6	6	39	42	20	71	0.534801	0.62586	3.28542e-06	6.14326e-06
800	3	3	7	7	7	0	0.956992	0.04396	3.78139e-07	3.95133e-07
801	5	4	18	19	7	46	0.701931	0.35392	2.46843e-06	3.51663e-06
802	5	5	17	17	12	6	0.871656	0.13736	1.11433e-06	1.27841e-06
803	6	6	40	43	24	36	0.635311	0.45364	2.75728e-06	4.34004e-06
804	4	4	21	21	16	9	0.837127	0.17778	1.39264e-06	1.6636e-06
805	8	8	130	146	52	624	0.0165846	4.09928	6.86544e-07	4.13965e-05
806	2	2	9	9	2	28	0.819288	0.19932	1.6351e-06	1.99576e-06
807	7	7	43	46	27	39	0.613988	0.48778	2.86658e-06	4.66878e-06
808	4	4	18	19	10	25	0.781281	0.24682	1.87573e-06	2.40083e-06
809	4	4	49	57	19	216	0.232338	1.45956	3.41405e-06	1.46943e-05
810	5	5	77	87	27	210	0.198422	1.61736	3.18842e-06	1.60689e-05
811	6	6	67	72	20	253	0.175089	1.74246	3.06527e-06	1.75069e-05
812	2	2	37	43	14	95	0.470227	0.75454	3.5149e-06	7.4749e-06
813	8	8	99	112	41	278	0.119892	2.12116	2.52891e-06	2.10932e-05
814	6	6	36	38	23	52	0.604206	0.50384	2.9654e-06	4.90794e-06
815	4	4	18	18	13	11	0.844391	0.16914	1.35147e-06	1.60052e-06
816	7	7	88	98	36	600	0.0253383	3.67544	9.47949e-07	3.74118e-05
817	7	7	85	101	29	369	0.0807676	2.51618	2.04401e-06	2.53074e-05
818	9	8	109	116	50	201	0.173153	1.75358	2.98303e-06	1.72277e-05
819	3	3	10	11	10	1	0.928505	0.07418	6.25865e-07	6.74057e-07
820	8	7	66	75	31	136	0.312047	1.1646	3.57597e-06	1.14597e-05
821	8	8	77	90	33	248	0.160414	1.83	2.92872e-06	1.82573e-05
822	6	6	122	143	37	995	0.00254776	5.97254	1.55259e-07	6.09395e-05
823	5	5	55	61	23	154	0.310839	1.16848	3.61376e-06	1.16258e-05
824	7	7	62	69	31	115	0.36066	1.01982	3.60847e-06	1.00052e-05
825	6	4	54	62	24	158	0.302656	1.19516	3.60003e-06	1.18948e-05
826	8	8	78	87	40	240	0.170272	1.77036	3.00749e-06	1.76629e-05
827	7	7	70	84	23	369	0.0898674	2.40942	2.18807e-06	2.43477e-05
828	5	5	68	79	26	224	0.194267	1.63852	3.17845e-06	1.63612e-05
829	5	5	10	10	9	1	0.934354	0.0679	5.77066e-07	6.17609e-07
830	8	8	68	75	35	104	0.367365	1.0014	3.58527e-06	9.75942e-06
831	5	5	41	44	16	152	0.349406	1.05152	3.68971e-06	1.05599e-05
832	6	6	46	56	24	159	0.312678	1.16258	3.62996e-06	1.16092e-05
833	2	2	40	42	12	333	0.140569	1.96206	2.82039e-06	2.00642e-05
834	8	8	84	95	37	201	0.197563	1.6217	3.16936e-06	1.60423e-05
835	3	3	55	63	15	230	0.208328	1.56864	3.28676e-06	1.57768e-05
836	4	4	35	38	14	135	0.395684	0.92714	3.68698e-06	9.31799e-06
837	3	3	5	5	5	0	0.969088	0.0314	2.73513e-07	2.82238e-07
838	2	2	1	1	1	0	0.99374	0.00628	5.60942e-08	5.64476e-08
839	1	1	10	10	8	2	0.929601	0.073	6.23523e-07	6.70742e-07
840	8	8	79	84	46	132	0.300977	1.20072	3.53804e-06	1.17552e-05
841	9	9	134	147	63	386	0.0554785	2.89176	1.59818e-06	2.88072e-05
842	6	6	80	94	35	318	0.109468	2.21212	2.43046e-06	2.22024e-05
843	6	6	44	46	25	84	0.488078	0.71728	3.44572e-06	7.05978e-06
844	7	7	52	57	30	75	0.476894	0.74046	3.43483e-06	7.2025e-06
845	9	8	56	61	35	96	0.41783	0.87268	3.56998e-06	8.54409e-06
846	8	7	92	104	37	557	0.0303846	3.49382	1.07761e-06	3.54657e-05
847	7	7	65	74	26	254	0.172024	1.76012	3.04018e-06	1.7673e-05
848	8	8	143	161	41	634	0.0143432	4.24448	6.13523e-07	4.27745e-05
849	8	8	64	71	31	200	0.230875	1.46588	3.37872e-06	1.46344e-05
850	4	4	58	69	26	136	0.32403	1.12692	3.60353e-06	1.1121e-05
851	5	5	28	28	21	10	0.797048	0.22684	1.68326e-06	2.11186e-06
852	4	4	50	57	16	231	0.215227	1.53606	3.33415e-06	1.54913e-05
853	6	6	91	104	36	233	0.158592	1.84142	2.8944e-06	1.82506e-05
854	5	5	53	57	28	101	0.417672	0.87306	3.58528e-06	8.58397e-06
855	7	7	71	79	29	233	0.185552	1.68442	3.12458e-06	1.68394e-05
856	7	7	60	73	27	129	0.327476	1.11634	3.594e-06	1.09749e-05
857	3	2	3	3	3	0	0.981336	0.01884	1.66182e-07	1.69343e-07
858	0	0	0	0	0	0	1	-0	0	0
859	6	6	42	47	16	111	0.422629	0.86126	3.61383e-06	8.55082e-06
860	3	3	13	16	7	45	0.718938	0.32998	2.36829e-06	3.29416e-06
861	6	6	65	75	39	109	0.358115	1.0269	3.59014e-06	1.00251e-05
862	5	5	50	56	27	85	0.456038	0.78518	3.50118e-06	7.67739e-06
863	6	6	101	114	37	449	0.0494981	3.00582	1.49939e-06	3.02918e-05
864	3	3	30	32	8	117	0.450382	0.79766	3.61337e-06	8.02291e-06
865	4	4	49	56	21	174	0.289651	1.23908	3.59348e-06	1.24062e-05
866	3	3	5	5	4	1	0.964158	0.0365	3.23351e-07	3.35371e-07
867	5	5	32	34	18	51	0.622744	0.47362	2.88269e-06	4.62901e-06
868	9	9	170	201	57	1149	0.000807006	7.12218	5.8424e-08	7.2396e-05
869	5	5	96	109	36	405	0.0639266	2.75002	1.76896e-06	2.76717e-05
870	6	6	41	46	17	179	0.300659	1.20178	3.6402e-06	1.21074e-05
871	4	4	39	42	21	122	0.412318	0.88596	3.65027e-06	8.85305e-06
872	7	7	54	66	31	132	0.336997	1.08768	3.61906e-06	1.07391e-05
873	8	8	91	98	43	221	0.175075	1.74254	3.0243e-06	1.72743e-05
874	10	10	113	124	50	242	0.133598	2.01292	2.65295e-06	1.98577e-05
875	6	6	43	44	16	100	0.455518	0.78632	3.55168e-06	7.79701e-06
876	2	2	13	13	9	7	0.889283	0.11734	9.83326e-07	1.10575e-06
877	8	7	98	111	40	245	0.142761	1.94658	2.75291e-06	1.92833e-05
878	8	8	92	103	35	280	0.125577	2.07484	2.59835e-06	2.06914e-05
879	6	6	76	82	38	145	0.28523	1.25446	3.51774e-06	1.2333e-05
880	7	7	72	88	36	202	0.205391	1.58284	3.2247e-06	1.57003e-05
881	8	8	23	24	12	22	0.768803	0.26292	1.94021e-06	2.52367e-06
882	8	8	70	74	37	100	0.377298	0.97472	3.58072e-06	9.49044e-06
883	7	7	68	75	32	114	0.349099	1.0524	3.59249e-06	1.02908e-05
884	7	7	78	88	24	623	0.0239943	3.72994	9.13447e-07	3.80694e-05
885	2	2	19	19	11	13	0.830589	0.18562	1.46452e-06	1.76324e-06
886	8	7	64	69	37	57	0.484799	0.72402	3.3565e-06	6.92348e-06
887	4	3	34	36	18	66	0.56968	0.56268	3.1554e-06	5.5389e-06
888	6	6	32	35	16	55	0.606349	0.5003	2.96989e-06	4.89799e-06
889	3	3	45	54	10	302	0.152694	1.87932	2.9156e-06	1.90944e-05
890	5	5	60	71	20	247	0.181667	1.70558	3.11226e-06	1.71317e-05
891	5	5	61	63	24	237	0.201022	1.60434	3.24626e-06	1.61488e-05
892	8	7	58	65	28	159	0.295496	1.2191	3.58061e-06	1.21173e-05
893	5	4	50	56	31	71	0.489789	0.71378	3.39597e-06	6.93352e-06
894	5	4	36	45	17	181	0.299482	1.2057	3.64088e-06	1.21573e-05
895	3	3	15	16	12	7	0.872686	0.13618	1.11276e-06	1.27509e-06
896	7	7	43	48	30	75	0.504625	0.68394	3.3782e-06	6.69447e-06
897	6	5	29	30	23	17	0.759496	0.2751	1.97218e-06	2.59669e-06
898	9	9	65	71	38	150	0.297935	1.21088	3.56859e-06	1.19778e-05
899	7	6	52	59	29	133	0.350351	1.04882	3.64264e-06	1.03971e-05
900	7	7	59	64	29	110	0.381776	0.96292	3.61057e-06	9.4573e-06
901	9	9	128	153	47	582	0.0196625	3.92904	7.7785e-07	3.956e-05
902	8	8	65	75	24	349	0.105304	2.2509	2.39852e-06	2.27771e-05
903	7	7	115	123	52	216	0.153502	1.87404	2.82748e-06	1.84198e-05
904	6	5	51	56	23	93	0.437806	0.82598	3.5473e-06	8.10245e-06
905	8	8	50	54	20	154	0.324808	1.12452	3.64782e-06	1.12307e-05
906	8	8	75	86	32	305	0.122999	2.09558	2.59037e-06	2.10601e-05
907	7	7	39	40	28	25	0.684751	0.3787	2.45568e-06	3.58623e-06
908	6	6	44	49	22	121	0.396603	0.92482	3.64678e-06	9.19505e-06
909	7	7	105	127	43	578	0.0236271	3.74536	8.94991e-07	3.78798e-05
910	8	8	137	155	59	496	0.0301069	3.503	1.05686e-06	3.51034e-05
911	7	7	71	79	35	142	0.295136	1.22032	3.54289e-06	1.20043e-05
912	5	5	65	70	24	292	0.145322	1.9288	2.82888e-06	1.94662e-05
913	8	8	30	30	25	8	0.795169	0.2292	1.68456e-06	2.11849e-06
914	2	2	2	2	2	0	0.987519	0.01256	1.11486e-07	1.12895e-07
915	7	7	64	70	27	211	0.219654	1.5157	3.3305e-06	1.51624e-05
916	5	5	72	84	24	425	0.067541	2.69502	1.84544e-06	2.73232e-05
917	6	6	37	41	14	74	0.529999	0.63488	3.31048e-06	6.24621e-06
918	3	3	30	33	13	66	0.580515	0.54384	3.11711e-06	5.36956e-06
919	1	1	35	37	9	131	0.406383	0.90046	3.67736e-06	9.04901e-06
920	8	8	67	73	39	138	0.312785	1.16224	3.58234e-06	1.14531e-05
921	5	5	69	77	26	246	0.175844	1.73816	3.06271e-06	1.74172e-05
922	5	5	12	12	10	2	0.917998	0.08556	7.19378e-07	7.83638e-07
923	6	5	48	53	22	113	0.402871	0.90914	3.62413e-06	8.99577e-06
924	8	8	90	102	35	321	0.102524	2.27766	2.33892e-06	2.28134e-05
925	7	7	50	55	26	92	0.442816	0.8146	3.53938e-06	7.99287e-06
926	8	8	67	77	37	172	0.256466	1.36076	3.45854e-06	1.34854e-05
927	7	7	35	39	18	88	0.499714	0.69372	3.43662e-06	6.87718e-06
928	2	2	7	8	3	15	0.880963	0.12674	1.09995e-06	1.24858e-06
929	8	8	42	44	26	58	0.564328	0.57212	3.14072e-06	5.56542e-06
930	8	8	33	36	25	21	0.716641	0.33318	2.25592e-06	3.14791e-06
931	7	7	29	33	18	58	0.60469	0.50304	2.98989e-06	4.9445e-06
932	8	7	63	66	32	106	0.384781	0.95508	3.60065e-06	9.35766e-06
933	5	5	26	28	11	87	0.538192	0.61954	3.33847e-06	6.20312e-06
934	8	8	123	136	42	540	0.0271038	3.60808	9.85734e-07	3.63688e-05
935	6	6	95	108	34	378	0.0738263	2.60604	1.93282e-06	2.61807e-05
936	7	5	74	90	30	225	0.180378	1.7127	3.07279e-06	1.70353e-05
937	3	3	36	39	18	93	0.487132	0.71922	3.47951e-06	7.14284e-06
938	9	9	124	146	49	429	0.0448344	3.10478	1.39146e-06	3.10355e-05
939	6	6	56	60	22	231	0.211211	1.5549	3.30769e-06	1.56606e-05
940	7	7	71	79	35	141	0.296645	1.21522	3.54524e-06	1.19511e-05
941	6	6	39	47	20	96	0.456229	0.78476	3.53752e-06	7.75382e-06
942	4	4	47	54	25	112	0.402395	0.91032	3.62119e-06	8.99909e-06
943	5	4	22	22	13	18	0.794565	0.22996	1.74665e-06	2.19824e-06
944	6	6	105	115	37	343	0.0844581	2.4715	2.08748e-06	2.47162e-05
945	4	4	117	127	36	923	0.00406696	5.50486	2.28607e-07	5.62108e-05
946	1	1	12	16	5	25	0.79614	0.22798	1.77658e-06	2.23149e-06
947	6	6	57	63	27	136	0.336472	1.08924	3.62795e-06	1.07823e-05
948	8	8	33	35	24	32	0.681813	0.383	2.5063e-06	3.67593e-06
949	4	4	34	38	14	72	0.545616	0.60584	3.25765e-06	5.9706e-06
950	6	6	40	43	22	103	0.451428	0.79534	3.56626e-06	7.89997e-06
951	6	6	47	53	20	118	0.392727	0.93464	3.63722e-06	9.26144e-06
952	4	4	31	34	18	40	0.658678	0.41752	2.66406e-06	4.04455e-06
953	8	8	91	107	31	493	0.0413261	3.18626	1.33213e-06	3.22346e-05
954	10	10	131	143	47	553	0.0242742	3.71834	9.09183e-07	3.74547e-05
955	3	3	21	26	11	32	0.721459	0.32648	2.28551e-06	3.1679e-06
956	4	4	72	81	27	289	0.137713	1.98258	2.74432e-06	1.99278e-05
957	4	4	92	105	34	516	0.0372166	3.291	1.24094e-06	3.33437e-05
958	8	8	90	99	39	297	0.118077	2.13642	2.52317e-06	2.13689e-05
959	8	8	103	116	40	303	0.102922	2.27378	2.33091e-06	2.26473e-05
960	8	8	62	68	29	103	0.385837	0.95234	3.59259e-06	9.31116e-06
961	6	5	35	38	19	57	0.588994	0.52934	3.04722e-06	5.1736e-06
962	8	8	41	42	24	36	0.639314	0.44736	2.73856e-06	4.28359e-06
963	4	4	29	32	15	34	0.687729	0.37436	2.48466e-06	3.61285e-06
964	4	4	21	22	16	8	0.836139	0.17896	1.39377e-06	1.66691e-06
965	8	8	118	130	37	512	0.0324648	3.4276	1.12141e-06	3.45424e-05
966	3	3	15	19	9	39	0.727443	0.31822	2.28759e-06	3.1447e-06
967	8	8	79	85	36	169	0.24766	1.3957	3.41214e-06	1.37776e-05
968	6	6	78	89	22	400	0.0743538	2.59892	1.9538e-06	2.62771e-05
969	8	7	34	34	16	61	0.59178	0.52462	3.05379e-06	5.16034e-06
970	5	5	35	37	22	47	0.623716	0.47206	2.86025e-06	4.58582e-06
971	2	1	10	11	6	11	0.882338	0.12518	1.06356e-06	1.20539e-06
972	4	4	31	34	21	32	0.686108	0.37672	2.48336e-06	3.61948e-06
973	1	1	14	16	8	18	0.825076	0.19228	1.53428e-06	1.85956e-06
974	8	8	59	68	27	148	0.306714	1.18184	3.58921e-06	1.17022e-05
975	8	8	101	113	40	360	0.0784228	2.54564	2.00029e-06	2.55065e-05
976	8	8	55	61	38	36	0.567406	0.56668	3.03908e-06	5.3561e-06
977	10	10	104	122	31	776	0.00888172	4.72376	4.2737e-07	4.8118e-05
978	5	5	67	69	24	181	0.257581	1.35642	3.48044e-06	1.3512e-05
979	6	6	106	115	32	405	0.0615626	2.7877	1.7244e-06	2.80104e-05
980	2	2	37	44	11	163	0.330344	1.10762	3.68149e-06	1.11444e-05
981	7	7	90	101	35	496	0.0422614	3.16388	1.3547e-06	3.20553e-05
982	5	5	73	81	26	233	0.183236	1.69698	3.10627e-06	1.69523e-05
983	9	9	104	116	34	656	0.0170079	4.07408	7.04181e-07	4.14033e-05
984	5	5	54	62	25	108	0.390565	0.94016	3.6081e-06	9.23814e-06
985	5	5	67	72	28	337	0.114079	2.17086	2.50634e-06	2.19701e-05
986	5	5	43	48	22	108	0.426459	0.85224	3.60267e-06	8.44787e-06
987	8	8	81	87	40	170	0.243324	1.41336	3.39281e-06	1.39436e-05
988	3	3	19	22	15	10	0.827654	0.18916	1.46758e-06	1.77318e-06
989	3	2	7	7	6	1	0.952124	0.04906	4.26805e-07	4.48266e-07
990	5	5	69	85	20	300	0.126971	2.0638	2.63312e-06	2.0738e-05
991	8	8	43	48	19	86	0.477095	0.74004	3.47274e-06	7.27894e-06
992	7	7	48	52	29	78	0.484635	0.72436	3.43105e-06	7.07966e-06
993	5	5	106	127	34	488	0.0373897	3.28636	1.23752e-06	3.30978e-05
994	8	8	50	59	26	111	0.39195	0.93662	3.61699e-06	9.22819e-06
995	6	6	51	55	30	61	0.518663	0.6565	3.29131e-06	6.34574e-06
996	6	6	31	37	23	37	0.656351	0.42106	2.66117e-06	4.05449e-06
997	6	6	40	44	27	46	0.599943	0.51092	2.95641e-06	4.92782e-06
998	2	2	7	7	3	6	0.928152	0.07456	6.62638e-07	7.13932e-07
999	3	3	12	12	10	2	0.917998	0.08556	7.19378e-07	7.83638e-07
1000	3	3	40	43	15	99	0.460731	0.77494	3.54184e-06	7.68743e-06