Hist	Tr_Tot	Tr_in	DSBs	DSBt	RIFs	NComb	PSurv	lPSurv	PMut*	PMut
1	12	12	31	32	22	17	0.750017	0.28766	2.03224e-06	2.70959e-06
2	12	12	19	19	13	8	0.852042	0.16012	1.27599e-06	1.49757e-06
3	14	13	10	10	9	1	0.934354	0.0679	5.77066e-07	6.17609e-07
4	13	13	26	26	21	6	0.823757	0.19388	1.47159e-06	1.78644e-06
5	12	12	21	21	12	21	0.787431	0.23898	1.81203e-06	2.3012e-06
6	10	10	24	25	18	7	0.824729	0.1927	1.47059e-06	1.78312e-06
7	15	15	27	27	19	15	0.781875	0.24606	1.8148e-06	2.32108e-06
8	11	11	17	17	13	5	0.876113	0.13226	1.07348e-06	1.22528e-06
9	12	11	13	14	7	10	0.870298	0.13892	1.15018e-06	1.3216e-06
10	9	9	15	17	12	6	0.871656	0.13736	1.11433e-06	1.27841e-06
11	12	12	7	7	3	7	0.92343	0.07966	7.08332e-07	7.67066e-07
12	15	15	20	20	14	10	0.838115	0.1766	1.39151e-06	1.66028e-06
13	10	10	11	11	5	8	0.895942	0.10988	9.37145e-07	1.04599e-06
14	13	13	21	21	14	11	0.828631	0.18798	1.46657e-06	1.76986e-06
15	13	13	26	27	18	15	0.781875	0.24606	1.8148e-06	2.32108e-06
16	5	5	2	2	2	0	0.987519	0.01256	1.11486e-07	1.12895e-07
17	12	12	18	19	14	7	0.856398	0.15502	1.23701e-06	1.44444e-06
18	12	12	17	18	13	8	0.857409	0.15384	1.23563e-06	1.44112e-06
19	11	11	20	21	13	11	0.828631	0.18798	1.46657e-06	1.76986e-06
20	17	16	19	19	18	1	0.883009	0.12442	9.93948e-07	1.12564e-06
21	12	12	28	28	16	28	0.727137	0.31864	2.23105e-06	3.06826e-06
22	13	13	25	26	16	20	0.766991	0.26528	1.94072e-06	2.5303e-06
23	12	12	22	23	16	7	0.835153	0.18014	1.3949e-06	1.67023e-06
24	12	12	13	13	8	8	0.884759	0.12244	1.02533e-06	1.15888e-06
25	10	9	9	9	9	0	0.945048	0.05652	4.80111e-07	5.08028e-07
26	11	11	13	14	12	3	0.901929	0.10322	8.56531e-07	9.49666e-07
27	12	12	31	35	22	18	0.732274	0.3116	2.14708e-06	2.93206e-06
28	17	16	44	46	30	23	0.66619	0.40618	2.54395e-06	3.81865e-06
29	13	12	26	28	15	20	0.757418	0.27784	2.002e-06	2.6432e-06
30	6	6	8	8	8	0	0.951001	0.05024	4.29454e-07	4.51581e-07
31	10	10	7	7	5	3	0.942462	0.05926	5.22626e-07	5.54533e-07
32	13	13	18	18	14	7	0.861793	0.14874	1.19616e-06	1.38799e-06
33	13	12	11	13	7	8	0.884759	0.12244	1.02533e-06	1.15888e-06
34	16	16	40	42	26	22	0.68663	0.37596	2.43048e-06	3.53973e-06
35	11	11	32	32	22	16	0.753851	0.28256	2.00257e-06	2.65645e-06
36	16	16	17	17	12	6	0.871656	0.13736	1.11433e-06	1.27841e-06
37	10	10	10	10	9	1	0.934354	0.0679	5.77066e-07	6.17609e-07
38	17	16	39	40	26	20	0.702437	0.3532	2.33249e-06	3.32057e-06
39	13	13	18	19	12	9	0.847707	0.16522	1.31454e-06	1.5507e-06
40	21	20	47	48	29	35	0.618821	0.47994	2.82748e-06	4.56915e-06
41	19	19	45	45	25	30	0.646876	0.4356	2.67428e-06	4.13414e-06
42	7	7	14	14	9	6	0.888234	0.11852	9.8511e-07	1.10907e-06
43	13	13	11	11	11	0	0.933252	0.06908	5.79478e-07	6.20924e-07
44	10	9	23	24	17	10	0.817324	0.20172	1.54153e-06	1.88607e-06
45	9	9	9	9	7	3	0.930698	0.07182	6.21174e-07	6.67428e-07
46	11	10	18	18	13	6	0.8662	0.14364	1.15625e-06	1.33486e-06
47	10	10	18	18	14	4	0.87508	0.13344	1.07511e-06	1.22859e-06
48	13	13	28	28	23	6	0.813475	0.20644	1.54506e-06	1.89933e-06
49	7	7	7	8	7	1	0.946163	0.05534	4.77542e-07	5.04714e-07
50	15	15	22	22	13	20	0.786502	0.24016	1.8125e-06	2.30451e-06
51	10	10	9	9	8	1	0.94024	0.06162	5.27627e-07	5.61162e-07
52	17	17	31	32	23	13	0.765474	0.26726	1.91143e-06	2.49705e-06
53	9	8	8	8	7	1	0.946163	0.05534	4.77542e-07	5.04714e-07
54	7	6	12	12	9	4	0.908682	0.09576	8.0864e-07	8.89904e-07
55	13	13	21	21	14	13	0.820222	0.19818	1.53884e-06	1.87613e-06
56	16	16	48	49	27	49	0.57257	0.55762	3.07439e-06	5.36946e-06
57	9	9	28	29	14	37	0.690168	0.37082	2.48661e-06	3.60291e-06
58	9	9	22	24	14	15	0.796745	0.22722	1.71439e-06	2.15174e-06
59	13	12	20	20	13	10	0.838115	0.1766	1.39151e-06	1.66028e-06
60	13	13	19	21	14	10	0.832868	0.18288	1.42981e-06	1.71673e-06
61	19	19	28	30	18	18	0.755633	0.2802	2.00229e-06	2.64983e-06
62	10	10	31	32	22	15	0.757706	0.27746	1.97255e-06	2.60332e-06
63	16	16	31	34	18	30	0.693142	0.36652	2.43516e-06	3.51321e-06
64	11	11	30	33	21	23	0.72286	0.32454	2.2299e-06	3.08483e-06
65	11	11	16	17	8	12	0.845388	0.16796	1.35026e-06	1.59721e-06
66	11	11	7	7	7	0	0.956992	0.04396	3.78139e-07	3.95133e-07
67	11	10	5	5	4	1	0.964158	0.0365	3.23351e-07	3.35371e-07
68	12	11	15	15	8	10	0.864849	0.1452	1.1918e-06	1.37805e-06
69	12	12	12	12	10	2	0.917998	0.08556	7.19378e-07	7.83638e-07
70	12	11	22	23	18	5	0.843715	0.16994	1.31954e-06	1.56396e-06
71	17	17	31	32	28	5	0.797351	0.22646	1.6521e-06	2.07199e-06
72	12	12	33	34	22	19	0.733139	0.31042	2.14718e-06	2.92875e-06
73	10	9	7	7	6	1	0.952124	0.04906	4.26805e-07	4.48266e-07
74	13	12	17	17	14	3	0.885095	0.12206	9.90429e-07	1.11901e-06
75	12	12	21	21	16	6	0.850033	0.16248	1.27862e-06	1.5042e-06
76	6	6	8	8	7	1	0.946163	0.05534	4.77542e-07	5.04714e-07
77	13	13	13	13	10	4	0.902993	0.10204	8.54549e-07	9.46352e-07
78	9	9	2	2	2	0	0.987519	0.01256	1.11486e-07	1.12895e-07
79	12	12	6	6	5	1	0.958122	0.04278	3.7541e-07	3.91819e-07
80	15	15	17	17	14	4	0.880593	0.12716	1.03218e-06	1.17214e-06
81	6	6	5	6	4	3	0.948399	0.05298	4.72383e-07	4.98085e-07
82	13	13	17	18	13	6	0.8662	0.14364	1.15625e-06	1.33486e-06
83	12	12	23	23	17	7	0.835153	0.18014	1.3949e-06	1.67023e-06
84	13	12	27	27	14	37	0.698891	0.35826	2.43914e-06	3.49001e-06
85	11	11	7	7	6	1	0.952124	0.04906	4.26805e-07	4.48266e-07
86	7	6	10	11	8	3	0.919082	0.08438	7.17181e-07	7.80323e-07
87	6	6	15	15	10	8	0.873716	0.135	1.11117e-06	1.27178e-06
88	13	13	10	11	9	2	0.923781	0.07928	6.71764e-07	7.2719e-07
89	13	13	17	19	15	4	0.869602	0.13972	1.11747e-06	1.28504e-06
90	15	13	20	21	12	24	0.775475	0.25428	1.90813e-06	2.4606e-06
91	12	10	15	18	11	17	0.818944	0.19974	1.57182e-06	1.91932e-06
92	12	12	25	25	15	17	0.783723	0.2437	1.81389e-06	2.31445e-06
93	12	12	27	29	16	21	0.748847	0.28922	2.06141e-06	2.75278e-06
94	12	11	20	21	9	28	0.759815	0.27468	2.03108e-06	2.67313e-06
95	12	12	7	7	6	1	0.952124	0.04906	4.26805e-07	4.48266e-07
96	15	15	23	23	15	10	0.822473	0.19544	1.50482e-06	1.82963e-06
97	17	15	27	27	23	7	0.814436	0.20526	1.54418e-06	1.89602e-06
98	14	12	12	13	11	2	0.912251	0.09184	7.66369e-07	8.40085e-07
99	15	15	38	38	26	17	0.722282	0.32534	2.20171e-06	3.04827e-06
100	18	16	35	36	25	15	0.738909	0.30258	2.09046e-06	2.82911e-06
101	10	10	13	14	8	8	0.87922	0.12872	1.06854e-06	1.21533e-06
102	14	13	33	34	21	18	0.736888	0.30532	2.11901e-06	2.87562e-06
103	11	11	28	28	18	14	0.780953	0.24724	1.81525e-06	2.3244e-06
104	8	8	5	5	5	0	0.969088	0.0314	2.73513e-07	2.82238e-07
105	7	7	13	13	6	18	0.840768	0.17344	1.42108e-06	1.69022e-06
106	11	11	20	20	13	11	0.833851	0.1817	1.42874e-06	1.71342e-06
107	10	9	7	7	6	1	0.952124	0.04906	4.26805e-07	4.48266e-07
108	15	14	35	35	23	20	0.724843	0.3218	2.20231e-06	3.03833e-06
109	7	7	16	18	14	4	0.87508	0.13344	1.07511e-06	1.22859e-06
110	7	7	8	9	6	4	0.925964	0.07692	6.67214e-07	7.20561e-07
111	11	11	17	17	14	3	0.885095	0.12206	9.90429e-07	1.11901e-06
112	11	11	15	16	11	5	0.881632	0.12598	1.03048e-06	1.16883e-06
113	7	7	8	9	8	1	0.94024	0.06162	5.27627e-07	5.61162e-07
114	13	12	26	26	17	14	0.790824	0.23468	1.74891e-06	2.2115e-06
115	15	14	8	8	7	1	0.946163	0.05534	4.77542e-07	5.04714e-07
116	15	15	20	21	13	10	0.832868	0.18288	1.42981e-06	1.71673e-06
117	15	15	19	19	16	4	0.869602	0.13972	1.11747e-06	1.28504e-06
118	19	19	28	28	20	9	0.801124	0.22174	1.6493e-06	2.05873e-06
119	10	10	14	14	13	1	0.911175	0.09302	7.68485e-07	8.434e-07
120	12	12	11	11	5	9	0.891384	0.11498	9.7974e-07	1.09912e-06
121	12	10	28	28	14	21	0.753565	0.28294	2.03186e-06	2.69633e-06
122	10	10	20	20	11	20	0.796443	0.2276	1.7455e-06	2.19162e-06
123	14	14	17	17	15	2	0.889621	0.11696	9.48225e-07	1.06588e-06
124	16	15	27	28	21	14	0.780953	0.24724	1.81525e-06	2.3244e-06
125	10	10	14	14	12	2	0.90654	0.09812	8.12743e-07	8.96533e-07
126	13	13	22	22	19	3	0.857735	0.15346	1.2019e-06	1.40125e-06
127	12	12	14	16	11	7	0.872686	0.13618	1.11276e-06	1.27509e-06
128	11	11	24	25	17	13	0.799875	0.2233	1.68127e-06	2.10192e-06
129	13	13	23	23	15	14	0.805864	0.21584	1.6457e-06	2.04216e-06
130	7	6	9	9	7	2	0.935457	0.06672	5.74646e-07	6.14295e-07
131	15	15	12	12	7	6	0.899461	0.10596	8.96016e-07	9.9617e-07
132	12	12	15	15	11	5	0.887187	0.1197	9.86889e-07	1.11238e-06
133	14	14	25	25	16	13	0.799875	0.2233	1.68127e-06	2.10192e-06
134	9	9	21	22	13	14	0.810941	0.20956	1.6103e-06	1.98571e-06
135	17	17	34	35	27	9	0.766669	0.2657	1.8813e-06	2.45386e-06
136	12	12	37	39	24	29	0.67515	0.39282	2.52663e-06	3.74232e-06
137	7	7	15	16	10	7	0.872686	0.13618	1.11276e-06	1.27509e-06
138	6	6	5	5	4	1	0.964158	0.0365	3.23351e-07	3.35371e-07
139	9	9	10	10	10	0	0.939131	0.0628	5.30117e-07	5.64476e-07
140	4	4	0	0	0	0	1	-0	0	0
141	16	15	25	26	20	7	0.819566	0.19898	1.50765e-06	1.83957e-06
142	20	20	46	46	35	13	0.701047	0.35518	2.30457e-06	3.28732e-06
143	12	12	37	37	19	34	0.66647	0.40576	2.59596e-06	3.89509e-06
144	14	14	23	26	13	23	0.755346	0.28058	2.03165e-06	2.6897e-06
145	13	12	28	31	17	28	0.713566	0.33748	2.31025e-06	3.23761e-06
146	13	12	18	18	12	7	0.861793	0.14874	1.19616e-06	1.38799e-06
147	16	15	19	19	10	24	0.785276	0.24172	1.84359e-06	2.3477e-06
148	17	16	11	11	8	3	0.919082	0.08438	7.17181e-07	7.80323e-07
149	10	10	11	11	7	6	0.905127	0.09968	8.50568e-07	9.39723e-07
150	10	10	10	10	7	4	0.920167	0.0832	7.14978e-07	7.77009e-07
151	14	13	16	17	12	6	0.871656	0.13736	1.11433e-06	1.27841e-06
152	15	14	34	38	24	20	0.711315	0.34064	2.28167e-06	3.20767e-06
153	12	12	6	6	5	1	0.958122	0.04278	3.7541e-07	3.91819e-07
154	17	16	23	24	16	11	0.813166	0.20682	1.5769e-06	1.93921e-06
155	12	12	12	12	10	2	0.917998	0.08556	7.19378e-07	7.83638e-07
156	16	16	9	10	8	2	0.929601	0.073	6.23523e-07	6.70742e-07
157	7	7	17	18	8	26	0.782204	0.24564	1.87535e-06	2.39752e-06
158	11	11	11	11	9	2	0.923781	0.07928	6.71764e-07	7.2719e-07
159	12	12	22	25	15	16	0.78773	0.2386	1.78131e-06	2.26132e-06
160	14	13	18	22	15	11	0.823444	0.19426	1.50387e-06	1.82631e-06
161	7	7	8	8	6	3	0.936562	0.06554	5.72221e-07	6.1098e-07
162	12	12	6	6	4	3	0.948399	0.05298	4.72383e-07	4.98085e-07
163	11	10	14	14	12	2	0.90654	0.09812	8.12743e-07	8.96533e-07
164	10	9	11	11	7	5	0.909755	0.09458	8.06579e-07	8.8659e-07
165	11	11	6	6	6	0	0.963021	0.03768	3.26161e-07	3.38686e-07
166	5	5	10	10	9	1	0.934354	0.0679	5.77066e-07	6.17609e-07
167	3	2	0	0	0	0	1	-0	0	0
168	10	10	7	7	5	3	0.942462	0.05926	5.22626e-07	5.54533e-07
169	9	8	16	18	10	12	0.840095	0.17424	1.38923e-06	1.65366e-06
170	16	16	27	30	25	6	0.803322	0.219	1.61647e-06	2.01223e-06
171	19	19	11	12	9	3	0.913328	0.09066	7.64246e-07	8.36771e-07
172	6	5	10	10	8	2	0.929601	0.073	6.23523e-07	6.70742e-07
173	10	10	8	8	7	1	0.946163	0.05534	4.77542e-07	5.04714e-07
174	20	20	47	47	30	51	0.573923	0.55526	3.07785e-06	5.36283e-06
175	14	14	15	16	14	2	0.895225	0.11068	9.03665e-07	1.00943e-06
176	16	16	15	15	9	7	0.878183	0.1299	1.07019e-06	1.21865e-06
177	13	13	20	21	15	12	0.824416	0.19308	1.50291e-06	1.823e-06
178	7	7	11	11	7	7	0.900523	0.10478	8.94089e-07	9.92856e-07
179	14	14	32	32	20	25	0.720032	0.32846	2.25705e-06	3.13465e-06
180	11	11	18	18	14	5	0.870628	0.13854	1.1159e-06	1.28172e-06
181	10	10	10	10	7	4	0.920167	0.0832	7.14978e-07	7.77009e-07
182	10	10	14	14	11	4	0.89734	0.10832	8.99852e-07	1.0028e-06
183	20	17	19	20	13	10	0.838115	0.1766	1.39151e-06	1.66028e-06
184	10	10	17	18	12	10	0.848708	0.16404	1.31328e-06	1.54739e-06
185	7	7	11	12	6	8	0.890333	0.11616	9.81536e-07	1.10244e-06
186	14	13	17	17	11	16	0.828316	0.18836	1.49904e-06	1.80974e-06
187	11	11	28	28	20	9	0.801124	0.22174	1.6493e-06	2.05873e-06
188	13	13	11	12	9	3	0.913328	0.09066	7.64246e-07	8.36771e-07
189	7	7	13	13	10	4	0.902993	0.10204	8.54549e-07	9.46352e-07
190	10	10	10	11	7	4	0.914407	0.08948	7.62118e-07	8.33456e-07
191	13	13	27	28	17	18	0.765183	0.26764	1.94122e-06	2.53693e-06
192	18	18	22	24	20	7	0.829925	0.18642	1.43301e-06	1.72667e-06
193	7	7	9	9	8	1	0.94024	0.06162	5.27627e-07	5.61162e-07
194	13	13	13	13	10	3	0.90761	0.09694	8.10694e-07	8.93218e-07
195	17	17	26	26	14	20	0.766991	0.26528	1.94072e-06	2.5303e-06
196	11	11	16	16	13	4	0.88614	0.12088	9.88662e-07	1.11569e-06
197	10	10	18	19	11	10	0.843395	0.17032	1.35267e-06	1.60384e-06
198	13	13	10	11	9	2	0.923781	0.07928	6.71764e-07	7.2719e-07
199	15	15	24	24	17	11	0.813166	0.20682	1.5769e-06	1.93921e-06
200	10	10	20	20	14	6	0.855388	0.1562	1.23839e-06	1.44775e-06
201	12	12	24	24	19	6	0.834168	0.18132	1.39602e-06	1.67354e-06
202	15	15	25	25	16	14	0.795806	0.2284	1.71501e-06	2.15505e-06
203	15	14	28	29	22	8	0.800179	0.22292	1.65001e-06	2.06205e-06
204	22	22	30	30	18	18	0.755633	0.2802	2.00229e-06	2.64983e-06
205	11	11	8	10	6	7	0.906196	0.0985	8.48569e-07	9.36408e-07
206	9	9	7	8	6	2	0.94135	0.06044	5.2513e-07	5.57847e-07
207	10	10	11	11	10	1	0.928505	0.07418	6.25865e-07	6.74057e-07
208	12	11	32	32	19	25	0.720032	0.32846	2.25705e-06	3.13465e-06
209	12	12	25	28	19	11	0.792994	0.23194	1.71683e-06	2.165e-06
210	14	14	32	32	18	18	0.746201	0.29276	2.06155e-06	2.76272e-06
211	15	15	30	31	20	15	0.762479	0.27118	1.94194e-06	2.54687e-06
212	13	13	33	33	23	12	0.764571	0.26844	1.91171e-06	2.50037e-06
213	14	14	16	16	12	5	0.881632	0.12598	1.03048e-06	1.16883e-06
214	13	13	15	16	13	3	0.890671	0.11578	9.46393e-07	1.06256e-06
215	11	11	17	17	13	7	0.867222	0.14246	1.15474e-06	1.33154e-06
216	15	15	19	19	14	7	0.856398	0.15502	1.23701e-06	1.44444e-06
217	11	11	18	19	11	15	0.82216	0.19582	1.53703e-06	1.8695e-06
218	10	10	13	13	8	11	0.871325	0.13774	1.14865e-06	1.31828e-06
219	12	12	28	30	19	16	0.763379	0.27	1.9417e-06	2.54356e-06
220	9	9	19	20	14	12	0.82961	0.1868	1.46555e-06	1.76655e-06
221	13	12	12	13	9	4	0.902993	0.10204	8.54549e-07	9.46352e-07
222	17	16	30	30	18	20	0.747964	0.2904	2.06146e-06	2.75609e-06
223	12	12	23	24	14	12	0.809029	0.21192	1.61186e-06	1.99234e-06
224	12	11	15	17	12	6	0.871656	0.13736	1.11433e-06	1.27841e-06
225	7	7	10	10	9	1	0.934354	0.0679	5.77066e-07	6.17609e-07
226	15	15	19	19	14	6	0.860777	0.14992	1.1976e-06	1.3913e-06
227	13	12	9	9	9	0	0.945048	0.05652	4.80111e-07	5.08028e-07
228	9	9	21	22	11	19	0.790523	0.23506	1.77977e-06	2.25138e-06
229	6	6	10	10	9	1	0.934354	0.0679	5.77066e-07	6.17609e-07
230	11	11	18	18	15	4	0.87508	0.13344	1.07511e-06	1.22859e-06
231	5	5	17	17	12	8	0.862811	0.14756	1.19471e-06	1.38467e-06
232	12	12	20	22	14	9	0.831886	0.18406	1.43088e-06	1.72005e-06
233	12	12	18	19	17	2	0.878517	0.12952	1.03557e-06	1.17877e-06
234	11	11	13	13	8	8	0.884759	0.12244	1.02533e-06	1.15888e-06
235	14	14	20	21	15	9	0.837127	0.17778	1.39264e-06	1.6636e-06
236	13	13	29	29	23	6	0.808382	0.21272	1.58102e-06	1.95578e-06
237	11	11	8	8	7	1	0.946163	0.05534	4.77542e-07	5.04714e-07
238	11	11	10	10	7	4	0.920167	0.0832	7.14978e-07	7.77009e-07
239	18	18	33	33	25	10	0.77241	0.25824	1.84923e-06	2.3941e-06
240	9	8	15	15	10	8	0.873716	0.135	1.11117e-06	1.27178e-06
241	7	7	6	6	6	0	0.963021	0.03768	3.26161e-07	3.38686e-07
242	9	9	2	2	2	0	0.987519	0.01256	1.11486e-07	1.12895e-07
243	9	9	18	19	13	8	0.852042	0.16012	1.27599e-06	1.49757e-06
244	11	11	9	9	8	1	0.94024	0.06162	5.27627e-07	5.61162e-07
245	13	13	14	14	12	2	0.90654	0.09812	8.12743e-07	8.96533e-07
246	7	7	5	5	5	0	0.969088	0.0314	2.73513e-07	2.82238e-07
247	14	13	38	40	27	19	0.706028	0.3481	2.3069e-06	3.26743e-06
248	22	21	43	43	34	16	0.703533	0.35164	2.30574e-06	3.27738e-06
249	10	10	15	15	11	10	0.864849	0.1452	1.1918e-06	1.37805e-06
250	13	13	11	11	9	2	0.923781	0.07928	6.71764e-07	7.2719e-07
251	18	17	28	28	16	25	0.738348	0.30334	2.14775e-06	2.90886e-06
252	9	9	6	7	3	5	0.932897	0.06946	6.16458e-07	6.60799e-07
253	11	10	23	24	14	17	0.78866	0.23742	1.7808e-06	2.25801e-06
254	11	10	13	14	11	4	0.89734	0.10832	8.99852e-07	1.0028e-06
255	13	13	18	18	12	7	0.861793	0.14874	1.19616e-06	1.38799e-06
256	10	10	18	18	11	13	0.835822	0.17934	1.42657e-06	1.70679e-06
257	7	7	4	4	3	1	0.970232	0.03022	2.70621e-07	2.78924e-07
258	7	7	10	10	6	6	0.910829	0.0934	8.04513e-07	8.83275e-07
259	14	14	32	32	16	33	0.691246	0.36926	2.46064e-06	3.55972e-06
260	14	13	28	28	18	14	0.780953	0.24724	1.81525e-06	2.3244e-06
261	10	10	20	20	11	11	0.833851	0.1817	1.42874e-06	1.71342e-06
262	15	15	15	15	11	5	0.887187	0.1197	9.86889e-07	1.11238e-06
263	6	6	6	6	4	3	0.948399	0.05298	4.72383e-07	4.98085e-07
264	12	11	23	24	14	13	0.804914	0.21702	1.64643e-06	2.04547e-06
265	9	9	24	28	16	24	0.742123	0.29824	2.1193e-06	2.85573e-06
266	14	14	15	15	11	5	0.887187	0.1197	9.86889e-07	1.11238e-06
267	13	12	12	12	12	0	0.92741	0.07536	6.28201e-07	6.77371e-07
268	18	18	34	36	26	15	0.738909	0.30258	2.09046e-06	2.82911e-06
269	10	10	17	17	12	7	0.867222	0.14246	1.15474e-06	1.33154e-06
270	7	7	7	7	6	1	0.952124	0.04906	4.26805e-07	4.48266e-07
271	15	15	42	42	24	30	0.659179	0.41676	2.61351e-06	3.9648e-06
272	11	11	23	24	15	14	0.800819	0.22212	1.68061e-06	2.09861e-06
273	9	9	27	27	18	14	0.785873	0.24096	1.78232e-06	2.26795e-06
274	6	6	8	9	6	4	0.925964	0.07692	6.67214e-07	7.20561e-07
275	16	15	15	16	15	1	0.899802	0.10558	8.60476e-07	9.56295e-07
276	20	20	25	26	16	14	0.790824	0.23468	1.74891e-06	2.2115e-06
277	6	6	2	2	2	0	0.987519	0.01256	1.11486e-07	1.12895e-07
278	16	15	33	33	21	17	0.745321	0.29394	2.06158e-06	2.76604e-06
279	20	19	41	43	30	18	0.696394	0.36184	2.35635e-06	3.38364e-06
280	14	14	14	15	13	2	0.900865	0.1044	8.58507e-07	9.5298e-07
281	9	9	9	11	6	15	0.864521	0.14558	1.22582e-06	1.41792e-06
282	11	11	10	11	8	4	0.914407	0.08948	7.62118e-07	8.33456e-07
283	15	15	21	21	17	5	0.854379	0.15738	1.23976e-06	1.45107e-06
284	13	13	22	23	17	8	0.830905	0.18524	1.43195e-06	1.72336e-06
285	7	7	19	20	11	16	0.812857	0.2072	1.60871e-06	1.97908e-06
286	9	9	3	3	3	0	0.981336	0.01884	1.66182e-07	1.69343e-07
287	12	12	16	16	14	3	0.890671	0.11578	9.46393e-07	1.06256e-06
288	14	14	12	12	11	1	0.922692	0.08046	6.7403e-07	7.30504e-07
289	9	9	12	13	9	10	0.87578	0.13264	1.10799e-06	1.26515e-06
290	7	6	13	13	10	3	0.90761	0.09694	8.10694e-07	8.93218e-07
291	6	6	3	3	3	0	0.981336	0.01884	1.66182e-07	1.69343e-07
292	10	10	19	20	15	6	0.855388	0.1562	1.23839e-06	1.44775e-06
293	5	4	11	13	8	7	0.889283	0.11734	9.83326e-07	1.10575e-06
294	13	13	15	16	12	4	0.88614	0.12088	9.88662e-07	1.11569e-06
295	12	12	18	18	10	15	0.82734	0.18954	1.50001e-06	1.81305e-06
296	11	11	25	27	18	11	0.797989	0.22566	1.6826e-06	2.10855e-06
297	7	7	9	9	6	6	0.916567	0.08712	7.57843e-07	8.26828e-07
298	12	12	10	11	9	2	0.923781	0.07928	6.71764e-07	7.2719e-07
299	9	9	11	12	10	2	0.917998	0.08556	7.19378e-07	7.83638e-07
300	10	10	29	29	18	16	0.768189	0.26372	1.91057e-06	2.48711e-06
301	9	9	12	12	9	3	0.913328	0.09066	7.64246e-07	8.36771e-07
302	11	11	9	9	8	1	0.94024	0.06162	5.27627e-07	5.61162e-07
303	18	18	22	24	19	7	0.829925	0.18642	1.43301e-06	1.72667e-06
304	16	16	28	30	22	10	0.7871	0.2394	1.75111e-06	2.22476e-06
305	13	12	19	20	16	6	0.855388	0.1562	1.23839e-06	1.44775e-06
306	15	15	21	24	15	13	0.804914	0.21702	1.64643e-06	2.04547e-06
307	16	16	29	29	18	21	0.748847	0.28922	2.06141e-06	2.75278e-06
308	13	13	34	35	21	26	0.702999	0.3524	2.36006e-06	3.35713e-06
309	14	13	13	13	9	6	0.89383	0.11224	9.40861e-07	1.05262e-06
310	11	11	19	20	15	8	0.846707	0.1664	1.3158e-06	1.55402e-06
311	11	11	14	14	11	3	0.901929	0.10322	8.56531e-07	9.49666e-07
312	13	13	6	6	5	1	0.958122	0.04278	3.7541e-07	3.91819e-07
313	10	10	26	27	19	10	0.80207	0.22056	1.64859e-06	2.05542e-06
314	7	7	5	5	4	1	0.964158	0.0365	3.23351e-07	3.35371e-07
315	13	13	18	18	15	4	0.87508	0.13344	1.07511e-06	1.22859e-06
316	15	15	22	23	14	20	0.781578	0.24644	1.84527e-06	2.36096e-06
317	17	17	30	30	24	7	0.799235	0.2241	1.65071e-06	2.06536e-06
318	13	13	16	16	14	2	0.895225	0.11068	9.03665e-07	1.00943e-06
319	15	15	28	30	16	26	0.725423	0.321	2.2306e-06	3.07489e-06
320	4	4	7	8	6	2	0.94135	0.06044	5.2513e-07	5.57847e-07
321	14	14	16	16	14	2	0.895225	0.11068	9.03665e-07	1.00943e-06
322	6	6	6	6	4	3	0.948399	0.05298	4.72383e-07	4.98085e-07
323	10	9	26	26	15	15	0.786801	0.23978	1.78182e-06	2.26464e-06
324	13	13	15	15	10	6	0.882673	0.1248	1.02877e-06	1.16551e-06
325	17	17	28	28	20	12	0.78896	0.23704	1.75002e-06	2.21813e-06
326	12	12	25	25	16	12	0.803965	0.2182	1.64715e-06	2.04879e-06
327	13	13	18	18	12	9	0.853048	0.15894	1.27467e-06	1.49426e-06
328	11	11	3	4	2	3	0.960386	0.04042	3.69931e-07	3.8519e-07
329	11	11	11	12	7	6	0.899461	0.10596	8.96016e-07	9.9617e-07
330	18	18	39	41	25	21	0.694488	0.36458	2.3822e-06	3.43015e-06
331	11	11	19	19	13	6	0.860777	0.14992	1.1976e-06	1.3913e-06
332	17	16	23	25	18	9	0.81636	0.2029	1.54242e-06	1.88939e-06
333	16	16	22	24	16	10	0.817324	0.20172	1.54153e-06	1.88607e-06
334	12	12	8	10	8	2	0.929601	0.073	6.23523e-07	6.70742e-07
335	13	12	20	20	18	2	0.873017	0.1358	1.07837e-06	1.23522e-06
336	13	13	24	26	18	10	0.807122	0.21428	1.61341e-06	1.99897e-06
337	15	15	29	29	20	10	0.792059	0.23312	1.71743e-06	2.16831e-06
338	11	10	19	19	15	4	0.869602	0.13972	1.11747e-06	1.28504e-06
339	11	10	14	14	12	3	0.901929	0.10322	8.56531e-07	9.49666e-07
340	20	18	29	30	22	9	0.791124	0.2343	1.71803e-06	2.17163e-06
341	15	14	21	21	16	6	0.850033	0.16248	1.27862e-06	1.5042e-06
342	13	13	26	27	19	12	0.79393	0.23076	1.71623e-06	2.16168e-06
343	13	12	21	21	14	9	0.837127	0.17778	1.39264e-06	1.6636e-06
344	14	12	30	30	19	18	0.755633	0.2802	2.00229e-06	2.64983e-06
345	5	4	20	22	10	21	0.782501	0.24526	1.84486e-06	2.35764e-06
346	18	18	27	28	20	15	0.776981	0.25234	1.8473e-06	2.37753e-06
347	9	9	12	14	9	8	0.87922	0.12872	1.06854e-06	1.21533e-06
348	10	10	23	23	16	13	0.809985	0.21074	1.61108e-06	1.98903e-06
349	10	10	18	18	11	9	0.853048	0.15894	1.27467e-06	1.49426e-06
350	14	12	11	11	8	3	0.919082	0.08438	7.17181e-07	7.80323e-07
351	12	12	26	27	18	13	0.789891	0.23586	1.74946e-06	2.21482e-06
352	5	5	9	9	6	3	0.930698	0.07182	6.21174e-07	6.67428e-07
353	13	13	12	13	9	5	0.8984	0.10714	8.97937e-07	9.99485e-07
354	7	6	7	7	6	1	0.952124	0.04906	4.26805e-07	4.48266e-07
355	5	5	14	14	13	1	0.911175	0.09302	7.68485e-07	8.434e-07
356	13	12	11	11	11	0	0.933252	0.06908	5.79478e-07	6.20924e-07
357	12	12	16	18	12	12	0.840095	0.17424	1.38923e-06	1.65366e-06
358	7	7	12	13	9	5	0.8984	0.10714	8.97937e-07	9.99485e-07
359	16	16	23	23	15	14	0.805864	0.21584	1.6457e-06	2.04216e-06
360	13	13	32	32	24	9	0.78125	0.24686	1.78478e-06	2.28452e-06
361	16	16	28	28	19	16	0.773028	0.25744	1.87897e-06	2.43066e-06
362	10	10	16	16	11	7	0.872686	0.13618	1.11276e-06	1.27509e-06
363	13	13	11	11	10	1	0.928505	0.07418	6.25865e-07	6.74057e-07
364	14	14	14	15	9	10	0.864849	0.1452	1.1918e-06	1.37805e-06
365	12	12	28	28	21	8	0.80522	0.21664	1.61495e-06	2.0056e-06
366	11	11	11	11	8	4	0.914407	0.08948	7.62118e-07	8.33456e-07
367	10	10	20	20	14	9	0.8424	0.1715	1.35386e-06	1.60715e-06
368	13	13	20	20	15	6	0.855388	0.1562	1.23839e-06	1.44775e-06
369	12	12	14	14	13	1	0.911175	0.09302	7.68485e-07	8.434e-07
370	9	9	9	9	8	1	0.94024	0.06162	5.27627e-07	5.61162e-07
371	9	9	12	13	9	5	0.8984	0.10714	8.97937e-07	9.99485e-07
372	11	10	26	29	20	10	0.792059	0.23312	1.71743e-06	2.16831e-06
373	18	18	23	27	15	18	0.770004	0.26136	1.90998e-06	2.48048e-06
374	13	13	25	25	14	16	0.78773	0.2386	1.78131e-06	2.26132e-06
375	11	11	5	5	5	0	0.969088	0.0314	2.73513e-07	2.82238e-07
376	5	5	2	2	2	0	0.987519	0.01256	1.11486e-07	1.12895e-07
377	11	11	20	20	12	8	0.846707	0.1664	1.3158e-06	1.55402e-06
378	10	10	9	10	7	6	0.910829	0.0934	8.04513e-07	8.83275e-07
379	14	13	17	17	13	5	0.876113	0.13226	1.07348e-06	1.22528e-06
380	10	10	29	30	16	31	0.707159	0.3465	2.3623e-06	3.34056e-06
381	10	10	14	14	13	1	0.911175	0.09302	7.68485e-07	8.434e-07
382	5	5	7	7	5	2	0.947281	0.05416	4.74966e-07	5.014e-07
383	7	7	12	12	7	7	0.894885	0.11106	9.39006e-07	1.0493e-06
384	17	17	29	30	19	16	0.763379	0.27	1.9417e-06	2.54356e-06
385	14	14	23	24	16	11	0.813166	0.20682	1.5769e-06	1.93921e-06
386	15	15	15	15	10	8	0.873716	0.135	1.11117e-06	1.27178e-06
387	17	17	33	33	18	26	0.711884	0.33984	2.30952e-06	3.24423e-06
388	16	16	20	21	17	5	0.854379	0.15738	1.23976e-06	1.45107e-06
389	20	18	28	28	18	21	0.753565	0.28294	2.03186e-06	2.69633e-06
390	15	15	9	9	7	3	0.930698	0.07182	6.21174e-07	6.67428e-07
391	10	10	22	22	13	14	0.810941	0.20956	1.6103e-06	1.98571e-06
392	18	18	17	18	15	4	0.87508	0.13344	1.07511e-06	1.22859e-06
393	15	14	30	32	16	47	0.643611	0.44066	2.76984e-06	4.30358e-06
394	9	9	15	15	7	17	0.834519	0.1809	1.46039e-06	1.74998e-06
395	17	15	25	25	18	8	0.820534	0.1978	1.50671e-06	1.83626e-06
396	14	13	19	20	12	14	0.821191	0.197	1.53794e-06	1.87282e-06
397	16	16	22	24	18	6	0.834168	0.18132	1.39602e-06	1.67354e-06
398	11	11	14	14	9	8	0.87922	0.12872	1.06854e-06	1.21533e-06
399	7	7	21	22	13	14	0.810941	0.20956	1.6103e-06	1.98571e-06
400	14	13	27	27	19	15	0.781875	0.24606	1.8148e-06	2.32108e-06
401	13	13	33	33	23	15	0.752962	0.28374	2.00271e-06	2.65977e-06
402	17	17	23	23	20	3	0.852365	0.15974	1.24249e-06	1.45769e-06
403	14	13	21	21	17	5	0.854379	0.15738	1.23976e-06	1.45107e-06
404	13	13	31	31	22	14	0.766378	0.26608	1.91115e-06	2.49374e-06
405	6	5	3	3	3	0	0.981336	0.01884	1.66182e-07	1.69343e-07
406	6	5	3	4	3	1	0.970232	0.03022	2.70621e-07	2.78924e-07
407	12	12	26	26	18	14	0.790824	0.23468	1.74891e-06	2.2115e-06
408	13	13	25	26	17	16	0.782798	0.24488	1.81435e-06	2.31777e-06
409	18	18	34	35	22	17	0.736019	0.3065	2.11895e-06	2.87893e-06
410	15	15	19	20	17	3	0.868576	0.1409	1.11903e-06	1.28835e-06
411	12	11	7	7	6	1	0.952124	0.04906	4.26805e-07	4.48266e-07
412	17	17	31	32	18	21	0.734871	0.30806	2.14738e-06	2.92212e-06
413	11	10	21	22	15	9	0.831886	0.18406	1.43088e-06	1.72005e-06
414	12	10	26	26	20	10	0.807122	0.21428	1.61341e-06	1.99897e-06
415	9	9	16	17	13	4	0.880593	0.12716	1.03218e-06	1.17214e-06
416	15	15	8	8	6	2	0.94135	0.06044	5.2513e-07	5.57847e-07
417	9	9	30	32	17	34	0.687729	0.37436	2.48466e-06	3.61285e-06
418	17	16	34	34	21	22	0.722007	0.32572	2.22967e-06	3.08815e-06
419	12	12	17	17	13	4	0.880593	0.12716	1.03218e-06	1.17214e-06
420	14	13	32	33	21	18	0.74153	0.29904	2.0905e-06	2.81917e-06
421	22	20	37	38	23	22	0.704096	0.35084	2.33333e-06	3.31394e-06
422	13	13	42	43	22	49	0.594556	0.51994	2.99108e-06	5.03077e-06
423	11	11	23	25	16	11	0.808075	0.2131	1.61264e-06	1.99566e-06
424	10	10	15	15	11	5	0.887187	0.1197	9.86889e-07	1.11238e-06
425	16	16	24	26	18	14	0.790824	0.23468	1.74891e-06	2.2115e-06
426	7	7	8	9	8	1	0.94024	0.06162	5.27627e-07	5.61162e-07
427	12	12	28	29	17	21	0.748847	0.28922	2.06141e-06	2.75278e-06
428	8	8	26	30	14	30	0.710775	0.3414	2.33662e-06	3.28742e-06
429	8	7	2	2	2	0	0.987519	0.01256	1.11486e-07	1.12895e-07
430	8	8	9	9	8	1	0.94024	0.06162	5.27627e-07	5.61162e-07
431	8	8	11	11	5	9	0.891384	0.11498	9.7974e-07	1.09912e-06
432	8	8	12	13	9	4	0.902993	0.10204	8.54549e-07	9.46352e-07
433	6	5	2	2	2	0	0.987519	0.01256	1.11486e-07	1.12895e-07
434	6	5	7	7	7	0	0.956992	0.04396	3.78139e-07	3.95133e-07
435	8	8	10	10	10	0	0.939131	0.0628	5.30117e-07	5.64476e-07
436	8	8	11	11	9	2	0.923781	0.07928	6.71764e-07	7.2719e-07
437	9	7	11	11	8	4	0.914407	0.08948	7.62118e-07	8.33456e-07
438	8	8	18	18	14	4	0.87508	0.13344	1.07511e-06	1.22859e-06
439	8	7	13	13	10	3	0.90761	0.09694	8.10694e-07	8.93218e-07
440	8	8	16	17	9	15	0.832552	0.18326	1.46247e-06	1.75661e-06
441	8	8	12	12	10	2	0.917998	0.08556	7.19378e-07	7.83638e-07
442	7	7	10	10	10	0	0.939131	0.0628	5.30117e-07	5.64476e-07
443	8	8	6	6	6	0	0.963021	0.03768	3.26161e-07	3.38686e-07
444	10	9	17	19	9	23	0.789291	0.23662	1.81108e-06	2.29457e-06
445	9	9	17	17	9	13	0.841087	0.17306	1.38808e-06	1.65034e-06
446	8	8	11	11	8	4	0.914407	0.08948	7.62118e-07	8.33456e-07
447	8	8	8	8	7	1	0.946163	0.05534	4.77542e-07	5.04714e-07
448	8	8	12	13	8	8	0.884759	0.12244	1.02533e-06	1.15888e-06
449	13	12	29	29	18	18	0.760393	0.27392	1.97199e-06	2.59338e-06
450	8	8	1	1	1	0	0.99374	0.00628	5.60942e-08	5.64476e-08
451	8	8	16	16	14	2	0.895225	0.11068	9.03665e-07	1.00943e-06
452	9	9	15	15	12	3	0.896282	0.1095	9.01762e-07	1.00611e-06
453	8	8	13	13	8	8	0.884759	0.12244	1.02533e-06	1.15888e-06
454	8	8	5	5	4	1	0.964158	0.0365	3.23351e-07	3.35371e-07
455	8	8	11	11	6	7	0.900523	0.10478	8.94089e-07	9.92856e-07
456	8	8	14	17	11	8	0.862811	0.14756	1.19471e-06	1.38467e-06
457	8	8	12	12	11	1	0.922692	0.08046	6.7403e-07	7.30504e-07
458	9	9	17	18	14	4	0.87508	0.13344	1.07511e-06	1.22859e-06
459	8	8	23	24	13	15	0.796745	0.22722	1.71439e-06	2.15174e-06
460	8	7	18	18	13	7	0.861793	0.14874	1.19616e-06	1.38799e-06
461	8	8	12	12	8	5	0.90406	0.10086	8.52562e-07	9.43037e-07
462	6	5	4	4	4	0	0.975193	0.02512	2.20189e-07	2.2579e-07
463	9	9	18	18	10	23	0.794264	0.23034	1.77766e-06	2.23812e-06
464	14	13	26	27	20	9	0.806171	0.21546	1.61418e-06	2.00228e-06
465	12	11	15	16	11	6	0.877148	0.13108	1.07184e-06	1.22196e-06
466	10	10	17	17	15	2	0.889621	0.11696	9.48225e-07	1.06588e-06
467	6	5	7	8	6	3	0.936562	0.06554	5.72221e-07	6.1098e-07
468	8	7	11	11	7	4	0.914407	0.08948	7.62118e-07	8.33456e-07
469	8	8	17	17	14	3	0.885095	0.12206	9.90429e-07	1.11901e-06
470	9	9	28	30	17	26	0.725423	0.321	2.2306e-06	3.07489e-06
471	8	8	11	11	9	2	0.923781	0.07928	6.71764e-07	7.2719e-07
472	9	9	13	13	11	2	0.912251	0.09184	7.66369e-07	8.40085e-07
473	8	8	15	15	10	8	0.873716	0.135	1.11117e-06	1.27178e-06
474	8	7	6	6	5	1	0.958122	0.04278	3.7541e-07	3.91819e-07
475	8	8	17	17	12	6	0.871656	0.13736	1.11433e-06	1.27841e-06
476	8	8	21	22	10	31	0.743594	0.29626	2.14823e-06	2.88898e-06
477	13	13	11	11	11	0	0.933252	0.06908	5.79478e-07	6.20924e-07
478	8	7	7	7	5	3	0.942462	0.05926	5.22626e-07	5.54533e-07
479	8	8	2	2	2	0	0.987519	0.01256	1.11486e-07	1.12895e-07
480	8	8	14	14	9	5	0.892776	0.11342	9.42711e-07	1.05593e-06
481	10	10	18	19	13	6	0.860777	0.14992	1.1976e-06	1.3913e-06
482	8	8	35	36	18	44	0.637322	0.45048	2.78508e-06	4.36997e-06
483	9	8	10	10	4	13	0.878886	0.1291	1.10318e-06	1.25521e-06
484	8	8	15	16	12	4	0.88614	0.12088	9.88662e-07	1.11569e-06
485	6	5	12	12	9	4	0.908682	0.09576	8.0864e-07	8.89904e-07
486	8	8	5	5	5	0	0.969088	0.0314	2.73513e-07	2.82238e-07
487	8	7	14	15	8	14	0.847385	0.1656	1.34783e-06	1.59058e-06
488	8	8	12	12	9	4	0.908682	0.09576	8.0864e-07	8.89904e-07
489	8	8	22	22	12	19	0.790523	0.23506	1.77977e-06	2.25138e-06
490	8	8	8	9	7	2	0.935457	0.06672	5.74646e-07	6.14295e-07
491	8	8	22	22	14	15	0.806816	0.21466	1.64497e-06	2.03885e-06
492	11	11	15	15	13	2	0.900865	0.1044	8.58507e-07	9.5298e-07
493	13	13	19	20	10	18	0.804608	0.2174	1.67789e-06	2.08535e-06
494	8	8	25	25	17	14	0.795806	0.2284	1.71501e-06	2.15505e-06
495	11	11	9	9	6	4	0.925964	0.07692	6.67214e-07	7.20561e-07
496	8	8	14	14	12	2	0.90654	0.09812	8.12743e-07	8.96533e-07
497	8	8	8	9	7	2	0.935457	0.06672	5.74646e-07	6.14295e-07
498	8	8	12	13	6	18	0.840768	0.17344	1.42108e-06	1.69022e-06
499	10	9	14	15	10	6	0.882673	0.1248	1.02877e-06	1.16551e-06
500	8	8	17	17	11	12	0.845388	0.16796	1.35026e-06	1.59721e-06
501	8	8	9	9	8	1	0.94024	0.06162	5.27627e-07	5.61162e-07
502	8	8	16	18	10	17	0.818944	0.19974	1.57182e-06	1.91932e-06
503	8	8	9	9	7	2	0.935457	0.06672	5.74646e-07	6.14295e-07
504	3	3	2	2	2	0	0.987519	0.01256	1.11486e-07	1.12895e-07
505	8	8	6	6	4	2	0.953248	0.04788	4.2415e-07	4.44952e-07
506	9	9	15	15	12	6	0.882673	0.1248	1.02877e-06	1.16551e-06
507	8	8	6	6	6	0	0.963021	0.03768	3.26161e-07	3.38686e-07
508	10	9	13	13	13	0	0.921604	0.08164	6.7629e-07	7.33819e-07
509	8	8	8	8	6	2	0.94135	0.06044	5.2513e-07	5.57847e-07
510	8	8	20	20	14	8	0.846707	0.1664	1.3158e-06	1.55402e-06
511	8	7	12	13	10	3	0.90761	0.09694	8.10694e-07	8.93218e-07
512	8	8	5	5	5	0	0.969088	0.0314	2.73513e-07	2.82238e-07
513	8	7	17	17	13	4	0.880593	0.12716	1.03218e-06	1.17214e-06
514	8	8	22	22	16	12	0.819255	0.19936	1.53975e-06	1.87945e-06
515	8	8	15	15	11	4	0.891723	0.1146	9.44554e-07	1.05925e-06
516	8	8	19	22	15	9	0.831886	0.18406	1.43088e-06	1.72005e-06
517	11	11	16	16	10	16	0.833535	0.18208	1.46143e-06	1.75329e-06
518	8	8	16	16	9	13	0.846386	0.16678	1.34905e-06	1.59389e-06
519	6	6	9	9	7	2	0.935457	0.06672	5.74646e-07	6.14295e-07
520	10	10	12	14	10	6	0.888234	0.11852	9.8511e-07	1.10907e-06
521	8	8	9	9	6	3	0.930698	0.07182	6.21174e-07	6.67428e-07
522	10	10	20	20	13	11	0.833851	0.1817	1.42874e-06	1.71342e-06
523	10	10	18	20	12	12	0.82961	0.1868	1.46555e-06	1.76655e-06
524	8	7	9	9	8	1	0.94024	0.06162	5.27627e-07	5.61162e-07
525	8	8	13	13	8	6	0.89383	0.11224	9.40861e-07	1.05262e-06
526	10	10	10	10	9	1	0.934354	0.0679	5.77066e-07	6.17609e-07
527	8	8	3	3	2	1	0.976344	0.02394	2.17213e-07	2.22476e-07
528	8	7	7	7	7	0	0.956992	0.04396	3.78139e-07	3.95133e-07
529	8	8	10	12	6	12	0.872354	0.13656	1.14712e-06	1.31497e-06
530	8	8	14	15	12	6	0.882673	0.1248	1.02877e-06	1.16551e-06
531	8	7	5	5	5	0	0.969088	0.0314	2.73513e-07	2.82238e-07
532	8	8	14	14	10	7	0.883716	0.12362	1.02705e-06	1.1622e-06
533	8	8	9	9	8	1	0.94024	0.06162	5.27627e-07	5.61162e-07
534	3	2	14	14	4	23	0.814468	0.20522	1.63898e-06	2.01233e-06
535	13	13	16	16	15	1	0.899802	0.10558	8.60476e-07	9.56295e-07
536	8	7	4	4	4	0	0.975193	0.02512	2.20189e-07	2.2579e-07
537	8	8	18	19	13	8	0.852042	0.16012	1.27599e-06	1.49757e-06
538	8	8	9	10	5	9	0.896999	0.1087	9.35279e-07	1.04267e-06
539	8	8	9	10	7	4	0.920167	0.0832	7.14978e-07	7.77009e-07
540	9	9	11	12	10	2	0.917998	0.08556	7.19378e-07	7.83638e-07
541	6	6	12	12	8	5	0.90406	0.10086	8.52562e-07	9.43037e-07
542	7	7	12	12	10	2	0.917998	0.08556	7.19378e-07	7.83638e-07
543	8	8	4	4	4	0	0.975193	0.02512	2.20189e-07	2.2579e-07
544	9	9	26	26	17	14	0.790824	0.23468	1.74891e-06	2.2115e-06
545	15	13	33	34	23	14	0.752074	0.28492	2.00284e-06	2.66308e-06
546	8	8	15	15	13	3	0.896282	0.1095	9.01762e-07	1.00611e-06
547	8	8	20	22	15	10	0.827654	0.18916	1.46758e-06	1.77318e-06
548	8	7	17	17	10	9	0.858422	0.15266	1.23425e-06	1.43781e-06
549	13	13	15	17	10	17	0.824103	0.19346	1.5352e-06	1.86287e-06
550	8	8	1	1	1	0	0.99374	0.00628	5.60942e-08	5.64476e-08
551	12	12	17	19	15	5	0.865178	0.14482	1.15776e-06	1.33817e-06
552	12	12	16	16	11	5	0.881632	0.12598	1.03048e-06	1.16883e-06
553	5	4	7	7	5	3	0.942462	0.05926	5.22626e-07	5.54533e-07
554	8	8	9	10	4	13	0.878886	0.1291	1.10318e-06	1.25521e-06
555	8	8	18	18	13	8	0.857409	0.15384	1.23563e-06	1.44112e-06
556	8	8	12	15	7	21	0.817667	0.2013	1.60468e-06	1.96251e-06
557	11	11	10	10	9	1	0.934354	0.0679	5.77066e-07	6.17609e-07
558	8	8	18	18	11	10	0.848708	0.16404	1.31328e-06	1.54739e-06
559	8	8	12	12	10	3	0.913328	0.09066	7.64246e-07	8.36771e-07
560	8	8	6	7	4	6	0.928152	0.07456	6.62638e-07	7.13932e-07
561	10	10	25	27	19	14	0.785873	0.24096	1.78232e-06	2.26795e-06
562	7	7	7	8	5	4	0.931797	0.07064	6.18819e-07	6.64114e-07
563	12	12	18	18	11	11	0.844391	0.16914	1.35147e-06	1.60052e-06
564	6	5	5	5	5	0	0.969088	0.0314	2.73513e-07	2.82238e-07
565	9	8	23	25	14	24	0.756237	0.2794	2.03155e-06	2.68639e-06
566	8	8	3	3	1	3	0.966436	0.03414	3.17709e-07	3.28742e-07
567	7	7	10	10	7	3	0.924872	0.0781	6.69492e-07	7.23876e-07
568	8	8	8	8	6	2	0.94135	0.06044	5.2513e-07	5.57847e-07
569	10	10	22	22	20	2	0.862121	0.14836	1.16224e-06	1.34811e-06
570	7	7	6	6	4	3	0.948399	0.05298	4.72383e-07	4.98085e-07
571	9	8	14	14	12	2	0.90654	0.09812	8.12743e-07	8.96533e-07
572	8	8	3	3	2	1	0.976344	0.02394	2.17213e-07	2.22476e-07
573	12	12	16	18	11	9	0.853048	0.15894	1.27467e-06	1.49426e-06
574	7	7	5	5	4	1	0.964158	0.0365	3.23351e-07	3.35371e-07
575	8	8	7	7	6	1	0.952124	0.04906	4.26805e-07	4.48266e-07
576	11	11	20	23	12	19	0.785574	0.24134	1.81297e-06	2.30783e-06
577	9	9	9	9	6	4	0.925964	0.07692	6.67214e-07	7.20561e-07
578	9	9	20	21	15	8	0.841407	0.17268	1.35506e-06	1.61047e-06
579	9	9	12	13	8	7	0.889283	0.11734	9.83326e-07	1.10575e-06
580	8	7	16	18	8	21	0.802406	0.22014	1.71061e-06	2.13185e-06
581	8	8	11	12	9	3	0.913328	0.09066	7.64246e-07	8.36771e-07
582	8	8	18	18	12	7	0.861793	0.14874	1.19616e-06	1.38799e-06
583	8	8	13	14	11	4	0.89734	0.10832	8.99852e-07	1.0028e-06
584	10	10	10	10	9	1	0.934354	0.0679	5.77066e-07	6.17609e-07
585	11	10	6	6	4	3	0.948399	0.05298	4.72383e-07	4.98085e-07
586	8	8	17	17	10	13	0.841087	0.17306	1.38808e-06	1.65034e-06
587	9	9	8	8	6	2	0.94135	0.06044	5.2513e-07	5.57847e-07
588	14	14	27	29	20	14	0.776064	0.25352	1.84769e-06	2.38085e-06
589	5	5	3	3	3	0	0.981336	0.01884	1.66182e-07	1.69343e-07
590	8	7	11	11	6	8	0.895942	0.10988	9.37145e-07	1.04599e-06
591	3	3	0	0	0	0	1	-0	0	0
592	8	8	17	18	12	6	0.8662	0.14364	1.15625e-06	1.33486e-06
593	8	8	21	21	12	18	0.799571	0.22368	1.71252e-06	2.1418e-06
594	8	8	13	13	8	11	0.871325	0.13774	1.14865e-06	1.31828e-06
595	8	7	17	17	12	6	0.871656	0.13736	1.11433e-06	1.27841e-06
596	9	9	17	17	14	3	0.885095	0.12206	9.90429e-07	1.11901e-06
597	8	8	8	8	7	1	0.946163	0.05534	4.77542e-07	5.04714e-07
598	7	7	9	9	7	2	0.935457	0.06672	5.74646e-07	6.14295e-07
599	13	13	28	30	22	14	0.771206	0.2598	1.87965e-06	2.43729e-06
600	9	9	20	21	13	17	0.803659	0.21858	1.67857e-06	2.08866e-06
601	14	14	31	31	23	10	0.782172	0.24568	1.7843e-06	2.28121e-06
602	9	9	12	13	9	5	0.8984	0.10714	8.97937e-07	9.99485e-07
603	8	8	4	4	4	0	0.975193	0.02512	2.20189e-07	2.2579e-07
604	8	8	2	2	2	0	0.987519	0.01256	1.11486e-07	1.12895e-07
605	10	10	16	16	12	4	0.88614	0.12088	9.88662e-07	1.11569e-06
606	7	7	9	9	6	4	0.925964	0.07692	6.67214e-07	7.20561e-07
607	11	11	20	22	15	13	0.815087	0.20446	1.57522e-06	1.93258e-06
608	13	13	20	20	11	15	0.817013	0.2021	1.57353e-06	1.92595e-06
609	8	8	19	19	10	16	0.817978	0.20092	1.57267e-06	1.92264e-06
610	5	4	8	8	5	6	0.922341	0.08084	7.10553e-07	7.7038e-07
611	9	9	8	8	7	1	0.946163	0.05534	4.77542e-07	5.04714e-07
612	8	8	12	12	9	4	0.908682	0.09576	8.0864e-07	8.89904e-07
613	10	10	21	21	17	5	0.854379	0.15738	1.23976e-06	1.45107e-06
614	8	8	14	15	11	5	0.887187	0.1197	9.86889e-07	1.11238e-06
615	8	8	10	10	8	2	0.929601	0.073	6.23523e-07	6.70742e-07
616	8	8	11	11	6	9	0.891384	0.11498	9.7974e-07	1.09912e-06
617	12	12	22	22	11	23	0.77456	0.25546	1.90845e-06	2.46391e-06
618	7	7	15	15	11	5	0.887187	0.1197	9.86889e-07	1.11238e-06
619	8	8	24	24	17	8	0.825703	0.19152	1.46959e-06	1.77981e-06
620	9	8	9	9	7	2	0.935457	0.06672	5.74646e-07	6.14295e-07
621	8	8	11	12	9	4	0.908682	0.09576	8.0864e-07	8.89904e-07
622	7	7	13	16	9	10	0.859435	0.15148	1.23285e-06	1.43449e-06
623	9	9	16	16	12	7	0.872686	0.13618	1.11276e-06	1.27509e-06
624	2	2	1	1	1	0	0.99374	0.00628	5.60942e-08	5.64476e-08
625	9	9	16	17	7	19	0.81574	0.20366	1.60631e-06	1.96914e-06
626	7	7	11	11	9	3	0.919082	0.08438	7.17181e-07	7.80323e-07
627	8	8	12	12	9	3	0.913328	0.09066	7.64246e-07	8.36771e-07
628	10	10	14	14	8	8	0.87922	0.12872	1.06854e-06	1.21533e-06
629	8	7	14	15	10	6	0.882673	0.1248	1.02877e-06	1.16551e-06
630	16	16	34	35	22	20	0.724843	0.3218	2.20231e-06	3.03833e-06
631	9	8	8	9	3	21	0.849065	0.16362	1.37873e-06	1.62383e-06
632	6	6	6	6	5	1	0.958122	0.04278	3.7541e-07	3.91819e-07
633	8	8	21	22	9	24	0.77062	0.26056	1.93968e-06	2.51704e-06
634	11	11	8	8	7	1	0.946163	0.05534	4.77542e-07	5.04714e-07
635	12	11	22	24	13	16	0.792692	0.23232	1.74779e-06	2.20487e-06
636	10	10	15	16	10	10	0.859435	0.15148	1.23285e-06	1.43449e-06
637	11	10	17	18	10	12	0.840095	0.17424	1.38923e-06	1.65366e-06
638	8	8	10	10	10	0	0.939131	0.0628	5.30117e-07	5.64476e-07
639	8	8	5	6	3	4	0.943574	0.05808	5.20116e-07	5.51218e-07
640	11	11	12	12	10	2	0.917998	0.08556	7.19378e-07	7.83638e-07
641	8	8	3	3	3	0	0.981336	0.01884	1.66182e-07	1.69343e-07
642	11	11	33	33	21	18	0.74153	0.29904	2.0905e-06	2.81917e-06
643	6	6	10	10	9	1	0.934354	0.0679	5.77066e-07	6.17609e-07
644	12	12	15	16	11	5	0.881632	0.12598	1.03048e-06	1.16883e-06
645	8	8	23	23	17	7	0.835153	0.18014	1.3949e-06	1.67023e-06
646	10	8	19	19	10	37	0.734901	0.30802	2.23295e-06	3.03843e-06
647	8	7	7	8	6	2	0.94135	0.06044	5.2513e-07	5.57847e-07
648	8	8	18	18	11	14	0.83157	0.18444	1.4635e-06	1.75992e-06
649	8	7	9	10	6	5	0.915486	0.0883	7.59984e-07	8.30142e-07
650	8	8	12	12	8	5	0.90406	0.10086	8.52562e-07	9.43037e-07
651	9	9	13	13	9	7	0.889283	0.11734	9.83326e-07	1.10575e-06
652	8	8	11	11	9	2	0.923781	0.07928	6.71764e-07	7.2719e-07
653	13	13	21	22	13	16	0.802711	0.21976	1.67925e-06	2.09198e-06
654	11	11	25	25	19	7	0.824729	0.1927	1.47059e-06	1.78312e-06
655	8	8	13	13	12	1	0.916915	0.08674	7.21568e-07	7.86952e-07
656	13	13	27	27	14	21	0.758312	0.27666	2.00186e-06	2.63988e-06
657	13	13	30	30	22	11	0.783096	0.2445	1.78381e-06	2.27789e-06
658	15	15	37	38	27	17	0.722282	0.32534	2.20171e-06	3.04827e-06
659	8	7	11	11	10	1	0.928505	0.07418	6.25865e-07	6.74057e-07
660	8	7	16	16	10	7	0.872686	0.13618	1.11276e-06	1.27509e-06
661	11	11	32	33	18	46	0.642852	0.44184	2.7687e-06	4.3069e-06
662	10	10	19	19	10	30	0.761611	0.27232	2.03083e-06	2.6665e-06
663	13	13	17	18	11	14	0.83157	0.18444	1.4635e-06	1.75992e-06
664	19	17	25	26	15	21	0.763089	0.27038	1.97139e-06	2.58343e-06
665	8	8	11	11	9	3	0.919082	0.08438	7.17181e-07	7.80323e-07
666	6	6	4	4	3	1	0.970232	0.03022	2.70621e-07	2.78924e-07
667	7	6	12	12	6	10	0.881298	0.12636	1.06523e-06	1.2087e-06
668	7	7	16	17	6	31	0.767313	0.26486	2.00019e-06	2.60674e-06
669	11	11	28	30	15	40	0.675434	0.3924	2.57932e-06	3.81876e-06
670	9	8	13	13	10	3	0.90761	0.09694	8.10694e-07	8.93218e-07
671	8	8	19	19	16	6	0.860777	0.14992	1.1976e-06	1.3913e-06
672	8	8	10	10	9	1	0.934354	0.0679	5.77066e-07	6.17609e-07
673	8	8	20	22	10	29	0.751218	0.28606	2.09042e-06	2.78271e-06
674	8	8	13	13	8	8	0.884759	0.12244	1.02533e-06	1.15888e-06
675	9	8	11	11	5	10	0.886849	0.12008	1.02188e-06	1.15226e-06
676	8	8	8	9	5	10	0.898059	0.10752	9.33407e-07	1.03936e-06
677	6	6	2	2	1	1	0.982495	0.01766	1.63122e-07	1.66028e-07
678	11	11	8	8	7	1	0.946163	0.05534	4.77542e-07	5.04714e-07
679	11	11	12	12	10	3	0.913328	0.09066	7.64246e-07	8.36771e-07
680	9	9	13	13	10	3	0.90761	0.09694	8.10694e-07	8.93218e-07
681	8	8	30	30	20	14	0.771206	0.2598	1.87965e-06	2.43729e-06
682	12	10	6	7	3	6	0.928152	0.07456	6.62638e-07	7.13932e-07
683	8	8	9	9	7	2	0.935457	0.06672	5.74646e-07	6.14295e-07
684	8	8	6	6	6	0	0.963021	0.03768	3.26161e-07	3.38686e-07
685	12	12	20	22	14	17	0.798628	0.22486	1.71315e-06	2.14511e-06
686	8	8	11	12	9	3	0.913328	0.09066	7.64246e-07	8.36771e-07
687	11	11	14	14	8	13	0.857083	0.15422	1.26934e-06	1.481e-06
688	11	11	12	13	9	5	0.8984	0.10714	8.97937e-07	9.99485e-07
689	8	8	20	20	13	13	0.825389	0.1919	1.50195e-06	1.81968e-06
690	10	10	26	27	19	9	0.806171	0.21546	1.61418e-06	2.00228e-06
691	12	12	12	13	10	4	0.902993	0.10204	8.54549e-07	9.46352e-07
692	12	12	28	28	20	12	0.78896	0.23704	1.75002e-06	2.21813e-06
693	8	8	17	17	9	13	0.841087	0.17306	1.38808e-06	1.65034e-06
694	9	9	5	5	5	0	0.969088	0.0314	2.73513e-07	2.82238e-07
695	6	6	3	3	2	1	0.976344	0.02394	2.17213e-07	2.22476e-07
696	13	13	7	7	7	0	0.956992	0.04396	3.78139e-07	3.95133e-07
697	11	11	11	11	10	1	0.928505	0.07418	6.25865e-07	6.74057e-07
698	11	11	15	16	9	11	0.855063	0.15658	1.27201e-06	1.48763e-06
699	9	9	11	11	8	3	0.919082	0.08438	7.17181e-07	7.80323e-07
700	8	8	17	18	13	9	0.853048	0.15894	1.27467e-06	1.49426e-06
701	9	9	14	15	9	10	0.864849	0.1452	1.1918e-06	1.37805e-06
702	8	8	15	17	9	9	0.858422	0.15266	1.23425e-06	1.43781e-06
703	8	8	16	18	11	10	0.848708	0.16404	1.31328e-06	1.54739e-06
704	8	7	15	15	10	11	0.86045	0.1503	1.23146e-06	1.43118e-06
705	8	8	16	16	10	7	0.872686	0.13618	1.11276e-06	1.27509e-06
706	10	10	19	20	12	12	0.82961	0.1868	1.46555e-06	1.76655e-06
707	9	9	20	20	15	6	0.855388	0.1562	1.23839e-06	1.44775e-06
708	12	11	12	12	10	2	0.917998	0.08556	7.19378e-07	7.83638e-07
709	10	10	16	16	9	10	0.859435	0.15148	1.23285e-06	1.43449e-06
710	12	11	25	26	16	12	0.798932	0.22448	1.68194e-06	2.10524e-06
711	6	6	8	8	6	2	0.94135	0.06044	5.2513e-07	5.57847e-07
712	12	12	17	17	12	11	0.84971	0.16286	1.31202e-06	1.54407e-06
713	8	8	18	18	14	5	0.870628	0.13854	1.1159e-06	1.28172e-06
714	12	12	14	15	11	5	0.887187	0.1197	9.86889e-07	1.11238e-06
715	9	8	22	22	16	12	0.819255	0.19936	1.53975e-06	1.87945e-06
716	10	10	18	20	10	25	0.77639	0.2531	1.90781e-06	2.45728e-06
717	9	9	17	18	11	10	0.848708	0.16404	1.31328e-06	1.54739e-06
718	11	11	14	14	14	0	0.915834	0.08792	7.23753e-07	7.90266e-07
719	8	7	10	10	7	3	0.924872	0.0781	6.69492e-07	7.23876e-07
720	13	13	24	27	14	23	0.750617	0.28686	2.06131e-06	2.74615e-06
721	13	12	16	16	13	4	0.88614	0.12088	9.88662e-07	1.11569e-06
722	13	13	17	17	12	9	0.858422	0.15266	1.23425e-06	1.43781e-06
723	8	8	14	15	11	4	0.891723	0.1146	9.44554e-07	1.05925e-06
724	7	7	10	10	8	2	0.929601	0.073	6.23523e-07	6.70742e-07
725	11	11	4	4	4	0	0.975193	0.02512	2.20189e-07	2.2579e-07
726	11	11	24	26	15	18	0.774855	0.25508	1.87827e-06	2.42404e-06
727	8	8	19	20	10	19	0.800515	0.2225	1.71189e-06	2.13848e-06
728	9	8	20	21	12	13	0.820222	0.19818	1.53884e-06	1.87613e-06
729	9	9	17	17	12	6	0.871656	0.13736	1.11433e-06	1.27841e-06
730	5	5	12	12	8	6	0.899461	0.10596	8.96016e-07	9.9617e-07
731	7	7	8	8	6	3	0.936562	0.06554	5.72221e-07	6.1098e-07
732	13	13	25	25	16	13	0.799875	0.2233	1.68127e-06	2.10192e-06
733	8	7	17	17	10	12	0.845388	0.16796	1.35026e-06	1.59721e-06
734	10	10	23	24	16	12	0.809029	0.21192	1.61186e-06	1.99234e-06
735	11	11	16	16	13	4	0.88614	0.12088	9.88662e-07	1.11569e-06
736	10	9	22	22	16	7	0.840415	0.17386	1.35624e-06	1.61378e-06
737	9	9	7	8	6	3	0.936562	0.06554	5.72221e-07	6.1098e-07
738	8	8	24	25	17	11	0.808075	0.2131	1.61264e-06	1.99566e-06
739	9	9	17	17	11	12	0.845388	0.16796	1.35026e-06	1.59721e-06
740	8	8	10	11	7	5	0.909755	0.09458	8.06579e-07	8.8659e-07
741	13	13	18	18	12	8	0.857409	0.15384	1.23563e-06	1.44112e-06
742	8	8	20	21	15	12	0.824416	0.19308	1.50291e-06	1.823e-06
743	8	7	10	10	8	2	0.929601	0.073	6.23523e-07	6.70742e-07
744	8	8	14	14	7	22	0.818633	0.20012	1.60386e-06	1.9592e-06
745	5	5	1	1	1	0	0.99374	0.00628	5.60942e-08	5.64476e-08
746	7	7	12	13	10	4	0.902993	0.10204	8.54549e-07	9.46352e-07
747	8	8	18	19	10	16	0.817978	0.20092	1.57267e-06	1.92264e-06
748	12	12	26	27	17	11	0.797989	0.22566	1.6826e-06	2.10855e-06
749	13	13	11	11	11	0	0.933252	0.06908	5.79478e-07	6.20924e-07
750	15	15	16	17	13	7	0.867222	0.14246	1.15474e-06	1.33154e-06
751	6	6	8	9	7	2	0.935457	0.06672	5.74646e-07	6.14295e-07
752	8	8	11	11	9	2	0.923781	0.07928	6.71764e-07	7.2719e-07
753	9	9	17	17	10	14	0.836809	0.17816	1.42548e-06	1.70347e-06
754	8	8	7	7	6	1	0.952124	0.04906	4.26805e-07	4.48266e-07
755	10	10	18	19	14	6	0.860777	0.14992	1.1976e-06	1.3913e-06
756	11	11	21	22	16	8	0.836139	0.17896	1.39377e-06	1.66691e-06
757	6	6	6	6	5	1	0.958122	0.04278	3.7541e-07	3.91819e-07
758	6	6	12	12	7	7	0.894885	0.11106	9.39006e-07	1.0493e-06
759	12	12	27	27	18	13	0.789891	0.23586	1.74946e-06	2.21482e-06
760	10	10	24	25	17	10	0.812207	0.208	1.57773e-06	1.94252e-06
761	13	12	18	19	14	7	0.856398	0.15502	1.23701e-06	1.44444e-06
762	12	11	21	22	15	9	0.831886	0.18406	1.43088e-06	1.72005e-06
763	8	8	16	17	9	24	0.795201	0.22916	1.77712e-06	2.23481e-06
764	11	11	20	23	15	15	0.801765	0.22094	1.67993e-06	2.09529e-06
765	8	8	10	10	7	3	0.924872	0.0781	6.69492e-07	7.23876e-07
766	11	11	14	14	9	6	0.888234	0.11852	9.8511e-07	1.10907e-06
767	11	10	18	19	14	7	0.856398	0.15502	1.23701e-06	1.44444e-06
768	11	11	11	11	7	6	0.905127	0.09968	8.50568e-07	9.39723e-07
769	9	9	19	20	11	14	0.821191	0.197	1.53794e-06	1.87282e-06
770	13	13	18	18	15	3	0.879554	0.12834	1.03388e-06	1.17546e-06
771	8	8	7	7	7	0	0.956992	0.04396	3.78139e-07	3.95133e-07
772	5	5	10	11	5	10	0.886849	0.12008	1.02188e-06	1.15226e-06
773	9	9	9	10	4	16	0.865541	0.1444	1.2244e-06	1.41461e-06
774	9	9	13	13	13	0	0.921604	0.08164	6.7629e-07	7.33819e-07
775	7	7	12	14	10	7	0.883716	0.12362	1.02705e-06	1.1622e-06
776	8	8	21	22	17	8	0.836139	0.17896	1.39377e-06	1.66691e-06
777	13	12	38	40	24	24	0.688252	0.3736	2.43166e-06	3.5331e-06
778	12	11	22	24	20	5	0.838434	0.17622	1.3586e-06	1.62041e-06
779	12	11	14	14	9	6	0.888234	0.11852	9.8511e-07	1.10907e-06
780	8	8	13	13	9	6	0.89383	0.11224	9.40861e-07	1.05262e-06
781	5	5	11	11	9	2	0.923781	0.07928	6.71764e-07	7.2719e-07
782	11	10	21	21	14	13	0.820222	0.19818	1.53884e-06	1.87613e-06
783	9	7	5	5	5	0	0.969088	0.0314	2.73513e-07	2.82238e-07
784	9	8	9	10	9	1	0.934354	0.0679	5.77066e-07	6.17609e-07
785	6	6	9	10	5	7	0.906196	0.0985	8.48569e-07	9.36408e-07
786	17	17	29	29	18	16	0.768189	0.26372	1.91057e-06	2.48711e-06
787	9	9	27	28	14	23	0.745918	0.29314	2.09051e-06	2.8026e-06
788	9	9	16	17	10	11	0.84971	0.16286	1.31202e-06	1.54407e-06
789	8	8	5	5	5	0	0.969088	0.0314	2.73513e-07	2.82238e-07
790	10	9	23	23	16	8	0.830905	0.18524	1.43195e-06	1.72336e-06
791	10	10	8	8	6	2	0.94135	0.06044	5.2513e-07	5.57847e-07
792	8	8	12	12	11	1	0.922692	0.08046	6.7403e-07	7.30504e-07
793	16	16	25	25	18	8	0.820534	0.1978	1.50671e-06	1.83626e-06
794	10	10	11	11	7	4	0.914407	0.08948	7.62118e-07	8.33456e-07
795	8	8	15	17	10	11	0.84971	0.16286	1.31202e-06	1.54407e-06
796	10	10	13	14	6	24	0.810325	0.21032	1.6737e-06	2.06546e-06
797	13	12	30	33	23	27	0.708263	0.34494	2.3354e-06	3.29737e-06
798	8	8	8	10	5	7	0.906196	0.0985	8.48569e-07	9.36408e-07
799	8	8	9	9	9	0	0.945048	0.05652	4.80111e-07	5.08028e-07
800	8	8	10	10	6	6	0.910829	0.0934	8.04513e-07	8.83275e-07
801	8	7	5	5	5	0	0.969088	0.0314	2.73513e-07	2.82238e-07
802	8	8	6	7	5	2	0.947281	0.05416	4.74966e-07	5.014e-07
803	8	8	18	19	11	13	0.830589	0.18562	1.46452e-06	1.76324e-06
804	7	7	14	14	9	6	0.888234	0.11852	9.8511e-07	1.10907e-06
805	14	14	27	28	18	15	0.776981	0.25234	1.8473e-06	2.37753e-06
806	6	6	6	6	5	1	0.958122	0.04278	3.7541e-07	3.91819e-07
807	9	9	22	22	16	8	0.836139	0.17896	1.39377e-06	1.66691e-06
808	7	7	15	15	7	17	0.834519	0.1809	1.46039e-06	1.74998e-06
809	8	8	6	6	3	6	0.933999	0.06828	6.1409e-07	6.57485e-07
810	9	8	7	7	7	0	0.956992	0.04396	3.78139e-07	3.95133e-07
811	8	8	6	6	5	1	0.958122	0.04278	3.7541e-07	3.91819e-07
812	8	8	7	7	6	1	0.952124	0.04906	4.26805e-07	4.48266e-07
813	15	14	11	11	10	1	0.928505	0.07418	6.25865e-07	6.74057e-07
814	10	10	11	11	9	2	0.923781	0.07928	6.71764e-07	7.2719e-07
815	8	7	7	8	6	2	0.94135	0.06044	5.2513e-07	5.57847e-07
816	13	13	19	19	13	9	0.847707	0.16522	1.31454e-06	1.5507e-06
817	10	10	18	18	11	12	0.840095	0.17424	1.38923e-06	1.65366e-06
818	14	14	5	5	5	0	0.969088	0.0314	2.73513e-07	2.82238e-07
819	6	6	3	3	2	1	0.976344	0.02394	2.17213e-07	2.22476e-07
820	11	10	15	16	11	7	0.872686	0.13618	1.11276e-06	1.27509e-06
821	11	11	23	26	15	16	0.782798	0.24488	1.81435e-06	2.31777e-06
822	9	9	15	15	11	5	0.887187	0.1197	9.86889e-07	1.11238e-06
823	8	8	13	13	7	9	0.880258	0.12754	1.06689e-06	1.21202e-06
824	13	13	10	10	10	0	0.939131	0.0628	5.30117e-07	5.64476e-07
825	9	7	17	17	13	5	0.876113	0.13226	1.07348e-06	1.22528e-06
826	14	14	13	14	7	9	0.874748	0.13382	1.10959e-06	1.26847e-06
827	10	10	20	21	14	13	0.820222	0.19818	1.53884e-06	1.87613e-06
828	9	9	10	10	9	1	0.934354	0.0679	5.77066e-07	6.17609e-07
829	11	11	19	19	15	5	0.865178	0.14482	1.15776e-06	1.33817e-06
830	11	11	15	15	11	7	0.878183	0.1299	1.07019e-06	1.21865e-06
831	8	8	9	9	6	4	0.925964	0.07692	6.67214e-07	7.20561e-07
832	9	9	18	18	10	17	0.818944	0.19974	1.57182e-06	1.91932e-06
833	7	7	15	15	10	6	0.882673	0.1248	1.02877e-06	1.16551e-06
834	11	11	21	21	11	15	0.811898	0.20838	1.60951e-06	1.9824e-06
835	8	7	12	12	8	5	0.90406	0.10086	8.52562e-07	9.43037e-07
836	7	6	8	8	4	7	0.917649	0.08594	7.55696e-07	8.23513e-07
837	4	4	7	8	4	10	0.903716	0.10124	8.88274e-07	9.82913e-07
838	8	8	8	8	3	11	0.899119	0.10634	9.31529e-07	1.03605e-06
839	8	8	19	19	15	4	0.869602	0.13972	1.11747e-06	1.28504e-06
840	11	11	8	8	7	1	0.946163	0.05534	4.77542e-07	5.04714e-07
841	14	14	25	28	21	8	0.80522	0.21664	1.61495e-06	2.0056e-06
842	9	8	14	15	11	5	0.887187	0.1197	9.86889e-07	1.11238e-06
843	8	8	17	18	13	6	0.8662	0.14364	1.15625e-06	1.33486e-06
844	9	9	7	7	7	0	0.956992	0.04396	3.78139e-07	3.95133e-07
845	10	10	18	18	15	4	0.87508	0.13344	1.07511e-06	1.22859e-06
846	9	9	18	18	11	17	0.818944	0.19974	1.57182e-06	1.91932e-06
847	12	11	16	18	11	9	0.853048	0.15894	1.27467e-06	1.49426e-06
848	11	11	21	22	12	17	0.798628	0.22486	1.71315e-06	2.14511e-06
849	12	12	15	15	11	6	0.882673	0.1248	1.02877e-06	1.16551e-06
850	11	11	10	10	9	1	0.934354	0.0679	5.77066e-07	6.17609e-07
851	5	5	4	4	4	0	0.975193	0.02512	2.20189e-07	2.2579e-07
852	8	8	5	5	5	0	0.969088	0.0314	2.73513e-07	2.82238e-07
853	9	9	26	27	16	19	0.766087	0.26646	1.94097e-06	2.53362e-06
854	8	8	15	15	10	6	0.882673	0.1248	1.02877e-06	1.16551e-06
855	9	8	14	14	8	16	0.84407	0.16952	1.38461e-06	1.6404e-06
856	10	10	15	15	11	5	0.887187	0.1197	9.86889e-07	1.11238e-06
857	5	5	17	17	8	14	0.836809	0.17816	1.42548e-06	1.70347e-06
858	3	3	0	0	0	0	1	-0	0	0
859	8	8	18	18	14	7	0.861793	0.14874	1.19616e-06	1.38799e-06
860	6	5	12	14	10	4	0.89734	0.10832	8.99852e-07	1.0028e-06
861	10	10	12	14	9	6	0.888234	0.11852	9.8511e-07	1.10907e-06
862	11	11	17	17	11	9	0.858422	0.15266	1.23425e-06	1.43781e-06
863	8	8	8	8	8	0	0.951001	0.05024	4.29454e-07	4.51581e-07
864	4	4	3	3	3	0	0.981336	0.01884	1.66182e-07	1.69343e-07
865	8	7	13	13	11	2	0.912251	0.09184	7.66369e-07	8.40085e-07
866	6	6	2	2	2	0	0.987519	0.01256	1.11486e-07	1.12895e-07
867	8	8	17	17	8	19	0.81574	0.20366	1.60631e-06	1.96914e-06
868	14	14	22	23	15	10	0.822473	0.19544	1.50482e-06	1.82963e-06
869	9	9	17	18	10	13	0.835822	0.17934	1.42657e-06	1.70679e-06
870	12	12	25	26	12	48	0.664926	0.40808	2.67169e-06	4.01803e-06
871	4	4	2	2	1	1	0.982495	0.01766	1.63122e-07	1.66028e-07
872	12	12	14	14	9	8	0.87922	0.12872	1.06854e-06	1.21533e-06
873	13	12	17	18	12	9	0.853048	0.15894	1.27467e-06	1.49426e-06
874	14	14	36	37	27	12	0.745604	0.29356	2.03264e-06	2.72616e-06
875	8	7	10	10	7	4	0.920167	0.0832	7.14978e-07	7.77009e-07
876	6	5	9	10	8	2	0.929601	0.073	6.23523e-07	6.70742e-07
877	11	10	22	24	19	6	0.834168	0.18132	1.39602e-06	1.67354e-06
878	11	11	29	29	20	18	0.760393	0.27392	1.97199e-06	2.59338e-06
879	8	8	23	25	13	17	0.783723	0.2437	1.81389e-06	2.31445e-06
880	9	9	25	26	14	22	0.759208	0.27548	2.0017e-06	2.63657e-06
881	9	8	11	11	8	4	0.914407	0.08948	7.62118e-07	8.33456e-07
882	13	13	29	34	20	31	0.689616	0.37162	2.45941e-06	3.56635e-06
883	12	11	13	14	10	5	0.892776	0.11342	9.42711e-07	1.05593e-06
884	10	10	7	7	5	2	0.947281	0.05416	4.74966e-07	5.014e-07
885	8	8	12	13	9	4	0.902993	0.10204	8.54549e-07	9.46352e-07
886	12	12	23	24	13	16	0.792692	0.23232	1.74779e-06	2.20487e-06
887	6	6	8	8	6	3	0.936562	0.06554	5.72221e-07	6.1098e-07
888	10	10	16	16	12	4	0.88614	0.12088	9.88662e-07	1.11569e-06
889	8	8	26	26	18	10	0.807122	0.21428	1.61341e-06	1.99897e-06
890	9	8	13	16	8	17	0.829294	0.18718	1.49806e-06	1.80643e-06
891	8	8	11	12	9	4	0.908682	0.09576	8.0864e-07	8.89904e-07
892	9	9	16	16	10	10	0.859435	0.15148	1.23285e-06	1.43449e-06
893	8	7	7	7	5	3	0.942462	0.05926	5.22626e-07	5.54533e-07
894	12	12	16	18	11	11	0.844391	0.16914	1.35147e-06	1.60052e-06
895	7	7	13	14	10	5	0.892776	0.11342	9.42711e-07	1.05593e-06
896	11	10	14	14	8	10	0.870298	0.13892	1.15018e-06	1.3216e-06
897	10	10	7	8	6	3	0.936562	0.06554	5.72221e-07	6.1098e-07
898	16	16	40	41	24	29	0.666723	0.40538	2.57036e-06	3.85521e-06
899	8	8	5	5	5	0	0.969088	0.0314	2.73513e-07	2.82238e-07
900	10	10	25	27	18	11	0.797989	0.22566	1.6826e-06	2.10855e-06
901	13	13	36	36	25	14	0.742687	0.29748	2.06168e-06	2.77598e-06
902	10	10	10	11	7	7	0.900523	0.10478	8.94089e-07	9.92856e-07
903	9	9	15	16	13	4	0.88614	0.12088	9.88662e-07	1.11569e-06
904	8	8	9	9	8	1	0.94024	0.06162	5.27627e-07	5.61162e-07
905	11	11	17	17	11	7	0.867222	0.14246	1.15474e-06	1.33154e-06
906	14	13	13	13	12	1	0.916915	0.08674	7.21568e-07	7.86952e-07
907	8	8	16	16	11	7	0.872686	0.13618	1.11276e-06	1.27509e-06
908	10	10	8	8	7	1	0.946163	0.05534	4.77542e-07	5.04714e-07
909	12	11	33	35	23	17	0.736019	0.3065	2.11895e-06	2.87893e-06
910	11	11	24	25	15	15	0.791758	0.2335	1.74835e-06	2.20819e-06
911	8	7	13	13	9	7	0.889283	0.11734	9.83326e-07	1.10575e-06
912	9	9	8	10	6	7	0.906196	0.0985	8.48569e-07	9.36408e-07
913	12	11	11	12	9	4	0.908682	0.09576	8.0864e-07	8.89904e-07
914	5	5	7	7	5	2	0.947281	0.05416	4.74966e-07	5.014e-07
915	9	9	12	12	8	7	0.894885	0.11106	9.39006e-07	1.0493e-06
916	6	6	1	1	1	0	0.99374	0.00628	5.60942e-08	5.64476e-08
917	12	12	13	15	7	18	0.830274	0.186	1.49708e-06	1.80311e-06
918	8	7	14	14	10	7	0.883716	0.12362	1.02705e-06	1.1622e-06
919	5	5	2	2	2	0	0.987519	0.01256	1.11486e-07	1.12895e-07
920	10	10	11	12	4	19	0.84176	0.17226	1.41997e-06	1.6869e-06
921	6	6	10	10	8	2	0.929601	0.073	6.23523e-07	6.70742e-07
922	8	7	7	7	5	2	0.947281	0.05416	4.74966e-07	5.014e-07
923	8	8	25	25	16	17	0.783723	0.2437	1.81389e-06	2.31445e-06
924	11	10	12	12	8	6	0.899461	0.10596	8.96016e-07	9.9617e-07
925	11	11	16	16	10	7	0.872686	0.13618	1.11276e-06	1.27509e-06
926	10	10	11	11	7	4	0.914407	0.08948	7.62118e-07	8.33456e-07
927	8	8	14	14	11	4	0.89734	0.10832	8.99852e-07	1.0028e-06
928	3	3	3	3	3	0	0.981336	0.01884	1.66182e-07	1.69343e-07
929	17	17	10	10	9	1	0.934354	0.0679	5.77066e-07	6.17609e-07
930	14	14	25	26	16	19	0.770913	0.26018	1.90968e-06	2.47717e-06
931	8	8	14	14	12	2	0.90654	0.09812	8.12743e-07	8.96533e-07
932	13	13	23	24	18	9	0.821503	0.19662	1.50577e-06	1.83294e-06
933	8	8	13	13	10	3	0.90761	0.09694	8.10694e-07	8.93218e-07
934	11	11	28	28	17	22	0.749732	0.28804	2.06136e-06	2.74946e-06
935	8	8	12	12	8	5	0.90406	0.10086	8.52562e-07	9.43037e-07
936	10	8	21	21	18	4	0.858748	0.15228	1.20047e-06	1.39793e-06
937	8	8	16	16	10	13	0.846386	0.16678	1.34905e-06	1.59389e-06
938	10	10	4	5	3	2	0.959253	0.0416	3.72674e-07	3.88504e-07
939	7	7	12	13	9	5	0.8984	0.10714	8.97937e-07	9.99485e-07
940	15	15	14	14	10	6	0.888234	0.11852	9.8511e-07	1.10907e-06
941	10	10	21	21	12	16	0.807768	0.21348	1.64424e-06	2.03553e-06
942	10	10	14	14	14	0	0.915834	0.08792	7.23753e-07	7.90266e-07
943	7	6	12	13	6	11	0.871325	0.13774	1.14865e-06	1.31828e-06
944	8	8	15	16	13	3	0.890671	0.11578	9.46393e-07	1.06256e-06
945	8	8	10	11	6	8	0.895942	0.10988	9.37145e-07	1.04599e-06
946	6	6	2	2	2	0	0.987519	0.01256	1.11486e-07	1.12895e-07
947	8	8	28	29	17	30	0.715252	0.33512	2.31096e-06	3.23098e-06
948	14	14	17	18	13	7	0.861793	0.14874	1.19616e-06	1.38799e-06
949	9	9	19	19	15	5	0.865178	0.14482	1.15776e-06	1.33817e-06
950	9	9	13	14	10	5	0.892776	0.11342	9.42711e-07	1.05593e-06
951	7	6	13	14	9	6	0.888234	0.11852	9.8511e-07	1.10907e-06
952	8	8	12	13	7	16	0.849387	0.16324	1.34539e-06	1.58395e-06
953	16	16	28	29	13	36	0.693697	0.36572	2.46247e-06	3.54978e-06
954	17	17	35	36	22	23	0.709369	0.34338	2.30841e-06	3.25418e-06
955	7	7	8	9	7	3	0.930698	0.07182	6.21174e-07	6.67428e-07
956	8	8	19	21	12	24	0.775475	0.25428	1.90813e-06	2.4606e-06
957	8	8	5	6	3	4	0.943574	0.05808	5.20116e-07	5.51218e-07
958	14	14	10	11	8	3	0.919082	0.08438	7.17181e-07	7.80323e-07
959	13	12	13	13	9	4	0.902993	0.10204	8.54549e-07	9.46352e-07
960	15	15	33	33	26	7	0.784319	0.24294	1.75272e-06	2.2347e-06
961	8	8	17	17	8	13	0.841087	0.17306	1.38808e-06	1.65034e-06
962	10	10	11	12	7	6	0.899461	0.10596	8.96016e-07	9.9617e-07
963	11	11	10	10	9	1	0.934354	0.0679	5.77066e-07	6.17609e-07
964	8	8	21	21	14	9	0.837127	0.17778	1.39264e-06	1.6636e-06
965	13	13	8	8	7	1	0.946163	0.05534	4.77542e-07	5.04714e-07
966	11	11	14	14	13	1	0.911175	0.09302	7.68485e-07	8.434e-07
967	12	12	9	9	9	0	0.945048	0.05652	4.80111e-07	5.08028e-07
968	10	10	12	12	9	4	0.908682	0.09576	8.0864e-07	8.89904e-07
969	10	10	29	30	19	19	0.751789	0.2853	2.03205e-06	2.70296e-06
970	10	10	18	19	14	6	0.860777	0.14992	1.1976e-06	1.3913e-06
971	8	8	15	15	10	8	0.873716	0.135	1.11117e-06	1.27178e-06
972	9	9	15	15	12	3	0.896282	0.1095	9.01762e-07	1.00611e-06
973	7	6	6	6	4	3	0.948399	0.05298	4.72383e-07	4.98085e-07
974	16	16	13	13	11	2	0.912251	0.09184	7.66369e-07	8.40085e-07
975	15	15	34	35	21	17	0.736019	0.3065	2.11895e-06	2.87893e-06
976	13	13	22	24	16	15	0.796745	0.22722	1.71439e-06	2.15174e-06
977	15	15	35	38	22	31	0.672509	0.39674	2.55025e-06	3.79214e-06
978	6	5	8	9	4	8	0.907266	0.09732	8.46564e-07	9.33094e-07
979	12	12	30	31	25	6	0.798293	0.22528	1.65141e-06	2.06867e-06
980	7	7	5	5	4	1	0.964158	0.0365	3.23351e-07	3.35371e-07
981	11	11	18	18	16	2	0.884051	0.12324	9.92191e-07	1.12232e-06
982	10	10	14	14	7	11	0.86587	0.14402	1.19034e-06	1.37473e-06
983	13	13	13	13	12	1	0.916915	0.08674	7.21568e-07	7.86952e-07
984	7	7	7	7	6	1	0.952124	0.04906	4.26805e-07	4.48266e-07
985	8	8	7	7	7	0	0.956992	0.04396	3.78139e-07	3.95133e-07
986	12	11	26	26	12	37	0.703294	0.35198	2.41481e-06	3.43357e-06
987	12	12	20	21	13	14	0.81605	0.20328	1.57438e-06	1.92926e-06
988	8	8	4	5	3	3	0.954374	0.0467	4.21487e-07	4.41638e-07
989	12	12	16	16	11	8	0.868246	0.14128	1.15323e-06	1.32823e-06
990	8	8	19	19	12	8	0.852042	0.16012	1.27599e-06	1.49757e-06
991	11	11	8	9	7	3	0.930698	0.07182	6.21174e-07	6.67428e-07
992	11	10	33	33	23	13	0.760682	0.27354	1.9424e-06	2.5535e-06
993	8	8	22	22	13	14	0.810941	0.20956	1.6103e-06	1.98571e-06
994	13	13	26	26	13	59	0.62865	0.46418	2.89336e-06	4.6025e-06
995	9	9	14	14	10	5	0.892776	0.11342	9.42711e-07	1.05593e-06
996	9	9	12	12	8	5	0.90406	0.10086	8.52562e-07	9.43037e-07
997	9	9	18	18	11	9	0.853048	0.15894	1.27467e-06	1.49426e-06
998	10	10	22	25	12	23	0.760104	0.2743	2.00155e-06	2.63325e-06
999	6	6	3	3	2	1	0.976344	0.02394	2.17213e-07	2.22476e-07
1000	8	7	17	17	11	12	0.845388	0.16796	1.35026e-06	1.59721e-06