Hist	Tr_Tot	Tr_in	DSBs	DSBt	RIFs	NComb	PSurv	lPSurv	PMut*	PMut
1	2157	2102	165	166	138	31	0.30102	1.20058	3.31646e-06	1.10174e-05
2	2049	2010	121	123	100	27	0.402468	0.91014	3.37174e-06	8.37765e-06
3	2217	2177	144	147	120	32	0.337443	1.08636	3.37377e-06	9.99806e-06
4	2081	2024	138	139	112	40	0.340643	1.07692	3.39674e-06	9.97154e-06
5	2088	2041	157	159	126	44	0.294369	1.22292	3.33021e-06	1.1313e-05
6	2132	2077	156	159	117	60	0.271303	1.30452	3.2999e-06	1.21632e-05
7	2087	2053	146	148	115	46	0.312222	1.16404	3.37149e-06	1.07984e-05
8	2021	1969	151	153	116	47	0.301032	1.20054	3.35161e-06	1.11337e-05
9	1993	1954	146	148	115	40	0.321924	1.13344	3.37363e-06	1.04796e-05
10	2188	2144	152	153	125	32	0.324964	1.12404	3.35907e-06	1.03367e-05
11	2120	2081	153	155	131	33	0.319276	1.1417	3.35328e-06	1.05028e-05
12	2076	2024	134	137	109	37	0.350267	1.04906	3.39733e-06	9.69925e-06
13	2085	2037	135	137	109	38	0.348485	1.05416	3.39856e-06	9.75238e-06
14	2065	2026	169	174	143	39	0.274825	1.29162	3.26879e-06	1.18941e-05
15	2109	2058	133	135	107	40	0.349308	1.0518	3.40427e-06	9.74575e-06
16	2109	2069	158	160	130	39	0.300082	1.2037	3.33205e-06	1.11038e-05
17	2134	2081	155	158	126	45	0.294717	1.22174	3.33316e-06	1.13097e-05
18	2083	2046	144	144	125	24	0.35818	1.02672	3.3682e-06	9.40365e-06
19	2170	2118	137	138	120	21	0.377668	0.97374	3.36335e-06	8.90557e-06
20	2060	2011	128	129	107	30	0.3817	0.96312	3.38787e-06	8.87574e-06
21	2099	2050	141	142	111	44	0.327535	1.11616	3.39111e-06	1.03534e-05
22	2088	2039	140	141	122	21	0.370619	0.99258	3.36334e-06	9.07491e-06
23	2125	2078	136	141	114	33	0.348617	1.05378	3.38595e-06	9.71251e-06
24	2112	2074	145	146	121	27	0.348339	1.05458	3.37051e-06	9.67595e-06
25	2133	2088	185	186	146	51	0.239745	1.42818	3.1668e-06	1.3209e-05
26	2139	2098	141	142	122	20	0.370182	0.99376	3.3606e-06	9.07822e-06
27	2022	1973	146	149	123	35	0.328171	1.11422	3.37043e-06	1.02704e-05
28	2178	2131	165	167	142	27	0.3053	1.18646	3.31597e-06	1.08613e-05
29	2065	2017	147	149	125	30	0.336647	1.08872	3.36805e-06	1.00047e-05
30	2121	2076	145	147	118	39	0.325608	1.12206	3.37656e-06	1.037e-05
31	2092	2055	138	140	115	32	0.352607	1.0424	3.38606e-06	9.60293e-06
32	2108	2051	166	167	133	43	0.281377	1.26806	3.29534e-06	1.17115e-05
33	2089	2041	162	163	128	49	0.279839	1.27354	3.30336e-06	1.18045e-05
34	2026	1982	136	137	114	31	0.361151	1.01846	3.38776e-06	9.38045e-06
35	2110	2054	135	136	116	23	0.37856	0.97138	3.36878e-06	8.89894e-06
36	2062	2007	139	140	116	35	0.347254	1.0577	3.39e-06	9.76233e-06
37	2121	2067	141	141	119	27	0.35945	1.02318	3.37657e-06	9.39371e-06
38	2070	2033	146	148	122	30	0.338768	1.08244	3.37014e-06	9.94824e-06
39	2147	2087	158	160	128	37	0.303158	1.1935	3.334e-06	1.09975e-05
40	2096	2060	129	130	103	34	0.371651	0.9898	3.39864e-06	9.14472e-06
41	2045	2001	118	120	100	24	0.416445	0.876	3.35193e-06	8.04891e-06
42	2120	2071	155	156	127	36	0.31246	1.16328	3.34914e-06	1.07186e-05
43	2226	2171	182	183	147	43	0.254478	1.36854	3.21015e-06	1.26146e-05
44	2148	2102	111	114	96	21	0.439104	0.82302	3.31559e-06	7.55082e-06
45	2039	1999	134	134	105	35	0.360588	1.02002	3.39805e-06	9.42364e-06
46	2067	2029	131	131	113	20	0.396658	0.92468	3.35466e-06	8.4573e-06
47	2074	2009	137	137	114	25	0.372373	0.98786	3.37431e-06	9.06165e-06
48	2090	2049	146	148	119	39	0.32357	1.12834	3.37368e-06	1.04264e-05
49	2099	2064	130	132	109	25	0.384251	0.95646	3.3735e-06	8.77941e-06
50	2076	2037	126	128	104	27	0.390027	0.94154	3.37759e-06	8.65989e-06
51	2124	2075	167	168	136	43	0.279615	1.27434	3.29049e-06	1.17679e-05
52	2151	2102	151	155	123	39	0.309654	1.1723	3.35094e-06	1.08216e-05
53	2154	2121	133	137	106	37	0.350267	1.04906	3.39733e-06	9.69925e-06
54	2045	1993	137	140	110	41	0.336789	1.0883	3.39521e-06	1.00811e-05
55	2209	2168	168	168	144	28	0.301845	1.19784	3.31152e-06	1.09709e-05
56	2078	2032	139	143	103	61	0.298454	1.20914	3.37645e-06	1.13131e-05
57	2085	2050	130	132	110	29	0.376491	0.97686	3.38539e-06	8.99195e-06
58	2103	2063	136	138	113	31	0.35889	1.02474	3.38681e-06	9.4369e-06
59	2099	2056	118	123	105	21	0.414974	0.87954	3.34421e-06	8.05885e-06
60	2045	1995	145	150	121	37	0.322807	1.1307	3.36787e-06	1.04331e-05
61	2090	2050	123	126	98	33	0.383054	0.95958	3.39608e-06	8.86579e-06
62	2090	2040	123	125	99	39	0.37385	0.9839	3.41256e-06	9.12814e-06
63	2133	2088	158	163	137	36	0.299021	1.20724	3.32325e-06	1.11138e-05
64	2088	2052	154	158	124	46	0.293218	1.22684	3.33179e-06	1.13628e-05
65	2082	2049	159	161	132	37	0.30126	1.19978	3.33013e-06	1.1054e-05
66	2160	2108	159	162	130	49	0.281602	1.26726	3.30827e-06	1.1748e-05
67	2107	2057	153	159	128	39	0.301972	1.19742	3.336e-06	1.10474e-05
68	2121	2068	141	146	115	35	0.334413	1.09538	3.3779e-06	1.0101e-05
69	2132	2090	146	151	123	34	0.325732	1.12168	3.36485e-06	1.03301e-05
70	2038	1989	149	154	119	49	0.296111	1.21702	3.34501e-06	1.12965e-05
71	2166	2127	155	159	124	49	0.286958	1.24842	3.3226e-06	1.15787e-05
72	2057	2018	125	126	111	16	0.417747	0.87288	3.32632e-06	7.96253e-06
73	2110	2064	133	135	114	25	0.377079	0.9753	3.37439e-06	8.94876e-06
74	2086	2033	159	163	133	37	0.2975	1.21234	3.32215e-06	1.11669e-05
75	2092	2046	165	168	129	50	0.269809	1.31004	3.27545e-06	1.21399e-05
76	2110	2064	150	153	125	41	0.310386	1.16994	3.3568e-06	1.08149e-05
77	2147	2107	156	158	123	52	0.284381	1.25744	3.32204e-06	1.16816e-05
78	2136	2100	182	184	129	75	0.214806	1.53802	3.08705e-06	1.43713e-05
79	2017	1982	132	135	107	31	0.365715	1.0059	3.38929e-06	9.26756e-06
80	2174	2133	144	148	110	50	0.305917	1.18444	3.36843e-06	1.10109e-05
81	2062	2030	145	145	119	36	0.334807	1.0942	3.38078e-06	1.00977e-05
82	2144	2099	160	168	128	55	0.263016	1.33554	3.26285e-06	1.24055e-05
83	2090	2046	132	133	102	41	0.351924	1.04434	3.40873e-06	9.68599e-06
84	2028	1985	142	148	123	30	0.338768	1.08244	3.37014e-06	9.94824e-06
85	2114	2073	152	153	130	27	0.333357	1.09854	3.35727e-06	1.00711e-05
86	2079	2025	149	151	122	39	0.317531	1.14718	3.36449e-06	1.05958e-05
87	2121	2074	149	152	116	54	0.292304	1.22996	3.34666e-06	1.14492e-05
88	2076	2037	150	152	127	28	0.333751	1.09736	3.36013e-06	1.00678e-05
89	2091	2046	151	155	125	43	0.303401	1.1927	3.34776e-06	1.10341e-05
90	2092	2047	110	115	95	33	0.41045	0.8905	3.38411e-06	8.24487e-06
91	2165	2111	160	162	129	45	0.287406	1.24686	3.31537e-06	1.15355e-05
92	2094	2044	134	138	116	24	0.371934	0.98904	3.37157e-06	9.06497e-06
93	2063	2022	140	141	117	29	0.355802	1.03338	3.38011e-06	9.49997e-06
94	2118	2065	165	168	136	51	0.268437	1.31514	3.27305e-06	1.2193e-05
95	2092	2048	132	134	111	28	0.373693	0.98432	3.38256e-06	9.05171e-06
96	2145	2096	141	144	112	42	0.326763	1.11852	3.38528e-06	1.036e-05
97	2035	1988	145	148	117	41	0.320286	1.13854	3.37348e-06	1.05327e-05
98	2046	1999	128	130	109	25	0.389107	0.9439	3.37221e-06	8.66652e-06
99	2072	2021	160	164	137	46	0.282375	1.26452	3.30422e-06	1.17015e-05
100	2101	2063	161	162	134	37	0.299374	1.20606	3.32618e-06	1.11104e-05
101	2097	2043	132	133	107	30	0.372231	0.98824	3.38787e-06	9.10153e-06
102	2088	2048	147	149	122	32	0.333231	1.09892	3.36928e-06	1.0111e-05
103	2121	2073	179	182	138	52	0.244593	1.40816	3.18861e-06	1.30364e-05
104	2105	2056	157	158	122	42	0.299261	1.20644	3.33685e-06	1.11503e-05
105	2151	2112	132	134	113	26	0.377524	0.97412	3.37712e-06	8.94544e-06
106	2042	1998	138	142	114	43	0.32921	1.11106	3.39096e-06	1.03003e-05
107	2202	2162	155	160	130	42	0.295526	1.219	3.32857e-06	1.12632e-05
108	2076	2035	131	131	107	32	0.373111	0.98588	3.3934e-06	9.0949e-06
109	2090	2044	129	131	106	29	0.378863	0.97058	3.38533e-06	8.9355e-06
110	2101	2060	118	123	102	25	0.406594	0.89994	3.3631e-06	8.27138e-06
111	2092	2042	141	144	119	30	0.347386	1.05732	3.37744e-06	9.72245e-06
112	2125	2085	143	146	117	35	0.334413	1.09538	3.3779e-06	1.0101e-05
113	1986	1946	126	129	100	34	0.373992	0.98352	3.39894e-06	9.08827e-06
114	2097	2048	130	134	105	45	0.342659	1.07102	3.41116e-06	9.95497e-06
115	2127	2085	143	146	116	36	0.332711	1.10048	3.3784e-06	1.01541e-05
116	2100	2057	130	132	110	29	0.376491	0.97686	3.38539e-06	8.99195e-06
117	2080	2037	147	149	121	39	0.321544	1.13462	3.37071e-06	1.04829e-05
118	2093	2048	144	147	114	40	0.323952	1.12716	3.37659e-06	1.04231e-05
119	2105	2071	140	140	117	31	0.35441	1.0373	3.38455e-06	9.54979e-06
120	2134	2094	120	123	98	31	0.394341	0.93054	3.38746e-06	8.59018e-06
121	2129	2072	142	147	123	33	0.335726	1.09146	3.37445e-06	1.00512e-05
122	2024	1981	141	144	116	35	0.338639	1.08282	3.38237e-06	9.98812e-06
123	2163	2119	154	158	126	39	0.303875	1.19114	3.33986e-06	1.09909e-05
124	2054	2016	184	189	144	60	0.224716	1.49292	3.11379e-06	1.38566e-05
125	2122	2086	121	123	106	19	0.419228	0.86934	3.33395e-06	7.95259e-06
126	2084	2046	132	133	112	27	0.37797	0.97294	3.37986e-06	8.94213e-06
127	2058	2014	155	157	133	25	0.328421	1.11346	3.3468e-06	1.01906e-05
128	2108	2053	120	121	103	20	0.422367	0.86188	3.33367e-06	7.89282e-06
129	2166	2126	127	129	110	22	0.397596	0.92232	3.35995e-06	8.45067e-06
130	2134	2101	149	153	119	46	0.302571	1.19544	3.35267e-06	1.10806e-05
131	2011	1953	132	136	104	46	0.336661	1.08868	3.40734e-06	1.0121e-05
132	2170	2120	157	160	124	42	0.295526	1.219	3.32857e-06	1.12632e-05
133	2060	2015	141	143	122	22	0.364132	1.01024	3.36492e-06	9.24094e-06
134	2148	2101	171	175	135	63	0.241642	1.4203	3.19588e-06	1.32257e-05
135	2088	2043	159	161	127	44	0.290695	1.23548	3.32146e-06	1.14259e-05
136	2047	2003	154	154	129	29	0.327909	1.11502	3.35575e-06	1.02338e-05
137	2112	2063	120	122	103	23	0.41335	0.88346	3.35172e-06	8.10867e-06
138	2231	2191	161	161	137	29	0.313806	1.15898	3.33542e-06	1.06289e-05
139	2138	2093	159	163	132	33	0.303632	1.19194	3.32609e-06	1.09544e-05
140	2021	1971	120	124	104	25	0.404049	0.90622	3.36485e-06	8.32783e-06
141	2052	2003	127	130	111	24	0.391097	0.9388	3.36867e-06	8.61338e-06
142	2077	2026	143	148	118	44	0.315423	1.15384	3.37254e-06	1.06921e-05
143	2118	2075	135	138	110	39	0.344542	1.06554	3.39786e-06	9.86196e-06
144	2092	2049	130	133	110	24	0.383798	0.95764	3.37079e-06	8.78273e-06
145	2081	2038	141	146	112	44	0.31941	1.14128	3.3791e-06	1.05792e-05
146	2115	2082	135	135	112	28	0.371354	0.9906	3.38235e-06	9.10816e-06
147	2094	2037	125	126	99	41	0.36774	1.00038	3.41662e-06	9.29086e-06
148	2143	2094	145	147	126	22	0.355099	1.03536	3.36162e-06	9.46673e-06
149	2111	2061	171	173	138	44	0.269594	1.31084	3.26297e-06	1.21033e-05
150	2064	2016	133	139	107	38	0.344135	1.06672	3.39499e-06	9.86528e-06
151	2069	2039	117	120	102	20	0.425028	0.8556	3.33068e-06	7.83638e-06
152	2094	2061	136	138	108	43	0.337584	1.08594	3.40099e-06	1.00745e-05
153	2095	2048	144	144	121	26	0.354545	1.03692	3.37169e-06	9.50992e-06
154	2100	2050	151	152	118	43	0.309171	1.17386	3.35907e-06	1.08648e-05
155	2119	2069	149	153	132	23	0.340228	1.07814	3.35415e-06	9.85855e-06
156	2084	2049	136	140	113	33	0.350814	1.0475	3.38748e-06	9.65606e-06
157	2148	2105	141	146	115	39	0.32766	1.11578	3.37933e-06	1.03135e-05
158	2038	2000	124	124	112	14	0.427364	0.85012	3.30923e-06	7.74337e-06
159	2196	2158	151	154	125	43	0.305312	1.18642	3.35161e-06	1.09777e-05
160	2074	2023	127	129	103	31	0.379758	0.96822	3.39081e-06	8.92887e-06
161	2139	2099	139	140	113	42	0.335075	1.0934	3.39574e-06	1.01343e-05
162	2099	2058	133	139	107	40	0.340643	1.07692	3.39674e-06	9.97154e-06
163	2122	2071	151	153	127	30	0.328296	1.11384	3.35862e-06	1.02305e-05
164	2123	2082	162	166	131	46	0.27885	1.27708	3.29446e-06	1.18144e-05
165	1977	1916	159	162	131	38	0.297852	1.21116	3.32509e-06	1.11636e-05
166	2153	2102	139	142	112	38	0.337713	1.08556	3.38882e-06	1.00346e-05
167	2045	2007	139	142	113	41	0.332585	1.10086	3.39038e-06	1.0194e-05
168	2111	2070	147	150	130	23	0.346698	1.0593	3.35923e-06	9.6892e-06
169	2064	2021	114	115	93	27	0.423204	0.8599	3.35435e-06	7.92607e-06
170	2079	2029	156	158	129	44	0.296224	1.21664	3.33447e-06	1.12566e-05
171	2103	2062	138	143	112	37	0.337314	1.08674	3.38594e-06	1.00379e-05
172	2149	2100	133	136	116	25	0.374719	0.98158	3.37442e-06	9.0052e-06
173	2127	2073	140	143	120	26	0.356779	1.03064	3.3728e-06	9.45347e-06
174	2047	1999	135	135	112	28	0.371354	0.9906	3.38235e-06	9.10816e-06
175	2159	2107	137	138	110	40	0.342789	1.07064	3.39879e-06	9.9151e-06
176	2051	2011	144	146	124	29	0.344804	1.06478	3.37294e-06	9.78221e-06
177	2077	2037	146	151	116	44	0.309536	1.17268	3.36201e-06	1.08614e-05
178	2082	2043	145	146	107	54	0.303528	1.19228	3.37237e-06	1.11105e-05
179	2139	2089	188	191	152	49	0.234716	1.44938	3.14167e-06	1.3385e-05
180	2106	2066	139	141	115	39	0.338111	1.08438	3.3917e-06	1.00313e-05
181	2095	2048	154	158	130	37	0.30699	1.18094	3.34148e-06	1.08846e-05
182	2131	2090	150	153	126	31	0.326626	1.11894	3.35889e-06	1.02836e-05
183	2077	2043	130	132	105	34	0.367012	1.00236	3.39766e-06	9.25761e-06
184	2166	2121	137	138	109	42	0.33931	1.08084	3.40035e-06	1.00214e-05
185	2057	2004	118	119	99	26	0.414816	0.87992	3.35948e-06	8.09873e-06
186	2167	2125	146	149	120	36	0.326502	1.11932	3.37064e-06	1.03235e-05
187	2086	2034	159	163	131	41	0.291493	1.23274	3.31702e-06	1.13794e-05
188	2064	2015	149	159	120	60	0.271303	1.30452	3.2999e-06	1.21632e-05
189	2110	2061	141	143	116	30	0.349574	1.05104	3.37898e-06	9.666e-06
190	2022	1985	123	126	101	33	0.383054	0.95958	3.39608e-06	8.86579e-06
191	2135	2083	109	111	96	18	0.454353	0.78888	3.28138e-06	7.22208e-06
192	2016	1971	120	120	102	20	0.425028	0.8556	3.33068e-06	7.83638e-06
193	2173	2138	142	144	112	39	0.331801	1.10322	3.38459e-06	1.02006e-05
194	2182	2141	156	159	128	37	0.305068	1.18722	3.33778e-06	1.09411e-05
195	2122	2073	153	157	121	42	0.301146	1.20016	3.34087e-06	1.10939e-05
196	2135	2089	147	147	127	26	0.347928	1.05576	3.36768e-06	9.67926e-06
197	2089	2039	143	144	117	32	0.34386	1.06752	3.3797e-06	9.82872e-06
198	2113	2070	141	144	118	35	0.338639	1.08282	3.38237e-06	9.98812e-06
199	2101	2053	176	182	136	72	0.220875	1.51016	3.11412e-06	1.40991e-05
200	2140	2095	157	164	132	48	0.279509	1.27472	3.30039e-06	1.18078e-05
201	2122	2074	153	154	118	44	0.303759	1.19152	3.3507e-06	1.10308e-05
202	2096	2059	150	152	121	36	0.320408	1.13816	3.36199e-06	1.04928e-05
203	2067	2021	153	153	121	41	0.310386	1.16994	3.3568e-06	1.08149e-05
204	2096	2051	168	174	130	65	0.240696	1.42422	3.19537e-06	1.32755e-05
205	2093	2060	155	157	125	41	0.302686	1.19506	3.34187e-06	1.10407e-05
206	2129	2079	123	127	101	36	0.374876	0.98116	3.40449e-06	9.08164e-06
207	2117	2078	161	161	141	22	0.325211	1.12328	3.33569e-06	1.0257e-05
208	2172	2124	150	153	117	49	0.297977	1.21074	3.34926e-06	1.124e-05
209	2145	2094	180	183	151	44	0.253184	1.37364	3.20727e-06	1.26678e-05
210	2034	1990	138	139	116	25	0.367725	1.00042	3.37371e-06	9.17455e-06
211	2190	2142	186	189	143	62	0.222435	1.50312	3.10583e-06	1.39629e-05
212	2071	2034	155	157	116	66	0.266452	1.32256	3.29577e-06	1.23691e-05
213	2172	2120	170	176	139	53	0.252693	1.37558	3.22205e-06	1.27508e-05
214	2097	2051	171	176	131	65	0.237692	1.43678	3.18232e-06	1.33884e-05
215	2135	2094	166	167	133	47	0.275695	1.28846	3.28739e-06	1.1924e-05
216	2121	2066	134	141	118	25	0.363135	1.01298	3.3726e-06	9.28744e-06
217	2026	1981	162	165	128	46	0.280607	1.2708	3.29937e-06	1.1758e-05
218	2150	2101	137	142	111	41	0.332585	1.10086	3.39038e-06	1.0194e-05
219	2041	1992	133	135	102	43	0.344005	1.0671	3.40742e-06	9.90515e-06
220	2201	2160	154	159	129	43	0.295874	1.21782	3.33152e-06	1.12599e-05
221	2078	2025	160	162	131	33	0.305544	1.18566	3.32979e-06	1.08979e-05
222	2069	2016	151	152	123	33	0.325348	1.12286	3.36196e-06	1.03334e-05
223	2108	2058	167	172	139	42	0.274073	1.29436	3.27259e-06	1.19406e-05
224	2168	2121	140	141	113	36	0.343324	1.06908	3.38926e-06	9.87191e-06
225	2125	2068	169	176	140	50	0.256589	1.36028	3.23082e-06	1.25914e-05
226	2065	2017	151	153	132	24	0.338497	1.08324	3.35507e-06	9.91168e-06
227	2156	2104	143	145	125	21	0.361425	1.0177	3.36151e-06	9.3007e-06
228	2122	2069	132	134	107	36	0.358753	1.02512	3.39982e-06	9.47677e-06
229	2150	2112	152	153	125	31	0.326626	1.11894	3.35889e-06	1.02836e-05
230	2080	2022	130	132	103	64	0.314944	1.15536	3.41765e-06	1.08516e-05
231	2048	2003	163	165	133	47	0.27918	1.2759	3.29742e-06	1.18111e-05
232	2104	2055	131	132	110	28	0.378416	0.97176	3.38259e-06	8.93881e-06
233	2054	2012	148	150	120	36	0.324458	1.1256	3.36785e-06	1.03799e-05
234	2129	2090	140	142	114	36	0.341175	1.07536	3.38731e-06	9.92835e-06
235	2119	2077	153	154	130	26	0.332964	1.09972	3.35441e-06	1.00744e-05
236	2162	2117	153	156	125	44	0.299968	1.20408	3.34275e-06	1.11437e-05
237	2053	2008	131	131	114	26	0.384704	0.95528	3.3762e-06	8.7761e-06
238	2194	2153	137	137	114	27	0.368594	0.99806	3.37924e-06	9.16792e-06
239	2084	2041	143	147	113	53	0.30317	1.19346	3.36939e-06	1.11139e-05
240	2078	2035	153	157	118	51	0.287636	1.24606	3.32854e-06	1.15721e-05
241	2108	2063	159	160	133	29	0.315783	1.1527	3.33861e-06	1.05725e-05
242	2117	2073	138	141	118	27	0.35945	1.02318	3.37657e-06	9.39371e-06
243	2133	2085	120	125	104	28	0.395423	0.9278	3.37836e-06	8.54368e-06
244	2010	1973	129	133	102	37	0.359177	1.02394	3.40265e-06	9.47346e-06
245	2169	2128	156	160	127	38	0.301616	1.1986	3.33306e-06	1.10507e-05
246	2059	2014	150	151	117	46	0.306395	1.18288	3.36045e-06	1.09677e-05
247	2248	2201	147	150	117	44	0.311486	1.1664	3.36561e-06	1.0805e-05
248	2150	2100	135	137	110	34	0.355667	1.03376	3.39301e-06	9.53985e-06
249	2101	2055	131	133	118	20	0.391707	0.93724	3.35701e-06	8.57019e-06
250	2049	2015	141	148	113	46	0.312222	1.16404	3.37149e-06	1.07984e-05
251	2094	2041	153	155	126	36	0.314428	1.157	3.35249e-06	1.06622e-05
252	2137	2085	163	163	135	38	0.295987	1.21744	3.32098e-06	1.122e-05
253	2135	2089	145	147	111	63	0.288096	1.24446	3.35494e-06	1.16452e-05
254	2090	2042	158	162	130	40	0.294829	1.22136	3.32267e-06	1.12698e-05
255	2064	2019	128	129	113	20	0.401672	0.91212	3.35171e-06	8.3444e-06
256	2113	2067	145	150	116	45	0.309902	1.1715	3.36495e-06	1.08581e-05
257	2091	2049	155	158	124	54	0.281495	1.26764	3.31824e-06	1.17879e-05
258	2123	2086	147	148	120	31	0.337045	1.08754	3.37091e-06	1.00014e-05
259	2115	2065	166	168	134	40	0.283926	1.25904	3.29597e-06	1.16085e-05
260	1995	1954	131	132	102	46	0.345225	1.06356	3.41607e-06	9.89521e-06
261	2142	2111	151	153	128	31	0.326626	1.11894	3.35889e-06	1.02836e-05
262	2029	1978	154	156	130	31	0.32053	1.13778	3.35048e-06	1.0453e-05
263	2185	2135	129	131	111	24	0.388648	0.94508	3.36952e-06	8.66983e-06
264	2069	2029	156	159	127	44	0.294369	1.22292	3.33021e-06	1.1313e-05
265	2098	2054	145	147	115	44	0.31741	1.14756	3.37587e-06	1.06357e-05
266	2095	2043	144	146	119	38	0.329335	1.11068	3.37911e-06	1.02604e-05
267	2150	2097	166	168	138	34	0.292749	1.22844	3.30505e-06	1.12897e-05
268	2119	2075	128	131	111	22	0.392633	0.93488	3.36234e-06	8.56357e-06
269	2049	1997	174	176	134	61	0.242591	1.41638	3.19635e-06	1.31759e-05
270	2147	2091	144	146	122	29	0.344804	1.06478	3.37294e-06	9.78221e-06
271	2037	1982	166	172	141	38	0.279722	1.27396	3.28059e-06	1.1728e-05
272	2195	2141	152	159	133	32	0.312947	1.16172	3.34085e-06	1.06754e-05
273	2073	2030	158	158	133	30	0.318148	1.14524	3.3446e-06	1.05127e-05
274	2105	2054	144	148	123	29	0.3405	1.07734	3.36928e-06	9.89511e-06
275	2146	2111	138	140	116	34	0.349029	1.0526	3.38879e-06	9.70919e-06
276	2076	2036	152	155	121	51	0.291271	1.2335	3.33773e-06	1.14592e-05
277	2123	2064	150	151	122	40	0.315916	1.15228	3.36416e-06	1.06489e-05
278	2079	2036	152	154	121	46	0.300677	1.20172	3.34865e-06	1.11371e-05
279	2192	2141	152	153	123	44	0.305673	1.18524	3.35456e-06	1.09743e-05
280	2117	2078	134	135	112	32	0.363855	1.011	3.39138e-06	9.32069e-06
281	2169	2131	136	138	111	37	0.348074	1.05534	3.39571e-06	9.7557e-06
282	2077	2021	122	126	100	41	0.36774	1.00038	3.41662e-06	9.29086e-06
283	2065	2013	135	138	110	37	0.348074	1.05534	3.39571e-06	9.7557e-06
284	2102	2057	145	149	114	43	0.315051	1.15502	3.36961e-06	1.06954e-05
285	2136	2080	133	134	117	20	0.389255	0.94352	3.35797e-06	8.62664e-06
286	2127	2089	148	154	132	24	0.336378	1.08952	3.35306e-06	9.96813e-06
287	2101	2044	141	144	125	24	0.35818	1.02672	3.3682e-06	9.40365e-06
288	2158	2109	148	149	125	31	0.334935	1.09382	3.36871e-06	1.00578e-05
289	2050	2005	111	115	100	18	0.443082	0.814	3.30002e-06	7.44787e-06
290	2071	2028	139	141	113	33	0.348617	1.05378	3.38595e-06	9.71251e-06
291	2082	2046	124	126	101	38	0.373409	0.98508	3.40977e-06	9.13146e-06
292	2090	2045	138	141	117	32	0.3504	1.04868	3.38464e-06	9.65937e-06
293	2106	2052	149	157	123	45	0.296574	1.21546	3.33742e-06	1.12533e-05
294	2099	2043	130	131	111	21	0.394641	0.92978	3.35856e-06	8.51043e-06
295	2131	2093	137	138	113	30	0.360725	1.01964	3.38496e-06	9.38376e-06
296	2004	1951	134	138	118	26	0.368159	0.99924	3.37647e-06	9.17123e-06
297	2165	2128	144	146	119	36	0.332711	1.10048	3.3784e-06	1.01541e-05
298	2056	2012	140	141	124	22	0.368734	0.99768	3.36582e-06	9.12804e-06
299	2131	2081	141	145	116	41	0.326378	1.1197	3.38237e-06	1.03634e-05
300	2085	2040	124	126	105	23	0.403096	0.90858	3.35959e-06	8.33446e-06
301	2112	2059	156	159	129	35	0.308196	1.17702	3.33925e-06	1.08348e-05
302	2066	2027	117	117	98	21	0.430908	0.84186	3.32668e-06	7.72017e-06
303	2128	2081	127	129	105	32	0.377827	0.97332	3.39364e-06	8.982e-06
304	2066	2021	131	134	104	47	0.339181	1.08122	3.41259e-06	1.00612e-05
305	2151	2096	139	143	116	33	0.344266	1.06634	3.38255e-06	9.8254e-06
306	2101	2064	169	173	139	38	0.277971	1.28024	3.27574e-06	1.17845e-05
307	2061	2019	134	134	111	25	0.379455	0.96902	3.37423e-06	8.89231e-06
308	2103	2061	159	160	131	36	0.304708	1.1884	3.33485e-06	1.09444e-05
309	2089	2048	164	169	131	47	0.272254	1.30102	3.27709e-06	1.20369e-05
310	2136	2090	140	142	116	27	0.3572	1.02946	3.37559e-06	9.45016e-06
311	2113	2067	136	138	115	25	0.370042	0.99414	3.37408e-06	9.1181e-06
312	2028	1983	125	127	108	27	0.392484	0.93526	3.37671e-06	8.60344e-06
313	2139	2095	165	169	136	46	0.273646	1.29592	3.27931e-06	1.19838e-05
314	2196	2145	148	150	118	41	0.316289	1.1511	3.36708e-06	1.06456e-05
315	2180	2132	141	144	115	40	0.330113	1.10832	3.38491e-06	1.02538e-05
316	2066	2022	147	150	116	45	0.309902	1.1715	3.36495e-06	1.08581e-05
317	1994	1956	153	153	121	47	0.301032	1.20054	3.35161e-06	1.11337e-05
318	2093	2044	136	138	110	34	0.353441	1.04004	3.39172e-06	9.5963e-06
319	2120	2075	141	145	115	37	0.333104	1.0993	3.38128e-06	1.01508e-05
320	2117	2058	170	176	137	51	0.255284	1.36538	3.22795e-06	1.26446e-05
321	2066	2016	133	135	117	22	0.382893	0.96	3.36538e-06	8.78936e-06
322	2144	2100	155	158	129	34	0.311723	1.16564	3.34331e-06	1.07252e-05
323	2033	1993	146	147	125	28	0.344397	1.06596	3.37011e-06	9.78553e-06
324	2189	2142	160	164	123	55	0.269707	1.31042	3.28496e-06	1.21797e-05
325	2071	2030	131	134	113	25	0.379455	0.96902	3.37423e-06	8.89231e-06
326	2092	2041	140	141	114	37	0.341578	1.07418	3.39017e-06	9.92504e-06
327	2097	2043	152	155	126	35	0.316036	1.1519	3.35284e-06	1.0609e-05
328	2100	2051	150	151	121	37	0.320786	1.13698	3.36489e-06	1.04895e-05
329	2136	2093	143	144	114	37	0.335203	1.09302	3.38366e-06	1.00944e-05
330	2091	2055	141	146	120	39	0.32766	1.11578	3.37933e-06	1.03135e-05
331	2029	1983	136	139	114	28	0.362142	1.01572	3.38021e-06	9.33395e-06
332	2054	2010	146	147	122	29	0.342645	1.07106	3.37117e-06	9.83866e-06
333	2197	2143	160	162	129	41	0.293329	1.22646	3.32136e-06	1.1323e-05
334	2075	2041	139	142	111	38	0.337713	1.08556	3.38882e-06	1.00346e-05
335	2079	2040	148	152	121	41	0.312341	1.16366	3.36032e-06	1.07585e-05
336	2100	2061	146	147	120	32	0.337443	1.08636	3.37377e-06	9.99806e-06
337	2283	2238	145	147	121	33	0.335726	1.09146	3.37445e-06	1.00512e-05
338	2124	2083	162	166	135	34	0.296449	1.21588	3.31336e-06	1.11768e-05
339	2113	2076	154	155	120	45	0.300322	1.2029	3.3457e-06	1.11404e-05
340	2155	2113	133	135	114	28	0.371354	0.9906	3.38235e-06	9.10816e-06
341	2047	1998	136	137	111	32	0.359314	1.02356	3.38961e-06	9.43358e-06
342	2152	2117	140	142	115	31	0.349987	1.04986	3.38181e-06	9.66269e-06
343	2079	2036	141	146	115	37	0.331019	1.10558	3.3788e-06	1.02073e-05
344	2102	2057	157	161	129	42	0.293675	1.22528	3.32431e-06	1.13197e-05
345	2104	2058	144	145	113	39	0.329724	1.1095	3.38201e-06	1.02571e-05
346	2010	1959	130	130	105	32	0.375461	0.9796	3.39359e-06	9.03845e-06
347	2128	2082	157	160	126	44	0.292527	1.2292	3.32587e-06	1.13695e-05
348	2136	2085	141	141	118	29	0.355802	1.03338	3.38011e-06	9.49997e-06
349	2161	2111	161	165	133	42	0.28639	1.2504	3.3065e-06	1.15454e-05
350	2053	2001	156	160	127	42	0.295526	1.219	3.32857e-06	1.12632e-05
351	2101	2059	153	154	129	27	0.331271	1.10482	3.35495e-06	1.01275e-05
352	2083	2038	119	123	95	35	0.386378	0.95094	3.40117e-06	8.80272e-06
353	2043	2007	183	186	138	74	0.21321	1.54548	3.07685e-06	1.44311e-05
354	2107	2058	148	150	115	48	0.305196	1.1868	3.36251e-06	1.10175e-05
355	2112	2067	147	150	118	42	0.31468	1.1562	3.36667e-06	1.06987e-05
356	2146	2105	144	146	120	32	0.339568	1.08008	3.37586e-06	9.94161e-06
357	2101	2062	156	157	125	48	0.292071	1.23076	3.3333e-06	1.14127e-05
358	2113	2063	140	146	109	55	0.301984	1.19738	3.37126e-06	1.11637e-05
359	2100	2053	146	151	110	59	0.28674	1.24918	3.34294e-06	1.16584e-05
360	2139	2106	134	135	111	28	0.371354	0.9906	3.38235e-06	9.10816e-06
361	2087	2043	135	137	110	35	0.353858	1.03886	3.39455e-06	9.59298e-06
362	2151	2106	141	143	116	32	0.346026	1.06124	3.38146e-06	9.77227e-06
363	2111	2064	125	128	103	30	0.384105	0.95684	3.38753e-06	8.81929e-06
364	2050	2004	134	135	114	26	0.375161	0.9804	3.37716e-06	9.00189e-06
365	2137	2093	130	131	107	32	0.373111	0.98588	3.3934e-06	9.0949e-06
366	2156	2119	133	138	108	46	0.332459	1.10124	3.40235e-06	1.02339e-05
367	2175	2131	151	153	126	32	0.324964	1.12404	3.35907e-06	1.03367e-05
368	2063	2018	140	143	121	27	0.354964	1.03574	3.3745e-06	9.5066e-06
369	2108	2065	158	159	131	34	0.309772	1.17192	3.33986e-06	1.07817e-05
370	2091	2052	137	139	109	44	0.333764	1.09732	3.39908e-06	1.01841e-05
371	2124	2078	130	134	109	35	0.360588	1.02002	3.39805e-06	9.42364e-06
372	2115	2064	157	160	128	42	0.295526	1.219	3.32857e-06	1.12632e-05
373	2080	2032	148	153	127	29	0.329974	1.10874	3.35826e-06	1.01773e-05
374	2142	2105	148	148	127	24	0.349294	1.05184	3.36351e-06	9.62944e-06
375	2028	1986	126	127	111	21	0.404679	0.90466	3.35262e-06	8.28464e-06
376	2184	2143	139	140	112	39	0.340241	1.0781	3.39386e-06	9.97486e-06
377	2068	2017	122	122	101	27	0.405003	0.90386	3.37012e-06	8.3212e-06
378	2067	2030	134	139	114	34	0.351228	1.04632	3.39031e-06	9.65275e-06
379	2095	2050	134	137	113	28	0.366719	1.00316	3.38153e-06	9.22105e-06
380	2102	2052	144	144	120	44	0.323447	1.12872	3.3853e-06	1.04663e-05
381	2118	2074	150	152	124	35	0.322046	1.13306	3.36207e-06	1.04397e-05
382	1952	1913	138	141	121	23	0.366858	1.00278	3.36819e-06	9.18118e-06
383	2051	1999	145	148	120	36	0.328559	1.11304	3.37332e-06	1.0267e-05
384	2135	2084	162	166	126	55	0.26634	1.32298	3.27402e-06	1.22926e-05
385	2185	2141	188	195	153	56	0.220866	1.5102	3.08831e-06	1.39827e-05
386	2073	2028	176	178	143	46	0.258608	1.35244	3.23049e-06	1.24918e-05
387	2091	2044	140	144	118	36	0.336917	1.08792	3.38306e-06	1.00412e-05
388	2098	2062	124	128	103	32	0.380207	0.96704	3.39356e-06	8.92556e-06
389	2071	2020	103	105	91	15	0.479074	0.7359	3.22129e-06	6.724e-06
390	2122	2056	140	146	103	115	0.222377	1.50338	3.19148e-06	1.43517e-05
391	2124	2085	146	150	121	35	0.326117	1.1205	3.36774e-06	1.03268e-05
392	2152	2113	148	151	123	37	0.320786	1.13698	3.36489e-06	1.04895e-05
393	2043	1997	130	130	113	17	0.405311	0.9031	3.34035e-06	8.24145e-06
394	2137	2082	144	146	121	29	0.344804	1.06478	3.37294e-06	9.78221e-06
395	2077	2032	146	150	118	40	0.317906	1.146	3.36741e-06	1.05925e-05
396	2113	2063	159	160	127	43	0.294022	1.2241	3.32726e-06	1.13163e-05
397	2102	2056	132	133	113	26	0.379903	0.96784	3.37695e-06	8.88899e-06
398	2130	2077	142	143	126	17	0.373536	0.98474	3.35259e-06	8.97527e-06
399	2126	2090	137	140	123	18	0.378704	0.971	3.35496e-06	8.85906e-06
400	2152	2105	146	147	111	55	0.300094	1.20366	3.36709e-06	1.12201e-05
401	2158	2107	152	157	119	48	0.292071	1.23076	3.3333e-06	1.14127e-05
402	2049	2006	155	158	137	26	0.324704	1.12484	3.34452e-06	1.03002e-05
403	2065	2021	138	142	106	52	0.314441	1.15696	3.38919e-06	1.07785e-05
404	2081	2048	166	168	131	56	0.261678	1.34064	3.26016e-06	1.24587e-05
405	2137	2075	137	137	114	26	0.370478	0.99296	3.37683e-06	9.11478e-06
406	2105	2060	152	152	130	26	0.337173	1.08716	3.35875e-06	9.9615e-06
407	2030	1998	150	151	130	23	0.344528	1.06558	3.35765e-06	9.74565e-06
408	2130	2083	165	170	132	54	0.261061	1.343	3.2542e-06	1.24653e-05
409	2199	2163	158	160	130	40	0.298555	1.2088	3.33097e-06	1.11569e-05
410	2125	2074	138	139	120	21	0.375304	0.98002	3.36348e-06	8.96201e-06
411	2080	2033	159	162	134	32	0.307107	1.18056	3.3305e-06	1.08448e-05
412	2125	2078	153	156	131	29	0.323816	1.12758	3.35042e-06	1.03467e-05
413	2085	2032	127	131	101	61	0.321814	1.13378	3.42274e-06	1.06358e-05
414	2172	2131	172	175	134	55	0.251704	1.3795	3.22198e-06	1.28007e-05
415	2109	2065	152	158	119	56	0.278639	1.27784	3.31418e-06	1.18942e-05
416	2067	2031	158	160	125	41	0.297037	1.2139	3.3298e-06	1.12101e-05
417	2134	2097	142	145	119	34	0.33824	1.084	3.3795e-06	9.99143e-06
418	2094	2049	130	133	108	31	0.370338	0.99334	3.39032e-06	9.15466e-06
419	2171	2123	155	159	133	29	0.317772	1.14642	3.3417e-06	1.0516e-05
420	2061	2014	154	157	132	30	0.320152	1.13896	3.34759e-06	1.04563e-05
421	2103	2063	136	136	123	14	0.396341	0.92548	3.33748e-06	8.42074e-06
422	2089	2047	130	131	105	34	0.369324	0.99608	3.39821e-06	9.20116e-06
423	1984	1947	170	174	127	76	0.227565	1.48032	3.15405e-06	1.386e-05
424	2113	2066	147	147	128	21	0.356914	1.03026	3.35985e-06	9.41359e-06
425	2092	2051	127	133	115	22	0.387732	0.94744	3.36414e-06	8.67646e-06
426	2139	2086	140	141	120	24	0.364992	1.00788	3.37045e-06	9.23431e-06
427	2023	1978	132	134	115	24	0.381395	0.96392	3.37122e-06	8.83918e-06
428	2179	2146	168	173	139	44	0.269594	1.31084	3.26297e-06	1.21033e-05
429	2066	2018	143	147	117	41	0.322304	1.13226	3.37654e-06	1.04763e-05
430	2080	2039	138	141	120	24	0.364992	1.00788	3.37045e-06	9.23431e-06
431	2093	2036	133	138	110	45	0.334158	1.09614	3.40199e-06	1.01808e-05
432	2135	2097	154	156	125	38	0.309289	1.17348	3.34802e-06	1.08249e-05
433	2116	2066	143	146	124	22	0.357336	1.02908	3.36263e-06	9.41028e-06
434	2113	2074	118	119	97	27	0.412706	0.88502	3.36432e-06	8.15186e-06
435	2144	2105	162	162	127	49	0.281602	1.26726	3.30827e-06	1.1748e-05
436	2104	2052	171	176	137	51	0.255284	1.36538	3.22795e-06	1.26446e-05
437	2104	2040	150	151	128	27	0.337571	1.08598	3.36159e-06	9.95818e-06
438	2153	2111	146	149	113	50	0.304002	1.19072	3.3645e-06	1.10674e-05
439	2103	2051	148	153	118	46	0.302571	1.19544	3.35267e-06	1.10806e-05
440	2096	2043	146	151	113	48	0.303286	1.19308	3.35858e-06	1.1074e-05
441	2152	2108	177	178	138	49	0.254682	1.36774	3.22203e-06	1.26512e-05
442	2120	2067	125	128	100	43	0.359464	1.02314	3.41851e-06	9.51002e-06
443	2138	2095	145	146	120	29	0.344804	1.06478	3.37294e-06	9.78221e-06
444	2149	2103	150	154	119	46	0.300677	1.20172	3.34865e-06	1.11371e-05
445	2031	1981	133	134	113	24	0.381395	0.96392	3.37122e-06	8.83918e-06
446	2085	2044	119	120	99	41	0.38186	0.9627	3.41848e-06	8.95217e-06
447	2075	2036	125	127	106	26	0.394491	0.93016	3.37302e-06	8.55031e-06
448	2148	2113	141	141	118	27	0.35945	1.02318	3.37657e-06	9.39371e-06
449	2100	2068	135	141	112	36	0.343324	1.06908	3.38926e-06	9.87191e-06
450	2107	2058	153	154	121	42	0.306873	1.18132	3.35245e-06	1.09245e-05
451	2124	2076	154	156	120	44	0.299968	1.20408	3.34275e-06	1.11437e-05
452	2104	2058	142	146	116	39	0.32766	1.11578	3.37933e-06	1.03135e-05
453	2154	2114	165	168	129	50	0.269809	1.31004	3.27545e-06	1.21399e-05
454	2046	2004	125	126	104	28	0.392947	0.93408	3.3794e-06	8.60013e-06
455	2082	2048	125	126	106	22	0.405157	0.90348	3.35524e-06	8.28133e-06
456	2079	2041	135	138	115	35	0.351643	1.04514	3.39315e-06	9.64943e-06
457	2153	2103	171	172	140	43	0.272679	1.29946	3.27043e-06	1.19937e-05
458	2103	2067	118	122	100	25	0.409155	0.89366	3.36119e-06	8.21494e-06
459	2052	2012	123	127	102	33	0.380656	0.96586	3.3963e-06	8.92224e-06
460	2128	2095	153	156	130	31	0.32053	1.13778	3.35048e-06	1.0453e-05
461	1995	1949	148	151	121	39	0.317531	1.14718	3.36449e-06	1.05958e-05
462	2160	2120	145	148	128	22	0.352875	1.04164	3.3605e-06	9.52318e-06
463	2092	2051	136	138	118	22	0.375747	0.97884	3.3662e-06	8.9587e-06
464	2028	1993	145	150	117	43	0.313079	1.1613	3.36618e-06	1.07519e-05
465	2105	2057	134	136	114	27	0.370916	0.99178	3.37959e-06	9.11147e-06
466	2067	2015	155	158	119	51	0.285835	1.25234	3.32384e-06	1.16285e-05
467	2107	2069	153	156	125	36	0.31246	1.16328	3.34914e-06	1.07186e-05
468	2081	2037	135	137	114	28	0.366719	1.00316	3.38153e-06	9.22105e-06
469	2132	2085	142	145	121	33	0.339969	1.0789	3.37872e-06	9.9383e-06
470	2105	2055	161	162	131	39	0.296336	1.21626	3.32392e-06	1.12167e-05
471	2173	2130	146	151	121	34	0.325732	1.12168	3.36485e-06	1.03301e-05
472	2058	2015	125	127	99	39	0.369184	0.99646	3.41164e-06	9.24104e-06
473	2068	2013	131	132	109	31	0.372671	0.98706	3.39064e-06	9.09821e-06
474	2087	2045	143	146	116	36	0.332711	1.10048	3.3784e-06	1.01541e-05
475	2106	2067	152	155	124	38	0.311237	1.1672	3.35154e-06	1.07684e-05
476	2111	2067	162	163	135	34	0.302087	1.19704	3.32522e-06	1.10075e-05
477	2189	2127	157	160	129	36	0.304708	1.1884	3.33485e-06	1.09444e-05
478	2136	2087	136	141	119	26	0.361288	1.01808	3.37464e-06	9.34057e-06
479	2018	1972	178	180	141	56	0.242683	1.416	3.18789e-06	1.3136e-05
480	2174	2137	131	133	118	16	0.39978	0.91684	3.34123e-06	8.35766e-06
481	2063	2016	146	148	124	29	0.3405	1.07734	3.36928e-06	9.89511e-06
482	2092	2051	161	168	122	70	0.243646	1.41204	3.21674e-06	1.32025e-05
483	2090	2054	167	172	133	48	0.265814	1.32496	3.25871e-06	1.22594e-05
484	2105	2066	137	139	106	47	0.328697	1.11262	3.39987e-06	1.03435e-05
485	2114	2072	130	130	107	29	0.38125	0.9643	3.38514e-06	8.87905e-06
486	2125	2086	165	166	137	34	0.296449	1.21588	3.31336e-06	1.11768e-05
487	2141	2102	149	152	129	26	0.337173	1.08716	3.35875e-06	9.9615e-06
488	2027	1981	116	118	96	27	0.415306	0.87874	3.36207e-06	8.09541e-06
489	2183	2137	153	157	122	46	0.295065	1.22056	3.33612e-06	1.13064e-05
490	2173	2124	131	133	108	31	0.370338	0.99334	3.39032e-06	9.15466e-06
491	2114	2077	168	170	132	49	0.267804	1.3175	3.26711e-06	1.21996e-05
492	2068	2027	163	166	128	50	0.273219	1.29748	3.286e-06	1.2027e-05
493	2106	2060	175	176	135	51	0.255284	1.36538	3.22795e-06	1.26446e-05
494	2118	2076	140	141	109	40	0.336391	1.08948	3.39232e-06	1.00844e-05
495	2154	2096	162	163	128	42	0.29001	1.23784	3.31555e-06	1.14326e-05
496	2146	2107	158	161	129	47	0.286281	1.25078	3.31666e-06	1.15853e-05
497	2053	2013	133	136	113	37	0.352473	1.04278	3.39883e-06	9.6428e-06
498	2174	2122	133	136	114	31	0.363426	1.01218	3.38858e-06	9.324e-06
499	2072	2035	132	135	106	39	0.351094	1.0467	3.40303e-06	9.69262e-06
500	2138	2089	145	145	117	38	0.33141	1.1044	3.38169e-06	1.0204e-05
501	2098	2060	151	157	128	31	0.318523	1.14406	3.34749e-06	1.05094e-05
502	2033	1999	138	139	113	31	0.356643	1.03102	3.38574e-06	9.49335e-06
503	2122	2075	157	161	123	65	0.261171	1.34258	3.27553e-06	1.25417e-05
504	2202	2160	156	161	123	57	0.272047	1.30178	3.2963e-06	1.21167e-05
505	2151	2116	145	146	117	32	0.339568	1.08008	3.37586e-06	9.94161e-06
506	2042	2000	154	156	129	35	0.314057	1.15818	3.34957e-06	1.06655e-05
507	2116	2075	157	157	129	35	0.312091	1.16446	3.34622e-06	1.07219e-05
508	2076	2037	139	143	118	36	0.339039	1.08164	3.38524e-06	9.9848e-06
509	2174	2130	148	154	124	36	0.316409	1.15072	3.35575e-06	1.06057e-05
510	2101	2052	149	151	118	42	0.31271	1.16248	3.36325e-06	1.07552e-05
511	2068	2033	166	171	138	42	0.2758	1.28808	3.27764e-06	1.18841e-05
512	2126	2073	140	143	115	32	0.346026	1.06124	3.38146e-06	9.77227e-06
513	1987	1946	130	132	110	26	0.382296	0.96156	3.37665e-06	8.83255e-06
514	2157	2105	160	161	123	44	0.290695	1.23548	3.32146e-06	1.14259e-05
515	2049	2009	146	149	112	48	0.307119	1.18052	3.36636e-06	1.09611e-05
516	2217	2172	148	154	121	43	0.305312	1.18642	3.35161e-06	1.09777e-05
517	2093	2057	139	144	113	40	0.330113	1.10832	3.38491e-06	1.02538e-05
518	2122	2075	144	146	117	41	0.324334	1.12598	3.3795e-06	1.04198e-05
519	2139	2102	155	155	128	33	0.319276	1.1417	3.35328e-06	1.05028e-05
520	2093	2046	133	135	114	34	0.360162	1.0212	3.39524e-06	9.42695e-06
521	2130	2081	164	168	121	64	0.251217	1.38144	3.2366e-06	1.28837e-05
522	2016	1968	148	157	126	38	0.307352	1.17976	3.34441e-06	1.08813e-05
523	2203	2156	139	140	122	18	0.378704	0.971	3.35496e-06	8.85906e-06
524	2055	2023	151	153	121	39	0.313568	1.15974	3.3579e-06	1.07087e-05
525	2081	2035	126	130	106	33	0.373551	0.9847	3.39617e-06	9.09158e-06
526	2085	2051	137	138	114	29	0.362569	1.01454	3.383e-06	9.33063e-06
527	2107	2063	127	128	107	22	0.4001	0.91604	3.35853e-06	8.39422e-06
528	2108	2067	138	141	121	22	0.368734	0.99768	3.36582e-06	9.12804e-06
529	2114	2077	161	164	127	47	0.280938	1.26962	3.30234e-06	1.17547e-05
530	2134	2090	174	176	131	55	0.250129	1.38578	3.21593e-06	1.28571e-05
531	2089	2042	147	151	121	42	0.31271	1.16248	3.36325e-06	1.07552e-05
532	2170	2135	147	149	121	39	0.321544	1.13462	3.37071e-06	1.04829e-05
533	2060	2011	132	133	114	20	0.391707	0.93724	3.35701e-06	8.57019e-06
534	2104	2060	153	157	126	37	0.308924	1.17466	3.34509e-06	1.08282e-05
535	2088	2044	183	188	147	52	0.235548	1.44584	3.15047e-06	1.33751e-05
536	2142	2085	138	142	105	44	0.327535	1.11616	3.39111e-06	1.03534e-05
537	2112	2076	161	163	139	27	0.313066	1.16134	3.32963e-06	1.06356e-05
538	2139	2088	150	155	129	30	0.324198	1.1264	3.3533e-06	1.03434e-05
539	2138	2103	141	144	113	41	0.328434	1.11342	3.38514e-06	1.03069e-05
540	2022	1967	138	139	112	36	0.347664	1.05652	3.39285e-06	9.75901e-06
541	2178	2135	136	138	116	26	0.368159	0.99924	3.37647e-06	9.17123e-06
542	2065	2010	147	149	115	49	0.305557	1.18562	3.36547e-06	1.10142e-05
543	2126	2085	113	113	94	23	0.437386	0.82694	3.32441e-06	7.60064e-06
544	2081	2029	114	118	84	48	0.373126	0.98584	3.43694e-06	9.21121e-06
545	2091	2048	128	130	110	22	0.395106	0.9286	3.36122e-06	8.50712e-06
546	2114	2064	152	157	127	36	0.310504	1.16956	3.3457e-06	1.07751e-05
547	2148	2098	153	154	127	34	0.319653	1.14052	3.35618e-06	1.04995e-05
548	2143	2087	157	159	122	43	0.295874	1.21782	3.33152e-06	1.12599e-05
549	2069	2010	142	142	125	20	0.370182	0.99376	3.3606e-06	9.07822e-06
550	2108	2072	160	161	131	36	0.302801	1.19468	3.33107e-06	1.10009e-05
551	2070	2023	155	157	125	49	0.290585	1.23586	3.33179e-06	1.14658e-05
552	2154	2114	154	160	126	45	0.291038	1.2343	3.32442e-06	1.14226e-05
553	2096	2049	145	147	120	32	0.337443	1.08636	3.37377e-06	9.99806e-06
554	2053	2007	113	115	99	18	0.443082	0.814	3.30002e-06	7.44787e-06
555	2120	2069	141	145	112	58	0.299273	1.2064	3.37179e-06	1.12666e-05
556	2108	2067	131	131	104	46	0.347399	1.05728	3.41798e-06	9.83876e-06
557	2148	2094	160	163	133	34	0.302087	1.19704	3.32522e-06	1.10075e-05
558	2038	2006	149	154	120	47	0.299147	1.20682	3.34751e-06	1.11902e-05
559	2034	1986	135	137	114	30	0.362997	1.01336	3.38579e-06	9.32732e-06
560	2074	2031	131	133	110	30	0.372231	0.98824	3.38787e-06	9.10153e-06
561	2142	2096	146	148	118	39	0.32357	1.12834	3.37368e-06	1.04264e-05
562	2099	2044	146	154	121	51	0.293106	1.22722	3.34221e-06	1.14027e-05
563	2082	2052	119	122	98	29	0.400893	0.91406	3.37852e-06	8.42747e-06
564	2123	2073	188	189	153	47	0.240119	1.42662	3.16137e-06	1.31659e-05
565	2032	1996	129	133	107	31	0.370338	0.99334	3.39032e-06	9.15466e-06
566	2154	2119	149	151	118	43	0.311119	1.16758	3.36267e-06	1.08083e-05
567	2045	2004	153	155	119	49	0.294258	1.2233	3.34068e-06	1.13529e-05
568	2209	2170	148	150	127	28	0.337969	1.0848	3.36444e-06	9.95487e-06
569	2078	2037	138	140	117	35	0.347254	1.0577	3.39e-06	9.76233e-06
570	2139	2078	181	185	147	50	0.242489	1.4168	3.17647e-06	1.30995e-05
571	2155	2111	132	134	116	21	0.387275	0.94862	3.36146e-06	8.67978e-06
572	2104	2056	118	120	100	23	0.418575	0.8709	3.34683e-06	7.99578e-06
573	2054	2023	131	132	111	23	0.38819	0.94626	3.36683e-06	8.67315e-06
574	2105	2059	158	163	129	48	0.28127	1.26844	3.3053e-06	1.17514e-05
575	2136	2095	154	156	125	44	0.299968	1.20408	3.34275e-06	1.11437e-05
576	2139	2102	151	155	125	35	0.316036	1.1519	3.35284e-06	1.0609e-05
577	2093	2050	156	160	122	55	0.276568	1.2853	3.30607e-06	1.19539e-05
578	2082	2039	145	146	118	34	0.336122	1.09028	3.37732e-06	1.00479e-05
579	2037	1988	147	149	117	43	0.315051	1.15502	3.36961e-06	1.06954e-05
580	2106	2057	125	126	101	30	0.38896	0.94428	3.38643e-06	8.70639e-06
581	2126	2084	141	143	113	37	0.337314	1.08674	3.38594e-06	1.00379e-05
582	2131	2075	127	131	109	25	0.386671	0.95018	3.37292e-06	8.72297e-06
583	2006	1958	139	139	121	20	0.377223	0.97492	3.36063e-06	8.90888e-06
584	2166	2121	179	185	134	68	0.221219	1.5086	3.10943e-06	1.40559e-05
585	2057	2010	138	142	117	36	0.341175	1.07536	3.38731e-06	9.92835e-06
586	2115	2069	144	146	122	28	0.346567	1.05968	3.37177e-06	9.72908e-06
587	2086	2050	121	123	101	25	0.406594	0.89994	3.3631e-06	8.27138e-06
588	2109	2064	141	142	120	28	0.355383	1.03456	3.3773e-06	9.50329e-06
589	2110	2071	171	177	141	47	0.258914	1.35126	3.23344e-06	1.24885e-05
590	2155	2106	175	177	135	51	0.253685	1.37166	3.22206e-06	1.2701e-05
591	2136	2095	154	159	131	32	0.312947	1.16172	3.34085e-06	1.06754e-05
592	2017	1969	128	129	106	25	0.391559	0.93762	3.37135e-06	8.61007e-06
593	2173	2122	166	168	135	39	0.285378	1.25394	3.29766e-06	1.15554e-05
594	2062	2023	144	145	116	37	0.333104	1.0993	3.38128e-06	1.01508e-05
595	2099	2064	154	156	137	29	0.323816	1.12758	3.35042e-06	1.03467e-05
596	2090	2044	147	150	123	37	0.322807	1.1307	3.36787e-06	1.04331e-05
597	2086	2042	149	151	123	37	0.320786	1.13698	3.36489e-06	1.04895e-05
598	2123	2085	128	130	97	55	0.333905	1.0969	3.42603e-06	1.02605e-05
599	2177	2135	151	153	127	35	0.32003	1.13934	3.35908e-06	1.04961e-05
600	2127	2082	139	139	114	38	0.344135	1.06672	3.39499e-06	9.86528e-06
601	2064	2016	122	123	101	33	0.390339	0.94074	3.39456e-06	8.69645e-06
602	2097	2039	153	155	124	38	0.311237	1.1672	3.35154e-06	1.07684e-05
603	2067	2022	132	136	114	28	0.369029	0.99688	3.382e-06	9.1646e-06
604	2176	2140	160	164	134	32	0.303274	1.19312	3.32317e-06	1.09577e-05
605	2094	2055	144	150	122	38	0.321165	1.1358	3.3678e-06	1.04862e-05
606	2109	2063	155	158	127	38	0.305428	1.18604	3.34071e-06	1.09378e-05
607	2117	2082	152	152	129	27	0.335458	1.09226	3.35948e-06	1.00146e-05
608	2061	2015	136	139	119	27	0.363993	1.01062	3.37815e-06	9.28081e-06
609	2145	2093	152	155	128	34	0.317652	1.1468	3.3531e-06	1.05559e-05
610	2034	1983	118	123	94	47	0.36344	1.01214	3.43099e-06	9.44032e-06
611	2054	1996	127	128	105	31	0.382151	0.96194	3.3906e-06	8.87242e-06
612	2072	2032	144	144	118	30	0.347386	1.05732	3.37744e-06	9.72245e-06
613	2110	2060	120	121	105	19	0.424527	0.85678	3.32816e-06	7.83969e-06
614	2097	2058	149	153	123	41	0.310386	1.16994	3.3568e-06	1.08149e-05
615	2094	2045	142	147	118	34	0.334018	1.09656	3.37503e-06	1.01043e-05
616	2121	2077	135	138	112	30	0.360725	1.01964	3.38496e-06	9.38376e-06
617	2122	2080	163	164	132	34	0.300196	1.20332	3.32135e-06	1.10639e-05
618	2151	2120	151	154	126	31	0.324581	1.12522	3.35619e-06	1.03401e-05
619	2041	1992	132	133	105	42	0.350134	1.04944	3.41e-06	9.73913e-06
620	2202	2160	170	170	137	36	0.286161	1.2512	3.2934e-06	1.15089e-05
621	2076	2033	139	142	116	44	0.327535	1.11616	3.39111e-06	1.03534e-05
622	2055	2023	138	138	119	24	0.371934	0.98904	3.37157e-06	9.06497e-06
623	2101	2058	132	133	111	25	0.381845	0.96274	3.37393e-06	8.83586e-06
624	2115	2080	157	159	125	38	0.303516	1.19232	3.33693e-06	1.09942e-05
625	2070	2020	160	166	135	37	0.291948	1.23118	3.30959e-06	1.13362e-05
626	2109	2070	140	143	118	35	0.340773	1.07654	3.38444e-06	9.93167e-06
627	2133	2108	135	138	108	42	0.33931	1.08084	3.40035e-06	1.00214e-05
628	2111	2077	142	145	122	28	0.34875	1.0534	3.37333e-06	9.67263e-06
629	2105	2058	130	133	106	37	0.359177	1.02394	3.40265e-06	9.47346e-06
630	2080	2036	169	171	127	50	0.264774	1.32888	3.25915e-06	1.23092e-05
631	2117	2063	116	119	98	23	0.421212	0.86462	3.34414e-06	7.93933e-06
632	2104	2066	134	136	114	30	0.365284	1.00708	3.3865e-06	9.27087e-06
633	2140	2094	145	149	117	42	0.316662	1.14992	3.37001e-06	1.06423e-05
634	2129	2093	150	152	119	39	0.315543	1.15346	3.36124e-06	1.06522e-05
635	2035	1997	144	151	116	44	0.309536	1.17268	3.36201e-06	1.08614e-05
636	2162	2108	160	169	134	61	0.253493	1.37242	3.23983e-06	1.27808e-05
637	2054	1997	145	148	120	34	0.331927	1.10284	3.37264e-06	1.01608e-05
638	2127	2080	155	158	122	47	0.291726	1.23194	3.33034e-06	1.1416e-05
639	2084	2031	154	157	120	49	0.290585	1.23586	3.33179e-06	1.14658e-05
640	2111	2072	142	146	114	41	0.324334	1.12598	3.3795e-06	1.04198e-05
641	2108	2069	158	158	124	43	0.297738	1.21154	3.3357e-06	1.12034e-05
642	2111	2070	132	134	108	36	0.358753	1.02512	3.39982e-06	9.47677e-06
643	2133	2097	152	154	134	21	0.341564	1.07422	3.35031e-06	9.80873e-06
644	2011	1963	126	127	108	24	0.398535	0.91996	3.36525e-06	8.44404e-06
645	2169	2124	161	162	130	48	0.283042	1.26216	3.31015e-06	1.16949e-05
646	2059	2016	130	133	108	30	0.372231	0.98824	3.38787e-06	9.10153e-06
647	2156	2116	141	148	119	36	0.328559	1.11304	3.37332e-06	1.0267e-05
648	2088	2037	160	160	130	36	0.304708	1.1884	3.33485e-06	1.09444e-05
649	2055	2017	146	147	119	38	0.327273	1.11696	3.37643e-06	1.03169e-05
650	2112	2066	138	142	112	43	0.32921	1.11106	3.39096e-06	1.03003e-05
651	2081	2036	126	128	108	24	0.39604	0.92624	3.36653e-06	8.50049e-06
652	2140	2095	128	129	112	20	0.401672	0.91212	3.35171e-06	8.3444e-06
653	2094	2032	164	169	133	55	0.26137	1.34182	3.25718e-06	1.2462e-05
654	2036	1989	147	149	125	32	0.333231	1.09892	3.36928e-06	1.0111e-05
655	2133	2090	137	140	121	25	0.365423	1.0067	3.37322e-06	9.23099e-06
656	2112	2076	158	160	129	39	0.300082	1.2037	3.33205e-06	1.11038e-05
657	2092	2050	155	156	126	43	0.301502	1.19898	3.34382e-06	1.10906e-05
658	2083	2032	155	159	123	46	0.291382	1.23312	3.32738e-06	1.14193e-05
659	2115	2066	145	149	109	52	0.300917	1.20092	3.36233e-06	1.11736e-05
660	2141	2090	148	152	110	75	0.262617	1.33706	3.29978e-06	1.2565e-05
661	2143	2093	127	128	110	19	0.406269	0.90074	3.34555e-06	8.23482e-06
662	2116	2070	151	152	119	42	0.310752	1.16876	3.35974e-06	1.08116e-05
663	2112	2078	133	136	114	25	0.374719	0.98158	3.37442e-06	9.0052e-06
664	2069	2015	139	144	120	29	0.349162	1.05222	3.37616e-06	9.66932e-06
665	2077	2031	136	141	116	27	0.35945	1.02318	3.37657e-06	9.39371e-06
666	2095	2057	131	133	100	42	0.350134	1.04944	3.41e-06	9.73913e-06
667	2105	2062	129	129	107	26	0.389567	0.94272	3.3749e-06	8.6632e-06
668	2119	2072	151	152	120	41	0.312341	1.16366	3.36032e-06	1.07585e-05
669	2112	2071	136	139	101	65	0.299866	1.20442	3.38845e-06	1.12999e-05
670	2148	2107	175	177	134	50	0.254983	1.36656	3.22499e-06	1.26479e-05
671	2038	1998	156	159	126	43	0.295874	1.21782	3.33152e-06	1.12599e-05
672	2196	2157	131	134	109	28	0.373693	0.98432	3.38256e-06	9.05171e-06
673	2074	2016	163	166	136	41	0.286052	1.25158	3.30355e-06	1.15488e-05
674	2136	2084	126	130	107	27	0.385159	0.9541	3.37891e-06	8.77278e-06
675	2099	2049	128	132	102	38	0.359601	1.02276	3.40547e-06	9.47014e-06
676	2127	2073	115	117	101	17	0.439789	0.82146	3.30178e-06	7.50763e-06
677	2123	2078	140	143	120	26	0.356779	1.03064	3.3728e-06	9.45347e-06
678	2009	1972	132	134	112	27	0.375604	0.97922	3.3799e-06	8.99857e-06
679	2071	2038	157	159	131	31	0.314548	1.15662	3.34122e-06	1.06223e-05
680	2177	2120	151	154	127	33	0.321287	1.13542	3.35627e-06	1.04463e-05
681	2116	2072	170	173	133	49	0.262806	1.33634	3.25063e-06	1.2369e-05
682	2078	2034	128	129	110	27	0.387585	0.94782	3.37832e-06	8.71634e-06
683	2118	2058	138	138	116	26	0.368159	0.99924	3.37647e-06	9.17123e-06
684	2102	2043	137	138	113	29	0.362569	1.01454	3.383e-06	9.33063e-06
685	2157	2115	118	121	98	28	0.405482	0.90268	3.37275e-06	8.31789e-06
686	2127	2087	134	139	116	27	0.363993	1.01062	3.37815e-06	9.28081e-06
687	2055	2007	131	134	107	38	0.355113	1.03532	3.40306e-06	9.58304e-06
688	2159	2112	147	149	116	46	0.310268	1.17032	3.3679e-06	1.08548e-05
689	2051	2003	157	159	120	56	0.276894	1.28412	3.30906e-06	1.19506e-05
690	2113	2057	158	158	117	58	0.275811	1.28804	3.30985e-06	1.20004e-05
691	2082	2037	164	164	125	50	0.276673	1.28492	3.2963e-06	1.19141e-05
692	2009	1961	140	143	113	35	0.340773	1.07654	3.38444e-06	9.93167e-06
693	2106	2072	139	141	109	41	0.33468	1.09458	3.39284e-06	1.01376e-05
694	2098	2056	154	158	125	44	0.296224	1.21664	3.33447e-06	1.12566e-05
695	2131	2078	148	149	119	38	0.323188	1.12952	3.37077e-06	1.04298e-05
696	2083	2028	129	132	103	37	0.36144	1.01766	3.40368e-06	9.41701e-06
697	2165	2133	148	151	130	23	0.344528	1.06558	3.35765e-06	9.74565e-06
698	2056	2007	146	148	126	29	0.3405	1.07734	3.36928e-06	9.89511e-06
699	2178	2128	148	152	114	50	0.298329	1.20956	3.35223e-06	1.12367e-05
700	2086	2037	118	121	104	21	0.420219	0.86698	3.33904e-06	7.94596e-06
701	2071	2021	137	141	115	30	0.353992	1.03848	3.38173e-06	9.55311e-06
702	2110	2072	152	153	127	29	0.329974	1.10874	3.35826e-06	1.01773e-05
703	2113	2061	164	165	140	29	0.306021	1.1841	3.32178e-06	1.08547e-05
704	2135	2087	147	152	122	41	0.312341	1.16366	3.36032e-06	1.07585e-05
705	2105	2066	146	149	113	50	0.304002	1.19072	3.3645e-06	1.10674e-05
706	2056	2018	148	149	111	71	0.273127	1.29782	3.32754e-06	1.21831e-05
707	2060	2018	162	164	130	50	0.276673	1.28492	3.2963e-06	1.19141e-05
708	2094	2041	125	125	111	15	0.422528	0.8615	3.31809e-06	7.85295e-06
709	2090	2045	147	149	119	34	0.329849	1.10912	3.37014e-06	1.02172e-05
710	2095	2059	142	147	120	41	0.322304	1.13226	3.37654e-06	1.04763e-05
711	2113	2068	140	142	114	32	0.348206	1.05496	3.38311e-06	9.71582e-06
712	2144	2093	155	159	130	40	0.300436	1.20252	3.33499e-06	1.11005e-05
713	2140	2081	155	156	127	32	0.318899	1.14288	3.35038e-06	1.05061e-05
714	2128	2070	158	161	129	42	0.293675	1.22528	3.32431e-06	1.13197e-05
715	2083	2031	160	165	137	32	0.301375	1.1994	3.31938e-06	1.10141e-05
716	2067	2019	129	131	108	26	0.384704	0.95528	3.3762e-06	8.7761e-06
717	2160	2095	165	169	131	46	0.273646	1.29592	3.27931e-06	1.19838e-05
718	2093	2044	142	144	113	53	0.308936	1.17462	3.38116e-06	1.09445e-05
719	2094	2056	130	131	108	37	0.363717	1.01138	3.40459e-06	9.36056e-06
720	2117	2076	144	147	123	30	0.340902	1.07616	3.37213e-06	9.89179e-06
721	2044	2003	146	146	115	47	0.31456	1.15658	3.37794e-06	1.07386e-05
722	2145	2104	141	144	120	26	0.354545	1.03692	3.37169e-06	9.50992e-06
723	2033	1975	134	137	108	34	0.355667	1.03376	3.39301e-06	9.53985e-06
724	2190	2155	156	157	131	31	0.318523	1.14406	3.34749e-06	1.05094e-05
725	2071	2032	128	129	107	26	0.389567	0.94272	3.3749e-06	8.6632e-06
726	2114	2072	142	145	124	25	0.354127	1.0381	3.36889e-06	9.51323e-06
727	2097	2060	144	150	117	45	0.309902	1.1715	3.36495e-06	1.08581e-05
728	2141	2089	149	149	127	23	0.348883	1.05302	3.3607e-06	9.63276e-06
729	2121	2074	161	166	132	46	0.27885	1.27708	3.29446e-06	1.18144e-05
730	2037	1991	155	159	131	36	0.306628	1.18212	3.33855e-06	1.0888e-05
731	2150	2107	131	133	114	25	0.381845	0.96274	3.37393e-06	8.83586e-06
732	2114	2077	139	141	109	40	0.336391	1.08948	3.39232e-06	1.00844e-05
733	2128	2071	184	185	145	71	0.217861	1.5239	3.09695e-06	1.42153e-05
734	2083	2033	146	147	123	32	0.337443	1.08636	3.37377e-06	9.99806e-06
735	2047	2007	128	130	108	31	0.377381	0.9745	3.39089e-06	8.98532e-06
736	2100	2060	129	131	112	21	0.394641	0.92978	3.35856e-06	8.51043e-06
737	2115	2075	125	129	111	21	0.399628	0.91722	3.3559e-06	8.39754e-06
738	2125	2082	140	141	121	25	0.363135	1.01298	3.3726e-06	9.28744e-06
739	2071	2023	154	156	124	41	0.304593	1.18878	3.34573e-06	1.09843e-05
740	2155	2109	115	118	95	28	0.413193	0.88384	3.36692e-06	8.14855e-06
741	2047	2009	128	130	110	33	0.373551	0.9847	3.39617e-06	9.09158e-06
742	2157	2104	140	143	120	27	0.354964	1.03574	3.3745e-06	9.5066e-06
743	2080	2045	137	140	112	35	0.347254	1.0577	3.39e-06	9.76233e-06
744	2056	2014	149	155	121	52	0.28979	1.2386	3.33615e-06	1.15123e-05
745	2104	2049	126	126	108	24	0.401046	0.91368	3.36381e-06	8.38759e-06
746	2265	2207	159	162	130	44	0.288875	1.24176	3.31697e-06	1.14824e-05
747	2129	2070	118	121	103	28	0.405482	0.90268	3.37275e-06	8.31789e-06
748	2115	2068	137	138	120	22	0.375747	0.97884	3.3662e-06	8.9587e-06
749	2162	2112	143	149	125	35	0.328171	1.11422	3.37043e-06	1.02704e-05
750	2053	2012	158	160	130	36	0.304708	1.1884	3.33485e-06	1.09444e-05
751	2110	2065	136	142	113	39	0.335995	1.09066	3.38943e-06	1.00878e-05
752	2084	2034	156	156	131	38	0.309289	1.17348	3.34802e-06	1.08249e-05
753	2084	2051	151	158	123	43	0.297738	1.21154	3.3357e-06	1.12034e-05
754	2108	2068	126	128	107	27	0.390027	0.94154	3.37759e-06	8.65989e-06
755	2041	2001	145	145	123	26	0.352325	1.0432	3.37047e-06	9.56637e-06
756	2133	2088	136	138	114	34	0.353441	1.04004	3.39172e-06	9.5963e-06
757	2010	1965	135	139	116	33	0.353024	1.04122	3.38889e-06	9.59961e-06
758	2168	2118	152	157	128	47	0.293564	1.22566	3.33475e-06	1.13595e-05
759	2141	2095	173	177	135	64	0.237412	1.43796	3.17936e-06	1.33917e-05
760	2197	2153	134	134	107	36	0.358753	1.02512	3.39982e-06	9.47677e-06
761	2158	2107	150	152	122	39	0.315543	1.15346	3.36124e-06	1.06522e-05
762	2106	2062	118	121	107	16	0.431072	0.84148	3.31076e-06	7.68029e-06
763	2111	2057	173	177	139	47	0.258914	1.35126	3.23344e-06	1.24885e-05
764	2076	2027	140	148	116	40	0.321924	1.13344	3.37363e-06	1.04796e-05
765	2137	2086	167	174	132	60	0.246913	1.39872	3.2123e-06	1.30099e-05
766	2142	2099	136	136	124	12	0.400404	0.91528	3.32915e-06	8.31447e-06
767	2095	2054	126	128	107	24	0.39604	0.92624	3.36653e-06	8.50049e-06
768	2064	2024	142	146	110	53	0.30508	1.18718	3.3734e-06	1.10574e-05
769	2158	2114	133	138	111	36	0.349854	1.05024	3.39448e-06	9.70256e-06
770	2091	2041	139	145	119	32	0.341708	1.0738	3.37784e-06	9.88516e-06
771	2128	2072	166	170	132	54	0.261061	1.343	3.2542e-06	1.24653e-05
772	2115	2076	164	165	128	47	0.27918	1.2759	3.29742e-06	1.18111e-05
773	2012	1968	134	137	110	34	0.355667	1.03376	3.39301e-06	9.53985e-06
774	2142	2099	138	143	117	40	0.332193	1.10204	3.38748e-06	1.01973e-05
775	2029	1984	133	134	108	36	0.358753	1.02512	3.39982e-06	9.47677e-06
776	2185	2142	171	174	140	40	0.273427	1.29672	3.26669e-06	1.19472e-05
777	2069	2014	134	137	113	26	0.370478	0.99296	3.37683e-06	9.11478e-06
778	2071	2031	140	141	117	26	0.361288	1.01808	3.37464e-06	9.34057e-06
779	2095	2045	128	130	115	19	0.401198	0.9133	3.34909e-06	8.34772e-06
780	2158	2112	155	156	129	34	0.315663	1.15308	3.34993e-06	1.06124e-05
781	2119	2086	143	144	120	27	0.352741	1.04202	3.37328e-06	9.56305e-06
782	2057	2017	137	141	113	39	0.338111	1.08438	3.3917e-06	1.00313e-05
783	2147	2093	139	144	112	41	0.328434	1.11342	3.38514e-06	1.03069e-05
784	2037	1984	131	131	115	20	0.396658	0.92468	3.35466e-06	8.4573e-06
785	2194	2150	137	139	109	39	0.342385	1.07182	3.39591e-06	9.91841e-06
786	2095	2031	178	181	135	56	0.241164	1.42228	3.18154e-06	1.31925e-05
787	2130	2081	124	127	107	23	0.400573	0.91486	3.36117e-06	8.39091e-06
788	2116	2075	152	153	124	40	0.311973	1.16484	3.35739e-06	1.07618e-05
789	2037	1994	123	126	111	16	0.417747	0.87288	3.32632e-06	7.96253e-06
790	2122	2069	136	141	114	36	0.343324	1.06908	3.38926e-06	9.87191e-06
791	2084	2037	119	122	99	30	0.398854	0.91916	3.38252e-06	8.4806e-06
792	2152	2111	152	153	126	38	0.315171	1.15464	3.35832e-06	1.06555e-05
793	2098	2047	152	153	124	35	0.32003	1.13934	3.35908e-06	1.04961e-05
794	2180	2140	149	153	123	44	0.305673	1.18524	3.35456e-06	1.09743e-05
795	2077	2028	157	157	129	34	0.313687	1.15936	3.34666e-06	1.06688e-05
796	2072	2009	148	149	121	38	0.323188	1.12952	3.37077e-06	1.04298e-05
797	2102	2064	160	164	135	40	0.291149	1.23392	3.31407e-06	1.13827e-05
798	2001	1959	134	138	111	36	0.349854	1.05024	3.39448e-06	9.70256e-06
799	2126	2084	170	173	146	45	0.268222	1.31594	3.26062e-06	1.21564e-05
800	2106	2060	147	147	113	42	0.320664	1.13736	3.3764e-06	1.05294e-05
801	2158	2110	141	143	113	42	0.328822	1.11224	3.38805e-06	1.03036e-05
802	2050	2004	137	137	117	25	0.372373	0.98786	3.37431e-06	9.06165e-06
803	2155	2103	158	162	128	50	0.28017	1.27236	3.30633e-06	1.18012e-05
804	2081	2029	151	152	120	47	0.302928	1.19426	3.35562e-06	1.10773e-05
805	2095	2035	155	156	132	25	0.33049	1.10718	3.34923e-06	1.01342e-05
806	2106	2063	152	157	121	49	0.290585	1.23586	3.33179e-06	1.14658e-05
807	2094	2050	106	106	99	8	0.493378	0.70648	3.16182e-06	6.40851e-06
808	2130	2088	143	145	120	34	0.33824	1.084	3.3795e-06	9.99143e-06
809	2003	1962	158	166	136	36	0.293441	1.22608	3.31092e-06	1.12831e-05
810	2165	2117	155	156	127	34	0.315663	1.15308	3.34993e-06	1.06124e-05
811	2056	2016	146	148	119	33	0.333624	1.09774	3.37215e-06	1.01076e-05
812	2236	2202	153	153	130	27	0.333357	1.09854	3.35727e-06	1.00711e-05
813	2180	2138	163	167	134	43	0.281377	1.26806	3.29534e-06	1.17115e-05
814	2117	2075	141	142	121	24	0.362707	1.01416	3.36982e-06	9.29076e-06
815	2109	2064	145	147	117	45	0.315796	1.15266	3.37547e-06	1.06888e-05
816	2159	2114	157	161	128	48	0.284825	1.25588	3.31492e-06	1.16385e-05
817	2135	2092	129	133	102	58	0.322697	1.13104	3.41713e-06	1.05893e-05
818	2072	2025	152	157	124	64	0.269184	1.31236	3.30095e-06	1.22628e-05
819	2106	2052	145	149	115	40	0.319909	1.13972	3.37056e-06	1.0536e-05
820	2061	2018	132	140	111	38	0.341981	1.073	3.39304e-06	9.92173e-06
821	2089	2044	147	150	114	61	0.285618	1.2531	3.34409e-06	1.17083e-05
822	2089	2034	139	141	113	31	0.352192	1.04358	3.38324e-06	9.60624e-06
823	2142	2094	171	176	139	43	0.265915	1.32458	3.24935e-06	1.22195e-05
824	2113	2067	133	133	114	23	0.38576	0.95254	3.36753e-06	8.72959e-06
825	2039	1988	140	142	115	33	0.346435	1.06006	3.38431e-06	9.76895e-06
826	2139	2102	166	168	131	49	0.271189	1.30494	3.27778e-06	1.20867e-05
827	2024	1976	141	142	110	43	0.32921	1.11106	3.39096e-06	1.03003e-05
828	2180	2137	160	161	137	28	0.315411	1.15388	3.33572e-06	1.05758e-05
829	2066	2030	125	126	106	26	0.396976	0.92388	3.37186e-06	8.49386e-06
830	2097	2058	144	145	116	40	0.328046	1.1146	3.38223e-06	1.03102e-05
831	2093	2038	138	139	116	31	0.356643	1.03102	3.38574e-06	9.49335e-06
832	2174	2124	175	177	138	55	0.248563	1.39206	3.20983e-06	1.29136e-05
833	2117	2083	139	141	108	40	0.336391	1.08948	3.39232e-06	1.00844e-05
834	2072	2017	159	163	127	51	0.276999	1.28374	3.29927e-06	1.19108e-05
835	2144	2093	173	176	132	68	0.234083	1.45208	3.17132e-06	1.35478e-05
836	2032	1979	143	145	128	18	0.366998	1.0024	3.35483e-06	9.1413e-06
837	2189	2148	162	164	127	51	0.275265	1.29002	3.29415e-06	1.19672e-05
838	2071	2025	127	129	116	15	0.412046	0.88662	3.32881e-06	8.07874e-06
839	2118	2081	139	142	119	28	0.355383	1.03456	3.3773e-06	9.50329e-06
840	2031	1988	142	145	115	34	0.33824	1.084	3.3795e-06	9.99143e-06
841	2042	1991	143	145	115	36	0.334807	1.0942	3.38078e-06	1.00977e-05
842	2120	2073	146	152	115	51	0.296811	1.21466	3.35094e-06	1.12898e-05
843	2112	2064	165	167	136	35	0.293095	1.22726	3.30799e-06	1.12864e-05
844	2149	2107	153	154	120	48	0.297625	1.21192	3.3463e-06	1.12433e-05
845	2119	2063	135	141	114	48	0.322943	1.13028	3.39397e-06	1.05095e-05
846	2119	2074	126	127	115	12	0.423687	0.85876	3.30749e-06	7.80644e-06
847	2075	2032	110	111	97	18	0.454353	0.78888	3.28138e-06	7.22208e-06
848	2085	2043	153	156	132	28	0.325472	1.12248	3.35026e-06	1.02936e-05
849	2100	2053	150	155	122	38	0.311237	1.1672	3.35154e-06	1.07684e-05
850	2110	2067	130	136	107	48	0.333244	1.09888	3.40818e-06	1.02273e-05
851	2124	2067	167	170	130	55	0.259733	1.3481	3.25145e-06	1.25184e-05
852	2118	2082	134	137	112	30	0.362997	1.01336	3.38579e-06	9.32732e-06
853	2155	2094	143	147	122	29	0.342645	1.07106	3.37117e-06	9.83866e-06
854	2046	2007	137	138	115	29	0.362569	1.01454	3.383e-06	9.33063e-06
855	2034	1993	140	144	125	23	0.360011	1.02162	3.36629e-06	9.35052e-06
856	2079	2037	144	148	125	29	0.3405	1.07734	3.36928e-06	9.89511e-06
857	2107	2067	146	148	125	25	0.347518	1.05694	3.36487e-06	9.68257e-06
858	2104	2064	151	152	122	47	0.302928	1.19426	3.35562e-06	1.10773e-05
859	2120	2069	139	141	111	41	0.33468	1.09458	3.39284e-06	1.01376e-05
860	2128	2075	141	143	110	41	0.330503	1.10714	3.38781e-06	1.02505e-05
861	1996	1942	154	155	127	35	0.316036	1.1519	3.35284e-06	1.0609e-05
862	2161	2130	133	137	112	33	0.357486	1.02866	3.39137e-06	9.48672e-06
863	2053	1996	131	136	109	33	0.359738	1.02238	3.39242e-06	9.43027e-06
864	2226	2188	138	145	111	44	0.321422	1.135	3.38225e-06	1.05228e-05
865	2083	2045	141	147	114	45	0.315796	1.15266	3.37547e-06	1.06888e-05
866	2130	2085	163	167	130	43	0.281377	1.26806	3.29534e-06	1.17115e-05
867	2085	2045	136	140	105	51	0.320043	1.1393	3.39644e-06	1.06125e-05
868	2119	2067	137	138	112	30	0.360725	1.01964	3.38496e-06	9.38376e-06
869	2132	2086	131	135	112	25	0.377079	0.9753	3.37439e-06	8.94876e-06
870	2073	2020	160	161	125	45	0.289216	1.24058	3.31993e-06	1.14791e-05
871	2118	2066	155	162	126	45	0.287406	1.24686	3.31537e-06	1.15355e-05
872	2058	2020	142	143	116	30	0.349574	1.05104	3.37898e-06	9.666e-06
873	2184	2137	136	140	112	37	0.34373	1.0679	3.39213e-06	9.86859e-06
874	2087	2039	129	133	116	20	0.391707	0.93724	3.35701e-06	8.57019e-06
875	2160	2113	129	130	112	23	0.393097	0.9337	3.36501e-06	8.56025e-06
876	2111	2069	146	147	124	29	0.342645	1.07106	3.37117e-06	9.83866e-06
877	2058	2018	127	127	111	18	0.410919	0.88936	3.33881e-06	8.12524e-06
878	2137	2086	139	141	120	23	0.366858	1.00278	3.36819e-06	9.18118e-06
879	2132	2089	146	148	119	42	0.318657	1.14364	3.37325e-06	1.05858e-05
880	2175	2128	151	153	118	51	0.294953	1.22094	3.34662e-06	1.13463e-05
881	2063	2009	150	152	123	40	0.313938	1.15856	3.36082e-06	1.07054e-05
882	2132	2080	144	144	115	31	0.345618	1.06242	3.37862e-06	9.77558e-06
883	2091	2049	151	154	117	67	0.270139	1.30882	3.30997e-06	1.22529e-05
884	2068	2023	157	160	121	56	0.275161	1.2904	3.30388e-06	1.20071e-05
885	2114	2068	167	167	130	51	0.270128	1.30886	3.27842e-06	1.21365e-05
886	2085	2042	129	129	112	20	0.401672	0.91212	3.35171e-06	8.3444e-06
887	2141	2097	149	150	128	25	0.34318	1.0695	3.36161e-06	9.79547e-06
888	2028	1988	150	158	118	53	0.282934	1.26254	3.32017e-06	1.17348e-05
889	2183	2124	129	130	109	25	0.389107	0.9439	3.37221e-06	8.66652e-06
890	2068	2021	122	124	108	17	0.420875	0.86542	3.32607e-06	7.90277e-06
891	2073	2012	149	151	129	26	0.339297	1.08088	3.36075e-06	9.90505e-06
892	2094	2054	138	140	122	22	0.371057	0.9914	3.36608e-06	9.07159e-06
893	2127	2074	135	137	113	38	0.348485	1.05416	3.39856e-06	9.75238e-06
894	2160	2109	154	155	129	35	0.316036	1.1519	3.35284e-06	1.0609e-05
895	2107	2053	149	152	118	52	0.295301	1.21976	3.34959e-06	1.1343e-05
896	2059	2012	157	159	129	35	0.308196	1.17702	3.33925e-06	1.08348e-05
897	2048	2002	153	156	120	44	0.299968	1.20408	3.34275e-06	1.11437e-05
898	2093	2045	178	187	142	58	0.229889	1.47016	3.13509e-06	1.36374e-05
899	2073	2032	140	142	107	46	0.324211	1.12636	3.39115e-06	1.04597e-05
900	2096	2053	123	124	103	25	0.404049	0.90622	3.36485e-06	8.32783e-06
901	2098	2055	188	190	146	64	0.218799	1.5196	3.09067e-06	1.41256e-05
902	2121	2075	158	160	123	48	0.286619	1.2496	3.31963e-06	1.1582e-05
903	2122	2064	125	128	107	26	0.392021	0.93644	3.37403e-06	8.60676e-06
904	2130	2081	144	145	121	29	0.346976	1.0585	3.37461e-06	9.72576e-06
905	2152	2091	145	147	117	36	0.330628	1.10676	3.37591e-06	1.02106e-05
906	2043	2001	137	138	118	23	0.373835	0.98394	3.36894e-06	9.01183e-06
907	2121	2075	136	139	113	36	0.347664	1.05652	3.39285e-06	9.75901e-06
908	2077	2035	136	141	107	44	0.329599	1.10988	3.39387e-06	1.0297e-05
909	2118	2084	143	145	121	34	0.33824	1.084	3.3795e-06	9.99143e-06
910	2102	2058	148	149	122	40	0.319909	1.13972	3.37056e-06	1.0536e-05
911	2165	2117	165	170	142	32	0.292059	1.2308	3.2992e-06	1.12964e-05
912	2126	2085	148	153	114	56	0.287527	1.24644	3.33874e-06	1.16119e-05
913	2121	2083	160	161	138	30	0.31221	1.16408	3.33504e-06	1.06821e-05
914	2157	2107	152	156	123	40	0.30615	1.18368	3.34657e-06	1.09312e-05
915	2049	2002	130	132	109	30	0.374576	0.98196	3.38807e-06	9.04508e-06
916	2218	2165	153	156	124	41	0.304593	1.18878	3.34573e-06	1.09843e-05
917	2081	2042	115	118	103	17	0.437036	0.82774	3.30577e-06	7.56408e-06
918	2144	2097	156	160	122	44	0.292527	1.2292	3.32587e-06	1.13695e-05
919	2105	2058	123	124	105	22	0.410278	0.89092	3.35133e-06	8.16843e-06
920	2041	2004	144	145	115	36	0.334807	1.0942	3.38078e-06	1.00977e-05
921	2118	2068	141	144	110	46	0.320165	1.13892	3.38497e-06	1.05726e-05
922	2217	2175	164	167	129	59	0.259328	1.34966	3.25758e-06	1.25616e-05
923	2130	2078	152	153	124	37	0.316782	1.14954	3.35866e-06	1.06024e-05
924	2085	2041	153	155	121	54	0.286849	1.2488	3.33277e-06	1.16186e-05
925	2122	2078	163	167	132	47	0.275695	1.28846	3.28739e-06	1.1924e-05
926	2085	2039	137	137	120	20	0.38199	0.96236	3.35998e-06	8.79599e-06
927	2087	2048	143	144	113	37	0.335203	1.09302	3.38366e-06	1.00944e-05
928	2109	2069	139	142	119	29	0.353575	1.03966	3.37891e-06	9.55642e-06
929	2073	2038	166	170	143	31	0.293552	1.2257	3.30047e-06	1.12432e-05
930	2134	2081	156	161	131	35	0.304349	1.18958	3.33193e-06	1.09477e-05
931	2045	2003	121	122	104	21	0.417588	0.87326	3.34171e-06	8.0024e-06
932	2171	2116	143	144	123	26	0.354545	1.03692	3.37169e-06	9.50992e-06
933	2060	2004	145	147	115	40	0.323952	1.12716	3.37659e-06	1.04231e-05
934	2084	2040	146	148	115	44	0.315423	1.15384	3.37254e-06	1.06921e-05
935	2089	2051	165	170	133	49	0.267804	1.3175	3.26711e-06	1.21996e-05
936	2148	2107	137	141	113	37	0.341578	1.07418	3.39017e-06	9.92504e-06
937	2112	2075	128	131	117	15	0.406903	0.89918	3.3332e-06	8.19163e-06
938	2097	2053	143	145	110	52	0.308572	1.1758	3.37819e-06	1.09478e-05
939	2139	2096	145	148	125	28	0.342241	1.07224	3.36833e-06	9.84197e-06
940	2023	1982	139	139	116	24	0.369605	0.99532	3.37132e-06	9.12141e-06
941	2179	2146	138	139	118	24	0.369605	0.99532	3.37132e-06	9.12141e-06
942	2065	2013	152	154	123	45	0.302214	1.19662	3.34972e-06	1.10839e-05
943	2086	2035	143	144	118	30	0.347386	1.05732	3.37744e-06	9.72245e-06
944	2092	2050	139	140	119	25	0.365423	1.0067	3.37322e-06	9.23099e-06
945	2116	2071	183	187	139	69	0.217347	1.52626	3.09109e-06	1.42219e-05
946	2116	2074	145	148	122	37	0.326887	1.11814	3.37353e-06	1.03202e-05
947	2119	2072	127	131	108	28	0.3808	0.96548	3.38241e-06	8.88237e-06
948	2074	2026	153	155	118	56	0.283938	1.259	3.32912e-06	1.17248e-05
949	2109	2054	161	163	132	42	0.29001	1.23784	3.31555e-06	1.14326e-05
950	2142	2089	155	157	125	46	0.295065	1.22056	3.33612e-06	1.13064e-05
951	2070	2037	130	131	111	28	0.3808	0.96548	3.38241e-06	8.88237e-06
952	2108	2064	144	148	116	42	0.318657	1.14364	3.37325e-06	1.05858e-05
953	2096	2053	131	134	112	26	0.377524	0.97412	3.37712e-06	8.94544e-06
954	2062	2017	104	104	86	22	0.465185	0.76532	3.27466e-06	7.03948e-06
955	2120	2058	133	135	111	28	0.371354	0.9906	3.38235e-06	9.10816e-06
956	2144	2108	148	152	128	32	0.327011	1.11776	3.36178e-06	1.02803e-05
957	2149	2112	138	139	116	31	0.356643	1.03102	3.38574e-06	9.49335e-06
958	2039	1992	153	157	121	43	0.299614	1.20526	3.3398e-06	1.1147e-05
959	2123	2080	144	146	122	29	0.344804	1.06478	3.37294e-06	9.78221e-06
960	2074	2026	113	118	96	30	0.409	0.89404	3.37622e-06	8.25481e-06
961	2028	1984	129	132	104	39	0.357772	1.02786	3.40716e-06	9.52328e-06
962	2100	2044	132	134	104	42	0.347942	1.05572	3.40829e-06	9.79557e-06
963	2074	2034	116	118	98	23	0.423865	0.85834	3.34128e-06	7.88288e-06
964	2124	2079	136	139	114	30	0.358467	1.02592	3.384e-06	9.44021e-06
965	2041	1996	140	142	114	33	0.346435	1.06006	3.38431e-06	9.76895e-06
966	2154	2111	123	124	107	19	0.416604	0.87562	3.33659e-06	8.00903e-06
967	2046	2000	118	120	100	25	0.414327	0.8811	3.35689e-06	8.10204e-06
968	2210	2168	131	132	108	28	0.378416	0.97176	3.38259e-06	8.93881e-06
969	2079	2032	166	166	132	40	0.287515	1.24648	3.30517e-06	1.14956e-05
970	2161	2111	147	147	125	27	0.346158	1.06086	3.36895e-06	9.73239e-06
971	2103	2060	162	163	128	45	0.285607	1.25314	3.31074e-06	1.1592e-05
972	2060	2015	153	154	121	37	0.314799	1.15582	3.3554e-06	1.06589e-05
973	2128	2089	170	173	135	53	0.257499	1.35674	3.23972e-06	1.25815e-05
974	2090	2051	135	139	118	23	0.371495	0.99022	3.36882e-06	9.06828e-06
975	2144	2100	154	158	132	28	0.321409	1.13504	3.34473e-06	1.04065e-05
976	2097	2047	138	140	111	37	0.34373	1.0679	3.39213e-06	9.86859e-06
977	2101	2056	139	146	110	46	0.316168	1.15148	3.37841e-06	1.06855e-05
978	2083	2041	155	157	121	46	0.295065	1.22056	3.33612e-06	1.13064e-05
979	2177	2131	146	149	116	42	0.316662	1.14992	3.37001e-06	1.06423e-05
980	2107	2062	154	154	122	35	0.318027	1.14562	3.35601e-06	1.05526e-05
981	2086	2042	133	134	110	28	0.373693	0.98432	3.38256e-06	9.05171e-06
982	2132	2096	137	139	112	33	0.353024	1.04122	3.38889e-06	9.59961e-06
983	2067	2029	124	128	109	24	0.39604	0.92624	3.36653e-06	8.50049e-06
984	2167	2124	153	158	122	49	0.288766	1.24214	3.32723e-06	1.15222e-05
985	2057	2011	105	109	94	20	0.455427	0.78652	3.28611e-06	7.21545e-06
986	2074	2028	134	136	111	28	0.369029	0.99688	3.382e-06	9.1646e-06
987	2087	2039	143	145	120	27	0.350533	1.0483	3.37195e-06	9.6195e-06
988	2059	2010	147	152	126	32	0.327011	1.11776	3.36178e-06	1.02803e-05
989	2110	2057	147	148	127	24	0.349294	1.05184	3.36351e-06	9.62944e-06
990	2064	2016	160	160	134	35	0.306266	1.1833	3.33563e-06	1.08913e-05
991	2136	2095	142	145	119	33	0.339969	1.0789	3.37872e-06	9.9383e-06
992	2018	1975	150	153	123	36	0.318402	1.14444	3.35891e-06	1.05493e-05
993	2174	2121	159	160	133	44	0.292527	1.2292	3.32587e-06	1.13695e-05
994	2063	2027	136	137	117	23	0.37619	0.97766	3.36893e-06	8.95538e-06
995	2097	2057	154	162	129	39	0.296336	1.21626	3.32392e-06	1.12167e-05
996	2090	2036	138	139	109	45	0.332067	1.10242	3.39943e-06	1.02372e-05
997	2061	2016	144	145	115	34	0.33824	1.084	3.3795e-06	9.99143e-06
998	2114	2069	130	131	108	26	0.384704	0.95528	3.3762e-06	8.7761e-06
999	2131	2087	125	131	105	42	0.354559	1.03688	3.41307e-06	9.62623e-06
1000	2141	2095	149	150	126	28	0.337969	1.0848	3.36444e-06	9.95487e-06