Hist	Tr_Tot	Tr_in	DSBs	DSBt	RIFs	NComb	PSurv	lPSurv	PMut*	PMut
1	324	318	143	147	109	49	0.309419	1.17306	3.37307e-06	1.09013e-05
2	283	276	128	130	96	41	0.358617	1.0255	3.41283e-06	9.51665e-06
3	346	342	153	153	122	46	0.302571	1.19544	3.35267e-06	1.10806e-05
4	295	286	139	141	102	51	0.318039	1.14558	3.39313e-06	1.06689e-05
5	298	292	130	134	103	40	0.351509	1.04552	3.40588e-06	9.68931e-06
6	314	304	156	157	119	51	0.287636	1.24606	3.32854e-06	1.15721e-05
7	297	291	129	130	99	41	0.358617	1.0255	3.41283e-06	9.51665e-06
8	272	265	112	114	93	25	0.430237	0.84342	3.34008e-06	7.76336e-06
9	261	255	117	119	100	23	0.421212	0.86462	3.34414e-06	7.93933e-06
10	335	327	152	159	119	51	0.284046	1.25862	3.31906e-06	1.1685e-05
11	310	305	148	149	113	47	0.308689	1.17542	3.36717e-06	1.0908e-05
12	293	286	145	148	117	40	0.321924	1.13344	3.37363e-06	1.04796e-05
13	296	287	165	170	126	59	0.254488	1.3685	3.23988e-06	1.2731e-05
14	289	282	143	146	116	36	0.332711	1.10048	3.3784e-06	1.01541e-05
15	305	293	138	142	109	40	0.334285	1.09576	3.38995e-06	1.01409e-05
16	306	298	133	134	101	39	0.353306	1.04042	3.40452e-06	9.63617e-06
17	315	309	127	127	102	34	0.378719	0.97096	3.39915e-06	8.97537e-06
18	296	292	141	144	106	84	0.263759	1.33272	3.32116e-06	1.25916e-05
19	329	318	156	161	119	55	0.274836	1.29158	3.30089e-06	1.20104e-05
20	287	278	119	124	90	44	0.366733	1.00312	3.42432e-06	9.33736e-06
21	301	294	138	139	101	53	0.318791	1.14322	3.39904e-06	1.06623e-05
22	298	292	133	139	102	60	0.307611	1.17892	3.39424e-06	1.10342e-05
23	312	307	141	144	117	33	0.342111	1.07262	3.38069e-06	9.88185e-06
24	307	304	123	123	104	20	0.417096	0.87444	3.33915e-06	8.00572e-06
25	314	305	165	165	124	51	0.273542	1.2963	3.28897e-06	1.20236e-05
26	317	307	159	163	124	63	0.260555	1.34494	3.26954e-06	1.25484e-05
27	273	271	121	125	94	45	0.362584	1.0145	3.42531e-06	9.44694e-06
28	332	327	175	180	130	69	0.227115	1.4823	3.14026e-06	1.38268e-05
29	289	281	144	145	112	44	0.321422	1.135	3.38225e-06	1.05228e-05
30	310	302	173	181	126	79	0.214471	1.53958	3.0915e-06	1.44145e-05
31	299	297	141	142	106	45	0.325869	1.12126	3.39117e-06	1.04066e-05
32	305	298	156	161	120	55	0.274836	1.29158	3.30089e-06	1.20104e-05
33	300	293	165	171	115	89	0.217017	1.52778	3.12101e-06	1.43814e-05
34	274	270	118	121	92	34	0.393262	0.93328	3.39648e-06	8.63669e-06
35	306	302	115	115	92	26	0.425368	0.8548	3.3489e-06	7.87294e-06
36	288	283	140	141	105	47	0.324594	1.12518	3.39408e-06	1.04564e-05
37	310	308	135	140	115	30	0.356222	1.0322	3.38292e-06	9.49666e-06
38	291	286	139	141	104	52	0.316422	1.15068	3.39268e-06	1.0722e-05
39	320	312	138	142	107	58	0.304964	1.18756	3.38428e-06	1.10973e-05
40	300	291	117	119	91	36	0.394191	0.93092	3.40189e-06	8.63006e-06
41	315	307	181	183	126	73	0.218375	1.52154	3.10282e-06	1.42086e-05
42	309	307	158	166	118	69	0.247987	1.39438	3.23288e-06	1.30365e-05
43	350	340	163	165	125	55	0.268018	1.3167	3.27952e-06	1.22362e-05
44	320	312	144	146	112	45	0.317785	1.14638	3.3788e-06	1.06323e-05
45	279	270	102	104	85	24	0.460464	0.77552	3.29036e-06	7.14575e-06
46	289	284	137	138	99	61	0.307974	1.17774	3.39723e-06	1.10309e-05
47	292	289	130	132	100	46	0.345225	1.06356	3.41607e-06	9.89521e-06
48	298	295	105	108	85	28	0.439974	0.82104	3.33679e-06	7.58407e-06
49	302	294	150	155	111	61	0.276789	1.2845	3.31884e-06	1.19905e-05
50	293	289	122	124	101	28	0.397914	0.92152	3.37719e-06	8.48723e-06
51	311	304	143	148	112	54	0.29974	1.20484	3.36411e-06	1.12234e-05
52	322	315	174	179	123	113	0.182607	1.70042	2.94146e-06	1.61082e-05
53	322	313	129	133	96	48	0.339582	1.08004	3.41549e-06	1.00579e-05
54	281	270	120	121	94	36	0.389271	0.94348	3.40338e-06	8.74295e-06
55	344	335	166	169	131	44	0.276451	1.28572	3.28355e-06	1.18775e-05
56	294	287	160	161	121	60	0.267916	1.31708	3.28896e-06	1.22761e-05
57	296	291	129	132	103	39	0.357772	1.02786	3.40716e-06	9.52328e-06
58	303	296	136	138	107	43	0.337584	1.08594	3.40099e-06	1.00745e-05
59	302	294	141	142	106	87	0.263037	1.33546	3.3243e-06	1.26381e-05
60	281	276	109	110	94	19	0.45489	0.7877	3.28374e-06	7.21877e-06
61	298	290	111	111	96	19	0.452042	0.79398	3.2887e-06	7.27521e-06
62	298	291	138	143	110	44	0.325485	1.12244	3.38825e-06	1.04099e-05
63	315	309	164	165	130	44	0.283484	1.2606	3.30307e-06	1.16517e-05
64	297	294	96	98	76	29	0.466107	0.76334	3.29665e-06	7.07273e-06
65	295	289	155	158	125	45	0.294717	1.22174	3.33316e-06	1.13097e-05
66	325	318	154	156	117	48	0.29391	1.22448	3.33771e-06	1.13562e-05
67	305	300	119	124	90	49	0.3575	1.02862	3.43308e-06	9.60303e-06
68	310	299	136	138	102	43	0.337584	1.08594	3.40099e-06	1.00745e-05
69	314	308	139	140	110	39	0.340241	1.0781	3.39386e-06	9.97486e-06
70	278	267	124	128	99	35	0.374434	0.98234	3.40172e-06	9.08495e-06
71	327	320	168	171	123	65	0.245274	1.40538	3.21461e-06	1.31062e-05
72	286	280	130	131	97	47	0.345632	1.06238	3.41896e-06	9.8919e-06
73	306	301	150	154	122	43	0.305312	1.18642	3.35161e-06	1.09777e-05
74	297	285	152	154	118	47	0.299147	1.20682	3.34751e-06	1.11902e-05
75	299	292	143	144	102	77	0.273345	1.29702	3.3402e-06	1.22197e-05
76	306	296	121	123	101	25	0.406594	0.89994	3.3631e-06	8.27138e-06
77	320	315	154	156	115	56	0.28216	1.26528	3.32421e-06	1.17813e-05
78	316	308	137	140	113	34	0.349029	1.0526	3.38879e-06	9.70919e-06
79	271	264	130	134	95	50	0.334031	1.09652	3.41402e-06	1.02206e-05
80	330	327	160	165	117	74	0.243266	1.4136	3.22223e-06	1.32457e-05
81	288	279	139	148	104	64	0.284836	1.25584	3.34819e-06	1.17548e-05
82	319	314	159	162	110	96	0.221583	1.50696	3.15651e-06	1.42453e-05
83	298	291	126	129	105	27	0.387585	0.94782	3.37832e-06	8.71634e-06
84	275	273	118	123	89	54	0.350694	1.04784	3.4411e-06	9.81225e-06
85	307	302	131	135	108	38	0.35289	1.0416	3.40167e-06	9.63949e-06
86	294	285	134	138	107	45	0.334158	1.09614	3.40199e-06	1.01808e-05
87	310	304	142	144	111	40	0.330113	1.10832	3.38491e-06	1.02538e-05
88	293	286	130	133	100	46	0.343063	1.06984	3.41405e-06	9.95166e-06
89	299	292	134	137	103	46	0.334553	1.09496	3.4049e-06	1.01774e-05
90	290	279	120	126	94	42	0.365869	1.00548	3.41868e-06	9.34399e-06
91	327	322	166	166	137	34	0.296449	1.21588	3.31336e-06	1.11768e-05
92	300	287	136	138	106	43	0.337584	1.08594	3.40099e-06	1.00745e-05
93	334	325	149	153	114	55	0.288997	1.24134	3.34046e-06	1.15588e-05
94	309	296	169	170	125	62	0.250624	1.3838	3.23064e-06	1.28904e-05
95	299	293	136	138	113	30	0.360725	1.01964	3.38496e-06	9.38376e-06
96	319	315	132	135	106	32	0.363855	1.011	3.39138e-06	9.32069e-06
97	302	290	134	137	99	46	0.334553	1.09496	3.4049e-06	1.01774e-05
98	303	299	138	142	114	32	0.348206	1.05496	3.38311e-06	9.71582e-06
99	291	285	171	173	124	87	0.216505	1.53014	3.11508e-06	1.4388e-05
100	302	296	139	143	103	66	0.290939	1.23464	3.36873e-06	1.15788e-05
101	301	294	118	120	88	46	0.372246	0.9882	3.4313e-06	9.21784e-06
102	298	292	130	135	97	73	0.295201	1.2201	3.39456e-06	1.14991e-05
103	310	304	156	158	118	44	0.296224	1.21664	3.33447e-06	1.12566e-05
104	304	296	133	135	99	64	0.309066	1.1742	3.4062e-06	1.1021e-05
105	321	315	134	137	107	33	0.357486	1.02866	3.39137e-06	9.48672e-06
106	280	275	90	93	73	23	0.49592	0.70134	3.20944e-06	6.47169e-06
107	341	336	149	150	118	48	0.305196	1.1868	3.36251e-06	1.10175e-05
108	293	286	132	133	98	44	0.346581	1.05964	3.41222e-06	9.84539e-06
109	298	293	128	129	102	32	0.377827	0.97332	3.39364e-06	8.982e-06
110	302	297	150	153	121	39	0.313568	1.15974	3.3579e-06	1.07087e-05
111	299	293	144	148	109	61	0.289228	1.24054	3.35371e-06	1.15954e-05
112	312	309	148	155	111	58	0.281056	1.2692	3.32521e-06	1.18311e-05
113	259	255	90	91	73	21	0.507337	0.67858	3.17214e-06	6.25253e-06
114	301	291	121	122	96	36	0.386834	0.94976	3.40391e-06	8.7994e-06
115	312	305	146	152	109	69	0.270777	1.30646	3.316e-06	1.22462e-05
116	302	297	121	127	95	49	0.350828	1.04746	3.42842e-06	9.77237e-06
117	294	291	124	124	92	38	0.378129	0.97252	3.41018e-06	9.01856e-06
118	288	286	130	134	102	51	0.332332	1.10162	3.41431e-06	1.02738e-05
119	304	299	152	155	115	56	0.283938	1.259	3.32912e-06	1.17248e-05
120	315	310	133	138	106	39	0.344542	1.06554	3.39786e-06	9.86196e-06
121	313	304	130	131	108	26	0.384704	0.95528	3.3762e-06	8.7761e-06
122	273	266	111	112	86	34	0.416129	0.87676	3.38257e-06	8.12866e-06
123	326	318	141	142	113	32	0.348206	1.05496	3.38311e-06	9.71582e-06
124	285	280	128	133	96	52	0.332725	1.10044	3.41723e-06	1.02705e-05
125	310	302	126	130	101	39	0.362294	1.0153	3.40932e-06	9.41038e-06
126	296	292	149	151	115	47	0.304836	1.18798	3.35956e-06	1.10208e-05
127	286	277	124	124	100	26	0.401993	0.91132	3.36909e-06	8.38097e-06
128	305	297	152	155	118	47	0.297274	1.2131	3.34334e-06	1.12466e-05
129	327	319	152	156	117	54	0.285053	1.25508	3.328e-06	1.1675e-05
130	315	310	143	149	101	80	0.260873	1.34372	3.30301e-06	1.26613e-05
131	288	282	108	110	83	42	0.404542	0.905	3.41467e-06	8.44083e-06
132	328	322	176	179	136	58	0.241733	1.41992	3.18746e-06	1.31858e-05
133	287	280	144	144	109	49	0.315303	1.15422	3.38383e-06	1.0732e-05
134	320	313	128	131	103	42	0.354559	1.03688	3.41307e-06	9.62623e-06
135	297	288	126	126	95	46	0.358481	1.02588	3.42583e-06	9.55652e-06
136	282	275	123	126	99	34	0.381105	0.96468	3.39905e-06	8.91893e-06
137	306	298	167	172	114	96	0.208095	1.56976	3.08184e-06	1.48098e-05
138	352	346	169	178	122	96	0.2004	1.60744	3.03575e-06	1.51485e-05
139	316	309	158	164	126	50	0.276673	1.28492	3.2963e-06	1.19141e-05
140	272	268	112	114	89	32	0.415148	0.87912	3.37735e-06	8.13529e-06
141	284	277	120	122	95	38	0.382908	0.95996	3.41005e-06	8.90567e-06
142	293	285	141	141	106	42	0.332978	1.09968	3.39328e-06	1.01907e-05
143	309	305	139	143	103	52	0.312472	1.16324	3.38561e-06	1.08349e-05
144	299	294	126	127	104	28	0.390487	0.94036	3.38028e-06	8.65657e-06
145	295	284	131	132	99	44	0.348764	1.05336	3.41403e-06	9.78894e-06
146	308	303	139	139	110	49	0.325361	1.12282	3.39994e-06	1.04497e-05
147	300	293	117	118	92	30	0.409	0.89404	3.37622e-06	8.25481e-06
148	318	309	121	123	97	32	0.392335	0.93564	3.39107e-06	8.64332e-06
149	306	297	154	158	120	68	0.262097	1.33904	3.28454e-06	1.25318e-05
150	308	298	119	121	105	19	0.424527	0.85678	3.32816e-06	7.83969e-06
151	290	286	116	118	103	16	0.43927	0.82264	3.29934e-06	7.51095e-06
152	295	290	134	140	104	43	0.333371	1.0985	3.39618e-06	1.01874e-05
153	300	294	170	172	134	56	0.255187	1.36576	3.2369e-06	1.26844e-05
154	282	278	119	120	102	19	0.427201	0.8505	3.32501e-06	7.78324e-06
155	309	303	150	156	116	51	0.289448	1.23978	3.33317e-06	1.15156e-05
156	296	291	135	136	99	54	0.323201	1.12948	3.4085e-06	1.05461e-05
157	320	313	139	141	109	42	0.332978	1.09968	3.39328e-06	1.01907e-05
158	278	272	132	134	103	42	0.347942	1.05572	3.40829e-06	9.79557e-06
159	338	330	145	148	112	43	0.317036	1.14874	3.37294e-06	1.0639e-05
160	292	281	133	137	104	45	0.336264	1.08986	3.40444e-06	1.01243e-05
161	317	316	134	135	117	21	0.384851	0.9549	3.36214e-06	8.73622e-06
162	302	298	122	123	97	33	0.390339	0.94074	3.39456e-06	8.69645e-06
163	310	301	109	111	90	27	0.43397	0.83478	3.34169e-06	7.70028e-06
164	311	302	168	169	127	61	0.253493	1.37242	3.23983e-06	1.27808e-05
165	261	255	119	123	93	46	0.365299	1.00704	3.42913e-06	9.38718e-06
166	322	311	143	146	116	41	0.324334	1.12598	3.3795e-06	1.04198e-05
167	281	278	113	115	90	35	0.406285	0.9007	3.39294e-06	8.35114e-06
168	306	298	164	168	122	67	0.247402	1.39674	3.2269e-06	1.30431e-05
169	288	276	127	130	103	31	0.377381	0.9745	3.39089e-06	8.98532e-06
170	294	286	141	143	117	36	0.339039	1.08164	3.38524e-06	9.9848e-06
171	303	299	137	140	103	53	0.316795	1.1495	3.39564e-06	1.07187e-05
172	320	312	157	162	120	55	0.273116	1.29786	3.29564e-06	1.20668e-05
173	312	305	133	140	101	47	0.326639	1.1189	3.39702e-06	1.03999e-05
174	282	275	135	138	106	38	0.346303	1.06044	3.39683e-06	9.80883e-06
175	324	316	157	162	118	60	0.266239	1.32336	3.2834e-06	1.23325e-05
176	283	280	140	143	114	38	0.335598	1.09184	3.38655e-06	1.00911e-05
177	293	287	153	158	120	52	0.284381	1.25744	3.32204e-06	1.16816e-05
178	295	288	129	132	103	40	0.355952	1.03296	3.40874e-06	9.57641e-06
179	317	311	172	177	130	69	0.231434	1.46346	3.16079e-06	1.36574e-05
180	304	297	150	152	112	56	0.289338	1.24016	3.34344e-06	1.15555e-05
181	300	293	115	117	95	26	0.420059	0.86736	3.35452e-06	7.98583e-06
182	314	310	158	162	114	117	0.199078	1.61406	3.05805e-06	1.53611e-05
183	293	288	132	135	101	43	0.344005	1.0671	3.40742e-06	9.90515e-06
184	327	315	146	152	108	53	0.293799	1.22486	3.34816e-06	1.13961e-05
185	285	279	119	122	95	41	0.377094	0.97526	3.41839e-06	9.06507e-06
186	328	323	162	164	126	47	0.280938	1.26962	3.30234e-06	1.17547e-05
187	297	292	150	154	112	55	0.287187	1.24762	3.33576e-06	1.16153e-05
188	288	280	142	144	106	52	0.310516	1.16952	3.38195e-06	1.08914e-05
189	306	302	146	149	116	46	0.310268	1.17032	3.3679e-06	1.08548e-05
190	272	266	138	140	107	48	0.324977	1.124	3.39701e-06	1.04531e-05
191	315	308	150	151	118	45	0.307962	1.17778	3.36127e-06	1.09146e-05
192	270	267	142	145	106	65	0.288777	1.2421	3.36095e-06	1.16386e-05
193	330	324	137	140	110	40	0.338511	1.0832	3.39458e-06	1.0028e-05
194	333	325	149	152	109	68	0.272161	1.30136	3.31849e-06	1.21931e-05
195	310	300	139	142	104	50	0.317664	1.14676	3.39018e-06	1.06722e-05
196	315	304	154	157	107	66	0.266452	1.32256	3.29577e-06	1.23691e-05
197	298	289	141	144	113	36	0.336917	1.08792	3.38306e-06	1.00412e-05
198	307	304	129	129	100	38	0.36644	1.00392	3.40819e-06	9.3008e-06
199	319	313	167	174	120	79	0.22411	1.49562	3.14188e-06	1.40194e-05
200	317	310	156	158	110	68	0.262097	1.33904	3.28454e-06	1.25318e-05
201	310	306	150	150	114	48	0.305196	1.1868	3.36251e-06	1.10175e-05
202	300	297	152	161	119	55	0.274836	1.29158	3.30089e-06	1.20104e-05
203	289	281	115	118	91	41	0.386687	0.95014	3.41803e-06	8.83928e-06
204	300	296	129	134	97	54	0.327286	1.11692	3.41463e-06	1.04332e-05
205	299	290	136	140	108	51	0.320043	1.1393	3.39644e-06	1.06125e-05
206	326	317	155	160	121	58	0.272368	1.3006	3.29929e-06	1.21133e-05
207	308	302	139	143	107	53	0.310883	1.16834	3.38491e-06	1.08881e-05
208	329	323	152	158	110	80	0.246538	1.40024	3.24675e-06	1.31694e-05
209	319	313	135	137	108	34	0.355667	1.03376	3.39301e-06	9.53985e-06
210	277	277	141	144	107	46	0.320165	1.13892	3.38497e-06	1.05726e-05
211	336	331	149	153	116	48	0.2995	1.20564	3.35047e-06	1.11869e-05
212	291	284	142	145	105	61	0.294729	1.2217	3.36758e-06	1.1426e-05
213	330	322	155	159	118	49	0.286958	1.24842	3.3226e-06	1.15787e-05
214	301	294	155	155	127	39	0.309654	1.1723	3.35094e-06	1.08216e-05
215	323	314	175	179	137	51	0.250519	1.38422	3.21013e-06	1.28139e-05
216	310	305	145	149	118	38	0.323188	1.12952	3.37077e-06	1.04298e-05
217	274	266	143	146	107	58	0.297399	1.21268	3.36747e-06	1.13231e-05
218	321	316	167	171	126	59	0.252895	1.37478	3.23387e-06	1.27874e-05
219	280	273	141	143	110	38	0.335598	1.09184	3.38655e-06	1.00911e-05
220	340	331	165	166	119	77	0.238073	1.43518	3.20483e-06	1.34616e-05
221	294	285	163	166	124	67	0.250529	1.38418	3.2394e-06	1.29302e-05
222	290	280	146	147	116	37	0.328947	1.11186	3.37622e-06	1.02637e-05
223	305	296	148	150	123	37	0.322807	1.1307	3.36787e-06	1.04331e-05
224	328	325	152	156	116	55	0.283603	1.26018	3.32614e-06	1.17282e-05
225	311	303	166	169	135	48	0.270869	1.30612	3.27482e-06	1.209e-05
226	289	287	131	133	106	32	0.368454	0.99844	3.39265e-06	9.20779e-06
227	323	316	129	130	101	37	0.366008	1.0051	3.40538e-06	9.30412e-06
228	310	304	167	171	125	65	0.245274	1.40538	3.21461e-06	1.31062e-05
229	321	311	155	157	117	51	0.287636	1.24606	3.32854e-06	1.15721e-05
230	294	287	139	145	105	55	0.303887	1.1911	3.37534e-06	1.11072e-05
231	282	276	142	142	101	56	0.308091	1.17736	3.38623e-06	1.0991e-05
232	304	293	132	133	102	51	0.334426	1.09534	3.41694e-06	1.02173e-05
233	285	276	128	132	102	38	0.359601	1.02276	3.40547e-06	9.47014e-06
234	313	309	144	147	115	51	0.306279	1.18326	3.37139e-06	1.10076e-05
235	309	306	174	176	135	52	0.253985	1.37048	3.22503e-06	1.26977e-05
236	326	320	128	129	95	46	0.35179	1.04472	3.42147e-06	9.72587e-06
237	284	281	137	139	106	42	0.337186	1.08712	3.3981e-06	1.00778e-05
238	338	334	140	141	107	44	0.329599	1.10988	3.39387e-06	1.0297e-05
239	296	292	116	117	98	23	0.426535	0.85206	3.33825e-06	7.82643e-06
240	294	287	129	132	102	37	0.36144	1.01766	3.40368e-06	9.41701e-06
241	305	297	156	161	121	55	0.274836	1.29158	3.30089e-06	1.20104e-05
242	309	305	143	145	113	42	0.324717	1.1248	3.38242e-06	1.04165e-05
243	315	310	132	135	107	36	0.356508	1.0314	3.39866e-06	9.53322e-06
244	268	264	131	134	97	48	0.337456	1.08632	3.41316e-06	1.01144e-05
245	328	321	155	158	128	41	0.300791	1.20134	3.33793e-06	1.10972e-05
246	286	286	109	109	91	23	0.448512	0.80182	3.30771e-06	7.37485e-06
247	358	354	161	163	121	58	0.267285	1.31944	3.28298e-06	1.22827e-05
248	321	312	139	142	108	46	0.324211	1.12636	3.39115e-06	1.04597e-05
249	302	292	124	127	107	24	0.398535	0.91996	3.36525e-06	8.44404e-06
250	282	277	112	113	92	28	0.426373	0.85244	3.35398e-06	7.86631e-06
251	300	293	149	151	114	43	0.311119	1.16758	3.36267e-06	1.08083e-05
252	316	309	146	148	110	60	0.290707	1.23544	3.35541e-06	1.15422e-05
253	315	313	154	157	118	54	0.283269	1.26136	3.32316e-06	1.17315e-05
254	298	291	138	140	110	40	0.338511	1.0832	3.39458e-06	1.0028e-05
255	288	281	130	132	100	38	0.359601	1.02276	3.40547e-06	9.47014e-06
256	311	304	146	150	118	41	0.316289	1.1511	3.36708e-06	1.06456e-05
257	299	289	138	140	104	47	0.326639	1.1189	3.39702e-06	1.03999e-05
258	311	310	133	136	108	35	0.356087	1.03258	3.39584e-06	9.53654e-06
259	308	303	138	141	105	45	0.327922	1.11498	3.39403e-06	1.03501e-05
260	262	256	128	131	97	48	0.343874	1.06748	3.41984e-06	9.94503e-06
261	318	312	141	148	114	44	0.315423	1.15384	3.37254e-06	1.06921e-05
262	275	266	141	142	108	48	0.320921	1.13656	3.39084e-06	1.0566e-05
263	334	328	142	146	108	48	0.31296	1.16168	3.37738e-06	1.07917e-05
264	290	285	159	165	127	50	0.274941	1.2912	3.29118e-06	1.19705e-05
265	301	295	168	170	124	56	0.258412	1.3532	3.24864e-06	1.25716e-05
266	300	293	133	137	102	48	0.331158	1.10516	3.40553e-06	1.02837e-05
267	333	325	171	173	130	58	0.251016	1.38224	3.22484e-06	1.28472e-05
268	309	302	127	129	100	38	0.36644	1.00392	3.40819e-06	9.3008e-06
269	283	280	165	167	117	82	0.230626	1.46696	3.17887e-06	1.37837e-05
270	320	313	159	161	121	47	0.286281	1.25078	3.31666e-06	1.15853e-05
271	278	272	137	137	101	54	0.321178	1.13576	3.40529e-06	1.06025e-05
272	338	329	188	190	135	73	0.208983	1.5655	3.05195e-06	1.46038e-05
273	292	287	136	138	104	47	0.330767	1.10634	3.40261e-06	1.0287e-05
274	304	299	139	141	103	76	0.279968	1.27308	3.35884e-06	1.19972e-05
275	297	290	126	127	105	25	0.396508	0.92506	3.36919e-06	8.49718e-06
276	293	288	151	154	116	54	0.288656	1.24252	3.33747e-06	1.15621e-05
277	311	306	174	178	125	69	0.229985	1.46974	3.15399e-06	1.37139e-05
278	294	281	153	154	113	55	0.287187	1.24762	3.33576e-06	1.16153e-05
279	337	331	153	157	116	57	0.278967	1.27666	3.31717e-06	1.18909e-05
280	308	306	131	136	104	43	0.341851	1.07338	3.40538e-06	9.9616e-06
281	328	322	121	123	95	40	0.37665	0.97644	3.4156e-06	9.06838e-06
282	293	288	133	135	103	52	0.328572	1.113	3.41168e-06	1.03834e-05
283	289	283	123	125	100	30	0.39141	0.938	3.38567e-06	8.64995e-06
284	303	296	134	138	100	50	0.325745	1.12164	3.40287e-06	1.04464e-05
285	316	304	130	133	103	49	0.337854	1.08514	3.41607e-06	1.01111e-05
286	312	305	141	142	110	45	0.325869	1.12126	3.39117e-06	1.04066e-05
287	302	295	130	136	102	45	0.338382	1.08358	3.40678e-06	1.00679e-05
288	324	318	168	175	112	107	0.19307	1.6447	3.00487e-06	1.55636e-05
289	283	275	103	104	88	17	0.4772	0.73982	3.23246e-06	6.77381e-06
290	291	286	131	135	99	39	0.351094	1.0467	3.40303e-06	9.69262e-06
291	295	291	126	128	98	39	0.366873	1.00274	3.411e-06	9.29749e-06
292	298	294	110	117	86	43	0.385174	0.95406	3.42385e-06	8.8891e-06
293	304	296	130	131	101	41	0.356372	1.03178	3.41158e-06	9.5731e-06
294	327	322	159	163	114	71	0.250139	1.38574	3.24515e-06	1.29734e-05
295	314	308	126	128	98	38	0.368749	0.99764	3.40884e-06	9.24435e-06
296	265	258	150	155	123	44	0.301858	1.1978	3.34677e-06	1.10872e-05
297	327	319	161	162	124	51	0.278744	1.27746	3.30432e-06	1.18543e-05
298	285	277	126	127	95	39	0.369184	0.99646	3.41164e-06	9.24104e-06
299	314	309	120	120	94	32	0.399796	0.9168	3.38786e-06	8.47397e-06
300	296	290	119	121	89	45	0.371807	0.98938	3.42849e-06	9.22115e-06
301	307	303	126	129	107	27	0.387585	0.94782	3.37832e-06	8.71634e-06
302	289	280	113	116	90	39	0.395589	0.92738	3.41002e-06	8.62012e-06
303	313	304	124	128	98	43	0.359464	1.02314	3.41851e-06	9.51002e-06
304	289	283	131	135	102	46	0.338781	1.0824	3.40968e-06	1.00646e-05
305	321	311	155	159	122	52	0.282601	1.26372	3.31719e-06	1.17381e-05
306	303	300	142	147	107	51	0.306279	1.18326	3.37139e-06	1.10076e-05
307	287	278	120	122	91	40	0.379022	0.97016	3.41573e-06	9.01194e-06
308	303	293	151	153	118	69	0.269082	1.31274	3.31043e-06	1.23027e-05
309	298	291	105	106	84	36	0.427723	0.84928	3.3774e-06	7.89624e-06
310	316	311	132	136	103	52	0.326515	1.11928	3.40875e-06	1.04398e-05
311	307	295	155	156	122	44	0.299968	1.20408	3.34275e-06	1.11437e-05
312	275	273	111	113	90	32	0.417763	0.87284	3.37504e-06	8.07884e-06
313	317	310	148	150	115	49	0.303644	1.1919	3.36154e-06	1.10707e-05
314	339	327	142	147	104	57	0.297048	1.21386	3.36449e-06	1.13264e-05
315	332	324	129	132	103	43	0.350547	1.04826	3.41286e-06	9.73581e-06
316	289	280	111	116	89	36	0.401688	0.91208	3.39857e-06	8.46072e-06
317	262	255	130	130	97	41	0.358617	1.0255	3.41283e-06	9.51665e-06
318	299	294	134	136	107	40	0.347122	1.05808	3.40256e-06	9.8022e-06
319	309	303	142	148	108	51	0.304361	1.18954	3.36746e-06	1.1064e-05
320	308	306	127	130	103	33	0.373551	0.9847	3.39617e-06	9.09158e-06
321	289	283	124	125	107	21	0.409794	0.8921	3.34874e-06	8.17175e-06
322	319	315	155	160	115	64	0.26416	1.3312	3.28408e-06	1.24321e-05
323	276	269	141	141	114	33	0.348617	1.05378	3.38595e-06	9.71251e-06
324	336	327	142	143	113	36	0.339039	1.08164	3.38524e-06	9.9848e-06
325	291	282	119	122	100	28	0.402943	0.90896	3.37438e-06	8.37434e-06
326	299	293	133	138	101	49	0.327411	1.11654	3.40288e-06	1.03933e-05
327	301	295	152	159	110	68	0.260456	1.34532	3.27868e-06	1.25882e-05
328	304	294	139	140	106	49	0.323324	1.1291	3.3969e-06	1.05062e-05
329	316	309	146	147	105	67	0.282279	1.26486	3.34718e-06	1.18577e-05
330	298	294	134	137	107	61	0.309914	1.17146	3.40114e-06	1.09744e-05
331	275	267	101	103	75	41	0.424884	0.85594	3.39591e-06	7.99256e-06
332	290	285	121	125	89	42	0.368174	0.9992	3.41943e-06	9.28754e-06
333	339	331	159	164	117	61	0.261579	1.34102	3.26935e-06	1.24985e-05
334	293	289	144	147	106	56	0.298567	1.20876	3.36583e-06	1.12733e-05
335	294	285	148	153	119	43	0.307236	1.18014	3.35539e-06	1.09212e-05
336	302	297	149	150	115	46	0.308325	1.1766	3.36422e-06	1.09113e-05
337	372	366	179	183	121	96	0.194205	1.63884	2.99672e-06	1.54307e-05
338	311	310	137	142	116	32	0.348206	1.05496	3.38311e-06	9.71582e-06
339	307	303	146	150	107	60	0.287078	1.248	3.34594e-06	1.16551e-05
340	323	316	162	165	129	47	0.27918	1.2759	3.29742e-06	1.18111e-05
341	282	274	124	128	99	40	0.365007	1.00784	3.41304e-06	9.35062e-06
342	322	317	151	155	112	59	0.279627	1.2743	3.32315e-06	1.18842e-05
343	294	287	155	159	120	52	0.282601	1.26372	3.31719e-06	1.17381e-05
344	303	300	148	152	123	37	0.318778	1.14326	3.36182e-06	1.0546e-05
345	303	293	143	145	113	43	0.323066	1.1299	3.38238e-06	1.04696e-05
346	268	266	133	134	104	39	0.353306	1.04042	3.40452e-06	9.63617e-06
347	313	304	154	156	130	28	0.325472	1.12248	3.35026e-06	1.02936e-05
348	316	311	132	135	107	42	0.345764	1.062	3.40647e-06	9.85202e-06
349	325	319	133	139	110	36	0.347664	1.05652	3.39285e-06	9.75901e-06
350	284	277	145	148	116	40	0.321924	1.13344	3.37363e-06	1.04796e-05
351	305	299	154	161	119	71	0.2533	1.37318	3.25757e-06	1.28605e-05
352	296	285	150	152	117	52	0.295301	1.21976	3.34959e-06	1.1343e-05
353	280	278	146	147	103	75	0.270994	1.30566	3.32856e-06	1.22828e-05
354	305	296	134	136	102	49	0.331549	1.10398	3.40846e-06	1.02804e-05
355	307	301	164	165	128	42	0.28639	1.2504	3.3065e-06	1.15454e-05
356	320	314	142	144	115	36	0.336917	1.08792	3.38306e-06	1.00412e-05
357	302	295	138	143	115	35	0.340773	1.07654	3.38444e-06	9.93167e-06
358	307	299	141	143	104	62	0.296936	1.21424	3.37505e-06	1.13663e-05
359	302	294	145	146	115	45	0.317785	1.14638	3.3788e-06	1.06323e-05
360	317	312	139	140	110	40	0.338511	1.0832	3.39458e-06	1.0028e-05
361	297	289	119	120	95	32	0.399796	0.9168	3.38786e-06	8.47397e-06
362	322	313	159	162	129	42	0.291837	1.23156	3.31997e-06	1.13761e-05
363	306	303	147	149	120	35	0.328171	1.11422	3.37043e-06	1.02704e-05
364	283	274	144	150	111	49	0.303644	1.1919	3.36154e-06	1.10707e-05
365	316	309	133	136	105	44	0.340112	1.07848	3.40613e-06	1.00147e-05
366	323	320	151	154	114	56	0.285727	1.25272	3.33397e-06	1.16684e-05
367	331	328	180	182	138	60	0.234814	1.44896	3.16094e-06	1.34615e-05
368	288	283	125	128	97	40	0.365007	1.00784	3.41304e-06	9.35062e-06
369	305	301	157	157	115	51	0.287636	1.24606	3.32854e-06	1.15721e-05
370	299	293	156	158	123	57	0.277221	1.28294	3.31205e-06	1.19473e-05
371	311	306	114	116	95	22	0.431417	0.84068	3.32918e-06	7.71685e-06
372	308	299	146	149	110	58	0.291849	1.23152	3.35405e-06	1.14924e-05
373	294	287	164	165	123	68	0.250825	1.383	3.24239e-06	1.29269e-05
374	318	310	135	138	114	27	0.366286	1.00434	3.37876e-06	9.22437e-06
375	275	270	120	123	101	25	0.406594	0.89994	3.3631e-06	8.27138e-06
376	334	326	136	139	95	70	0.292316	1.22992	3.38079e-06	1.15655e-05
377	290	282	133	136	107	47	0.334948	1.09378	3.40781e-06	1.01741e-05
378	289	286	133	136	106	43	0.341851	1.07338	3.40538e-06	9.9616e-06
379	300	293	157	159	106	84	0.240047	1.42692	3.22584e-06	1.34384e-05
380	309	303	130	130	103	35	0.36976	0.9949	3.401e-06	9.19785e-06
381	309	302	140	140	103	48	0.324977	1.124	3.39701e-06	1.04531e-05
382	246	240	124	126	92	50	0.351242	1.04628	3.4313e-06	9.76906e-06
383	283	276	122	126	95	48	0.354843	1.03608	3.42877e-06	9.66279e-06
384	315	308	160	163	125	52	0.27559	1.28884	3.29713e-06	1.19639e-05
385	334	324	179	182	136	74	0.218633	1.52036	3.10575e-06	1.42053e-05
386	292	288	154	157	121	66	0.266452	1.32256	3.29577e-06	1.23691e-05
387	299	292	156	160	130	41	0.297037	1.2139	3.3298e-06	1.12101e-05
388	301	299	115	117	92	43	0.385174	0.95406	3.42385e-06	8.8891e-06
389	300	294	137	142	102	53	0.312841	1.16206	3.38858e-06	1.08316e-05
390	310	298	149	151	100	82	0.255003	1.36648	3.28457e-06	1.28805e-05
391	311	307	148	152	111	56	0.289338	1.24016	3.34344e-06	1.15555e-05
392	322	313	141	143	113	36	0.339039	1.08164	3.38524e-06	9.9848e-06
393	280	270	106	108	80	38	0.418098	0.87204	3.39303e-06	8.1154e-06
394	316	309	149	152	118	44	0.307598	1.17896	3.35833e-06	1.09179e-05
395	293	286	139	142	101	53	0.312841	1.16206	3.38858e-06	1.08316e-05
396	307	298	168	176	131	61	0.242591	1.41638	3.19635e-06	1.31759e-05
397	303	293	133	136	109	29	0.367152	1.00198	3.38431e-06	9.21774e-06
398	313	307	156	164	116	59	0.26426	1.33082	3.27479e-06	1.23923e-05
399	312	305	133	138	110	48	0.329085	1.11144	3.40279e-06	1.03402e-05
400	322	311	132	135	101	50	0.33194	1.1028	3.41138e-06	1.02771e-05
401	324	314	172	178	131	64	0.235925	1.44424	3.17277e-06	1.34482e-05
402	283	279	151	153	122	37	0.316782	1.14954	3.35866e-06	1.06024e-05
403	289	284	125	128	99	37	0.370634	0.99254	3.40658e-06	9.19122e-06
404	295	288	134	138	104	40	0.342789	1.07064	3.39879e-06	9.9151e-06
405	316	302	158	161	112	80	0.241936	1.41908	3.22712e-06	1.33387e-05
406	304	296	158	159	119	60	0.271303	1.30452	3.2999e-06	1.21632e-05
407	276	274	145	148	111	43	0.317036	1.14874	3.37294e-06	1.0639e-05
408	313	305	178	181	122	86	0.20695	1.57528	3.06005e-06	1.47865e-05
409	340	330	166	170	119	68	0.243071	1.4144	3.21077e-06	1.32091e-05
410	311	302	137	139	105	43	0.335471	1.09222	3.39864e-06	1.01309e-05
411	294	286	140	143	111	41	0.330503	1.10714	3.38781e-06	1.02505e-05
412	312	303	137	143	107	48	0.318912	1.14284	3.38761e-06	1.06224e-05
413	296	283	129	131	105	30	0.376936	0.97568	3.38814e-06	8.98863e-06
414	329	320	145	148	117	44	0.315423	1.15384	3.37254e-06	1.06921e-05
415	305	300	155	158	115	57	0.277221	1.28294	3.31205e-06	1.19473e-05
416	289	285	142	145	116	33	0.339969	1.0789	3.37872e-06	9.9383e-06
417	315	307	138	139	96	84	0.272172	1.30132	3.35028e-06	1.23094e-05
418	300	294	135	141	98	63	0.299159	1.20678	3.38244e-06	1.13065e-05
419	329	321	146	149	120	31	0.334935	1.09382	3.36871e-06	1.00578e-05
420	287	281	120	123	94	43	0.370931	0.99174	3.42287e-06	9.22778e-06
421	303	295	134	137	101	52	0.324471	1.12556	3.40572e-06	1.04962e-05
422	298	290	137	139	112	31	0.356643	1.03102	3.38574e-06	9.49335e-06
423	258	253	123	127	105	28	0.390487	0.94036	3.38028e-06	8.65657e-06
424	307	301	156	159	118	53	0.281163	1.26882	3.31526e-06	1.17912e-05
425	299	296	147	149	111	52	0.300917	1.20092	3.36233e-06	1.11736e-05
426	317	313	125	126	97	38	0.373409	0.98508	3.40977e-06	9.13146e-06
427	273	270	125	126	107	21	0.407229	0.89838	3.35076e-06	8.22819e-06
428	332	328	129	131	98	41	0.356372	1.03178	3.41158e-06	9.5731e-06
429	289	282	117	119	92	34	0.398232	0.92072	3.39445e-06	8.52379e-06
430	294	287	126	127	90	61	0.330001	1.10866	3.4353e-06	1.041e-05
431	299	292	125	129	101	30	0.3817	0.96312	3.38787e-06	8.87574e-06
432	315	308	133	136	104	41	0.345356	1.06318	3.4036e-06	9.85533e-06
433	308	302	145	146	117	40	0.325993	1.12088	3.37946e-06	1.03667e-05
434	307	299	130	133	101	39	0.355532	1.03414	3.4059e-06	9.57973e-06
435	319	317	157	163	124	49	0.279839	1.27354	3.30336e-06	1.18045e-05
436	303	298	145	146	112	45	0.317785	1.14638	3.3788e-06	1.06323e-05
437	303	294	141	143	114	39	0.333891	1.09694	3.38706e-06	1.01442e-05
438	322	317	157	162	117	60	0.266239	1.32336	3.2834e-06	1.23325e-05
439	303	297	136	138	107	48	0.329085	1.11144	3.40279e-06	1.03402e-05
440	301	296	126	127	99	32	0.382602	0.96076	3.39334e-06	8.86911e-06
441	286	282	141	148	111	50	0.305917	1.18444	3.36843e-06	1.10109e-05
442	310	303	100	103	84	24	0.463365	0.76924	3.28493e-06	7.0893e-06
443	316	308	145	146	111	39	0.32766	1.11578	3.37933e-06	1.03135e-05
444	321	317	113	116	92	31	0.412063	0.88658	3.37687e-06	8.19505e-06
445	276	271	153	155	118	49	0.294258	1.2233	3.34068e-06	1.13529e-05
446	289	287	104	106	83	39	0.421228	0.86458	3.39326e-06	8.05564e-06
447	292	287	150	151	104	68	0.273876	1.29508	3.32394e-06	1.21366e-05
448	320	313	120	121	102	23	0.415954	0.87718	3.34936e-06	8.05222e-06
449	302	299	168	171	121	70	0.239098	1.43088	3.19719e-06	1.33719e-05
450	305	296	131	131	102	41	0.356372	1.03178	3.41158e-06	9.5731e-06
451	311	305	141	148	104	61	0.289228	1.24054	3.35371e-06	1.15954e-05
452	304	295	143	144	112	41	0.328434	1.11342	3.38514e-06	1.03069e-05
453	323	316	134	137	95	59	0.313091	1.16126	3.40273e-06	1.08682e-05
454	281	273	144	146	115	42	0.322685	1.13108	3.37946e-06	1.04729e-05
455	295	293	114	116	96	21	0.433623	0.83558	3.32316e-06	7.66372e-06
456	294	286	140	144	100	68	0.286184	1.25112	3.36023e-06	1.17415e-05
457	322	314	146	148	116	43	0.317036	1.14874	3.37294e-06	1.0639e-05
458	303	298	132	133	103	38	0.35735	1.02904	3.40433e-06	9.52659e-06
459	284	279	143	146	119	37	0.331019	1.10558	3.3788e-06	1.02073e-05
460	313	311	146	149	115	43	0.315051	1.15502	3.36961e-06	1.06954e-05
461	262	259	124	124	96	41	0.372388	0.98782	3.41776e-06	9.17796e-06
462	325	317	133	135	100	57	0.320299	1.1385	3.41087e-06	1.0649e-05
463	299	289	153	159	118	59	0.27269	1.29942	3.30228e-06	1.211e-05
464	275	267	139	142	112	40	0.334285	1.09576	3.38995e-06	1.01409e-05
465	315	299	159	161	114	69	0.255897	1.36298	3.26378e-06	1.27543e-05
466	289	278	119	122	93	36	0.386834	0.94976	3.40391e-06	8.7994e-06
467	305	303	148	151	112	47	0.304836	1.18798	3.35956e-06	1.10208e-05
468	295	290	132	135	111	31	0.365715	1.0059	3.38929e-06	9.26756e-06
469	314	305	128	130	100	36	0.367879	1	3.40325e-06	9.25098e-06
470	304	296	140	143	105	52	0.312472	1.16324	3.38561e-06	1.08349e-05
471	327	320	167	170	132	51	0.265086	1.3277	3.26212e-06	1.23059e-05
472	286	283	125	130	96	63	0.320555	1.1377	3.42532e-06	1.06856e-05
473	290	282	170	173	123	75	0.230169	1.46894	3.16493e-06	1.37504e-05
474	297	293	121	122	94	37	0.384866	0.95486	3.40704e-06	8.85254e-06
475	304	301	143	146	108	49	0.311368	1.16678	3.37675e-06	1.08449e-05
476	306	297	139	143	101	56	0.306162	1.18364	3.38232e-06	1.10475e-05
477	336	325	147	150	113	47	0.306757	1.1817	3.3634e-06	1.09644e-05
478	316	310	149	151	107	77	0.261589	1.34098	3.29991e-06	1.26148e-05
479	271	262	126	128	96	47	0.352206	1.04354	3.42434e-06	9.72255e-06
480	330	323	157	158	115	64	0.267499	1.31864	3.29538e-06	1.23192e-05
481	288	278	133	138	104	49	0.327411	1.11654	3.40288e-06	1.03933e-05
482	299	289	128	133	97	56	0.326006	1.12084	3.41752e-06	1.0483e-05
483	298	292	122	126	101	32	0.385012	0.95448	3.39298e-06	8.81266e-06
484	271	264	151	152	119	58	0.286402	1.25036	3.33995e-06	1.16618e-05
485	307	301	133	134	107	37	0.356928	1.03022	3.40149e-06	9.52991e-06
486	312	301	139	143	106	49	0.31729	1.14794	3.38724e-06	1.06755e-05
487	318	311	161	166	122	68	0.249255	1.38928	3.23616e-06	1.29834e-05
488	274	266	126	127	102	31	0.384558	0.95566	3.39026e-06	8.81597e-06
489	333	322	153	156	117	51	0.289448	1.23978	3.33317e-06	1.15156e-05
490	330	325	132	132	102	40	0.355952	1.03296	3.40874e-06	9.57641e-06
491	307	296	161	165	122	58	0.263949	1.332	3.2718e-06	1.23956e-05
492	290	283	149	153	114	51	0.294953	1.22094	3.34662e-06	1.13463e-05
493	293	289	169	170	134	47	0.27055	1.3073	3.27185e-06	1.20934e-05
494	309	303	127	129	101	36	0.370197	0.99372	3.40379e-06	9.19454e-06
495	322	312	158	164	119	64	0.257607	1.35632	3.26077e-06	1.26579e-05
496	319	314	139	140	114	33	0.350814	1.0475	3.38748e-06	9.65606e-06
497	284	276	152	155	115	59	0.279627	1.2743	3.32315e-06	1.18842e-05
498	330	325	130	133	97	48	0.339582	1.08004	3.41549e-06	1.00579e-05
499	291	287	130	134	102	46	0.340916	1.07612	3.41192e-06	1.00081e-05
500	317	306	144	144	114	36	0.336917	1.08792	3.38306e-06	1.00412e-05
501	301	295	141	144	110	47	0.318536	1.14402	3.38467e-06	1.06257e-05
502	276	269	163	165	122	59	0.262606	1.3371	3.26911e-06	1.24487e-05
503	310	304	136	137	106	45	0.336264	1.08986	3.40444e-06	1.01243e-05
504	341	334	159	161	117	75	0.248185	1.39358	3.24454e-06	1.30731e-05
505	321	318	138	139	112	33	0.353024	1.04122	3.38889e-06	9.59961e-06
506	280	274	127	130	104	32	0.375461	0.9796	3.39359e-06	9.03845e-06
507	308	303	164	165	114	66	0.253396	1.3728	3.24871e-06	1.28206e-05
508	293	287	123	124	97	40	0.374292	0.98272	3.41535e-06	9.12483e-06
509	330	324	196	201	142	93	0.176122	1.73658	2.86856e-06	1.62874e-05
510	303	296	144	150	107	66	0.278427	1.2786	3.33386e-06	1.19739e-05
511	290	284	148	156	119	55	0.283603	1.26018	3.32614e-06	1.17282e-05
512	312	303	127	129	99	34	0.373992	0.98352	3.39894e-06	9.08827e-06
513	313	304	148	150	114	50	0.302099	1.197	3.36049e-06	1.11238e-05
514	324	315	162	163	115	70	0.251418	1.38064	3.24839e-06	1.29203e-05
515	283	278	145	148	104	65	0.283388	1.26094	3.34621e-06	1.18079e-05
516	346	336	161	166	123	64	0.254392	1.36888	3.24879e-06	1.27708e-05
517	299	294	147	152	118	50	0.298329	1.20956	3.35223e-06	1.12367e-05
518	311	302	147	150	109	58	0.290022	1.2378	3.34942e-06	1.15489e-05
519	317	315	152	154	120	39	0.311605	1.16602	3.35446e-06	1.07651e-05
520	299	293	137	139	111	38	0.344135	1.06672	3.39499e-06	9.86528e-06
521	313	308	138	141	106	46	0.326254	1.12008	3.3941e-06	1.04032e-05
522	270	261	131	133	102	41	0.351924	1.04434	3.40873e-06	9.68599e-06
523	341	334	150	155	120	45	0.300322	1.2029	3.3457e-06	1.11404e-05
524	285	280	126	128	99	38	0.368749	0.99764	3.40884e-06	9.24435e-06
525	295	288	137	140	98	65	0.297989	1.2107	3.38405e-06	1.13563e-05
526	296	291	139	140	104	55	0.31358	1.1597	3.3945e-06	1.0825e-05
527	305	299	113	117	91	31	0.409483	0.89286	3.37885e-06	8.2515e-06
528	305	296	148	151	110	60	0.285281	1.25428	3.34109e-06	1.17116e-05
529	307	300	131	141	92	70	0.288667	1.24248	3.37118e-06	1.16784e-05
530	315	311	140	144	117	33	0.342111	1.07262	3.38069e-06	9.88185e-06
531	298	293	132	135	104	42	0.345764	1.062	3.40647e-06	9.85202e-06
532	329	324	165	167	130	49	0.272897	1.29866	3.28303e-06	1.20303e-05
533	287	282	150	154	114	64	0.274304	1.29352	3.31728e-06	1.20935e-05
534	303	298	148	151	111	49	0.301743	1.19818	3.35753e-06	1.11271e-05
535	298	293	163	163	120	54	0.272794	1.29904	3.29266e-06	1.20702e-05
536	318	307	134	135	106	34	0.360162	1.0212	3.39524e-06	9.42695e-06
537	307	304	173	176	133	49	0.257901	1.35518	3.23364e-06	1.25383e-05
538	317	305	147	151	110	51	0.298681	1.20838	3.35519e-06	1.12334e-05
539	317	314	166	171	116	109	0.195973	1.62978	3.02661e-06	1.54441e-05
540	272	262	125	127	104	26	0.394491	0.93016	3.37302e-06	8.55031e-06
541	332	324	144	145	108	45	0.319787	1.1401	3.38203e-06	1.05759e-05
542	289	282	131	134	103	51	0.332332	1.10162	3.41431e-06	1.02738e-05
543	312	310	146	147	103	68	0.280843	1.26996	3.34508e-06	1.19109e-05
544	295	284	123	124	101	31	0.391872	0.93682	3.38837e-06	8.64663e-06
545	299	291	145	146	112	51	0.308208	1.17698	3.37523e-06	1.09511e-05
546	307	302	170	172	119	67	0.241265	1.42186	3.20132e-06	1.32689e-05
547	320	312	145	148	107	62	0.287757	1.24564	3.35193e-06	1.16485e-05
548	318	308	150	152	116	46	0.304477	1.18916	3.3566e-06	1.10242e-05
549	290	283	142	144	118	29	0.349162	1.05222	3.37616e-06	9.66932e-06
550	305	302	138	141	106	47	0.324594	1.12518	3.39408e-06	1.04564e-05
551	290	284	125	129	108	28	0.385613	0.95292	3.38163e-06	8.76947e-06
552	323	320	131	133	102	45	0.344817	1.06474	3.41318e-06	9.89852e-06
553	300	295	150	153	122	37	0.316782	1.14954	3.35866e-06	1.06024e-05
554	318	307	118	125	96	39	0.37385	0.9839	3.41256e-06	9.12814e-06
555	309	302	145	146	116	35	0.334413	1.09538	3.3779e-06	1.0101e-05
556	305	296	125	126	90	48	0.354843	1.03608	3.42877e-06	9.66279e-06
557	320	308	128	131	98	44	0.350961	1.04708	3.41573e-06	9.7325e-06
558	279	275	129	130	106	33	0.373551	0.9847	3.39617e-06	9.09158e-06
559	277	273	114	116	85	48	0.377842	0.97328	3.43772e-06	9.09832e-06
560	292	287	127	129	97	39	0.364576	1.00902	3.41022e-06	9.35394e-06
561	318	311	132	133	105	35	0.362859	1.01374	3.39897e-06	9.36719e-06
562	302	294	164	167	125	53	0.267387	1.31906	3.27356e-06	1.22428e-05
563	295	289	119	119	89	38	0.390191	0.94112	3.40883e-06	8.73633e-06
564	311	304	146	152	120	37	0.318778	1.14326	3.36182e-06	1.0546e-05
565	276	274	134	137	102	49	0.329473	1.11026	3.40572e-06	1.03368e-05
566	322	315	145	147	109	48	0.311001	1.16796	3.3738e-06	1.08482e-05
567	281	273	153	156	122	50	0.290928	1.23468	3.33476e-06	1.14625e-05
568	343	336	138	143	107	43	0.327149	1.11734	3.38819e-06	1.03567e-05
569	294	291	153	155	113	64	0.272586	1.2998	3.3119e-06	1.21499e-05
570	317	309	153	154	120	38	0.313198	1.16092	3.35497e-06	1.0712e-05
571	323	312	164	165	119	71	0.247017	1.3983	3.23254e-06	1.30863e-05
572	304	297	138	142	104	55	0.309666	1.17226	3.38709e-06	1.09379e-05
573	312	302	139	142	116	38	0.337713	1.08556	3.38882e-06	1.00346e-05
574	304	301	152	154	122	39	0.311605	1.16602	3.35446e-06	1.07651e-05
575	316	310	146	148	114	43	0.317036	1.14874	3.37294e-06	1.0639e-05
576	284	277	139	143	114	38	0.335598	1.09184	3.38655e-06	1.00911e-05
577	299	292	138	142	105	51	0.316048	1.15186	3.38973e-06	1.07254e-05
578	295	286	117	120	97	26	0.412219	0.8862	3.36172e-06	8.15518e-06
579	278	270	149	149	109	59	0.290364	1.23662	3.35241e-06	1.15456e-05
580	304	298	120	123	88	49	0.359752	1.02234	3.4344e-06	9.54658e-06
581	312	304	149	151	109	56	0.291161	1.23388	3.34807e-06	1.1499e-05
582	314	307	130	131	109	25	0.386671	0.95018	3.37292e-06	8.72297e-06
583	266	257	125	130	102	42	0.356793	1.0306	3.41443e-06	9.56978e-06
584	327	319	164	165	130	43	0.284933	1.2555	3.30482e-06	1.15986e-05
585	286	280	134	135	104	41	0.347531	1.0569	3.40542e-06	9.79889e-06
586	308	297	168	172	125	64	0.244985	1.40656	3.21163e-06	1.31095e-05
587	297	292	117	121	102	27	0.407555	0.89758	3.36834e-06	8.26476e-06
588	306	303	151	157	109	66	0.266452	1.32256	3.29577e-06	1.23691e-05
589	306	299	137	140	113	30	0.356222	1.0322	3.38292e-06	9.49666e-06
590	323	317	157	159	132	35	0.308196	1.17702	3.33925e-06	1.08348e-05
591	316	312	141	146	112	44	0.31941	1.14128	3.3791e-06	1.05792e-05
592	270	267	127	129	94	47	0.350001	1.04982	3.42266e-06	9.779e-06
593	330	323	166	170	126	65	0.246819	1.3991	3.22093e-06	1.30498e-05
594	288	281	132	136	109	32	0.361577	1.01728	3.39056e-06	9.37714e-06
595	302	295	130	132	105	43	0.350547	1.04826	3.41286e-06	9.73581e-06
596	298	293	120	122	96	34	0.3908	0.93956	3.39728e-06	8.69314e-06
597	297	290	145	147	115	45	0.315796	1.15266	3.37547e-06	1.06888e-05
598	311	306	143	144	117	35	0.338639	1.08282	3.38237e-06	9.98812e-06
599	331	328	166	172	126	80	0.225788	1.48816	3.15192e-06	1.39596e-05
600	312	306	123	128	102	38	0.368749	0.99764	3.40884e-06	9.24435e-06
601	288	279	127	130	97	43	0.354978	1.0357	3.41592e-06	9.62292e-06
602	301	287	119	122	94	39	0.38096	0.96506	3.41295e-06	8.9588e-06
603	289	286	144	145	116	49	0.313329	1.1605	3.38033e-06	1.07884e-05
604	331	326	155	158	122	55	0.280063	1.27274	3.31624e-06	1.1841e-05
605	300	294	168	173	122	76	0.228998	1.47404	3.16099e-06	1.38036e-05
606	305	298	131	132	97	48	0.341721	1.07376	3.41772e-06	1.00015e-05
607	309	300	147	151	121	35	0.324075	1.12678	3.36495e-06	1.03832e-05
608	287	282	108	110	88	26	0.438937	0.8234	3.33184e-06	7.5907e-06
609	319	310	158	164	118	73	0.24605	1.40222	3.23215e-06	1.31361e-05
610	277	269	133	136	107	39	0.348896	1.05298	3.40142e-06	9.74907e-06
611	285	278	123	125	98	32	0.387438	0.9482	3.39249e-06	8.75621e-06
612	291	285	114	118	85	47	0.375033	0.98074	3.43459e-06	9.15808e-06
613	280	276	96	96	86	13	0.512128	0.66918	3.12895e-06	6.1097e-06
614	301	295	139	140	97	55	0.31358	1.1597	3.3945e-06	1.0825e-05
615	300	293	137	142	107	47	0.322562	1.13146	3.39104e-06	1.05128e-05
616	310	304	153	155	115	57	0.282493	1.2641	3.3272e-06	1.1778e-05
617	310	302	149	152	115	54	0.292304	1.22996	3.34666e-06	1.14492e-05
618	321	315	159	161	118	72	0.252012	1.37828	3.25439e-06	1.29137e-05
619	280	269	146	148	98	82	0.259853	1.34764	3.30303e-06	1.27112e-05
620	341	337	152	153	109	70	0.267713	1.31784	3.30781e-06	1.23558e-05
621	293	292	139	140	106	43	0.333371	1.0985	3.39618e-06	1.01874e-05
622	285	279	124	127	98	39	0.369184	0.99646	3.41164e-06	9.24104e-06
623	302	296	138	139	111	36	0.347664	1.05652	3.39285e-06	9.75901e-06
624	308	304	151	154	119	46	0.300677	1.20172	3.34865e-06	1.11371e-05
625	290	282	155	158	118	58	0.275811	1.28804	3.30985e-06	1.20004e-05
626	305	297	143	145	110	52	0.308572	1.1758	3.37819e-06	1.09478e-05
627	315	310	126	127	89	68	0.318428	1.14436	3.43326e-06	1.07819e-05
628	306	297	123	125	92	67	0.324101	1.1267	3.44062e-06	1.06159e-05
629	304	298	115	116	86	43	0.387601	0.94778	3.42354e-06	8.83265e-06
630	294	290	156	157	125	41	0.302686	1.19506	3.34187e-06	1.10407e-05
631	309	303	132	137	104	46	0.334553	1.09496	3.4049e-06	1.01774e-05
632	304	298	156	163	121	58	0.267285	1.31944	3.28298e-06	1.22827e-05
633	317	308	154	157	124	40	0.304233	1.18996	3.3428e-06	1.09876e-05
634	313	309	145	146	112	43	0.321043	1.13618	3.37932e-06	1.05261e-05
635	277	272	144	150	110	53	0.297512	1.2123	3.35689e-06	1.12832e-05
636	326	318	144	145	114	34	0.33824	1.084	3.3795e-06	9.99143e-06
637	284	274	140	143	111	45	0.323829	1.12754	3.38822e-06	1.0463e-05
638	312	306	111	114	93	39	0.400589	0.91482	3.4079e-06	8.50722e-06
639	296	290	153	154	110	75	0.259339	1.34962	3.28788e-06	1.26779e-05
640	306	301	135	141	105	47	0.324594	1.12518	3.39408e-06	1.04564e-05
641	305	298	149	152	122	37	0.318778	1.14326	3.36182e-06	1.0546e-05
642	306	300	132	133	104	43	0.348353	1.05454	3.41116e-06	9.79226e-06
643	315	312	145	154	110	79	0.254102	1.37002	3.27549e-06	1.28905e-05
644	268	264	129	133	101	46	0.343063	1.06984	3.41405e-06	9.95166e-06
645	328	322	153	155	114	60	0.278204	1.2794	3.32103e-06	1.19374e-05
646	287	277	165	168	129	51	0.268437	1.31514	3.27305e-06	1.2193e-05
647	323	316	141	143	114	37	0.337314	1.08674	3.38594e-06	1.00379e-05
648	297	293	148	151	111	62	0.282386	1.26448	3.3372e-06	1.18178e-05
649	285	280	139	147	113	41	0.322304	1.13226	3.37654e-06	1.04763e-05
650	306	303	131	140	103	52	0.318415	1.1444	3.39608e-06	1.06656e-05
651	295	287	102	104	84	27	0.453473	0.79082	3.31269e-06	7.30515e-06
652	317	311	113	113	88	31	0.419899	0.86774	3.36999e-06	8.02571e-06
653	300	287	140	143	103	60	0.29998	1.20404	3.37777e-06	1.126e-05
654	278	271	138	139	104	54	0.317169	1.14832	3.3986e-06	1.07154e-05
655	315	306	140	147	109	51	0.306279	1.18326	3.37139e-06	1.10076e-05
656	306	304	129	132	109	28	0.378416	0.97176	3.38259e-06	8.93881e-06
657	299	289	159	166	117	71	0.24547	1.40458	3.22615e-06	1.31428e-05
658	295	290	137	141	108	45	0.327922	1.11498	3.39403e-06	1.03501e-05
659	308	303	156	162	122	53	0.275916	1.28766	3.30011e-06	1.19606e-05
660	318	307	136	138	110	39	0.344542	1.06554	3.39786e-06	9.86196e-06
661	318	305	135	138	110	39	0.344542	1.06554	3.39786e-06	9.86196e-06
662	308	303	163	167	126	53	0.267387	1.31906	3.27356e-06	1.22428e-05
663	291	289	133	134	99	50	0.334031	1.09652	3.41402e-06	1.02206e-05
664	290	280	146	152	113	59	0.284945	1.25546	3.3381e-06	1.17149e-05
665	293	289	140	143	117	31	0.347796	1.05614	3.38027e-06	9.71914e-06
666	300	295	137	139	108	37	0.345895	1.06162	3.39397e-06	9.81214e-06
667	287	283	141	143	109	47	0.320543	1.13774	3.3879e-06	1.05693e-05
668	309	305	134	134	108	30	0.369901	0.99452	3.38754e-06	9.15797e-06
669	307	302	114	115	86	46	0.38412	0.9568	3.43234e-06	8.9356e-06
670	320	316	173	174	134	54	0.254585	1.36812	3.23096e-06	1.26911e-05
671	278	270	102	108	86	33	0.428896	0.84654	3.36672e-06	7.84974e-06
672	338	333	149	152	114	49	0.299854	1.20446	3.35343e-06	1.11836e-05
673	292	288	136	138	103	51	0.324088	1.12674	3.40278e-06	1.04996e-05
674	316	310	150	152	116	50	0.298329	1.20956	3.35223e-06	1.12367e-05
675	302	293	132	136	101	48	0.333244	1.09888	3.40818e-06	1.02273e-05
676	312	306	149	155	114	59	0.279627	1.2743	3.32315e-06	1.18842e-05
677	311	307	127	137	99	52	0.324471	1.12556	3.40572e-06	1.04962e-05
678	267	262	106	107	98	10	0.485314	0.72296	3.1891e-06	6.57123e-06
679	291	287	139	142	107	45	0.325869	1.12126	3.39117e-06	1.04066e-05
680	331	326	124	129	94	51	0.342933	1.07022	3.42643e-06	9.99153e-06
681	308	303	150	154	116	49	0.296111	1.21702	3.34501e-06	1.12965e-05
682	294	288	129	132	98	52	0.334821	1.09416	3.41986e-06	1.0214e-05
683	309	304	142	146	118	34	0.336122	1.09028	3.37732e-06	1.00479e-05
684	303	291	134	141	96	72	0.285738	1.25268	3.36734e-06	1.17847e-05
685	323	318	171	180	124	78	0.216926	1.5282	3.10311e-06	1.4305e-05
686	312	306	145	147	113	43	0.319033	1.14246	3.37618e-06	1.05825e-05
687	285	278	99	101	82	28	0.459747	0.77708	3.30509e-06	7.18894e-06
688	324	317	144	148	108	54	0.29974	1.20484	3.36411e-06	1.12234e-05
689	283	277	103	104	86	22	0.465185	0.76532	3.27466e-06	7.03948e-06
690	307	298	147	150	115	41	0.316289	1.1511	3.36708e-06	1.06456e-05
691	295	289	134	138	107	35	0.351643	1.04514	3.39315e-06	9.64943e-06
692	268	267	145	148	104	57	0.295189	1.22014	3.36009e-06	1.13828e-05
693	304	296	162	164	125	60	0.262916	1.33592	3.2721e-06	1.24454e-05
694	301	294	128	133	97	57	0.324347	1.12594	3.41736e-06	1.05361e-05
695	314	307	148	150	109	66	0.278427	1.2786	3.33386e-06	1.19739e-05
696	296	291	134	139	107	45	0.332067	1.10242	3.39943e-06	1.02372e-05
697	327	322	166	169	119	75	0.236024	1.44382	3.19214e-06	1.35246e-05
698	285	283	124	127	98	41	0.365438	1.00666	3.41586e-06	9.34731e-06
699	332	329	161	163	128	43	0.288535	1.24294	3.31402e-06	1.14857e-05
700	297	286	119	122	91	48	0.363869	1.01096	3.43384e-06	9.437e-06
701	291	284	130	135	102	43	0.344005	1.0671	3.40742e-06	9.90515e-06
702	306	299	179	182	130	70	0.223139	1.49996	3.12234e-06	1.39928e-05
703	307	300	129	130	100	37	0.366008	1.0051	3.40538e-06	9.30412e-06
704	315	308	140	140	115	28	0.359874	1.022	3.37936e-06	9.39039e-06
705	304	302	135	139	103	48	0.327025	1.11772	3.39995e-06	1.03966e-05
706	285	281	132	135	103	37	0.354694	1.0365	3.40022e-06	9.58635e-06
707	287	283	144	148	111	54	0.29974	1.20484	3.36411e-06	1.12234e-05
708	300	292	119	124	90	51	0.353872	1.03882	3.43585e-06	9.7093e-06
709	298	290	151	152	117	49	0.299854	1.20446	3.35343e-06	1.11836e-05
710	300	298	117	120	94	32	0.399796	0.9168	3.38786e-06	8.47397e-06
711	307	300	101	106	82	31	0.43877	0.82378	3.34807e-06	7.63057e-06
712	297	292	156	159	112	63	0.267183	1.31982	3.29238e-06	1.23226e-05
713	317	307	168	172	125	74	0.232804	1.45756	3.17564e-06	1.36408e-05
714	313	306	123	124	98	37	0.380062	0.96742	3.40742e-06	8.96543e-06
715	296	288	153	156	107	76	0.254799	1.36728	3.27263e-06	1.28439e-05
716	289	282	125	125	98	35	0.381555	0.9635	3.4018e-06	8.91561e-06
717	325	313	178	181	136	65	0.230344	1.46818	3.14896e-06	1.36707e-05
718	299	287	134	135	102	42	0.345764	1.062	3.40647e-06	9.85202e-06
719	300	293	111	113	90	37	0.407245	0.89834	3.39826e-06	8.34451e-06
720	308	300	138	140	104	68	0.293464	1.226	3.37945e-06	1.15157e-05
721	281	274	111	115	85	39	0.398081	0.9211	3.40903e-06	8.56367e-06
722	319	307	152	155	112	61	0.276789	1.2845	3.31884e-06	1.19905e-05
723	277	268	130	133	108	29	0.374134	0.98314	3.38532e-06	9.04839e-06
724	336	329	160	164	127	58	0.265612	1.32572	3.27742e-06	1.23391e-05
725	291	284	139	141	111	38	0.33984	1.07928	3.39098e-06	9.97817e-06
726	307	300	143	146	117	41	0.324334	1.12598	3.3795e-06	1.04198e-05
727	301	291	132	133	106	31	0.370338	0.99334	3.39032e-06	9.15466e-06
728	314	308	161	163	118	66	0.256599	1.36024	3.2608e-06	1.27078e-05
729	310	303	135	139	103	49	0.325361	1.12282	3.39994e-06	1.04497e-05
730	278	272	125	126	105	24	0.401046	0.91368	3.36381e-06	8.38759e-06
731	321	313	148	151	117	47	0.304836	1.18798	3.35956e-06	1.10208e-05
732	344	334	150	156	108	65	0.269502	1.31118	3.30395e-06	1.22595e-05
733	313	307	144	145	108	51	0.31015	1.1707	3.37899e-06	1.08947e-05
734	296	292	144	149	107	50	0.304002	1.19072	3.3645e-06	1.10674e-05
735	282	276	152	154	113	51	0.293106	1.22722	3.34221e-06	1.14027e-05
736	302	297	123	128	104	35	0.374434	0.98234	3.40172e-06	9.08495e-06
737	308	305	122	124	94	40	0.374292	0.98272	3.41535e-06	9.12483e-06
738	311	303	109	110	86	36	0.417112	0.8744	3.3878e-06	8.12203e-06
739	291	288	147	152	125	30	0.330364	1.10756	3.36113e-06	1.0174e-05
740	323	319	144	149	110	57	0.293341	1.22642	3.35561e-06	1.14393e-05
741	282	279	156	158	118	57	0.277221	1.28294	3.31205e-06	1.19473e-05
742	324	308	178	184	135	70	0.220354	1.51252	3.10824e-06	1.41057e-05
743	294	290	113	114	92	25	0.430237	0.84342	3.34008e-06	7.76336e-06
744	285	278	134	135	105	44	0.342255	1.0722	3.40827e-06	9.95829e-06
745	304	300	133	137	104	47	0.332851	1.10006	3.40526e-06	1.02306e-05
746	365	352	207	211	150	99	0.160417	1.82998	2.75446e-06	1.71706e-05
747	313	307	122	124	98	31	0.391872	0.93682	3.38837e-06	8.64663e-06
748	272	268	129	132	105	37	0.36144	1.01766	3.40368e-06	9.41701e-06
749	325	316	137	139	115	28	0.362142	1.01572	3.38021e-06	9.33395e-06
750	284	280	176	180	128	76	0.21915	1.518	3.11164e-06	1.41987e-05
751	306	303	135	136	104	54	0.323201	1.12948	3.4085e-06	1.05461e-05
752	296	292	140	142	109	53	0.312841	1.16206	3.38858e-06	1.08316e-05
753	296	290	137	142	104	49	0.319289	1.14166	3.39055e-06	1.06191e-05
754	305	301	94	94	79	16	0.510727	0.67192	3.14414e-06	6.15621e-06
755	279	276	132	137	105	37	0.350267	1.04906	3.39733e-06	9.69925e-06
756	314	309	118	122	99	26	0.407074	0.89876	3.36572e-06	8.26807e-06
757	268	262	130	134	106	37	0.356928	1.03022	3.40149e-06	9.52991e-06
758	328	323	151	153	117	51	0.294953	1.22094	3.34662e-06	1.13463e-05
759	317	310	145	149	104	61	0.287417	1.24682	3.34893e-06	1.16518e-05
760	339	328	120	121	101	23	0.415954	0.87718	3.34936e-06	8.05222e-06
761	324	320	164	167	131	47	0.275695	1.28846	3.28739e-06	1.1924e-05
762	304	298	138	139	98	65	0.299866	1.20442	3.38845e-06	1.12999e-05
763	306	296	150	153	125	32	0.324964	1.12404	3.35907e-06	1.03367e-05
764	293	285	115	119	93	29	0.408518	0.89522	3.37359e-06	8.25813e-06
765	316	307	170	174	122	72	0.232255	1.45992	3.16969e-06	1.36475e-05
766	318	306	166	169	125	60	0.254789	1.36732	3.24286e-06	1.27276e-05
767	300	292	127	130	100	41	0.358617	1.0255	3.41283e-06	9.51665e-06
768	288	282	134	139	105	53	0.318791	1.14322	3.39904e-06	1.06623e-05
769	324	317	152	154	110	56	0.285727	1.25272	3.33397e-06	1.16684e-05
770	299	292	109	110	90	24	0.443437	0.8132	3.31887e-06	7.48443e-06
771	313	304	182	187	131	90	0.195272	1.63336	2.99503e-06	1.53377e-05
772	308	299	150	151	112	73	0.26698	1.32058	3.31117e-06	1.24023e-05
773	268	264	128	132	98	54	0.331423	1.10436	3.42038e-06	1.03203e-05
774	318	308	150	151	121	37	0.320786	1.13698	3.36489e-06	1.04895e-05
775	275	266	104	105	82	28	0.448342	0.8022	3.32433e-06	7.41473e-06
776	334	325	169	176	127	67	0.23528	1.44698	3.17503e-06	1.34947e-05
777	290	285	137	140	103	60	0.305685	1.1852	3.39025e-06	1.10907e-05
778	291	288	141	147	109	48	0.311001	1.16796	3.3738e-06	1.08482e-05
779	300	294	115	117	97	23	0.426535	0.85206	3.33825e-06	7.82643e-06
780	321	309	154	160	118	68	0.258826	1.3516	3.27277e-06	1.26447e-05
781	309	304	134	134	108	35	0.360588	1.02002	3.39805e-06	9.42364e-06
782	286	279	125	128	100	44	0.357636	1.02824	3.42013e-06	9.56315e-06
783	320	308	148	152	116	54	0.292304	1.22996	3.34666e-06	1.14492e-05
784	278	271	126	128	99	33	0.378273	0.97214	3.39639e-06	8.97869e-06
785	338	332	175	177	136	58	0.244789	1.40736	3.20011e-06	1.3073e-05
786	300	291	105	110	85	34	0.421389	0.8642	3.37775e-06	8.01576e-06
787	313	304	153	156	111	57	0.280725	1.27038	3.32222e-06	1.18344e-05
788	308	304	142	145	107	50	0.311736	1.1656	3.3797e-06	1.08416e-05
789	298	286	140	144	111	41	0.328434	1.11342	3.38514e-06	1.03069e-05
790	311	301	121	123	95	43	0.370931	0.99174	3.42287e-06	9.22778e-06
791	296	287	129	131	100	43	0.352756	1.04198	3.41445e-06	9.67936e-06
792	322	316	173	176	138	49	0.257901	1.35518	3.23364e-06	1.25383e-05
793	281	274	116	118	88	40	0.388664	0.94504	3.41486e-06	8.78614e-06
794	332	327	133	135	105	39	0.351094	1.0467	3.40303e-06	9.69262e-06
795	293	285	150	152	106	66	0.274952	1.29116	3.32329e-06	1.20868e-05
796	291	287	121	122	95	30	0.398854	0.91916	3.38252e-06	8.4806e-06
797	303	291	147	151	109	68	0.273876	1.29508	3.32394e-06	1.21366e-05
798	264	256	121	127	96	45	0.358058	1.02706	3.42298e-06	9.55984e-06
799	312	306	166	169	123	91	0.21753	1.52542	3.12694e-06	1.43748e-05
800	304	294	143	146	103	66	0.285509	1.25348	3.35421e-06	1.17481e-05
801	324	315	154	158	126	35	0.310137	1.17074	3.34278e-06	1.07784e-05
802	283	277	102	106	86	28	0.445535	0.80848	3.32867e-06	7.47118e-06
803	323	310	153	155	121	48	0.295762	1.2182	3.34204e-06	1.12998e-05
804	295	286	161	167	115	78	0.235379	1.44656	3.19436e-06	1.35711e-05
805	300	291	148	152	111	61	0.282053	1.26566	3.33419e-06	1.18212e-05
806	304	298	134	134	105	38	0.355113	1.03532	3.40306e-06	9.58304e-06
807	300	296	136	138	107	40	0.342789	1.07064	3.39879e-06	9.9151e-06
808	314	308	138	142	110	42	0.330893	1.10596	3.39071e-06	1.02472e-05
809	265	260	151	154	115	69	0.267397	1.31902	3.30479e-06	1.23591e-05
810	327	319	129	131	101	38	0.361866	1.01648	3.4065e-06	9.4137e-06
811	285	282	125	127	92	51	0.347267	1.05766	3.43053e-06	9.87864e-06
812	354	352	160	165	125	66	0.253396	1.3728	3.24871e-06	1.28206e-05
813	333	331	156	160	122	53	0.279403	1.2751	3.31028e-06	1.18477e-05
814	309	302	145	148	106	67	0.280512	1.27114	3.34206e-06	1.19142e-05
815	305	298	136	141	102	76	0.279968	1.27308	3.35884e-06	1.19972e-05
816	324	320	132	134	108	33	0.364285	1.00982	3.39418e-06	9.31737e-06
817	315	307	127	130	106	27	0.385159	0.9541	3.37891e-06	8.77278e-06
818	291	281	122	122	94	38	0.382908	0.95996	3.41005e-06	8.90567e-06
819	304	298	142	146	120	35	0.334413	1.09538	3.3779e-06	1.0101e-05
820	287	279	121	125	102	25	0.401519	0.9125	3.36645e-06	8.38428e-06
821	298	293	151	152	113	57	0.287866	1.24526	3.34173e-06	1.16086e-05
822	298	292	134	137	110	35	0.353858	1.03886	3.39455e-06	9.59298e-06
823	318	312	145	148	119	38	0.325224	1.12324	3.37365e-06	1.03733e-05
824	307	300	133	133	97	61	0.317798	1.14634	3.4159e-06	1.07487e-05
825	279	272	118	121	87	45	0.371807	0.98938	3.42849e-06	9.22115e-06
826	317	314	156	159	115	63	0.267183	1.31982	3.29238e-06	1.23226e-05
827	273	268	109	112	91	26	0.433458	0.83596	3.33919e-06	7.70359e-06
828	332	328	150	153	114	49	0.297977	1.21074	3.34926e-06	1.124e-05
829	289	284	138	144	108	66	0.289118	1.24092	3.36396e-06	1.16352e-05
830	301	295	123	126	91	50	0.351242	1.04628	3.4313e-06	9.76906e-06
831	299	293	151	154	119	50	0.294605	1.22212	3.34365e-06	1.13496e-05
832	330	323	137	138	110	33	0.355248	1.03494	3.39019e-06	9.54316e-06
833	308	305	134	135	112	32	0.363855	1.011	3.39138e-06	9.32069e-06
834	291	279	137	139	101	50	0.323706	1.12792	3.39984e-06	1.05029e-05
835	319	309	142	144	105	54	0.307365	1.17972	3.38029e-06	1.09976e-05
836	276	268	127	128	105	25	0.394025	0.93134	3.37034e-06	8.55362e-06
837	336	330	167	169	125	56	0.26004	1.34692	3.25443e-06	1.25151e-05
838	291	288	127	130	106	36	0.367879	1	3.40325e-06	9.25098e-06
839	309	306	154	159	119	75	0.251322	1.38102	3.25717e-06	1.29602e-05
840	276	273	112	112	92	24	0.437902	0.82576	3.32689e-06	7.59733e-06
841	298	291	131	138	104	42	0.33931	1.08084	3.40035e-06	1.00214e-05
842	310	305	123	126	99	33	0.383054	0.95958	3.39608e-06	8.86579e-06
843	307	297	134	135	109	34	0.360162	1.0212	3.39524e-06	9.42695e-06
844	279	268	137	141	99	60	0.303771	1.19148	3.38617e-06	1.11471e-05
845	309	302	143	147	114	47	0.312591	1.16286	3.37444e-06	1.07951e-05
846	309	301	130	132	104	35	0.365145	1.00746	3.39977e-06	9.31075e-06
847	292	285	105	108	85	33	0.428896	0.84654	3.36672e-06	7.84974e-06
848	296	288	147	149	108	62	0.285955	1.25192	3.34709e-06	1.1705e-05
849	302	298	138	140	109	43	0.333371	1.0985	3.39618e-06	1.01874e-05
850	306	299	155	161	112	69	0.255897	1.36298	3.26378e-06	1.27543e-05
851	311	302	149	152	116	45	0.306034	1.18406	3.3575e-06	1.0971e-05
852	309	306	113	114	88	29	0.421549	0.86382	3.36223e-06	7.97589e-06
853	323	316	141	143	109	43	0.327149	1.11734	3.38819e-06	1.03567e-05
854	282	278	141	145	111	51	0.31015	1.1707	3.37899e-06	1.08947e-05
855	277	272	141	146	104	54	0.303528	1.19228	3.37237e-06	1.11105e-05
856	294	289	133	133	106	34	0.364715	1.00864	3.39697e-06	9.31406e-06
857	305	299	152	154	109	74	0.260665	1.34452	3.29084e-06	1.26248e-05
858	303	300	148	153	116	53	0.29196	1.23114	3.34368e-06	1.14525e-05
859	310	298	122	129	101	33	0.375905	0.97842	3.39635e-06	9.03514e-06
860	313	306	137	137	105	43	0.339711	1.07966	3.40324e-06	1.0018e-05
861	318	315	146	147	118	34	0.334018	1.09656	3.37503e-06	1.01043e-05
862	325	321	142	144	104	53	0.308936	1.17462	3.38116e-06	1.09445e-05
863	284	280	130	132	90	56	0.32806	1.11456	3.42053e-06	1.04265e-05
864	350	342	150	153	118	41	0.310386	1.16994	3.3568e-06	1.08149e-05
865	296	290	134	139	104	44	0.333764	1.09732	3.39908e-06	1.01841e-05
866	313	307	157	162	127	47	0.284489	1.25706	3.31196e-06	1.16418e-05
867	296	291	136	140	106	49	0.323324	1.1291	3.3969e-06	1.05062e-05
868	309	304	145	149	115	47	0.308689	1.17542	3.36717e-06	1.0908e-05
869	314	306	141	145	105	58	0.299273	1.2064	3.37179e-06	1.12666e-05
870	292	284	129	131	102	43	0.352756	1.04198	3.41445e-06	9.67936e-06
871	309	304	137	140	108	41	0.336789	1.0883	3.39521e-06	1.00811e-05
872	286	279	130	134	105	37	0.356928	1.03022	3.40149e-06	9.52991e-06
873	334	331	138	138	111	34	0.353441	1.04004	3.39172e-06	9.5963e-06
874	297	291	146	150	109	72	0.270036	1.3092	3.31948e-06	1.22927e-05
875	325	316	164	167	131	45	0.278522	1.27826	3.2915e-06	1.18177e-05
876	306	298	123	126	100	40	0.36962	0.99528	3.41445e-06	9.23773e-06
877	286	280	148	151	114	43	0.311119	1.16758	3.36267e-06	1.08083e-05
878	316	311	166	171	124	75	0.233078	1.45638	3.17861e-06	1.36375e-05
879	314	312	144	147	109	53	0.30317	1.19346	3.36939e-06	1.11139e-05
880	331	323	156	158	114	72	0.256805	1.35944	3.2728e-06	1.27443e-05
881	288	283	153	156	118	54	0.285053	1.25508	3.328e-06	1.1675e-05
882	314	305	135	135	107	33	0.362004	1.0161	3.39336e-06	9.37382e-06
883	298	294	166	170	116	87	0.220623	1.5113	3.13697e-06	1.42187e-05
884	290	283	135	138	108	36	0.349854	1.05024	3.39448e-06	9.70256e-06
885	307	300	129	133	105	38	0.35735	1.02904	3.40433e-06	9.52659e-06
886	296	293	137	138	106	59	0.311131	1.16754	3.39899e-06	1.09246e-05
887	318	311	127	129	103	29	0.383652	0.95802	3.38481e-06	8.8226e-06
888	275	271	158	160	122	44	0.292527	1.2292	3.32587e-06	1.13695e-05
889	334	325	155	158	114	55	0.280063	1.27274	3.31624e-06	1.1841e-05
890	290	281	130	132	110	23	0.38819	0.94626	3.36683e-06	8.67315e-06
891	292	281	144	149	106	60	0.288887	1.24172	3.35071e-06	1.15987e-05
892	300	291	117	124	94	44	0.366733	1.00312	3.42432e-06	9.33736e-06
893	303	292	150	153	116	44	0.305673	1.18524	3.35456e-06	1.09743e-05
894	325	315	136	139	115	27	0.363993	1.01062	3.37815e-06	9.28081e-06
895	305	296	132	136	99	61	0.311867	1.16518	3.40496e-06	1.0918e-05
896	286	281	126	129	103	36	0.370197	0.99372	3.40379e-06	9.19454e-06
897	282	276	121	124	96	33	0.387895	0.94702	3.39521e-06	8.7529e-06
898	299	293	163	165	128	54	0.269389	1.3116	3.28198e-06	1.2183e-05
899	292	286	130	132	105	29	0.376491	0.97686	3.38539e-06	8.99195e-06
900	301	298	128	130	100	37	0.366008	1.0051	3.40538e-06	9.30412e-06
901	301	294	151	151	115	46	0.306395	1.18288	3.36045e-06	1.09677e-05
902	310	304	140	141	108	41	0.33468	1.09458	3.39284e-06	1.01376e-05
903	310	300	127	133	105	39	0.355532	1.03414	3.4059e-06	9.57973e-06
904	313	307	143	145	102	61	0.294729	1.2217	3.36758e-06	1.1426e-05
905	322	311	151	156	116	56	0.28216	1.26528	3.32421e-06	1.17813e-05
906	280	276	147	150	114	47	0.306757	1.1817	3.3634e-06	1.09644e-05
907	310	302	148	156	111	71	0.26138	1.34178	3.28771e-06	1.25783e-05
908	293	290	139	143	99	64	0.293922	1.22444	3.37203e-06	1.14725e-05
909	309	302	147	148	129	20	0.356493	1.03144	3.35706e-06	9.41691e-06
910	303	295	184	186	145	55	0.234904	1.44858	3.15278e-06	1.34216e-05
911	327	321	181	186	124	107	0.180183	1.71378	2.91618e-06	1.61845e-05
912	312	302	126	133	97	50	0.336136	1.09024	3.41655e-06	1.01642e-05
913	310	303	129	130	103	34	0.371651	0.9898	3.39864e-06	9.14472e-06
914	324	319	153	156	113	57	0.280725	1.27038	3.32222e-06	1.18344e-05
915	283	273	85	87	69	24	0.512343	0.66876	3.16943e-06	6.18614e-06
916	347	342	147	150	111	51	0.300562	1.2021	3.35937e-06	1.11769e-05
917	295	289	120	123	92	48	0.361592	1.01724	3.43275e-06	9.49345e-06
918	319	311	135	136	102	42	0.343599	1.06828	3.40454e-06	9.90847e-06
919	304	296	145	147	118	38	0.327273	1.11696	3.37643e-06	1.03169e-05
920	280	277	131	134	99	46	0.340916	1.07612	3.41192e-06	1.00081e-05
921	309	303	145	149	104	64	0.283053	1.26212	3.3432e-06	1.18112e-05
922	346	337	156	161	124	50	0.281935	1.26608	3.31124e-06	1.17447e-05
923	313	299	156	159	120	50	0.285498	1.25352	3.32086e-06	1.16318e-05
924	296	286	137	140	108	47	0.326639	1.1189	3.39702e-06	1.03999e-05
925	310	303	153	158	124	41	0.300791	1.20134	3.33793e-06	1.10972e-05
926	296	289	136	140	100	68	0.293464	1.226	3.37945e-06	1.15157e-05
927	297	292	135	139	113	38	0.344135	1.06672	3.39499e-06	9.86528e-06
928	305	299	144	147	112	48	0.311001	1.16796	3.3738e-06	1.08482e-05
929	292	288	142	145	110	53	0.307002	1.1809	3.37732e-06	1.1001e-05
930	315	311	160	162	118	72	0.250434	1.38456	3.24815e-06	1.29701e-05
931	281	272	131	134	108	34	0.362431	1.01492	3.39617e-06	9.37051e-06
932	329	321	162	164	112	73	0.24605	1.40222	3.23215e-06	1.31361e-05
933	287	281	153	157	118	50	0.289107	1.24096	3.3302e-06	1.15189e-05
934	296	288	134	135	102	46	0.338781	1.0824	3.40968e-06	1.00646e-05
935	298	290	148	149	117	41	0.318281	1.14482	3.37033e-06	1.05892e-05
936	320	314	157	159	120	57	0.275486	1.28922	3.30686e-06	1.20038e-05
937	307	300	142	144	109	43	0.325101	1.12362	3.38533e-06	1.04132e-05
938	301	297	129	138	104	53	0.320799	1.13694	3.40234e-06	1.06058e-05
939	317	308	146	153	116	48	0.2995	1.20564	3.35047e-06	1.11869e-05
940	273	265	120	121	93	42	0.37754	0.97408	3.42117e-06	9.06175e-06
941	332	328	143	148	112	56	0.296698	1.21504	3.3615e-06	1.13297e-05
942	289	287	131	135	96	58	0.31867	1.1436	3.41045e-06	1.07022e-05
943	297	292	143	144	107	48	0.316916	1.14912	3.38429e-06	1.06788e-05
944	299	291	129	129	101	35	0.37209	0.98862	3.40142e-06	9.1414e-06
945	308	302	128	131	105	35	0.367446	1.00118	3.40045e-06	9.2543e-06
946	308	301	111	116	95	36	0.401688	0.91208	3.39857e-06	8.46072e-06
947	309	301	126	126	101	30	0.38896	0.94428	3.38643e-06	8.70639e-06
948	292	287	130	136	99	52	0.326515	1.11928	3.40875e-06	1.04398e-05
949	306	302	151	155	115	59	0.279627	1.2743	3.32315e-06	1.18842e-05
950	318	307	139	144	110	53	0.308936	1.17462	3.38116e-06	1.09445e-05
951	291	284	129	133	100	44	0.346581	1.05964	3.41222e-06	9.84539e-06
952	305	299	131	133	96	55	0.327673	1.11574	3.41758e-06	1.04299e-05
953	300	293	146	147	113	51	0.306279	1.18326	3.37139e-06	1.10076e-05
954	294	287	132	133	109	25	0.381845	0.96274	3.37393e-06	8.83586e-06
955	310	303	143	147	116	38	0.327273	1.11696	3.37643e-06	1.03169e-05
956	319	313	146	150	118	44	0.311486	1.1664	3.36561e-06	1.0805e-05
957	320	315	169	170	128	61	0.251906	1.3787	3.23377e-06	1.28372e-05
958	279	273	126	127	100	32	0.382602	0.96076	3.39334e-06	8.86911e-06
959	311	308	128	130	109	23	0.393097	0.9337	3.36501e-06	8.56025e-06
960	292	285	134	137	113	29	0.364853	1.00826	3.38372e-06	9.27418e-06
961	275	269	129	133	100	39	0.355532	1.03414	3.4059e-06	9.57973e-06
962	302	294	131	133	94	63	0.314573	1.15654	3.41466e-06	1.08549e-05
963	292	288	147	150	115	43	0.313079	1.1613	3.36618e-06	1.07519e-05
964	311	302	146	149	114	51	0.302456	1.19582	3.36346e-06	1.11205e-05
965	280	275	141	143	107	40	0.332193	1.10204	3.38748e-06	1.01973e-05
966	323	320	136	138	99	59	0.311131	1.16754	3.39899e-06	1.09246e-05
967	281	274	120	124	87	63	0.332864	1.10002	3.44411e-06	1.03469e-05
968	344	336	166	169	127	57	0.258717	1.35202	3.25162e-06	1.25682e-05
969	294	287	112	115	84	45	0.386084	0.9517	3.42938e-06	8.88247e-06
970	325	318	164	168	125	70	0.243646	1.41204	3.21674e-06	1.32025e-05
971	303	296	140	141	109	41	0.33468	1.09458	3.39284e-06	1.01376e-05
972	287	282	126	130	97	40	0.360451	1.0204	3.41113e-06	9.46352e-06
973	313	310	153	157	124	40	0.304233	1.18996	3.3428e-06	1.09876e-05
974	298	292	122	127	94	48	0.352622	1.04236	3.42721e-06	9.71924e-06
975	319	308	110	111	84	34	0.418751	0.87048	3.38024e-06	8.07221e-06
976	301	299	143	147	109	53	0.30317	1.19346	3.36939e-06	1.11139e-05
977	302	297	130	132	109	33	0.368889	0.99726	3.39543e-06	9.20448e-06
978	295	291	162	165	120	73	0.24451	1.4085	3.22571e-06	1.31926e-05
979	331	322	131	134	106	33	0.364285	1.00982	3.39418e-06	9.31737e-06
980	305	296	136	138	113	31	0.35889	1.02474	3.38681e-06	9.4369e-06
981	297	289	149	152	115	46	0.304477	1.18916	3.3566e-06	1.10242e-05
982	314	309	125	128	107	25	0.394025	0.93134	3.37034e-06	8.55362e-06
983	289	286	128	131	101	45	0.349176	1.05218	3.4169e-06	9.78563e-06
984	327	320	153	156	116	61	0.275056	1.29078	3.31359e-06	1.2047e-05
985	286	275	102	106	84	32	0.436538	0.82888	3.35423e-06	7.68371e-06
986	292	288	146	153	115	60	0.28172	1.26684	3.3312e-06	1.18245e-05
987	297	287	163	167	125	52	0.268754	1.31396	3.27602e-06	1.21897e-05
988	286	272	130	130	95	56	0.332206	1.102	3.42626e-06	1.03136e-05
989	306	298	134	140	102	60	0.305685	1.1852	3.39025e-06	1.10907e-05
990	288	282	128	130	103	36	0.367879	1	3.40325e-06	9.25098e-06
991	316	310	137	140	100	70	0.290486	1.2362	3.37602e-06	1.1622e-05
992	271	265	138	141	103	53	0.314812	1.15578	3.39215e-06	1.07752e-05
993	330	323	131	131	110	24	0.388648	0.94508	3.36952e-06	8.66983e-06
994	288	283	131	136	101	51	0.328184	1.11418	3.40874e-06	1.03867e-05
995	301	294	139	141	105	53	0.314812	1.15578	3.39215e-06	1.07752e-05
996	298	292	131	135	102	44	0.342255	1.0722	3.40827e-06	9.95829e-06
997	287	279	132	135	99	50	0.33194	1.1028	3.41138e-06	1.02771e-05
998	307	301	137	143	108	58	0.303055	1.19384	3.3802e-06	1.11537e-05
999	314	310	126	129	97	41	0.360876	1.01922	3.41396e-06	9.4602e-06
1000	317	313	187	192	131	91	0.188273	1.66986	2.95082e-06	1.56731e-05