Hist	Tr_Tot	Tr_in	DSBs	DSBt	RIFs	NComb	PSurv	lPSurv	PMut*	PMut
1	5	5	40	43	25	29	0.658402	0.41794	2.61261e-06	3.96811e-06
2	6	6	34	35	19	34	0.674894	0.3932	2.55258e-06	3.78219e-06
3	6	6	21	22	13	15	0.806816	0.21466	1.64497e-06	2.03885e-06
4	5	5	42	46	15	143	0.361252	1.01818	3.68283e-06	1.01946e-05
5	4	4	46	48	19	89	0.469851	0.75534	3.49491e-06	7.43834e-06
6	2	2	14	18	5	61	0.654332	0.42414	2.78561e-06	4.25718e-06
7	11	11	54	55	27	114	0.395818	0.9268	3.62641e-06	9.1618e-06
8	6	6	15	17	8	21	0.807461	0.21386	1.67581e-06	2.07541e-06
9	7	7	43	44	23	87	0.486743	0.72002	3.45893e-06	7.10628e-06
10	5	5	72	79	25	204	0.215128	1.53652	3.29115e-06	1.52985e-05
11	9	9	42	43	27	35	0.63856	0.44854	2.73745e-06	4.28691e-06
12	12	12	49	54	24	76	0.483492	0.72672	3.42617e-06	7.08629e-06
13	6	6	21	23	13	18	0.789591	0.23624	1.78029e-06	2.25469e-06
14	6	6	23	23	12	23	0.769711	0.26174	1.93995e-06	2.52036e-06
15	6	6	25	27	14	22	0.754455	0.28176	2.03176e-06	2.69302e-06
16	3	2	5	5	5	0	0.969088	0.0314	2.73513e-07	2.82238e-07
17	7	7	34	38	20	49	0.613521	0.48854	2.91333e-06	4.74854e-06
18	5	5	17	18	8	31	0.76251	0.27114	2.03071e-06	2.66319e-06
19	6	6	18	21	11	22	0.783425	0.24408	1.84444e-06	2.35433e-06
20	9	8	55	58	31	63	0.503818	0.68554	3.33596e-06	6.62135e-06
21	9	9	63	65	34	98	0.40333	0.908	3.58002e-06	8.87615e-06
22	9	9	37	38	23	25	0.693406	0.36614	2.40843e-06	3.47334e-06
23	7	6	21	24	11	29	0.741841	0.29862	2.14808e-06	2.89561e-06
24	4	4	3	3	3	0	0.981336	0.01884	1.66182e-07	1.69343e-07
25	5	5	9	9	8	1	0.94024	0.06162	5.27627e-07	5.61162e-07
26	7	6	41	43	27	48	0.597596	0.51484	2.97462e-06	4.97764e-06
27	11	11	96	103	33	209	0.180371	1.71274	3.05168e-06	1.69189e-05
28	9	8	36	37	20	55	0.598781	0.51286	3.00042e-06	5.01089e-06
29	7	6	42	42	21	55	0.580271	0.54426	3.07145e-06	5.29313e-06
30	4	4	12	12	8	7	0.894885	0.11106	9.39006e-07	1.0493e-06
31	5	5	15	15	11	5	0.887187	0.1197	9.86889e-07	1.11238e-06
32	5	5	12	14	8	10	0.870298	0.13892	1.15018e-06	1.3216e-06
33	7	7	33	34	21	25	0.711045	0.34102	2.30915e-06	3.24755e-06
34	9	9	53	58	32	56	0.522129	0.64984	3.26301e-06	6.24942e-06
35	3	2	28	29	16	29	0.718909	0.33002	2.28458e-06	3.17784e-06
36	13	13	75	83	33	120	0.321988	1.13324	3.56156e-06	1.10611e-05
37	5	5	34	37	18	40	0.646385	0.43636	2.72379e-06	4.21389e-06
38	11	11	64	67	38	72	0.454772	0.78796	3.45971e-06	7.60758e-06
39	7	7	46	53	28	53	0.547091	0.60314	3.17739e-06	5.80778e-06
40	16	16	96	100	55	83	0.349483	1.0513	3.51399e-06	1.00548e-05
41	9	9	56	62	30	84	0.441419	0.81776	3.515e-06	7.96294e-06
42	5	5	30	30	19	17	0.759496	0.2751	1.97218e-06	2.59669e-06
43	6	6	26	29	12	52	0.639339	0.44732	2.81303e-06	4.39991e-06
44	4	4	22	24	9	39	0.704956	0.34962	2.41584e-06	3.42694e-06
45	5	5	43	47	12	127	0.389512	0.94286	3.66179e-06	9.40095e-06
46	9	8	16	17	10	18	0.819911	0.19856	1.57095e-06	1.91601e-06
47	6	6	20	22	12	15	0.806816	0.21466	1.64497e-06	2.03885e-06
48	5	5	34	37	15	49	0.617387	0.48226	2.89683e-06	4.69209e-06
49	3	3	7	7	5	3	0.942462	0.05926	5.22626e-07	5.54533e-07
50	12	12	55	59	38	43	0.554427	0.58982	3.11318e-06	5.61514e-06
51	4	4	32	33	19	27	0.708263	0.34494	2.3354e-06	3.29737e-06
52	9	9	53	56	24	58	0.523363	0.64748	3.26725e-06	6.24279e-06
53	6	5	21	24	18	12	0.809029	0.21192	1.61186e-06	1.99234e-06
54	4	4	6	6	4	3	0.948399	0.05298	4.72383e-07	4.98085e-07
55	9	9	66	68	34	79	0.436075	0.82994	3.50428e-06	8.03596e-06
56	9	9	30	33	22	25	0.715524	0.33474	2.28331e-06	3.1911e-06
57	5	5	5	5	4	1	0.964158	0.0365	3.23351e-07	3.35371e-07
58	4	4	25	26	9	48	0.664926	0.40808	2.67169e-06	4.01803e-06
59	4	4	23	26	13	17	0.778816	0.24998	1.8465e-06	2.3709e-06
60	5	5	20	22	11	22	0.77852	0.25036	1.87684e-06	2.41078e-06
61	11	11	16	18	13	9	0.853048	0.15894	1.27467e-06	1.49426e-06
62	10	10	69	74	31	99	0.379227	0.96962	3.57888e-06	9.43731e-06
63	10	10	45	46	29	35	0.626642	0.46738	2.79247e-06	4.45625e-06
64	6	6	23	23	12	20	0.781578	0.24644	1.84527e-06	2.36096e-06
65	7	7	55	58	28	64	0.501255	0.69064	3.34562e-06	6.67449e-06
66	5	5	47	48	20	89	0.469851	0.75534	3.49491e-06	7.43834e-06
67	4	4	55	61	18	221	0.22087	1.51018	3.35408e-06	1.51857e-05
68	6	6	35	36	15	58	0.593404	0.52188	3.03457e-06	5.11384e-06
69	7	7	39	41	30	24	0.683943	0.37988	2.45505e-06	3.58955e-06
70	6	5	14	17	11	12	0.845388	0.16796	1.35026e-06	1.59721e-06
71	11	11	62	68	37	109	0.374209	0.98294	3.60362e-06	9.62996e-06
72	4	4	30	32	18	25	0.720032	0.32846	2.25705e-06	3.13465e-06
73	4	4	41	44	16	72	0.52544	0.64352	3.31515e-06	6.30928e-06
74	9	9	41	43	29	20	0.689327	0.37204	2.40569e-06	3.48991e-06
75	10	10	57	58	27	67	0.493644	0.70594	3.37351e-06	6.83389e-06
76	3	3	8	8	5	4	0.931797	0.07064	6.18819e-07	6.64114e-07
77	7	7	18	20	15	5	0.859762	0.1511	1.19904e-06	1.39462e-06
78	3	3	10	10	8	2	0.929601	0.073	6.23523e-07	6.70742e-07
79	4	4	37	40	20	105	0.455345	0.7867	3.56849e-06	7.83689e-06
80	9	9	19	19	15	7	0.856398	0.15502	1.23701e-06	1.44444e-06
81	6	6	16	16	12	6	0.877148	0.13108	1.07184e-06	1.22196e-06
82	6	5	20	21	14	17	0.803659	0.21858	1.67857e-06	2.08866e-06
83	10	10	61	70	32	99	0.388874	0.9445	3.58212e-06	9.21152e-06
84	9	8	28	29	20	21	0.748847	0.28922	2.06141e-06	2.75278e-06
85	2	2	9	10	4	16	0.865541	0.1444	1.2244e-06	1.41461e-06
86	4	4	33	37	16	49	0.617387	0.48226	2.89683e-06	4.69209e-06
87	4	4	26	31	13	77	0.555782	0.58738	3.24639e-06	5.84113e-06
88	10	10	27	27	18	19	0.766087	0.26646	1.94097e-06	2.53362e-06
89	7	7	61	65	30	77	0.448925	0.8009	3.48381e-06	7.76035e-06
90	11	11	30	32	17	28	0.709099	0.34376	2.33581e-06	3.29405e-06
91	9	8	22	25	13	21	0.767897	0.2641	1.94047e-06	2.52699e-06
92	9	9	33	36	17	48	0.624453	0.47088	2.86156e-06	4.58251e-06
93	7	6	21	21	13	21	0.787431	0.23898	1.81203e-06	2.3012e-06
94	6	6	9	11	6	6	0.905127	0.09968	8.50568e-07	9.39723e-07
95	11	8	28	29	21	10	0.792059	0.23312	1.71743e-06	2.16831e-06
96	6	6	31	37	15	65	0.569008	0.56386	3.15357e-06	5.54222e-06
97	10	10	57	62	21	166	0.290556	1.23596	3.57961e-06	1.23199e-05
98	13	13	75	81	39	130	0.309846	1.17168	3.5569e-06	1.14796e-05
99	7	7	35	38	21	34	0.662298	0.41204	2.61709e-06	3.95154e-06
100	13	13	66	69	39	52	0.497321	0.69852	3.31107e-06	6.65781e-06
101	4	4	5	5	4	1	0.964158	0.0365	3.23351e-07	3.35371e-07
102	9	9	22	23	17	12	0.814126	0.20564	1.57606e-06	1.93589e-06
103	4	4	8	8	7	1	0.946163	0.05534	4.77542e-07	5.04714e-07
104	5	5	10	10	6	5	0.915486	0.0883	7.59984e-07	8.30142e-07
105	3	3	24	27	10	42	0.681295	0.38376	2.55873e-06	3.75568e-06
106	7	7	18	18	13	5	0.870628	0.13854	1.1159e-06	1.28172e-06
107	5	4	48	50	24	52	0.560346	0.5792	3.12971e-06	5.58531e-06
108	8	8	40	40	17	76	0.527926	0.6388	3.32383e-06	6.29603e-06
109	3	3	12	13	8	8	0.884759	0.12244	1.02533e-06	1.15888e-06
110	5	5	19	21	10	26	0.767605	0.26448	1.97034e-06	2.56686e-06
111	2	2	17	18	12	10	0.848708	0.16404	1.31328e-06	1.54739e-06
112	4	4	30	31	18	30	0.706325	0.34768	2.36186e-06	3.34387e-06
113	5	5	21	21	10	21	0.787431	0.23898	1.81203e-06	2.3012e-06
114	9	9	43	45	23	51	0.581177	0.5427	3.05114e-06	5.24994e-06
115	9	9	22	23	19	5	0.843715	0.16994	1.31954e-06	1.56396e-06
116	6	6	19	22	13	17	0.798628	0.22486	1.71315e-06	2.14511e-06
117	10	10	41	43	27	33	0.645106	0.43834	2.69696e-06	4.18064e-06
118	13	13	72	76	39	79	0.414708	0.88018	3.51985e-06	8.48754e-06
119	2	2	17	17	5	26	0.787131	0.23936	1.84273e-06	2.34107e-06
120	10	9	35	35	26	11	0.758889	0.2759	1.94285e-06	2.56013e-06
121	7	7	40	41	22	52	0.592929	0.52268	3.01047e-06	5.07728e-06
122	5	5	1	1	1	0	0.99374	0.00628	5.60942e-08	5.64476e-08
123	7	7	58	60	30	92	0.429128	0.846	3.55108e-06	8.27511e-06
124	9	9	48	49	26	50	0.569657	0.56272	3.08902e-06	5.42259e-06
125	5	5	14	14	12	3	0.901929	0.10322	8.56531e-07	9.49666e-07
126	9	8	19	19	11	14	0.826364	0.19072	1.50098e-06	1.81637e-06
127	9	9	43	44	29	25	0.667764	0.40382	2.54553e-06	3.81202e-06
128	3	3	3	3	2	1	0.976344	0.02394	2.17213e-07	2.22476e-07
129	5	5	10	10	9	1	0.934354	0.0679	5.77066e-07	6.17609e-07
130	3	3	9	9	7	2	0.935457	0.06672	5.74646e-07	6.14295e-07
131	11	11	43	45	26	34	0.633814	0.456	2.75498e-06	4.34667e-06
132	5	5	22	23	11	32	0.73518	0.30764	2.20448e-06	2.99856e-06
133	7	7	28	31	14	55	0.621773	0.47518	2.90505e-06	4.6722e-06
134	3	3	6	6	6	0	0.963021	0.03768	3.26161e-07	3.38686e-07
135	10	10	64	67	37	71	0.457097	0.78286	3.45311e-06	7.55445e-06
136	4	4	40	43	21	61	0.55926	0.58114	3.1701e-06	5.66837e-06
137	3	3	3	5	1	10	0.920904	0.0824	7.49219e-07	8.1357e-07
138	3	3	4	4	3	1	0.970232	0.03022	2.70621e-07	2.78924e-07
139	2	2	25	26	11	50	0.658178	0.41828	2.71452e-06	4.1243e-06
140	3	3	3	3	3	0	0.981336	0.01884	1.66182e-07	1.69343e-07
141	10	9	63	67	31	91	0.412772	0.88486	3.5569e-06	8.61711e-06
142	14	14	87	92	44	114	0.31375	1.15916	3.5298e-06	1.12504e-05
143	5	5	7	7	5	3	0.942462	0.05926	5.22626e-07	5.54533e-07
144	6	6	36	37	23	19	0.719456	0.32926	2.22894e-06	3.09809e-06
145	7	7	83	92	28	324	0.107511	2.23016	2.40915e-06	2.24083e-05
146	6	5	13	13	10	6	0.89383	0.11224	9.40861e-07	1.05262e-06
147	12	12	64	67	32	96	0.402379	0.91036	3.57425e-06	8.88278e-06
148	10	10	39	40	28	23	0.691771	0.3685	2.40734e-06	3.47997e-06
149	5	5	16	16	10	16	0.833535	0.18208	1.46143e-06	1.75329e-06
150	6	6	21	21	12	19	0.795504	0.22878	1.74607e-06	2.19493e-06
151	10	10	49	50	24	64	0.527082	0.6404	3.27998e-06	6.2229e-06
152	11	11	34	35	23	18	0.732274	0.3116	2.14708e-06	2.93206e-06
153	7	7	34	37	13	112	0.447732	0.80356	3.59953e-06	8.03948e-06
154	12	12	125	135	56	288	0.0986083	2.3166	2.26038e-06	2.29228e-05
155	5	5	36	38	21	32	0.669088	0.40184	2.57282e-06	3.84527e-06
156	12	12	66	69	36	75	0.442277	0.81582	3.48508e-06	7.87987e-06
157	4	4	61	66	25	404	0.0841731	2.47488	2.12043e-06	2.51914e-05
158	5	5	23	24	17	11	0.813166	0.20682	1.5769e-06	1.93921e-06
159	7	7	33	35	21	54	0.609449	0.4952	2.95269e-06	4.84486e-06
160	12	12	82	92	33	470	0.0510597	2.97476	1.54026e-06	3.01658e-05
161	5	5	43	45	13	259	0.201191	1.6035	3.27975e-06	1.63016e-05
162	7	7	25	26	16	13	0.794867	0.22958	1.71562e-06	2.15837e-06
163	3	3	3	3	3	0	0.981336	0.01884	1.66182e-07	1.69343e-07
164	4	3	10	12	7	11	0.876814	0.13146	1.1064e-06	1.26184e-06
165	4	3	2	2	2	0	0.987519	0.01256	1.11486e-07	1.12895e-07
166	4	4	37	40	15	72	0.538806	0.6184	3.27782e-06	6.08349e-06
167	1	1	1	1	1	0	0.99374	0.00628	5.60942e-08	5.64476e-08
168	6	5	15	16	9	17	0.829294	0.18718	1.49806e-06	1.80643e-06
169	5	5	34	39	17	69	0.55056	0.59682	3.23049e-06	5.86765e-06
170	11	10	72	77	36	106	0.359098	1.02416	3.58329e-06	9.97858e-06
171	9	9	58	61	26	97	0.415705	0.87778	3.57391e-06	8.59722e-06
172	5	5	19	21	10	25	0.77153	0.25938	1.93942e-06	2.51373e-06
173	7	7	21	22	14	10	0.827654	0.18916	1.46758e-06	1.77318e-06
174	12	11	52	53	33	47	0.564091	0.57254	3.09629e-06	5.48898e-06
175	6	5	14	14	12	2	0.90654	0.09812	8.12743e-07	8.96533e-07
176	10	10	49	50	30	54	0.55466	0.5894	3.15689e-06	5.69157e-06
177	7	7	22	22	16	10	0.827654	0.18916	1.46758e-06	1.77318e-06
178	5	5	12	13	8	8	0.884759	0.12244	1.02533e-06	1.15888e-06
179	7	7	52	54	27	54	0.5409	0.61452	3.2007e-06	5.91736e-06
180	3	3	17	19	5	45	0.70552	0.34882	2.44357e-06	3.4635e-06
181	6	6	27	28	14	35	0.701636	0.35434	2.41377e-06	3.44019e-06
182	3	3	25	27	13	28	0.731718	0.31236	2.2038e-06	3.01181e-06
183	14	13	57	60	39	39	0.562311	0.5757	3.06968e-06	5.45905e-06
184	5	5	44	45	25	31	0.643586	0.4407	2.69487e-06	4.18727e-06
185	4	4	18	20	5	64	0.636354	0.452	2.88235e-06	4.52948e-06
186	4	4	5	6	3	4	0.943574	0.05808	5.20116e-07	5.51218e-07
187	5	5	22	25	11	41	0.693433	0.3661	2.48918e-06	3.58965e-06
188	10	10	38	43	25	48	0.597596	0.51484	2.97462e-06	4.97764e-06
189	4	4	20	21	9	34	0.736917	0.30528	2.2048e-06	2.99193e-06
190	5	5	20	20	12	12	0.82961	0.1868	1.46555e-06	1.76655e-06
191	4	4	18	19	10	24	0.785276	0.24172	1.84359e-06	2.3477e-06
192	9	9	52	60	23	109	0.39349	0.9327	3.6116e-06	9.17837e-06
193	4	4	23	24	15	18	0.784648	0.24252	1.81343e-06	2.31114e-06
194	9	9	21	21	16	11	0.828631	0.18798	1.46657e-06	1.76986e-06
195	7	7	61	64	22	147	0.316124	1.15162	3.61116e-06	1.14232e-05
196	5	5	22	22	13	31	0.743594	0.29626	2.14823e-06	2.88898e-06
197	9	8	87	94	26	382	0.0789832	2.53852	2.0222e-06	2.5603e-05
198	3	3	8	9	6	4	0.925964	0.07692	6.67214e-07	7.20561e-07
199	10	10	92	99	40	144	0.257659	1.35612	3.41127e-06	1.32395e-05
200	3	3	34	34	12	65	0.57983	0.54502	3.11536e-06	5.37288e-06
201	6	6	36	37	23	27	0.690693	0.37006	2.43342e-06	3.52316e-06
202	7	7	31	32	19	21	0.734871	0.30806	2.14738e-06	2.92212e-06
203	12	11	53	53	38	24	0.634296	0.45524	2.70649e-06	4.26692e-06
204	14	14	56	61	28	88	0.43523	0.83188	3.53365e-06	8.11903e-06
205	7	7	46	46	24	59	0.554449	0.58978	3.1778e-06	5.73145e-06
206	6	6	18	20	9	25	0.77639	0.2531	1.90781e-06	2.45728e-06
207	4	4	16	17	12	5	0.876113	0.13226	1.07348e-06	1.22528e-06
208	9	8	69	71	33	69	0.450328	0.79778	3.4558e-06	7.67397e-06
209	6	6	27	28	16	40	0.683971	0.37984	2.5347e-06	3.70586e-06
210	10	10	50	52	26	91	0.453545	0.79066	3.52423e-06	7.7704e-06
211	10	9	70	76	33	117	0.341646	1.07398	3.58954e-06	1.05066e-05
212	10	10	48	48	30	38	0.609425	0.49524	2.88169e-06	4.72855e-06
213	7	7	26	30	12	47	0.651746	0.4281	2.73127e-06	4.19069e-06
214	6	6	20	20	12	23	0.78435	0.2429	1.84402e-06	2.35102e-06
215	4	4	21	21	13	17	0.803659	0.21858	1.67857e-06	2.08866e-06
216	9	9	44	47	23	75	0.507804	0.67766	3.37082e-06	6.63803e-06
217	7	7	37	38	25	23	0.700515	0.35594	2.35868e-06	3.36707e-06
218	6	6	28	29	14	34	0.700809	0.35552	2.41324e-06	3.44351e-06
219	6	6	47	50	27	42	0.589665	0.5282	2.98015e-06	5.05397e-06
220	2	2	0	0	0	0	1	-0	0	0
221	7	6	11	12	10	2	0.917998	0.08556	7.19378e-07	7.83638e-07
222	12	12	73	78	32	122	0.328887	1.11204	3.57999e-06	1.08852e-05
223	6	6	22	23	17	8	0.830905	0.18524	1.43195e-06	1.72336e-06
224	11	11	79	89	36	148	0.268818	1.31372	3.46441e-06	1.28876e-05
225	3	3	1	1	1	0	0.99374	0.00628	5.60942e-08	5.64476e-08
226	11	11	71	78	32	119	0.333958	1.09674	3.58195e-06	1.07258e-05
227	9	9	55	58	24	88	0.443508	0.81304	3.52575e-06	7.94968e-06
228	5	5	25	25	12	33	0.722311	0.3253	2.28581e-06	3.16459e-06
229	3	3	8	8	6	3	0.936562	0.06554	5.72221e-07	6.1098e-07
230	9	9	62	64	28	122	0.359112	1.02412	3.6252e-06	1.00949e-05
231	3	3	5	5	5	0	0.969088	0.0314	2.73513e-07	2.82238e-07
232	2	2	13	13	7	12	0.866893	0.14284	1.18887e-06	1.37142e-06
233	10	9	55	58	23	256	0.188277	1.66984	3.17738e-06	1.68761e-05
234	5	5	22	23	10	32	0.73518	0.30764	2.20448e-06	2.99856e-06
235	6	6	14	14	9	7	0.883716	0.12362	1.02705e-06	1.1622e-06
236	6	6	32	33	13	58	0.60469	0.50304	2.98989e-06	4.9445e-06
237	6	6	25	25	10	35	0.714981	0.3355	2.3386e-06	3.27085e-06
238	7	7	48	50	21	65	0.5244	0.6455	3.29116e-06	6.27604e-06
239	10	10	32	32	25	9	0.78125	0.24686	1.78478e-06	2.28452e-06
240	6	6	34	34	18	38	0.665431	0.40732	2.62065e-06	3.93828e-06
241	5	5	17	17	13	7	0.867222	0.14246	1.15474e-06	1.33154e-06
242	4	4	13	14	6	15	0.848386	0.16442	1.34661e-06	1.58726e-06
243	4	4	22	24	11	34	0.723163	0.32412	2.28612e-06	3.16127e-06
244	3	3	26	27	16	16	0.777898	0.25116	1.8469e-06	2.37422e-06
245	7	7	17	17	12	8	0.862811	0.14756	1.19471e-06	1.38467e-06
246	5	5	23	24	13	23	0.764892	0.26802	1.97098e-06	2.57681e-06
247	5	5	26	27	18	12	0.79393	0.23076	1.71623e-06	2.16168e-06
248	13	13	79	81	39	151	0.278377	1.27878	3.50626e-06	1.25954e-05
249	6	6	30	30	17	22	0.740374	0.3006	2.11922e-06	2.86236e-06
250	4	4	25	28	11	34	0.705224	0.34924	2.38864e-06	3.38706e-06
251	10	9	26	27	18	13	0.789891	0.23586	1.74946e-06	2.21482e-06
252	5	4	40	46	12	113	0.420976	0.86518	3.62066e-06	8.60064e-06
253	7	7	49	52	29	41	0.585283	0.53566	2.99298e-06	5.11374e-06
254	9	9	45	48	23	62	0.539215	0.61764	3.23731e-06	6.00374e-06
255	9	9	77	84	27	264	0.153521	1.87392	2.88139e-06	1.87688e-05
256	4	4	14	15	11	5	0.887187	0.1197	9.86889e-07	1.11238e-06
257	6	6	53	53	21	237	0.214051	1.54154	3.33584e-06	1.55843e-05
258	3	3	11	13	8	8	0.884759	0.12244	1.02533e-06	1.15888e-06
259	6	6	15	16	9	10	0.859435	0.15148	1.23285e-06	1.43449e-06
260	6	6	24	25	14	18	0.779736	0.2488	1.84609e-06	2.36759e-06
261	7	7	39	42	22	71	0.534801	0.62586	3.28542e-06	6.14326e-06
262	10	9	51	54	27	92	0.445606	0.80832	3.53652e-06	7.93642e-06
263	4	4	21	22	9	33	0.736048	0.30646	2.20464e-06	2.99524e-06
264	8	8	23	23	16	8	0.830905	0.18524	1.43195e-06	1.72336e-06
265	7	7	69	73	32	171	0.264334	1.33054	3.49092e-06	1.32065e-05
266	9	8	38	39	23	31	0.668299	0.40302	2.572e-06	3.84859e-06
267	5	5	34	34	13	51	0.622744	0.47362	2.88269e-06	4.62901e-06
268	12	12	30	34	22	20	0.729409	0.31552	2.17501e-06	2.98188e-06
269	7	7	35	37	22	32	0.673303	0.39556	2.55103e-06	3.78882e-06
270	4	4	31	32	13	34	0.687729	0.37436	2.48466e-06	3.61285e-06
271	5	5	24	24	16	15	0.796745	0.22722	1.71439e-06	2.15174e-06
272	4	4	40	44	22	44	0.606094	0.50072	2.92232e-06	4.82156e-06
273	5	4	19	19	13	10	0.843395	0.17032	1.35267e-06	1.60384e-06
274	5	5	8	8	7	1	0.946163	0.05534	4.77542e-07	5.04714e-07
275	10	10	29	29	18	16	0.768189	0.26372	1.91057e-06	2.48711e-06
276	9	9	40	43	27	27	0.665152	0.40774	2.56871e-06	3.86184e-06
277	4	4	21	24	6	109	0.493309	0.70662	3.52531e-06	7.14626e-06
278	9	9	83	89	40	139	0.281445	1.26782	3.49254e-06	1.24094e-05
279	7	7	36	37	23	29	0.683684	0.38026	2.48138e-06	3.62942e-06
280	10	10	50	52	21	91	0.453545	0.79066	3.52423e-06	7.7704e-06
281	6	6	22	23	12	19	0.785574	0.24134	1.81297e-06	2.30783e-06
282	6	5	18	20	16	4	0.864158	0.146	1.15925e-06	1.34148e-06
283	11	10	80	80	35	122	0.324782	1.1246	3.57198e-06	1.09981e-05
284	4	4	3	3	3	0	0.981336	0.01884	1.66182e-07	1.69343e-07
285	5	4	24	24	19	6	0.834168	0.18132	1.39602e-06	1.67354e-06
286	5	5	19	19	14	6	0.860777	0.14992	1.1976e-06	1.3913e-06
287	9	9	39	39	22	32	0.664899	0.40812	2.59425e-06	3.90172e-06
288	9	9	60	62	29	92	0.423772	0.85856	3.5546e-06	8.38801e-06
289	7	7	21	22	14	23	0.77456	0.25546	1.90845e-06	2.46391e-06
290	5	5	22	22	11	47	0.685326	0.37786	2.56251e-06	3.73911e-06
291	3	3	0	0	0	0	1	-0	0	0
292	6	6	32	33	22	14	0.756812	0.27864	1.97273e-06	2.60664e-06
293	4	4	26	27	16	36	0.702465	0.35316	2.41429e-06	3.43688e-06
294	7	7	51	55	25	77	0.478021	0.7381	3.43978e-06	7.19587e-06
295	7	7	22	22	15	17	0.798628	0.22486	1.71315e-06	2.14511e-06
296	5	5	33	34	13	74	0.553818	0.59092	3.24043e-06	5.85108e-06
297	6	6	28	28	14	36	0.698067	0.35944	2.43858e-06	3.49333e-06
298	7	7	44	47	16	140	0.364525	1.00916	3.67867e-06	1.00917e-05
299	4	4	10	10	8	2	0.929601	0.073	6.23523e-07	6.70742e-07
300	4	4	43	44	16	112	0.428476	0.84752	3.61403e-06	8.43461e-06
301	2	1	11	12	6	13	0.867916	0.14166	1.1874e-06	1.3681e-06
302	5	5	15	16	10	6	0.877148	0.13108	1.07184e-06	1.22196e-06
303	10	10	64	66	32	76	0.448395	0.80208	3.48119e-06	7.76366e-06
304	9	9	35	38	20	54	0.598074	0.51404	2.99887e-06	5.0142e-06
305	10	10	49	53	27	61	0.525219	0.64394	3.27361e-06	6.23285e-06
306	7	7	75	82	25	219	0.195565	1.63186	3.18085e-06	1.62649e-05
307	15	15	76	79	42	80	0.404898	0.90412	3.52667e-06	8.71002e-06
308	5	5	24	24	16	36	0.715825	0.33432	2.33898e-06	3.26754e-06
309	10	10	29	30	20	31	0.707159	0.3465	2.3623e-06	3.34056e-06
310	7	7	17	18	11	9	0.853048	0.15894	1.27467e-06	1.49426e-06
311	6	6	18	19	14	7	0.856398	0.15502	1.23701e-06	1.44444e-06
312	9	9	36	40	21	46	0.615205	0.4858	2.89271e-06	4.70203e-06
313	9	9	45	46	25	45	0.595484	0.51838	2.97003e-06	4.98758e-06
314	5	5	30	30	18	16	0.763379	0.27	1.9417e-06	2.54356e-06
315	5	5	13	13	8	9	0.880258	0.12754	1.06689e-06	1.21202e-06
316	10	10	70	76	33	200	0.223738	1.49728	3.33742e-06	1.49167e-05
317	10	10	64	67	26	116	0.36336	1.01236	3.61378e-06	9.94544e-06
318	7	7	40	43	21	35	0.63856	0.44854	2.73745e-06	4.28691e-06
319	11	11	76	80	40	120	0.328112	1.1144	3.57373e-06	1.08918e-05
320	2	2	3	3	3	0	0.981336	0.01884	1.66182e-07	1.69343e-07
321	9	9	52	53	28	67	0.509391	0.67454	3.33735e-06	6.55165e-06
322	3	3	10	11	6	7	0.900523	0.10478	8.94089e-07	9.92856e-07
323	6	6	29	35	16	62	0.585084	0.536	3.08335e-06	5.26992e-06
324	9	9	50	51	29	68	0.513205	0.66708	3.33167e-06	6.49189e-06
325	15	14	77	87	40	114	0.323758	1.12776	3.55101e-06	1.09681e-05
326	6	5	25	25	19	9	0.81636	0.2029	1.54242e-06	1.88939e-06
327	4	4	22	22	15	14	0.810941	0.20956	1.6103e-06	1.98571e-06
328	4	4	31	33	18	41	0.659456	0.41634	2.66501e-06	4.04123e-06
329	4	4	16	17	9	12	0.845388	0.16796	1.35026e-06	1.59721e-06
330	12	12	27	28	19	14	0.780953	0.24724	1.81525e-06	2.3244e-06
331	6	6	36	37	21	31	0.676745	0.39046	2.52811e-06	3.73569e-06
332	10	10	51	54	21	86	0.459452	0.77772	3.49994e-06	7.61763e-06
333	9	8	38	40	24	27	0.677802	0.3889	2.50278e-06	3.6925e-06
334	7	7	24	24	14	14	0.800819	0.22212	1.68061e-06	2.09861e-06
335	7	6	32	32	16	30	0.701903	0.35396	2.38669e-06	3.40032e-06
336	9	8	34	37	17	58	0.589689	0.52816	3.04886e-06	5.17029e-06
337	10	9	60	61	35	52	0.522944	0.64828	3.24551e-06	6.20623e-06
338	6	6	28	28	13	42	0.67703	0.39004	2.58092e-06	3.81213e-06
339	6	6	13	13	10	4	0.902993	0.10204	8.54549e-07	9.46352e-07
340	12	11	56	59	26	95	0.425275	0.85502	3.56298e-06	8.37806e-06
341	5	5	18	20	13	11	0.833851	0.1817	1.42874e-06	1.71342e-06
342	7	7	17	17	8	25	0.791156	0.23426	1.81012e-06	2.28794e-06
343	6	6	42	46	25	37	0.620283	0.47758	2.83005e-06	4.56252e-06
344	9	9	47	48	27	71	0.515025	0.66354	3.33836e-06	6.48194e-06
345	0	0	0	0	0	0	1	-0	0	0
346	9	9	33	36	17	50	0.618115	0.48108	2.8982e-06	4.68877e-06
347	3	2	5	5	5	0	0.969088	0.0314	2.73513e-07	2.82238e-07
348	4	4	7	7	5	3	0.942462	0.05926	5.22626e-07	5.54533e-07
349	4	4	23	24	13	24	0.761001	0.27312	2.00139e-06	2.62994e-06
350	7	7	27	28	16	23	0.745918	0.29314	2.09051e-06	2.8026e-06
351	3	3	15	15	8	13	0.851718	0.1605	1.30947e-06	1.53745e-06
352	5	5	23	27	15	28	0.731718	0.31236	2.2038e-06	3.01181e-06
353	5	5	28	31	16	31	0.702732	0.35278	2.38718e-06	3.397e-06
354	1	1	11	11	8	6	0.905127	0.09968	8.50568e-07	9.39723e-07
355	4	4	29	31	17	26	0.720882	0.32728	2.25733e-06	3.13134e-06
356	6	5	16	16	11	8	0.868246	0.14128	1.15323e-06	1.32823e-06
357	10	10	44	47	21	66	0.531655	0.63176	3.27491e-06	6.15983e-06
358	5	5	20	21	15	8	0.841407	0.17268	1.35506e-06	1.61047e-06
359	11	11	48	49	26	63	0.533114	0.62902	3.2591e-06	6.11332e-06
360	10	10	53	60	26	91	0.431322	0.8409	3.54632e-06	8.22198e-06
361	11	11	72	76	32	109	0.355873	1.03318	3.58775e-06	1.00815e-05
362	4	4	16	18	10	29	0.770327	0.26094	1.96966e-06	2.55692e-06
363	7	7	33	36	18	35	0.667257	0.40458	2.59681e-06	3.89178e-06
364	6	6	24	25	13	36	0.711343	0.3406	2.36449e-06	3.32399e-06
365	6	6	34	38	19	103	0.465827	0.76394	3.54855e-06	7.61773e-06
366	7	7	40	42	19	54	0.583238	0.53916	3.05616e-06	5.23999e-06
367	5	5	22	23	10	34	0.727719	0.31784	2.25944e-06	3.10482e-06
368	10	10	35	38	21	40	0.642338	0.44264	2.743e-06	4.27034e-06
369	5	5	36	36	21	28	0.691508	0.36888	2.434e-06	3.51984e-06
370	5	4	14	14	9	8	0.87922	0.12872	1.06854e-06	1.21533e-06
371	6	5	23	24	14	20	0.776685	0.25272	1.87756e-06	2.41741e-06
372	3	2	12	12	10	3	0.913328	0.09066	7.64246e-07	8.36771e-07
373	10	10	56	59	28	98	0.418818	0.87032	3.57564e-06	8.53746e-06
374	5	4	18	18	14	4	0.87508	0.13344	1.07511e-06	1.22859e-06
375	10	10	54	59	31	65	0.495583	0.70202	3.36207e-06	6.78407e-06
376	4	4	17	17	9	23	0.799267	0.22406	1.74374e-06	2.18167e-06
377	4	4	27	32	10	118	0.448091	0.80276	3.6188e-06	8.07604e-06
378	4	4	11	12	8	10	0.881298	0.12636	1.06523e-06	1.2087e-06
379	6	6	49	52	16	141	0.35146	1.04566	3.66469e-06	1.04271e-05
380	3	2	43	44	18	68	0.536269	0.62312	3.2695e-06	6.09675e-06
381	2	2	10	11	3	29	0.804946	0.21698	1.74012e-06	2.16179e-06
382	1	0	6	6	5	1	0.958122	0.04278	3.7541e-07	3.91819e-07
383	4	4	24	28	13	39	0.687468	0.37474	2.51113e-06	3.65273e-06
384	13	11	30	31	21	13	0.770296	0.26098	1.87999e-06	2.44061e-06
385	6	5	16	17	13	5	0.876113	0.13226	1.07348e-06	1.22528e-06
386	10	10	63	69	34	67	0.460695	0.77502	3.43439e-06	7.45481e-06
387	13	12	102	110	42	249	0.14076	1.9607	2.73629e-06	1.94394e-05
388	10	10	59	63	26	142	0.326332	1.11984	3.62265e-06	1.11011e-05
389	11	9	56	58	26	83	0.454963	0.78754	3.49594e-06	7.68402e-06
390	7	7	16	16	11	11	0.855063	0.15658	1.27201e-06	1.48763e-06
391	5	5	36	39	14	123	0.418023	0.87222	3.6522e-06	8.73684e-06
392	9	9	34	35	23	42	0.647912	0.434	2.72594e-06	4.20726e-06
393	10	10	52	57	22	156	0.315512	1.15356	3.63037e-06	1.15063e-05
394	6	5	28	28	19	15	0.776981	0.25234	1.8473e-06	2.37753e-06
395	10	10	90	93	34	172	0.231948	1.46124	3.3374e-06	1.43885e-05
396	9	9	57	60	31	84	0.446999	0.8052	3.50896e-06	7.85004e-06
397	12	12	71	76	33	156	0.280024	1.27288	3.52236e-06	1.25788e-05
398	7	7	58	62	28	88	0.432506	0.83816	3.53594e-06	8.17547e-06
399	4	4	12	13	5	29	0.794899	0.22954	1.80814e-06	2.27468e-06
400	6	6	33	35	21	51	0.618845	0.4799	2.89957e-06	4.68546e-06
401	6	6	12	12	8	7	0.894885	0.11106	9.39006e-07	1.0493e-06
402	10	10	49	50	23	79	0.488264	0.7169	3.42756e-06	7.0199e-06
403	5	5	21	21	15	7	0.845709	0.16758	1.31705e-06	1.55733e-06
404	10	10	76	83	40	106	0.345819	1.06184	3.56791e-06	1.03173e-05
405	3	2	9	9	8	1	0.94024	0.06162	5.27627e-07	5.61162e-07
406	1	1	2	2	2	0	0.987519	0.01256	1.11486e-07	1.12895e-07
407	4	4	41	42	22	37	0.636062	0.45246	2.75843e-06	4.33673e-06
408	3	2	5	5	5	0	0.969088	0.0314	2.73513e-07	2.82238e-07
409	9	9	58	62	30	77	0.457463	0.78206	3.4726e-06	7.59101e-06
410	7	7	64	70	29	94	0.398918	0.919	3.56866e-06	8.94585e-06
411	7	7	14	15	9	13	0.851718	0.1605	1.30947e-06	1.53745e-06
412	6	6	25	27	9	83	0.552744	0.59286	3.28006e-06	5.93414e-06
413	3	3	7	7	7	0	0.956992	0.04396	3.78139e-07	3.95133e-07
414	9	7	62	70	33	77	0.435048	0.8323	3.49891e-06	8.04259e-06
415	2	2	8	8	8	0	0.951001	0.05024	4.29454e-07	4.51581e-07
416	7	7	26	28	7	96	0.514047	0.66544	3.43451e-06	6.68132e-06
417	5	5	15	16	10	8	0.868246	0.14128	1.15323e-06	1.32823e-06
418	7	7	28	30	22	12	0.779112	0.2496	1.81613e-06	2.33103e-06
419	6	5	45	46	20	64	0.54049	0.61528	3.24138e-06	5.99711e-06
420	5	4	12	13	10	3	0.90761	0.09694	8.10694e-07	8.93218e-07
421	13	13	55	57	25	142	0.338863	1.08216	3.64699e-06	1.07624e-05
422	7	7	53	56	22	111	0.399405	0.91778	3.61815e-06	9.05885e-06
423	6	5	18	20	9	66	0.629896	0.4622	2.92004e-06	4.63574e-06
424	3	2	13	15	7	24	0.805252	0.2166	1.70867e-06	2.12191e-06
425	12	12	58	60	30	91	0.431322	0.8409	3.54632e-06	8.22198e-06
426	4	4	5	5	5	0	0.969088	0.0314	2.73513e-07	2.82238e-07
427	9	9	20	20	17	6	0.855388	0.1562	1.23839e-06	1.44775e-06
428	5	5	35	39	16	83	0.51262	0.66822	3.38919e-06	6.61151e-06
429	5	5	7	7	6	1	0.952124	0.04906	4.26805e-07	4.48266e-07
430	7	7	22	22	14	13	0.815087	0.20446	1.57522e-06	1.93258e-06
431	8	8	33	35	18	38	0.661265	0.4136	2.64158e-06	3.99473e-06
432	5	5	9	9	7	2	0.935457	0.06672	5.74646e-07	6.14295e-07
433	2	2	4	4	2	3	0.960386	0.04042	3.69931e-07	3.8519e-07
434	3	2	7	8	5	4	0.931797	0.07064	6.18819e-07	6.64114e-07
435	4	4	16	17	7	26	0.787131	0.23936	1.84273e-06	2.34107e-06
436	8	8	39	41	25	32	0.6566	0.42068	2.636e-06	4.01461e-06
437	8	7	50	55	31	77	0.478021	0.7381	3.43978e-06	7.19587e-06
438	5	5	15	17	11	10	0.854055	0.15776	1.27335e-06	1.49094e-06
439	8	7	37	37	24	25	0.697774	0.35986	2.38422e-06	3.41689e-06
440	6	5	15	16	11	9	0.863829	0.14638	1.19326e-06	1.38136e-06
441	6	4	6	6	6	0	0.963021	0.03768	3.26161e-07	3.38686e-07
442	3	2	18	18	10	15	0.82734	0.18954	1.50001e-06	1.81305e-06
443	8	8	48	53	27	103	0.42395	0.85814	3.5885e-06	8.46444e-06
444	8	8	41	43	22	35	0.63856	0.44854	2.73745e-06	4.28691e-06
445	8	8	60	65	29	105	0.389185	0.9437	3.59922e-06	9.24808e-06
446	8	8	47	49	22	56	0.55249	0.59332	3.17206e-06	5.74139e-06
447	5	5	9	9	8	1	0.94024	0.06162	5.27627e-07	5.61162e-07
448	6	6	6	6	5	1	0.958122	0.04278	3.7541e-07	3.91819e-07
449	8	8	30	35	20	35	0.671461	0.3983	2.57527e-06	3.83533e-06
450	6	5	8	8	8	0	0.951001	0.05024	4.29454e-07	4.51581e-07
451	6	5	5	5	4	1	0.964158	0.0365	3.23351e-07	3.35371e-07
452	8	8	28	30	13	54	0.628889	0.4638	2.86938e-06	4.56262e-06
453	3	2	9	9	5	6	0.916567	0.08712	7.57843e-07	8.26828e-07
454	7	7	47	50	17	109	0.418993	0.8699	3.60917e-06	8.6139e-06
455	7	7	16	17	12	6	0.871656	0.13736	1.11433e-06	1.27841e-06
456	6	6	38	38	23	24	0.696951	0.36104	2.38372e-06	3.42021e-06
457	5	5	24	25	10	58	0.635845	0.4528	2.8568e-06	4.49292e-06
458	8	8	51	53	23	137	0.356458	1.03154	3.66117e-06	1.0271e-05
459	6	6	30	33	17	38	0.669623	0.40104	2.59937e-06	3.88183e-06
460	7	7	20	20	15	9	0.8424	0.1715	1.35386e-06	1.60715e-06
461	4	4	7	7	5	2	0.947281	0.05416	4.74966e-07	5.014e-07
462	2	2	5	6	4	3	0.948399	0.05298	4.72383e-07	4.98085e-07
463	8	8	27	27	19	17	0.773941	0.25626	1.87862e-06	2.42735e-06
464	8	8	34	34	20	28	0.700249	0.35632	2.38571e-06	3.40695e-06
465	8	8	30	31	21	15	0.762479	0.27118	1.94194e-06	2.54687e-06
466	8	8	43	46	21	79	0.500684	0.69178	3.4017e-06	6.79411e-06
467	2	2	0	0	0	0	1	-0	0	0
468	5	5	4	4	3	1	0.970232	0.03022	2.70621e-07	2.78924e-07
469	4	4	30	31	21	13	0.770296	0.26098	1.87999e-06	2.44061e-06
470	8	8	23	24	18	10	0.817324	0.20172	1.54153e-06	1.88607e-06
471	4	4	29	30	15	30	0.710775	0.3414	2.33662e-06	3.28742e-06
472	8	8	52	54	18	162	0.311823	1.16532	3.63453e-06	1.16557e-05
473	4	4	9	9	8	1	0.94024	0.06162	5.27627e-07	5.61162e-07
474	7	7	63	63	30	69	0.47353	0.74754	3.42002e-06	7.22239e-06
475	4	4	25	28	13	73	0.578024	0.54814	3.15558e-06	5.45926e-06
476	3	2	9	9	9	0	0.945048	0.05652	4.80111e-07	5.08028e-07
477	8	8	77	83	33	155	0.269351	1.31174	3.48023e-06	1.29208e-05
478	7	7	43	45	21	46	0.596188	0.5172	2.97156e-06	4.98427e-06
479	5	5	9	9	8	1	0.94024	0.06162	5.27627e-07	5.61162e-07
480	6	6	23	23	14	16	0.797686	0.22604	1.71377e-06	2.14843e-06
481	8	8	35	38	15	78	0.529173	0.63644	3.32818e-06	6.2894e-06
482	5	5	75	80	26	338	0.107938	2.2262	2.42588e-06	2.24748e-05
483	8	7	37	37	25	21	0.712155	0.33946	2.282e-06	3.20436e-06
484	6	6	37	39	22	34	0.658152	0.41832	2.63786e-06	4.00799e-06
485	4	4	21	22	10	39	0.713866	0.33706	2.36578e-06	3.31404e-06
486	4	4	9	9	4	11	0.89349	0.11262	9.76132e-07	1.09249e-06
487	7	7	42	49	28	53	0.561008	0.57802	3.13154e-06	5.58199e-06
488	5	5	20	21	14	16	0.807768	0.21348	1.64424e-06	2.03553e-06
489	5	5	30	31	19	27	0.717215	0.33238	2.28395e-06	3.18447e-06
490	6	6	26	26	15	23	0.755346	0.28058	2.03165e-06	2.6897e-06
491	5	5	35	40	19	47	0.612075	0.4909	2.91052e-06	4.75516e-06
492	8	8	25	27	22	5	0.822785	0.19506	1.47258e-06	1.78975e-06
493	8	8	22	23	15	12	0.814126	0.20564	1.57606e-06	1.93589e-06
494	5	5	26	28	12	44	0.670159	0.40024	2.62595e-06	3.91839e-06
495	8	8	20	23	10	52	0.663889	0.40964	2.6962e-06	4.06122e-06
496	6	6	11	12	10	2	0.917998	0.08556	7.19378e-07	7.83638e-07
497	6	5	20	21	13	13	0.820222	0.19818	1.53884e-06	1.87613e-06
498	5	5	2	2	2	0	0.987519	0.01256	1.11486e-07	1.12895e-07
499	8	8	12	12	10	2	0.917998	0.08556	7.19378e-07	7.83638e-07
500	4	4	20	21	16	11	0.828631	0.18798	1.46657e-06	1.76986e-06
501	6	6	38	38	16	51	0.607295	0.49874	2.9483e-06	4.8548e-06
502	6	5	56	58	26	81	0.459627	0.77734	3.48294e-06	7.57775e-06
503	5	5	31	33	18	36	0.676488	0.39084	2.55413e-06	3.77557e-06
504	3	3	14	14	9	11	0.86587	0.14402	1.19034e-06	1.37473e-06
505	4	4	39	42	19	76	0.521336	0.65136	3.3412e-06	6.40892e-06
506	7	7	15	15	13	2	0.900865	0.1044	8.58507e-07	9.5298e-07
507	6	5	11	11	9	2	0.923781	0.07928	6.71764e-07	7.2719e-07
508	8	8	52	54	20	143	0.343551	1.06842	3.65752e-06	1.06462e-05
509	6	5	34	36	21	39	0.653783	0.42498	2.68333e-06	4.10431e-06
510	7	7	24	25	18	16	0.78773	0.2386	1.78131e-06	2.26132e-06
511	7	7	26	26	18	14	0.790824	0.23468	1.74891e-06	2.2115e-06
512	5	5	12	12	10	3	0.913328	0.09066	7.64246e-07	8.36771e-07
513	6	6	13	15	10	11	0.86045	0.1503	1.23146e-06	1.43118e-06
514	5	5	16	17	11	12	0.845388	0.16796	1.35026e-06	1.59721e-06
515	6	6	20	20	14	12	0.82961	0.1868	1.46555e-06	1.76655e-06
516	5	5	13	15	11	6	0.882673	0.1248	1.02877e-06	1.16551e-06
517	8	8	48	50	24	67	0.519079	0.6557	3.31292e-06	6.3823e-06
518	7	7	19	19	18	1	0.883009	0.12442	9.93948e-07	1.12564e-06
519	2	2	20	21	10	42	0.707456	0.34608	2.41737e-06	3.41699e-06
520	8	8	45	48	26	43	0.594081	0.52074	2.96697e-06	4.99421e-06
521	6	5	31	32	15	50	0.633839	0.45596	2.82881e-06	4.46298e-06
522	8	8	21	21	13	15	0.811898	0.20838	1.60951e-06	1.9824e-06
523	8	8	37	40	24	36	0.647394	0.4348	2.70009e-06	4.1707e-06
524	6	6	9	9	7	2	0.935457	0.06672	5.74646e-07	6.14295e-07
525	5	5	14	14	7	22	0.818633	0.20012	1.60386e-06	1.9592e-06
526	7	7	25	27	19	13	0.789891	0.23586	1.74946e-06	2.21482e-06
527	5	5	10	10	6	10	0.892436	0.1138	9.77939e-07	1.09581e-06
528	4	4	12	13	6	17	0.845066	0.16834	1.38344e-06	1.63708e-06
529	3	3	1	1	1	0	0.99374	0.00628	5.60942e-08	5.64476e-08
530	6	6	21	21	16	11	0.828631	0.18798	1.46657e-06	1.76986e-06
531	7	7	53	55	27	61	0.518663	0.6565	3.29131e-06	6.34574e-06
532	4	4	38	39	18	60	0.576419	0.55092	3.10658e-06	5.38945e-06
533	3	2	7	8	4	7	0.917649	0.08594	7.55696e-07	8.23513e-07
534	2	2	8	8	6	2	0.94135	0.06044	5.2513e-07	5.57847e-07
535	8	8	68	69	27	140	0.317486	1.14732	3.59824e-06	1.13335e-05
536	6	6	31	35	16	38	0.661265	0.4136	2.64158e-06	3.99473e-06
537	6	5	26	28	17	14	0.780953	0.24724	1.81525e-06	2.3244e-06
538	7	7	42	46	27	33	0.633066	0.45718	2.75383e-06	4.34999e-06
539	4	4	21	21	13	14	0.81605	0.20328	1.57438e-06	1.92926e-06
540	8	8	30	32	10	112	0.462014	0.77216	3.58395e-06	7.75724e-06
541	5	5	26	27	11	39	0.691799	0.36846	2.4879e-06	3.59628e-06
542	5	4	16	17	7	27	0.783127	0.24446	1.87497e-06	2.39421e-06
543	2	2	0	0	0	0	1	-0	0	0
544	8	8	57	60	18	128	0.35715	1.0296	3.63861e-06	1.01879e-05
545	8	6	46	49	31	40	0.599464	0.51172	2.93213e-06	4.89126e-06
546	4	4	30	34	15	57	0.603976	0.50422	2.98836e-06	4.94781e-06
547	5	5	29	32	12	65	0.587159	0.53246	3.08844e-06	5.25998e-06
548	4	3	27	29	12	52	0.639339	0.44732	2.81303e-06	4.39991e-06
549	8	8	58	61	33	54	0.517638	0.65848	3.26759e-06	6.3125e-06
550	5	5	24	28	13	36	0.698067	0.35944	2.43858e-06	3.49333e-06
551	8	8	53	55	29	66	0.505605	0.682	3.34276e-06	6.61141e-06
552	8	8	74	80	25	227	0.19012	1.6601	3.15163e-06	1.6577e-05
553	2	2	0	0	0	0	1	-0	0	0
554	6	6	18	19	15	5	0.865178	0.14482	1.15776e-06	1.33817e-06
555	7	7	21	23	13	38	0.713024	0.33824	2.36536e-06	3.31736e-06
556	5	5	14	16	8	17	0.829294	0.18718	1.49806e-06	1.80643e-06
557	7	6	17	17	9	13	0.841087	0.17306	1.38808e-06	1.65034e-06
558	6	6	31	33	20	29	0.701075	0.35514	2.3862e-06	3.40363e-06
559	6	6	22	23	16	14	0.805864	0.21584	1.6457e-06	2.04216e-06
560	4	4	23	23	18	6	0.839423	0.17504	1.35743e-06	1.61709e-06
561	7	7	38	39	22	39	0.641581	0.44382	2.74189e-06	4.27365e-06
562	3	3	9	10	4	13	0.878886	0.1291	1.10318e-06	1.25521e-06
563	8	8	33	36	17	42	0.643856	0.44028	2.74521e-06	4.26371e-06
564	3	2	4	4	4	0	0.975193	0.02512	2.20189e-07	2.2579e-07
565	6	6	74	79	26	402	0.0783695	2.54632	2.02342e-06	2.58189e-05
566	6	6	21	21	7	57	0.655354	0.42258	2.76166e-06	4.21399e-06
567	4	4	29	31	16	29	0.709936	0.34258	2.33621e-06	3.29074e-06
568	5	5	13	14	10	5	0.892776	0.11342	9.42711e-07	1.05593e-06
569	5	5	35	37	20	36	0.659707	0.41596	2.63972e-06	4.00136e-06
570	2	2	16	16	8	13	0.846386	0.16678	1.34905e-06	1.59389e-06
571	7	7	18	18	12	12	0.840095	0.17424	1.38923e-06	1.65366e-06
572	2	2	4	4	4	0	0.975193	0.02512	2.20189e-07	2.2579e-07
573	8	7	24	25	18	10	0.812207	0.208	1.57773e-06	1.94252e-06
574	5	5	1	1	1	0	0.99374	0.00628	5.60942e-08	5.64476e-08
575	6	6	17	17	12	8	0.862811	0.14756	1.19471e-06	1.38467e-06
576	8	8	54	59	24	108	0.397993	0.92132	3.60932e-06	9.06879e-06
577	8	8	46	50	21	75	0.498326	0.6965	3.39229e-06	6.80737e-06
578	8	8	71	73	35	91	0.397508	0.92254	3.56e-06	8.9558e-06
579	8	8	35	37	23	19	0.719456	0.32926	2.22894e-06	3.09809e-06
580	5	5	19	20	13	14	0.821191	0.197	1.53794e-06	1.87282e-06
581	6	6	39	40	26	21	0.698863	0.3583	2.35776e-06	3.3737e-06
582	6	6	58	66	22	161	0.290666	1.23558	3.56938e-06	1.228e-05
583	6	5	19	20	15	11	0.833851	0.1817	1.42874e-06	1.71342e-06
584	8	7	47	49	21	65	0.527704	0.63922	3.2821e-06	6.21959e-06
585	8	8	19	20	15	5	0.859762	0.1511	1.19904e-06	1.39462e-06
586	5	5	43	47	16	131	0.381647	0.96326	3.66896e-06	9.61349e-06
587	7	7	34	36	14	61	0.584394	0.53718	3.08165e-06	5.27324e-06
588	8	8	71	81	31	147	0.284114	1.25838	3.51814e-06	1.23828e-05
589	3	3	16	17	9	12	0.845388	0.16796	1.35026e-06	1.59721e-06
590	7	7	34	38	19	44	0.629367	0.46304	2.82137e-06	4.48287e-06
591	2	2	8	8	6	2	0.94135	0.06044	5.2513e-07	5.57847e-07
592	6	6	25	25	20	11	0.808075	0.2131	1.61264e-06	1.99566e-06
593	3	3	11	11	7	10	0.886849	0.12008	1.02188e-06	1.15226e-06
594	7	7	13	13	11	2	0.912251	0.09184	7.66369e-07	8.40085e-07
595	5	4	14	14	7	13	0.857083	0.15422	1.26934e-06	1.481e-06
596	5	5	37	39	22	28	0.678602	0.38772	2.50349e-06	3.68919e-06
597	2	2	4	4	4	0	0.975193	0.02512	2.20189e-07	2.2579e-07
598	5	3	13	15	9	16	0.838786	0.1758	1.42329e-06	1.69685e-06
599	8	8	34	39	22	59	0.579367	0.54582	3.09168e-06	5.33632e-06
600	7	7	29	30	17	47	0.651746	0.4281	2.73127e-06	4.19069e-06
601	9	9	22	22	15	14	0.810941	0.20956	1.6103e-06	1.98571e-06
602	7	7	37	38	24	20	0.711315	0.34064	2.28167e-06	3.20767e-06
603	5	5	23	25	17	14	0.795806	0.2284	1.71501e-06	2.15505e-06
604	6	6	15	16	6	32	0.768219	0.26368	2e-06	2.60342e-06
605	8	8	37	39	30	10	0.743847	0.29592	2.03278e-06	2.73279e-06
606	5	4	11	11	8	6	0.905127	0.09968	8.50568e-07	9.39723e-07
607	7	7	58	58	24	112	0.392413	0.93544	3.61996e-06	9.22488e-06
608	8	8	28	29	14	70	0.583261	0.53912	3.12413e-06	5.3563e-06
609	5	5	29	30	13	42	0.668579	0.4026	2.62419e-06	3.92502e-06
610	2	1	0	0	0	0	1	-0	0	0
611	7	7	67	72	30	105	0.372447	0.98766	3.59159e-06	9.64321e-06
612	5	5	17	17	9	15	0.832552	0.18326	1.46247e-06	1.75661e-06
613	8	8	25	27	13	31	0.720608	0.32766	2.2852e-06	3.17121e-06
614	7	6	35	39	20	47	0.615931	0.48462	2.89409e-06	4.69872e-06
615	6	6	14	16	10	12	0.850713	0.16168	1.31075e-06	1.54076e-06
616	5	5	34	35	19	37	0.664646	0.4085	2.61977e-06	3.94159e-06
617	6	6	24	24	16	13	0.804914	0.21702	1.64643e-06	2.04547e-06
618	3	3	15	19	8	48	0.694808	0.36412	2.51722e-06	3.6229e-06
619	5	5	38	43	22	39	0.625665	0.46894	2.81514e-06	4.49944e-06
620	5	4	14	14	10	10	0.870298	0.13892	1.15018e-06	1.3216e-06
621	6	6	23	26	12	60	0.625452	0.46928	2.91187e-06	4.65563e-06
622	3	3	22	24	10	37	0.712183	0.33942	2.36493e-06	3.32067e-06
623	7	7	24	27	13	46	0.667537	0.40416	2.64893e-06	3.96821e-06
624	1	0	0	0	0	0	1	-0	0	0
625	8	8	49	51	22	77	0.490181	0.71298	3.4166e-06	6.97008e-06
626	7	7	28	28	20	11	0.792994	0.23194	1.71683e-06	2.165e-06
627	6	6	44	45	25	49	0.587135	0.5325	3.02003e-06	5.14367e-06
628	8	8	53	55	24	84	0.461257	0.7738	3.4907e-06	7.56781e-06
629	2	2	3	3	3	0	0.981336	0.01884	1.66182e-07	1.69343e-07
630	9	8	44	47	22	65	0.534374	0.62666	3.26326e-06	6.1067e-06
631	7	7	27	30	16	39	0.678887	0.3873	2.55643e-06	3.76562e-06
632	2	2	11	11	8	4	0.914407	0.08948	7.62118e-07	8.33456e-07
633	5	5	27	29	15	36	0.693697	0.36572	2.46247e-06	3.54978e-06
634	8	8	46	51	29	48	0.568315	0.56508	3.08551e-06	5.42922e-06
635	8	8	42	45	26	33	0.637055	0.4509	2.73522e-06	4.29354e-06
636	8	7	62	71	31	145	0.30563	1.18538	3.57957e-06	1.17121e-05
637	8	7	57	60	29	121	0.37013	0.9939	3.63319e-06	9.81597e-06
638	4	4	11	13	11	3	0.90761	0.09694	8.10694e-07	8.93218e-07
639	6	6	16	17	12	7	0.867222	0.14246	1.15474e-06	1.33154e-06
640	8	8	20	20	12	24	0.78036	0.248	1.8761e-06	2.40415e-06
641	3	3	3	3	3	0	0.981336	0.01884	1.66182e-07	1.69343e-07
642	8	8	46	48	19	161	0.325452	1.12254	3.66587e-06	1.12639e-05
643	3	3	6	6	5	1	0.958122	0.04278	3.7541e-07	3.91819e-07
644	8	8	34	36	20	29	0.687991	0.37398	2.45817e-06	3.57298e-06
645	4	4	11	12	9	4	0.908682	0.09576	8.0864e-07	8.89904e-07
646	8	7	23	25	10	33	0.722311	0.3253	2.28581e-06	3.16459e-06
647	3	3	0	0	0	0	1	-0	0	0
648	2	2	15	18	11	22	0.798325	0.22524	1.74433e-06	2.18499e-06
649	5	5	29	31	10	65	0.590858	0.52618	3.07455e-06	5.20353e-06
650	1	1	22	22	7	43	0.699451	0.35746	2.46667e-06	3.52657e-06
651	6	6	30	31	16	33	0.6956	0.36298	2.43688e-06	3.50327e-06
652	4	4	26	28	9	95	0.516676	0.66034	3.42462e-06	6.62819e-06
653	8	8	37	41	22	44	0.617621	0.48188	2.8733e-06	4.65221e-06
654	8	8	36	36	22	26	0.698598	0.35868	2.38472e-06	3.41358e-06
655	4	3	22	22	9	31	0.743594	0.29626	2.14823e-06	2.88898e-06
656	8	8	43	44	22	56	0.570113	0.56192	3.11234e-06	5.45915e-06
657	8	7	37	40	25	18	0.709638	0.343	2.28099e-06	3.2143e-06
658	9	9	49	52	21	104	0.42445	0.85696	3.59133e-06	8.46113e-06
659	4	4	16	16	13	4	0.88614	0.12088	9.88662e-07	1.11569e-06
660	6	6	24	27	18	16	0.777898	0.25116	1.8469e-06	2.37422e-06
661	6	6	30	31	14	31	0.702732	0.35278	2.38718e-06	3.397e-06
662	6	6	46	47	19	104	0.43799	0.82556	3.58227e-06	8.17889e-06
663	8	8	25	27	16	20	0.76219	0.27156	1.97159e-06	2.58675e-06
664	8	8	27	27	12	35	0.706057	0.34806	2.38912e-06	3.38375e-06
665	5	5	16	17	11	10	0.854055	0.15776	1.27335e-06	1.49094e-06
666	4	4	37	39	16	111	0.444405	0.81102	3.59934e-06	8.09924e-06
667	2	2	10	10	6	7	0.906196	0.0985	8.48569e-07	9.36408e-07
668	5	5	21	22	11	23	0.77456	0.25546	1.90845e-06	2.46391e-06
669	8	8	56	60	27	102	0.407791	0.897	3.59119e-06	8.80644e-06
670	6	6	24	24	16	15	0.796745	0.22722	1.71439e-06	2.15174e-06
671	5	5	25	25	18	11	0.808075	0.2131	1.61264e-06	1.99566e-06
672	6	6	25	25	13	31	0.729716	0.3151	2.2317e-06	3.05832e-06
673	4	4	6	7	4	6	0.928152	0.07456	6.62638e-07	7.13932e-07
674	4	4	24	25	17	11	0.808075	0.2131	1.61264e-06	1.99566e-06
675	6	6	27	29	14	63	0.60446	0.50342	3.01285e-06	4.98437e-06
676	3	3	8	9	5	7	0.911905	0.09222	8.0244e-07	8.79961e-07
677	3	3	9	9	7	2	0.935457	0.06672	5.74646e-07	6.14295e-07
678	8	8	21	22	14	13	0.815087	0.20446	1.57522e-06	1.93258e-06
679	8	8	48	51	27	79	0.485207	0.72318	3.43349e-06	7.07635e-06
680	5	5	18	19	10	27	0.773353	0.25702	1.93887e-06	2.5071e-06
681	4	4	27	30	10	86	0.534192	0.627	3.34558e-06	6.26288e-06
682	8	8	27	28	18	11	0.792994	0.23194	1.71683e-06	2.165e-06
683	6	6	51	54	24	84	0.464163	0.76752	3.48649e-06	7.51136e-06
684	6	6	12	12	10	2	0.917998	0.08556	7.19378e-07	7.83638e-07
685	8	8	46	52	25	80	0.479716	0.73456	3.44721e-06	7.18593e-06
686	2	2	2	2	2	0	0.987519	0.01256	1.11486e-07	1.12895e-07
687	8	8	18	19	13	7	0.856398	0.15502	1.23701e-06	1.44444e-06
688	8	8	16	16	11	6	0.877148	0.13108	1.07184e-06	1.22196e-06
689	6	6	23	24	14	17	0.78866	0.23742	1.7808e-06	2.25801e-06
690	6	6	37	40	20	53	0.593629	0.5215	3.01205e-06	5.07396e-06
691	8	8	47	50	29	45	0.580712	0.5435	3.02747e-06	5.21337e-06
692	8	8	42	43	21	43	0.613031	0.48934	2.88859e-06	4.71197e-06
693	3	3	20	21	13	10	0.832868	0.18288	1.42981e-06	1.71673e-06
694	6	6	32	35	18	28	0.695865	0.3626	2.41005e-06	3.4634e-06
695	4	4	18	19	6	59	0.656902	0.42022	2.76383e-06	4.20736e-06
696	8	8	36	38	28	17	0.722282	0.32534	2.20171e-06	3.04827e-06
697	8	8	26	26	18	18	0.774855	0.25508	1.87827e-06	2.42404e-06
698	8	8	39	42	19	80	0.510809	0.67176	3.3823e-06	6.62146e-06
699	7	7	57	58	28	62	0.506394	0.68044	3.32611e-06	6.56822e-06
700	6	6	21	21	14	11	0.828631	0.18798	1.46657e-06	1.76986e-06
701	6	6	18	18	9	17	0.818944	0.19974	1.57182e-06	1.91932e-06
702	3	3	31	33	9	102	0.483144	0.72744	3.51843e-06	7.28236e-06
703	4	4	17	19	8	38	0.731162	0.31312	2.26044e-06	3.09157e-06
704	2	2	7	8	7	1	0.946163	0.05534	4.77542e-07	5.04714e-07
705	3	3	20	21	13	11	0.828631	0.18798	1.46657e-06	1.76986e-06
706	8	8	48	49	25	51	0.56676	0.56782	3.10342e-06	5.47573e-06
707	7	7	15	15	11	10	0.864849	0.1452	1.1918e-06	1.37805e-06
708	8	6	16	17	12	8	0.862811	0.14756	1.19471e-06	1.38467e-06
709	4	4	58	61	18	244	0.196424	1.62748	3.22289e-06	1.64078e-05
710	8	8	43	46	23	41	0.607757	0.49798	2.90207e-06	4.77505e-06
711	4	3	3	3	3	0	0.981336	0.01884	1.66182e-07	1.69343e-07
712	8	7	29	29	17	28	0.722585	0.32492	2.25787e-06	3.12471e-06
713	4	4	15	15	6	14	0.847385	0.1656	1.34783e-06	1.59058e-06
714	8	7	46	46	14	78	0.503244	0.68668	3.39236e-06	6.74098e-06
715	7	6	24	26	19	11	0.803017	0.21938	1.64787e-06	2.0521e-06
716	7	7	30	30	14	28	0.718062	0.3312	2.28427e-06	3.18116e-06
717	6	6	7	7	7	0	0.956992	0.04396	3.78139e-07	3.95133e-07
718	8	8	58	63	28	74	0.461608	0.77304	3.45654e-06	7.48806e-06
719	6	6	28	29	10	39	0.683164	0.38102	2.53398e-06	3.70918e-06
720	7	7	23	24	17	22	0.768803	0.26292	1.94021e-06	2.52367e-06
721	10	9	39	40	29	14	0.724264	0.3226	2.17407e-06	3.00177e-06
722	8	8	34	35	21	22	0.717487	0.332	2.25621e-06	3.1446e-06
723	6	6	10	10	6	7	0.906196	0.0985	8.48569e-07	9.36408e-07
724	2	2	14	14	4	28	0.793962	0.23072	1.80864e-06	2.278e-06
725	8	8	35	35	23	17	0.736019	0.3065	2.11895e-06	2.87893e-06
726	8	8	40	42	22	72	0.532081	0.63096	3.29698e-06	6.19639e-06
727	5	5	23	23	11	39	0.709397	0.34334	2.39102e-06	3.37049e-06
728	5	5	43	49	17	127	0.384651	0.95542	3.65951e-06	9.51385e-06
729	6	6	53	59	22	133	0.350351	1.04882	3.64264e-06	1.03971e-05
730	4	4	14	14	8	12	0.861466	0.14912	1.23006e-06	1.42786e-06
731	3	3	16	17	7	26	0.787131	0.23936	1.84273e-06	2.34107e-06
732	8	8	55	58	31	64	0.501255	0.69064	3.34562e-06	6.67449e-06
733	5	5	35	36	18	46	0.630855	0.46068	2.82386e-06	4.47624e-06
734	8	8	29	31	10	108	0.474506	0.74548	3.55323e-06	7.48826e-06
735	8	8	45	50	25	85	0.473549	0.7475	3.47523e-06	7.3387e-06
736	6	6	30	30	20	20	0.747964	0.2904	2.06146e-06	2.75609e-06
737	5	5	24	24	17	11	0.813166	0.20682	1.5769e-06	1.93921e-06
738	3	3	18	19	8	33	0.750047	0.28762	2.11956e-06	2.8259e-06
739	7	7	41	44	21	73	0.522767	0.64862	3.32606e-06	6.36242e-06
740	6	6	30	31	19	16	0.7586	0.27628	1.97237e-06	2.60001e-06
741	8	8	16	17	12	8	0.862811	0.14756	1.19471e-06	1.38467e-06
742	5	5	30	31	18	29	0.709936	0.34258	2.33621e-06	3.29074e-06
743	5	5	22	22	9	28	0.755059	0.28096	2.06099e-06	2.72958e-06
744	4	4	14	15	11	10	0.864849	0.1452	1.1918e-06	1.37805e-06
745	1	1	3	3	2	1	0.976344	0.02394	2.17213e-07	2.22476e-07
746	3	3	14	14	8	12	0.861466	0.14912	1.23006e-06	1.42786e-06
747	5	5	15	16	7	17	0.829294	0.18718	1.49806e-06	1.80643e-06
748	8	8	45	47	19	65	0.534374	0.62666	3.26326e-06	6.1067e-06
749	8	8	54	60	23	159	0.304922	1.1877	3.60876e-06	1.1835e-05
750	9	9	23	25	14	20	0.771823	0.259	1.90938e-06	2.47385e-06
751	4	4	32	35	13	80	0.533765	0.6278	3.32339e-06	6.22632e-06
752	6	6	29	31	13	47	0.647666	0.43438	2.75073e-06	4.24714e-06
753	8	8	22	22	14	15	0.806816	0.21466	1.64497e-06	2.03885e-06
754	4	4	43	43	16	100	0.458388	0.78004	3.54818e-06	7.74057e-06
755	7	7	55	59	30	61	0.505797	0.68162	3.32386e-06	6.57153e-06
756	5	5	25	26	13	44	0.678629	0.38768	2.58252e-06	3.8055e-06
757	3	3	13	15	6	30	0.780984	0.2472	1.90616e-06	2.44071e-06
758	4	4	23	24	12	23	0.764892	0.26802	1.97098e-06	2.57681e-06
759	7	7	43	44	23	46	0.599943	0.51092	2.95641e-06	4.92782e-06
760	7	7	45	47	22	46	0.588746	0.52976	3.00094e-06	5.09716e-06
761	8	8	73	77	29	151	0.285458	1.25366	3.531e-06	1.23696e-05
762	5	5	10	10	5	9	0.896999	0.1087	9.35279e-07	1.04267e-06
763	5	5	21	22	9	55	0.657928	0.41866	2.73973e-06	4.16417e-06
764	8	8	37	38	20	47	0.619811	0.47834	2.87733e-06	4.64227e-06
765	4	2	20	21	10	22	0.783425	0.24408	1.84444e-06	2.35433e-06
766	6	6	43	45	25	38	0.621015	0.4764	2.83133e-06	4.5592e-06
767	7	7	32	34	19	30	0.693142	0.36652	2.43516e-06	3.51321e-06
768	8	8	30	32	16	31	0.698332	0.35906	2.41166e-06	3.45345e-06
769	6	6	35	38	16	60	0.580051	0.54464	3.09341e-06	5.333e-06
770	8	7	37	39	28	16	0.72143	0.32652	2.20151e-06	3.05159e-06
771	6	6	30	30	20	20	0.747964	0.2904	2.06146e-06	2.75609e-06
772	4	4	40	43	18	69	0.536902	0.62194	3.27158e-06	6.09344e-06
773	4	4	12	12	7	9	0.885804	0.12126	1.02361e-06	1.15557e-06
774	6	6	19	22	14	12	0.819255	0.19936	1.53975e-06	1.87945e-06
775	4	4	25	26	11	37	0.703294	0.35198	2.41481e-06	3.43357e-06
776	5	5	32	32	19	22	0.731133	0.31316	2.17531e-06	2.97525e-06
777	11	11	45	45	23	42	0.608475	0.4968	2.90348e-06	4.77174e-06
778	8	8	46	52	31	53	0.550538	0.59686	3.16633e-06	5.75133e-06
779	8	8	45	49	21	77	0.496377	0.70042	3.40375e-06	6.85719e-06
780	4	4	13	13	10	3	0.90761	0.09694	8.10694e-07	8.93218e-07
781	2	2	4	4	4	0	0.975193	0.02512	2.20189e-07	2.2579e-07
782	8	8	41	48	15	136	0.369709	0.99504	3.67328e-06	9.9356e-06
783	7	7	13	13	11	2	0.912251	0.09184	7.66369e-07	8.40085e-07
784	5	5	22	23	11	29	0.746515	0.29234	2.11947e-06	2.83916e-06
785	2	2	6	7	6	1	0.952124	0.04906	4.26805e-07	4.48266e-07
786	9	9	21	21	15	9	0.837127	0.17778	1.39264e-06	1.6636e-06
787	7	7	48	51	21	85	0.470584	0.75378	3.48004e-06	7.39515e-06
788	8	8	26	31	14	76	0.558623	0.58228	3.23331e-06	5.788e-06
789	5	5	14	14	8	16	0.84407	0.16952	1.38461e-06	1.6404e-06
790	4	4	23	23	8	45	0.688018	0.37394	2.5383e-06	3.68929e-06
791	8	8	20	21	8	52	0.67228	0.39708	2.65438e-06	3.94833e-06
792	5	5	17	17	9	14	0.836809	0.17816	1.42548e-06	1.70347e-06
793	8	8	27	29	17	57	0.623242	0.47282	2.90778e-06	4.66557e-06
794	4	4	21	22	9	79	0.582131	0.54106	3.16643e-06	5.43937e-06
795	5	5	17	19	11	17	0.813817	0.20602	1.60791e-06	1.97577e-06
796	8	8	65	70	26	136	0.322001	1.1332	3.59915e-06	1.11774e-05
797	8	8	24	24	19	5	0.838434	0.17622	1.3586e-06	1.62041e-06
798	5	5	23	23	9	37	0.71667	0.33314	2.33937e-06	3.26422e-06
799	6	6	14	15	9	12	0.856073	0.1554	1.27068e-06	1.48431e-06
800	3	3	0	0	0	0	1	-0	0	0
801	5	4	19	20	9	31	0.752993	0.2837	2.09037e-06	2.77608e-06
802	5	5	12	12	10	3	0.913328	0.09066	7.64246e-07	8.36771e-07
803	6	6	21	21	11	19	0.795504	0.22878	1.74607e-06	2.19493e-06
804	4	4	4	4	3	1	0.970232	0.03022	2.70621e-07	2.78924e-07
805	8	8	47	49	21	73	0.506607	0.68002	3.36623e-06	6.64466e-06
806	3	3	15	16	8	23	0.804302	0.21778	1.70932e-06	2.12523e-06
807	7	7	25	26	17	13	0.794867	0.22958	1.71562e-06	2.15837e-06
808	4	4	9	9	5	10	0.898059	0.10752	9.33407e-07	1.03936e-06
809	4	4	16	18	7	27	0.778225	0.25074	1.90716e-06	2.45065e-06
810	5	5	35	36	16	39	0.653783	0.42498	2.68333e-06	4.10431e-06
811	6	6	35	40	9	119	0.423967	0.8581	3.63796e-06	8.58075e-06
812	2	2	13	13	7	12	0.866893	0.14284	1.18887e-06	1.37142e-06
813	8	8	47	50	28	47	0.574819	0.5537	3.05783e-06	5.31964e-06
814	6	6	17	18	11	17	0.818944	0.19974	1.57182e-06	1.91932e-06
815	4	4	9	9	9	0	0.945048	0.05652	4.80111e-07	5.08028e-07
816	7	7	37	44	20	101	0.453201	0.79142	3.55769e-06	7.85015e-06
817	7	7	40	43	21	48	0.597596	0.51484	2.97462e-06	4.97764e-06
818	9	8	51	51	33	25	0.639045	0.44778	2.68856e-06	4.20716e-06
819	3	3	4	4	3	1	0.970232	0.03022	2.70621e-07	2.78924e-07
820	8	7	36	40	22	34	0.654031	0.4246	2.65827e-06	4.06443e-06
821	8	8	45	48	22	66	0.528327	0.63804	3.28423e-06	6.21628e-06
822	6	6	31	34	17	31	0.689616	0.37162	2.45941e-06	3.56635e-06
823	5	5	22	22	10	20	0.786502	0.24016	1.8125e-06	2.30451e-06
824	7	7	35	36	24	18	0.72769	0.31788	2.17471e-06	2.98851e-06
825	6	4	25	27	18	19	0.766087	0.26646	1.94097e-06	2.53362e-06
826	8	8	44	46	21	74	0.513616	0.66628	3.35311e-06	6.52845e-06
827	7	7	33	37	18	49	0.617387	0.48226	2.89683e-06	4.69209e-06
828	5	5	33	36	18	47	0.627645	0.46578	2.84284e-06	4.52937e-06
829	5	5	7	7	7	0	0.956992	0.04396	3.78139e-07	3.95133e-07
830	8	8	41	44	24	64	0.547321	0.60272	3.22056e-06	5.88422e-06
831	5	5	22	25	9	40	0.696979	0.361	2.46488e-06	3.53652e-06
832	7	6	14	14	10	7	0.883716	0.12362	1.02705e-06	1.1622e-06
833	2	2	29	30	8	144	0.397405	0.9228	3.71359e-06	9.34461e-06
834	8	8	48	50	27	39	0.598757	0.5129	2.93066e-06	4.89457e-06
835	3	3	25	26	11	31	0.725148	0.32138	2.25867e-06	3.11477e-06
836	4	4	19	20	11	25	0.77639	0.2531	1.90781e-06	2.45728e-06
837	3	3	3	3	3	0	0.981336	0.01884	1.66182e-07	1.69343e-07
838	2	2	5	5	4	1	0.964158	0.0365	3.23351e-07	3.35371e-07
839	1	1	7	8	6	3	0.936562	0.06554	5.72221e-07	6.1098e-07
840	8	8	28	36	16	64	0.575521	0.55248	3.1266e-06	5.43264e-06
841	9	9	62	65	34	78	0.446641	0.806	3.48982e-06	7.81348e-06
842	6	6	40	42	20	45	0.610632	0.49326	2.90771e-06	4.76179e-06
843	6	6	28	28	20	12	0.78896	0.23704	1.75002e-06	2.21813e-06
844	7	7	20	20	15	8	0.846707	0.1664	1.3158e-06	1.55402e-06
845	9	8	23	24	17	8	0.825703	0.19152	1.46959e-06	1.77981e-06
846	8	7	31	31	18	26	0.720882	0.32728	2.25733e-06	3.13134e-06
847	8	8	20	21	17	7	0.845709	0.16758	1.31705e-06	1.55733e-06
848	8	8	62	67	27	141	0.319864	1.13986	3.60607e-06	1.12738e-05
849	8	8	26	27	17	18	0.770004	0.26136	1.90998e-06	2.48048e-06
850	4	4	20	21	10	19	0.795504	0.22878	1.74607e-06	2.19493e-06
851	5	5	11	12	10	2	0.917998	0.08556	7.19378e-07	7.83638e-07
852	5	5	9	9	7	2	0.935457	0.06672	5.74646e-07	6.14295e-07
853	6	6	46	49	28	52	0.563877	0.57292	3.11759e-06	5.52886e-06
854	5	5	16	16	12	5	0.881632	0.12598	1.03048e-06	1.16883e-06
855	7	7	36	38	19	41	0.639071	0.44774	2.763e-06	4.32347e-06
856	7	7	47	48	27	44	0.591059	0.52584	2.98328e-06	5.04735e-06
857	3	2	1	1	1	0	0.99374	0.00628	5.60942e-08	5.64476e-08
858	0	0	0	0	0	0	1	-0	0	0
859	6	6	31	36	15	54	0.605634	0.50148	2.9684e-06	4.90131e-06
860	3	3	10	12	7	11	0.876814	0.13146	1.1064e-06	1.26184e-06
861	6	6	29	31	20	21	0.739501	0.30178	2.11917e-06	2.86567e-06
862	5	5	30	31	21	21	0.739501	0.30178	2.11917e-06	2.86567e-06
863	6	6	38	39	18	49	0.609681	0.49482	2.92951e-06	4.80498e-06
864	3	3	18	19	6	59	0.656902	0.42022	2.76383e-06	4.20736e-06
865	4	4	17	18	6	42	0.720911	0.32724	2.34127e-06	3.24765e-06
866	3	3	4	4	4	0	0.975193	0.02512	2.20189e-07	2.2579e-07
867	5	5	12	13	7	13	0.862483	0.14794	1.22865e-06	1.42455e-06
868	9	9	105	116	42	461	0.0459786	3.07958	1.42728e-06	3.10423e-05
869	6	6	14	15	13	2	0.900865	0.1044	8.58507e-07	9.5298e-07
870	6	6	15	15	10	7	0.878183	0.1299	1.07019e-06	1.21865e-06
871	4	4	13	13	8	11	0.871325	0.13774	1.14865e-06	1.31828e-06
872	7	7	19	19	12	13	0.830589	0.18562	1.46452e-06	1.76324e-06
873	8	8	33	34	23	21	0.725699	0.32062	2.20251e-06	3.03502e-06
874	10	10	53	58	28	55	0.524799	0.64474	3.2518e-06	6.19629e-06
875	7	6	36	38	19	43	0.632585	0.45794	2.80219e-06	4.42974e-06
876	2	2	2	2	2	0	0.987519	0.01256	1.11486e-07	1.12895e-07
877	8	7	47	48	30	31	0.631574	0.45954	2.75152e-06	4.35661e-06
878	8	8	43	46	25	43	0.601589	0.50818	2.93655e-06	4.88132e-06
879	6	6	38	41	17	59	0.572135	0.55838	3.11768e-06	5.44921e-06
880	7	7	46	51	22	77	0.490181	0.71298	3.4166e-06	6.97008e-06
881	8	8	18	18	15	3	0.879554	0.12834	1.03388e-06	1.17546e-06
882	8	8	28	30	18	20	0.747964	0.2904	2.06146e-06	2.75609e-06
883	7	7	47	49	26	44	0.587358	0.53212	2.99776e-06	5.10379e-06
884	7	7	36	39	13	86	0.504837	0.68352	3.41821e-06	6.77091e-06
885	3	3	15	16	10	7	0.872686	0.13618	1.11276e-06	1.27509e-06
886	8	7	35	37	27	15	0.734284	0.30886	2.11882e-06	2.88556e-06
887	4	3	13	18	6	57	0.667818	0.40374	2.70109e-06	4.04465e-06
888	6	6	14	17	6	39	0.736637	0.30566	2.23334e-06	3.0318e-06
889	3	3	19	21	7	36	0.729439	0.31548	2.25994e-06	3.09819e-06
890	5	5	47	51	21	121	0.391653	0.93738	3.64548e-06	9.30794e-06
891	5	5	24	24	10	52	0.659733	0.41592	2.71656e-06	4.11767e-06
892	8	7	23	24	13	28	0.745634	0.29352	2.11944e-06	2.84247e-06
893	5	4	28	30	18	20	0.747964	0.2904	2.06146e-06	2.75609e-06
894	5	4	8	9	7	2	0.935457	0.06672	5.74646e-07	6.14295e-07
895	3	3	8	8	5	4	0.931797	0.07064	6.18819e-07	6.64114e-07
896	7	7	19	22	14	12	0.819255	0.19936	1.53975e-06	1.87945e-06
897	6	5	5	5	5	0	0.969088	0.0314	2.73513e-07	2.82238e-07
898	9	9	38	39	26	30	0.671716	0.39792	2.54947e-06	3.79545e-06
899	7	6	26	29	20	14	0.776064	0.25352	1.84769e-06	2.38085e-06
900	7	7	27	29	19	12	0.784021	0.24332	1.78332e-06	2.27458e-06
901	9	9	60	64	29	77	0.451753	0.79462	3.48026e-06	7.7039e-06
902	8	8	38	42	21	90	0.485411	0.72276	3.47204e-06	7.15279e-06
903	7	7	37	41	22	29	0.666723	0.40538	2.57036e-06	3.85521e-06
904	6	5	31	31	18	39	0.674637	0.39358	2.57851e-06	3.82207e-06
905	8	8	30	33	16	38	0.669623	0.40104	2.59937e-06	3.88183e-06
906	8	8	38	40	23	39	0.637564	0.4501	2.76072e-06	4.3301e-06
907	7	7	22	24	14	32	0.730577	0.31392	2.23192e-06	3.055e-06
908	7	7	28	30	14	46	0.655079	0.423	2.71042e-06	4.13756e-06
909	7	7	39	40	22	38	0.640824	0.445	2.74078e-06	4.27697e-06
910	8	8	57	59	31	58	0.513595	0.66632	3.29324e-06	6.41213e-06
911	7	7	40	42	23	44	0.613755	0.48816	2.88996e-06	4.70866e-06
912	6	6	10	10	7	4	0.920167	0.0832	7.14978e-07	7.77009e-07
913	8	8	17	17	13	7	0.867222	0.14246	1.15474e-06	1.33154e-06
914	2	2	2	2	2	0	0.987519	0.01256	1.11486e-07	1.12895e-07
915	7	7	31	32	18	45	0.65021	0.43046	2.72914e-06	4.19732e-06
916	5	5	31	33	11	106	0.473388	0.74784	3.54799e-06	7.49489e-06
917	6	6	18	19	13	8	0.852042	0.16012	1.27599e-06	1.49757e-06
918	3	3	14	15	11	7	0.878183	0.1299	1.07019e-06	1.21865e-06
919	1	1	12	13	6	14	0.858095	0.15304	1.26799e-06	1.47768e-06
920	8	8	24	26	16	46	0.671743	0.39788	2.6277e-06	3.91176e-06
921	6	6	27	29	16	24	0.737477	0.30452	2.14766e-06	2.91218e-06
922	5	5	4	4	3	1	0.970232	0.03022	2.70621e-07	2.78924e-07
923	6	5	19	20	13	13	0.825389	0.1919	1.50195e-06	1.81968e-06
924	8	8	42	44	18	57	0.567213	0.56702	3.12664e-06	5.51229e-06
925	7	7	14	16	8	10	0.859435	0.15148	1.23285e-06	1.43449e-06
926	8	8	34	35	26	10	0.762769	0.2708	1.91226e-06	2.507e-06
927	7	7	18	18	14	6	0.8662	0.14364	1.15625e-06	1.33486e-06
928	2	2	3	3	2	1	0.976344	0.02394	2.17213e-07	2.22476e-07
929	8	8	21	21	12	22	0.783425	0.24408	1.84444e-06	2.35433e-06
930	8	8	22	24	16	19	0.780657	0.24762	1.84569e-06	2.36427e-06
931	7	7	11	12	6	16	0.854738	0.15696	1.30561e-06	1.5275e-06
932	8	7	26	26	18	19	0.770913	0.26018	1.90968e-06	2.47717e-06
933	6	6	74	79	23	392	0.0824701	2.49532	2.08547e-06	2.52876e-05
934	8	8	55	58	21	132	0.354361	1.03744	3.6455e-06	1.02875e-05
935	6	6	52	54	28	63	0.516634	0.66042	3.30417e-06	6.39556e-06
936	7	5	39	41	18	52	0.592929	0.52268	3.01047e-06	5.07728e-06
937	3	3	15	16	6	31	0.772147	0.25858	1.9692e-06	2.55029e-06
938	9	9	88	88	41	145	0.274682	1.29214	3.48069e-06	1.26717e-05
939	6	6	33	34	19	30	0.693142	0.36652	2.43516e-06	3.51321e-06
940	7	7	21	23	6	52	0.663889	0.40964	2.6962e-06	4.06122e-06
941	6	6	17	18	11	16	0.823131	0.19464	1.53612e-06	1.86619e-06
942	4	4	26	27	17	17	0.773941	0.25626	1.87862e-06	2.42735e-06
943	5	4	8	8	5	6	0.922341	0.08084	7.10553e-07	7.7038e-07
944	6	6	49	52	17	140	0.353257	1.04056	3.66466e-06	1.03739e-05
945	4	4	56	59	20	186	0.26737	1.31912	3.53282e-06	1.32132e-05
946	1	1	5	6	5	1	0.958122	0.04278	3.7541e-07	3.91819e-07
947	7	7	43	44	28	25	0.667764	0.40382	2.54553e-06	3.81202e-06
948	8	8	21	21	13	15	0.811898	0.20838	1.60951e-06	1.9824e-06
949	5	5	35	35	14	71	0.558836	0.5819	3.21226e-06	5.74812e-06
950	6	6	19	19	10	18	0.809677	0.21112	1.64276e-06	2.0289e-06
951	6	6	19	20	12	15	0.817013	0.2021	1.57353e-06	1.92595e-06
952	5	5	21	23	11	39	0.709397	0.34334	2.39102e-06	3.37049e-06
953	8	8	53	55	19	120	0.38389	0.9574	3.63951e-06	9.4806e-06
954	10	10	57	63	24	120	0.36508	1.00764	3.62604e-06	9.93218e-06
955	3	3	15	15	11	5	0.887187	0.1197	9.86889e-07	1.11238e-06
956	4	4	44	45	19	112	0.425794	0.8538	3.61544e-06	8.49106e-06
957	4	4	39	39	21	32	0.664899	0.40812	2.59425e-06	3.90172e-06
958	8	8	29	29	17	31	0.711614	0.34022	2.33702e-06	3.28411e-06
959	8	8	44	46	26	31	0.639557	0.44698	2.7141e-06	4.24372e-06
960	8	8	34	36	24	21	0.716641	0.33318	2.25592e-06	3.14791e-06
961	6	5	8	8	6	2	0.94135	0.06044	5.2513e-07	5.57847e-07
962	8	8	20	22	14	10	0.827654	0.18916	1.46758e-06	1.77318e-06
963	4	4	18	20	8	33	0.745351	0.2939	2.14836e-06	2.88235e-06
964	4	4	5	5	5	0	0.969088	0.0314	2.73513e-07	2.82238e-07
965	8	8	55	60	31	61	0.50263	0.6879	3.33143e-06	6.62798e-06
966	3	3	8	10	5	15	0.869967	0.1393	1.18444e-06	1.36147e-06
967	8	8	33	35	17	38	0.661265	0.4136	2.64158e-06	3.99473e-06
968	7	7	30	31	17	24	0.728272	0.31708	2.20308e-06	3.02507e-06
969	8	7	17	17	11	9	0.858422	0.15266	1.23425e-06	1.43781e-06
970	5	5	29	30	14	38	0.682359	0.3822	2.53325e-06	3.71249e-06
971	3	3	9	9	6	6	0.916567	0.08712	7.57843e-07	8.26828e-07
972	7	7	32	35	21	22	0.717487	0.332	2.25621e-06	3.1446e-06
973	2	2	20	20	8	37	0.7303	0.3143	2.26019e-06	3.09488e-06
974	8	8	32	34	15	38	0.665431	0.40732	2.62065e-06	3.93828e-06
975	8	8	40	41	20	57	0.578001	0.54818	3.08823e-06	5.34294e-06
976	8	8	28	30	19	15	0.767283	0.2649	1.91086e-06	2.49043e-06
977	10	10	55	57	24	260	0.185637	1.68396	3.1618e-06	1.70321e-05
978	5	5	48	54	25	112	0.402395	0.91032	3.62119e-06	8.99909e-06
979	6	6	45	48	17	82	0.486928	0.71964	3.44083e-06	7.06641e-06
980	2	2	22	25	11	49	0.665711	0.4069	2.67264e-06	4.01472e-06
981	7	7	47	49	22	74	0.50403	0.68512	3.37588e-06	6.69779e-06
982	6	6	27	28	18	22	0.749732	0.28804	2.06136e-06	2.74946e-06
983	9	9	45	50	19	84	0.47597	0.7424	3.46771e-06	7.28557e-06
984	5	5	24	24	16	12	0.809029	0.21192	1.61186e-06	1.99234e-06
985	5	5	29	31	14	43	0.661014	0.41398	2.66693e-06	4.0346e-06
986	5	5	20	20	14	16	0.812857	0.2072	1.60871e-06	1.97908e-06
987	8	8	41	46	25	44	0.598529	0.51328	2.95341e-06	4.93445e-06
988	3	3	6	7	2	9	0.914059	0.08986	7.98277e-07	8.73332e-07
989	3	2	3	3	3	0	0.981336	0.01884	1.66182e-07	1.69343e-07
990	5	5	51	54	21	113	0.400348	0.91542	3.62404e-06	9.05222e-06
991	8	8	20	21	16	6	0.850033	0.16248	1.27862e-06	1.5042e-06
992	7	7	24	25	14	26	0.748563	0.2896	2.09048e-06	2.79265e-06
993	5	5	52	54	23	78	0.478586	0.73692	3.44226e-06	7.19256e-06
994	8	8	29	30	15	45	0.658428	0.4179	2.6893e-06	4.08442e-06
995	6	6	21	23	12	22	0.773647	0.25664	1.90876e-06	2.46723e-06
996	6	6	24	25	11	33	0.722311	0.3253	2.28581e-06	3.16459e-06
997	7	6	49	52	24	102	0.428802	0.84676	3.58258e-06	8.35486e-06
998	2	2	4	4	4	0	0.975193	0.02512	2.20189e-07	2.2579e-07
999	3	3	4	5	4	1	0.964158	0.0365	3.23351e-07	3.35371e-07
1000	3	3	17	17	9	16	0.828316	0.18836	1.49904e-06	1.80974e-06