Hist	Tr_Tot	Tr_in	DSBs	DSBt	RIFs	NComb	PSurv	lPSurv	PMut*	PMut
1	11	11	20	20	17	3	0.868576	0.1409	1.11903e-06	1.28835e-06
2	11	11	15	17	9	23	0.799267	0.22406	1.74374e-06	2.18167e-06
3	12	12	14	14	13	1	0.911175	0.09302	7.68485e-07	8.434e-07
4	12	12	36	36	16	49	0.621276	0.47598	2.88001e-06	4.63564e-06
5	12	12	14	17	6	29	0.77518	0.25466	1.93832e-06	2.50047e-06
6	9	9	12	12	10	3	0.913328	0.09066	7.64246e-07	8.36771e-07
7	15	15	25	26	18	17	0.778816	0.24998	1.8465e-06	2.3709e-06
8	11	11	20	22	17	6	0.844712	0.16876	1.3183e-06	1.56065e-06
9	12	11	20	21	12	13	0.820222	0.19818	1.53884e-06	1.87613e-06
10	9	9	15	16	10	7	0.872686	0.13618	1.11276e-06	1.27509e-06
11	11	11	24	25	14	16	0.78773	0.2386	1.78131e-06	2.26132e-06
12	15	15	18	18	12	7	0.861793	0.14874	1.19616e-06	1.38799e-06
13	10	10	11	11	9	2	0.923781	0.07928	6.71764e-07	7.2719e-07
14	12	12	12	12	8	5	0.90406	0.10086	8.52562e-07	9.43037e-07
15	13	13	28	30	23	8	0.795169	0.2292	1.68456e-06	2.11849e-06
16	5	5	3	3	3	0	0.981336	0.01884	1.66182e-07	1.69343e-07
17	11	11	18	20	12	12	0.82961	0.1868	1.46555e-06	1.76655e-06
18	12	12	19	19	10	19	0.805558	0.21622	1.6772e-06	2.08204e-06
19	10	10	7	8	5	6	0.922341	0.08084	7.10553e-07	7.7038e-07
20	15	14	20	20	16	4	0.864158	0.146	1.15925e-06	1.34148e-06
21	12	12	23	23	14	19	0.785574	0.24134	1.81297e-06	2.30783e-06
22	13	13	27	28	22	8	0.80522	0.21664	1.61495e-06	2.0056e-06
23	9	9	15	15	13	3	0.896282	0.1095	9.01762e-07	1.00611e-06
24	12	12	17	17	11	10	0.854055	0.15776	1.27335e-06	1.49094e-06
25	7	6	7	7	6	1	0.952124	0.04906	4.26805e-07	4.48266e-07
26	11	11	12	12	10	3	0.913328	0.09066	7.64246e-07	8.36771e-07
27	12	12	30	32	21	19	0.742405	0.29786	2.0905e-06	2.81585e-06
28	17	16	60	62	40	36	0.563854	0.57296	3.05189e-06	5.41255e-06
29	13	12	34	35	23	19	0.728549	0.3167	2.17486e-06	2.9852e-06
30	6	6	5	5	4	1	0.964158	0.0365	3.23351e-07	3.35371e-07
31	10	10	11	11	8	4	0.914407	0.08948	7.62118e-07	8.33456e-07
32	13	13	15	15	12	4	0.891723	0.1146	9.44554e-07	1.05925e-06
33	13	12	8	8	8	0	0.951001	0.05024	4.29454e-07	4.51581e-07
34	16	16	33	36	27	10	0.757994	0.27708	1.94308e-06	2.56345e-06
35	11	11	28	29	14	35	0.697244	0.36062	2.43801e-06	3.49664e-06
36	15	15	22	22	16	6	0.844712	0.16876	1.3183e-06	1.56065e-06
37	10	10	11	12	7	8	0.890333	0.11616	9.81536e-07	1.10244e-06
38	17	16	49	49	37	15	0.680982	0.38422	2.42629e-06	3.56293e-06
39	13	13	14	14	11	3	0.901929	0.10322	8.56531e-07	9.49666e-07
40	20	19	42	43	24	28	0.661768	0.41284	2.59081e-06	3.91498e-06
41	17	17	18	19	13	9	0.847707	0.16522	1.31454e-06	1.5507e-06
42	6	6	16	16	9	11	0.855063	0.15658	1.27201e-06	1.48763e-06
43	13	13	11	11	8	3	0.919082	0.08438	7.17181e-07	7.80323e-07
44	10	9	23	23	17	7	0.835153	0.18014	1.3949e-06	1.67023e-06
45	7	7	6	6	5	1	0.958122	0.04278	3.7541e-07	3.91819e-07
46	11	10	15	15	11	7	0.878183	0.1299	1.07019e-06	1.21865e-06
47	7	7	5	5	3	3	0.954374	0.0467	4.21487e-07	4.41638e-07
48	11	11	26	28	15	21	0.753565	0.28294	2.03186e-06	2.69633e-06
49	7	7	21	22	15	8	0.836139	0.17896	1.39377e-06	1.66691e-06
50	14	14	15	16	12	5	0.881632	0.12598	1.03048e-06	1.16883e-06
51	9	9	15	16	9	9	0.863829	0.14638	1.19326e-06	1.38136e-06
52	17	17	26	28	22	7	0.809337	0.21154	1.5802e-06	1.95247e-06
53	9	8	13	13	10	4	0.902993	0.10204	8.54549e-07	9.46352e-07
54	6	6	8	8	5	6	0.922341	0.08084	7.10553e-07	7.7038e-07
55	12	12	25	27	18	17	0.773941	0.25626	1.87862e-06	2.42735e-06
56	15	15	20	21	17	5	0.854379	0.15738	1.23976e-06	1.45107e-06
57	9	9	16	16	12	4	0.88614	0.12088	9.88662e-07	1.11569e-06
58	9	9	20	21	12	10	0.832868	0.18288	1.42981e-06	1.71673e-06
59	12	12	15	15	11	4	0.891723	0.1146	9.44554e-07	1.05925e-06
60	12	11	18	18	15	3	0.879554	0.12834	1.03388e-06	1.17546e-06
61	19	19	29	30	23	14	0.771206	0.2598	1.87965e-06	2.43729e-06
62	10	10	30	30	19	22	0.740374	0.3006	2.11922e-06	2.86236e-06
63	15	15	27	28	23	5	0.817634	0.20134	1.50952e-06	1.8462e-06
64	11	11	27	31	16	24	0.728272	0.31708	2.20308e-06	3.02507e-06
65	10	10	22	24	15	15	0.796745	0.22722	1.71439e-06	2.15174e-06
66	10	10	15	15	11	4	0.891723	0.1146	9.44554e-07	1.05925e-06
67	9	9	20	20	13	9	0.8424	0.1715	1.35386e-06	1.60715e-06
68	12	11	14	14	10	7	0.883716	0.12362	1.02705e-06	1.1622e-06
69	10	10	12	12	9	4	0.908682	0.09576	8.0864e-07	8.89904e-07
70	12	11	16	16	10	10	0.859435	0.15148	1.23285e-06	1.43449e-06
71	17	17	34	34	25	16	0.744442	0.29512	2.06162e-06	2.76935e-06
72	7	7	6	6	6	0	0.963021	0.03768	3.26161e-07	3.38686e-07
73	9	9	7	7	4	4	0.937667	0.06436	5.69789e-07	6.07666e-07
74	13	12	12	13	9	5	0.8984	0.10714	8.97937e-07	9.99485e-07
75	11	11	19	19	14	5	0.865178	0.14482	1.15776e-06	1.33817e-06
76	6	6	6	6	6	0	0.963021	0.03768	3.26161e-07	3.38686e-07
77	12	12	16	17	13	7	0.867222	0.14246	1.15474e-06	1.33154e-06
78	9	9	7	8	6	3	0.936562	0.06554	5.72221e-07	6.1098e-07
79	11	11	9	9	8	1	0.94024	0.06162	5.27627e-07	5.61162e-07
80	13	13	24	26	18	11	0.803017	0.21938	1.64787e-06	2.0521e-06
81	6	6	3	3	3	0	0.981336	0.01884	1.66182e-07	1.69343e-07
82	12	12	12	12	10	2	0.917998	0.08556	7.19378e-07	7.83638e-07
83	12	12	25	25	18	9	0.81636	0.2029	1.54242e-06	1.88939e-06
84	13	12	31	32	16	27	0.712725	0.33866	2.30988e-06	3.24092e-06
85	9	9	14	15	13	2	0.900865	0.1044	8.58507e-07	9.5298e-07
86	4	4	8	8	7	1	0.946163	0.05534	4.77542e-07	5.04714e-07
87	6	6	14	14	9	6	0.888234	0.11852	9.8511e-07	1.10907e-06
88	13	13	18	20	15	8	0.846707	0.1664	1.3158e-06	1.55402e-06
89	12	11	21	21	14	9	0.837127	0.17778	1.39264e-06	1.6636e-06
90	15	13	22	22	15	8	0.836139	0.17896	1.39377e-06	1.66691e-06
91	12	10	11	11	9	3	0.919082	0.08438	7.17181e-07	7.80323e-07
92	11	11	19	20	14	10	0.838115	0.1766	1.39151e-06	1.66028e-06
93	12	12	29	29	17	21	0.748847	0.28922	2.06141e-06	2.75278e-06
94	11	11	11	11	9	2	0.923781	0.07928	6.71764e-07	7.2719e-07
95	12	12	16	16	13	4	0.88614	0.12088	9.88662e-07	1.11569e-06
96	14	14	28	28	16	25	0.738348	0.30334	2.14775e-06	2.90886e-06
97	17	15	34	34	22	19	0.733139	0.31042	2.14718e-06	2.92875e-06
98	14	12	21	22	17	6	0.844712	0.16876	1.3183e-06	1.56065e-06
99	15	15	39	41	24	26	0.677003	0.39008	2.50208e-06	3.69581e-06
100	18	16	41	42	32	11	0.726251	0.31986	2.14626e-06	2.95526e-06
101	9	8	15	15	11	4	0.891723	0.1146	9.44554e-07	1.05925e-06
102	14	13	33	34	22	19	0.733139	0.31042	2.14718e-06	2.92875e-06
103	11	11	23	23	20	3	0.852365	0.15974	1.24249e-06	1.45769e-06
104	6	6	2	2	2	0	0.987519	0.01256	1.11486e-07	1.12895e-07
105	7	7	13	13	8	15	0.85373	0.15814	1.3069e-06	1.53082e-06
106	10	10	8	8	8	0	0.951001	0.05024	4.29454e-07	4.51581e-07
107	9	9	10	11	9	2	0.923781	0.07928	6.71764e-07	7.2719e-07
108	15	14	32	33	24	16	0.749132	0.28884	2.03232e-06	2.7129e-06
109	7	7	17	19	11	12	0.834836	0.18052	1.42766e-06	1.7101e-06
110	6	6	1	1	1	0	0.99374	0.00628	5.60942e-08	5.64476e-08
111	9	9	10	10	8	2	0.929601	0.073	6.23523e-07	6.70742e-07
112	11	11	22	24	12	17	0.78866	0.23742	1.7808e-06	2.25801e-06
113	7	7	14	14	10	5	0.892776	0.11342	9.42711e-07	1.05593e-06
114	12	12	27	28	20	11	0.792994	0.23194	1.71683e-06	2.165e-06
115	13	13	9	9	8	1	0.94024	0.06162	5.27627e-07	5.61162e-07
116	14	12	13	14	12	2	0.90654	0.09812	8.12743e-07	8.96533e-07
117	15	15	29	29	21	9	0.796108	0.22802	1.68391e-06	2.11518e-06
118	18	17	32	35	22	25	0.706593	0.3473	2.33458e-06	3.304e-06
119	9	9	11	11	8	4	0.914407	0.08948	7.62118e-07	8.33456e-07
120	11	10	16	16	12	5	0.881632	0.12598	1.03048e-06	1.16883e-06
121	11	11	15	16	12	4	0.88614	0.12088	9.88662e-07	1.11569e-06
122	10	10	17	18	12	8	0.857409	0.15384	1.23563e-06	1.44112e-06
123	14	14	18	18	14	5	0.870628	0.13854	1.1159e-06	1.28172e-06
124	16	15	24	25	20	5	0.833185	0.1825	1.39713e-06	1.67686e-06
125	9	9	7	7	7	0	0.956992	0.04396	3.78139e-07	3.95133e-07
126	13	13	21	21	17	5	0.854379	0.15738	1.23976e-06	1.45107e-06
127	11	11	4	4	3	1	0.970232	0.03022	2.70621e-07	2.78924e-07
128	10	10	14	14	10	5	0.892776	0.11342	9.42711e-07	1.05593e-06
129	13	13	26	30	21	13	0.775149	0.2547	1.84808e-06	2.38416e-06
130	7	6	17	18	11	11	0.844391	0.16914	1.35147e-06	1.60052e-06
131	15	15	14	14	11	4	0.89734	0.10832	8.99852e-07	1.0028e-06
132	11	11	21	22	16	9	0.831886	0.18406	1.43088e-06	1.72005e-06
133	12	12	34	37	23	25	0.697774	0.35986	2.38422e-06	3.41689e-06
134	9	9	24	25	14	23	0.760104	0.2743	2.00155e-06	2.63325e-06
135	17	17	36	38	23	25	0.693406	0.36614	2.40843e-06	3.47334e-06
136	11	10	9	9	7	2	0.935457	0.06672	5.74646e-07	6.14295e-07
137	7	7	8	10	5	9	0.896999	0.1087	9.35279e-07	1.04267e-06
138	6	6	4	4	4	0	0.975193	0.02512	2.20189e-07	2.2579e-07
139	8	8	14	14	11	3	0.901929	0.10322	8.56531e-07	9.49666e-07
140	3	3	1	1	1	0	0.99374	0.00628	5.60942e-08	5.64476e-08
141	14	13	22	23	15	11	0.818289	0.20054	1.54064e-06	1.88276e-06
142	18	18	22	23	18	11	0.818289	0.20054	1.54064e-06	1.88276e-06
143	12	12	35	35	23	17	0.736019	0.3065	2.11895e-06	2.87893e-06
144	14	14	30	32	19	18	0.746201	0.29276	2.06155e-06	2.76272e-06
145	12	12	26	26	20	8	0.815397	0.20408	1.5433e-06	1.8927e-06
146	12	11	9	9	9	0	0.945048	0.05652	4.80111e-07	5.08028e-07
147	14	14	12	13	8	8	0.884759	0.12244	1.02533e-06	1.15888e-06
148	15	15	14	14	11	3	0.901929	0.10322	8.56531e-07	9.49666e-07
149	9	9	19	19	13	10	0.843395	0.17032	1.35267e-06	1.60384e-06
150	9	9	12	12	10	2	0.917998	0.08556	7.19378e-07	7.83638e-07
151	14	13	14	15	13	2	0.900865	0.1044	8.58507e-07	9.5298e-07
152	15	14	35	37	25	19	0.719456	0.32926	2.22894e-06	3.09809e-06
153	12	12	14	14	13	1	0.911175	0.09302	7.68485e-07	8.434e-07
154	15	15	65	66	35	91	0.415372	0.87858	3.55586e-06	8.56066e-06
155	9	9	19	19	16	4	0.869602	0.13972	1.11747e-06	1.28504e-06
156	16	16	9	10	5	8	0.901586	0.1036	8.92157e-07	9.89542e-07
157	7	7	18	18	11	17	0.818944	0.19974	1.57182e-06	1.91932e-06
158	10	10	18	18	15	4	0.87508	0.13344	1.07511e-06	1.22859e-06
159	12	12	29	29	22	11	0.788029	0.23822	1.75056e-06	2.22145e-06
160	13	12	18	18	11	8	0.857409	0.15384	1.23563e-06	1.44112e-06
161	7	7	10	10	6	7	0.906196	0.0985	8.48569e-07	9.36408e-07
162	11	11	15	15	9	10	0.864849	0.1452	1.1918e-06	1.37805e-06
163	10	10	22	22	13	13	0.815087	0.20446	1.57522e-06	1.93258e-06
164	10	9	10	11	8	4	0.914407	0.08948	7.62118e-07	8.33456e-07
165	9	9	26	27	19	9	0.806171	0.21546	1.61418e-06	2.00228e-06
166	5	5	11	12	7	7	0.894885	0.11106	9.39006e-07	1.0493e-06
167	3	2	1	2	1	1	0.982495	0.01766	1.63122e-07	1.66028e-07
168	10	10	8	9	7	3	0.930698	0.07182	6.21174e-07	6.67428e-07
169	7	7	18	18	15	4	0.87508	0.13344	1.07511e-06	1.22859e-06
170	15	15	17	18	12	7	0.861793	0.14874	1.19616e-06	1.38799e-06
171	17	17	15	16	13	4	0.88614	0.12088	9.88662e-07	1.11569e-06
172	6	5	15	15	11	5	0.887187	0.1197	9.86889e-07	1.11238e-06
173	9	9	28	29	20	16	0.768189	0.26372	1.91057e-06	2.48711e-06
174	18	17	31	32	21	16	0.753851	0.28256	2.00257e-06	2.65645e-06
175	14	14	15	16	13	3	0.890671	0.11578	9.46393e-07	1.06256e-06
176	16	16	28	29	19	17	0.764281	0.26882	1.94146e-06	2.54024e-06
177	11	11	20	21	17	5	0.854379	0.15738	1.23976e-06	1.45107e-06
178	6	6	4	4	4	0	0.975193	0.02512	2.20189e-07	2.2579e-07
179	14	14	27	27	18	12	0.79393	0.23076	1.71623e-06	2.16168e-06
180	11	11	18	20	12	12	0.82961	0.1868	1.46555e-06	1.76655e-06
181	10	10	8	8	8	0	0.951001	0.05024	4.29454e-07	4.51581e-07
182	10	10	13	13	10	4	0.902993	0.10204	8.54549e-07	9.46352e-07
183	19	18	21	21	17	5	0.854379	0.15738	1.23976e-06	1.45107e-06
184	9	9	23	24	14	14	0.800819	0.22212	1.68061e-06	2.09861e-06
185	7	7	12	14	7	16	0.84407	0.16952	1.38461e-06	1.6404e-06
186	14	13	19	20	16	7	0.851037	0.1613	1.27731e-06	1.50088e-06
187	10	10	12	13	10	4	0.902993	0.10204	8.54549e-07	9.46352e-07
188	13	13	13	15	12	4	0.891723	0.1146	9.44554e-07	1.05925e-06
189	7	7	16	16	14	2	0.895225	0.11068	9.03665e-07	1.00943e-06
190	9	9	14	14	10	7	0.883716	0.12362	1.02705e-06	1.1622e-06
191	13	13	26	26	20	9	0.811249	0.20918	1.57856e-06	1.94584e-06
192	17	17	23	24	15	16	0.792692	0.23232	1.74779e-06	2.20487e-06
193	7	7	17	18	13	5	0.870628	0.13854	1.1159e-06	1.28172e-06
194	12	12	13	13	10	3	0.90761	0.09694	8.10694e-07	8.93218e-07
195	16	16	14	14	11	6	0.888234	0.11852	9.8511e-07	1.10907e-06
196	9	8	16	18	12	10	0.848708	0.16404	1.31328e-06	1.54739e-06
197	10	10	22	23	16	11	0.818289	0.20054	1.54064e-06	1.88276e-06
198	12	12	26	27	16	17	0.773941	0.25626	1.87862e-06	2.42735e-06
199	14	14	28	29	16	26	0.729993	0.31472	2.20344e-06	3.01844e-06
200	9	9	32	34	18	31	0.689616	0.37162	2.45941e-06	3.56635e-06
201	11	11	18	20	15	6	0.855388	0.1562	1.23839e-06	1.44775e-06
202	15	15	26	26	16	15	0.786801	0.23978	1.78182e-06	2.26464e-06
203	15	14	20	21	16	8	0.841407	0.17268	1.35506e-06	1.61047e-06
204	21	21	41	42	29	22	0.68663	0.37596	2.43048e-06	3.53973e-06
205	11	11	12	13	10	4	0.902993	0.10204	8.54549e-07	9.46352e-07
206	9	9	8	8	6	2	0.94135	0.06044	5.2513e-07	5.57847e-07
207	9	9	13	14	10	5	0.892776	0.11342	9.42711e-07	1.05593e-06
208	12	11	39	39	26	27	0.682072	0.38262	2.48005e-06	3.63605e-06
209	12	12	37	37	23	38	0.653012	0.42616	2.68233e-06	4.10762e-06
210	14	14	31	31	17	24	0.728272	0.31708	2.20308e-06	3.02507e-06
211	15	15	33	34	21	42	0.651994	0.42772	2.7063e-06	4.15081e-06
212	13	13	33	33	22	19	0.737758	0.30414	2.11906e-06	2.8723e-06
213	12	12	35	37	20	37	0.656351	0.42106	2.66117e-06	4.05449e-06
214	13	13	14	14	13	1	0.911175	0.09302	7.68485e-07	8.434e-07
215	10	10	7	7	6	1	0.952124	0.04906	4.26805e-07	4.48266e-07
216	12	12	26	27	15	24	0.746798	0.29196	2.0905e-06	2.79928e-06
217	11	11	24	24	17	17	0.78866	0.23742	1.7808e-06	2.25801e-06
218	9	9	18	18	12	10	0.848708	0.16404	1.31328e-06	1.54739e-06
219	11	11	22	23	12	21	0.777602	0.25154	1.8772e-06	2.41409e-06
220	9	9	15	15	10	8	0.873716	0.135	1.11117e-06	1.27178e-06
221	12	12	16	17	11	9	0.858422	0.15266	1.23425e-06	1.43781e-06
222	16	16	25	25	16	12	0.803965	0.2182	1.64715e-06	2.04879e-06
223	10	10	25	27	15	20	0.76219	0.27156	1.97159e-06	2.58675e-06
224	12	11	8	10	6	5	0.915486	0.0883	7.59984e-07	8.30142e-07
225	7	7	6	7	4	4	0.937667	0.06436	5.69789e-07	6.07666e-07
226	15	15	21	22	14	15	0.806816	0.21466	1.64497e-06	2.03885e-06
227	12	12	36	37	20	31	0.676745	0.39046	2.52811e-06	3.73569e-06
228	9	9	22	23	13	16	0.797686	0.22604	1.71377e-06	2.14843e-06
229	6	6	8	8	8	0	0.951001	0.05024	4.29454e-07	4.51581e-07
230	10	9	22	23	14	15	0.801765	0.22094	1.67993e-06	2.09529e-06
231	5	5	14	14	10	5	0.892776	0.11342	9.42711e-07	1.05593e-06
232	12	12	17	19	13	8	0.852042	0.16012	1.27599e-06	1.49757e-06
233	12	12	4	4	3	1	0.970232	0.03022	2.70621e-07	2.78924e-07
234	10	10	11	11	7	7	0.900523	0.10478	8.94089e-07	9.92856e-07
235	14	14	20	20	18	2	0.873017	0.1358	1.07837e-06	1.23522e-06
236	13	13	29	30	21	12	0.779112	0.2496	1.81613e-06	2.33103e-06
237	10	10	8	9	6	3	0.930698	0.07182	6.21174e-07	6.67428e-07
238	11	11	13	14	11	4	0.89734	0.10832	8.99852e-07	1.0028e-06
239	16	16	19	19	13	9	0.847707	0.16522	1.31454e-06	1.5507e-06
240	9	8	11	11	7	5	0.909755	0.09458	8.06579e-07	8.8659e-07
241	7	7	4	4	4	0	0.975193	0.02512	2.20189e-07	2.2579e-07
242	9	9	7	7	7	0	0.956992	0.04396	3.78139e-07	3.95133e-07
243	7	7	7	7	1	21	0.859796	0.15106	1.29909e-06	1.51093e-06
244	11	11	19	19	16	3	0.874048	0.13462	1.07674e-06	1.2319e-06
245	13	13	18	18	15	3	0.879554	0.12834	1.03388e-06	1.17546e-06
246	7	7	2	2	2	0	0.987519	0.01256	1.11486e-07	1.12895e-07
247	11	10	18	18	12	6	0.8662	0.14364	1.15625e-06	1.33486e-06
248	19	18	31	33	20	21	0.730271	0.31434	2.17516e-06	2.97857e-06
249	9	9	11	11	9	2	0.923781	0.07928	6.71764e-07	7.2719e-07
250	11	11	11	12	9	4	0.908682	0.09576	8.0864e-07	8.89904e-07
251	18	17	37	37	26	18	0.723135	0.32416	2.20191e-06	3.04496e-06
252	9	9	8	8	4	10	0.903716	0.10124	8.88274e-07	9.82913e-07
253	11	10	23	25	16	15	0.791758	0.2335	1.74835e-06	2.20819e-06
254	11	10	18	18	13	5	0.870628	0.13854	1.1159e-06	1.28172e-06
255	11	11	15	15	13	2	0.900865	0.1044	8.58507e-07	9.5298e-07
256	10	10	14	15	9	8	0.873716	0.135	1.11117e-06	1.27178e-06
257	7	7	6	6	4	2	0.953248	0.04788	4.2415e-07	4.44952e-07
258	6	6	6	6	5	1	0.958122	0.04278	3.7541e-07	3.91819e-07
259	13	12	24	24	19	5	0.838434	0.17622	1.3586e-06	1.62041e-06
260	13	13	21	22	17	5	0.849031	0.16366	1.27992e-06	1.50751e-06
261	10	10	23	24	14	14	0.800819	0.22212	1.68061e-06	2.09861e-06
262	13	12	27	28	17	19	0.761291	0.27274	1.97179e-06	2.59006e-06
263	6	6	7	7	7	0	0.956992	0.04396	3.78139e-07	3.95133e-07
264	11	10	18	18	13	6	0.8662	0.14364	1.15625e-06	1.33486e-06
265	9	9	40	44	26	36	0.631334	0.45992	2.77565e-06	4.39649e-06
266	14	14	17	18	12	10	0.848708	0.16404	1.31328e-06	1.54739e-06
267	13	12	11	11	8	4	0.914407	0.08948	7.62118e-07	8.33456e-07
268	18	18	25	26	15	15	0.786801	0.23978	1.78182e-06	2.26464e-06
269	10	10	18	18	14	6	0.8662	0.14364	1.15625e-06	1.33486e-06
270	7	7	7	7	6	1	0.952124	0.04906	4.26805e-07	4.48266e-07
271	15	15	32	33	26	10	0.77241	0.25824	1.84923e-06	2.3941e-06
272	11	11	26	26	15	18	0.774855	0.25508	1.87827e-06	2.42404e-06
273	7	7	25	26	16	28	0.736328	0.30608	2.17612e-06	2.95537e-06
274	6	6	13	13	8	11	0.871325	0.13774	1.14865e-06	1.31828e-06
275	16	15	21	25	12	30	0.733447	0.31	2.20414e-06	3.00519e-06
276	19	18	28	28	22	7	0.809337	0.21154	1.5802e-06	1.95247e-06
277	5	4	13	13	7	7	0.889283	0.11734	9.83326e-07	1.10575e-06
278	14	14	29	31	22	11	0.778194	0.25078	1.81657e-06	2.33434e-06
279	18	18	35	36	21	26	0.698598	0.35868	2.38472e-06	3.41358e-06
280	14	14	19	20	16	6	0.855388	0.1562	1.23839e-06	1.44775e-06
281	7	7	8	8	7	1	0.946163	0.05534	4.77542e-07	5.04714e-07
282	11	11	16	16	9	11	0.855063	0.15658	1.27201e-06	1.48763e-06
283	15	15	21	21	17	6	0.850033	0.16248	1.27862e-06	1.5042e-06
284	13	13	25	26	16	15	0.786801	0.23978	1.78182e-06	2.26464e-06
285	7	7	26	27	14	34	0.709667	0.34296	2.36363e-06	3.33061e-06
286	9	9	12	12	8	6	0.899461	0.10596	8.96016e-07	9.9617e-07
287	11	10	28	28	16	20	0.757418	0.27784	2.002e-06	2.6432e-06
288	14	14	23	23	16	13	0.809985	0.21074	1.61108e-06	1.98903e-06
289	7	7	10	10	5	7	0.906196	0.0985	8.48569e-07	9.36408e-07
290	7	6	14	14	10	4	0.89734	0.10832	8.99852e-07	1.0028e-06
291	6	6	2	2	2	0	0.987519	0.01256	1.11486e-07	1.12895e-07
292	10	10	23	23	15	11	0.818289	0.20054	1.54064e-06	1.88276e-06
293	5	4	12	12	8	4	0.908682	0.09576	8.0864e-07	8.89904e-07
294	12	11	11	11	8	4	0.914407	0.08948	7.62118e-07	8.33456e-07
295	12	12	10	10	8	3	0.924872	0.0781	6.69492e-07	7.23876e-07
296	10	9	5	5	5	0	0.969088	0.0314	2.73513e-07	2.82238e-07
297	7	7	14	14	9	9	0.874748	0.13382	1.10959e-06	1.26847e-06
298	12	12	12	12	10	2	0.917998	0.08556	7.19378e-07	7.83638e-07
299	7	7	13	13	9	7	0.889283	0.11734	9.83326e-07	1.10575e-06
300	9	9	2	2	2	0	0.987519	0.01256	1.11486e-07	1.12895e-07
301	9	9	9	9	9	0	0.945048	0.05652	4.80111e-07	5.08028e-07
302	11	11	15	15	11	10	0.864849	0.1452	1.1918e-06	1.37805e-06
303	17	16	33	33	24	13	0.760682	0.27354	1.9424e-06	2.5535e-06
304	15	15	22	23	16	11	0.818289	0.20054	1.54064e-06	1.88276e-06
305	13	12	23	24	17	13	0.804914	0.21702	1.64643e-06	2.04547e-06
306	15	15	23	26	18	10	0.807122	0.21428	1.61341e-06	1.99897e-06
307	16	16	24	24	19	8	0.825703	0.19152	1.46959e-06	1.77981e-06
308	13	13	30	33	20	24	0.719183	0.32964	2.25677e-06	3.13797e-06
309	12	12	13	13	10	4	0.902993	0.10204	8.54549e-07	9.46352e-07
310	11	11	16	16	12	7	0.872686	0.13618	1.11276e-06	1.27509e-06
311	11	11	11	11	8	6	0.905127	0.09968	8.50568e-07	9.39723e-07
312	13	13	4	4	3	1	0.970232	0.03022	2.70621e-07	2.78924e-07
313	9	9	15	17	10	11	0.84971	0.16286	1.31202e-06	1.54407e-06
314	7	7	6	6	6	0	0.963021	0.03768	3.26161e-07	3.38686e-07
315	13	13	27	29	13	33	0.704392	0.35042	2.38815e-06	3.39038e-06
316	15	15	23	24	15	16	0.792692	0.23232	1.74779e-06	2.20487e-06
317	17	17	47	47	30	25	0.655301	0.42266	2.609e-06	3.98137e-06
318	12	12	17	19	11	12	0.834836	0.18052	1.42766e-06	1.7101e-06
319	14	14	23	23	18	5	0.843715	0.16994	1.31954e-06	1.56396e-06
320	4	4	9	10	6	7	0.906196	0.0985	8.48569e-07	9.36408e-07
321	13	13	23	23	12	29	0.746515	0.29234	2.11947e-06	2.83916e-06
322	6	6	5	5	5	0	0.969088	0.0314	2.73513e-07	2.82238e-07
323	10	9	26	26	17	13	0.794867	0.22958	1.71562e-06	2.15837e-06
324	11	11	19	20	10	19	0.800515	0.2225	1.71189e-06	2.13848e-06
325	17	17	36	39	23	25	0.689065	0.37242	2.43225e-06	3.52979e-06
326	10	10	17	17	15	2	0.889621	0.11696	9.48225e-07	1.06588e-06
327	12	12	21	21	19	2	0.867552	0.14208	1.12059e-06	1.29167e-06
328	11	11	9	9	6	4	0.925964	0.07692	6.67214e-07	7.20561e-07
329	11	11	12	13	12	1	0.916915	0.08674	7.21568e-07	7.86952e-07
330	16	16	35	35	24	19	0.728549	0.3167	2.17486e-06	2.9852e-06
331	11	11	13	13	12	1	0.916915	0.08674	7.21568e-07	7.86952e-07
332	16	16	15	15	12	4	0.891723	0.1146	9.44554e-07	1.05925e-06
333	16	16	35	39	22	39	0.641581	0.44382	2.74189e-06	4.27365e-06
334	10	10	12	13	11	2	0.912251	0.09184	7.66369e-07	8.40085e-07
335	13	12	17	17	12	5	0.876113	0.13226	1.07348e-06	1.22528e-06
336	12	11	15	15	13	2	0.900865	0.1044	8.58507e-07	9.5298e-07
337	15	15	34	34	23	18	0.736888	0.30532	2.11901e-06	2.87562e-06
338	11	10	20	20	15	6	0.855388	0.1562	1.23839e-06	1.44775e-06
339	11	10	18	19	14	8	0.852042	0.16012	1.27599e-06	1.49757e-06
340	20	18	36	38	28	11	0.744725	0.29474	2.03271e-06	2.72947e-06
341	14	14	25	26	16	17	0.778816	0.24998	1.8465e-06	2.3709e-06
342	13	13	22	23	19	4	0.848029	0.16484	1.28123e-06	1.51083e-06
343	12	12	26	29	12	30	0.715252	0.33512	2.31096e-06	3.23098e-06
344	14	12	21	22	16	8	0.836139	0.17896	1.39377e-06	1.66691e-06
345	4	4	8	8	5	4	0.931797	0.07064	6.18819e-07	6.64114e-07
346	17	17	37	38	27	32	0.669088	0.40184	2.57282e-06	3.84527e-06
347	9	9	13	13	13	0	0.921604	0.08164	6.7629e-07	7.33819e-07
348	6	5	11	11	9	2	0.923781	0.07928	6.71764e-07	7.2719e-07
349	10	10	13	13	8	8	0.884759	0.12244	1.02533e-06	1.15888e-06
350	12	12	12	14	7	10	0.870298	0.13892	1.15018e-06	1.3216e-06
351	11	11	20	20	14	7	0.851037	0.1613	1.27731e-06	1.50088e-06
352	5	5	7	7	7	0	0.956992	0.04396	3.78139e-07	3.95133e-07
353	13	13	23	24	13	18	0.784648	0.24252	1.81343e-06	2.31114e-06
354	6	6	9	9	6	4	0.925964	0.07692	6.67214e-07	7.20561e-07
355	5	5	21	22	11	19	0.790523	0.23506	1.77977e-06	2.25138e-06
356	13	12	9	9	8	1	0.94024	0.06162	5.27627e-07	5.61162e-07
357	12	12	24	24	18	12	0.809029	0.21192	1.61186e-06	1.99234e-06
358	7	7	7	7	6	1	0.952124	0.04906	4.26805e-07	4.48266e-07
359	15	15	17	17	14	3	0.885095	0.12206	9.90429e-07	1.11901e-06
360	13	13	27	27	20	8	0.810292	0.21036	1.57938e-06	1.94915e-06
361	16	16	29	30	24	6	0.803322	0.219	1.61647e-06	2.01223e-06
362	9	9	24	24	15	15	0.796745	0.22722	1.71439e-06	2.15174e-06
363	12	12	8	9	7	2	0.935457	0.06672	5.74646e-07	6.14295e-07
364	14	14	18	20	13	18	0.804608	0.2174	1.67789e-06	2.08535e-06
365	12	12	33	34	19	49	0.629128	0.46342	2.84539e-06	4.52275e-06
366	11	11	10	10	8	3	0.924872	0.0781	6.69492e-07	7.23876e-07
367	10	10	28	30	16	21	0.744159	0.2955	2.09051e-06	2.80923e-06
368	12	12	9	10	8	2	0.929601	0.073	6.23523e-07	6.70742e-07
369	12	12	9	10	6	4	0.920167	0.0832	7.14978e-07	7.77009e-07
370	9	9	3	3	3	0	0.981336	0.01884	1.66182e-07	1.69343e-07
371	9	9	13	13	10	4	0.902993	0.10204	8.54549e-07	9.46352e-07
372	7	7	13	13	5	19	0.836491	0.17854	1.4583e-06	1.74335e-06
373	18	18	20	20	16	5	0.859762	0.1511	1.19904e-06	1.39462e-06
374	13	13	22	22	15	9	0.831886	0.18406	1.43088e-06	1.72005e-06
375	11	11	12	12	12	0	0.92741	0.07536	6.28201e-07	6.77371e-07
376	4	4	6	6	3	4	0.943574	0.05808	5.20116e-07	5.51218e-07
377	9	8	20	20	10	26	0.772441	0.2582	1.93915e-06	2.51042e-06
378	9	9	11	11	7	4	0.914407	0.08948	7.62118e-07	8.33456e-07
379	13	12	14	14	11	3	0.901929	0.10322	8.56531e-07	9.49666e-07
380	9	9	15	15	9	6	0.882673	0.1248	1.02877e-06	1.16551e-06
381	9	9	10	10	9	1	0.934354	0.0679	5.77066e-07	6.17609e-07
382	3	2	2	2	2	0	0.987519	0.01256	1.11486e-07	1.12895e-07
383	6	5	16	16	12	5	0.881632	0.12598	1.03048e-06	1.16883e-06
384	17	17	28	28	23	6	0.813475	0.20644	1.54506e-06	1.89933e-06
385	14	14	23	25	15	17	0.783723	0.2437	1.81389e-06	2.31445e-06
386	14	14	18	19	13	6	0.860777	0.14992	1.1976e-06	1.3913e-06
387	17	17	29	31	19	18	0.750902	0.28648	2.03215e-06	2.70627e-06
388	16	16	27	28	21	14	0.780953	0.24724	1.81525e-06	2.3244e-06
389	19	19	23	23	15	12	0.814126	0.20564	1.57606e-06	1.93589e-06
390	15	15	17	17	12	7	0.867222	0.14246	1.15474e-06	1.33154e-06
391	10	10	26	26	15	18	0.774855	0.25508	1.87827e-06	2.42404e-06
392	16	14	21	21	16	6	0.850033	0.16248	1.27862e-06	1.5042e-06
393	15	14	23	25	19	6	0.828946	0.1876	1.43407e-06	1.72999e-06
394	9	9	30	32	17	22	0.731133	0.31316	2.17531e-06	2.97525e-06
395	17	15	25	26	18	10	0.807122	0.21428	1.61341e-06	1.99897e-06
396	14	13	15	15	11	4	0.891723	0.1146	9.44554e-07	1.05925e-06
397	16	16	23	25	15	13	0.799875	0.2233	1.68127e-06	2.10192e-06
398	10	10	13	13	9	4	0.902993	0.10204	8.54549e-07	9.46352e-07
399	7	7	12	12	7	6	0.899461	0.10596	8.96016e-07	9.9617e-07
400	14	13	27	28	18	17	0.769096	0.26254	1.91028e-06	2.4838e-06
401	13	13	41	43	32	16	0.703533	0.35164	2.30574e-06	3.27738e-06
402	16	16	31	32	22	18	0.746201	0.29276	2.06155e-06	2.76272e-06
403	14	13	22	22	18	4	0.853372	0.15856	1.24113e-06	1.45438e-06
404	13	13	38	39	23	23	0.696129	0.36222	2.38321e-06	3.42352e-06
405	6	5	6	6	4	2	0.953248	0.04788	4.2415e-07	4.44952e-07
406	6	5	9	9	5	5	0.921254	0.08202	7.12769e-07	7.73694e-07
407	11	11	25	26	15	27	0.740093	0.30098	2.14792e-06	2.90223e-06
408	13	13	24	24	19	5	0.838434	0.17622	1.3586e-06	1.62041e-06
409	17	17	39	41	26	20	0.698039	0.35948	2.35729e-06	3.37702e-06
410	14	14	34	35	27	9	0.766669	0.2657	1.8813e-06	2.45386e-06
411	12	11	4	4	4	0	0.975193	0.02512	2.20189e-07	2.2579e-07
412	17	17	24	24	15	14	0.800819	0.22212	1.68061e-06	2.09861e-06
413	9	8	12	12	8	6	0.899461	0.10596	8.96016e-07	9.9617e-07
414	11	10	29	29	20	14	0.776064	0.25352	1.84769e-06	2.38085e-06
415	9	9	10	10	8	2	0.929601	0.073	6.23523e-07	6.70742e-07
416	12	12	4	4	3	1	0.970232	0.03022	2.70621e-07	2.78924e-07
417	9	9	29	29	19	15	0.772116	0.25862	1.87931e-06	2.43398e-06
418	15	15	21	24	15	17	0.78866	0.23742	1.7808e-06	2.25801e-06
419	12	12	20	20	16	4	0.864158	0.146	1.15925e-06	1.34148e-06
420	14	13	24	26	18	9	0.811249	0.20918	1.57856e-06	1.94584e-06
421	19	19	36	36	28	12	0.750302	0.28728	2.00309e-06	2.66971e-06
422	12	12	14	15	10	6	0.882673	0.1248	1.02877e-06	1.16551e-06
423	11	11	16	16	11	9	0.863829	0.14638	1.19326e-06	1.38136e-06
424	10	10	17	18	14	5	0.870628	0.13854	1.1159e-06	1.28172e-06
425	16	16	23	23	16	10	0.822473	0.19544	1.50482e-06	1.82963e-06
426	7	7	7	7	7	0	0.956992	0.04396	3.78139e-07	3.95133e-07
427	12	12	21	22	17	7	0.840415	0.17386	1.35624e-06	1.61378e-06
428	8	8	26	29	11	43	0.669369	0.40142	2.62507e-06	3.92171e-06
429	8	7	1	1	1	0	0.99374	0.00628	5.60942e-08	5.64476e-08
430	8	8	6	6	5	1	0.958122	0.04278	3.7541e-07	3.91819e-07
431	8	8	8	8	8	0	0.951001	0.05024	4.29454e-07	4.51581e-07
432	8	8	5	5	4	1	0.964158	0.0365	3.23351e-07	3.35371e-07
433	6	5	4	4	4	0	0.975193	0.02512	2.20189e-07	2.2579e-07
434	6	5	9	10	8	3	0.924872	0.0781	6.69492e-07	7.23876e-07
435	7	7	10	10	7	3	0.924872	0.0781	6.69492e-07	7.23876e-07
436	8	8	9	9	7	2	0.935457	0.06672	5.74646e-07	6.14295e-07
437	9	7	7	7	5	3	0.942462	0.05926	5.22626e-07	5.54533e-07
438	8	8	8	8	8	0	0.951001	0.05024	4.29454e-07	4.51581e-07
439	8	7	10	10	9	1	0.934354	0.0679	5.77066e-07	6.17609e-07
440	8	8	9	9	7	3	0.930698	0.07182	6.21174e-07	6.67428e-07
441	8	8	8	8	7	1	0.946163	0.05534	4.77542e-07	5.04714e-07
442	7	7	12	13	10	6	0.89383	0.11224	9.40861e-07	1.05262e-06
443	8	8	9	10	9	1	0.934354	0.0679	5.77066e-07	6.17609e-07
444	8	8	11	13	9	5	0.8984	0.10714	8.97937e-07	9.99485e-07
445	8	8	14	14	12	2	0.90654	0.09812	8.12743e-07	8.96533e-07
446	8	8	17	17	13	5	0.876113	0.13226	1.07348e-06	1.22528e-06
447	8	8	8	8	7	1	0.946163	0.05534	4.77542e-07	5.04714e-07
448	8	8	9	9	8	1	0.94024	0.06162	5.27627e-07	5.61162e-07
449	11	10	11	11	9	2	0.923781	0.07928	6.71764e-07	7.2719e-07
450	8	8	2	2	1	1	0.982495	0.01766	1.63122e-07	1.66028e-07
451	8	8	18	19	11	13	0.830589	0.18562	1.46452e-06	1.76324e-06
452	9	9	13	13	8	6	0.89383	0.11224	9.40861e-07	1.05262e-06
453	8	8	17	17	10	11	0.84971	0.16286	1.31202e-06	1.54407e-06
454	8	8	8	9	6	4	0.925964	0.07692	6.67214e-07	7.20561e-07
455	8	8	12	12	8	7	0.894885	0.11106	9.39006e-07	1.0493e-06
456	8	8	16	16	12	7	0.872686	0.13618	1.11276e-06	1.27509e-06
457	8	8	10	10	8	2	0.929601	0.073	6.23523e-07	6.70742e-07
458	8	8	29	29	16	40	0.679689	0.38612	2.5572e-06	3.76231e-06
459	8	8	24	27	15	19	0.766087	0.26646	1.94097e-06	2.53362e-06
460	8	7	17	18	10	17	0.818944	0.19974	1.57182e-06	1.91932e-06
461	8	8	12	12	8	7	0.894885	0.11106	9.39006e-07	1.0493e-06
462	6	5	5	5	5	0	0.969088	0.0314	2.73513e-07	2.82238e-07
463	8	8	12	13	8	7	0.889283	0.11734	9.83326e-07	1.10575e-06
464	12	12	20	20	10	16	0.812857	0.2072	1.60871e-06	1.97908e-06
465	11	11	13	13	9	7	0.889283	0.11734	9.83326e-07	1.10575e-06
466	8	8	9	10	9	1	0.934354	0.0679	5.77066e-07	6.17609e-07
467	6	5	6	6	3	6	0.933999	0.06828	6.1409e-07	6.57485e-07
468	8	7	12	13	9	6	0.89383	0.11224	9.40861e-07	1.05262e-06
469	8	8	9	9	8	1	0.94024	0.06162	5.27627e-07	5.61162e-07
470	8	8	9	10	7	6	0.910829	0.0934	8.04513e-07	8.83275e-07
471	8	8	13	13	10	4	0.902993	0.10204	8.54549e-07	9.46352e-07
472	8	8	19	19	9	15	0.82216	0.19582	1.53703e-06	1.8695e-06
473	8	8	22	23	13	20	0.781578	0.24644	1.84527e-06	2.36096e-06
474	8	7	9	9	6	4	0.925964	0.07692	6.67214e-07	7.20561e-07
475	8	8	15	15	12	3	0.896282	0.1095	9.01762e-07	1.00611e-06
476	8	8	22	22	13	25	0.7667	0.26566	1.97055e-06	2.57018e-06
477	13	13	14	14	9	6	0.888234	0.11852	9.8511e-07	1.10907e-06
478	8	7	12	12	8	5	0.90406	0.10086	8.52562e-07	9.43037e-07
479	8	8	3	3	2	1	0.976344	0.02394	2.17213e-07	2.22476e-07
480	8	8	8	8	7	1	0.946163	0.05534	4.77542e-07	5.04714e-07
481	10	10	18	19	13	10	0.843395	0.17032	1.35267e-06	1.60384e-06
482	8	8	31	33	19	22	0.726556	0.31944	2.2027e-06	3.0317e-06
483	8	7	10	11	9	2	0.923781	0.07928	6.71764e-07	7.2719e-07
484	6	6	12	12	10	3	0.913328	0.09066	7.64246e-07	8.36771e-07
485	6	5	12	13	8	6	0.89383	0.11224	9.40861e-07	1.05262e-06
486	7	7	7	7	5	3	0.942462	0.05926	5.22626e-07	5.54533e-07
487	8	7	13	13	9	7	0.889283	0.11734	9.83326e-07	1.10575e-06
488	8	8	12	12	10	2	0.917998	0.08556	7.19378e-07	7.83638e-07
489	8	8	22	25	14	24	0.756237	0.2794	2.03155e-06	2.68639e-06
490	8	8	3	3	3	0	0.981336	0.01884	1.66182e-07	1.69343e-07
491	7	7	8	8	7	1	0.946163	0.05534	4.77542e-07	5.04714e-07
492	10	10	17	18	13	7	0.861793	0.14874	1.19616e-06	1.38799e-06
493	12	12	16	16	12	5	0.881632	0.12598	1.03048e-06	1.16883e-06
494	7	7	12	13	8	7	0.889283	0.11734	9.83326e-07	1.10575e-06
495	10	10	15	15	14	1	0.905471	0.0993	8.14786e-07	8.99847e-07
496	8	8	9	9	4	11	0.89349	0.11262	9.76132e-07	1.09249e-06
497	8	8	11	12	11	1	0.922692	0.08046	6.7403e-07	7.30504e-07
498	8	8	13	13	10	4	0.902993	0.10204	8.54549e-07	9.46352e-07
499	10	9	22	22	14	19	0.790523	0.23506	1.77977e-06	2.25138e-06
500	8	8	15	15	10	11	0.86045	0.1503	1.23146e-06	1.43118e-06
501	8	8	11	11	6	6	0.905127	0.09968	8.50568e-07	9.39723e-07
502	8	8	21	23	13	17	0.793628	0.23114	1.74722e-06	2.20156e-06
503	8	8	17	19	13	7	0.856398	0.15502	1.23701e-06	1.44444e-06
504	3	3	7	7	4	3	0.942462	0.05926	5.22626e-07	5.54533e-07
505	8	8	6	6	6	0	0.963021	0.03768	3.26161e-07	3.38686e-07
506	8	8	15	17	10	8	0.862811	0.14756	1.19471e-06	1.38467e-06
507	8	8	6	6	5	1	0.958122	0.04278	3.7541e-07	3.91819e-07
508	9	9	17	19	12	9	0.847707	0.16522	1.31454e-06	1.5507e-06
509	8	8	8	9	5	10	0.898059	0.10752	9.33407e-07	1.03936e-06
510	8	8	23	23	14	13	0.809985	0.21074	1.61108e-06	1.98903e-06
511	8	7	14	14	12	3	0.901929	0.10322	8.56531e-07	9.49666e-07
512	8	8	7	7	7	0	0.956992	0.04396	3.78139e-07	3.95133e-07
513	8	7	22	22	11	18	0.794565	0.22996	1.74665e-06	2.19824e-06
514	8	8	18	20	13	11	0.833851	0.1817	1.42874e-06	1.71342e-06
515	8	8	16	16	14	2	0.895225	0.11068	9.03665e-07	1.00943e-06
516	8	8	13	13	9	5	0.8984	0.10714	8.97937e-07	9.99485e-07
517	11	11	18	18	13	6	0.8662	0.14364	1.15625e-06	1.33486e-06
518	8	8	14	14	9	8	0.87922	0.12872	1.06854e-06	1.21533e-06
519	6	6	5	6	4	2	0.953248	0.04788	4.2415e-07	4.44952e-07
520	10	10	10	10	7	4	0.920167	0.0832	7.14978e-07	7.77009e-07
521	8	8	18	18	11	9	0.853048	0.15894	1.27467e-06	1.49426e-06
522	10	10	22	22	12	21	0.782501	0.24526	1.84486e-06	2.35764e-06
523	10	10	23	24	15	10	0.817324	0.20172	1.54153e-06	1.88607e-06
524	8	7	9	9	8	1	0.94024	0.06162	5.27627e-07	5.61162e-07
525	8	8	9	9	7	2	0.935457	0.06672	5.74646e-07	6.14295e-07
526	9	9	8	8	7	1	0.946163	0.05534	4.77542e-07	5.04714e-07
527	8	8	12	12	9	3	0.913328	0.09066	7.64246e-07	8.36771e-07
528	8	7	7	7	6	1	0.952124	0.04906	4.26805e-07	4.48266e-07
529	8	8	12	12	8	5	0.90406	0.10086	8.52562e-07	9.43037e-07
530	8	8	12	12	11	1	0.922692	0.08046	6.7403e-07	7.30504e-07
531	8	7	13	13	9	7	0.889283	0.11734	9.83326e-07	1.10575e-06
532	8	8	22	22	18	4	0.853372	0.15856	1.24113e-06	1.45438e-06
533	8	8	19	20	14	10	0.838115	0.1766	1.39151e-06	1.66028e-06
534	2	2	0	0	0	0	1	-0	0	0
535	10	10	14	14	11	6	0.888234	0.11852	9.8511e-07	1.10907e-06
536	8	7	9	9	6	4	0.925964	0.07692	6.67214e-07	7.20561e-07
537	8	8	21	21	15	7	0.845709	0.16758	1.31705e-06	1.55733e-06
538	8	8	10	11	9	2	0.923781	0.07928	6.71764e-07	7.2719e-07
539	8	8	10	11	10	1	0.928505	0.07418	6.25865e-07	6.74057e-07
540	9	9	22	26	11	35	0.710504	0.34178	2.36406e-06	3.3273e-06
541	6	6	12	13	8	6	0.89383	0.11224	9.40861e-07	1.05262e-06
542	7	7	23	23	17	8	0.830905	0.18524	1.43195e-06	1.72336e-06
543	7	7	8	8	8	0	0.951001	0.05024	4.29454e-07	4.51581e-07
544	9	9	26	27	17	13	0.789891	0.23586	1.74946e-06	2.21482e-06
545	15	13	28	28	17	16	0.773028	0.25744	1.87897e-06	2.43066e-06
546	7	7	21	22	15	10	0.827654	0.18916	1.46758e-06	1.77318e-06
547	8	8	25	26	15	23	0.755346	0.28058	2.03165e-06	2.6897e-06
548	8	7	18	19	13	10	0.843395	0.17032	1.35267e-06	1.60384e-06
549	13	13	14	15	12	4	0.891723	0.1146	9.44554e-07	1.05925e-06
550	8	8	3	3	1	3	0.966436	0.03414	3.17709e-07	3.28742e-07
551	11	10	8	10	5	8	0.901586	0.1036	8.92157e-07	9.89542e-07
552	10	10	30	30	23	10	0.7871	0.2394	1.75111e-06	2.22476e-06
553	4	4	7	7	5	2	0.947281	0.05416	4.74966e-07	5.014e-07
554	8	8	13	13	9	5	0.8984	0.10714	8.97937e-07	9.99485e-07
555	8	8	22	22	14	12	0.819255	0.19936	1.53975e-06	1.87945e-06
556	8	8	20	23	12	19	0.785574	0.24134	1.81297e-06	2.30783e-06
557	10	8	13	13	9	5	0.8984	0.10714	8.97937e-07	9.99485e-07
558	8	8	18	19	13	9	0.847707	0.16522	1.31454e-06	1.5507e-06
559	8	8	15	15	11	7	0.878183	0.1299	1.07019e-06	1.21865e-06
560	8	8	8	8	7	1	0.946163	0.05534	4.77542e-07	5.04714e-07
561	9	9	28	30	23	8	0.795169	0.2292	1.68456e-06	2.11849e-06
562	7	7	7	7	7	0	0.956992	0.04396	3.78139e-07	3.95133e-07
563	12	12	9	10	6	7	0.906196	0.0985	8.48569e-07	9.36408e-07
564	6	5	3	3	3	0	0.981336	0.01884	1.66182e-07	1.69343e-07
565	8	8	12	12	9	4	0.908682	0.09576	8.0864e-07	8.89904e-07
566	8	8	4	4	3	1	0.970232	0.03022	2.70621e-07	2.78924e-07
567	6	6	14	14	12	3	0.901929	0.10322	8.56531e-07	9.49666e-07
568	8	8	10	10	7	3	0.924872	0.0781	6.69492e-07	7.23876e-07
569	10	10	19	19	17	2	0.878517	0.12952	1.03557e-06	1.17877e-06
570	7	7	8	8	7	1	0.946163	0.05534	4.77542e-07	5.04714e-07
571	8	8	14	14	7	12	0.861466	0.14912	1.23006e-06	1.42786e-06
572	8	8	14	14	10	4	0.89734	0.10832	8.99852e-07	1.0028e-06
573	12	12	15	15	11	5	0.887187	0.1197	9.86889e-07	1.11238e-06
574	7	7	13	13	9	5	0.8984	0.10714	8.97937e-07	9.99485e-07
575	7	7	8	9	5	5	0.921254	0.08202	7.12769e-07	7.73694e-07
576	9	9	23	24	15	13	0.804914	0.21702	1.64643e-06	2.04547e-06
577	9	9	13	13	8	6	0.89383	0.11224	9.40861e-07	1.05262e-06
578	9	9	22	22	14	15	0.806816	0.21466	1.64497e-06	2.03885e-06
579	9	9	26	26	15	13	0.794867	0.22958	1.71562e-06	2.15837e-06
580	8	7	9	10	8	2	0.929601	0.073	6.23523e-07	6.70742e-07
581	8	8	19	19	16	3	0.874048	0.13462	1.07674e-06	1.2319e-06
582	8	8	22	23	12	23	0.769711	0.26174	1.93995e-06	2.52036e-06
583	8	8	12	14	9	8	0.87922	0.12872	1.06854e-06	1.21533e-06
584	10	10	10	10	8	2	0.929601	0.073	6.23523e-07	6.70742e-07
585	11	10	13	16	10	8	0.868246	0.14128	1.15323e-06	1.32823e-06
586	8	8	20	23	13	13	0.809985	0.21074	1.61108e-06	1.98903e-06
587	8	8	12	12	9	4	0.908682	0.09576	8.0864e-07	8.89904e-07
588	11	11	30	31	16	24	0.728272	0.31708	2.20308e-06	3.02507e-06
589	5	5	2	2	2	0	0.987519	0.01256	1.11486e-07	1.12895e-07
590	8	7	11	11	10	1	0.928505	0.07418	6.25865e-07	6.74057e-07
591	3	3	3	3	3	0	0.981336	0.01884	1.66182e-07	1.69343e-07
592	8	8	21	23	11	19	0.785574	0.24134	1.81297e-06	2.30783e-06
593	8	8	14	14	9	11	0.86587	0.14402	1.19034e-06	1.37473e-06
594	8	8	14	16	7	18	0.825076	0.19228	1.53428e-06	1.85956e-06
595	8	7	12	12	10	3	0.913328	0.09066	7.64246e-07	8.36771e-07
596	8	8	17	17	11	10	0.854055	0.15776	1.27335e-06	1.49094e-06
597	8	8	6	7	6	1	0.952124	0.04906	4.26805e-07	4.48266e-07
598	7	7	16	16	16	0	0.904403	0.10048	8.16822e-07	9.03162e-07
599	11	11	17	17	14	3	0.885095	0.12206	9.90429e-07	1.11901e-06
600	9	9	18	19	13	7	0.856398	0.15502	1.23701e-06	1.44444e-06
601	13	13	15	16	8	23	0.804302	0.21778	1.70932e-06	2.12523e-06
602	8	7	13	13	11	2	0.912251	0.09184	7.66369e-07	8.40085e-07
603	8	8	14	14	12	2	0.90654	0.09812	8.12743e-07	8.96533e-07
604	8	8	9	9	9	0	0.945048	0.05652	4.80111e-07	5.08028e-07
605	10	10	15	17	13	4	0.880593	0.12716	1.03218e-06	1.17214e-06
606	7	7	12	13	4	20	0.832235	0.18364	1.4951e-06	1.79648e-06
607	9	9	18	19	13	12	0.834836	0.18052	1.42766e-06	1.7101e-06
608	12	11	24	24	14	25	0.75713	0.27822	2.03144e-06	2.68307e-06
609	6	6	12	13	6	11	0.871325	0.13774	1.14865e-06	1.31828e-06
610	5	4	4	4	4	0	0.975193	0.02512	2.20189e-07	2.2579e-07
611	9	9	6	6	5	1	0.958122	0.04278	3.7541e-07	3.91819e-07
612	8	8	9	10	8	2	0.929601	0.073	6.23523e-07	6.70742e-07
613	9	9	11	12	7	8	0.890333	0.11616	9.81536e-07	1.10244e-06
614	8	8	20	21	13	10	0.832868	0.18288	1.42981e-06	1.71673e-06
615	8	8	12	12	9	3	0.913328	0.09066	7.64246e-07	8.36771e-07
616	8	8	12	13	8	5	0.8984	0.10714	8.97937e-07	9.99485e-07
617	10	9	17	17	15	2	0.889621	0.11696	9.48225e-07	1.06588e-06
618	6	6	18	20	12	16	0.812857	0.2072	1.60871e-06	1.97908e-06
619	8	8	26	26	16	14	0.790824	0.23468	1.74891e-06	2.2115e-06
620	8	7	12	13	8	8	0.884759	0.12244	1.02533e-06	1.15888e-06
621	8	8	11	11	9	2	0.923781	0.07928	6.71764e-07	7.2719e-07
622	7	7	11	11	6	7	0.900523	0.10478	8.94089e-07	9.92856e-07
623	8	8	11	11	8	4	0.914407	0.08948	7.62118e-07	8.33456e-07
624	2	2	1	1	1	0	0.99374	0.00628	5.60942e-08	5.64476e-08
625	9	9	14	14	11	4	0.89734	0.10832	8.99852e-07	1.0028e-06
626	7	7	6	6	5	1	0.958122	0.04278	3.7541e-07	3.91819e-07
627	8	8	10	10	9	1	0.934354	0.0679	5.77066e-07	6.17609e-07
628	10	10	21	22	10	36	0.724872	0.32176	2.28671e-06	3.15464e-06
629	8	7	7	8	6	3	0.936562	0.06554	5.72221e-07	6.1098e-07
630	15	14	32	33	24	11	0.768481	0.26334	1.88065e-06	2.44724e-06
631	8	8	16	16	11	7	0.872686	0.13618	1.11276e-06	1.27509e-06
632	6	6	5	5	4	1	0.964158	0.0365	3.23351e-07	3.35371e-07
633	8	8	20	20	12	15	0.817013	0.2021	1.57353e-06	1.92595e-06
634	11	11	24	24	13	16	0.792692	0.23232	1.74779e-06	2.20487e-06
635	11	11	16	17	11	6	0.871656	0.13736	1.11433e-06	1.27841e-06
636	9	8	13	13	8	8	0.884759	0.12244	1.02533e-06	1.15888e-06
637	10	10	25	26	18	11	0.803017	0.21938	1.64787e-06	2.0521e-06
638	8	8	6	6	6	0	0.963021	0.03768	3.26161e-07	3.38686e-07
639	8	8	3	3	3	0	0.981336	0.01884	1.66182e-07	1.69343e-07
640	11	11	15	15	7	12	0.856073	0.1554	1.27068e-06	1.48431e-06
641	8	8	4	4	4	0	0.975193	0.02512	2.20189e-07	2.2579e-07
642	11	11	21	21	14	7	0.845709	0.16758	1.31705e-06	1.55733e-06
643	6	6	10	11	9	2	0.923781	0.07928	6.71764e-07	7.2719e-07
644	11	11	22	22	16	8	0.836139	0.17896	1.39377e-06	1.66691e-06
645	6	6	4	4	3	1	0.970232	0.03022	2.70621e-07	2.78924e-07
646	9	9	8	8	6	3	0.936562	0.06554	5.72221e-07	6.1098e-07
647	8	7	9	10	7	4	0.920167	0.0832	7.14978e-07	7.77009e-07
648	7	7	8	9	7	2	0.935457	0.06672	5.74646e-07	6.14295e-07
649	8	7	15	18	13	6	0.8662	0.14364	1.15625e-06	1.33486e-06
650	8	8	13	14	10	5	0.892776	0.11342	9.42711e-07	1.05593e-06
651	8	8	16	16	13	3	0.890671	0.11578	9.46393e-07	1.06256e-06
652	8	8	20	20	16	4	0.864158	0.146	1.15925e-06	1.34148e-06
653	11	11	7	7	5	2	0.947281	0.05416	4.74966e-07	5.014e-07
654	10	8	13	13	7	10	0.87578	0.13264	1.10799e-06	1.26515e-06
655	8	8	10	10	6	5	0.915486	0.0883	7.59984e-07	8.30142e-07
656	13	13	15	16	15	1	0.899802	0.10558	8.60476e-07	9.56295e-07
657	10	10	27	28	16	16	0.773028	0.25744	1.87897e-06	2.43066e-06
658	15	15	38	39	25	24	0.692588	0.36732	2.40789e-06	3.47665e-06
659	8	7	3	3	3	0	0.981336	0.01884	1.66182e-07	1.69343e-07
660	8	7	21	22	11	15	0.806816	0.21466	1.64497e-06	2.03885e-06
661	10	9	8	8	6	2	0.94135	0.06044	5.2513e-07	5.57847e-07
662	10	10	26	26	15	32	0.721459	0.32648	2.28551e-06	3.1679e-06
663	11	11	5	5	5	0	0.969088	0.0314	2.73513e-07	2.82238e-07
664	18	18	16	16	14	2	0.895225	0.11068	9.03665e-07	1.00943e-06
665	8	8	9	9	7	2	0.935457	0.06672	5.74646e-07	6.14295e-07
666	6	6	4	5	3	2	0.959253	0.0416	3.72674e-07	3.88504e-07
667	7	6	11	12	8	4	0.908682	0.09576	8.0864e-07	8.89904e-07
668	6	6	1	1	1	0	0.99374	0.00628	5.60942e-08	5.64476e-08
669	11	11	28	28	20	11	0.792994	0.23194	1.71683e-06	2.165e-06
670	9	8	17	17	11	7	0.867222	0.14246	1.15474e-06	1.33154e-06
671	8	8	22	22	16	9	0.831886	0.18406	1.43088e-06	1.72005e-06
672	8	8	9	10	6	7	0.906196	0.0985	8.48569e-07	9.36408e-07
673	8	8	23	23	17	13	0.809985	0.21074	1.61108e-06	1.98903e-06
674	6	6	2	2	2	0	0.987519	0.01256	1.11486e-07	1.12895e-07
675	8	8	12	14	11	3	0.901929	0.10322	8.56531e-07	9.49666e-07
676	8	8	10	11	9	2	0.923781	0.07928	6.71764e-07	7.2719e-07
677	6	6	1	1	1	0	0.99374	0.00628	5.60942e-08	5.64476e-08
678	10	10	30	30	12	39	0.678887	0.3873	2.55643e-06	3.76562e-06
679	11	11	11	12	8	7	0.894885	0.11106	9.39006e-07	1.0493e-06
680	8	8	10	10	6	5	0.915486	0.0883	7.59984e-07	8.30142e-07
681	8	8	17	17	14	3	0.885095	0.12206	9.90429e-07	1.11901e-06
682	11	10	8	8	7	1	0.946163	0.05534	4.77542e-07	5.04714e-07
683	8	8	13	13	10	3	0.90761	0.09694	8.10694e-07	8.93218e-07
684	8	8	3	3	3	0	0.981336	0.01884	1.66182e-07	1.69343e-07
685	11	11	16	16	14	2	0.895225	0.11068	9.03665e-07	1.00943e-06
686	8	8	17	17	14	3	0.885095	0.12206	9.90429e-07	1.11901e-06
687	11	11	11	12	9	3	0.913328	0.09066	7.64246e-07	8.36771e-07
688	10	10	13	13	8	7	0.889283	0.11734	9.83326e-07	1.10575e-06
689	8	8	12	12	9	3	0.913328	0.09066	7.64246e-07	8.36771e-07
690	10	10	15	15	12	4	0.891723	0.1146	9.44554e-07	1.05925e-06
691	12	12	14	14	12	2	0.90654	0.09812	8.12743e-07	8.96533e-07
692	12	12	18	19	8	33	0.750047	0.28762	2.11956e-06	2.8259e-06
693	8	8	12	12	7	8	0.890333	0.11616	9.81536e-07	1.10244e-06
694	8	8	11	11	8	3	0.919082	0.08438	7.17181e-07	7.80323e-07
695	6	6	3	3	3	0	0.981336	0.01884	1.66182e-07	1.69343e-07
696	12	12	9	9	7	2	0.935457	0.06672	5.74646e-07	6.14295e-07
697	11	11	10	11	7	5	0.909755	0.09458	8.06579e-07	8.8659e-07
698	10	10	31	31	20	19	0.747082	0.29158	2.0615e-06	2.75941e-06
699	8	8	25	25	18	7	0.824729	0.1927	1.47059e-06	1.78312e-06
700	8	8	11	13	10	4	0.902993	0.10204	8.54549e-07	9.46352e-07
701	8	8	22	24	14	16	0.792692	0.23232	1.74779e-06	2.20487e-06
702	8	8	12	12	7	15	0.859109	0.15186	1.26664e-06	1.47437e-06
703	8	8	18	18	14	4	0.87508	0.13344	1.07511e-06	1.22859e-06
704	7	7	10	10	8	2	0.929601	0.073	6.23523e-07	6.70742e-07
705	8	8	17	18	13	7	0.861793	0.14874	1.19616e-06	1.38799e-06
706	10	10	19	19	13	7	0.856398	0.15502	1.23701e-06	1.44444e-06
707	9	9	16	17	11	7	0.867222	0.14246	1.15474e-06	1.33154e-06
708	12	11	12	12	7	8	0.890333	0.11616	9.81536e-07	1.10244e-06
709	9	9	11	11	7	4	0.914407	0.08948	7.62118e-07	8.33456e-07
710	12	11	16	17	14	3	0.885095	0.12206	9.90429e-07	1.11901e-06
711	6	6	2	2	2	0	0.987519	0.01256	1.11486e-07	1.12895e-07
712	12	12	23	23	17	8	0.830905	0.18524	1.43195e-06	1.72336e-06
713	8	8	10	10	6	5	0.915486	0.0883	7.59984e-07	8.30142e-07
714	12	12	10	11	7	5	0.909755	0.09458	8.06579e-07	8.8659e-07
715	8	8	17	20	12	23	0.78435	0.2429	1.84402e-06	2.35102e-06
716	9	9	14	14	8	8	0.87922	0.12872	1.06854e-06	1.21533e-06
717	9	9	12	14	9	9	0.874748	0.13382	1.10959e-06	1.26847e-06
718	9	9	9	9	8	1	0.94024	0.06162	5.27627e-07	5.61162e-07
719	8	7	18	18	10	15	0.82734	0.18954	1.50001e-06	1.81305e-06
720	11	10	9	9	6	4	0.925964	0.07692	6.67214e-07	7.20561e-07
721	13	12	19	21	12	20	0.791457	0.23388	1.77925e-06	2.24806e-06
722	13	13	25	25	19	10	0.812207	0.208	1.57773e-06	1.94252e-06
723	8	8	16	16	12	5	0.881632	0.12598	1.03048e-06	1.16883e-06
724	6	6	9	9	8	1	0.94024	0.06162	5.27627e-07	5.61162e-07
725	11	11	9	9	8	1	0.94024	0.06162	5.27627e-07	5.61162e-07
726	11	11	16	16	14	2	0.895225	0.11068	9.03665e-07	1.00943e-06
727	7	7	20	20	13	9	0.8424	0.1715	1.35386e-06	1.60715e-06
728	8	8	17	17	10	16	0.828316	0.18836	1.49904e-06	1.80974e-06
729	8	8	10	10	7	4	0.920167	0.0832	7.14978e-07	7.77009e-07
730	5	5	8	8	7	1	0.946163	0.05534	4.77542e-07	5.04714e-07
731	7	7	9	9	9	0	0.945048	0.05652	4.80111e-07	5.08028e-07
732	13	13	23	23	16	11	0.818289	0.20054	1.54064e-06	1.88276e-06
733	8	7	12	12	9	3	0.913328	0.09066	7.64246e-07	8.36771e-07
734	10	10	24	24	14	18	0.784648	0.24252	1.81343e-06	2.31114e-06
735	11	11	25	25	16	12	0.803965	0.2182	1.64715e-06	2.04879e-06
736	9	9	11	11	7	5	0.909755	0.09458	8.06579e-07	8.8659e-07
737	9	9	8	8	8	0	0.951001	0.05024	4.29454e-07	4.51581e-07
738	8	8	24	24	14	17	0.78866	0.23742	1.7808e-06	2.25801e-06
739	9	9	20	20	16	7	0.851037	0.1613	1.27731e-06	1.50088e-06
740	8	8	9	9	7	2	0.935457	0.06672	5.74646e-07	6.14295e-07
741	12	10	11	11	9	2	0.923781	0.07928	6.71764e-07	7.2719e-07
742	8	8	18	19	14	15	0.82216	0.19582	1.53703e-06	1.8695e-06
743	8	7	9	9	5	5	0.921254	0.08202	7.12769e-07	7.73694e-07
744	8	8	13	13	10	4	0.902993	0.10204	8.54549e-07	9.46352e-07
745	5	5	3	3	3	0	0.981336	0.01884	1.66182e-07	1.69343e-07
746	6	6	4	4	4	0	0.975193	0.02512	2.20189e-07	2.2579e-07
747	8	8	19	19	10	16	0.817978	0.20092	1.57267e-06	1.92264e-06
748	11	10	18	18	12	7	0.861793	0.14874	1.19616e-06	1.38799e-06
749	12	11	17	17	10	11	0.84971	0.16286	1.31202e-06	1.54407e-06
750	15	15	16	16	10	10	0.859435	0.15148	1.23285e-06	1.43449e-06
751	6	6	10	11	8	3	0.919082	0.08438	7.17181e-07	7.80323e-07
752	8	8	5	5	4	1	0.964158	0.0365	3.23351e-07	3.35371e-07
753	9	9	15	15	8	18	0.830274	0.186	1.49708e-06	1.80311e-06
754	8	8	8	9	5	5	0.921254	0.08202	7.12769e-07	7.73694e-07
755	8	7	23	23	13	13	0.809985	0.21074	1.61108e-06	1.98903e-06
756	10	10	13	14	13	1	0.911175	0.09302	7.68485e-07	8.434e-07
757	6	6	6	6	6	0	0.963021	0.03768	3.26161e-07	3.38686e-07
758	6	6	10	10	4	10	0.892436	0.1138	9.77939e-07	1.09581e-06
759	11	11	21	21	14	10	0.832868	0.18288	1.42981e-06	1.71673e-06
760	10	10	21	22	20	2	0.862121	0.14836	1.16224e-06	1.34811e-06
761	12	12	36	38	21	23	0.700515	0.35594	2.35868e-06	3.36707e-06
762	9	8	16	16	10	12	0.850713	0.16168	1.31075e-06	1.54076e-06
763	7	7	16	16	7	15	0.837797	0.17698	1.42439e-06	1.70016e-06
764	11	11	24	25	14	23	0.760104	0.2743	2.00155e-06	2.63325e-06
765	8	8	13	14	9	7	0.883716	0.12362	1.02705e-06	1.1622e-06
766	11	11	12	12	9	3	0.913328	0.09066	7.64246e-07	8.36771e-07
767	10	9	7	7	6	1	0.952124	0.04906	4.26805e-07	4.48266e-07
768	10	9	12	12	7	6	0.899461	0.10596	8.96016e-07	9.9617e-07
769	8	8	14	15	8	14	0.847385	0.1656	1.34783e-06	1.59058e-06
770	13	13	23	23	19	6	0.839423	0.17504	1.35743e-06	1.61709e-06
771	8	8	12	12	9	4	0.908682	0.09576	8.0864e-07	8.89904e-07
772	5	5	16	16	7	14	0.84208	0.17188	1.38693e-06	1.64703e-06
773	9	9	10	11	10	1	0.928505	0.07418	6.25865e-07	6.74057e-07
774	9	9	13	13	9	5	0.8984	0.10714	8.97937e-07	9.99485e-07
775	7	7	14	14	10	4	0.89734	0.10832	8.99852e-07	1.0028e-06
776	8	8	19	19	11	11	0.839105	0.17542	1.39037e-06	1.65697e-06
777	13	12	33	33	20	26	0.711884	0.33984	2.30952e-06	3.24423e-06
778	10	10	6	6	4	3	0.948399	0.05298	4.72383e-07	4.98085e-07
779	12	11	17	19	14	7	0.856398	0.15502	1.23701e-06	1.44444e-06
780	8	8	13	13	9	4	0.902993	0.10204	8.54549e-07	9.46352e-07
781	5	5	4	5	3	3	0.954374	0.0467	4.21487e-07	4.41638e-07
782	11	10	17	18	13	6	0.8662	0.14364	1.15625e-06	1.33486e-06
783	8	8	7	9	7	2	0.935457	0.06672	5.74646e-07	6.14295e-07
784	8	8	2	2	1	1	0.982495	0.01766	1.63122e-07	1.66028e-07
785	6	6	10	10	7	3	0.924872	0.0781	6.69492e-07	7.23876e-07
786	13	13	24	26	19	9	0.811249	0.20918	1.57856e-06	1.94584e-06
787	9	9	18	18	13	6	0.8662	0.14364	1.15625e-06	1.33486e-06
788	9	9	12	12	10	2	0.917998	0.08556	7.19378e-07	7.83638e-07
789	8	8	10	10	6	5	0.915486	0.0883	7.59984e-07	8.30142e-07
790	8	8	24	25	14	19	0.775769	0.2539	1.87792e-06	2.42072e-06
791	10	10	13	13	10	6	0.89383	0.11224	9.40861e-07	1.05262e-06
792	8	8	6	6	5	1	0.958122	0.04278	3.7541e-07	3.91819e-07
793	16	16	31	31	20	18	0.750902	0.28648	2.03215e-06	2.70627e-06
794	9	8	4	4	3	1	0.970232	0.03022	2.70621e-07	2.78924e-07
795	7	6	10	10	7	3	0.924872	0.0781	6.69492e-07	7.23876e-07
796	10	10	22	23	13	22	0.773647	0.25664	1.90876e-06	2.46723e-06
797	13	12	27	27	21	7	0.814436	0.20526	1.54418e-06	1.89602e-06
798	8	8	13	13	9	7	0.889283	0.11734	9.83326e-07	1.10575e-06
799	8	8	11	12	8	5	0.90406	0.10086	8.52562e-07	9.43037e-07
800	8	8	10	11	5	10	0.886849	0.12008	1.02188e-06	1.15226e-06
801	8	7	7	8	6	2	0.94135	0.06044	5.2513e-07	5.57847e-07
802	8	8	12	12	11	1	0.922692	0.08046	6.7403e-07	7.30504e-07
803	8	8	11	12	6	9	0.885804	0.12126	1.02361e-06	1.15557e-06
804	7	7	13	15	8	9	0.869271	0.1401	1.15171e-06	1.32491e-06
805	14	14	30	31	24	10	0.782172	0.24568	1.7843e-06	2.28121e-06
806	4	4	6	6	4	3	0.948399	0.05298	4.72383e-07	4.98085e-07
807	8	7	5	5	3	3	0.954374	0.0467	4.21487e-07	4.41638e-07
808	6	6	4	4	3	1	0.970232	0.03022	2.70621e-07	2.78924e-07
809	8	8	7	8	6	2	0.94135	0.06044	5.2513e-07	5.57847e-07
810	8	8	20	20	17	4	0.864158	0.146	1.15925e-06	1.34148e-06
811	8	8	4	4	4	0	0.975193	0.02512	2.20189e-07	2.2579e-07
812	8	8	18	19	12	13	0.830589	0.18562	1.46452e-06	1.76324e-06
813	14	14	22	22	19	3	0.857735	0.15346	1.2019e-06	1.40125e-06
814	10	10	14	14	14	0	0.915834	0.08792	7.23753e-07	7.90266e-07
815	7	7	12	12	12	0	0.92741	0.07536	6.28201e-07	6.77371e-07
816	12	12	18	18	12	8	0.857409	0.15384	1.23563e-06	1.44112e-06
817	10	10	14	15	10	6	0.882673	0.1248	1.02877e-06	1.16551e-06
818	14	14	11	11	11	0	0.933252	0.06908	5.79478e-07	6.20924e-07
819	6	6	2	2	2	0	0.987519	0.01256	1.11486e-07	1.12895e-07
820	11	10	15	16	12	5	0.881632	0.12598	1.03048e-06	1.16883e-06
821	11	11	22	22	16	8	0.836139	0.17896	1.39377e-06	1.66691e-06
822	9	9	24	24	16	13	0.804914	0.21702	1.64643e-06	2.04547e-06
823	8	8	13	13	8	9	0.880258	0.12754	1.06689e-06	1.21202e-06
824	12	12	9	9	7	2	0.935457	0.06672	5.74646e-07	6.14295e-07
825	8	8	12	14	7	9	0.874748	0.13382	1.10959e-06	1.26847e-06
826	12	11	11	12	9	3	0.913328	0.09066	7.64246e-07	8.36771e-07
827	9	9	21	21	15	7	0.845709	0.16758	1.31705e-06	1.55733e-06
828	8	8	15	16	11	6	0.877148	0.13108	1.07184e-06	1.22196e-06
829	9	9	13	13	9	5	0.8984	0.10714	8.97937e-07	9.99485e-07
830	11	11	20	20	14	10	0.838115	0.1766	1.39151e-06	1.66028e-06
831	7	7	14	14	9	6	0.888234	0.11852	9.8511e-07	1.10907e-06
832	9	9	16	18	11	11	0.844391	0.16914	1.35147e-06	1.60052e-06
833	6	6	13	13	9	5	0.8984	0.10714	8.97937e-07	9.99485e-07
834	10	10	21	21	18	3	0.863139	0.14718	1.16075e-06	1.3448e-06
835	8	7	7	7	6	1	0.952124	0.04906	4.26805e-07	4.48266e-07
836	6	6	6	6	5	1	0.958122	0.04278	3.7541e-07	3.91819e-07
837	3	3	1	1	1	0	0.99374	0.00628	5.60942e-08	5.64476e-08
838	6	6	11	11	8	3	0.919082	0.08438	7.17181e-07	7.80323e-07
839	7	7	22	23	15	11	0.818289	0.20054	1.54064e-06	1.88276e-06
840	11	11	14	15	12	4	0.891723	0.1146	9.44554e-07	1.05925e-06
841	13	13	15	17	14	3	0.885095	0.12206	9.90429e-07	1.11901e-06
842	8	8	36	37	20	28	0.687179	0.37516	2.45755e-06	3.57629e-06
843	8	8	20	23	13	16	0.797686	0.22604	1.71377e-06	2.14843e-06
844	9	9	10	10	7	3	0.924872	0.0781	6.69492e-07	7.23876e-07
845	10	10	15	15	10	6	0.882673	0.1248	1.02877e-06	1.16551e-06
846	9	9	21	21	15	10	0.832868	0.18288	1.42981e-06	1.71673e-06
847	12	11	19	19	13	12	0.834836	0.18052	1.42766e-06	1.7101e-06
848	11	11	20	22	13	14	0.810941	0.20956	1.6103e-06	1.98571e-06
849	12	12	9	9	7	2	0.935457	0.06672	5.74646e-07	6.14295e-07
850	9	9	8	9	6	3	0.930698	0.07182	6.21174e-07	6.67428e-07
851	5	5	4	5	4	1	0.964158	0.0365	3.23351e-07	3.35371e-07
852	8	8	1	1	1	0	0.99374	0.00628	5.60942e-08	5.64476e-08
853	8	7	14	14	10	4	0.89734	0.10832	8.99852e-07	1.0028e-06
854	8	8	13	14	10	4	0.89734	0.10832	8.99852e-07	1.0028e-06
855	8	7	14	14	10	5	0.892776	0.11342	9.42711e-07	1.05593e-06
856	9	9	12	12	11	1	0.922692	0.08046	6.7403e-07	7.30504e-07
857	5	5	5	5	4	1	0.964158	0.0365	3.23351e-07	3.35371e-07
858	3	3	2	2	2	0	0.987519	0.01256	1.11486e-07	1.12895e-07
859	8	8	16	19	11	12	0.834836	0.18052	1.42766e-06	1.7101e-06
860	6	5	13	13	7	12	0.866893	0.14284	1.18887e-06	1.37142e-06
861	10	10	21	21	16	6	0.850033	0.16248	1.27862e-06	1.5042e-06
862	10	9	11	12	9	3	0.913328	0.09066	7.64246e-07	8.36771e-07
863	8	8	8	8	7	1	0.946163	0.05534	4.77542e-07	5.04714e-07
864	4	4	3	4	3	1	0.970232	0.03022	2.70621e-07	2.78924e-07
865	8	7	21	22	16	8	0.836139	0.17896	1.39377e-06	1.66691e-06
866	6	6	5	5	5	0	0.969088	0.0314	2.73513e-07	2.82238e-07
867	8	8	14	14	11	3	0.901929	0.10322	8.56531e-07	9.49666e-07
868	14	14	16	16	11	11	0.855063	0.15658	1.27201e-06	1.48763e-06
869	9	9	17	17	10	13	0.841087	0.17306	1.38808e-06	1.65034e-06
870	11	11	13	13	10	4	0.902993	0.10204	8.54549e-07	9.46352e-07
871	4	4	7	7	4	6	0.928152	0.07456	6.62638e-07	7.13932e-07
872	10	10	8	8	7	1	0.946163	0.05534	4.77542e-07	5.04714e-07
873	13	12	22	22	18	4	0.853372	0.15856	1.24113e-06	1.45438e-06
874	14	14	28	28	23	6	0.813475	0.20644	1.54506e-06	1.89933e-06
875	8	7	13	13	8	6	0.89383	0.11224	9.40861e-07	1.05262e-06
876	6	5	12	13	8	7	0.889283	0.11734	9.83326e-07	1.10575e-06
877	11	10	17	17	11	9	0.858422	0.15266	1.23425e-06	1.43781e-06
878	11	11	25	26	16	17	0.778816	0.24998	1.8465e-06	2.3709e-06
879	8	8	20	21	13	14	0.81605	0.20328	1.57438e-06	1.92926e-06
880	9	9	18	19	13	8	0.852042	0.16012	1.27599e-06	1.49757e-06
881	9	8	14	14	12	3	0.901929	0.10322	8.56531e-07	9.49666e-07
882	12	12	22	24	18	7	0.829925	0.18642	1.43301e-06	1.72667e-06
883	10	10	21	24	14	12	0.809029	0.21192	1.61186e-06	1.99234e-06
884	10	10	6	6	5	1	0.958122	0.04278	3.7541e-07	3.91819e-07
885	8	8	8	8	7	1	0.946163	0.05534	4.77542e-07	5.04714e-07
886	11	10	18	18	15	3	0.879554	0.12834	1.03388e-06	1.17546e-06
887	6	6	5	6	5	1	0.958122	0.04278	3.7541e-07	3.91819e-07
888	9	9	6	6	6	0	0.963021	0.03768	3.26161e-07	3.38686e-07
889	8	8	25	25	14	21	0.767897	0.2641	1.94047e-06	2.52699e-06
890	8	8	21	21	16	8	0.841407	0.17268	1.35506e-06	1.61047e-06
891	8	8	22	23	15	24	0.765796	0.26684	1.97077e-06	2.57349e-06
892	9	9	13	13	9	4	0.902993	0.10204	8.54549e-07	9.46352e-07
893	7	7	6	6	4	2	0.953248	0.04788	4.2415e-07	4.44952e-07
894	8	7	16	16	9	10	0.859435	0.15148	1.23285e-06	1.43449e-06
895	7	7	16	17	12	5	0.876113	0.13226	1.07348e-06	1.22528e-06
896	11	10	15	16	13	3	0.890671	0.11578	9.46393e-07	1.06256e-06
897	10	10	9	9	8	1	0.94024	0.06162	5.27627e-07	5.61162e-07
898	15	15	37	39	30	11	0.740063	0.30102	2.06176e-06	2.78592e-06
899	8	8	7	8	6	2	0.94135	0.06044	5.2513e-07	5.57847e-07
900	9	9	27	28	16	17	0.769096	0.26254	1.91028e-06	2.4838e-06
901	13	13	37	40	21	40	0.634321	0.4552	2.78038e-06	4.38323e-06
902	10	10	6	7	6	1	0.952124	0.04906	4.26805e-07	4.48266e-07
903	8	8	15	16	11	7	0.872686	0.13618	1.11276e-06	1.27509e-06
904	7	7	7	7	5	2	0.947281	0.05416	4.74966e-07	5.014e-07
905	11	11	14	15	8	10	0.864849	0.1452	1.1918e-06	1.37805e-06
906	13	12	33	34	21	17	0.740655	0.30022	2.09049e-06	2.82248e-06
907	8	8	22	22	12	23	0.77456	0.25546	1.90845e-06	2.46391e-06
908	10	10	15	15	9	7	0.878183	0.1299	1.07019e-06	1.21865e-06
909	11	11	22	24	14	23	0.764892	0.26802	1.97098e-06	2.57681e-06
910	10	10	20	20	16	6	0.855388	0.1562	1.23839e-06	1.44775e-06
911	8	7	16	17	11	12	0.845388	0.16796	1.35026e-06	1.59721e-06
912	8	8	16	19	9	18	0.809677	0.21112	1.64276e-06	2.0289e-06
913	12	11	19	20	14	9	0.8424	0.1715	1.35386e-06	1.60715e-06
914	4	4	0	0	0	0	1	-0	0	0
915	9	9	16	16	10	12	0.850713	0.16168	1.31075e-06	1.54076e-06
916	6	6	2	2	2	0	0.987519	0.01256	1.11486e-07	1.12895e-07
917	11	10	16	16	12	7	0.872686	0.13618	1.11276e-06	1.27509e-06
918	8	7	9	9	8	1	0.94024	0.06162	5.27627e-07	5.61162e-07
919	5	5	5	5	3	3	0.954374	0.0467	4.21487e-07	4.41638e-07
920	10	10	18	20	8	36	0.734034	0.3092	2.23275e-06	3.04175e-06
921	6	6	5	5	4	1	0.964158	0.0365	3.23351e-07	3.35371e-07
922	8	7	13	13	11	2	0.912251	0.09184	7.66369e-07	8.40085e-07
923	7	7	19	20	14	9	0.8424	0.1715	1.35386e-06	1.60715e-06
924	11	10	18	18	12	10	0.848708	0.16404	1.31328e-06	1.54739e-06
925	11	11	20	20	12	10	0.838115	0.1766	1.39151e-06	1.66028e-06
926	10	10	9	10	7	3	0.924872	0.0781	6.69492e-07	7.23876e-07
927	8	8	16	17	10	13	0.841087	0.17306	1.38808e-06	1.65034e-06
928	3	3	4	4	4	0	0.975193	0.02512	2.20189e-07	2.2579e-07
929	16	16	29	31	21	16	0.7586	0.27628	1.97237e-06	2.60001e-06
930	14	14	20	20	12	11	0.833851	0.1817	1.42874e-06	1.71342e-06
931	8	8	31	33	21	24	0.719183	0.32964	2.25677e-06	3.13797e-06
932	13	13	24	25	17	12	0.803965	0.2182	1.64715e-06	2.04879e-06
933	8	8	7	7	6	1	0.952124	0.04906	4.26805e-07	4.48266e-07
934	11	11	32	34	19	26	0.707428	0.34612	2.33499e-06	3.30068e-06
935	7	6	10	10	7	3	0.924872	0.0781	6.69492e-07	7.23876e-07
936	10	8	20	21	14	11	0.828631	0.18798	1.46657e-06	1.76986e-06
937	7	7	12	13	7	12	0.866893	0.14284	1.18887e-06	1.37142e-06
938	10	10	4	4	4	0	0.975193	0.02512	2.20189e-07	2.2579e-07
939	7	7	12	13	7	9	0.880258	0.12754	1.06689e-06	1.21202e-06
940	13	13	39	40	24	26	0.681268	0.3838	2.47938e-06	3.63937e-06
941	10	10	13	14	6	14	0.852723	0.15932	1.30819e-06	1.53413e-06
942	8	8	16	17	12	7	0.867222	0.14246	1.15474e-06	1.33154e-06
943	7	6	17	17	12	6	0.871656	0.13736	1.11433e-06	1.27841e-06
944	8	8	16	16	10	7	0.872686	0.13618	1.11276e-06	1.27509e-06
945	8	8	6	7	5	3	0.942462	0.05926	5.22626e-07	5.54533e-07
946	6	6	12	12	7	8	0.890333	0.11616	9.81536e-07	1.10244e-06
947	7	7	11	12	7	8	0.890333	0.11616	9.81536e-07	1.10244e-06
948	14	14	15	17	12	6	0.871656	0.13736	1.11433e-06	1.27841e-06
949	8	8	14	14	10	7	0.883716	0.12362	1.02705e-06	1.1622e-06
950	9	9	10	12	7	7	0.894885	0.11106	9.39006e-07	1.0493e-06
951	7	6	18	18	12	7	0.861793	0.14874	1.19616e-06	1.38799e-06
952	8	8	9	9	6	4	0.925964	0.07692	6.67214e-07	7.20561e-07
953	14	14	21	21	14	10	0.832868	0.18288	1.42981e-06	1.71673e-06
954	15	15	33	34	17	32	0.686108	0.37672	2.48336e-06	3.61948e-06
955	7	7	8	8	7	1	0.946163	0.05534	4.77542e-07	5.04714e-07
956	7	7	24	24	14	14	0.800819	0.22212	1.68061e-06	2.09861e-06
957	8	8	8	8	7	1	0.946163	0.05534	4.77542e-07	5.04714e-07
958	13	13	20	22	13	30	0.747396	0.29116	2.1195e-06	2.83584e-06
959	12	12	24	24	15	13	0.804914	0.21702	1.64643e-06	2.04547e-06
960	14	14	19	20	14	8	0.846707	0.1664	1.3158e-06	1.55402e-06
961	8	8	12	12	9	3	0.913328	0.09066	7.64246e-07	8.36771e-07
962	10	10	8	9	5	5	0.921254	0.08202	7.12769e-07	7.73694e-07
963	10	10	20	22	13	14	0.810941	0.20956	1.6103e-06	1.98571e-06
964	8	8	19	19	11	11	0.839105	0.17542	1.39037e-06	1.65697e-06
965	12	12	12	12	10	2	0.917998	0.08556	7.19378e-07	7.83638e-07
966	10	10	5	5	5	0	0.969088	0.0314	2.73513e-07	2.82238e-07
967	11	11	19	19	14	8	0.852042	0.16012	1.27599e-06	1.49757e-06
968	9	9	7	8	6	2	0.94135	0.06044	5.2513e-07	5.57847e-07
969	10	10	24	24	18	7	0.829925	0.18642	1.43301e-06	1.72667e-06
970	9	9	6	6	5	1	0.958122	0.04278	3.7541e-07	3.91819e-07
971	8	8	15	15	11	5	0.887187	0.1197	9.86889e-07	1.11238e-06
972	9	9	14	14	9	7	0.883716	0.12362	1.02705e-06	1.1622e-06
973	6	5	16	16	9	10	0.859435	0.15148	1.23285e-06	1.43449e-06
974	15	15	32	33	22	19	0.737758	0.30414	2.11906e-06	2.8723e-06
975	13	12	24	25	10	34	0.718636	0.3304	2.31237e-06	3.21772e-06
976	13	13	28	28	21	7	0.809337	0.21154	1.5802e-06	1.95247e-06
977	14	14	20	21	16	6	0.850033	0.16248	1.27862e-06	1.5042e-06
978	6	5	7	8	4	10	0.903716	0.10124	8.88274e-07	9.82913e-07
979	12	12	25	27	19	12	0.79393	0.23076	1.71623e-06	2.16168e-06
980	6	6	4	4	4	0	0.975193	0.02512	2.20189e-07	2.2579e-07
981	10	9	21	22	12	24	0.77062	0.26056	1.93968e-06	2.51704e-06
982	10	10	10	10	10	0	0.939131	0.0628	5.30117e-07	5.64476e-07
983	12	12	23	23	17	8	0.830905	0.18524	1.43195e-06	1.72336e-06
984	6	6	6	6	3	4	0.943574	0.05808	5.20116e-07	5.51218e-07
985	8	8	10	10	9	1	0.934354	0.0679	5.77066e-07	6.17609e-07
986	10	10	15	15	12	6	0.882673	0.1248	1.02877e-06	1.16551e-06
987	12	12	12	12	11	1	0.922692	0.08046	6.7403e-07	7.30504e-07
988	8	8	10	11	10	1	0.928505	0.07418	6.25865e-07	6.74057e-07
989	9	8	8	8	7	1	0.946163	0.05534	4.77542e-07	5.04714e-07
990	8	8	13	14	9	7	0.883716	0.12362	1.02705e-06	1.1622e-06
991	11	11	6	7	6	1	0.952124	0.04906	4.26805e-07	4.48266e-07
992	11	10	37	38	21	37	0.652242	0.42734	2.68132e-06	4.11094e-06
993	8	8	23	25	14	17	0.783723	0.2437	1.81389e-06	2.31445e-06
994	13	13	22	22	16	10	0.827654	0.18916	1.46758e-06	1.77318e-06
995	9	9	20	21	13	12	0.824416	0.19308	1.50291e-06	1.823e-06
996	9	9	10	10	7	3	0.924872	0.0781	6.69492e-07	7.23876e-07
997	9	9	13	13	9	4	0.902993	0.10204	8.54549e-07	9.46352e-07
998	10	10	25	26	16	17	0.778816	0.24998	1.8465e-06	2.3709e-06
999	5	5	7	7	6	1	0.952124	0.04906	4.26805e-07	4.48266e-07
1000	8	7	17	17	11	8	0.862811	0.14756	1.19471e-06	1.38467e-06