Hist	Tr_Tot	Tr_in	DSBs	DSBt	RIFs	NComb	PSurv	lPSurv	PMut*	PMut
1	0	0	0	0	0	0	1	-0	0	0
2	1	1	16	16	14	2	0.895225	0.11068	9.03665e-07	1.00943e-06
3	0	0	0	0	0	0	1	-0	0	0
4	1	1	32	65	18	868	0.00794669	4.835	3.95655e-07	4.97887e-05
5	0	0	0	0	0	0	1	-0	0	0
6	0	0	0	0	0	0	1	-0	0	0
7	0	0	0	0	0	0	1	-0	0	0
8	0	0	0	0	0	0	1	-0	0	0
9	0	0	0	0	0	0	1	-0	0	0
10	0	0	0	0	0	0	1	-0	0	0
11	1	1	102	273	29	14624	7.32324e-34	76.2968	5.80316e-37	0.00079243
12	0	0	0	0	0	0	1	-0	0	0
13	1	1	116	280	31	9223	6.43127e-22	48.7957	3.25328e-25	0.000505853
14	0	0	0	0	0	0	1	-0	0	0
15	0	0	0	0	0	0	1	-0	0	0
16	0	0	0	0	0	0	1	-0	0	0
17	0	0	0	0	0	0	1	-0	0	0
18	0	0	0	0	0	0	1	-0	0	0
19	0	0	0	0	0	0	1	-0	0	0
20	1	1	2	2	2	0	0.987519	0.01256	1.11486e-07	1.12895e-07
21	0	0	0	0	0	0	1	-0	0	0
22	1	1	2	2	2	0	0.987519	0.01256	1.11486e-07	1.12895e-07
23	0	0	0	0	0	0	1	-0	0	0
24	0	0	0	0	0	0	1	-0	0	0
25	0	0	0	0	0	0	1	-0	0	0
26	0	0	0	0	0	0	1	-0	0	0
27	0	0	0	0	0	0	1	-0	0	0
28	0	0	0	0	0	0	1	-0	0	0
29	1	1	4	4	4	0	0.975193	0.02512	2.20189e-07	2.2579e-07
30	0	0	0	0	0	0	1	-0	0	0
31	1	1	127	241	27	5431	2.0586e-13	29.2116	6.22048e-17	0.00030217
32	0	0	0	0	0	0	1	-0	0	0
33	0	0	0	0	0	0	1	-0	0	0
34	0	0	0	0	0	0	1	-0	0	0
35	0	0	0	0	0	0	1	-0	0	0
36	0	0	0	0	0	0	1	-0	0	0
37	0	0	0	0	0	0	1	-0	0	0
38	1	1	68	137	22	5593	1.73143e-13	29.3847	5.27925e-17	0.000304907
39	0	0	0	0	0	0	1	-0	0	0
40	1	1	60	96	27	846	0.00731755	4.91748	3.68582e-07	5.03697e-05
41	0	0	0	0	0	0	1	-0	0	0
42	0	0	0	0	0	0	1	-0	0	0
43	0	0	0	0	0	0	1	-0	0	0
44	0	0	0	0	0	0	1	-0	0	0
45	0	0	0	0	0	0	1	-0	0	0
46	0	0	0	0	0	0	1	-0	0	0
47	1	1	21	35	6	157	0.360415	1.0205	3.71861e-06	1.03176e-05
48	0	0	0	0	0	0	1	-0	0	0
49	1	0	2	2	2	0	0.987519	0.01256	1.11486e-07	1.12895e-07
50	0	0	0	0	0	0	1	-0	0	0
51	0	0	0	0	0	0	1	-0	0	0
52	0	0	0	0	0	0	1	-0	0	0
53	0	0	0	0	0	0	1	-0	0	0
54	1	1	141	364	36	13960	1.22238e-32	73.4819	9.31807e-36	0.000762286
55	0	0	0	0	0	0	1	-0	0	0
56	1	1	132	397	32	26170	8.97951e-60	135.96	1.26872e-62	0.00141291
57	0	0	0	0	0	0	1	-0	0	0
58	1	1	19	29	14	81	0.551441	0.59522	3.27599e-06	5.94077e-06
59	0	0	0	0	0	0	1	-0	0	0
60	0	0	0	0	0	0	1	-0	0	0
61	0	0	0	0	0	0	1	-0	0	0
62	0	0	0	0	0	0	1	-0	0	0
63	1	1	15	15	9	13	0.851718	0.1605	1.30947e-06	1.53745e-06
64	0	0	0	0	0	0	1	-0	0	0
65	1	1	15	15	14	1	0.905471	0.0993	8.14786e-07	8.99847e-07
66	0	0	0	0	0	0	1	-0	0	0
67	0	0	0	0	0	0	1	-0	0	0
68	0	0	0	0	0	0	1	-0	0	0
69	0	0	0	0	0	0	1	-0	0	0
70	0	0	0	0	0	0	1	-0	0	0
71	0	0	0	0	0	0	1	-0	0	0
72	1	1	2	2	2	0	0.987519	0.01256	1.11486e-07	1.12895e-07
73	0	0	0	0	0	0	1	-0	0	0
74	1	1	3	3	3	0	0.981336	0.01884	1.66182e-07	1.69343e-07
75	0	0	0	0	0	0	1	-0	0	0
76	0	0	0	0	0	0	1	-0	0	0
77	0	0	0	0	0	0	1	-0	0	0
78	0	0	0	0	0	0	1	-0	0	0
79	0	0	0	0	0	0	1	-0	0	0
80	0	0	0	0	0	0	1	-0	0	0
81	1	1	79	164	23	3414	9.79572e-09	18.4413	1.8676e-12	0.000190654
82	0	0	0	0	0	0	1	-0	0	0
83	1	1	163	417	41	12977	1.31797e-30	68.8015	9.39776e-34	0.000713048
84	0	0	0	0	0	0	1	-0	0	0
85	0	0	0	0	0	0	1	-0	0	0
86	0	0	0	0	0	0	1	-0	0	0
87	0	0	0	0	0	0	1	-0	0	0
88	0	0	0	0	0	0	1	-0	0	0
89	0	0	0	0	0	0	1	-0	0	0
90	1	1	57	129	9	6035	1.91089e-14	31.5886	6.2666e-18	0.000327941
91	0	0	0	0	0	0	1	-0	0	0
92	1	1	21	39	5	380	0.112712	2.18292	2.52385e-06	2.23921e-05
93	0	0	0	0	0	0	1	-0	0	0
94	0	0	0	0	0	0	1	-0	0	0
95	0	0	0	0	0	0	1	-0	0	0
96	0	0	0	0	0	0	1	-0	0	0
97	0	0	0	0	0	0	1	-0	0	0
98	0	0	0	0	0	0	1	-0	0	0
99	1	1	59	112	18	3502	8.66859e-09	18.5636	1.66779e-12	0.000192395
100	0	0	0	0	0	0	1	-0	0	0
101	1	1	7	7	7	0	0.956992	0.04396	3.78139e-07	3.95133e-07
102	0	0	0	0	0	0	1	-0	0	0
103	0	0	0	0	0	0	1	-0	0	0
104	0	0	0	0	0	0	1	-0	0	0
105	0	0	0	0	0	0	1	-0	0	0
106	0	0	0	0	0	0	1	-0	0	0
107	0	0	0	0	0	0	1	-0	0	0
108	1	1	43	70	16	812	0.0102467	4.5808	4.82573e-07	4.70955e-05
109	0	0	0	0	0	0	1	-0	0	0
110	1	1	63	116	26	2277	4.36811e-06	12.3412	5.57075e-10	0.000127532
111	0	0	0	0	0	0	1	-0	0	0
112	0	0	0	0	0	0	1	-0	0	0
113	0	0	0	0	0	0	1	-0	0	0
114	0	0	0	0	0	0	1	-0	0	0
115	1	1	1	1	1	0	0.99374	0.00628	5.60942e-08	5.64476e-08
116	0	0	0	0	0	0	1	-0	0	0
117	2	2	40	70	27	461	0.0613782	2.7907	1.74595e-06	2.84457e-05
118	0	0	0	0	0	0	1	-0	0	0
119	0	0	0	0	0	0	1	-0	0	0
120	0	0	0	0	0	0	1	-0	0	0
121	0	0	0	0	0	0	1	-0	0	0
122	0	0	0	0	0	0	1	-0	0	0
123	0	0	0	0	0	0	1	-0	0	0
124	1	1	67	161	23	2555	7.97663e-07	14.0416	1.15536e-10	0.000144843
125	0	0	0	0	0	0	1	-0	0	0
126	1	1	63	141	17	3768	1.86076e-09	20.1023	3.87345e-13	0.000208165
127	0	0	0	0	0	0	1	-0	0	0
128	0	0	0	0	0	0	1	-0	0	0
129	0	0	0	0	0	0	1	-0	0	0
130	0	0	0	0	0	0	1	-0	0	0
131	0	0	0	0	0	0	1	-0	0	0
132	0	0	0	0	0	0	1	-0	0	0
133	1	1	114	272	29	11518	5.58362e-27	60.45	3.50284e-30	0.000627342
134	0	0	0	0	0	0	1	-0	0	0
135	1	1	90	114	33	718	0.0125539	4.37772	5.59714e-07	4.45847e-05
136	0	0	0	0	0	0	1	-0	0	0
137	0	0	0	0	0	0	1	-0	0	0
138	0	0	0	0	0	0	1	-0	0	0
139	0	0	0	0	0	0	1	-0	0	0
140	0	0	0	0	0	0	1	-0	0	0
141	0	0	0	0	0	0	1	-0	0	0
142	2	2	15	15	14	1	0.905471	0.0993	8.14786e-07	8.99847e-07
143	0	0	0	0	0	0	1	-0	0	0
144	2	2	26	28	22	7	0.809337	0.21154	1.5802e-06	1.95247e-06
145	0	0	0	0	0	0	1	-0	0	0
146	0	0	0	0	0	0	1	-0	0	0
147	0	0	0	0	0	0	1	-0	0	0
148	0	0	0	0	0	0	1	-0	0	0
149	0	0	0	0	0	0	1	-0	0	0
150	0	0	0	0	0	0	1	-0	0	0
151	1	1	103	242	22	5532	1.22219e-13	29.733	3.75938e-17	0.000307593
152	0	0	0	0	0	0	1	-0	0	0
153	1	1	127	291	17	16948	4.65778e-39	88.2623	4.27085e-42	0.000916928
154	0	0	0	0	0	0	1	-0	0	0
155	0	0	0	0	0	0	1	-0	0	0
156	0	0	0	0	0	0	1	-0	0	0
157	0	0	0	0	0	0	1	-0	0	0
158	0	0	0	0	0	0	1	-0	0	0
159	0	0	0	0	0	0	1	-0	0	0
160	1	1	70	158	18	5579	1.62981e-13	29.4451	4.97662e-17	0.000305349
161	0	0	0	0	0	0	1	-0	0	0
162	1	1	127	357	35	10728	1.84019e-25	56.9548	1.08601e-28	0.000590165
163	0	0	0	0	0	0	1	-0	0	0
164	0	0	0	0	0	0	1	-0	0	0
165	0	0	0	0	0	0	1	-0	0	0
166	0	0	0	0	0	0	1	-0	0	0
167	1	1	21	57	5	1143	0.00205545	6.18726	1.31444e-07	6.39488e-05
168	0	0	0	0	0	0	1	-0	0	0
169	2	2	14	14	11	3	0.901929	0.10322	8.56531e-07	9.49666e-07
170	0	0	0	0	0	0	1	-0	0	0
171	2	2	59	118	24	2119	9.65591e-06	11.5479	1.15147e-09	0.00011925
172	0	0	0	0	0	0	1	-0	0	0
173	0	0	0	0	0	0	1	-0	0	0
174	0	0	0	0	0	0	1	-0	0	0
175	0	0	0	0	0	0	1	-0	0	0
176	1	1	113	242	32	4956	2.30634e-12	26.7954	6.38829e-16	0.000276988
177	0	0	0	0	0	0	1	-0	0	0
178	1	1	27	27	21	7	0.814436	0.20526	1.54418e-06	1.89602e-06
179	0	0	0	0	0	0	1	-0	0	0
180	0	0	0	0	0	0	1	-0	0	0
181	0	0	0	0	0	0	1	-0	0	0
182	0	0	0	0	0	0	1	-0	0	0
183	0	0	0	0	0	0	1	-0	0	0
184	0	0	0	0	0	0	1	-0	0	0
185	1	1	6	6	4	2	0.953248	0.04788	4.2415e-07	4.44952e-07
186	0	0	0	0	0	0	1	-0	0	0
187	1	1	129	347	21	15172	2.81263e-35	79.5564	2.32245e-38	0.000825724
188	0	0	0	0	0	0	1	-0	0	0
189	0	0	0	0	0	0	1	-0	0	0
190	0	0	0	0	0	0	1	-0	0	0
191	0	0	0	0	0	0	1	-0	0	0
192	0	0	0	0	0	0	1	-0	0	0
193	0	0	0	0	0	0	1	-0	0	0
194	2	2	97	207	40	3843	8.38623e-10	20.8993	1.81038e-13	0.000215876
195	0	0	0	0	0	0	1	-0	0	0
196	2	2	60	98	20	1166	0.001413	6.56204	9.53566e-08	6.74852e-05
197	0	0	0	0	0	0	1	-0	0	0
198	0	0	0	0	0	0	1	-0	0	0
199	0	0	0	0	0	0	1	-0	0	0
200	0	0	0	0	0	0	1	-0	0	0
201	0	0	0	0	0	0	1	-0	0	0
202	0	0	0	0	0	0	1	-0	0	0
203	1	1	154	406	35	13256	3.40368e-31	70.1553	2.47533e-34	0.000727251
204	0	0	0	0	0	0	1	-0	0	0
205	1	1	97	203	28	3970	4.4997e-10	21.5218	1.00072e-13	0.000222398
206	0	0	0	0	0	0	1	-0	0	0
207	0	0	0	0	0	0	1	-0	0	0
208	0	0	0	0	0	0	1	-0	0	0
209	0	0	0	0	0	0	1	-0	0	0
210	0	0	0	0	0	0	1	-0	0	0
211	0	0	0	0	0	0	1	-0	0	0
212	1	1	59	133	4	6031	1.9019e-14	31.5933	6.23734e-18	0.000327954
213	0	0	0	0	0	0	1	-0	0	0
214	1	1	42	86	6	2858	2.72431e-07	15.1159	4.26925e-11	0.000156709
215	0	0	0	0	0	0	1	-0	0	0
216	0	0	0	0	0	0	1	-0	0	0
217	0	0	0	0	0	0	1	-0	0	0
218	0	0	0	0	0	0	1	-0	0	0
219	0	0	0	0	0	0	1	-0	0	0
220	0	0	0	0	0	0	1	-0	0	0
221	2	2	64	159	15	6045	1.50406e-14	31.828	4.9659e-18	0.000330165
222	0	0	0	0	0	0	1	-0	0	0
223	2	2	249	502	45	16279	3.75382e-38	86.1755	3.35326e-41	0.000893292
224	0	0	0	0	0	0	1	-0	0	0
225	0	0	0	0	0	0	1	-0	0	0
226	0	0	0	0	0	0	1	-0	0	0
227	0	0	0	0	0	0	1	-0	0	0
228	1	1	70	137	18	3220	3.12152e-08	17.2824	5.58198e-12	0.000178822
229	0	0	0	0	0	0	1	-0	0	0
230	1	1	42	46	21	123	0.400044	0.91618	3.65319e-06	9.13197e-06
231	0	0	0	0	0	0	1	-0	0	0
232	0	0	0	0	0	0	1	-0	0	0
233	0	0	0	0	0	0	1	-0	0	0
234	0	0	0	0	0	0	1	-0	0	0
235	0	0	0	0	0	0	1	-0	0	0
236	0	0	0	0	0	0	1	-0	0	0
237	1	1	28	115	6	4698	1.90873e-11	24.682	4.88846e-15	0.000256111
238	0	0	0	0	0	0	1	-0	0	0
239	1	1	6	6	5	1	0.958122	0.04278	3.7541e-07	3.91819e-07
240	0	0	0	0	0	0	1	-0	0	0
241	0	0	0	0	0	0	1	-0	0	0
242	0	0	0	0	0	0	1	-0	0	0
243	0	0	0	0	0	0	1	-0	0	0
244	0	0	0	0	0	0	1	-0	0	0
245	0	0	0	0	0	0	1	-0	0	0
246	1	1	90	281	20	11666	2.48064e-27	61.2613	1.57698e-30	0.000635714
247	0	0	0	0	0	0	1	-0	0	0
248	2	2	7	7	6	1	0.952124	0.04906	4.26805e-07	4.48266e-07
249	0	0	0	0	0	0	1	-0	0	0
250	0	0	0	0	0	0	1	-0	0	0
251	0	0	0	0	0	0	1	-0	0	0
252	0	0	0	0	0	0	1	-0	0	0
253	0	0	0	0	0	0	1	-0	0	0
254	0	0	0	0	0	0	1	-0	0	0
255	1	1	157	375	30	15229	1.76399e-35	80.0229	1.4647e-38	0.000830333
256	0	0	0	0	0	0	1	-0	0	0
257	1	1	86	291	17	33705	3.57329e-76	173.723	6.45794e-79	0.00180728
258	0	0	0	0	0	0	1	-0	0	0
259	0	0	0	0	0	0	1	-0	0	0
260	0	0	0	0	0	0	1	-0	0	0
261	0	0	0	0	0	0	1	-0	0	0
262	0	0	0	0	0	0	1	-0	0	0
263	0	0	0	0	0	0	1	-0	0	0
264	1	1	0	0	0	0	1	-0	0	0
265	0	0	0	0	0	0	1	-0	0	0
266	1	1	18	53	5	618	0.0306648	3.48464	1.09866e-06	3.5828e-05
267	0	0	0	0	0	0	1	-0	0	0
268	0	0	0	0	0	0	1	-0	0	0
269	0	0	0	0	0	0	1	-0	0	0
270	0	0	0	0	0	0	1	-0	0	0
271	0	0	0	0	0	0	1	-0	0	0
272	0	0	0	0	0	0	1	-0	0	0
273	1	1	61	124	25	1457	0.000272078	8.20942	2.29674e-08	8.44146e-05
274	0	0	0	0	0	0	1	-0	0	0
275	2	2	118	251	31	14560	1.16536e-33	75.8323	9.18054e-37	0.000787788
276	0	0	0	0	0	0	1	-0	0	0
277	0	0	0	0	0	0	1	-0	0	0
278	0	0	0	0	0	0	1	-0	0	0
279	0	0	0	0	0	0	1	-0	0	0
280	0	0	0	0	0	0	1	-0	0	0
281	0	0	0	0	0	0	1	-0	0	0
282	1	1	182	487	28	21952	1.12265e-50	115.014	1.3403e-53	0.00119387
283	0	0	0	0	0	0	1	-0	0	0
284	1	1	21	21	14	10	0.832868	0.18288	1.42981e-06	1.71673e-06
285	0	0	0	0	0	0	1	-0	0	0
286	0	0	0	0	0	0	1	-0	0	0
287	0	0	0	0	0	0	1	-0	0	0
288	0	0	0	0	0	0	1	-0	0	0
289	1	1	6	7	6	1	0.952124	0.04906	4.26805e-07	4.48266e-07
290	0	0	0	0	0	0	1	-0	0	0
291	1	0	1	1	1	0	0.99374	0.00628	5.60942e-08	5.64476e-08
292	0	0	0	0	0	0	1	-0	0	0
293	0	0	0	0	0	0	1	-0	0	0
294	0	0	0	0	0	0	1	-0	0	0
295	0	0	0	0	0	0	1	-0	0	0
296	0	0	0	0	0	0	1	-0	0	0
297	0	0	0	0	0	0	1	-0	0	0
298	1	1	69	182	17	11649	5.03764e-27	60.5529	3.16979e-30	0.000629222
299	0	0	0	0	0	0	1	-0	0	0
300	1	1	25	25	13	24	0.756237	0.2794	2.03155e-06	2.68639e-06
301	0	0	0	0	0	0	1	-0	0	0
302	0	0	0	0	0	0	1	-0	0	0
303	0	0	0	0	0	0	1	-0	0	0
304	0	0	0	0	0	0	1	-0	0	0
305	0	0	0	0	0	0	1	-0	0	0
306	0	0	0	0	0	0	1	-0	0	0
307	1	1	115	326	13	27352	3.37973e-62	141.542	4.97395e-65	0.0014717
308	0	0	0	0	0	0	1	-0	0	0
309	1	1	46	95	17	2498	1.61464e-06	13.3364	2.22964e-10	0.000138089
310	0	0	0	0	0	0	1	-0	0	0
311	0	0	0	0	0	0	1	-0	0	0
312	0	0	0	0	0	0	1	-0	0	0
313	0	0	0	0	0	0	1	-0	0	0
314	0	0	0	0	0	0	1	-0	0	0
315	0	0	0	0	0	0	1	-0	0	0
316	1	1	86	274	10	12649	1.72348e-29	66.2306	1.18498e-32	0.000687548
317	0	0	0	0	0	0	1	-0	0	0
318	1	1	3	3	3	0	0.981336	0.01884	1.66182e-07	1.69343e-07
319	0	0	0	0	0	0	1	-0	0	0
320	0	0	0	0	0	0	1	-0	0	0
321	0	0	0	0	0	0	1	-0	0	0
322	0	0	0	0	0	0	1	-0	0	0
323	0	0	0	0	0	0	1	-0	0	0
324	0	0	0	0	0	0	1	-0	0	0
325	1	1	232	566	33	31508	4.66854e-72	164.245	7.96486e-75	0.00170607
326	0	0	0	0	0	0	1	-0	0	0
327	1	1	122	188	23	5637	1.00428e-13	29.9293	3.1145e-17	0.000310124
328	0	0	0	0	0	0	1	-0	0	0
329	0	0	0	0	0	0	1	-0	0	0
330	0	0	0	0	0	0	1	-0	0	0
331	0	0	0	0	0	0	1	-0	0	0
332	0	0	0	0	0	0	1	-0	0	0
333	0	0	0	0	0	0	1	-0	0	0
334	1	1	8	8	7	1	0.946163	0.05534	4.77542e-07	5.04714e-07
335	0	0	0	0	0	0	1	-0	0	0
336	1	1	61	96	23	988	0.0035469	5.64168	2.05417e-07	5.79146e-05
337	0	0	0	0	0	0	1	-0	0	0
338	0	0	0	0	0	0	1	-0	0	0
339	0	0	0	0	0	0	1	-0	0	0
340	0	0	0	0	0	0	1	-0	0	0
341	1	1	10	10	9	1	0.934354	0.0679	5.77066e-07	6.17609e-07
342	0	0	0	0	0	0	1	-0	0	0
343	1	1	9	11	7	7	0.900523	0.10478	8.94089e-07	9.92856e-07
344	0	0	0	0	0	0	1	-0	0	0
345	0	0	0	0	0	0	1	-0	0	0
346	0	0	0	0	0	0	1	-0	0	0
347	0	0	0	0	0	0	1	-0	0	0
348	0	0	0	0	0	0	1	-0	0	0
349	0	0	0	0	0	0	1	-0	0	0
350	1	1	127	326	22	18322	3.38412e-42	95.4895	3.35674e-45	0.000991908
351	0	0	0	0	0	0	1	-0	0	0
352	1	1	255	737	37	39388	5.61532e-90	205.507	1.19854e-92	0.00213441
353	0	0	0	0	0	0	1	-0	0	0
354	0	0	0	0	0	0	1	-0	0	0
355	0	0	0	0	0	0	1	-0	0	0
356	0	0	0	0	0	0	1	-0	0	0
357	0	0	0	0	0	0	1	-0	0	0
358	0	0	0	0	0	0	1	-0	0	0
359	1	1	2	2	1	1	0.982495	0.01766	1.63122e-07	1.66028e-07
360	0	0	0	0	0	0	1	-0	0	0
361	1	1	0	0	0	0	1	-0	0	0
362	0	0	0	0	0	0	1	-0	0	0
363	0	0	0	0	0	0	1	-0	0	0
364	0	0	0	0	0	0	1	-0	0	0
365	0	0	0	0	0	0	1	-0	0	0
366	0	0	0	0	0	0	1	-0	0	0
367	0	0	0	0	0	0	1	-0	0	0
368	1	1	52	172	11	8330	1.20437e-19	43.5632	5.44747e-23	0.000452309
369	0	0	0	0	0	0	1	-0	0	0
370	1	1	27	50	6	827	0.0107624	4.5317	5.03286e-07	4.67635e-05
371	0	0	0	0	0	0	1	-0	0	0
372	0	0	0	0	0	0	1	-0	0	0
373	0	0	0	0	0	0	1	-0	0	0
374	0	0	0	0	0	0	1	-0	0	0
375	0	0	0	0	0	0	1	-0	0	0
376	0	0	0	0	0	0	1	-0	0	0
377	1	1	63	131	22	4073	4.18234e-10	21.595	9.36033e-14	0.000223806
378	0	0	0	0	0	0	1	-0	0	0
379	1	1	72	160	22	4370	7.66478e-11	23.2918	1.84893e-14	0.000241224
380	0	0	0	0	0	0	1	-0	0	0
381	0	0	0	0	0	0	1	-0	0	0
382	0	0	0	0	0	0	1	-0	0	0
383	0	0	0	0	0	0	1	-0	0	0
384	0	0	0	0	0	0	1	-0	0	0
385	0	0	0	0	0	0	1	-0	0	0
386	1	1	1	1	1	0	0.99374	0.00628	5.60942e-08	5.64476e-08
387	0	0	0	0	0	0	1	-0	0	0
388	1	1	0	0	0	0	1	-0	0	0
389	0	0	0	0	0	0	1	-0	0	0
390	0	0	0	0	0	0	1	-0	0	0
391	0	0	0	0	0	0	1	-0	0	0
392	0	0	0	0	0	0	1	-0	0	0
393	0	0	0	0	0	0	1	-0	0	0
394	0	0	0	0	0	0	1	-0	0	0
395	1	1	37	38	26	14	0.733418	0.31004	2.11875e-06	2.88887e-06
396	0	0	0	0	0	0	1	-0	0	0
397	1	1	4	5	4	1	0.964158	0.0365	3.23351e-07	3.35371e-07
398	0	0	0	0	0	0	1	-0	0	0
399	0	0	0	0	0	0	1	-0	0	0
400	0	0	0	0	0	0	1	-0	0	0
401	0	0	0	0	0	0	1	-0	0	0
402	1	1	39	39	23	35	0.654804	0.42342	2.65923e-06	4.06112e-06
403	0	0	0	0	0	0	1	-0	0	0
404	1	1	106	249	25	11574	4.84854e-27	60.5911	3.04982e-30	0.000629019
405	0	0	0	0	0	0	1	-0	0	0
406	0	0	0	0	0	0	1	-0	0	0
407	0	0	0	0	0	0	1	-0	0	0
408	0	0	0	0	0	0	1	-0	0	0
409	0	0	0	0	0	0	1	-0	0	0
410	0	0	0	0	0	0	1	-0	0	0
411	1	1	2	2	2	0	0.987519	0.01256	1.11486e-07	1.12895e-07
412	0	0	0	0	0	0	1	-0	0	0
413	2	2	121	305	24	14022	1.29062e-32	73.4276	9.83776e-36	0.00076225
414	0	0	0	0	0	0	1	-0	0	0
415	0	0	0	0	0	0	1	-0	0	0
416	0	0	0	0	0	0	1	-0	0	0
417	0	0	0	0	0	0	1	-0	0	0
418	0	0	0	0	0	0	1	-0	0	0
419	0	0	0	0	0	0	1	-0	0	0
420	1	1	46	48	26	54	0.56167	0.57684	3.13338e-06	5.57868e-06
421	0	0	0	0	0	0	1	-0	0	0
422	1	1	122	329	12	28828	1.78445e-65	149.089	2.76643e-68	0.0015503
423	0	0	0	0	0	0	1	-0	0	0
424	0	0	0	0	0	0	1	-0	0	0
425	0	0	0	0	0	0	1	-0	0	0
426	0	0	0	0	0	0	1	-0	0	0
427	0	0	0	0	0	0	1	-0	0	0
428	0	0	0	0	0	0	1	-0	0	0
429	1	1	21	21	18	4	0.858748	0.15228	1.20047e-06	1.39793e-06
430	0	0	0	0	0	0	1	-0	0	0
431	1	1	103	232	23	7054	5.53774e-17	37.4324	2.14808e-20	0.000387897
432	0	0	0	0	0	0	1	-0	0	0
433	0	0	0	0	0	0	1	-0	0	0
434	0	0	0	0	0	0	1	-0	0	0
435	0	0	0	0	0	0	1	-0	0	0
436	0	0	0	0	0	0	1	-0	0	0
437	0	0	0	0	0	0	1	-0	0	0
438	2	2	27	33	11	177	0.329579	1.10994	3.71348e-06	1.12673e-05
439	0	0	0	0	0	0	1	-0	0	0
440	2	2	34	34	26	10	0.767574	0.26452	1.88098e-06	2.45055e-06
441	0	0	0	0	0	0	1	-0	0	0
442	0	0	0	0	0	0	1	-0	0	0
443	0	0	0	0	0	0	1	-0	0	0
444	0	0	0	0	0	0	1	-0	0	0
445	0	0	0	0	0	0	1	-0	0	0
446	0	0	0	0	0	0	1	-0	0	0
447	1	1	131	297	27	17573	1.8514e-40	91.4875	1.75971e-43	0.000950475
448	0	0	0	0	0	0	1	-0	0	0
449	1	1	38	48	22	113	0.415721	0.87774	3.6224e-06	8.71354e-06
450	0	0	0	0	0	0	1	-0	0	0
451	0	0	0	0	0	0	1	-0	0	0
452	0	0	0	0	0	0	1	-0	0	0
453	0	0	0	0	0	0	1	-0	0	0
454	1	1	2	2	2	0	0.987519	0.01256	1.11486e-07	1.12895e-07
455	0	0	0	0	0	0	1	-0	0	0
456	1	1	58	117	17	3727	2.6666e-09	19.7425	5.45672e-13	0.000204632
457	0	0	0	0	0	0	1	-0	0	0
458	1	1	30	41	12	264	0.201115	1.60388	3.28652e-06	1.63415e-05
459	0	0	0	0	0	0	1	-0	0	0
460	0	0	0	0	0	0	1	-0	0	0
461	0	0	0	0	0	0	1	-0	0	0
462	0	0	0	0	0	0	1	-0	0	0
463	2	2	68	110	30	1594	0.000147719	8.8202	1.34282e-08	9.09036e-05
464	0	0	0	0	0	0	1	-0	0	0
465	2	2	53	109	21	2538	1.20586e-06	13.6283	1.70032e-10	0.000141005
466	0	0	0	0	0	0	1	-0	0	0
467	0	0	0	0	0	0	1	-0	0	0
468	0	0	0	0	0	0	1	-0	0	0
469	0	0	0	0	0	0	1	-0	0	0
470	0	0	0	0	0	0	1	-0	0	0
471	0	0	0	0	0	0	1	-0	0	0
472	1	1	246	591	35	50507	3.3119e-114	261.297	8.99828e-117	0.00271696
473	0	0	0	0	0	0	1	-0	0	0
474	1	1	209	536	34	28316	6.62169e-65	147.778	1.01628e-67	0.00153478
475	0	0	0	0	0	0	1	-0	0	0
476	0	0	0	0	0	0	1	-0	0	0
477	0	0	0	0	0	0	1	-0	0	0
478	0	0	0	0	0	0	1	-0	0	0
479	0	0	0	0	0	0	1	-0	0	0
480	0	0	0	0	0	0	1	-0	0	0
481	1	1	3	3	3	0	0.981336	0.01884	1.66182e-07	1.69343e-07
482	0	0	0	0	0	0	1	-0	0	0
483	1	1	2	2	1	1	0.982495	0.01766	1.63122e-07	1.66028e-07
484	0	0	0	0	0	0	1	-0	0	0
485	0	0	0	0	0	0	1	-0	0	0
486	0	0	0	0	0	0	1	-0	0	0
487	0	0	0	0	0	0	1	-0	0	0
488	0	0	0	0	0	0	1	-0	0	0
489	0	0	0	0	0	0	1	-0	0	0
490	2	2	65	244	19	8604	1.89455e-20	45.4127	8.92203e-24	0.000470931
491	0	0	0	0	0	0	1	-0	0	0
492	2	2	116	269	46	7678	1.82105e-18	40.8471	7.7056e-22	0.000423141
493	0	0	0	0	0	0	1	-0	0	0
494	0	0	0	0	0	0	1	-0	0	0
495	0	0	0	0	0	0	1	-0	0	0
496	0	0	0	0	0	0	1	-0	0	0
497	0	0	0	0	0	0	1	-0	0	0
498	0	0	0	0	0	0	1	-0	0	0
499	1	1	237	507	37	29610	1.08138e-67	154.195	1.73226e-70	0.00160189
500	0	0	0	0	0	0	1	-0	0	0
501	1	1	163	304	32	14334	2.64531e-33	75.0125	2.06009e-36	0.000778771
502	0	0	0	0	0	0	1	-0	0	0
503	0	0	0	0	0	0	1	-0	0	0
504	0	0	0	0	0	0	1	-0	0	0
505	0	0	0	0	0	0	1	-0	0	0
506	0	0	0	0	0	0	1	-0	0	0
507	0	0	0	0	0	0	1	-0	0	0
508	1	1	1	1	1	0	0.99374	0.00628	5.60942e-08	5.64476e-08
509	0	0	0	0	0	0	1	-0	0	0
510	1	1	4	4	4	0	0.975193	0.02512	2.20189e-07	2.2579e-07
511	0	0	0	0	0	0	1	-0	0	0
512	0	0	0	0	0	0	1	-0	0	0
513	0	0	0	0	0	0	1	-0	0	0
514	0	0	0	0	0	0	1	-0	0	0
515	1	1	86	197	24	12593	3.7192e-29	65.4615	2.5299e-32	0.000680227
516	0	0	0	0	0	0	1	-0	0	0
517	2	2	4	4	4	0	0.975193	0.02512	2.20189e-07	2.2579e-07
518	0	0	0	0	0	0	1	-0	0	0
519	0	0	0	0	0	0	1	-0	0	0
520	0	0	0	0	0	0	1	-0	0	0
521	0	0	0	0	0	0	1	-0	0	0
522	0	0	0	0	0	0	1	-0	0	0
523	0	0	0	0	0	0	1	-0	0	0
524	1	1	140	405	23	27866	1.4961e-63	144.66	2.24934e-66	0.00150347
525	0	0	0	0	0	0	1	-0	0	0
526	1	1	34	84	14	1912	3.43565e-05	10.2787	3.6532e-09	0.000106332
527	0	0	0	0	0	0	1	-0	0	0
528	0	0	0	0	0	0	1	-0	0	0
529	0	0	0	0	0	0	1	-0	0	0
530	0	0	0	0	0	0	1	-0	0	0
531	0	0	0	0	0	0	1	-0	0	0
532	0	0	0	0	0	0	1	-0	0	0
533	1	1	3	3	2	1	0.976344	0.02394	2.17213e-07	2.22476e-07
534	0	0	0	0	0	0	1	-0	0	0
535	1	1	2	2	2	0	0.987519	0.01256	1.11486e-07	1.12895e-07
536	0	0	0	0	0	0	1	-0	0	0
537	0	0	0	0	0	0	1	-0	0	0
538	0	0	0	0	0	0	1	-0	0	0
539	0	0	0	0	0	0	1	-0	0	0
540	0	0	0	0	0	0	1	-0	0	0
541	0	0	0	0	0	0	1	-0	0	0
542	1	1	86	180	28	5246	7.75708e-13	27.885	2.241e-16	0.000288897
543	0	0	0	0	0	0	1	-0	0	0
544	3	2	101	334	11	26551	1.91073e-60	137.508	2.73157e-63	0.00142959
545	0	0	0	0	0	0	1	-0	0	0
546	0	0	0	0	0	0	1	-0	0	0
547	0	0	0	0	0	0	1	-0	0	0
548	0	0	0	0	0	0	1	-0	0	0
549	0	0	0	0	0	0	1	-0	0	0
550	0	0	0	0	0	0	1	-0	0	0
551	1	1	27	32	11	45	0.65021	0.43046	2.72914e-06	4.19732e-06
552	0	0	0	0	0	0	1	-0	0	0
553	1	1	11	11	10	1	0.928505	0.07418	6.25865e-07	6.74057e-07
554	0	0	0	0	0	0	1	-0	0	0
555	0	0	0	0	0	0	1	-0	0	0
556	0	0	0	0	0	0	1	-0	0	0
557	0	0	0	0	0	0	1	-0	0	0
558	0	0	0	0	0	0	1	-0	0	0
559	0	0	0	0	0	0	1	-0	0	0
560	1	1	0	0	0	0	1	-0	0	0
561	0	0	0	0	0	0	1	-0	0	0
562	1	1	1	1	1	0	0.99374	0.00628	5.60942e-08	5.64476e-08
563	0	0	0	0	0	0	1	-0	0	0
564	0	0	0	0	0	0	1	-0	0	0
565	0	0	0	0	0	0	1	-0	0	0
566	0	0	0	0	0	0	1	-0	0	0
567	1	1	95	244	23	13967	2.50604e-32	72.764	1.89428e-35	0.000755885
568	0	0	0	0	0	0	1	-0	0	0
569	1	1	72	123	21	1892	2.9781e-05	10.4216	3.2006e-09	0.000107471
570	0	0	0	0	0	0	1	-0	0	0
571	2	2	92	191	23	10401	2.76617e-24	54.2446	1.55851e-27	0.00056342
572	0	0	0	0	0	0	1	-0	0	0
573	0	0	0	0	0	0	1	-0	0	0
574	0	0	0	0	0	0	1	-0	0	0
575	0	0	0	0	0	0	1	-0	0	0
576	1	1	50	149	13	8022	6.6939e-19	41.8479	2.90947e-22	0.000434645
577	0	0	0	0	0	0	1	-0	0	0
578	1	1	87	196	14	9271	8.53258e-22	48.513	4.29753e-25	0.000503662
579	0	0	0	0	0	0	1	-0	0	0
580	0	0	0	0	0	0	1	-0	0	0
581	0	0	0	0	0	0	1	-0	0	0
582	0	0	0	0	0	0	1	-0	0	0
583	0	0	0	0	0	0	1	-0	0	0
584	0	0	0	0	0	0	1	-0	0	0
585	1	1	82	142	16	3190	3.52514e-08	17.1608	6.2575e-12	0.00017751
586	0	0	0	0	0	0	1	-0	0	0
587	1	1	21	21	11	18	0.799571	0.22368	1.71252e-06	2.1418e-06
588	0	0	0	0	0	0	1	-0	0	0
589	0	0	0	0	0	0	1	-0	0	0
590	0	0	0	0	0	0	1	-0	0	0
591	0	0	0	0	0	0	1	-0	0	0
592	0	0	0	0	0	0	1	-0	0	0
593	0	0	0	0	0	0	1	-0	0	0
594	1	1	157	315	41	5679	3.65133e-14	30.9411	1.16669e-17	0.000319524
595	0	0	0	0	0	0	1	-0	0	0
596	1	1	201	584	32	48102	7.34526e-109	248.988	1.90153e-111	0.00258878
597	0	0	0	0	0	0	1	-0	0	0
598	0	0	0	0	0	0	1	-0	0	0
599	0	0	0	0	0	0	1	-0	0	0
600	0	0	0	0	0	0	1	-0	0	0
601	0	0	0	0	0	0	1	-0	0	0
602	0	0	0	0	0	0	1	-0	0	0
603	1	1	4	4	3	1	0.970232	0.03022	2.70621e-07	2.78924e-07
604	0	0	0	0	0	0	1	-0	0	0
605	1	1	111	276	10	13283	6.70972e-31	69.4766	4.84005e-34	0.000721348
606	0	0	0	0	0	0	1	-0	0	0
607	0	0	0	0	0	0	1	-0	0	0
608	0	0	0	0	0	0	1	-0	0	0
609	0	0	0	0	0	0	1	-0	0	0
610	0	0	0	0	0	0	1	-0	0	0
611	0	0	0	0	0	0	1	-0	0	0
612	1	1	39	83	17	1567	0.000200852	8.51294	1.76639e-08	8.79449e-05
613	0	0	0	0	0	0	1	-0	0	0
614	1	1	154	338	19	21193	1.3732e-48	110.207	1.5725e-51	0.00114513
615	0	0	0	0	0	0	1	-0	0	0
616	0	0	0	0	0	0	1	-0	0	0
617	0	0	0	0	0	0	1	-0	0	0
618	0	0	0	0	0	0	1	-0	0	0
619	0	0	0	0	0	0	1	-0	0	0
620	0	0	0	0	0	0	1	-0	0	0
621	1	1	154	346	37	9436	1.43389e-22	50.2965	7.46908e-26	0.000520896
622	0	0	0	0	0	0	1	-0	0	0
623	1	1	177	416	28	17881	1.82286e-41	93.8056	1.77466e-44	0.000973557
624	0	0	0	0	0	0	1	-0	0	0
625	0	0	0	0	0	0	1	-0	0	0
626	0	0	0	0	0	0	1	-0	0	0
627	0	0	0	0	0	0	1	-0	0	0
628	1	1	1	1	1	0	0.99374	0.00628	5.60942e-08	5.64476e-08
629	0	0	0	0	0	0	1	-0	0	0
630	1	1	2	2	1	1	0.982495	0.01766	1.63122e-07	1.66028e-07
631	0	0	0	0	0	0	1	-0	0	0
632	0	0	0	0	0	0	1	-0	0	0
633	0	0	0	0	0	0	1	-0	0	0
634	0	0	0	0	0	0	1	-0	0	0
635	0	0	0	0	0	0	1	-0	0	0
636	0	0	0	0	0	0	1	-0	0	0
637	1	1	32	62	11	928	0.00596313	5.12216	3.14897e-07	5.28074e-05
638	0	0	0	0	0	0	1	-0	0	0
639	1	1	34	55	11	751	0.0153675	4.1755	6.6092e-07	4.30077e-05
640	0	0	0	0	0	0	1	-0	0	0
641	0	0	0	0	0	0	1	-0	0	0
642	0	0	0	0	0	0	1	-0	0	0
643	0	0	0	0	0	0	1	-0	0	0
644	0	0	0	0	0	0	1	-0	0	0
645	0	0	0	0	0	0	1	-0	0	0
646	1	1	30	42	18	136	0.383905	0.95736	3.6843e-06	9.59691e-06
647	0	0	0	0	0	0	1	-0	0	0
648	1	1	106	286	25	19430	1.52908e-44	100.889	1.60327e-47	0.00104852
649	0	0	0	0	0	0	1	-0	0	0
650	0	0	0	0	0	0	1	-0	0	0
651	0	0	0	0	0	0	1	-0	0	0
652	0	0	0	0	0	0	1	-0	0	0
653	0	0	0	0	0	0	1	-0	0	0
654	0	0	0	0	0	0	1	-0	0	0
655	1	1	0	0	0	0	1	-0	0	0
656	0	0	0	0	0	0	1	-0	0	0
657	1	1	1	1	1	0	0.99374	0.00628	5.60942e-08	5.64476e-08
658	0	0	0	0	0	0	1	-0	0	0
659	0	0	0	0	0	0	1	-0	0	0
660	0	0	0	0	0	0	1	-0	0	0
661	0	0	0	0	0	0	1	-0	0	0
662	0	0	0	0	0	0	1	-0	0	0
663	0	0	0	0	0	0	1	-0	0	0
664	1	1	33	84	14	1601	0.00016782	8.69262	1.50715e-08	8.98079e-05
665	0	0	0	0	0	0	1	-0	0	0
666	1	1	9	9	6	3	0.930698	0.07182	6.21174e-07	6.67428e-07
667	0	0	0	0	0	0	1	-0	0	0
668	0	0	0	0	0	0	1	-0	0	0
669	0	0	0	0	0	0	1	-0	0	0
670	0	0	0	0	0	0	1	-0	0	0
671	0	0	0	0	0	0	1	-0	0	0
672	0	0	0	0	0	0	1	-0	0	0
673	1	1	6	6	6	0	0.963021	0.03768	3.26161e-07	3.38686e-07
674	0	0	0	0	0	0	1	-0	0	0
675	1	1	54	100	18	1449	0.000329511	8.0179	2.72291e-08	8.26348e-05
676	0	0	0	0	0	0	1	-0	0	0
677	0	0	0	0	0	0	1	-0	0	0
678	0	0	0	0	0	0	1	-0	0	0
679	0	0	0	0	0	0	1	-0	0	0
680	1	1	2	2	2	0	0.987519	0.01256	1.11486e-07	1.12895e-07
681	0	0	0	0	0	0	1	-0	0	0
682	1	1	0	0	0	0	1	-0	0	0
683	0	0	0	0	0	0	1	-0	0	0
684	2	2	197	412	53	35199	8.20339e-80	182.102	1.55331e-82	0.00189349
685	0	0	0	0	0	0	1	-0	0	0
686	0	0	0	0	0	0	1	-0	0	0
687	0	0	0	0	0	0	1	-0	0	0
688	0	0	0	0	0	0	1	-0	0	0
689	1	1	49	65	24	358	0.107099	2.234	2.43016e-06	2.26908e-05
690	0	0	0	0	0	0	1	-0	0	0
691	1	1	125	202	31	4220	1.26528e-10	22.7906	2.9813e-14	0.000235625
692	0	0	0	0	0	0	1	-0	0	0
693	0	0	0	0	0	0	1	-0	0	0
694	0	0	0	0	0	0	1	-0	0	0
695	0	0	0	0	0	0	1	-0	0	0
696	0	0	0	0	0	0	1	-0	0	0
697	0	0	0	0	0	0	1	-0	0	0
698	1	1	38	90	8	3164	5.5794e-08	16.7016	9.66317e-12	0.000173194
699	0	0	0	0	0	0	1	-0	0	0
700	1	1	13	13	8	11	0.871325	0.13774	1.14865e-06	1.31828e-06
701	0	0	0	0	0	0	1	-0	0	0
702	0	0	0	0	0	0	1	-0	0	0
703	0	0	0	0	0	0	1	-0	0	0
704	0	0	0	0	0	0	1	-0	0	0
705	0	0	0	0	0	0	1	-0	0	0
706	0	0	0	0	0	0	1	-0	0	0
707	1	1	110	343	12	20738	1.35481e-47	107.918	1.51906e-50	0.00112124
708	0	0	0	0	0	0	1	-0	0	0
709	2	2	21	21	15	9	0.837127	0.17778	1.39264e-06	1.6636e-06
710	0	0	0	0	0	0	1	-0	0	0
711	0	0	0	0	0	0	1	-0	0	0
712	0	0	0	0	0	0	1	-0	0	0
713	0	0	0	0	0	0	1	-0	0	0
714	0	0	0	0	0	0	1	-0	0	0
715	0	0	0	0	0	0	1	-0	0	0
716	1	1	200	686	33	180249	0	-100	0	0.00961593
717	0	0	0	0	0	0	1	-0	0	0
718	1	1	94	250	33	4704	7.92975e-12	25.5604	2.09385e-15	0.00026405
719	0	0	0	0	0	0	1	-0	0	0
720	0	0	0	0	0	0	1	-0	0	0
721	0	0	0	0	0	0	1	-0	0	0
722	0	0	0	0	0	0	1	-0	0	0
723	0	0	0	0	0	0	1	-0	0	0
724	0	0	0	0	0	0	1	-0	0	0
725	1	1	127	335	7	18506	1.25129e-42	96.4844	1.25403e-45	0.00100219
726	0	0	0	0	0	0	1	-0	0	0
727	1	1	29	49	9	670	0.0241199	3.72472	9.25362e-07	3.83652e-05
728	0	0	0	0	0	0	1	-0	0	0
729	0	0	0	0	0	0	1	-0	0	0
730	0	0	0	0	0	0	1	-0	0	0
731	0	0	0	0	0	0	1	-0	0	0
732	0	0	0	0	0	0	1	-0	0	0
733	0	0	0	0	0	0	1	-0	0	0
734	2	2	100	249	28	7339	1.16338e-17	38.9926	4.70004e-21	0.000404
735	0	0	0	0	0	0	1	-0	0	0
736	2	2	93	198	24	6993	9.35777e-17	36.9077	3.58156e-20	0.000382737
737	0	0	0	0	0	0	1	-0	0	0
738	0	0	0	0	0	0	1	-0	0	0
739	0	0	0	0	0	0	1	-0	0	0
740	0	0	0	0	0	0	1	-0	0	0
741	1	1	126	277	32	17241	1.14129e-39	89.6687	1.06335e-42	0.000931705
742	0	0	0	0	0	0	1	-0	0	0
743	1	1	177	360	48	9105	7.10339e-22	48.6963	3.58081e-25	0.000504099
744	0	0	0	0	0	0	1	-0	0	0
745	0	0	0	0	0	0	1	-0	0	0
746	0	0	0	0	0	0	1	-0	0	0
747	0	0	0	0	0	0	1	-0	0	0
748	0	0	0	0	0	0	1	-0	0	0
749	0	0	0	0	0	0	1	-0	0	0
750	1	1	0	0	0	0	1	-0	0	0
751	0	0	0	0	0	0	1	-0	0	0
752	1	1	4	4	4	0	0.975193	0.02512	2.20189e-07	2.2579e-07
753	0	0	0	0	0	0	1	-0	0	0
754	0	0	0	0	0	0	1	-0	0	0
755	0	0	0	0	0	0	1	-0	0	0
756	0	0	0	0	0	0	1	-0	0	0
757	0	0	0	0	0	0	1	-0	0	0
758	0	0	0	0	0	0	1	-0	0	0
759	2	2	103	243	13	13615	1.51831e-31	70.9625	1.11918e-34	0.000737125
760	0	0	0	0	0	0	1	-0	0	0
761	2	2	206	451	52	17201	4.69277e-40	90.5574	4.4084e-43	0.000939402
762	0	0	0	0	0	0	1	-0	0	0
763	0	0	0	0	0	0	1	-0	0	0
764	0	0	0	0	0	0	1	-0	0	0
765	0	0	0	0	0	0	1	-0	0	0
766	0	0	0	0	0	0	1	-0	0	0
767	0	0	0	0	0	0	1	-0	0	0
768	1	1	34	36	25	17	0.731411	0.31278	2.14697e-06	2.93538e-06
769	0	0	0	0	0	0	1	-0	0	0
770	1	1	170	346	33	9627	5.4134e-23	51.2706	2.87475e-26	0.000531044
771	0	0	0	0	0	0	1	-0	0	0
772	0	0	0	0	0	0	1	-0	0	0
773	0	0	0	0	0	0	1	-0	0	0
774	0	0	0	0	0	0	1	-0	0	0
775	0	0	0	0	0	0	1	-0	0	0
776	0	0	0	0	0	0	1	-0	0	0
777	1	0	2	2	2	0	0.987519	0.01256	1.11486e-07	1.12895e-07
778	0	0	0	0	0	0	1	-0	0	0
779	1	1	2	2	1	1	0.982495	0.01766	1.63122e-07	1.66028e-07
780	0	0	0	0	0	0	1	-0	0	0
781	0	0	0	0	0	0	1	-0	0	0
782	0	0	0	0	0	0	1	-0	0	0
783	0	0	0	0	0	0	1	-0	0	0
784	0	0	0	0	0	0	1	-0	0	0
785	0	0	0	0	0	0	1	-0	0	0
786	3	3	95	201	28	8055	4.08098e-19	42.3428	1.79291e-22	0.000439334
787	0	0	0	0	0	0	1	-0	0	0
788	2	2	201	627	37	28053	1.42987e-64	147.008	2.1819e-67	0.00152594
789	0	0	0	0	0	0	1	-0	0	0
790	0	0	0	0	0	0	1	-0	0	0
791	0	0	0	0	0	0	1	-0	0	0
792	0	0	0	0	0	0	1	-0	0	0
793	0	0	0	0	0	0	1	-0	0	0
794	0	0	0	0	0	0	1	-0	0	0
795	1	1	122	313	22	15798	1.42993e-36	82.5354	1.22554e-39	0.000857066
796	0	0	0	0	0	0	1	-0	0	0
797	1	1	69	152	23	2171	5.98257e-06	12.0267	7.41433e-10	0.000123932
798	0	0	0	0	0	0	1	-0	0	0
799	0	0	0	0	0	0	1	-0	0	0
800	0	0	0	0	0	0	1	-0	0	0
801	0	0	0	0	0	0	1	-0	0	0
802	1	1	3	3	3	0	0.981336	0.01884	1.66182e-07	1.69343e-07
803	0	0	0	0	0	0	1	-0	0	0
804	1	1	62	174	3	14536	2.13611e-33	75.2263	1.6708e-36	0.000782166
805	0	0	0	0	0	0	1	-0	0	0
806	0	0	0	0	0	0	1	-0	0	0
807	0	0	0	0	0	0	1	-0	0	0
808	0	0	0	0	0	0	1	-0	0	0
809	0	0	0	0	0	0	1	-0	0	0
810	0	0	0	0	0	0	1	-0	0	0
811	1	1	232	537	42	23670	1.28433e-54	124.089	1.65418e-57	0.00128798
812	0	0	0	0	0	0	1	-0	0	0
813	2	2	34	39	26	29	0.67515	0.39282	2.52663e-06	3.74232e-06
814	0	0	0	0	0	0	1	-0	0	0
815	0	0	0	0	0	0	1	-0	0	0
816	0	0	0	0	0	0	1	-0	0	0
817	0	0	0	0	0	0	1	-0	0	0
818	0	0	0	0	0	0	1	-0	0	0
819	0	0	0	0	0	0	1	-0	0	0
820	1	1	18	19	14	5	0.865178	0.14482	1.15776e-06	1.33817e-06
821	0	0	0	0	0	0	1	-0	0	0
822	1	1	10	10	8	2	0.929601	0.073	6.23523e-07	6.70742e-07
823	0	0	0	0	0	0	1	-0	0	0
824	0	0	0	0	0	0	1	-0	0	0
825	0	0	0	0	0	0	1	-0	0	0
826	0	0	0	0	0	0	1	-0	0	0
827	0	0	0	0	0	0	1	-0	0	0
828	0	0	0	0	0	0	1	-0	0	0
829	1	1	8	8	7	1	0.946163	0.05534	4.77542e-07	5.04714e-07
830	0	0	0	0	0	0	1	-0	0	0
831	1	1	2	2	2	0	0.987519	0.01256	1.11486e-07	1.12895e-07
832	0	0	0	0	0	0	1	-0	0	0
833	0	0	0	0	0	0	1	-0	0	0
834	0	0	0	0	0	0	1	-0	0	0
835	0	0	0	0	0	0	1	-0	0	0
836	0	0	0	0	0	0	1	-0	0	0
837	0	0	0	0	0	0	1	-0	0	0
838	1	1	126	285	33	7015	4.84354e-17	37.5663	1.88325e-20	0.000388817
839	0	0	0	0	0	0	1	-0	0	0
840	2	2	126	307	33	12562	2.18323e-29	65.9942	1.49505e-32	0.000684789
841	0	0	0	0	0	0	1	-0	0	0
842	0	0	0	0	0	0	1	-0	0	0
843	0	0	0	0	0	0	1	-0	0	0
844	0	0	0	0	0	0	1	-0	0	0
845	0	0	0	0	0	0	1	-0	0	0
846	0	0	0	0	0	0	1	-0	0	0
847	1	1	19	42	9	561	0.0439431	3.12486	1.41402e-06	3.21785e-05
848	0	0	0	0	0	0	1	-0	0	0
849	1	1	9	9	7	3	0.930698	0.07182	6.21174e-07	6.67428e-07
850	0	0	0	0	0	0	1	-0	0	0
851	0	0	0	0	0	0	1	-0	0	0
852	0	0	0	0	0	0	1	-0	0	0
853	0	0	0	0	0	0	1	-0	0	0
854	1	1	149	347	26	11849	6.44512e-28	62.6091	4.18393e-31	0.000649163
855	0	0	0	0	0	0	1	-0	0	0
856	1	1	85	201	11	8911	5.18571e-21	46.7084	2.51412e-24	0.000484816
857	0	0	0	0	0	0	1	-0	0	0
858	0	0	0	0	0	0	1	-0	0	0
859	0	0	0	0	0	0	1	-0	0	0
860	0	0	0	0	0	0	1	-0	0	0
861	0	0	0	0	0	0	1	-0	0	0
862	0	0	0	0	0	0	1	-0	0	0
863	1	1	148	323	32	8570	1.37199e-20	45.7354	6.49752e-24	0.000473584
864	0	0	0	0	0	0	1	-0	0	0
865	1	1	20	43	11	467	0.0705284	2.65174	1.92123e-06	2.72405e-05
866	0	0	0	0	0	0	1	-0	0	0
867	0	0	0	0	0	0	1	-0	0	0
868	0	0	0	0	0	0	1	-0	0	0
869	0	0	0	0	0	0	1	-0	0	0
870	0	0	0	0	0	0	1	-0	0	0
871	0	0	0	0	0	0	1	-0	0	0
872	1	1	0	0	0	0	1	-0	0	0
873	0	0	0	0	0	0	1	-0	0	0
874	1	1	27	44	11	363	0.11912	2.12762	2.59338e-06	2.1771e-05
875	0	0	0	0	0	0	1	-0	0	0
876	0	0	0	0	0	0	1	-0	0	0
877	0	0	0	0	0	0	1	-0	0	0
878	0	0	0	0	0	0	1	-0	0	0
879	0	0	0	0	0	0	1	-0	0	0
880	0	0	0	0	0	0	1	-0	0	0
881	1	1	218	601	23	41045	2.81971e-93	213.104	6.24503e-96	0.00221478
882	0	0	0	0	0	0	1	-0	0	0
883	1	1	109	202	24	5528	1.60359e-13	29.4614	4.89292e-17	0.000305123
884	0	0	0	0	0	0	1	-0	0	0
885	0	0	0	0	0	0	1	-0	0	0
886	0	0	0	0	0	0	1	-0	0	0
887	0	0	0	0	0	0	1	-0	0	0
888	0	0	0	0	0	0	1	-0	0	0
889	0	0	0	0	0	0	1	-0	0	0
890	1	1	181	403	33	13241	3.74416e-31	70.0599	2.71933e-34	0.000726285
891	0	0	0	0	0	0	1	-0	0	0
892	1	1	56	62	25	240	0.199217	1.61336	3.23762e-06	1.62517e-05
893	0	0	0	0	0	0	1	-0	0	0
894	0	0	0	0	0	0	1	-0	0	0
895	0	0	0	0	0	0	1	-0	0	0
896	0	0	0	0	0	0	1	-0	0	0
897	0	0	0	0	0	0	1	-0	0	0
898	0	0	0	0	0	0	1	-0	0	0
899	1	0	0	0	0	0	1	-0	0	0
900	0	0	0	0	0	0	1	-0	0	0
901	1	1	3	4	3	1	0.970232	0.03022	2.70621e-07	2.78924e-07
902	0	0	0	0	0	0	1	-0	0	0
903	0	0	0	0	0	0	1	-0	0	0
904	0	0	0	0	0	0	1	-0	0	0
905	0	0	0	0	0	0	1	-0	0	0
906	0	0	0	0	0	0	1	-0	0	0
907	0	0	0	0	0	0	1	-0	0	0
908	1	1	87	235	18	7719	1.82911e-18	40.8427	7.74448e-22	0.0004234
909	0	0	0	0	0	0	1	-0	0	0
910	1	1	31	31	20	18	0.750902	0.28648	2.03215e-06	2.70627e-06
911	0	0	0	0	0	0	1	-0	0	0
912	0	0	0	0	0	0	1	-0	0	0
913	0	0	0	0	0	0	1	-0	0	0
914	0	0	0	0	0	0	1	-0	0	0
915	1	1	50	118	17	2891	1.88317e-07	15.4851	3.01813e-11	0.000160269
916	0	0	0	0	0	0	1	-0	0	0
917	1	1	89	199	19	7197	3.28553e-17	37.9544	1.29329e-20	0.000393633
918	0	0	0	0	0	0	1	-0	0	0
919	0	0	0	0	0	0	1	-0	0	0
920	0	0	0	0	0	0	1	-0	0	0
921	0	0	0	0	0	0	1	-0	0	0
922	0	0	0	0	0	0	1	-0	0	0
923	0	0	0	0	0	0	1	-0	0	0
924	1	1	21	23	6	69	0.608755	0.49634	3.02215e-06	4.96449e-06
925	0	0	0	0	0	0	1	-0	0	0
926	1	1	3	3	2	1	0.976344	0.02394	2.17213e-07	2.22476e-07
927	0	0	0	0	0	0	1	-0	0	0
928	0	0	0	0	0	0	1	-0	0	0
929	0	0	0	0	0	0	1	-0	0	0
930	0	0	0	0	0	0	1	-0	0	0
931	0	0	0	0	0	0	1	-0	0	0
932	0	0	0	0	0	0	1	-0	0	0
933	1	1	86	130	35	1043	0.00216421	6.1357	1.35817e-07	6.27561e-05
934	0	0	0	0	0	0	1	-0	0	0
935	1	1	67	231	12	20397	1.5582e-46	105.475	1.70903e-49	0.0010968
936	0	0	0	0	0	0	1	-0	0	0
937	0	0	0	0	0	0	1	-0	0	0
938	0	0	0	0	0	0	1	-0	0	0
939	0	0	0	0	0	0	1	-0	0	0
940	0	0	0	0	0	0	1	-0	0	0
941	0	0	0	0	0	0	1	-0	0	0
942	1	1	10	10	9	1	0.934354	0.0679	5.77066e-07	6.17609e-07
943	0	0	0	0	0	0	1	-0	0	0
944	1	1	121	322	20	26666	1.14608e-60	138.019	1.64465e-63	0.00143503
945	0	0	0	0	0	0	1	-0	0	0
946	0	0	0	0	0	0	1	-0	0	0
947	0	0	0	0	0	0	1	-0	0	0
948	0	0	0	0	0	0	1	-0	0	0
949	0	0	0	0	0	0	1	-0	0	0
950	0	0	0	0	0	0	1	-0	0	0
951	1	1	3	4	2	3	0.960386	0.04042	3.69931e-07	3.8519e-07
952	0	0	0	0	0	0	1	-0	0	0
953	1	1	31	52	8	535	0.0471199	3.05506	1.47775e-06	3.13615e-05
954	0	0	0	0	0	0	1	-0	0	0
955	0	0	0	0	0	0	1	-0	0	0
956	0	0	0	0	0	0	1	-0	0	0
957	0	0	0	0	0	0	1	-0	0	0
958	0	0	0	0	0	0	1	-0	0	0
959	0	0	0	0	0	0	1	-0	0	0
960	1	1	254	669	37	30026	4.6854e-69	157.334	7.65192e-72	0.00163314
961	0	0	0	0	0	0	1	-0	0	0
962	1	1	72	101	23	1181	0.00128451	6.65738	8.79265e-08	6.84515e-05
963	0	0	0	0	0	0	1	-0	0	0
964	0	0	0	0	0	0	1	-0	0	0
965	0	0	0	0	0	0	1	-0	0	0
966	0	0	0	0	0	0	1	-0	0	0
967	1	1	6	12	2	55	0.700571	0.35586	2.52184e-06	3.5997e-06
968	0	0	0	0	0	0	1	-0	0	0
969	1	1	61	158	9	5552	1.87043e-13	29.3074	5.68449e-17	0.000303914
970	0	0	0	0	0	0	1	-0	0	0
971	1	1	24	35	7	353	0.132642	2.0201	2.7499e-06	2.07317e-05
972	0	0	0	0	0	0	1	-0	0	0
973	0	0	0	0	0	0	1	-0	0	0
974	0	0	0	0	0	0	1	-0	0	0
975	0	0	0	0	0	0	1	-0	0	0
976	1	1	80	163	16	6909	1.78929e-16	36.2595	6.73308e-20	0.000376298
977	0	0	0	0	0	0	1	-0	0	0
978	1	1	8	8	4	10	0.903716	0.10124	8.88274e-07	9.82913e-07
979	0	0	0	0	0	0	1	-0	0	0
980	0	0	0	0	0	0	1	-0	0	0
981	0	0	0	0	0	0	1	-0	0	0
982	0	0	0	0	0	0	1	-0	0	0
983	0	0	0	0	0	0	1	-0	0	0
984	0	0	0	0	0	0	1	-0	0	0
985	1	1	77	169	15	6058	1.3219e-14	31.9571	4.38105e-18	0.000331421
986	0	0	0	0	0	0	1	-0	0	0
987	1	1	90	245	21	23236	7.35081e-53	120.042	9.17699e-56	0.00124843
988	0	0	0	0	0	0	1	-0	0	0
989	0	0	0	0	0	0	1	-0	0	0
990	0	0	0	0	0	0	1	-0	0	0
991	0	0	0	0	0	0	1	-0	0	0
992	0	0	0	0	0	0	1	-0	0	0
993	0	0	0	0	0	0	1	-0	0	0
994	1	1	10	28	3	225	0.266245	1.32334	3.60375e-06	1.35355e-05
995	0	0	0	0	0	0	1	-0	0	0
996	1	1	7	7	7	0	0.956992	0.04396	3.78139e-07	3.95133e-07
997	0	0	0	0	0	0	1	-0	0	0
998	0	0	0	0	0	0	1	-0	0	0
999	0	0	0	0	0	0	1	-0	0	0
1000	0	0	0	0	0	0	1	-0	0	0