Hist	Tr_Tot	Tr_in	DSBs	DSBt	RIFs	NComb	PSurv	lPSurv	PMut*	PMut
1	51	41	122	140	38	472	0.0373882	3.2864	1.23312e-06	3.29815e-05
2	50	36	71	80	22	242	0.176118	1.7366	3.05988e-06	1.7374e-05
3	49	40	105	125	40	276	0.111626	2.1926	2.4246e-06	2.17207e-05
4	48	42	94	109	26	458	0.0487856	3.02032	1.48737e-06	3.04878e-05
5	47	36	57	66	20	242	0.192304	1.64868	3.18912e-06	1.65838e-05
6	46	32	68	79	26	194	0.226385	1.48552	3.34307e-06	1.47672e-05
7	45	41	129	141	46	454	0.0407263	3.20088	1.30657e-06	3.20816e-05
8	45	36	185	224	38	1085	0.000968057	6.94022	6.80484e-08	7.02938e-05
9	44	35	127	149	33	695	0.0113309	4.48022	5.13724e-07	4.53383e-05
10	49	39	151	171	45	582	0.0175609	4.04208	7.12552e-07	4.05761e-05
11	42	34	91	108	27	328	0.09527	2.35104	2.24114e-06	2.3524e-05
12	41	30	121	136	42	464	0.0399359	3.22048	1.29115e-06	3.23307e-05
13	40	32	111	133	31	532	0.0287695	3.54844	1.02921e-06	3.57744e-05
14	39	24	84	99	24	339	0.0953101	2.35062	2.24936e-06	2.36005e-05
15	38	28	87	112	29	439	0.0527464	2.94226	1.5638e-06	2.96476e-05
16	57	46	164	179	48	638	0.0125514	4.37792	5.52302e-07	4.40031e-05
17	35	28	70	78	22	216	0.203632	1.59144	3.23361e-06	1.58797e-05
18	33	25	121	137	35	515	0.0305968	3.48686	1.07385e-06	3.50969e-05
19	41	37	102	121	33	499	0.0367073	3.30478	1.22395e-06	3.33436e-05
20	47	39	128	146	32	585	0.0202342	3.90038	7.95696e-07	3.93243e-05
21	48	37	110	127	40	375	0.0665328	2.71006	1.80263e-06	2.70938e-05
22	47	34	131	151	44	405	0.0491057	3.01378	1.47526e-06	3.00425e-05
23	50	41	177	201	56	780	0.00529877	5.24028	2.79722e-07	5.27899e-05
24	43	35	142	168	44	718	0.0089434	4.71684	4.25999e-07	4.76328e-05
25	39	31	120	145	34	564	0.0226635	3.787	8.64658e-07	3.8152e-05
26	34	25	113	129	35	440	0.0471642	3.05412	1.44607e-06	3.06603e-05
27	43	35	60	70	24	231	0.198354	1.6177	3.21832e-06	1.62251e-05
28	50	39	57	68	30	175	0.267258	1.31954	3.5109e-06	1.31367e-05
29	51	39	73	82	33	148	0.280899	1.26976	3.50911e-06	1.24924e-05
30	45	37	142	152	43	627	0.0157288	4.15226	6.58952e-07	4.18946e-05
31	40	27	115	135	24	674	0.0137709	4.2852	5.98099e-07	4.34322e-05
32	37	26	63	69	25	128	0.337524	1.08612	3.61013e-06	1.06959e-05
33	48	35	111	118	41	283	0.112552	2.18434	2.4421e-06	2.16975e-05
34	56	41	85	97	39	158	0.242935	1.41496	3.36963e-06	1.38705e-05
35	54	37	116	131	48	320	0.0858907	2.45468	2.0955e-06	2.43973e-05
36	53	44	209	249	66	783	0.00386026	5.55702	2.14857e-07	5.56587e-05
37	51	38	124	142	36	418	0.0486278	3.02356	1.46979e-06	3.02252e-05
38	50	39	98	111	36	238	0.14795	1.91088	2.79794e-06	1.89114e-05
39	49	34	143	161	47	495	0.0291418	3.53558	1.0313e-06	3.5389e-05
40	48	31	126	147	34	586	0.0200053	3.91176	7.88885e-07	3.94339e-05
41	47	41	185	216	49	861	0.00319049	5.74758	1.84858e-07	5.79404e-05
42	46	33	125	147	39	477	0.0348794	3.35586	1.17342e-06	3.36423e-05
43	46	30	52	61	26	161	0.299938	1.20418	3.59858e-06	1.19977e-05
44	45	41	174	204	47	805	0.00457742	5.38662	2.48497e-07	5.42875e-05
45	44	37	132	150	37	752	0.00841954	4.7772	4.07702e-07	4.84233e-05
46	43	35	77	94	29	230	0.171475	1.76332	3.00539e-06	1.75267e-05
47	42	32	76	87	24	337	0.103824	2.26506	2.36893e-06	2.28168e-05
48	41	34	102	115	31	372	0.0728466	2.6194	1.91273e-06	2.6257e-05
49	40	30	185	208	38	1225	0.000524146	7.55374	4.02698e-08	7.68293e-05
50	53	45	144	165	44	499	0.0278451	3.5811	9.97614e-07	3.58273e-05
51	38	31	99	117	26	500	0.0374496	3.28476	1.24224e-06	3.3171e-05
52	37	31	64	72	27	164	0.275667	1.28856	3.5225e-06	1.27781e-05
53	35	30	99	118	43	398	0.0626094	2.77084	1.74103e-06	2.78078e-05
54	49	38	196	217	52	1127	0.000816519	7.11046	5.88957e-08	7.21302e-05
55	51	36	143	166	45	654	0.0125519	4.37788	5.53784e-07	4.41194e-05
56	29	22	79	95	19	372	0.0825955	2.4938	2.07547e-06	2.51281e-05
57	36	31	131	158	42	452	0.0369777	3.29744	1.21786e-06	3.29349e-05
58	51	35	151	181	41	989	0.00206923	6.18058	1.29877e-07	6.27658e-05
59	50	42	169	198	46	942	0.00236343	6.04764	1.44709e-07	6.12281e-05
60	44	39	136	160	42	628	0.014882	4.2076	6.30988e-07	4.23993e-05
61	41	33	121	144	40	429	0.0454011	3.09222	1.40392e-06	3.09226e-05
62	46	34	198	228	44	1452	0.000145252	8.83704	1.30755e-08	9.00195e-05
63	43	37	172	191	49	646	0.011175	4.49408	5.04052e-07	4.51055e-05
64	36	28	115	135	31	912	0.00409086	5.499	2.29407e-07	5.60779e-05
65	38	27	110	127	30	490	0.0370103	3.29656	1.22889e-06	3.32041e-05
66	45	37	121	140	32	461	0.0395456	3.2303	1.28116e-06	3.23971e-05
67	33	32	96	115	29	388	0.0671383	2.701	1.81993e-06	2.71072e-05
68	62	48	106	122	33	312	0.0946698	2.35736	2.22135e-06	2.34642e-05
69	59	46	212	243	50	1383	0.000187949	8.57934	1.63891e-08	8.72e-05
70	57	42	169	196	51	567	0.0162027	4.12258	6.67392e-07	4.11903e-05
71	41	32	43	50	18	130	0.376439	0.977	3.66263e-06	9.7297e-06
72	51	38	61	69	18	209	0.223304	1.49922	3.3495e-06	1.49997e-05
73	41	28	103	118	32	402	0.0613451	2.79124	1.71891e-06	2.80204e-05
74	50	38	114	125	39	359	0.073102	2.6159	1.91021e-06	2.61308e-05
75	49	39	194	229	53	708	0.00641626	5.04892	3.24309e-07	5.05448e-05
76	48	38	155	179	49	564	0.0183061	4.00052	7.33549e-07	4.00712e-05
77	47	37	111	134	34	536	0.0280121	3.57512	1.00965e-06	3.60434e-05
78	47	38	129	151	43	699	0.0109635	4.51318	5.00636e-07	4.56637e-05
79	46	34	92	104	32	284	0.12227	2.10152	2.56283e-06	2.09604e-05
80	45	39	136	158	37	603	0.0171195	4.06754	7.01179e-07	4.0958e-05
81	44	31	133	155	42	480	0.0326667	3.4214	1.11894e-06	3.42533e-05
82	43	36	78	90	25	245	0.162887	1.8147	2.94791e-06	1.80979e-05
83	42	26	61	70	22	206	0.225328	1.4902	3.35665e-06	1.48968e-05
84	42	33	200	227	41	1388	0.000202583	8.50436	1.75361e-08	8.65625e-05
85	41	34	145	184	41	966	0.00228333	6.08212	1.40911e-07	6.1713e-05
86	40	31	56	65	24	98	0.40333	0.908	3.58002e-06	8.87615e-06
87	38	28	101	116	36	718	0.0123973	4.39028	5.54127e-07	4.46976e-05
88	37	28	142	168	33	837	0.00487449	5.32374	2.63006e-07	5.39557e-05
89	44	34	90	95	34	194	0.204743	1.586	3.2084e-06	1.56704e-05
90	30	23	72	86	25	401	0.0753825	2.58518	1.97207e-06	2.61609e-05
91	32	25	66	79	19	332	0.111993	2.18932	2.475e-06	2.20996e-05
92	47	34	53	60	18	195	0.253777	1.3713	3.48888e-06	1.37478e-05
93	44	34	108	124	37	359	0.0735625	2.60962	1.91809e-06	2.60743e-05
94	32	28	96	114	31	480	0.0422598	3.16392	1.34973e-06	3.1939e-05
95	50	38	153	182	55	534	0.0209344	3.86636	8.09044e-07	3.86466e-05
96	40	31	83	96	27	245	0.156863	1.85238	2.89203e-06	1.84366e-05
97	52	42	158	181	40	833	0.00458493	5.38498	2.49773e-07	5.4477e-05
98	50	40	160	190	53	580	0.0157455	4.1512	6.54105e-07	4.15423e-05
99	43	34	96	120	35	321	0.0915656	2.3907	2.18196e-06	2.38295e-05
100	47	35	126	140	44	370	0.0629006	2.7662	1.73366e-06	2.75619e-05
101	38	29	174	202	43	703	0.00779822	4.85386	3.80203e-07	4.87551e-05
102	45	36	94	111	24	377	0.0728189	2.61978	1.91491e-06	2.62969e-05
103	56	42	148	171	48	630	0.0137478	4.28688	5.92892e-07	4.31265e-05
104	45	36	164	181	52	476	0.0283174	3.56428	1.0055e-06	3.55084e-05
105	48	37	166	185	49	627	0.0127848	4.3595	5.59428e-07	4.37573e-05
106	38	33	84	99	27	297	0.118077	2.13642	2.52317e-06	2.13689e-05
107	52	41	130	154	36	533	0.0250866	3.68542	9.2853e-07	3.70129e-05
108	53	42	148	171	46	444	0.035498	3.33828	1.18008e-06	3.32437e-05
109	52	43	143	165	51	588	0.0176857	4.035	7.17264e-07	4.05562e-05
110	51	40	240	279	61	1360	0.000168577	8.68812	1.48364e-08	8.801e-05
111	50	36	130	154	30	902	0.00382071	5.56732	2.16325e-07	5.66191e-05
112	49	38	124	145	42	442	0.0422226	3.1648	1.33718e-06	3.16698e-05
113	48	36	142	174	36	890	0.00358241	5.63172	2.04593e-07	5.71104e-05
114	47	42	127	143	39	548	0.0249012	3.69284	9.2605e-07	3.7189e-05
115	46	33	146	168	37	814	0.00548115	5.20644	2.89041e-07	5.27336e-05
116	45	39	146	162	50	381	0.0517951	2.96046	1.52217e-06	2.93883e-05
117	44	31	87	107	32	289	0.116967	2.14586	2.50256e-06	2.13954e-05
118	49	41	177	205	53	682	0.00851778	4.7656	4.07223e-07	4.78086e-05
119	43	34	109	119	36	307	0.0989619	2.31302	2.27901e-06	2.30292e-05
120	42	34	74	84	26	290	0.134456	2.00652	2.70931e-06	2.01502e-05
121	41	36	79	94	30	246	0.158038	1.84492	2.90424e-06	1.83768e-05
122	40	33	132	152	36	666	0.0128918	4.35116	5.66813e-07	4.39667e-05
123	39	32	106	119	31	326	0.0898225	2.40992	2.15921e-06	2.40387e-05
124	38	32	124	149	35	559	0.0226721	3.78662	8.64083e-07	3.81122e-05
125	36	29	88	103	28	397	0.0691457	2.67154	1.86057e-06	2.6908e-05
126	35	26	60	67	22	161	0.288846	1.24186	3.56334e-06	1.23364e-05
127	55	42	184	219	45	896	0.00261911	5.94492	1.57066e-07	5.99694e-05
128	47	38	122	143	34	576	0.0215875	3.83564	8.34935e-07	3.86767e-05
129	36	26	54	66	21	183	0.259816	1.34778	3.49425e-06	1.34489e-05
130	51	34	133	150	38	466	0.0362035	3.3186	1.20294e-06	3.32272e-05
131	50	39	170	194	49	713	0.00779229	4.85462	3.80535e-07	4.88348e-05
132	45	29	81	94	27	229	0.172351	1.75822	3.0116e-06	1.74736e-05
133	41	30	75	83	31	193	0.221897	1.50554	3.31512e-06	1.49399e-05
134	32	24	58	66	23	153	0.302771	1.19478	3.58932e-06	1.18549e-05
135	43	33	131	154	44	474	0.0338939	3.38452	1.14826e-06	3.38781e-05
136	46	33	131	152	32	845	0.00517425	5.26406	2.76707e-07	5.34776e-05
137	49	31	100	110	31	339	0.0889483	2.4197	2.15445e-06	2.42214e-05
138	45	33	85	95	30	269	0.139666	1.9685	2.74519e-06	1.96554e-05
139	33	22	78	90	27	216	0.18885	1.6668	3.12681e-06	1.65571e-05
140	60	45	149	183	51	694	0.00919919	4.68864	4.34242e-07	4.72044e-05
141	48	38	150	182	41	555	0.0188082	3.97346	7.47861e-07	3.97624e-05
142	58	48	159	190	49	663	0.0103115	4.5745	4.73836e-07	4.59524e-05
143	56	46	190	216	45	1119	0.00085588	7.06338	6.13227e-08	7.16487e-05
144	54	45	142	159	34	701	0.0103205	4.57362	4.77031e-07	4.62215e-05
145	52	42	192	224	65	638	0.00946154	4.66052	4.40371e-07	4.65432e-05
146	51	42	202	231	57	866	0.00283056	5.86728	1.67152e-07	5.90527e-05
147	55	43	179	205	55	817	0.00427873	5.4541	2.35251e-07	5.49816e-05
148	49	34	83	95	33	205	0.193573	1.6421	3.1465e-06	1.62548e-05
149	48	36	107	125	33	458	0.0441219	3.1208	1.38503e-06	3.1391e-05
150	47	37	153	178	42	640	0.0125023	4.38184	5.50764e-07	4.40529e-05
151	46	36	88	99	30	343	0.0933854	2.37102	2.22379e-06	2.3813e-05
152	45	33	74	83	30	165	0.255958	1.36274	3.44319e-06	1.34521e-05
153	44	34	100	116	34	294	0.107757	2.22788	2.38887e-06	2.21691e-05
154	44	34	75	86	31	271	0.146288	1.92218	2.81656e-06	1.92536e-05
155	43	38	173	209	43	950	0.0021175	6.15752	1.31865e-07	6.22741e-05
156	42	35	95	111	31	286	0.115824	2.15568	2.4858e-06	2.14618e-05
157	41	34	64	74	30	120	0.340711	1.07672	3.59556e-06	1.05531e-05
158	42	33	147	169	40	614	0.0151051	4.19272	6.36885e-07	4.21634e-05
159	39	31	97	115	37	302	0.1041	2.2624	2.34618e-06	2.25377e-05
160	38	29	50	58	18	131	0.356173	1.03234	3.64522e-06	1.02344e-05
161	37	28	90	107	28	459	0.0491509	3.01286	1.49557e-06	3.0428e-05
162	30	25	102	123	27	555	0.0272435	3.60294	9.92535e-07	3.6432e-05
163	49	35	130	156	42	658	0.0130956	4.33548	5.73161e-07	4.37675e-05
164	47	33	248	290	49	1732	2.35968e-05	10.6544	2.55781e-09	0.000108397
165	46	37	111	130	38	493	0.0357681	3.3307	1.19941e-06	3.35329e-05
166	52	43	112	121	42	206	0.163576	1.81048	2.90765e-06	1.77756e-05
167	50	38	171	191	53	604	0.0138443	4.27988	5.93561e-07	4.28739e-05
168	40	32	144	177	38	686	0.00995023	4.61016	4.62094e-07	4.64406e-05
169	40	32	73	84	26	180	0.235624	1.44552	3.37073e-06	1.43056e-05
170	45	37	101	118	35	536	0.030973	3.47464	1.0884e-06	3.51402e-05
171	41	35	129	145	41	426	0.0458124	3.0832	1.41192e-06	3.08196e-05
172	49	39	140	160	33	648	0.0134389	4.3096	5.84082e-07	4.34619e-05
173	60	52	173	200	56	448	0.0289901	3.5408	1.01736e-06	3.50932e-05
174	44	32	107	119	30	459	0.045583	3.08822	1.41788e-06	3.11054e-05
175	40	30	111	132	32	523	0.0303105	3.49626	1.06814e-06	3.52397e-05
176	65	50	204	248	56	1339	0.00022796	8.38634	1.94095e-08	8.51444e-05
177	61	46	118	139	49	330	0.0776208	2.55592	1.97003e-06	2.53802e-05
178	58	48	155	183	48	564	0.017852	4.02564	7.19382e-07	4.0297e-05
179	39	27	94	112	30	478	0.0432326	3.14116	1.37133e-06	3.17198e-05
180	51	40	105	117	35	337	0.0859955	2.45346	2.10777e-06	2.45103e-05
181	41	33	114	129	37	322	0.0860936	2.45232	2.09988e-06	2.43906e-05
182	51	35	121	137	47	309	0.0874874	2.43626	2.11295e-06	2.41515e-05
183	50	41	113	127	35	300	0.0975334	2.32756	2.25388e-06	2.31088e-05
184	49	32	98	115	25	801	0.00816989	4.8073	4.00743e-07	4.90512e-05
185	48	40	160	189	54	605	0.013948	4.27242	5.97172e-07	4.28142e-05
186	47	37	134	158	39	521	0.0260083	3.64934	9.51932e-07	3.66011e-05
187	46	35	95	109	31	302	0.108098	2.22472	2.39966e-06	2.2199e-05
188	46	36	146	174	40	643	0.0126257	4.37202	5.55361e-07	4.39865e-05
189	45	33	123	143	34	538	0.0262041	3.64184	9.60581e-07	3.66577e-05
190	44	30	72	84	26	289	0.135143	2.00142	2.71599e-06	2.00971e-05
191	43	36	143	160	37	672	0.0118907	4.432	5.31955e-07	4.47371e-05
192	42	34	90	104	31	342	0.0909614	2.39732	2.1869e-06	2.40421e-05
193	41	34	132	146	38	556	0.0234595	3.75248	8.8638e-07	3.77834e-05
194	40	28	86	98	26	305	0.11407	2.17094	2.4796e-06	2.17375e-05
195	39	33	78	92	29	291	0.127217	2.06186	2.62766e-06	2.06549e-05
196	38	31	72	81	25	173	0.248831	1.39098	3.42499e-06	1.37643e-05
197	37	24	81	93	26	191	0.210527	1.55814	3.24171e-06	1.53981e-05
198	47	35	70	82	24	224	0.190642	1.65736	3.15141e-06	1.65305e-05
199	34	26	91	110	23	524	0.0346243	3.3632	1.17899e-06	3.4051e-05
200	32	24	97	109	30	356	0.0820751	2.50012	2.05748e-06	2.50682e-05
201	36	28	104	128	25	588	0.0223118	3.80264	8.58281e-07	3.84676e-05
202	48	40	66	74	33	105	0.367799	1.00022	3.58828e-06	9.75611e-06
203	50	34	98	111	33	254	0.136357	1.99248	2.69462e-06	1.97615e-05
204	40	30	124	143	30	774	0.00786416	4.84544	3.86894e-07	4.91971e-05
205	50	36	106	125	39	337	0.0817818	2.5037	2.04143e-06	2.49618e-05
206	38	23	128	145	34	570	0.0219805	3.8176	8.45608e-07	3.84708e-05
207	43	35	83	103	32	472	0.047168	3.05404	1.45716e-06	3.0893e-05
208	45	40	172	189	45	757	0.00642461	5.04762	3.26951e-07	5.08904e-05
209	36	29	107	124	33	359	0.0735625	2.60962	1.91809e-06	2.60743e-05
210	45	33	128	149	44	449	0.0397311	3.22562	1.28202e-06	3.22675e-05
211	33	26	53	59	21	97	0.420959	0.86522	3.57155e-06	8.48433e-06
212	43	32	91	101	23	406	0.0668783	2.70488	1.82399e-06	2.72733e-05
213	48	38	115	139	38	440	0.0442934	3.11692	1.38305e-06	3.12248e-05
214	38	35	118	132	27	997	0.00270228	5.91366	1.63285e-07	6.04249e-05
215	49	42	140	160	47	416	0.0438755	3.1264	1.36606e-06	3.1135e-05
216	55	41	134	157	46	541	0.0236342	3.74506	8.8882e-07	3.76073e-05
217	53	39	95	114	22	1534	0.000195623	8.53932	1.72034e-08	8.79414e-05
218	52	40	105	129	40	364	0.0694936	2.66652	1.85008e-06	2.66222e-05
219	50	43	185	216	42	1138	0.000776837	7.16028	5.64436e-08	7.26583e-05
220	49	42	110	128	31	623	0.0186643	3.98114	7.52682e-07	4.03273e-05
221	44	33	119	140	32	958	0.0031354	5.765	1.84375e-07	5.88043e-05
222	47	38	76	91	27	329	0.105465	2.24938	2.38535e-06	2.26176e-05
223	47	39	194	223	48	802	0.0041252	5.49064	2.27714e-07	5.52006e-05
224	46	35	74	88	26	196	0.211773	1.55224	3.25739e-06	1.53815e-05
225	45	36	108	122	32	453	0.0461222	3.07646	1.42776e-06	3.09559e-05
226	44	41	124	144	31	579	0.0211267	3.85722	8.2167e-07	3.88926e-05
227	43	33	78	92	30	244	0.161676	1.82216	2.93566e-06	1.81577e-05
228	42	30	114	131	34	423	0.0507938	2.97998	1.51721e-06	2.987e-05
229	41	32	143	165	44	850	0.00464855	5.3712	2.53239e-07	5.44771e-05
230	41	32	182	207	46	1163	0.000723609	7.23126	5.31697e-08	7.34786e-05
231	40	29	113	129	40	337	0.0797531	2.52882	2.00879e-06	2.51876e-05
232	58	48	179	212	45	868	0.00315691	5.75816	1.83374e-07	5.80865e-05
233	37	32	114	137	34	421	0.049417	3.00746	1.48757e-06	3.01024e-05
234	36	29	99	111	25	681	0.0154495	4.17018	6.55821e-07	4.24494e-05
235	34	24	115	132	35	421	0.0509934	2.97606	1.52063e-06	2.98202e-05
236	47	38	128	154	40	522	0.0265342	3.62932	9.66601e-07	3.64285e-05
237	53	41	71	83	29	291	0.134615	2.00534	2.71207e-06	2.01469e-05
238	43	34	95	105	32	273	0.128516	2.0517	2.62589e-06	2.04324e-05
239	50	40	131	158	38	547	0.0227785	3.78194	8.65185e-07	3.79826e-05
240	40	30	137	159	38	543	0.0231024	3.76782	8.73882e-07	3.78265e-05
241	52	40	125	147	44	424	0.0457044	3.08556	1.4089e-06	3.08263e-05
242	48	39	186	216	56	737	0.0060049	5.11518	3.08363e-07	5.13519e-05
243	52	34	136	152	38	757	0.00810511	4.81526	3.95545e-07	4.88019e-05
244	38	30	85	94	30	317	0.110028	2.20702	2.43704e-06	2.21493e-05
245	61	49	175	211	43	1285	0.000378771	7.87858	3.03723e-08	8.01866e-05
246	38	29	110	131	25	783	0.00809928	4.81598	3.96848e-07	4.89979e-05
247	49	35	142	156	36	767	0.00751105	4.89138	3.7224e-07	4.9559e-05
248	55	39	154	185	43	748	0.00689747	4.9766	3.4616e-07	5.01864e-05
249	48	36	88	102	31	372	0.0790433	2.53776	2.01744e-06	2.55232e-05
250	60	45	139	157	54	366	0.0576964	2.85256	1.63333e-06	2.8309e-05
251	57	43	215	256	43	1383	0.000173214	8.66098	1.52314e-08	8.79338e-05
252	55	47	138	159	43	441	0.0388666	3.24762	1.25955e-06	3.24069e-05
253	53	36	132	153	36	555	0.0225653	3.79134	8.60313e-07	3.81254e-05
254	52	43	150	175	49	619	0.0141803	4.2559	6.06461e-07	4.27678e-05
255	56	49	156	191	57	629	0.0121871	4.40738	5.38696e-07	4.42023e-05
256	50	38	107	125	39	305	0.0962795	2.3405	2.23961e-06	2.32616e-05
257	49	37	130	153	45	378	0.0556518	2.88864	1.59837e-06	2.87208e-05
258	48	37	88	104	39	219	0.17033	1.77002	2.98191e-06	1.75067e-05
259	47	36	62	72	29	94	0.393939	0.93156	3.56859e-06	9.05875e-06
260	46	32	212	249	56	1143	0.000615534	7.39302	4.60338e-08	7.47867e-05
261	45	32	124	145	37	556	0.0236073	3.7462	8.90631e-07	3.7727e-05
262	44	36	90	114	24	497	0.0387502	3.25062	1.27264e-06	3.28422e-05
263	43	33	109	129	28	687	0.0133823	4.31382	5.85935e-07	4.37842e-05
264	43	31	107	123	19	573	0.0248539	3.69474	9.29248e-07	3.73884e-05
265	42	37	91	110	28	348	0.0849579	2.4656	2.09842e-06	2.46996e-05
266	41	33	179	209	47	971	0.00190244	6.26462	1.20595e-07	6.33899e-05
267	40	29	97	113	35	300	0.106497	2.23964	2.37685e-06	2.23185e-05
268	39	31	96	109	38	241	0.147545	1.91362	2.79715e-06	1.89579e-05
269	37	32	119	142	33	513	0.029955	3.50806	1.0566e-06	3.52729e-05
270	36	30	121	151	25	785	0.00707081	4.95178	3.55189e-07	5.02331e-05
271	47	42	179	213	53	889	0.00281853	5.87154	1.67023e-07	5.92588e-05
272	47	42	160	192	45	701	0.00838878	4.78086	4.03369e-07	4.80843e-05
273	30	25	81	90	25	235	0.171409	1.7637	3.01108e-06	1.75666e-05
274	55	36	108	123	39	266	0.118951	2.12904	2.50708e-06	2.10765e-05
275	50	40	113	129	38	345	0.0765646	2.56962	1.96103e-06	2.56127e-05
276	40	30	122	144	33	509	0.0301907	3.50022	1.06191e-06	3.51733e-05
277	42	31	105	124	35	364	0.0717104	2.63512	1.88885e-06	2.634e-05
278	44	32	79	98	26	345	0.0930201	2.37494	2.21972e-06	2.38628e-05
279	55	44	143	163	53	410	0.0443945	3.11464	1.37559e-06	3.09856e-05
280	44	30	128	162	36	685	0.010989	4.51086	5.00448e-07	4.55408e-05
281	34	24	119	142	30	1542	0.00015752	8.75596	1.41684e-08	8.9947e-05
282	45	38	128	155	41	580	0.0196162	3.9314	7.76147e-07	3.95666e-05
283	33	23	57	67	22	249	0.184398	1.69066	3.137e-06	1.70122e-05
284	51	35	133	151	38	693	0.0113042	4.48258	5.12588e-07	4.53449e-05
285	48	38	123	144	42	418	0.0480208	3.03612	1.45686e-06	3.03381e-05
286	38	30	130	151	42	559	0.0223891	3.79918	8.55825e-07	3.8225e-05
287	36	28	99	114	34	313	0.0990411	2.31222	2.28445e-06	2.30657e-05
288	51	38	117	153	43	533	0.0252447	3.67914	9.32954e-07	3.69565e-05
289	41	36	126	144	35	501	0.031448	3.45942	1.09276e-06	3.47482e-05
290	52	42	140	163	42	496	0.0286317	3.55324	1.018e-06	3.5555e-05
291	51	44	204	247	51	999	0.00129913	6.64606	8.70711e-08	6.70226e-05
292	50	43	213	249	58	930	0.00182401	6.30672	1.15768e-07	6.34693e-05
293	49	35	150	180	51	423	0.0373396	3.2877	1.21861e-06	3.26359e-05
294	48	38	48	59	28	100	0.414567	0.88052	3.58341e-06	8.64373e-06
295	46	39	119	137	48	318	0.0835625	2.48216	2.05812e-06	2.46297e-05
296	46	33	80	89	33	171	0.239065	1.43102	3.37311e-06	1.41096e-05
297	45	28	62	69	22	222	0.208979	1.56552	3.27898e-06	1.56905e-05
298	44	39	107	124	26	517	0.0328626	3.41542	1.13275e-06	3.44694e-05
299	44	31	134	154	34	515	0.0274986	3.59362	9.91504e-07	3.60565e-05
300	43	33	77	96	24	337	0.0981184	2.32158	2.2886e-06	2.33249e-05
301	42	35	104	124	29	343	0.0798169	2.52802	2.01332e-06	2.52242e-05
302	41	36	116	133	37	408	0.0541477	2.91604	1.58035e-06	2.91859e-05
303	40	27	83	96	31	265	0.141652	1.95438	2.76212e-06	1.94993e-05
304	39	32	123	141	35	507	0.0310803	3.47118	1.08463e-06	3.48976e-05
305	38	25	109	131	34	372	0.0658827	2.71988	1.78939e-06	2.71602e-05
306	31	21	78	90	29	327	0.107217	2.2329	2.40754e-06	2.24548e-05
307	35	27	126	139	39	509	0.0311538	3.46882	1.08699e-06	3.4891e-05
308	33	26	89	100	28	316	0.106501	2.2396	2.38934e-06	2.24349e-05
309	45	35	133	153	37	546	0.0236252	3.74544	8.89424e-07	3.76472e-05
310	50	39	140	148	52	420	0.0463544	3.07144	1.4217e-06	3.06702e-05
311	50	37	106	122	32	475	0.0412271	3.18866	1.32441e-06	3.21249e-05
312	40	33	111	131	38	372	0.0658827	2.71988	1.78939e-06	2.71602e-05
313	45	36	36	38	18	47	0.619811	0.47834	2.87733e-06	4.64227e-06
314	58	38	154	184	43	718	0.00808844	4.81732	3.9258e-07	4.8536e-05
315	53	38	96	116	36	281	0.115143	2.16158	2.47308e-06	2.14784e-05
316	44	34	123	156	35	587	0.0188097	3.97338	7.52296e-07	3.9995e-05
317	61	46	160	183	56	528	0.0214498	3.84204	8.23334e-07	3.83842e-05
318	38	32	129	142	44	469	0.0374908	3.28366	1.23476e-06	3.2935e-05
319	50	38	79	95	34	212	0.186784	1.6778	3.10562e-06	1.66268e-05
320	41	37	181	204	51	802	0.00464799	5.37132	2.51587e-07	5.41281e-05
321	48	37	134	147	37	430	0.0443271	3.11616	1.38057e-06	3.11451e-05
322	38	29	79	90	25	211	0.193728	1.6413	3.1561e-06	1.62914e-05
323	47	38	144	165	45	566	0.0197856	3.9228	7.79301e-07	3.93872e-05
324	56	44	139	161	41	607	0.0164607	4.10678	6.80484e-07	4.13399e-05
325	54	41	182	211	52	845	0.00357218	5.63458	2.02928e-07	5.6808e-05
326	53	44	158	186	45	723	0.00778637	4.85538	3.80867e-07	4.89146e-05
327	51	42	160	189	55	527	0.0207622	3.87462	8.02871e-07	3.86698e-05
328	50	33	83	100	20	345	0.091859	2.3875	2.20239e-06	2.39757e-05
329	46	39	104	124	47	267	0.117605	2.14042	2.4916e-06	2.11861e-05
330	48	35	97	108	41	223	0.16275	1.81554	2.92056e-06	1.7945e-05
331	47	40	126	149	45	459	0.0377557	3.27662	1.23834e-06	3.27988e-05
332	46	38	123	135	41	365	0.0665834	2.7093	1.79869e-06	2.7014e-05
333	45	39	148	166	51	461	0.0335882	3.39358	1.13746e-06	3.38647e-05
334	45	32	99	115	33	313	0.0984211	2.3185	2.27571e-06	2.31222e-05
335	39	29	100	121	27	603	0.0215975	3.83518	8.39482e-07	3.88695e-05
336	43	35	129	145	40	412	0.049203	3.0118	1.47982e-06	3.00758e-05
337	42	29	71	82	27	220	0.194571	1.63696	3.17501e-06	1.6318e-05
338	41	30	155	192	34	967	0.0021604	6.13746	1.34415e-07	6.22177e-05
339	40	30	115	133	37	550	0.026246	3.64024	9.64038e-07	3.67308e-05
340	42	36	133	156	35	684	0.0114693	4.46808	5.17827e-07	4.51489e-05
341	38	29	89	101	29	391	0.0721953	2.62838	1.91146e-06	2.64763e-05
342	37	30	59	69	21	260	0.172162	1.75932	3.0489e-06	1.77095e-05
343	35	28	151	177	50	643	0.0123901	4.39086	5.47094e-07	4.41559e-05
344	47	39	161	186	40	898	0.00318954	5.74788	1.85672e-07	5.82129e-05
345	37	31	92	103	27	442	0.054966	2.90104	1.61045e-06	2.9299e-05
346	41	27	172	212	45	1536	0.000104643	9.16496	9.7924e-09	9.35795e-05
347	50	42	103	116	37	271	0.121168	2.11058	2.5381e-06	2.0947e-05
348	40	32	106	121	34	343	0.0813349	2.50918	2.03783e-06	2.50548e-05
349	42	35	119	136	40	406	0.0536819	2.92468	1.57014e-06	2.9249e-05
350	39	31	83	94	35	160	0.245043	1.40632	3.38341e-06	1.38074e-05
351	40	28	147	177	38	766	0.00661669	5.01816	3.35408e-07	5.06913e-05
352	44	38	133	148	41	421	0.0461186	3.07654	1.41692e-06	3.07233e-05
353	45	37	120	137	44	450	0.0426231	3.15536	1.34873e-06	3.16433e-05
354	45	32	169	198	53	578	0.0151275	4.19124	6.33656e-07	4.18876e-05
355	33	24	89	107	28	469	0.0467071	3.06386	1.44602e-06	3.09594e-05
356	50	33	93	111	31	450	0.0501829	2.99208	1.5143e-06	3.01756e-05
357	48	33	137	152	40	554	0.0228236	3.77996	8.67658e-07	3.80158e-05
358	62	50	162	187	48	752	0.00667384	5.00956	3.37108e-07	5.05119e-05
359	59	44	138	158	42	529	0.0249685	3.69014	9.24488e-07	3.70262e-05
360	56	48	179	202	55	687	0.00846124	4.77226	4.05335e-07	4.79049e-05
361	54	44	107	118	43	196	0.175408	1.74064	2.99508e-06	1.70749e-05
362	53	40	166	198	49	1105	0.00102923	6.87894	7.1932e-08	6.98888e-05
363	60	48	133	161	45	552	0.0217905	3.82628	8.37139e-07	3.84176e-05
364	50	42	151	170	46	537	0.0222303	3.8063	8.4761e-07	3.81286e-05
365	49	37	78	91	30	203	0.200532	1.60678	3.19303e-06	1.59228e-05
366	48	32	77	87	23	256	0.156929	1.85196	2.90524e-06	1.8513e-05
367	47	36	154	180	36	662	0.0110359	4.5066	5.00311e-07	4.53347e-05
368	47	38	118	141	37	444	0.0428573	3.14988	1.35216e-06	3.15503e-05
369	32	27	65	74	18	397	0.0829581	2.48942	2.09643e-06	2.5271e-05
370	45	36	131	168	35	1098	0.00128777	6.65484	8.73413e-08	6.78235e-05
371	44	35	71	83	29	151	0.274902	1.29134	3.49353e-06	1.27083e-05
372	43	31	112	132	31	488	0.0362339	3.31776	1.20949e-06	3.33801e-05
373	42	31	107	123	26	520	0.0325675	3.42444	1.12593e-06	3.45723e-05
374	41	31	114	132	35	474	0.0389156	3.24636	1.27006e-06	3.26362e-05
375	40	28	89	98	37	226	0.170667	1.76804	2.9935e-06	1.754e-05
376	39	31	86	99	30	239	0.158719	1.84062	2.90252e-06	1.82871e-05
377	38	34	96	119	34	266	0.121977	2.10392	2.54331e-06	2.08507e-05
378	37	29	78	87	30	252	0.160164	1.83156	2.93107e-06	1.83005e-05
379	70	55	257	296	72	1033	0.000802981	7.12718	5.74895e-08	7.15951e-05
380	35	29	61	75	21	200	0.225147	1.491	3.34574e-06	1.48602e-05
381	32	24	67	75	17	326	0.11841	2.1336	2.55233e-06	2.1555e-05
382	52	42	145	160	47	413	0.0445519	3.1111	1.38002e-06	3.09756e-05
383	50	45	85	95	38	184	0.215456	1.535	3.26179e-06	1.5139e-05
384	40	33	179	210	43	1225	0.000517604	7.5663	3.98256e-08	7.69422e-05
385	42	31	89	106	21	732	0.0122911	4.39888	5.51587e-07	4.48769e-05
386	54	39	98	119	33	362	0.0747564	2.59352	1.94004e-06	2.59515e-05
387	55	41	183	213	46	893	0.00276161	5.89194	1.64237e-07	5.94713e-05
388	49	38	159	180	47	752	0.00697377	4.9656	3.49502e-07	5.01167e-05
389	61	48	230	271	63	1283	0.000262521	8.24518	2.19119e-08	8.34672e-05
390	46	36	126	153	43	447	0.0391428	3.24054	1.26772e-06	3.2387e-05
391	41	33	220	252	53	1170	0.000526342	7.54956	4.02076e-08	7.63906e-05
392	36	27	40	42	18	64	0.554239	0.59016	3.19869e-06	5.77132e-06
393	48	37	144	166	40	769	0.00698228	4.96438	3.50718e-07	5.02297e-05
394	38	28	63	73	23	252	0.174883	1.74364	3.06224e-06	1.75102e-05
395	48	35	118	130	33	505	0.0336447	3.3919	1.14965e-06	3.41705e-05
396	51	37	107	117	35	422	0.0557454	2.88696	1.6181e-06	2.90266e-05
397	41	34	126	144	48	348	0.0686235	2.67912	1.82668e-06	2.66188e-05
398	53	38	125	146	41	408	0.0499027	2.99768	1.49307e-06	2.99197e-05
399	52	39	180	210	50	850	0.00350418	5.6538	1.99798e-07	5.70172e-05
400	51	38	137	165	35	896	0.00367648	5.6058	2.0927e-07	5.69212e-05
401	50	40	142	160	54	377	0.0535307	2.9275	1.55575e-06	2.90628e-05
402	49	42	121	145	35	655	0.0142486	4.2511	6.12505e-07	4.29871e-05
403	46	35	104	130	37	431	0.0490704	3.0145	1.48382e-06	3.02386e-05
404	47	32	102	120	40	549	0.0286243	3.5535	1.02887e-06	3.59438e-05
405	46	35	124	139	40	440	0.0442934	3.11692	1.38305e-06	3.12248e-05
406	45	38	145	182	41	644	0.011946	4.42736	5.31492e-07	4.44912e-05
407	44	36	102	118	33	313	0.0965842	2.33734	2.24959e-06	2.32915e-05
408	43	29	100	116	33	320	0.0943749	2.36048	2.22258e-06	2.35505e-05
409	53	41	122	143	39	566	0.022717	3.78464	8.66551e-07	3.81454e-05
410	42	37	106	123	38	334	0.0840923	2.47584	2.0762e-06	2.46895e-05
411	41	31	97	110	30	398	0.0658352	2.7206	1.80101e-06	2.73562e-05
412	40	28	78	90	30	163	0.247462	1.3965	3.40037e-06	1.3741e-05
413	39	30	86	95	27	338	0.0982343	2.3204	2.29098e-06	2.33215e-05
414	45	36	108	119	36	359	0.075909	2.57822	1.95785e-06	2.57921e-05
415	36	25	126	151	33	680	0.0120791	4.41628	5.39381e-07	4.46542e-05
416	34	24	46	52	21	67	0.5126	0.66826	3.32944e-06	6.4952e-06
417	37	28	92	110	30	306	0.105252	2.2514	2.3648e-06	2.2468e-05
418	54	45	150	175	49	624	0.0138233	4.2814	5.94864e-07	4.30334e-05
419	50	38	151	179	45	694	0.0094332	4.66352	4.43158e-07	4.69786e-05
420	40	34	111	135	38	490	0.0351968	3.3468	1.18457e-06	3.36557e-05
421	43	35	89	111	31	441	0.05254	2.94618	1.5603e-06	2.96974e-05
422	46	34	104	117	36	364	0.0749331	2.59116	1.94413e-06	2.59449e-05
423	35	28	67	72	28	136	0.317982	1.14576	3.59013e-06	1.12903e-05
424	33	24	110	120	32	377	0.0688173	2.6763	1.84464e-06	2.68049e-05
425	44	34	105	119	41	328	0.0889109	2.42012	2.14675e-06	2.4145e-05
426	45	34	137	169	48	640	0.0132293	4.32532	5.76069e-07	4.35449e-05
427	33	28	97	119	24	626	0.0194498	3.93992	7.77576e-07	3.99786e-05
428	39	26	111	125	31	400	0.0593087	2.825	1.67898e-06	2.83092e-05
429	48	42	235	280	63	1236	0.000315296	8.062	2.56896e-08	8.1478e-05
430	38	32	114	130	38	507	0.0333033	3.4021	1.14153e-06	3.42767e-05
431	44	37	127	145	40	475	0.0356823	3.3331	1.19262e-06	3.34232e-05
432	57	40	104	117	38	370	0.0726748	2.62176	1.90871e-06	2.62637e-05
433	55	43	126	147	42	439	0.0423384	3.16206	1.33888e-06	3.16233e-05
434	54	38	131	140	46	300	0.0898872	2.4092	2.14315e-06	2.38426e-05
435	52	36	114	141	41	459	0.039701	3.22638	1.28422e-06	3.23473e-05
436	51	47	175	195	52	535	0.0191951	3.9531	7.56931e-07	3.94335e-05
437	47	33	71	85	22	265	0.151784	1.8853	2.86542e-06	1.88783e-05
438	49	40	169	197	48	893	0.00305352	5.79146	1.78839e-07	5.85681e-05
439	48	42	76	85	32	191	0.221374	1.5079	3.30877e-06	1.49465e-05
440	47	34	156	178	36	788	0.0058774	5.13664	3.05135e-07	5.19166e-05
441	46	36	140	152	39	580	0.0199893	3.91256	7.87523e-07	3.93973e-05
442	45	26	52	57	23	140	0.342337	1.07196	3.648e-06	1.06562e-05
443	39	29	115	137	32	499	0.0331982	3.40526	1.13693e-06	3.42468e-05
444	44	37	148	180	38	924	0.00290071	5.8428	1.71883e-07	5.92556e-05
445	43	34	112	124	41	276	0.112329	2.18632	2.43353e-06	2.16643e-05
446	42	34	133	149	41	462	0.0371824	3.29192	1.22547e-06	3.29582e-05
447	41	35	139	148	45	390	0.0540179	2.91844	1.57063e-06	2.90762e-05
448	40	34	91	103	24	342	0.0915344	2.39104	2.19551e-06	2.39857e-05
449	39	33	73	84	26	230	0.182589	1.70052	3.09711e-06	1.69622e-05
450	38	31	89	98	27	478	0.0472057	3.05324	1.46005e-06	3.09295e-05
451	36	25	79	89	31	275	0.140659	1.96142	2.7619e-06	1.96355e-05
452	35	26	152	179	36	880	0.00365332	5.61212	2.07732e-07	5.68613e-05
453	48	32	135	146	36	644	0.0149764	4.20128	6.35885e-07	4.24591e-05
454	39	32	122	146	40	493	0.0323487	3.43118	1.11396e-06	3.4436e-05
455	28	23	45	46	22	53	0.571678	0.55918	3.09429e-06	5.41265e-06
456	40	33	56	61	22	128	0.354914	1.03588	3.63586e-06	1.02444e-05
457	51	40	187	223	43	1170	0.000631483	7.36744	4.72056e-08	7.47537e-05
458	54	45	107	120	32	508	0.0352814	3.3444	1.19129e-06	3.37654e-05
459	54	40	142	160	41	695	0.0105746	4.5493	4.86e-07	4.59592e-05
460	43	34	74	80	29	136	0.302401	1.196	3.55077e-06	1.17419e-05
461	61	47	121	140	35	627	0.01696	4.0769	6.99042e-07	4.12172e-05
462	61	42	105	117	38	280	0.115007	2.16276	2.47055e-06	2.14817e-05
463	63	48	193	225	52	873	0.00283617	5.8653	1.67578e-07	5.9086e-05
464	49	43	197	222	60	691	0.00731184	4.91826	3.60082e-07	4.92464e-05
465	48	40	137	161	40	485	0.0306666	3.48458	1.06897e-06	3.48577e-05
466	38	29	163	189	47	800	0.00515948	5.26692	2.74356e-07	5.31752e-05
467	61	48	165	189	47	701	0.00854832	4.76202	4.09593e-07	4.7915e-05
468	58	46	213	243	61	848	0.00287748	5.85084	1.6912e-07	5.87737e-05
469	56	45	123	143	30	1140	0.00121618	6.71204	8.34833e-08	6.86439e-05
470	54	49	152	178	55	438	0.0350269	3.35164	1.1671e-06	3.332e-05
471	56	43	116	137	36	332	0.0778042	2.55356	1.97417e-06	2.53735e-05
472	51	37	139	160	37	682	0.0112995	4.483	5.11509e-07	4.52685e-05
473	50	41	105	121	33	467	0.0432145	3.14158	1.36745e-06	3.16434e-05
474	49	41	116	137	35	515	0.0305968	3.48686	1.07385e-06	3.50969e-05
475	48	41	124	145	44	334	0.073241	2.614	1.89924e-06	2.59314e-05
476	47	38	48	52	26	57	0.53942	0.61726	3.21703e-06	5.96387e-06
477	48	36	83	93	26	225	0.177012	1.73154	3.04541e-06	1.72046e-05
478	45	38	135	157	35	596	0.0178534	4.02556	7.23593e-07	4.05297e-05
479	45	35	108	124	37	427	0.0520048	2.95642	1.54389e-06	2.96874e-05
480	44	33	105	118	37	391	0.0648849	2.73514	1.78018e-06	2.74359e-05
481	43	28	116	139	31	545	0.0259283	3.65242	9.5426e-07	3.68038e-05
482	42	28	133	151	42	486	0.0324881	3.42688	1.11585e-06	3.43463e-05
483	46	30	58	63	23	121	0.363222	1.01274	3.62689e-06	9.98532e-06
484	40	30	86	103	34	285	0.122415	2.10034	2.56545e-06	2.09571e-05
485	39	25	56	68	17	249	0.183243	1.69694	3.12771e-06	1.70686e-05
486	38	24	81	90	28	177	0.230409	1.4679	3.33744e-06	1.44849e-05
487	37	34	60	66	21	178	0.266527	1.32228	3.51369e-06	1.31833e-05
488	47	31	145	169	39	883	0.00383104	5.56462	2.16286e-07	5.64563e-05
489	33	27	172	206	35	1044	0.00133599	6.61808	8.96442e-08	6.70993e-05
490	31	25	111	120	26	605	0.021513	3.8391	8.37269e-07	3.89193e-05
491	50	38	138	163	50	463	0.0338797	3.38494	1.14519e-06	3.38016e-05
492	40	28	101	119	30	385	0.0664823	2.71082	1.80656e-06	2.71735e-05
493	43	33	122	146	39	424	0.0459924	3.07928	1.41518e-06	3.07698e-05
494	47	40	124	145	36	429	0.0451168	3.0985	1.39768e-06	3.0979e-05
495	45	36	124	140	36	457	0.0403606	3.2099	1.29899e-06	3.21845e-05
496	54	42	90	109	32	317	0.100137	2.30122	2.30274e-06	2.2996e-05
497	55	47	195	223	48	859	0.00308458	5.78134	1.79613e-07	5.82292e-05
498	45	35	169	194	48	865	0.00358922	5.62982	2.04266e-07	5.69111e-05
499	33	29	125	133	42	326	0.0822625	2.49784	2.04249e-06	2.4829e-05
500	48	33	104	115	34	407	0.0609379	2.7979	1.71337e-06	2.81167e-05
501	48	32	142	168	38	683	0.0106911	4.53834	4.89367e-07	4.57732e-05
502	38	29	84	98	26	391	0.0735684	2.60954	1.93536e-06	2.63069e-05
503	44	39	165	188	44	863	0.00376525	5.58194	2.12609e-07	5.64661e-05
504	34	27	37	44	12	111	0.430667	0.84242	3.60963e-06	8.38148e-06
505	41	31	105	112	36	254	0.135503	1.99876	2.6854e-06	1.9818e-05
506	54	43	187	203	55	900	0.00283748	5.86484	1.68202e-07	5.92787e-05
507	53	45	169	191	54	689	0.00897439	4.71338	4.25299e-07	4.73903e-05
508	51	44	86	97	34	200	0.196094	1.62916	3.15752e-06	1.61021e-05
509	50	39	146	165	38	572	0.0191893	3.9534	7.61933e-07	3.9706e-05
510	49	40	112	124	36	317	0.0911344	2.39542	2.17289e-06	2.38427e-05
511	48	34	111	137	31	475	0.0375208	3.28286	1.23712e-06	3.29716e-05
512	47	41	106	122	34	370	0.0704283	2.65316	1.86958e-06	2.65459e-05
513	46	35	142	178	43	640	0.0125023	4.38184	5.50764e-07	4.40529e-05
514	46	42	119	138	37	544	0.0262251	3.64104	9.62308e-07	3.66942e-05
515	45	35	153	173	37	724	0.00840574	4.77884	4.05442e-07	4.82339e-05
516	44	38	156	177	40	527	0.0223873	3.79926	8.50549e-07	3.79924e-05
517	53	49	170	203	58	679	0.00875842	4.73774	4.16343e-07	4.75363e-05
518	42	35	59	69	21	184	0.25367	1.37172	3.46803e-06	1.36714e-05
519	41	29	89	100	30	321	0.10382	2.2651	2.35676e-06	2.27005e-05
520	40	30	135	151	34	763	0.00791038	4.83958	3.88116e-07	4.90642e-05
521	39	33	110	128	25	533	0.0295362	3.52214	1.04987e-06	3.55453e-05
522	31	22	65	75	16	286	0.145206	1.9296	2.82131e-06	1.94297e-05
523	43	31	123	144	43	456	0.0395607	3.22992	1.28007e-06	3.23572e-05
524	36	27	83	90	20	352	0.0943825	2.3604	2.24471e-06	2.37832e-05
525	34	24	95	107	37	246	0.145648	1.92656	2.78344e-06	1.91107e-05
526	54	41	199	230	52	1447	0.000147144	8.8241	1.32233e-08	8.98667e-05
527	50	38	99	109	32	355	0.0824948	2.49502	2.06361e-06	2.50151e-05
528	40	34	85	101	43	187	0.204338	1.58798	3.19526e-06	1.56371e-05
529	36	26	118	137	29	727	0.0103781	4.56806	4.8114e-07	4.63612e-05
530	54	45	160	182	50	504	0.0243954	3.71336	9.03914e-07	3.70526e-05
531	55	41	131	164	45	758	0.00747852	4.89572	3.70429e-07	4.95324e-05
532	50	43	142	167	44	545	0.0217474	3.82826	8.34761e-07	3.83843e-05
533	35	27	76	88	23	343	0.100065	2.30194	2.3207e-06	2.31921e-05
534	58	43	170	197	65	418	0.0344254	3.36896	1.14739e-06	3.33299e-05
535	48	41	143	157	48	424	0.0429225	3.14836	1.34737e-06	3.13908e-05
536	47	37	89	107	33	272	0.127561	2.05916	2.614e-06	2.04921e-05
537	48	37	124	142	40	459	0.0394524	3.23266	1.2784e-06	3.24037e-05
538	38	23	86	104	25	402	0.0669828	2.70332	1.82395e-06	2.72301e-05
539	44	35	162	190	38	758	0.00635191	5.059	3.23947e-07	5.1e-05
540	51	41	129	153	41	407	0.0480007	3.03654	1.45258e-06	3.02617e-05
541	57	38	135	152	46	430	0.0429568	3.14756	1.35002e-06	3.14273e-05
542	55	40	140	168	50	425	0.0398537	3.22254	1.2779e-06	3.20648e-05
543	53	36	65	81	21	270	0.151726	1.88568	2.87038e-06	1.89182e-05
544	52	40	201	235	48	1018	0.00127145	6.6676	8.5638e-08	6.73548e-05
545	44	32	92	110	28	328	0.0940809	2.3636	2.22378e-06	2.36369e-05
546	49	37	125	139	29	641	0.0158907	4.14202	6.65894e-07	4.19046e-05
547	48	37	125	137	35	427	0.0479278	3.03806	1.45802e-06	3.04212e-05
548	48	38	145	172	45	551	0.02044	3.89026	7.96862e-07	3.89854e-05
549	47	38	262	305	63	1279	0.000216418	8.4383	1.84331e-08	8.51739e-05
550	46	36	80	90	31	257	0.153217	1.8759	2.8706e-06	1.87355e-05
551	39	31	109	130	31	630	0.017785	4.0294	7.25843e-07	4.08121e-05
552	44	38	103	124	38	381	0.065755	2.72182	1.79138e-06	2.72433e-05
553	43	34	110	133	34	461	0.0413228	3.18634	1.32241e-06	3.20019e-05
554	42	34	164	193	41	871	0.00350298	5.65414	2.00278e-07	5.71734e-05
555	42	35	144	164	39	541	0.0226178	3.78902	8.59531e-07	3.80025e-05
556	41	33	88	108	33	357	0.0821721	2.49894	2.05963e-06	2.50649e-05
557	45	33	98	104	29	354	0.0855615	2.45852	2.11163e-06	2.46797e-05
558	39	30	120	135	40	416	0.0513341	2.9694	1.52585e-06	2.97238e-05
559	37	31	96	116	34	456	0.0471661	3.05408	1.45161e-06	3.07767e-05
560	36	27	77	95	28	298	0.120465	2.1164	2.55339e-06	2.11962e-05
561	37	26	58	70	25	154	0.293758	1.225	3.56441e-06	1.21338e-05
562	37	29	156	188	40	831	0.00443273	5.41874	2.42762e-07	5.47658e-05
563	30	27	70	82	25	175	0.244764	1.40746	3.40883e-06	1.3927e-05
564	40	32	93	106	24	440	0.0544932	2.90968	1.60003e-06	2.93621e-05
565	54	44	138	153	52	351	0.0638678	2.75094	1.74271e-06	2.72862e-05
566	51	38	71	83	29	227	0.186572	1.67894	3.1244e-06	1.67464e-05
567	43	31	111	129	38	450	0.0448191	3.10512	1.39798e-06	3.11917e-05
568	41	33	124	143	38	442	0.0427562	3.15224	1.34925e-06	3.15569e-05
569	47	37	61	72	26	161	0.279918	1.27326	3.53219e-06	1.26187e-05
570	46	35	124	152	35	595	0.0185171	3.98906	7.44282e-07	4.01943e-05
571	34	26	84	98	29	244	0.155698	1.85984	2.87984e-06	1.84964e-05
572	47	35	145	165	37	546	0.0219103	3.8208	8.39702e-07	3.83246e-05
573	48	36	134	160	40	592	0.0178813	4.024	7.23951e-07	4.04865e-05
574	38	30	102	117	23	576	0.0254164	3.67236	9.45722e-07	3.72091e-05
575	63	46	84	99	29	261	0.141873	1.95282	2.7603e-06	1.94561e-05
576	60	40	109	121	47	209	0.161092	1.82578	2.88918e-06	1.7935e-05
577	57	47	156	174	47	567	0.0186032	3.98442	7.43169e-07	3.99484e-05
578	55	43	173	195	45	1042	0.00144622	6.5388	9.59888e-08	6.63721e-05
579	41	31	133	168	47	574	0.0186401	3.98244	7.45262e-07	3.99817e-05
580	52	37	104	111	44	191	0.188025	1.67118	3.08627e-06	1.64141e-05
581	51	42	177	207	46	902	0.00273901	5.90016	1.63274e-07	5.96108e-05
582	50	38	127	140	40	578	0.0217748	3.827	8.40806e-07	3.86137e-05
583	49	36	81	94	29	186	0.214613	1.53892	3.25972e-06	1.51888e-05
584	48	33	97	115	30	363	0.0762681	2.5735	1.9661e-06	2.57788e-05
585	47	38	65	72	25	180	0.254066	1.37016	3.46247e-06	1.36282e-05
586	46	36	67	73	24	245	0.181239	1.70794	3.10613e-06	1.71383e-05
587	45	31	95	113	30	441	0.0518843	2.95874	1.54669e-06	2.98103e-05
588	44	36	91	107	32	254	0.139826	1.96736	2.73159e-06	1.95357e-05
589	44	37	176	208	51	781	0.00504509	5.28934	2.68591e-07	5.32381e-05
590	43	32	74	88	29	199	0.208558	1.56754	3.24117e-06	1.55409e-05
591	44	38	135	150	43	550	0.0235884	3.747	8.89056e-07	3.76904e-05
592	41	31	152	176	40	624	0.0137368	4.28768	5.91915e-07	4.30899e-05
593	40	32	135	163	42	655	0.0127256	4.36414	5.59967e-07	4.40032e-05
594	39	32	110	126	36	527	0.0308389	3.47898	1.08286e-06	3.51136e-05
595	38	29	95	113	24	403	0.0629799	2.76494	1.75029e-06	2.77913e-05
596	35	23	107	121	32	498	0.036895	3.29968	1.22825e-06	3.32905e-05
597	42	34	106	125	29	474	0.0406645	3.2024	1.31107e-06	3.22411e-05
598	33	26	41	48	15	135	0.371599	0.98994	3.67231e-06	9.88247e-06
599	50	41	187	212	48	998	0.00162677	6.42116	1.0573e-07	6.49938e-05
600	40	30	103	119	28	380	0.0681994	2.68532	1.8351e-06	2.69079e-05
601	43	37	127	148	46	426	0.0449574	3.10204	1.39318e-06	3.0989e-05
602	54	40	152	180	50	742	0.00733865	4.9146	3.6389e-07	4.95854e-05
603	43	30	105	119	22	882	0.00527108	5.24552	2.82428e-07	5.35807e-05
604	52	46	171	208	41	1039	0.00135339	6.60514	9.0605e-08	6.69465e-05
605	47	37	196	223	48	1024	0.00132965	6.62284	8.90815e-08	6.69962e-05
606	43	30	22	28	14	32	0.712454	0.33904	2.33742e-06	3.2808e-06
607	46	35	126	148	39	378	0.057427	2.85724	1.63314e-06	2.84386e-05
608	39	34	72	80	29	130	0.311798	1.1654	3.56171e-06	1.14231e-05
609	48	38	73	88	28	218	0.189297	1.66444	3.13294e-06	1.65504e-05
610	38	28	88	98	23	469	0.049423	3.00734	1.505e-06	3.04513e-05
611	40	34	92	101	32	296	0.117199	2.14388	2.51142e-06	2.14286e-05
612	51	38	127	143	37	567	0.0226015	3.78974	8.63343e-07	3.81985e-05
613	41	34	81	103	29	290	0.119333	2.12584	2.53257e-06	2.12227e-05
614	37	31	95	104	29	358	0.0838337	2.47892	2.08681e-06	2.48922e-05
615	54	47	173	202	65	533	0.0185579	3.98686	7.37164e-07	3.97224e-05
616	52	42	194	223	44	851	0.00321303	5.74054	1.85727e-07	5.78042e-05
617	51	40	99	118	35	490	0.0391623	3.24004	1.28045e-06	3.26961e-05
618	50	41	190	221	52	856	0.00317172	5.75348	1.83823e-07	5.79569e-05
619	49	38	120	146	44	427	0.045294	3.09458	1.40091e-06	3.09292e-05
620	48	36	111	129	39	313	0.0901374	2.40642	2.1554e-06	2.39124e-05
621	47	40	102	124	29	293	0.103001	2.27302	2.32447e-06	2.25675e-05
622	46	34	102	118	28	421	0.0556797	2.88814	1.61638e-06	2.90299e-05
623	45	37	150	176	37	705	0.00908819	4.70078	4.30723e-07	4.73937e-05
624	45	33	106	121	28	436	0.0506164	2.98348	1.5183e-06	2.99962e-05
625	44	36	140	161	40	768	0.00724184	4.92788	3.61327e-07	4.98944e-05
626	43	33	68	81	22	354	0.0988571	2.31408	2.31142e-06	2.33814e-05
627	42	32	83	96	29	232	0.167616	1.78608	2.97449e-06	1.77459e-05
628	41	30	90	98	23	421	0.0631312	2.76254	1.76142e-06	2.79009e-05
629	40	34	155	189	41	711	0.00812329	4.81302	3.93543e-07	4.84463e-05
630	39	30	115	132	39	383	0.0618985	2.78226	1.72085e-06	2.78011e-05
631	52	36	207	244	58	1406	0.0001661	8.70292	1.46963e-08	8.84785e-05
632	37	30	52	58	22	90	0.439007	0.82324	3.53662e-06	8.05595e-06
633	35	27	105	114	25	428	0.0550937	2.89872	1.60742e-06	2.9176e-05
634	55	42	91	113	35	294	0.109806	2.20904	2.4157e-06	2.19997e-05
635	50	40	106	123	32	471	0.0418133	3.17454	1.33672e-06	3.19688e-05
636	40	30	115	140	32	519	0.0294194	3.5261	1.04377e-06	3.54788e-05
637	24	16	71	84	13	467	0.0545182	2.90922	1.61128e-06	2.95548e-05
638	61	42	117	143	45	334	0.0741667	2.60144	1.91487e-06	2.58185e-05
639	43	36	103	117	32	494	0.0386132	3.25416	1.26853e-06	3.28522e-05
640	38	28	119	136	30	404	0.0542322	2.91448	1.58047e-06	2.91427e-05
641	32	21	66	73	18	243	0.183097	1.69774	3.11851e-06	1.7032e-05
642	41	34	107	125	37	486	0.0382504	3.2636	1.25762e-06	3.28787e-05
643	34	29	90	110	26	473	0.0449098	3.1031	1.40753e-06	3.13412e-05
644	33	27	77	89	26	266	0.147265	1.91552	2.8212e-06	1.91573e-05
645	48	39	90	96	31	223	0.175489	1.74018	3.03028e-06	1.72677e-05
646	38	32	54	64	21	205	0.235176	1.44742	3.41122e-06	1.4505e-05
647	42	32	139	160	42	436	0.0396208	3.2284	1.2757e-06	3.21977e-05
648	51	40	182	220	48	844	0.00339314	5.686	1.94301e-07	5.72629e-05
649	58	46	106	118	42	286	0.110843	2.19964	2.42269e-06	2.18569e-05
650	56	46	114	131	39	379	0.0635721	2.75558	1.75028e-06	2.75321e-05
651	54	44	157	181	50	763	0.00655203	5.02798	3.32566e-07	5.07576e-05
652	53	42	142	167	46	563	0.0198399	3.92006	7.80517e-07	3.93407e-05
653	51	37	74	91	20	411	0.06942	2.66758	1.87257e-06	2.69745e-05
654	45	37	124	140	43	400	0.0539769	2.9192	1.57375e-06	2.91559e-05
655	49	38	76	92	28	237	0.167552	1.78646	2.98004e-06	1.77857e-05
656	48	38	117	141	39	449	0.0417782	3.17538	1.32921e-06	3.18159e-05
657	47	40	87	96	27	353	0.0904299	2.40318	2.18614e-06	2.4175e-05
658	46	39	167	194	46	990	0.00189731	6.26732	1.20579e-07	6.35527e-05
659	46	38	119	145	35	642	0.0152253	4.1848	6.43974e-07	4.22964e-05
660	45	33	137	166	39	694	0.0102356	4.58188	4.73344e-07	4.62447e-05
661	44	35	118	140	39	457	0.0403606	3.2099	1.29899e-06	3.21845e-05
662	43	36	93	105	26	464	0.048519	3.0258	1.48375e-06	3.05808e-05
663	42	29	79	96	26	341	0.0961371	2.34198	2.26282e-06	2.35374e-05
664	41	31	107	122	30	609	0.0208154	3.87206	8.16896e-07	3.92447e-05
665	45	37	145	164	40	514	0.0259568	3.65132	9.49186e-07	3.65679e-05
666	39	28	118	128	30	573	0.0240856	3.72614	9.0732e-07	3.76706e-05
667	38	31	66	79	30	141	0.296645	1.21522	3.54524e-06	1.19511e-05
668	37	27	139	164	35	705	0.00979954	4.62542	4.57798e-07	4.67163e-05
669	44	30	131	158	44	527	0.0252245	3.67994	9.31286e-07	3.69199e-05
670	46	35	91	114	31	362	0.077141	2.56212	1.98015e-06	2.56692e-05
671	50	37	144	163	43	644	0.0134599	4.30804	5.84412e-07	4.34187e-05
672	29	22	112	124	33	492	0.0373314	3.28792	1.2372e-06	3.3141e-05
673	43	33	90	105	33	209	0.17812	1.7253	3.0337e-06	1.70318e-05
674	54	39	153	179	38	885	0.00356133	5.63762	2.03448e-07	5.7127e-05
675	43	31	141	156	36	708	0.010148	4.59048	4.71111e-07	4.64241e-05
676	40	31	89	104	29	487	0.0434207	3.13682	1.37845e-06	3.17464e-05
677	46	35	126	148	49	488	0.0327701	3.41824	1.12346e-06	3.42832e-05
678	52	41	166	188	46	721	0.00776802	4.85774	3.80021e-07	4.89212e-05
679	58	45	173	204	46	949	0.00219621	6.12102	1.36031e-07	6.19387e-05
680	46	36	92	104	36	477	0.0456926	3.08582	1.4263e-06	3.12151e-05
681	48	37	124	138	36	375	0.0620919	2.77914	1.72086e-06	2.77147e-05
682	38	31	120	143	34	396	0.0540611	2.91764	1.57387e-06	2.91128e-05
683	53	41	70	80	23	220	0.19703	1.6244	3.19289e-06	1.62051e-05
684	51	42	152	173	47	476	0.0297764	3.51404	1.04387e-06	3.50568e-05
685	41	31	91	105	35	275	0.127212	2.0619	2.61276e-06	2.05386e-05
686	45	39	145	164	37	709	0.00960165	4.64582	4.50594e-07	4.69288e-05
687	56	45	105	113	39	257	0.13261	2.02034	2.65669e-06	2.00338e-05
688	44	40	101	119	33	290	0.107925	2.22632	2.38793e-06	2.21259e-05
689	52	43	78	89	29	224	0.182443	1.70132	3.08796e-06	1.69257e-05
690	50	41	146	176	31	672	0.010754	4.53248	4.90814e-07	4.56403e-05
691	49	40	139	165	45	454	0.0350283	3.3516	1.17122e-06	3.34363e-05
692	48	39	181	201	53	766	0.00569094	5.16888	2.96191e-07	5.2046e-05
693	47	36	147	184	39	839	0.00436377	5.43442	2.39855e-07	5.49651e-05
694	47	38	115	137	30	646	0.0156864	4.15496	6.59729e-07	4.20574e-05
695	46	43	159	187	50	844	0.0041745	5.47876	2.31268e-07	5.54001e-05
696	45	38	126	140	34	520	0.0292698	3.5312	1.04001e-06	3.55319e-05
697	44	36	126	147	37	621	0.0167349	4.09026	6.91042e-07	4.12935e-05
698	43	32	112	129	39	298	0.0973035	2.32992	2.24921e-06	2.31154e-05
699	42	33	131	155	37	533	0.0249296	3.6917	9.24124e-07	3.70694e-05
700	42	26	63	73	21	256	0.171351	1.76404	3.03682e-06	1.77228e-05
701	41	34	73	86	23	302	0.124895	2.08028	2.6104e-06	2.09007e-05
702	40	31	121	151	36	827	0.00570747	5.16598	2.99441e-07	5.24647e-05
703	38	27	106	128	38	344	0.0774409	2.55824	1.97498e-06	2.55031e-05
704	47	35	98	115	39	311	0.0994301	2.3083	2.28847e-06	2.30159e-05
705	37	28	75	91	21	527	0.0384199	3.25918	1.27316e-06	3.31379e-05
706	34	24	74	85	27	236	0.175977	1.7374	3.051e-06	1.73375e-05
707	32	25	122	149	37	451	0.0393279	3.23582	1.27319e-06	3.23738e-05
708	40	31	169	186	40	771	0.00609565	5.10018	3.13712e-07	5.1465e-05
709	44	37	67	78	18	354	0.100737	2.29524	2.33832e-06	2.32121e-05
710	43	35	61	70	20	152	0.296769	1.2148	3.56942e-06	1.20276e-05
711	43	39	85	105	28	636	0.0201813	3.903	8.01595e-07	3.97197e-05
712	37	27	158	183	37	880	0.00356269	5.63724	2.03384e-07	5.70871e-05
713	39	31	79	93	27	244	0.160664	1.82844	2.92635e-06	1.82141e-05
714	46	34	83	95	27	320	0.107679	2.2286	2.40826e-06	2.23651e-05
715	34	26	104	124	30	595	0.022077	3.81322	8.52475e-07	3.86138e-05
716	46	35	136	163	33	773	0.00697139	4.96594	3.50472e-07	5.02729e-05
717	48	35	106	124	32	595	0.022077	3.81322	8.52475e-07	3.86138e-05
718	38	32	110	126	39	394	0.0607687	2.80068	1.70437e-06	2.80469e-05
719	45	37	154	173	46	606	0.0153439	4.17704	6.43892e-07	4.19642e-05
720	48	35	82	94	33	192	0.208145	1.56952	3.22784e-06	1.55076e-05
721	41	34	104	120	37	326	0.0892602	2.4162	2.15074e-06	2.40951e-05
722	34	28	95	108	27	311	0.103899	2.26434	2.35027e-06	2.26208e-05
723	55	45	188	217	56	735	0.00602848	5.11126	3.09273e-07	5.1302e-05
724	53	42	163	194	60	570	0.0161583	4.12532	6.66317e-07	4.12368e-05
725	52	42	136	163	39	647	0.0132555	4.32334	5.77652e-07	4.35781e-05
726	51	46	209	255	51	1054	0.000933285	6.9768	6.57e-08	7.03965e-05
727	50	41	188	218	50	796	0.00438906	5.42864	2.39641e-07	5.45996e-05
728	35	30	115	134	29	720	0.0109598	4.51352	5.02177e-07	4.58199e-05
729	48	35	118	128	32	431	0.0496906	3.00194	1.49696e-06	3.01257e-05
730	47	37	101	121	25	610	0.02084	3.87088	8.17792e-07	3.92414e-05
731	46	35	133	139	37	573	0.022478	3.79522	8.60716e-07	3.82915e-05
732	45	35	148	178	41	543	0.0205039	3.88714	7.97581e-07	3.8899e-05
733	44	33	56	65	16	295	0.147681	1.9127	2.85665e-06	1.93434e-05
734	43	34	203	250	45	1078	0.000852106	7.0678	6.08314e-08	7.13895e-05
735	43	34	107	121	39	237	0.139655	1.96858	2.71248e-06	1.94227e-05
736	42	35	112	145	37	657	0.014104	4.2613	6.07788e-07	4.30934e-05
737	41	33	98	121	35	373	0.0697959	2.66218	1.85998e-06	2.66488e-05
738	40	32	53	61	18	162	0.298412	1.20928	3.59613e-06	1.20509e-05
739	50	44	211	250	57	1196	0.000466805	7.6696	3.62517e-08	7.76592e-05
740	38	30	110	126	29	517	0.0324524	3.42798	1.12228e-06	3.45823e-05
741	36	30	74	80	22	220	0.19703	1.6244	3.19289e-06	1.62051e-05
742	35	24	64	74	18	394	0.0842371	2.47412	2.11533e-06	2.51116e-05
743	50	41	159	193	46	719	0.00760507	4.87894	3.73387e-07	4.90972e-05
744	40	30	82	91	27	287	0.130657	2.03518	2.66357e-06	2.0386e-05
745	49	34	98	111	30	415	0.0599898	2.81358	1.69867e-06	2.8316e-05
746	55	48	167	200	58	496	0.0226952	3.7856	8.5433e-07	3.76436e-05
747	43	38	107	127	36	386	0.0629031	2.76616	1.74105e-06	2.76783e-05
748	42	32	220	256	45	1894	1.2787e-05	11.2671	1.47159e-09	0.000115085
749	48	41	176	211	41	1010	0.00153984	6.47608	1.00975e-07	6.5575e-05
750	40	30	71	78	23	404	0.0780629	2.55024	2.01939e-06	2.58687e-05
751	43	27	102	122	32	382	0.0662473	2.71436	1.80083e-06	2.71835e-05
752	58	49	167	195	44	679	0.00920968	4.6875	4.33635e-07	4.70847e-05
753	48	42	161	184	46	541	0.0199481	3.91462	7.80599e-07	3.91314e-05
754	38	29	128	154	29	1030	0.00198901	6.22012	1.26143e-07	6.34201e-05
755	40	28	116	140	32	602	0.0192663	3.9494	7.68509e-07	3.98889e-05
756	52	37	66	85	24	179	0.235346	1.4467	3.36753e-06	1.43089e-05
757	60	46	148	169	44	579	0.018057	4.01422	7.27766e-07	4.03038e-05
758	58	46	122	140	50	309	0.0858546	2.4551	2.08805e-06	2.43208e-05
759	56	43	146	167	43	742	0.00796292	4.83296	3.89001e-07	4.88516e-05
760	54	43	124	140	39	544	0.0258977	3.6536	9.53221e-07	3.68071e-05
761	52	42	131	151	33	622	0.0162367	4.12048	6.75e-07	4.15724e-05
762	46	38	148	164	44	528	0.0241681	3.72272	9.01755e-07	3.73117e-05
763	50	37	186	210	61	579	0.013958	4.2717	5.94865e-07	4.26181e-05
764	49	43	157	187	50	645	0.0115178	4.46386	5.16305e-07	4.48266e-05
765	48	33	125	145	37	746	0.00895807	4.7152	4.28395e-07	4.78223e-05
766	47	36	90	104	32	267	0.133344	2.01482	2.6745e-06	2.00571e-05
767	46	38	218	249	63	857	0.00264676	5.93442	1.57722e-07	5.95906e-05
768	45	30	131	148	36	1119	0.00131182	6.63634	8.89549e-08	6.78103e-05
769	44	32	73	84	31	162	0.258278	1.35372	3.44779e-06	1.33492e-05
770	44	36	103	121	45	314	0.0942994	2.36128	2.21736e-06	2.3514e-05
771	43	29	82	100	23	384	0.0752906	2.5864	1.96116e-06	2.60479e-05
772	42	32	107	122	37	316	0.0927581	2.37776	2.19621e-06	2.36767e-05
773	41	34	196	223	49	944	0.00199954	6.21484	1.25462e-07	6.27456e-05
774	40	36	60	74	24	261	0.165991	1.79582	2.99529e-06	1.80449e-05
775	39	26	75	89	23	274	0.141378	1.95632	2.76851e-06	1.95823e-05
776	38	27	47	55	21	85	0.458911	0.7789	3.49733e-06	7.62094e-06
777	37	29	179	212	42	1106	0.000937813	6.97196	6.63336e-08	7.07322e-05
778	41	34	119	145	31	638	0.015539	4.1644	6.53943e-07	4.20839e-05
779	50	36	99	105	31	247	0.146739	1.9191	2.79551e-06	1.90509e-05
780	31	26	83	95	24	298	0.120465	2.1164	2.55339e-06	2.11962e-05
781	45	38	155	181	42	938	0.00268391	5.92048	1.61185e-07	6.0056e-05
782	48	39	142	169	43	524	0.0239037	3.73372	8.93557e-07	3.73814e-05
783	43	37	124	147	33	920	0.00364223	5.61516	2.08264e-07	5.71803e-05
784	46	36	236	290	54	1550	5.96987e-05	9.7262	5.89383e-09	9.87263e-05
785	44	35	191	220	59	1101	0.000914896	6.9967	6.48827e-08	7.09181e-05
786	50	37	138	162	35	780	0.00676928	4.99536	3.42447e-07	5.05884e-05
787	46	39	103	112	31	486	0.0415042	3.18196	1.33415e-06	3.21449e-05
788	44	33	76	89	33	181	0.227178	1.48202	3.32611e-06	1.46409e-05
789	48	42	163	191	41	840	0.00415485	5.48348	2.30234e-07	5.54134e-05
790	38	29	121	144	29	798	0.0069146	4.97412	3.49386e-07	5.05287e-05
791	45	34	138	149	37	628	0.0159464	4.13852	6.66216e-07	4.17783e-05
792	42	34	117	133	34	567	0.0240664	3.72694	9.05715e-07	3.76341e-05
793	41	36	95	104	40	184	0.203616	1.59152	3.18599e-06	1.56471e-05
794	43	36	73	86	27	218	0.191689	1.65188	3.1509e-06	1.64375e-05
795	47	38	107	134	30	555	0.0254251	3.67202	9.42072e-07	3.70529e-05
796	44	39	116	140	38	424	0.0477584	3.0416	1.45334e-06	3.04311e-05
797	53	43	117	144	39	404	0.0515749	2.96472	1.52632e-06	2.95943e-05
798	51	44	190	221	46	1452	0.00015178	8.79308	1.36032e-08	8.96243e-05
799	50	37	130	148	35	504	0.0302022	3.49984	1.06111e-06	3.51334e-05
800	49	41	182	208	53	745	0.00606185	5.10574	3.11127e-07	5.13253e-05
801	48	36	97	110	30	409	0.0622436	2.7767	1.73913e-06	2.79407e-05
802	52	44	122	138	38	847	0.00559244	5.18634	2.95245e-07	5.27936e-05
803	46	38	137	149	42	443	0.0409657	3.19502	1.3088e-06	3.19487e-05
804	46	38	176	213	47	822	0.00396662	5.52984	2.20936e-07	5.56988e-05
805	45	33	158	175	41	652	0.0119838	4.4242	5.33533e-07	4.45212e-05
806	44	36	72	86	26	201	0.20905	1.56518	3.24744e-06	1.55343e-05
807	43	37	167	186	49	973	0.00217575	6.13038	1.35327e-07	6.21979e-05
808	42	33	103	114	46	276	0.11961	2.12352	2.52374e-06	2.10998e-05
809	41	30	84	102	35	214	0.176937	1.73196	3.03061e-06	1.71282e-05
810	40	26	113	134	29	738	0.0099985	4.60532	4.67693e-07	4.67763e-05
811	39	33	60	68	28	113	0.366653	1.00334	3.60878e-06	9.84249e-06
812	38	29	113	127	25	712	0.0119293	4.42876	5.36814e-07	4.49997e-05
813	54	42	219	258	49	1370	0.000182778	8.60724	1.59667e-08	8.7356e-05
814	35	33	105	122	31	415	0.0559856	2.88266	1.62005e-06	2.89369e-05
815	34	29	99	118	32	362	0.0752274	2.58724	1.94802e-06	2.5895e-05
816	40	24	32	37	15	178	0.319768	1.14016	3.69213e-06	1.15463e-05
817	50	41	98	107	35	317	0.101402	2.28866	2.3204e-06	2.28831e-05
818	55	46	138	153	47	327	0.0721838	2.62854	1.87757e-06	2.6011e-05
819	43	36	163	186	54	670	0.0102029	4.58508	4.7034e-07	4.60985e-05
820	50	37	128	155	46	452	0.037681	3.2786	1.23464e-06	3.27656e-05
821	59	44	135	160	53	486	0.0307028	3.4834	1.07013e-06	3.48544e-05
822	45	39	122	142	36	647	0.0151242	4.19146	6.41156e-07	4.23927e-05
823	42	33	122	148	38	541	0.0250085	3.68854	9.27798e-07	3.70993e-05
824	57	45	185	212	51	853	0.0034079	5.68166	1.95237e-07	5.72895e-05
825	48	34	105	120	38	255	0.128208	2.0541	2.60553e-06	2.03227e-05
826	38	27	84	103	26	388	0.0723934	2.62564	1.91334e-06	2.64298e-05
827	44	30	94	108	29	344	0.0878047	2.43264	2.14017e-06	2.43742e-05
828	52	39	185	214	57	854	0.00334824	5.69932	1.92375e-07	5.74555e-05
829	41	36	139	160	49	377	0.0535307	2.9275	1.55575e-06	2.90628e-05
830	45	37	98	115	30	432	0.0536432	2.9254	1.57953e-06	2.9445e-05
831	57	44	205	241	48	872	0.00257816	5.96068	1.54525e-07	5.9936e-05
832	55	39	157	180	51	441	0.0340645	3.3795	1.1443e-06	3.35923e-05
833	53	42	196	226	49	796	0.004174	5.47888	2.29784e-07	5.50512e-05
834	52	44	194	219	44	930	0.00220215	6.11832	1.3604e-07	6.17759e-05
835	50	32	102	112	31	321	0.0962833	2.34046	2.2509e-06	2.33779e-05
836	36	31	124	157	36	669	0.0123036	4.39786	5.46385e-07	4.44084e-05
837	48	41	184	219	49	1168	0.000654185	7.33212	4.86855e-08	7.44216e-05
838	47	34	72	82	23	229	0.185842	1.68286	3.12144e-06	1.67962e-05
839	47	43	169	205	52	867	0.00331566	5.7091	1.91109e-07	5.76382e-05
840	46	32	89	111	26	534	0.0326967	3.42048	1.13258e-06	3.46388e-05
841	45	35	85	99	32	208	0.185905	1.68252	3.09346e-06	1.664e-05
842	42	35	110	121	26	413	0.0569159	2.86618	1.63771e-06	2.87742e-05
843	43	35	190	220	59	790	0.00446896	5.4106	2.43083e-07	5.43937e-05
844	42	28	129	160	37	835	0.00517819	5.2633	2.76504e-07	5.33978e-05
845	41	32	64	80	22	218	0.19905	1.6142	3.20447e-06	1.60988e-05
846	41	35	170	199	38	1223	0.00056031	7.48702	4.2704e-08	7.6215e-05
847	40	37	132	152	40	415	0.046372	3.07106	1.42039e-06	3.06303e-05
848	38	34	109	135	36	409	0.0531998	2.9337	1.56152e-06	2.93519e-05
849	37	31	86	91	28	209	0.194489	1.63738	3.15881e-06	1.62416e-05
850	36	29	84	104	29	419	0.06142	2.79002	1.72795e-06	2.81334e-05
851	50	42	99	112	31	278	0.119892	2.12116	2.52891e-06	2.10932e-05
852	40	30	111	123	39	407	0.057952	2.84814	1.65559e-06	2.85683e-05
853	45	42	142	169	44	921	0.00315609	5.75842	1.84554e-07	5.84753e-05
854	47	38	142	166	39	804	0.00584084	5.14288	3.04246e-07	5.20894e-05
855	43	32	91	107	32	285	0.119378	2.12546	2.52877e-06	2.11829e-05
856	46	33	163	184	43	683	0.0096691	4.63882	4.51318e-07	4.66763e-05
857	44	34	140	167	47	489	0.0289363	3.54266	1.0246e-06	3.54089e-05
858	38	31	87	104	35	206	0.182005	1.70372	3.0606e-06	1.6816e-05
859	44	38	77	88	31	317	0.114253	2.16934	2.49193e-06	2.18106e-05
860	44	38	80	90	26	286	0.132152	2.0238	2.67957e-06	2.02764e-05
861	48	37	100	123	32	496	0.036808	3.30204	1.2256e-06	3.32971e-05
862	38	28	68	81	25	180	0.240105	1.42668	3.39418e-06	1.41362e-05
863	46	42	139	157	51	444	0.0387603	3.25036	1.2579e-06	3.24534e-05
864	50	44	75	86	25	415	0.0701879	2.65658	1.88839e-06	2.69048e-05
865	63	46	226	266	69	1260	0.000304609	8.09648	2.49667e-08	8.19629e-05
866	60	49	164	184	44	573	0.0169444	4.07782	6.91867e-07	4.08317e-05
867	57	47	166	206	48	872	0.00321194	5.74088	1.86165e-07	5.79604e-05
868	55	49	147	171	56	584	0.0173827	4.05228	7.07169e-07	4.06823e-05
869	53	37	153	173	42	592	0.0164795	4.10564	6.79288e-07	4.12203e-05
870	42	35	89	109	28	315	0.101163	2.29102	2.3156e-06	2.28897e-05
871	51	38	77	89	33	149	0.267451	1.31882	3.46099e-06	1.29407e-05
872	50	35	187	214	44	1015	0.00147305	6.52042	9.7236e-08	6.601e-05
873	49	40	161	185	49	659	0.0108597	4.5227	4.93654e-07	4.54576e-05
874	48	33	121	144	38	582	0.0208059	3.87252	8.1251e-07	3.9052e-05
875	47	38	119	136	33	497	0.0337498	3.38878	1.15033e-06	3.40841e-05
876	37	29	79	94	31	272	0.138412	1.97752	2.73479e-06	1.97583e-05
877	45	36	111	123	39	479	0.0401417	3.21534	1.30034e-06	3.23939e-05
878	44	31	158	185	46	870	0.0037023	5.5988	2.09805e-07	5.66687e-05
879	43	35	122	140	36	507	0.0312761	3.4649	1.0897e-06	3.48412e-05
880	43	32	92	106	31	367	0.0790733	2.53738	2.01505e-06	2.54833e-05
881	42	36	128	149	28	853	0.00506187	5.28602	2.71991e-07	5.37333e-05
882	41	28	97	116	36	404	0.06149	2.78888	1.72257e-06	2.80137e-05
883	40	32	94	125	25	1060	0.00204778	6.191	1.29782e-07	6.33771e-05
884	39	34	97	109	34	324	0.0966248	2.33692	2.25792e-06	2.33679e-05
885	37	26	66	83	23	308	0.123435	2.09204	2.59833e-06	2.10502e-05
886	43	34	82	98	28	240	0.158906	1.83944	2.90542e-06	1.82838e-05
887	50	40	143	169	45	624	0.0143541	4.24372	6.12845e-07	4.26948e-05
888	33	24	119	139	29	771	0.00818854	4.80502	3.99698e-07	4.88119e-05
889	38	25	104	120	20	530	0.0315368	3.4566	1.10172e-06	3.49343e-05
890	55	44	104	115	35	350	0.0814961	2.5072	2.04458e-06	2.50881e-05
891	43	36	98	109	26	602	0.023407	3.75472	8.92719e-07	3.8139e-05
892	44	33	122	149	47	505	0.0298605	3.51122	1.05237e-06	3.5243e-05
893	62	48	138	156	38	515	0.0271554	3.60618	9.82195e-07	3.61694e-05
894	49	37	178	210	51	1010	0.00154954	6.4698	1.01523e-07	6.55185e-05
895	43	34	129	142	37	549	0.0249306	3.69166	9.27061e-07	3.71857e-05
896	42	33	104	132	42	314	0.0880051	2.43036	2.124e-06	2.41349e-05
897	48	36	126	145	31	755	0.00855619	4.7611	4.13268e-07	4.83005e-05
898	38	29	129	161	35	672	0.0118162	4.43828	5.29292e-07	4.47936e-05
899	43	34	117	126	43	228	0.141695	1.95408	2.72433e-06	1.92268e-05
900	52	44	160	188	57	455	0.030163	3.50114	1.0493e-06	3.47878e-05
901	41	33	130	152	34	829	0.00561418	5.18246	2.9546e-07	5.26275e-05
902	50	39	106	124	42	303	0.0978793	2.32402	2.2609e-06	2.30989e-05
903	57	44	186	219	54	953	0.00195841	6.23562	1.23376e-07	6.2998e-05
904	44	31	101	118	30	505	0.0362781	3.31654	1.21507e-06	3.34931e-05
905	54	44	96	114	29	417	0.0582728	2.84262	1.66611e-06	2.85916e-05
906	52	46	175	206	48	766	0.00551502	5.20028	2.88591e-07	5.23282e-05
907	51	37	107	117	34	379	0.0694145	2.66766	1.85627e-06	2.67419e-05
908	50	40	91	105	31	245	0.148243	1.9089	2.80842e-06	1.89446e-05
909	49	44	179	200	44	869	0.0033867	5.6879	1.94607e-07	5.74623e-05
910	49	39	158	169	45	523	0.024026	3.72862	8.96849e-07	3.73283e-05
911	47	35	118	145	34	787	0.00726781	4.9243	3.63396e-07	5.00007e-05
912	46	30	102	116	40	292	0.108861	2.21768	2.40179e-06	2.20628e-05
913	45	38	183	216	45	959	0.00193552	6.24738	1.22223e-07	6.31474e-05
914	44	32	121	142	37	418	0.0486278	3.02356	1.46979e-06	3.02252e-05
915	44	35	164	196	42	1205	0.000625862	7.37638	4.69955e-08	7.50892e-05
916	34	27	107	123	26	498	0.0364345	3.31224	1.21703e-06	3.34034e-05
917	42	33	113	132	35	629	0.0176528	4.03686	7.21504e-07	4.08719e-05
918	41	34	122	141	33	554	0.024456	3.71088	9.1453e-07	3.73949e-05
919	40	32	134	154	33	552	0.0227698	3.78232	8.65764e-07	3.80225e-05
920	39	31	84	100	33	252	0.147607	1.9132	2.80961e-06	1.90343e-05
921	37	29	75	88	25	249	0.161615	1.82254	2.94099e-06	1.81976e-05
922	36	29	117	142	36	523	0.0284656	3.55906	1.01919e-06	3.58042e-05
923	35	29	145	164	34	649	0.0130389	4.33982	5.70332e-07	4.37409e-05
924	33	27	121	142	34	626	0.0168339	4.08436	6.94852e-07	4.12769e-05
925	48	38	175	206	46	823	0.0041238	5.49098	2.28281e-07	5.53568e-05
926	40	31	72	76	19	213	0.209385	1.56358	3.26796e-06	1.56074e-05
927	43	31	94	111	35	305	0.105128	2.25258	2.36236e-06	2.24713e-05
928	34	26	136	153	34	698	0.0108821	4.52064	4.97565e-07	4.57235e-05
929	46	36	151	178	46	612	0.0144214	4.23904	6.13851e-07	4.25652e-05
930	36	27	91	108	31	333	0.0928714	2.37654	2.20938e-06	2.37897e-05
931	57	39	130	144	42	428	0.0456332	3.08712	1.40867e-06	3.08695e-05
932	53	43	194	229	55	1006	0.00140359	6.56872	9.31684e-08	6.63785e-05
933	48	34	101	109	33	241	0.147545	1.91362	2.79715e-06	1.89579e-05
934	38	32	105	116	32	422	0.0560966	2.88068	1.62513e-06	2.89701e-05
935	46	39	112	134	30	419	0.0508731	2.97842	1.51738e-06	2.98268e-05
936	50	37	188	218	54	1063	0.00112459	6.79034	7.7356e-08	6.87862e-05
937	42	32	70	83	24	354	0.0976232	2.32664	2.29359e-06	2.34943e-05
938	41	34	84	102	29	312	0.107339	2.23176	2.39745e-06	2.23352e-05
939	58	44	195	232	55	1157	0.000637689	7.35766	4.75531e-08	7.4571e-05
940	56	45	203	230	52	775	0.0045306	5.3969	2.45383e-07	5.41612e-05
941	54	45	130	142	48	382	0.058428	2.83996	1.65424e-06	2.83124e-05
942	53	46	216	259	55	1070	0.000838815	7.08352	5.99522e-08	7.14725e-05
943	51	36	131	145	39	475	0.0356823	3.3331	1.19262e-06	3.34232e-05
944	36	28	105	121	34	327	0.0882501	2.42758	2.13607e-06	2.42047e-05
945	49	36	78	91	21	378	0.0821441	2.49928	2.07176e-06	2.52211e-05
946	48	36	134	160	36	625	0.0151115	4.1923	6.38307e-07	4.22399e-05
947	47	36	122	148	37	405	0.0500396	2.99494	1.49484e-06	2.98732e-05
948	46	37	84	97	34	195	0.201159	1.60366	3.18563e-06	1.58364e-05
949	45	37	138	164	44	798	0.00609845	5.09972	3.15032e-07	5.16577e-05
950	42	29	90	101	25	330	0.0985413	2.31728	2.28962e-06	2.32352e-05
951	44	31	113	132	42	376	0.0641482	2.74656	1.75953e-06	2.74292e-05
952	43	36	91	105	31	282	0.122751	2.0976	2.56679e-06	2.09106e-05
953	42	35	68	73	36	74	0.43351	0.83584	3.49085e-06	8.05253e-06
954	41	31	74	81	18	281	0.143448	1.94178	2.79763e-06	1.95027e-05
955	40	28	50	58	21	197	0.254376	1.36894	3.49544e-06	1.37412e-05
956	39	34	183	213	52	817	0.00406907	5.50434	2.25562e-07	5.54332e-05
957	38	33	66	79	33	155	0.276203	1.28662	3.5064e-06	1.2695e-05
958	37	30	145	173	34	695	0.00974559	4.63094	4.55051e-07	4.6693e-05
959	35	27	182	213	31	1387	0.000222332	8.41134	1.90581e-08	8.57191e-05
960	41	31	97	113	30	379	0.0711802	2.64254	1.88742e-06	2.65161e-05
961	53	45	87	99	31	251	0.149297	1.90182	2.8254e-06	1.89247e-05
962	29	28	83	95	25	249	0.154664	1.8665	2.87562e-06	1.85927e-05
963	43	37	123	138	51	366	0.0650083	2.73324	1.7706e-06	2.72365e-05
964	40	30	111	126	36	402	0.0583393	2.84148	1.66103e-06	2.84719e-05
965	63	44	130	155	49	514	0.0274662	3.5948	9.90426e-07	3.60598e-05
966	36	31	105	123	28	379	0.0668476	2.70534	1.81027e-06	2.70805e-05
967	43	32	190	219	55	745	0.00565724	5.17482	2.93872e-07	5.19463e-05
968	48	40	115	136	43	398	0.0559174	2.88388	1.61176e-06	2.88239e-05
969	48	33	191	223	40	1657	5.26871e-05	9.85114	5.30188e-09	0.00010063
970	38	32	117	132	26	799	0.00741789	4.90386	3.70186e-07	4.99045e-05
971	35	29	151	171	30	1123	0.00111246	6.80118	7.71171e-08	6.93211e-05
972	52	41	126	141	49	416	0.0494358	3.00708	1.48617e-06	3.00625e-05
973	42	31	180	218	47	922	0.00230831	6.07124	1.41486e-07	6.12944e-05
974	62	52	174	194	55	382	0.04215	3.16652	1.31709e-06	3.12477e-05
975	59	46	165	188	53	571	0.0166934	4.09274	6.83616e-07	4.09512e-05
976	56	46	187	217	47	1076	0.00105907	6.85036	7.35214e-08	6.94205e-05
977	49	37	131	149	46	451	0.0393279	3.23582	1.27319e-06	3.23738e-05
978	40	29	89	115	28	558	0.0282122	3.568	1.01958e-06	3.61398e-05
979	52	36	82	97	36	178	0.219378	1.51696	3.276e-06	1.49331e-05
980	50	35	156	190	38	751	0.00658277	5.0233	3.33273e-07	5.06281e-05
981	49	40	139	161	35	1199	0.000803945	7.12598	5.8523e-08	7.27948e-05
982	48	33	162	191	47	742	0.00684881	4.98368	3.43854e-07	5.02063e-05
983	47	37	78	88	27	306	0.120846	2.11324	2.56509e-06	2.12261e-05
984	57	46	171	197	51	781	0.00540592	5.22026	2.84445e-07	5.26172e-05
985	46	40	116	134	35	401	0.0557644	2.88662	1.60994e-06	2.88704e-05
986	45	33	93	105	29	397	0.0682826	2.6841	1.84506e-06	2.70209e-05
987	44	33	151	181	42	896	0.00332502	5.70628	1.92267e-07	5.78244e-05
988	43	31	85	97	33	233	0.165719	1.79746	2.95899e-06	1.78555e-05
989	42	29	93	105	22	475	0.045872	3.0819	1.42961e-06	3.11653e-05
990	38	30	145	171	40	821	0.00519022	5.26098	2.76508e-07	5.32749e-05
991	40	31	106	126	36	288	0.104342	2.26008	2.3388e-06	2.24148e-05
992	39	35	170	188	42	734	0.0072697	4.92404	3.60664e-07	4.96119e-05
993	38	27	130	152	32	889	0.00413421	5.48846	2.30753e-07	5.58155e-05
994	37	29	66	74	26	199	0.227724	1.47962	3.35908e-06	1.47506e-05
995	51	41	153	180	52	588	0.0160958	4.1292	6.66411e-07	4.14029e-05
996	34	27	49	64	14	253	0.18411	1.69222	3.14007e-06	1.70553e-05
997	32	21	46	57	16	163	0.304446	1.18926	3.61628e-06	1.18782e-05
998	46	37	131	151	47	476	0.034188	3.37588	1.15607e-06	3.3815e-05
999	43	35	96	112	34	323	0.0953062	2.35066	2.23819e-06	2.34842e-05
1000	43	35	87	96	35	188	0.209783	1.56168	3.23234e-06	1.5408e-05