Hist	Tr_Tot	Tr_in	DSBs	DSBt	RIFs	NComb	PSurv	lPSurv	PMut*	PMut
1	291	232	81	81	68	16	0.554172	0.59028	3.00494e-06	5.42239e-06
2	252	198	60	63	47	22	0.601794	0.50784	2.84355e-06	4.72513e-06
3	313	247	83	86	59	40	0.475171	0.74408	3.31661e-06	6.97982e-06
4	264	202	49	50	40	12	0.687152	0.3752	2.37753e-06	3.45998e-06
5	267	217	77	78	58	26	0.536633	0.62244	3.10409e-06	5.78438e-06
6	282	217	61	62	52	16	0.624403	0.47096	2.71608e-06	4.34988e-06
7	266	206	64	65	51	17	0.609632	0.4949	2.78746e-06	4.57236e-06
8	242	189	63	65	45	32	0.564734	0.5714	3.03226e-06	5.36936e-06
9	232	186	62	65	44	39	0.544929	0.6071	3.12859e-06	5.74129e-06
10	302	236	81	83	65	22	0.530763	0.63344	3.10713e-06	5.85408e-06
11	278	221	69	72	59	15	0.589394	0.52866	2.86518e-06	4.86123e-06
12	262	202	69	70	55	20	0.581817	0.5416	2.91723e-06	5.014e-06
13	265	224	61	62	45	20	0.611794	0.49136	2.79126e-06	4.56242e-06
14	258	201	57	58	49	13	0.650158	0.43054	2.57768e-06	3.96469e-06
15	274	212	49	51	45	6	0.704068	0.35088	2.25135e-06	3.19763e-06
16	274	202	56	58	44	18	0.633788	0.45604	2.68115e-06	4.23036e-06
17	283	230	69	69	51	23	0.576592	0.55062	2.95039e-06	5.11695e-06
18	265	208	49	51	37	20	0.65555	0.42228	2.58385e-06	3.94149e-06
19	296	228	63	64	47	21	0.601084	0.50902	2.84219e-06	4.72844e-06
20	256	191	44	44	33	14	0.706297	0.34772	2.27961e-06	3.22756e-06
21	270	218	75	75	55	25	0.549635	0.5985	3.05702e-06	5.5619e-06
22	267	201	83	84	64	29	0.508943	0.67542	3.19741e-06	6.28246e-06
23	280	226	75	78	58	26	0.536633	0.62244	3.10409e-06	5.78438e-06
24	275	233	68	71	56	16	0.59009	0.52748	2.86661e-06	4.85791e-06
25	282	214	61	62	53	13	0.634029	0.45566	2.65689e-06	4.19048e-06
26	285	233	86	89	65	36	0.475913	0.74252	3.30123e-06	6.93663e-06
27	243	195	71	74	54	28	0.5447	0.60752	3.08565e-06	5.66485e-06
28	299	230	70	70	56	15	0.596844	0.5161	2.83401e-06	4.74833e-06
29	258	215	64	64	54	12	0.629317	0.46312	2.67475e-06	4.25024e-06
30	278	226	74	76	63	15	0.574773	0.55378	2.92388e-06	5.08702e-06
31	268	207	66	67	53	18	0.59896	0.51256	2.83811e-06	4.73839e-06
32	274	216	78	80	57	38	0.498476	0.6962	3.25748e-06	6.53487e-06
33	269	210	61	61	43	23	0.6063	0.50038	2.82861e-06	4.66537e-06
34	244	194	49	49	41	10	0.69857	0.35872	2.30337e-06	3.29726e-06
35	274	212	59	62	48	16	0.624403	0.47096	2.71608e-06	4.34988e-06
36	257	204	49	52	38	30	0.619056	0.47956	2.80387e-06	4.52927e-06
37	278	222	68	72	54	27	0.554405	0.58986	3.04857e-06	5.49882e-06
38	260	206	80	85	62	29	0.505756	0.6817	3.20594e-06	6.33891e-06
39	288	218	75	78	56	30	0.525797	0.64284	3.15316e-06	5.99691e-06
40	269	210	70	72	50	33	0.537697	0.62046	3.12812e-06	5.81762e-06
41	283	222	68	69	51	21	0.582504	0.54042	2.91874e-06	5.01068e-06
42	278	219	68	70	55	22	0.575912	0.5518	2.94882e-06	5.12026e-06
43	316	252	80	82	61	29	0.515375	0.66286	3.17964e-06	6.16957e-06
44	288	222	81	82	59	31	0.510145	0.67306	3.20159e-06	6.27583e-06
45	249	184	45	45	34	13	0.705464	0.3489	2.27926e-06	3.23087e-06
46	259	205	49	49	38	16	0.677517	0.38932	2.44995e-06	3.61606e-06
47	261	210	60	61	49	16	0.628336	0.46468	2.69772e-06	4.29343e-06
48	267	197	63	64	49	22	0.598027	0.51412	2.85951e-06	4.78158e-06
49	271	209	59	61	48	18	0.62196	0.47488	2.73644e-06	4.3997e-06
50	262	209	62	63	49	21	0.604871	0.50274	2.82596e-06	4.672e-06
51	279	230	79	79	56	30	0.522505	0.64912	3.16291e-06	6.05336e-06
52	289	214	62	65	47	26	0.582282	0.5408	2.94085e-06	5.05056e-06
53	290	216	75	76	61	16	0.571849	0.55888	2.93939e-06	5.14015e-06
54	251	186	59	60	47	16	0.632295	0.4584	2.67902e-06	4.23699e-06
55	310	235	79	82	66	20	0.539582	0.61696	3.07096e-06	5.69137e-06
56	263	206	81	84	58	40	0.481177	0.73152	3.30421e-06	6.86693e-06
57	265	216	40	40	38	2	0.769973	0.2614	1.82035e-06	2.36417e-06
58	272	212	65	66	55	14	0.615156	0.48588	2.74938e-06	4.46941e-06
59	270	209	70	71	52	27	0.557898	0.58358	3.03629e-06	5.44238e-06
60	251	181	60	61	52	10	0.64786	0.43408	2.57501e-06	3.97464e-06
61	267	207	68	70	50	29	0.555715	0.5875	3.05209e-06	5.49219e-06
62	267	220	67	69	52	22	0.57954	0.54552	2.93468e-06	5.06381e-06
63	283	219	71	71	58	16	0.59009	0.52748	2.86661e-06	4.85791e-06
64	266	211	65	67	50	21	0.589866	0.52786	2.88904e-06	4.89779e-06
65	264	205	66	68	49	31	0.557028	0.58514	3.05561e-06	5.48557e-06
66	292	243	65	68	54	18	0.595211	0.51884	2.85394e-06	4.79483e-06
67	273	201	64	64	48	27	0.58297	0.53962	2.94239e-06	5.04724e-06
68	278	218	61	61	51	13	0.638024	0.44938	2.63761e-06	4.13404e-06
69	282	227	62	62	47	16	0.624403	0.47096	2.71608e-06	4.34988e-06
70	248	191	59	61	48	17	0.62514	0.46978	2.71721e-06	4.34657e-06
71	295	228	80	83	59	30	0.509544	0.67424	3.1995e-06	6.27915e-06
72	255	195	57	60	47	15	0.635527	0.4533	2.65895e-06	4.18385e-06
73	274	199	51	53	45	9	0.684724	0.37874	2.37594e-06	3.46992e-06
74	266	196	59	60	46	19	0.622694	0.4737	2.7376e-06	4.39639e-06
75	268	214	72	74	52	32	0.533701	0.62792	3.13676e-06	5.87738e-06
76	274	226	67	69	54	19	0.588475	0.53022	2.88613e-06	4.90442e-06
77	288	228	76	76	58	23	0.551794	0.59458	3.04153e-06	5.51208e-06
78	284	217	68	69	57	12	0.609864	0.49452	2.7642e-06	4.53248e-06
79	241	191	67	68	49	21	0.586173	0.53414	2.90404e-06	4.95423e-06
80	297	229	51	53	44	10	0.68124	0.38384	2.40005e-06	3.52305e-06
81	257	197	53	55	47	11	0.669315	0.4015	2.46916e-06	3.68908e-06
82	287	225	56	58	45	18	0.633788	0.45604	2.68115e-06	4.23036e-06
83	267	215	56	56	48	8	0.67538	0.39248	2.422e-06	3.58613e-06
84	245	181	56	57	42	23	0.621723	0.47526	2.76019e-06	4.43958e-06
85	276	219	57	57	44	18	0.637781	0.44976	2.66204e-06	4.17391e-06
86	263	208	49	49	38	14	0.684463	0.37912	2.40233e-06	3.5098e-06
87	278	221	52	53	46	7	0.691744	0.36854	2.32679e-06	3.36366e-06
88	262	216	55	58	44	24	0.614688	0.48664	2.79631e-06	4.54916e-06
89	268	198	67	69	48	30	0.556371	0.58632	3.05385e-06	5.48888e-06
90	268	210	72	74	54	33	0.530986	0.63302	3.14902e-06	5.93052e-06
91	294	239	79	81	62	25	0.529311	0.63618	3.12324e-06	5.90059e-06
92	269	201	62	64	48	32	0.568292	0.56512	3.01928e-06	5.31291e-06
93	301	233	76	77	60	23	0.54834	0.60086	3.05345e-06	5.56853e-06
94	277	214	59	59	50	10	0.656049	0.42152	2.53349e-06	3.86174e-06
95	268	223	81	83	55	38	0.489173	0.71504	3.27952e-06	6.70421e-06
96	287	222	60	63	48	20	0.607964	0.49764	2.8081e-06	4.61886e-06
97	271	214	57	57	46	15	0.647614	0.43446	2.59985e-06	4.01451e-06
98	272	216	55	58	46	14	0.646851	0.43564	2.59893e-06	4.01783e-06
99	261	205	67	68	57	11	0.616843	0.48314	2.72824e-06	4.4229e-06
100	271	204	56	58	40	30	0.596164	0.51724	2.9021e-06	4.86796e-06
101	270	214	66	67	54	18	0.59896	0.51256	2.83811e-06	4.73839e-06
102	267	206	50	50	44	6	0.708504	0.3446	2.22554e-06	3.14118e-06
103	278	228	78	79	62	20	0.549844	0.59812	3.03625e-06	5.52202e-06
104	273	209	64	67	53	18	0.59896	0.51256	2.83811e-06	4.73839e-06
105	289	225	62	62	54	9	0.647096	0.43526	2.57412e-06	3.97795e-06
106	250	200	56	56	47	10	0.668526	0.40268	2.46846e-06	3.6924e-06
107	308	246	79	83	62	25	0.522704	0.64874	3.14327e-06	6.01348e-06
108	262	207	44	46	36	13	0.701047	0.35518	2.30457e-06	3.28732e-06
109	267	210	76	77	54	34	0.518425	0.65696	3.18987e-06	6.15299e-06
110	271	218	58	59	46	15	0.639531	0.44702	2.6396e-06	4.12741e-06
111	268	212	56	57	49	9	0.667738	0.40386	2.46777e-06	3.69571e-06
112	280	217	62	63	51	12	0.633282	0.45684	2.65585e-06	4.1938e-06
113	230	183	42	42	36	6	0.745008	0.29436	2.00377e-06	2.6896e-06
114	270	211	62	64	47	23	0.594984	0.51922	2.87658e-06	4.83471e-06
115	280	226	74	76	61	16	0.571849	0.55888	2.93939e-06	5.14015e-06
116	271	212	61	62	47	20	0.611794	0.49136	2.79126e-06	4.56242e-06
117	264	211	55	56	46	12	0.661742	0.41288	2.51373e-06	3.79866e-06
118	258	201	58	59	44	20	0.623429	0.47252	2.73877e-06	4.39307e-06
119	272	212	67	68	54	19	0.592183	0.52394	2.87088e-06	4.84797e-06
120	283	229	56	58	46	17	0.637029	0.45094	2.66101e-06	4.17723e-06
121	281	223	60	61	51	11	0.644565	0.43918	2.59616e-06	4.02777e-06
122	243	191	63	67	47	31	0.560537	0.57886	3.04322e-06	5.42912e-06
123	293	225	77	79	59	39	0.499064	0.69502	3.25967e-06	6.53156e-06
124	254	187	57	59	49	13	0.646088	0.43682	2.59801e-06	4.02114e-06
125	278	219	56	60	45	20	0.619526	0.4788	2.7566e-06	4.44952e-06
126	265	224	82	82	63	26	0.523321	0.64756	3.14525e-06	6.01017e-06
127	256	203	64	64	54	11	0.632535	0.45802	2.65482e-06	4.19711e-06
128	274	203	55	55	44	12	0.665911	0.4066	2.49198e-06	3.74222e-06
129	279	201	81	83	62	26	0.520045	0.65384	3.15491e-06	6.06661e-06
130	283	231	72	74	60	18	0.5732	0.55652	2.94254e-06	5.13352e-06
131	258	204	61	62	46	25	0.59639	0.51686	2.87942e-06	4.82808e-06
132	296	231	87	89	66	29	0.49321	0.70682	3.23778e-06	6.5647e-06
133	256	196	53	54	42	13	0.666697	0.40542	2.49271e-06	3.7389e-06
134	288	228	74	74	58	22	0.561626	0.57692	3.00248e-06	5.34605e-06
135	266	212	76	77	54	26	0.540014	0.61616	3.09316e-06	5.72793e-06
136	252	189	54	55	47	10	0.672738	0.3964	2.44604e-06	3.63595e-06
137	275	220	65	66	53	17	0.605815	0.50118	2.8042e-06	4.62881e-06
138	318	263	88	90	64	61	0.41632	0.8763	3.46437e-06	8.32141e-06
139	284	217	65	65	47	21	0.597321	0.5153	2.85812e-06	4.78489e-06
140	242	194	61	62	48	18	0.618066	0.48116	2.75419e-06	4.45615e-06
141	244	184	56	57	44	18	0.637781	0.44976	2.66204e-06	4.17391e-06
142	263	207	72	72	55	28	0.551585	0.59496	3.06237e-06	5.55196e-06
143	277	224	55	56	45	14	0.655026	0.42308	2.55783e-06	3.90493e-06
144	268	205	44	45	37	9	0.720003	0.3285	2.17321e-06	3.01834e-06
145	264	195	67	67	54	22	0.586865	0.53296	2.90552e-06	4.95092e-06
146	276	225	62	62	47	18	0.618066	0.48116	2.75419e-06	4.45615e-06
147	268	208	69	70	55	20	0.581817	0.5416	2.91723e-06	5.014e-06
148	286	228	57	61	44	29	0.588028	0.53098	2.93083e-06	4.98417e-06
149	275	213	80	83	48	61	0.43503	0.83234	3.44817e-06	7.92628e-06
150	258	209	66	68	49	23	0.580225	0.54434	2.93623e-06	5.0605e-06
151	260	190	63	65	50	18	0.606531	0.5	2.8055e-06	4.62549e-06
152	264	220	62	66	50	22	0.590562	0.52668	2.89049e-06	4.89447e-06
153	269	220	74	75	53	35	0.522307	0.6495	3.18254e-06	6.09323e-06
154	252	198	66	71	54	25	0.563617	0.57338	3.00752e-06	5.33611e-06
155	278	221	83	86	63	33	0.492441	0.70838	3.254e-06	6.60789e-06
156	265	215	57	59	46	18	0.629821	0.46232	2.69992e-06	4.28681e-06
157	288	219	64	64	51	20	0.604158	0.50392	2.82462e-06	4.67531e-06
158	248	190	48	48	35	20	0.668018	0.40344	2.51986e-06	3.77215e-06
159	305	242	68	71	56	17	0.587088	0.53258	2.88322e-06	4.91104e-06
160	261	206	47	47	41	6	0.721978	0.32576	2.1456e-06	2.97184e-06
161	285	217	64	64	50	17	0.613472	0.48862	2.77039e-06	4.51591e-06
162	270	217	73	76	57	25	0.546195	0.60478	3.06871e-06	5.61835e-06
163	279	212	58	59	49	14	0.642801	0.44192	2.61895e-06	4.07427e-06
164	279	221	79	82	58	37	0.494771	0.70366	3.26283e-06	6.59463e-06
165	232	184	55	56	40	20	0.635286	0.45368	2.68328e-06	4.22373e-06
166	290	230	81	82	57	37	0.494771	0.70366	3.26283e-06	6.59463e-06
167	251	201	65	66	45	28	0.572765	0.55728	2.98598e-06	5.21327e-06
168	275	219	62	63	48	19	0.611072	0.49254	2.78999e-06	4.56573e-06
169	258	198	60	61	45	27	0.594057	0.52078	2.89775e-06	4.8779e-06
170	263	201	55	56	41	24	0.622457	0.47408	2.76138e-06	4.43626e-06
171	272	225	76	78	60	25	0.539377	0.61734	3.0913e-06	5.73124e-06
172	288	225	60	63	45	23	0.598733	0.51294	2.8609e-06	4.77826e-06
173	280	208	68	68	58	12	0.613706	0.48824	2.74697e-06	4.47604e-06
174	252	188	65	66	54	13	0.618301	0.48078	2.73059e-06	4.41627e-06
175	292	235	85	86	64	30	0.500034	0.69308	3.22446e-06	6.44849e-06
176	253	193	55	57	47	12	0.657599	0.41916	2.53512e-06	3.85511e-06
177	262	213	75	77	59	24	0.54555	0.60596	3.0669e-06	5.62166e-06
178	264	208	61	62	45	23	0.602505	0.50666	2.84492e-06	4.72181e-06
179	285	220	83	83	67	19	0.538946	0.61814	3.06913e-06	5.69468e-06
180	273	213	46	47	39	9	0.711016	0.34106	2.22636e-06	3.13124e-06
181	269	213	67	69	58	13	0.606761	0.49962	2.78237e-06	4.58562e-06
182	282	220	59	60	43	34	0.576834	0.5502	2.99572e-06	5.19338e-06
183	263	207	73	74	49	34	0.528285	0.63812	3.16107e-06	5.98365e-06
184	294	222	72	72	50	41	0.516201	0.66126	3.22248e-06	6.24269e-06
185	255	195	58	60	43	20	0.619526	0.4788	2.7566e-06	4.44952e-06
186	295	234	48	49	39	12	0.691481	0.36892	2.35348e-06	3.40353e-06
187	266	215	72	73	58	20	0.570958	0.56044	2.95947e-06	5.18334e-06
188	258	197	70	73	58	17	0.579761	0.54514	2.91268e-06	5.02394e-06
189	274	226	68	71	47	37	0.530158	0.63458	3.16701e-06	5.97371e-06
190	243	193	51	51	44	9	0.693378	0.36618	2.32769e-06	3.35703e-06
191	284	221	90	92	64	59	0.415339	0.87866	3.45896e-06	8.32804e-06
192	240	192	44	45	36	9	0.720003	0.3285	2.17321e-06	3.01834e-06
193	297	249	64	65	51	15	0.615882	0.4847	2.75059e-06	4.46609e-06
194	300	226	71	74	49	30	0.539172	0.61772	3.11163e-06	5.77112e-06
195	279	223	68	74	57	23	0.558769	0.58202	3.0169e-06	5.39919e-06
196	283	220	60	61	53	11	0.644565	0.43918	2.59616e-06	4.02777e-06
197	267	223	71	73	55	25	0.556582	0.58594	3.03282e-06	5.449e-06
198	276	217	65	65	49	22	0.594283	0.5204	2.87515e-06	4.83802e-06
199	287	218	75	78	59	33	0.517814	0.65814	3.18782e-06	6.15631e-06
200	285	219	72	77	52	43	0.495167	0.70286	3.28355e-06	6.63119e-06
201	279	221	94	97	73	39	0.445722	0.80806	3.36414e-06	7.54761e-06
202	269	214	56	57	45	19	0.634537	0.45486	2.68221e-06	4.22704e-06
203	259	205	73	74	55	23	0.558769	0.58202	3.0169e-06	5.39919e-06
204	269	214	77	80	56	29	0.521889	0.6503	3.16091e-06	6.05667e-06
205	268	220	67	69	49	24	0.573659	0.55572	2.96586e-06	5.17008e-06
206	281	211	62	63	49	24	0.595687	0.51804	2.878e-06	4.8314e-06
207	277	214	71	72	53	24	0.562953	0.57456	3.00584e-06	5.33942e-06
208	297	243	78	82	55	43	0.47986	0.73426	3.31748e-06	6.91343e-06
209	287	212	52	52	44	11	0.682045	0.38266	2.40062e-06	3.51974e-06
210	247	200	58	61	48	16	0.628336	0.46468	2.69772e-06	4.29343e-06
211	303	246	81	81	73	9	0.574313	0.55458	2.90054e-06	5.05045e-06
212	260	205	64	65	48	25	0.585259	0.5357	2.92479e-06	4.99742e-06
213	297	228	73	77	54	33	0.521076	0.65186	3.17849e-06	6.09986e-06
214	270	214	77	79	63	19	0.552656	0.59302	3.02241e-06	5.46889e-06
215	291	226	47	49	38	15	0.680982	0.38422	2.42629e-06	3.56293e-06
216	278	221	63	64	54	14	0.622931	0.47332	2.7138e-06	4.35651e-06
217	244	172	62	64	54	11	0.632535	0.45802	2.65482e-06	4.19711e-06
218	289	229	56	57	44	15	0.647614	0.43446	2.59985e-06	4.01451e-06
219	249	197	59	61	55	7	0.657849	0.41878	2.50985e-06	3.81524e-06
220	307	244	91	94	64	43	0.445027	0.80962	3.37811e-06	7.5908e-06
221	263	206	75	77	55	28	0.534534	0.62636	3.11858e-06	5.83419e-06
222	260	222	68	70	50	27	0.561412	0.5773	3.02373e-06	5.38593e-06
223	274	215	56	57	47	15	0.647614	0.43446	2.59985e-06	4.01451e-06
224	295	238	75	78	57	27	0.533904	0.62754	3.11667e-06	5.83751e-06
225	280	222	90	92	62	45	0.446079	0.80726	3.38314e-06	7.58417e-06
226	258	210	47	47	36	13	0.696658	0.36146	2.32946e-06	3.34377e-06
227	291	227	55	55	49	7	0.68311	0.3811	2.37486e-06	3.47655e-06
228	252	203	54	54	45	9	0.680437	0.38502	2.39947e-06	3.52637e-06
229	289	222	67	69	56	18	0.591484	0.52512	2.86946e-06	4.85128e-06
230	263	210	64	64	49	25	0.588946	0.52942	2.90997e-06	4.94098e-06
231	252	189	55	56	40	19	0.638534	0.44858	2.66307e-06	4.1706e-06
232	272	213	72	75	57	25	0.549635	0.5985	3.05702e-06	5.5619e-06
233	254	187	56	58	42	21	0.624165	0.47134	2.73993e-06	4.38976e-06
234	281	223	68	71	46	30	0.549427	0.59888	3.07776e-06	5.60178e-06
235	278	211	63	64	47	28	0.580004	0.54472	2.95824e-06	5.10038e-06
236	293	248	69	69	51	26	0.567837	0.56592	2.99611e-06	5.27635e-06
237	254	209	65	65	49	23	0.59126	0.5255	2.89194e-06	4.89116e-06
238	267	204	54	55	42	22	0.632801	0.4576	2.7043e-06	4.27355e-06
239	265	208	54	55	47	10	0.672738	0.3964	2.44604e-06	3.63595e-06
240	263	201	73	74	53	37	0.520263	0.65342	3.196e-06	6.14305e-06
241	274	219	68	69	57	14	0.603675	0.50472	2.80029e-06	4.63875e-06
242	277	218	54	55	46	10	0.672738	0.3964	2.44604e-06	3.63595e-06
243	283	225	52	52	45	10	0.685532	0.37756	2.37647e-06	3.46661e-06
244	238	196	60	60	46	17	0.629078	0.4635	2.69882e-06	4.29012e-06
245	295	234	59	60	51	12	0.645326	0.438	2.59708e-06	4.02445e-06
246	256	200	73	75	54	27	0.544058	0.6087	3.08381e-06	5.66817e-06
247	324	264	88	88	67	28	0.498855	0.69544	3.22017e-06	6.45512e-06
248	289	225	79	81	58	32	0.510747	0.67188	3.20367e-06	6.27252e-06
249	271	213	57	58	45	14	0.646851	0.43564	2.59893e-06	4.01783e-06
250	252	196	71	72	56	28	0.551585	0.59496	3.06237e-06	5.55196e-06
251	269	220	85	87	69	22	0.517596	0.65856	3.14692e-06	6.07987e-06
252	284	222	73	74	59	20	0.567383	0.56672	2.97297e-06	5.23979e-06
253	283	231	75	76	53	31	0.529734	0.63538	3.14511e-06	5.93715e-06
254	267	211	55	56	48	9	0.671944	0.39758	2.44538e-06	3.63926e-06
255	258	211	42	42	38	4	0.752646	0.28416	1.94434e-06	2.58333e-06
256	279	217	73	75	55	23	0.55527	0.5883	3.02935e-06	5.45563e-06
257	268	207	61	62	46	27	0.590338	0.52706	2.91293e-06	4.93435e-06
258	279	220	77	81	53	46	0.475552	0.74328	3.33665e-06	7.01638e-06
259	276	223	66	67	55	17	0.602023	0.50746	2.82063e-06	4.68525e-06
260	233	185	54	54	38	23	0.633548	0.45642	2.7054e-06	4.27023e-06
261	286	222	90	93	65	41	0.452422	0.79314	3.36063e-06	7.42809e-06
262	245	208	68	68	55	15	0.604387	0.50354	2.8016e-06	4.63543e-06
263	301	244	76	77	61	20	0.556794	0.58556	3.01177e-06	5.40913e-06
264	259	202	60	62	52	12	0.637271	0.45056	2.63661e-06	4.13735e-06
265	270	213	52	53	45	8	0.688225	0.37364	2.35152e-06	3.41679e-06
266	269	217	59	60	46	16	0.632295	0.4584	2.67902e-06	4.23699e-06
267	300	250	84	89	62	32	0.485721	0.72212	3.26604e-06	6.7241e-06
268	277	212	49	52	42	13	0.675123	0.39286	2.448e-06	3.62601e-06
269	252	194	58	58	49	11	0.656823	0.42034	2.5343e-06	3.85843e-06
270	288	224	61	66	46	36	0.549866	0.59808	3.10033e-06	5.63834e-06
271	248	195	58	63	50	21	0.604871	0.50274	2.82596e-06	4.672e-06
272	305	232	95	98	67	47	0.425224	0.85514	3.41417e-06	8.02913e-06
273	261	203	70	71	52	27	0.557898	0.58358	3.03629e-06	5.44238e-06
274	273	222	57	58	52	7	0.67036	0.39994	2.44406e-06	3.64589e-06
275	266	215	54	55	46	12	0.665911	0.4066	2.49198e-06	3.74222e-06
276	262	204	54	54	47	8	0.683916	0.37992	2.3754e-06	3.47324e-06
277	279	223	73	73	58	17	0.579761	0.54514	2.91268e-06	5.02394e-06
278	263	204	52	54	43	12	0.670106	0.40032	2.46985e-06	3.68577e-06
279	304	230	69	70	54	19	0.584791	0.5365	2.90107e-06	4.96086e-06
280	277	224	68	70	57	19	0.584791	0.5365	2.90107e-06	4.96086e-06
281	296	227	68	68	59	11	0.616843	0.48314	2.72824e-06	4.4229e-06
282	263	202	52	54	41	21	0.640043	0.44622	2.66512e-06	4.16397e-06
283	258	192	56	56	48	10	0.668526	0.40268	2.46846e-06	3.6924e-06
284	272	208	49	51	38	15	0.672482	0.39678	2.47193e-06	3.67583e-06
285	284	208	54	56	45	17	0.645081	0.43838	2.62182e-06	4.06433e-06
286	280	236	72	74	53	35	0.525597	0.64322	3.17292e-06	6.03678e-06
287	271	212	73	74	55	22	0.561626	0.57692	3.00248e-06	5.34605e-06
288	292	235	73	74	53	29	0.541929	0.61262	3.09874e-06	5.71799e-06
289	253	188	58	58	45	17	0.637029	0.45094	2.66101e-06	4.17723e-06
290	260	200	56	57	48	10	0.664341	0.40896	2.49051e-06	3.74885e-06
291	264	208	61	62	46	17	0.621226	0.47606	2.73527e-06	4.40302e-06
292	267	222	42	43	37	7	0.736578	0.30574	2.06181e-06	2.79918e-06
293	273	221	52	52	45	13	0.675123	0.39286	2.448e-06	3.62601e-06
294	295	222	73	77	56	28	0.534534	0.62636	3.11858e-06	5.83419e-06
295	282	220	64	65	46	25	0.585259	0.5357	2.92479e-06	4.99742e-06
296	236	193	73	74	57	25	0.553098	0.59222	3.04505e-06	5.50545e-06
297	294	233	65	66	55	14	0.615156	0.48588	2.74938e-06	4.46941e-06
298	255	202	66	70	55	18	0.587781	0.5314	2.88467e-06	4.90773e-06
299	282	220	56	57	43	16	0.64432	0.43956	2.62086e-06	4.06764e-06
300	266	216	60	62	50	14	0.630804	0.46076	2.67689e-06	4.24362e-06
301	275	208	71	71	57	18	0.584102	0.53768	2.89958e-06	4.96418e-06
302	258	197	64	65	46	24	0.588252	0.5306	2.90849e-06	4.94429e-06
303	281	211	56	58	43	23	0.617831	0.48154	2.77778e-06	4.49602e-06
304	258	201	65	65	48	27	0.57932	0.5459	2.95667e-06	5.10369e-06
305	289	228	69	71	58	19	0.58113	0.54278	2.91571e-06	5.01731e-06
306	271	215	76	77	54	30	0.529109	0.63656	3.14315e-06	5.94046e-06
307	257	197	61	62	52	15	0.627595	0.46586	2.69662e-06	4.29675e-06
308	272	208	70	71	52	28	0.555059	0.58868	3.05033e-06	5.49551e-06
309	267	206	62	66	49	29	0.569851	0.56238	3.00107e-06	5.2664e-06
310	284	227	72	76	59	20	0.560302	0.57928	2.99912e-06	5.35268e-06
311	275	214	78	79	60	30	0.522505	0.64912	3.16291e-06	6.05336e-06
312	245	189	46	46	36	11	0.708235	0.34498	2.25293e-06	3.18105e-06
313	285	229	66	66	55	13	0.618301	0.48078	2.73059e-06	4.41627e-06
314	305	246	81	83	65	27	0.517399	0.65894	3.16635e-06	6.11975e-06
315	300	216	70	71	51	27	0.557898	0.58358	3.03629e-06	5.44238e-06
316	259	193	67	68	52	19	0.592183	0.52394	2.87088e-06	4.84797e-06
317	233	179	63	65	46	33	0.561861	0.5765	3.04669e-06	5.42249e-06
318	268	215	62	64	51	14	0.622931	0.47332	2.7138e-06	4.35651e-06
319	278	221	66	68	53	19	0.592183	0.52394	2.87088e-06	4.84797e-06
320	277	219	64	65	50	22	0.594283	0.5204	2.87515e-06	4.83802e-06
321	258	208	53	53	43	12	0.674327	0.39404	2.44735e-06	3.62932e-06
322	287	232	68	68	54	14	0.607478	0.49844	2.78365e-06	4.5823e-06
323	247	196	57	57	48	11	0.660961	0.41406	2.51296e-06	3.80198e-06
324	303	237	77	82	60	34	0.502399	0.68836	3.23306e-06	6.43523e-06
325	260	202	73	76	54	49	0.48327	0.72718	3.33144e-06	6.89354e-06
326	268	210	70	71	58	15	0.593107	0.52238	2.84975e-06	4.80478e-06
327	270	213	64	66	50	19	0.599667	0.51138	2.83947e-06	4.73507e-06
328	273	224	81	82	54	46	0.472574	0.74956	3.34244e-06	7.07283e-06
329	284	229	79	80	62	19	0.549196	0.5993	3.03449e-06	5.52534e-06
330	267	206	58	58	45	17	0.637029	0.45094	2.66101e-06	4.17723e-06
331	245	186	52	55	37	23	0.629581	0.4627	2.724e-06	4.32668e-06
332	259	201	64	69	52	25	0.570741	0.56082	2.9811e-06	5.22321e-06
333	306	251	56	57	47	11	0.660961	0.41406	2.51296e-06	3.80198e-06
334	262	207	68	70	50	25	0.567168	0.5671	2.99445e-06	5.27966e-06
335	263	213	49	49	40	11	0.695016	0.36382	2.32858e-06	3.3504e-06
336	271	215	66	67	53	18	0.59896	0.51256	2.83811e-06	4.73839e-06
337	337	268	84	84	69	19	0.535572	0.62442	3.08014e-06	5.75113e-06
338	279	225	58	59	44	19	0.626617	0.46742	2.71948e-06	4.33994e-06
339	275	204	54	54	46	8	0.683916	0.37992	2.3754e-06	3.47324e-06
340	291	229	75	76	58	29	0.535165	0.62518	3.12048e-06	5.83088e-06
341	252	193	50	51	43	9	0.693378	0.36618	2.32769e-06	3.35703e-06
342	290	235	71	71	55	24	0.566499	0.56828	2.9928e-06	5.28298e-06
343	263	207	57	57	49	9	0.667738	0.40386	2.46777e-06	3.69571e-06
344	271	211	58	58	52	6	0.673788	0.39484	2.42076e-06	3.59276e-06
345	272	195	67	70	55	20	0.581817	0.5416	2.91723e-06	5.014e-06
346	238	187	83	85	57	42	0.473312	0.748	3.32721e-06	7.02964e-06
347	281	214	64	67	48	22	0.586865	0.53296	2.90552e-06	4.95092e-06
348	284	219	86	88	70	23	0.511739	0.66994	3.16739e-06	6.18945e-06
349	293	227	79	80	64	24	0.535368	0.6248	3.10032e-06	5.791e-06
350	254	199	58	62	43	29	0.584347	0.53726	2.94547e-06	5.04061e-06
351	274	213	70	75	50	42	0.503989	0.6852	3.25837e-06	6.46516e-06
352	265	207	71	73	54	42	0.510359	0.67264	3.24194e-06	6.35227e-06
353	250	195	57	57	44	15	0.647614	0.43446	2.59985e-06	4.01451e-06
354	273	216	60	62	50	16	0.624403	0.47096	2.71608e-06	4.34988e-06
355	275	215	76	79	54	39	0.499064	0.69502	3.25967e-06	6.53156e-06
356	287	215	68	68	55	17	0.598254	0.51374	2.83674e-06	4.7417e-06
357	271	210	65	65	50	17	0.609632	0.4949	2.78746e-06	4.57236e-06
358	275	220	69	72	48	38	0.524159	0.64596	3.18861e-06	6.08329e-06
359	271	211	58	58	43	19	0.630564	0.46114	2.70102e-06	4.28349e-06
360	285	229	50	50	44	7	0.7049	0.3497	2.25167e-06	3.19431e-06
361	266	198	66	69	49	24	0.573659	0.55572	2.96586e-06	5.17008e-06
362	289	219	75	76	64	15	0.574773	0.55378	2.92388e-06	5.08702e-06
363	275	215	74	75	58	19	0.566714	0.5679	2.97134e-06	5.2431e-06
364	253	190	53	53	44	10	0.68124	0.38384	2.40005e-06	3.52305e-06
365	284	219	57	58	45	17	0.637029	0.45094	2.66101e-06	4.17723e-06
366	291	232	54	54	46	11	0.673532	0.39522	2.4467e-06	3.63264e-06
367	298	240	86	87	68	24	0.512343	0.66876	3.16943e-06	6.18614e-06
368	258	202	54	54	42	17	0.653234	0.42582	2.58121e-06	3.95143e-06
369	274	234	72	72	57	20	0.574555	0.55416	2.94568e-06	5.12689e-06
370	267	209	82	86	63	36	0.484964	0.72368	3.28189e-06	6.76729e-06
371	279	208	65	67	53	20	0.592882	0.52276	2.87231e-06	4.84465e-06
372	276	217	71	74	56	23	0.558769	0.58202	3.0169e-06	5.39919e-06
373	263	219	63	63	48	17	0.617337	0.48234	2.75299e-06	4.45946e-06
374	286	231	64	64	53	13	0.626116	0.46822	2.69441e-06	4.30338e-06
375	245	189	62	63	50	13	0.63006	0.46194	2.67582e-06	4.24693e-06
376	301	238	67	67	55	14	0.611305	0.49216	2.76668e-06	4.52585e-06
377	259	204	63	66	47	27	0.575693	0.55218	2.97066e-06	5.16014e-06
378	259	205	56	58	50	8	0.66695	0.40504	2.46707e-06	3.69903e-06
379	269	220	77	78	55	35	0.512559	0.66834	3.20994e-06	6.26257e-06
380	278	230	60	60	42	21	0.616375	0.4839	2.77532e-06	4.50265e-06
381	277	202	75	75	62	14	0.581351	0.5424	2.89364e-06	4.97743e-06
382	217	173	64	66	54	19	0.599667	0.51138	2.83947e-06	4.73507e-06
383	253	193	73	74	49	52	0.481948	0.72992	3.34474e-06	6.94005e-06
384	283	217	88	90	71	28	0.492628	0.708	3.23559e-06	6.56801e-06
385	301	235	87	87	63	32	0.491861	0.70956	3.25179e-06	6.6112e-06
386	261	202	37	38	27	15	0.729687	0.31514	2.14674e-06	2.94201e-06
387	268	201	87	88	62	43	0.462116	0.77194	3.35132e-06	7.25212e-06
388	270	217	44	44	36	8	0.728243	0.31712	2.11829e-06	2.90876e-06
389	269	200	49	49	37	13	0.687963	0.37402	2.37806e-06	3.45666e-06
390	279	214	48	50	38	14	0.680179	0.3854	2.42568e-06	3.56624e-06
391	280	216	59	59	46	16	0.636278	0.45212	2.65998e-06	4.18054e-06
392	289	228	89	92	71	33	0.474231	0.74606	3.29428e-06	6.94657e-06
393	250	182	44	44	36	12	0.713538	0.33752	2.22716e-06	3.12129e-06
394	284	216	89	91	64	31	0.482111	0.72958	3.27058e-06	6.78386e-06
395	262	195	65	68	40	46	0.516004	0.66164	3.24183e-06	6.28256e-06
396	275	215	70	72	55	26	0.55724	0.58476	3.03455e-06	5.44569e-06
397	271	209	64	65	51	20	0.600375	0.5102	2.84083e-06	4.73176e-06
398	282	208	77	77	64	17	0.565378	0.57026	2.96808e-06	5.24973e-06
399	280	215	62	64	52	15	0.619762	0.47842	2.73293e-06	4.40964e-06
400	289	218	55	55	37	23	0.629581	0.4627	2.724e-06	4.32668e-06
401	291	221	79	82	60	27	0.520659	0.65266	3.15691e-06	6.0633e-06
402	253	207	63	63	54	11	0.63652	0.45174	2.63561e-06	4.14066e-06
403	258	200	62	64	51	16	0.616609	0.48352	2.75179e-06	4.46278e-06
404	264	207	60	61	47	22	0.6094	0.49528	2.8107e-06	4.61223e-06
405	284	214	86	91	60	55	0.426569	0.85198	3.43775e-06	8.05906e-06
406	273	214	75	79	59	31	0.519847	0.65422	3.17444e-06	6.10649e-06
407	246	208	55	55	45	11	0.669315	0.4015	2.46916e-06	3.68908e-06
408	282	223	82	82	66	21	0.536837	0.62206	3.08386e-06	5.7445e-06
409	306	239	81	82	65	18	0.545114	0.60676	3.04452e-06	5.5851e-06
410	280	224	52	53	41	13	0.670897	0.39914	2.47055e-06	3.68245e-06
411	264	201	63	63	52	12	0.633282	0.45684	2.65585e-06	4.1938e-06
412	280	215	68	71	51	26	0.56075	0.57848	3.02202e-06	5.38924e-06
413	265	206	62	62	50	18	0.618066	0.48116	2.75419e-06	4.45615e-06
414	297	230	67	67	57	12	0.617572	0.48196	2.72941e-06	4.41959e-06
415	274	224	67	70	57	14	0.599895	0.511	2.81663e-06	4.6952e-06
416	259	207	62	66	56	10	0.627834	0.46548	2.67261e-06	4.25687e-06
417	283	216	61	61	51	12	0.641286	0.44428	2.61702e-06	4.0809e-06
418	268	215	61	63	48	21	0.604871	0.50274	2.82596e-06	4.672e-06
419	296	239	76	78	57	27	0.533904	0.62754	3.11667e-06	5.83751e-06
420	257	212	48	49	39	12	0.691481	0.36892	2.35348e-06	3.40353e-06
421	272	207	46	46	35	22	0.669596	0.40108	2.52138e-06	3.76552e-06
422	267	213	49	49	41	9	0.702142	0.35362	2.27784e-06	3.24413e-06
423	229	184	59	60	46	22	0.613239	0.489	2.79379e-06	4.55579e-06
424	275	212	56	57	53	4	0.684984	0.37836	2.34953e-06	3.43005e-06
425	268	228	71	73	56	33	0.534331	0.62674	3.1387e-06	5.87407e-06
426	285	224	77	79	53	44	0.486499	0.72052	3.30684e-06	6.79722e-06
427	243	190	56	57	47	10	0.664341	0.40896	2.49051e-06	3.74885e-06
428	299	235	63	66	49	20	0.596617	0.51648	2.85672e-06	4.78821e-06
429	258	198	60	63	42	38	0.554638	0.58944	3.09225e-06	5.57526e-06
430	264	202	59	59	39	28	0.598505	0.51332	2.88368e-06	4.81814e-06
431	268	209	60	65	45	39	0.544929	0.6071	3.12859e-06	5.74129e-06
432	283	208	60	61	45	33	0.576154	0.55138	2.9941e-06	5.1967e-06
433	277	204	60	63	46	21	0.604871	0.50274	2.82596e-06	4.672e-06
434	276	211	60	60	48	15	0.635527	0.4533	2.65895e-06	4.18385e-06
435	286	226	73	73	61	16	0.582725	0.54004	2.89661e-06	4.97081e-06
436	272	218	49	49	43	8	0.705732	0.34852	2.25199e-06	3.191e-06
437	272	213	88	89	64	51	0.440863	0.81902	3.40947e-06	7.73363e-06
438	290	234	60	61	47	18	0.62196	0.47488	2.73644e-06	4.3997e-06
439	272	213	65	65	53	15	0.615882	0.4847	2.75059e-06	4.46609e-06
440	269	208	59	61	48	16	0.628336	0.46468	2.69772e-06	4.29343e-06
441	256	211	41	44	34	12	0.713538	0.33752	2.22716e-06	3.12129e-06
442	278	216	53	53	40	15	0.664088	0.40934	2.51605e-06	3.78872e-06
443	284	217	77	77	55	29	0.531815	0.63146	3.13097e-06	5.88733e-06
444	288	227	57	59	46	22	0.617103	0.48272	2.77655e-06	4.49934e-06
445	246	201	54	57	48	11	0.660961	0.41406	2.51296e-06	3.80198e-06
446	259	211	54	54	45	10	0.676976	0.39012	2.42324e-06	3.5795e-06
447	262	218	65	66	51	19	0.599667	0.51138	2.83947e-06	4.73507e-06
448	288	223	71	72	58	17	0.583413	0.53886	2.8981e-06	4.96749e-06
449	271	215	59	59	52	8	0.662775	0.41132	2.48903e-06	3.75547e-06
450	273	215	68	71	57	15	0.593107	0.52238	2.84975e-06	4.80478e-06
451	279	221	59	61	36	35	0.570307	0.56158	3.02432e-06	5.30297e-06
452	272	212	75	75	59	19	0.566714	0.5679	2.97134e-06	5.2431e-06
453	290	233	65	68	48	27	0.568508	0.56474	2.99776e-06	5.27303e-06
454	251	199	65	66	48	26	0.578637	0.54708	2.9551e-06	5.107e-06
455	264	209	56	58	40	37	0.575256	0.55294	3.01428e-06	5.23989e-06
456	263	207	58	60	45	24	0.607016	0.4992	2.82994e-06	4.66205e-06
457	290	232	55	55	49	6	0.686602	0.376	2.35053e-06	3.42342e-06
458	272	219	67	68	56	12	0.613706	0.48824	2.74697e-06	4.47604e-06
459	253	203	59	61	54	7	0.657849	0.41878	2.50985e-06	3.81524e-06
460	281	223	81	81	61	25	0.529311	0.63618	3.12324e-06	5.90059e-06
461	233	190	59	60	48	14	0.638777	0.4482	2.63861e-06	4.13072e-06
462	292	232	63	64	51	15	0.619762	0.47842	2.73293e-06	4.40964e-06
463	268	207	69	69	54	23	0.576592	0.55062	2.95039e-06	5.11695e-06
464	245	189	56	57	41	20	0.631309	0.45996	2.70211e-06	4.28018e-06
465	283	220	74	75	51	32	0.53036	0.6342	3.14707e-06	5.93383e-06
466	259	196	74	76	56	31	0.529734	0.63538	3.14511e-06	5.93715e-06
467	273	225	48	50	42	10	0.694197	0.365	2.32814e-06	3.35371e-06
468	264	211	59	60	41	32	0.582748	0.54	2.96451e-06	5.08712e-06
469	282	217	90	93	72	29	0.480975	0.73194	3.26606e-06	6.79049e-06
470	273	204	60	61	50	14	0.634778	0.45448	2.65792e-06	4.18717e-06
471	297	237	75	78	57	28	0.531188	0.63264	3.12904e-06	5.89064e-06
472	255	197	68	70	52	23	0.572983	0.5569	2.96427e-06	5.1734e-06
473	259	203	62	62	46	21	0.608682	0.49646	2.8094e-06	4.61555e-06
474	266	202	63	65	51	15	0.615882	0.4847	2.75059e-06	4.46609e-06
475	273	215	67	68	50	21	0.586173	0.53414	2.90404e-06	4.95423e-06
476	275	210	71	73	60	14	0.588699	0.52984	2.86375e-06	4.86454e-06
477	303	239	85	86	64	33	0.492441	0.70838	3.254e-06	6.60789e-06
478	284	222	78	80	63	20	0.546402	0.6044	3.04809e-06	5.57847e-06
479	282	216	86	89	64	40	0.466303	0.76292	3.33368e-06	7.14916e-06
480	298	231	71	75	57	23	0.55527	0.5883	3.02935e-06	5.45563e-06
481	257	185	67	69	52	23	0.576592	0.55062	2.95039e-06	5.11695e-06
482	268	202	68	69	55	16	0.597548	0.51492	2.83538e-06	4.74502e-06
483	267	213	72	73	62	11	0.597776	0.51454	2.81262e-06	4.70514e-06
484	241	184	56	56	48	9	0.671944	0.39758	2.44538e-06	3.63926e-06
485	276	212	70	73	56	21	0.568053	0.56554	2.9746e-06	5.23647e-06
486	280	219	57	57	49	11	0.660961	0.41406	2.51296e-06	3.80198e-06
487	285	226	72	74	63	14	0.585014	0.53612	2.87884e-06	4.92099e-06
488	245	196	54	54	49	6	0.690928	0.36972	2.32633e-06	3.36697e-06
489	301	240	71	72	59	16	0.586396	0.53376	2.88176e-06	4.91436e-06
490	297	242	57	58	45	18	0.633788	0.45604	2.68115e-06	4.23036e-06
491	276	207	59	61	48	18	0.62196	0.47488	2.73644e-06	4.3997e-06
492	259	207	69	70	49	37	0.533498	0.6283	3.15685e-06	5.91726e-06
493	262	205	64	66	52	21	0.593582	0.52158	2.87373e-06	4.84134e-06
494	277	222	92	93	61	49	0.434335	0.83394	3.4109e-06	7.85315e-06
495	290	231	67	69	51	22	0.57954	0.54552	2.93468e-06	5.06381e-06
496	287	227	74	75	58	24	0.552446	0.5934	3.04329e-06	5.50877e-06
497	254	196	66	66	51	19	0.599667	0.51138	2.83947e-06	4.73507e-06
498	297	241	69	71	52	29	0.552236	0.59378	3.06416e-06	5.54864e-06
499	261	211	66	68	50	28	0.565616	0.56984	3.01256e-06	5.32617e-06
500	285	211	67	67	52	20	0.592882	0.52276	2.87231e-06	4.84465e-06
501	270	217	78	78	55	36	0.509951	0.67344	3.2207e-06	6.31571e-06
502	246	189	60	61	46	20	0.615648	0.48508	2.77409e-06	4.50597e-06
503	279	229	65	67	51	22	0.586865	0.53296	2.90552e-06	4.95092e-06
504	307	240	74	76	58	24	0.548987	0.59968	3.05523e-06	5.56521e-06
505	289	225	55	55	41	15	0.6558	0.4219	2.55868e-06	3.90162e-06
506	250	192	54	54	46	8	0.683916	0.37992	2.3754e-06	3.47324e-06
507	276	202	56	56	44	16	0.648379	0.43328	2.60078e-06	4.0112e-06
508	262	213	52	53	43	14	0.667484	0.40424	2.49344e-06	3.73559e-06
509	297	239	96	98	71	37	0.447473	0.80414	3.35506e-06	7.49779e-06
510	271	209	76	79	58	26	0.533274	0.62872	3.11476e-06	5.84082e-06
511	259	200	77	81	61	27	0.523939	0.64638	3.14722e-06	6.00685e-06
512	280	222	40	40	35	5	0.758282	0.2767	1.91358e-06	2.52357e-06
513	281	222	75	76	59	24	0.548987	0.59968	3.05523e-06	5.56521e-06
514	291	242	83	84	66	21	0.530137	0.63462	3.10522e-06	5.8574e-06
515	252	195	80	80	58	32	0.513965	0.6656	3.19484e-06	6.21607e-06
516	313	235	62	66	48	23	0.587558	0.53178	2.90701e-06	4.94761e-06
517	268	212	56	56	42	16	0.648379	0.43328	2.60078e-06	4.0112e-06
518	279	229	65	66	52	18	0.602734	0.50628	2.82196e-06	4.68194e-06
519	285	222	74	77	57	24	0.54555	0.60596	3.0669e-06	5.62166e-06
520	268	212	46	46	39	10	0.711856	0.33988	2.22663e-06	3.12792e-06
521	281	227	77	78	53	44	0.489564	0.71424	3.30004e-06	6.74077e-06
522	278	218	61	61	48	17	0.62514	0.46978	2.71721e-06	4.34657e-06
523	308	239	65	69	54	18	0.591484	0.52512	2.86946e-06	4.85128e-06
524	254	198	42	43	35	8	0.732831	0.31084	2.09026e-06	2.85231e-06
525	264	203	76	79	58	30	0.522505	0.64912	3.16291e-06	6.05336e-06
526	265	211	73	75	57	26	0.546839	0.6036	3.07052e-06	5.61503e-06
527	273	210	58	62	47	19	0.614922	0.48626	2.77286e-06	4.50928e-06
528	274	216	70	71	51	27	0.557898	0.58358	3.03629e-06	5.44238e-06
529	276	213	75	77	51	37	0.510553	0.67226	3.22281e-06	6.31239e-06
530	283	222	50	51	42	10	0.689851	0.37128	2.3525e-06	3.41016e-06
531	267	216	62	64	49	25	0.588946	0.52942	2.90997e-06	4.94098e-06
532	296	242	83	85	67	31	0.500624	0.6919	3.22661e-06	6.44518e-06
533	256	198	53	53	36	25	0.631069	0.46034	2.72625e-06	4.32005e-06
534	272	206	62	62	49	15	0.627595	0.46586	2.69662e-06	4.29675e-06
535	267	210	66	67	52	24	0.58091	0.54316	2.93777e-06	5.05719e-06
536	286	218	48	49	37	15	0.680982	0.38422	2.42629e-06	3.56293e-06
537	275	219	79	80	52	67	0.429944	0.8441	3.47211e-06	8.07573e-06
538	285	234	66	66	55	11	0.62464	0.47058	2.6922e-06	4.31001e-06
539	285	235	60	64	50	15	0.619762	0.47842	2.73293e-06	4.40964e-06
540	243	197	79	79	60	21	0.547047	0.60322	3.04987e-06	5.57516e-06
541	299	233	50	51	43	10	0.689851	0.37128	2.3525e-06	3.41016e-06
542	258	209	61	64	51	16	0.616609	0.48352	2.75179e-06	4.46278e-06
543	280	230	75	76	57	25	0.546195	0.60478	3.06871e-06	5.61835e-06
544	264	208	48	48	36	14	0.688775	0.37284	2.37858e-06	3.45335e-06
545	267	213	54	54	43	15	0.659931	0.41562	2.53755e-06	3.84517e-06
546	276	223	83	87	61	36	0.481928	0.72996	3.28855e-06	6.82374e-06
547	288	230	75	77	55	29	0.531815	0.63146	3.13097e-06	5.88733e-06
548	286	211	78	80	66	15	0.560515	0.5789	2.97791e-06	5.31281e-06
549	259	200	61	63	46	26	0.589642	0.52824	2.91145e-06	4.93766e-06
550	274	228	77	81	58	40	0.490328	0.71268	3.28402e-06	6.69758e-06
551	260	218	71	73	52	25	0.556582	0.58594	3.03282e-06	5.449e-06
552	290	220	62	63	46	21	0.604871	0.50274	2.82596e-06	4.672e-06
553	269	216	55	55	45	14	0.659153	0.4168	2.53674e-06	3.84848e-06
554	286	218	67	68	51	26	0.571415	0.55964	2.98273e-06	5.2199e-06
555	278	216	64	66	46	32	0.561199	0.57768	3.04495e-06	5.4258e-06
556	274	200	68	71	55	22	0.572307	0.55808	2.96267e-06	5.17671e-06
557	288	222	74	74	58	22	0.561626	0.57692	3.00248e-06	5.34605e-06
558	249	200	78	80	55	34	0.508749	0.6758	3.21648e-06	6.32234e-06
559	247	196	45	45	33	23	0.670387	0.3999	2.52213e-06	3.76221e-06
560	261	200	67	69	50	31	0.553541	0.59142	3.06773e-06	5.54201e-06
561	286	215	75	77	50	37	0.510553	0.67226	3.22281e-06	6.31239e-06
562	271	232	66	70	52	29	0.555715	0.5875	3.05209e-06	5.49219e-06
563	264	214	45	45	34	13	0.705464	0.3489	2.27926e-06	3.23087e-06
564	279	220	83	84	62	28	0.511545	0.67032	3.18658e-06	6.22933e-06
565	246	189	76	78	59	32	0.520461	0.65304	3.17647e-06	6.10318e-06
566	290	226	66	67	53	17	0.602023	0.50746	2.82063e-06	4.68525e-06
567	251	189	65	65	52	15	0.615882	0.4847	2.75059e-06	4.46609e-06
568	310	245	72	74	57	18	0.5732	0.55652	2.94254e-06	5.13352e-06
569	263	204	78	79	58	25	0.536001	0.62362	3.10221e-06	5.78769e-06
570	285	224	83	83	63	29	0.512149	0.66914	3.18865e-06	6.22601e-06
571	290	228	73	74	59	21	0.564497	0.57182	2.98784e-06	5.29292e-06
572	272	217	57	59	40	31	0.589418	0.52862	2.93385e-06	4.97754e-06
573	254	203	55	56	41	20	0.635286	0.45368	2.68328e-06	4.22373e-06
574	273	221	53	53	45	8	0.688225	0.37364	2.35152e-06	3.41679e-06
575	284	233	96	99	76	36	0.446945	0.80532	3.35258e-06	7.50111e-06
576	285	232	70	70	56	19	0.584791	0.5365	2.90107e-06	4.96086e-06
577	268	210	54	57	46	16	0.64432	0.43956	2.62086e-06	4.06764e-06
578	264	209	66	67	54	18	0.59896	0.51256	2.83811e-06	4.73839e-06
579	248	199	49	51	36	22	0.648898	0.43248	2.62658e-06	4.04776e-06
580	273	213	55	55	41	16	0.652464	0.427	2.58033e-06	3.95475e-06
581	280	206	70	73	61	12	0.594735	0.51964	2.82991e-06	4.75827e-06
582	282	220	56	57	47	17	0.641042	0.44466	2.64159e-06	4.12078e-06
583	237	184	60	61	44	32	0.5791	0.54628	2.97864e-06	5.14357e-06
584	295	226	66	68	48	24	0.577273	0.54944	2.95196e-06	5.11363e-06
585	255	205	64	66	46	32	0.561199	0.57768	3.04495e-06	5.4258e-06
586	276	206	70	71	47	40	0.522108	0.64988	3.20215e-06	6.13311e-06
587	266	217	60	61	48	19	0.618796	0.47998	2.7554e-06	4.45283e-06
588	274	221	56	56	47	10	0.668526	0.40268	2.46846e-06	3.6924e-06
589	274	209	58	60	54	6	0.665378	0.4074	2.46566e-06	3.70566e-06
590	291	233	93	100	68	48	0.41778	0.8728	3.42377e-06	8.19515e-06
591	284	223	68	71	56	22	0.572307	0.55808	2.96267e-06	5.17671e-06
592	241	188	55	58	44	17	0.637029	0.45094	2.66101e-06	4.17723e-06
593	297	237	74	74	57	20	0.567383	0.56672	2.97297e-06	5.23979e-06
594	257	211	61	61	54	8	0.654502	0.42388	2.53186e-06	3.86837e-06
595	270	206	73	75	56	22	0.55811	0.5832	3.01519e-06	5.4025e-06
596	267	217	74	75	64	12	0.587311	0.5322	2.86089e-06	4.87117e-06
597	266	208	66	67	52	24	0.58091	0.54316	2.93777e-06	5.05719e-06
598	279	223	63	63	49	18	0.614197	0.48744	2.77162e-06	4.5126e-06
599	298	244	73	79	56	39	0.499064	0.69502	3.25967e-06	6.53156e-06
600	280	206	68	71	55	24	0.566499	0.56828	2.9928e-06	5.28298e-06
601	258	194	53	53	42	12	0.674327	0.39404	2.44735e-06	3.62932e-06
602	270	219	51	51	40	12	0.68285	0.38148	2.40119e-06	3.51643e-06
603	259	203	65	67	53	21	0.589866	0.52786	2.88904e-06	4.89779e-06
604	298	241	68	70	52	22	0.575912	0.5518	2.94882e-06	5.12026e-06
605	268	211	78	82	57	44	0.477419	0.73936	3.32597e-06	6.96656e-06
606	274	211	64	64	53	13	0.626116	0.46822	2.69441e-06	4.30338e-06
607	277	218	73	76	52	33	0.524358	0.64558	3.16891e-06	6.04341e-06
608	257	202	57	58	40	28	0.602276	0.50704	2.86785e-06	4.76169e-06
609	287	240	66	68	49	26	0.571415	0.55964	2.98273e-06	5.2199e-06
610	247	194	65	68	53	26	0.571415	0.55964	2.98273e-06	5.2199e-06
611	254	197	64	66	51	19	0.599667	0.51138	2.83947e-06	4.73507e-06
612	261	209	66	68	45	27	0.568508	0.56474	2.99776e-06	5.27303e-06
613	250	199	56	58	46	13	0.650158	0.43054	2.57768e-06	3.96469e-06
614	270	201	49	51	40	14	0.67592	0.39168	2.44865e-06	3.62269e-06
615	278	210	70	72	56	17	0.583413	0.53886	2.8981e-06	4.96749e-06
616	278	236	82	83	64	32	0.504373	0.68444	3.22063e-06	6.38541e-06
617	279	224	81	84	62	36	0.491094	0.71112	3.26793e-06	6.65439e-06
618	289	228	65	66	50	35	0.552678	0.59298	3.08682e-06	5.5852e-06
619	250	197	57	57	44	20	0.631309	0.45996	2.70211e-06	4.28018e-06
620	307	240	71	72	58	15	0.589394	0.52866	2.86518e-06	4.86123e-06
621	262	209	52	53	43	11	0.677775	0.38894	2.42385e-06	3.57619e-06
622	254	196	62	64	45	29	0.577054	0.54982	2.97385e-06	5.15351e-06
623	271	211	70	74	52	33	0.530986	0.63302	3.14902e-06	5.93052e-06
624	276	221	55	57	49	9	0.667738	0.40386	2.46777e-06	3.69571e-06
625	260	206	52	53	42	12	0.674327	0.39404	2.44735e-06	3.62932e-06
626	274	219	60	61	45	29	0.588028	0.53098	2.93083e-06	4.98417e-06
627	283	230	62	62	49	17	0.621226	0.47606	2.73527e-06	4.40302e-06
628	275	207	63	63	49	18	0.614197	0.48744	2.77162e-06	4.5126e-06
629	272	217	44	45	33	15	0.698305	0.3591	2.33034e-06	3.33714e-06
630	264	213	72	74	55	30	0.539172	0.61772	3.11163e-06	5.77112e-06
631	277	228	69	70	55	17	0.590787	0.5263	2.86803e-06	4.8546e-06
632	272	216	93	97	73	31	0.464283	0.76726	3.30688e-06	7.12255e-06
633	285	220	87	89	64	35	0.478346	0.73742	3.2927e-06	6.8835e-06
634	281	231	65	67	54	18	0.59896	0.51256	2.83811e-06	4.73839e-06
635	247	196	43	45	35	13	0.705464	0.3489	2.27926e-06	3.23087e-06
636	293	230	71	75	59	20	0.563831	0.573	2.98618e-06	5.29623e-06
637	254	194	68	70	47	40	0.525398	0.6436	3.19266e-06	6.07666e-06
638	280	218	70	72	57	18	0.580445	0.54396	2.9142e-06	5.02062e-06
639	265	206	66	68	54	17	0.598254	0.51374	2.83674e-06	4.7417e-06
640	275	216	59	60	45	16	0.632295	0.4584	2.67902e-06	4.23699e-06
641	274	207	56	56	46	10	0.668526	0.40268	2.46846e-06	3.6924e-06
642	275	225	57	58	45	15	0.64356	0.44074	2.61991e-06	4.07096e-06
643	283	229	83	85	58	46	0.463754	0.7684	3.35859e-06	7.24217e-06
644	239	195	46	47	41	7	0.718306	0.33086	2.17285e-06	3.02497e-06
645	296	229	61	63	50	14	0.626855	0.46704	2.69552e-06	4.30006e-06
646	256	200	53	54	44	11	0.673532	0.39522	2.4467e-06	3.63264e-06
647	291	223	57	59	44	23	0.613963	0.48782	2.79505e-06	4.55247e-06
648	266	204	64	65	46	26	0.582282	0.5408	2.94085e-06	5.05056e-06
649	255	200	61	63	48	18	0.614197	0.48744	2.77162e-06	4.5126e-06
650	275	213	65	67	50	23	0.58388	0.53806	2.92177e-06	5.00405e-06
651	264	212	63	65	51	19	0.603445	0.5051	2.82329e-06	4.67862e-06
652	285	225	56	59	45	19	0.626617	0.46742	2.71948e-06	4.33994e-06
653	269	217	70	71	55	19	0.58113	0.54278	2.91571e-06	5.01731e-06
654	248	196	60	62	48	22	0.605585	0.50156	2.82728e-06	4.66868e-06
655	258	204	65	68	50	19	0.592183	0.52394	2.87088e-06	4.84797e-06
656	275	225	55	55	45	13	0.662523	0.4117	2.51451e-06	3.79535e-06
657	268	204	43	43	32	14	0.710746	0.34144	2.25386e-06	3.17111e-06
658	265	201	60	62	47	18	0.618066	0.48116	2.75419e-06	4.45615e-06
659	276	222	69	71	55	20	0.578174	0.54788	2.9316e-06	5.07044e-06
660	286	217	57	58	45	15	0.64356	0.44074	2.61991e-06	4.07096e-06
661	286	213	57	57	48	12	0.657599	0.41916	2.53512e-06	3.85511e-06
662	276	218	62	63	46	23	0.598733	0.51294	2.8609e-06	4.77826e-06
663	275	215	65	66	52	16	0.608913	0.49608	2.78619e-06	4.57567e-06
664	260	204	60	62	47	22	0.605585	0.50156	2.82728e-06	4.66868e-06
665	262	212	69	70	52	24	0.570068	0.562	2.97948e-06	5.22653e-06
666	269	203	50	50	37	18	0.666443	0.4058	2.51834e-06	3.77878e-06
667	256	200	61	63	50	17	0.617337	0.48234	2.75299e-06	4.45946e-06
668	278	221	53	53	40	18	0.654005	0.42464	2.58209e-06	3.94812e-06
669	275	220	64	65	45	46	0.525818	0.6428	3.21444e-06	6.11322e-06
670	288	218	62	63	48	18	0.614197	0.48744	2.77162e-06	4.5126e-06
671	248	180	69	72	55	24	0.562953	0.57456	3.00584e-06	5.33942e-06
672	305	247	68	69	49	23	0.576592	0.55062	2.95039e-06	5.11695e-06
673	261	209	89	92	64	38	0.462291	0.77156	3.33416e-06	7.21224e-06
674	284	219	80	82	66	17	0.547901	0.60166	3.03097e-06	5.53197e-06
675	270	218	77	78	60	21	0.550494	0.59694	3.03801e-06	5.51871e-06
676	281	221	68	70	48	31	0.550075	0.5977	3.07958e-06	5.59846e-06
677	279	213	61	61	47	17	0.62514	0.46978	2.71721e-06	4.34657e-06
678	238	188	48	48	44	4	0.724814	0.32184	2.11792e-06	2.92202e-06
679	260	201	64	65	53	14	0.619031	0.4796	2.73176e-06	4.41296e-06
680	299	242	65	66	54	14	0.615156	0.48588	2.74938e-06	4.46941e-06
681	276	218	62	63	48	22	0.601794	0.50784	2.84355e-06	4.72513e-06
682	263	210	58	58	45	21	0.624165	0.47134	2.73993e-06	4.38976e-06
683	277	220	77	78	57	27	0.533904	0.62754	3.11667e-06	5.83751e-06
684	272	219	54	55	45	13	0.662523	0.4117	2.51451e-06	3.79535e-06
685	291	227	61	62	52	12	0.637271	0.45056	2.63661e-06	4.13735e-06
686	280	227	59	63	48	19	0.611072	0.49254	2.78999e-06	4.56573e-06
687	255	199	49	50	41	10	0.694197	0.365	2.32814e-06	3.35371e-06
688	292	227	81	82	66	20	0.539582	0.61696	3.07096e-06	5.69137e-06
689	253	190	60	61	54	8	0.654502	0.42388	2.53186e-06	3.86837e-06
690	275	211	75	77	55	27	0.537267	0.62126	3.10597e-06	5.78106e-06
691	264	213	51	51	43	10	0.689851	0.37128	2.3525e-06	3.41016e-06
692	238	197	70	72	50	27	0.554405	0.58986	3.04857e-06	5.49882e-06
693	273	216	73	74	59	22	0.561626	0.57692	3.00248e-06	5.34605e-06
694	270	206	49	50	41	10	0.694197	0.365	2.32814e-06	3.35371e-06
695	282	226	63	64	54	11	0.632535	0.45802	2.65482e-06	4.19711e-06
696	265	203	52	54	44	14	0.663305	0.41052	2.51528e-06	3.79204e-06
697	294	222	69	71	53	28	0.555059	0.58868	3.05033e-06	5.49551e-06
698	255	207	72	73	53	29	0.545343	0.60634	3.08748e-06	5.66154e-06
699	299	248	85	85	58	52	0.449779	0.799	3.40076e-06	7.56097e-06
700	266	202	46	50	34	25	0.643071	0.4415	2.6692e-06	4.15071e-06
701	260	214	63	65	50	25	0.585259	0.5357	2.92479e-06	4.99742e-06
702	274	222	65	68	54	16	0.601313	0.50864	2.8193e-06	4.68857e-06
703	276	217	78	80	59	23	0.538106	0.6197	3.08758e-06	5.73787e-06
704	283	217	74	75	64	11	0.590314	0.5271	2.84416e-06	4.81804e-06
705	273	206	54	54	42	15	0.659931	0.41562	2.53755e-06	3.84517e-06
706	255	200	56	60	48	13	0.642043	0.4431	2.61799e-06	4.07759e-06
707	256	205	56	57	44	24	0.618561	0.48036	2.77901e-06	4.49271e-06
708	269	215	77	77	58	25	0.542775	0.61106	3.08014e-06	5.6748e-06
709	267	201	69	74	49	33	0.530986	0.63302	3.14902e-06	5.93052e-06
710	269	216	69	69	52	21	0.582504	0.54042	2.91874e-06	5.01068e-06
711	276	209	54	55	38	21	0.636036	0.4525	2.68434e-06	4.22042e-06
712	266	224	76	76	59	24	0.548987	0.59968	3.05523e-06	5.56521e-06
713	285	228	70	72	57	18	0.580445	0.54396	2.9142e-06	5.02062e-06
714	281	212	62	63	46	25	0.592657	0.52314	2.89485e-06	4.88453e-06
715	265	208	73	74	58	25	0.553098	0.59222	3.04505e-06	5.50545e-06
716	259	193	54	56	42	18	0.641799	0.44348	2.64258e-06	4.11746e-06
717	292	228	81	84	58	34	0.496129	0.70092	3.24871e-06	6.54813e-06
718	268	204	67	68	52	20	0.58917	0.52904	2.88758e-06	4.9011e-06
719	268	204	48	49	42	9	0.702142	0.35362	2.27784e-06	3.24413e-06
720	277	228	75	78	50	43	0.492067	0.70914	3.29077e-06	6.68764e-06
721	251	201	56	56	42	16	0.648379	0.43328	2.60078e-06	4.0112e-06
722	287	214	75	76	56	26	0.543416	0.60988	3.08197e-06	5.67148e-06
723	247	190	64	68	57	15	0.604387	0.50354	2.8016e-06	4.63543e-06
724	303	231	76	78	59	23	0.544907	0.60714	3.06509e-06	5.62498e-06
725	260	219	75	76	55	26	0.543416	0.60988	3.08197e-06	5.67148e-06
726	276	207	53	53	44	10	0.68124	0.38384	2.40005e-06	3.52305e-06
727	270	202	71	73	52	33	0.534331	0.62674	3.1387e-06	5.87407e-06
728	282	223	93	98	74	37	0.447473	0.80414	3.35506e-06	7.49779e-06
729	278	213	62	64	45	27	0.58297	0.53962	2.94239e-06	5.04724e-06
730	248	201	48	50	34	22	0.652986	0.4262	2.60627e-06	3.99131e-06
731	289	231	57	57	47	12	0.657599	0.41916	2.53512e-06	3.85511e-06
732	310	234	60	60	45	18	0.625878	0.4686	2.71835e-06	4.34325e-06
733	281	216	78	79	58	27	0.530561	0.63382	3.1271e-06	5.89396e-06
734	265	208	67	69	50	28	0.562075	0.57612	3.02543e-06	5.38261e-06
735	252	203	60	60	50	11	0.648625	0.4329	2.5759e-06	3.97132e-06
736	271	224	54	56	46	11	0.665125	0.40778	2.49125e-06	3.74553e-06
737	276	209	61	61	46	26	0.597094	0.51568	2.88084e-06	4.82477e-06
738	280	212	50	51	39	20	0.65555	0.42228	2.58385e-06	3.94149e-06
739	260	200	81	82	66	21	0.536837	0.62206	3.08386e-06	5.7445e-06
740	291	244	66	68	54	23	0.580225	0.54434	2.93623e-06	5.0605e-06
741	252	199	64	65	50	16	0.612749	0.4898	2.76915e-06	4.51923e-06
742	291	226	69	73	54	27	0.550934	0.59614	3.06059e-06	5.55527e-06
743	263	209	57	59	46	19	0.626617	0.46742	2.71948e-06	4.33994e-06
744	255	193	50	51	36	23	0.645597	0.43758	2.64752e-06	4.10089e-06
745	272	212	78	82	59	27	0.520659	0.65266	3.15691e-06	6.0633e-06
746	330	263	76	76	57	21	0.557451	0.58438	3.01348e-06	5.40581e-06
747	281	222	69	69	49	31	0.553541	0.59142	3.06773e-06	5.54201e-06
748	243	184	55	56	41	20	0.635286	0.45368	2.68328e-06	4.22373e-06
749	293	228	60	61	49	12	0.641286	0.44428	2.61702e-06	4.0809e-06
750	254	204	78	80	59	32	0.513965	0.6656	3.19484e-06	6.21607e-06
751	275	219	65	65	53	12	0.625377	0.4694	2.69331e-06	4.30669e-06
752	265	207	64	66	48	38	0.544286	0.60828	3.12671e-06	5.7446e-06
753	265	211	68	71	53	23	0.569396	0.56318	2.97785e-06	5.22984e-06
754	273	218	43	44	35	11	0.717186	0.33242	2.20044e-06	3.06816e-06
755	249	191	48	50	40	12	0.687152	0.3752	2.37753e-06	3.45998e-06
756	283	224	63	63	55	10	0.639774	0.44664	2.6151e-06	4.08753e-06
757	238	192	57	57	47	10	0.664341	0.40896	2.49051e-06	3.74885e-06
758	295	237	86	89	60	38	0.471083	0.75272	3.31779e-06	7.0429e-06
759	285	226	71	71	58	16	0.59009	0.52748	2.86661e-06	4.85791e-06
760	306	248	77	78	57	29	0.528485	0.63774	3.1412e-06	5.94378e-06
761	292	233	77	80	60	29	0.521889	0.6503	3.16091e-06	6.05667e-06
762	273	206	82	82	60	28	0.51801	0.65776	3.16838e-06	6.11643e-06
763	275	220	81	82	66	20	0.539582	0.61696	3.07096e-06	5.69137e-06
764	262	209	54	55	47	10	0.672738	0.3964	2.44604e-06	3.63595e-06
765	284	219	62	63	50	15	0.623666	0.47214	2.71494e-06	4.3532e-06
766	286	215	60	62	46	19	0.614922	0.48626	2.77286e-06	4.50928e-06
767	269	222	63	63	47	21	0.604871	0.50274	2.82596e-06	4.672e-06
768	258	204	59	61	45	23	0.6063	0.50038	2.82861e-06	4.66537e-06
769	292	231	78	78	57	32	0.520461	0.65304	3.17647e-06	6.10318e-06
770	268	202	59	60	54	9	0.655275	0.4227	2.53267e-06	3.86505e-06
771	281	219	67	67	47	30	0.563403	0.57376	3.02885e-06	5.37599e-06
772	276	212	66	66	52	19	0.599667	0.51138	2.83947e-06	4.73507e-06
773	239	189	55	55	39	20	0.639288	0.4474	2.66409e-06	4.16728e-06
774	286	216	52	53	43	12	0.674327	0.39404	2.44735e-06	3.62932e-06
775	245	188	58	60	42	25	0.603928	0.5043	2.84763e-06	4.71519e-06
776	301	228	87	88	67	29	0.496317	0.70054	3.23016e-06	6.50825e-06
777	259	209	80	82	63	26	0.523321	0.64756	3.14525e-06	6.01017e-06
778	260	204	78	81	65	17	0.551353	0.59538	3.01894e-06	5.47552e-06
779	269	217	62	62	49	18	0.618066	0.48116	2.75419e-06	4.45615e-06
780	289	206	66	67	44	37	0.543644	0.60946	3.12482e-06	5.74792e-06
781	277	213	45	45	34	13	0.705464	0.3489	2.27926e-06	3.23087e-06
782	255	196	30	30	27	3	0.815707	0.2037	1.51136e-06	1.85283e-06
783	288	224	69	71	50	38	0.527461	0.63968	3.17892e-06	6.02684e-06
784	248	197	72	73	59	18	0.576811	0.55024	2.92851e-06	5.07707e-06
785	305	252	71	72	62	11	0.601541	0.50826	2.79638e-06	4.64869e-06
786	269	214	52	54	42	16	0.656574	0.42072	2.55952e-06	3.8983e-06
787	282	222	79	81	59	30	0.515984	0.66168	3.18169e-06	6.16625e-06
788	277	217	72	74	55	24	0.555926	0.58712	3.03109e-06	5.45232e-06
789	267	209	47	49	41	9	0.702142	0.35362	2.27784e-06	3.24413e-06
790	279	213	64	67	47	28	0.569179	0.56356	2.99941e-06	5.26972e-06
791	265	206	43	44	37	8	0.728243	0.31712	2.11829e-06	2.90876e-06
792	290	229	58	58	51	7	0.67036	0.39994	2.44406e-06	3.64589e-06
793	270	223	67	69	53	26	0.567837	0.56592	2.99611e-06	5.27635e-06
794	299	228	61	62	49	25	0.59639	0.51686	2.87942e-06	4.82808e-06
795	263	202	67	69	50	31	0.553541	0.59142	3.06773e-06	5.54201e-06
796	261	207	61	63	44	30	0.577735	0.54864	2.97545e-06	5.15019e-06
797	271	216	49	49	38	13	0.687963	0.37402	2.37806e-06	3.45666e-06
798	235	186	62	65	48	20	0.600375	0.5102	2.84083e-06	4.73176e-06
799	280	233	64	66	51	17	0.605815	0.50118	2.8042e-06	4.62881e-06
800	273	216	59	60	48	12	0.645326	0.438	2.59708e-06	4.02445e-06
801	292	228	76	77	56	36	0.513164	0.66716	3.21203e-06	6.25926e-06
802	253	205	64	65	51	16	0.612749	0.4898	2.76915e-06	4.51923e-06
803	290	216	82	84	61	31	0.503778	0.68562	3.2185e-06	6.38873e-06
804	264	224	69	70	49	31	0.550075	0.5977	3.07958e-06	5.59846e-06
805	269	211	68	70	50	27	0.561412	0.5773	3.02373e-06	5.38593e-06
806	273	209	65	65	54	11	0.628575	0.4643	2.67368e-06	4.25356e-06
807	268	218	86	90	60	40	0.463384	0.7692	3.33896e-06	7.20561e-06
808	282	228	64	65	49	22	0.594283	0.5204	2.87515e-06	4.83802e-06
809	236	189	69	73	53	23	0.562289	0.57574	3.00416e-06	5.34274e-06
810	294	222	76	77	59	21	0.553962	0.59066	3.02588e-06	5.46226e-06
811	255	201	63	64	48	21	0.601084	0.50902	2.84219e-06	4.72844e-06
812	320	268	73	75	54	32	0.53036	0.6342	3.14707e-06	5.93383e-06
813	300	236	80	81	67	21	0.540219	0.61578	3.0728e-06	5.68805e-06
814	277	228	84	88	71	21	0.516986	0.65974	3.14492e-06	6.08319e-06
815	274	215	81	84	56	49	0.45959	0.77742	3.37575e-06	7.34513e-06
816	292	236	76	76	63	15	0.574773	0.55378	2.92388e-06	5.08702e-06
817	283	224	64	64	53	12	0.629317	0.46312	2.67475e-06	4.25024e-06
818	258	209	73	75	58	21	0.560963	0.5781	3.0008e-06	5.34937e-06
819	273	215	80	83	63	26	0.520045	0.65384	3.15491e-06	6.06661e-06
820	257	186	69	69	52	21	0.582504	0.54042	2.91874e-06	5.01068e-06
821	267	203	65	66	54	13	0.618301	0.48078	2.73059e-06	4.41627e-06
822	267	204	50	52	43	9	0.689037	0.37246	2.35201e-06	3.41347e-06
823	286	231	99	103	76	38	0.431434	0.84064	3.3795e-06	7.83316e-06
824	275	220	71	72	60	13	0.595437	0.51846	2.83128e-06	4.75496e-06
825	249	179	53	55	45	12	0.665911	0.4066	2.49198e-06	3.74222e-06
826	285	220	53	55	43	18	0.645842	0.4372	2.62278e-06	4.06102e-06
827	243	188	48	50	37	16	0.673276	0.3956	2.47261e-06	3.67251e-06
828	299	250	82	82	60	30	0.512754	0.66796	3.19071e-06	6.2227e-06
829	258	217	64	65	49	28	0.576373	0.551	2.97225e-06	5.15682e-06
830	270	213	52	52	46	6	0.699661	0.35716	2.27675e-06	3.25407e-06
831	268	208	64	65	53	15	0.615882	0.4847	2.75059e-06	4.46609e-06
832	297	220	78	78	65	14	0.570501	0.56124	2.93624e-06	5.14678e-06
833	277	219	68	70	52	23	0.572983	0.5569	2.96427e-06	5.1734e-06
834	261	207	58	58	44	18	0.633788	0.45604	2.68115e-06	4.23036e-06
835	287	218	63	64	44	28	0.580004	0.54472	2.95824e-06	5.10038e-06
836	246	206	67	67	51	27	0.572089	0.55846	2.98435e-06	5.21659e-06
837	303	249	89	94	67	41	0.44959	0.79942	3.36497e-06	7.48454e-06
838	260	208	64	66	49	24	0.584569	0.53688	2.92328e-06	5.00074e-06
839	277	220	68	72	50	31	0.54321	0.61026	3.10246e-06	5.71136e-06
840	246	203	67	68	49	29	0.562739	0.57494	3.02714e-06	5.3793e-06
841	267	202	66	68	54	17	0.598254	0.51374	2.83674e-06	4.7417e-06
842	278	212	61	65	48	33	0.561861	0.5765	3.04669e-06	5.42249e-06
843	275	220	65	65	49	18	0.606531	0.5	2.8055e-06	4.62549e-06
844	288	225	62	65	49	22	0.594283	0.5204	2.87515e-06	4.83802e-06
845	277	209	87	89	69	26	0.500814	0.69152	3.20787e-06	6.4053e-06
846	277	207	63	64	48	23	0.594984	0.51922	2.87658e-06	4.83471e-06
847	262	202	51	53	44	9	0.684724	0.37874	2.37594e-06	3.46992e-06
848	265	218	69	73	53	25	0.556582	0.58594	3.03282e-06	5.449e-06
849	271	217	42	43	40	3	0.751759	0.28534	1.94453e-06	2.58665e-06
850	274	206	54	57	47	11	0.660961	0.41406	2.51296e-06	3.80198e-06
851	279	215	89	91	61	40	0.460483	0.77548	3.34405e-06	7.26206e-06
852	277	210	58	58	49	9	0.663557	0.41014	2.48977e-06	3.75216e-06
853	290	236	81	81	62	24	0.532017	0.63108	3.11094e-06	5.84745e-06
854	251	194	55	55	47	9	0.676177	0.3913	2.42262e-06	3.58282e-06
855	247	198	74	77	55	45	0.490142	0.71306	3.30231e-06	6.73746e-06
856	263	209	61	62	47	22	0.605585	0.50156	2.82728e-06	4.66868e-06
857	273	218	53	53	50	3	0.706	0.34814	2.22469e-06	3.15112e-06
858	272	211	82	88	65	35	0.48136	0.73114	3.28627e-06	6.82705e-06
859	278	210	62	63	46	26	0.589642	0.52824	2.91145e-06	4.93766e-06
860	281	223	63	64	48	19	0.607247	0.49882	2.8068e-06	4.62218e-06
861	286	226	90	92	67	28	0.48648	0.72056	3.25013e-06	6.68091e-06
862	293	241	76	77	61	20	0.556794	0.58556	3.01177e-06	5.40913e-06
863	254	203	70	71	58	14	0.59614	0.51728	2.83264e-06	4.75164e-06
864	316	244	70	71	54	25	0.563617	0.57338	3.00752e-06	5.33611e-06
865	265	217	55	57	40	23	0.621723	0.47526	2.76019e-06	4.43958e-06
866	281	225	69	71	56	21	0.575233	0.55298	2.94725e-06	5.12358e-06
867	265	200	64	65	51	15	0.615882	0.4847	2.75059e-06	4.46609e-06
868	278	218	59	59	50	10	0.656049	0.42152	2.53349e-06	3.86174e-06
869	282	213	65	66	46	33	0.558344	0.58278	3.05913e-06	5.47894e-06
870	261	206	74	75	60	19	0.566714	0.5679	2.97134e-06	5.2431e-06
871	277	223	84	86	61	36	0.484964	0.72368	3.28189e-06	6.76729e-06
872	256	203	59	60	45	19	0.622694	0.4737	2.7376e-06	4.39639e-06
873	301	229	59	60	47	15	0.635527	0.4533	2.65895e-06	4.18385e-06
874	266	215	47	48	39	11	0.699395	0.35754	2.30377e-06	3.29395e-06
875	292	233	74	75	55	24	0.552446	0.5934	3.04329e-06	5.50877e-06
876	275	202	53	54	46	8	0.683916	0.37992	2.3754e-06	3.47324e-06
877	256	218	66	68	53	19	0.592183	0.52394	2.87088e-06	4.84797e-06
878	284	226	71	74	54	34	0.528285	0.63812	3.16107e-06	5.98365e-06
879	282	221	77	79	58	36	0.506759	0.67972	3.22915e-06	6.37216e-06
880	298	230	65	65	48	22	0.594283	0.5204	2.87515e-06	4.83802e-06
881	258	212	69	72	58	17	0.583413	0.53886	2.8981e-06	4.96749e-06
882	282	221	55	55	44	15	0.6558	0.4219	2.55868e-06	3.90162e-06
883	267	211	81	82	65	19	0.542341	0.61186	3.05785e-06	5.63823e-06
884	259	206	51	51	41	12	0.68285	0.38148	2.40119e-06	3.51643e-06
885	276	224	53	53	45	11	0.677775	0.38894	2.42385e-06	3.57619e-06
886	265	215	78	80	62	24	0.535368	0.6248	3.10032e-06	5.791e-06
887	286	230	60	62	50	16	0.624403	0.47096	2.71608e-06	4.34988e-06
888	245	199	59	62	42	25	0.59639	0.51686	2.87942e-06	4.82808e-06
889	301	240	86	91	68	38	0.465204	0.76528	3.3289e-06	7.15579e-06
890	259	207	64	64	49	20	0.604158	0.50392	2.82462e-06	4.67531e-06
891	261	196	73	73	52	26	0.553751	0.59104	3.04681e-06	5.50214e-06
892	269	213	56	57	44	19	0.634537	0.45486	2.68221e-06	4.22704e-06
893	272	212	60	61	47	17	0.62514	0.46978	2.71721e-06	4.34657e-06
894	292	224	69	71	53	26	0.56075	0.57848	3.02202e-06	5.38924e-06
895	273	210	58	58	50	9	0.663557	0.41014	2.48977e-06	3.75216e-06
896	256	198	63	63	53	13	0.63006	0.46194	2.67582e-06	4.24693e-06
897	252	205	47	49	35	18	0.670642	0.39952	2.49635e-06	3.72233e-06
898	268	219	68	71	49	29	0.552236	0.59378	3.06416e-06	5.54864e-06
899	261	203	33	36	28	8	0.765765	0.26688	1.88162e-06	2.45718e-06
900	269	216	52	53	40	18	0.654005	0.42464	2.58209e-06	3.94812e-06
901	270	221	89	92	59	48	0.439306	0.82256	3.40179e-06	7.74357e-06
902	278	222	82	82	63	27	0.520659	0.65266	3.15691e-06	6.0633e-06
903	279	221	47	48	40	10	0.702971	0.35244	2.2782e-06	3.24082e-06
904	282	219	63	63	46	22	0.601794	0.50784	2.84355e-06	4.72513e-06
905	289	231	75	76	61	20	0.560302	0.57928	2.99912e-06	5.35268e-06
906	250	202	60	63	52	14	0.626855	0.46704	2.69552e-06	4.30006e-06
907	278	215	60	60	49	14	0.638777	0.4482	2.63861e-06	4.13072e-06
908	262	205	70	71	53	21	0.575233	0.55298	2.94725e-06	5.12358e-06
909	277	220	87	88	68	23	0.511739	0.66994	3.16739e-06	6.18945e-06
910	271	211	84	86	59	38	0.480043	0.73388	3.2996e-06	6.87356e-06
911	294	230	64	67	50	23	0.58388	0.53806	2.92177e-06	5.00405e-06
912	280	229	71	74	57	21	0.564497	0.57182	2.98784e-06	5.29292e-06
913	292	216	59	60	49	20	0.619526	0.4788	2.7566e-06	4.44952e-06
914	291	231	66	67	53	15	0.608195	0.49726	2.78492e-06	4.57899e-06
915	252	199	53	54	44	10	0.676976	0.39012	2.42324e-06	3.5795e-06
916	313	253	101	102	72	41	0.42756	0.84966	3.39317e-06	7.93612e-06
917	264	209	40	40	37	3	0.766056	0.2665	1.85179e-06	2.4173e-06
918	286	221	77	77	57	30	0.529109	0.63656	3.14315e-06	5.94046e-06
919	273	214	53	53	47	8	0.688225	0.37364	2.35152e-06	3.41679e-06
920	249	196	53	54	40	19	0.646605	0.43602	2.62373e-06	4.0577e-06
921	277	214	75	76	58	24	0.548987	0.59968	3.05523e-06	5.56521e-06
922	313	240	84	85	63	32	0.498077	0.697	3.23666e-06	6.49831e-06
923	282	216	56	56	42	15	0.651694	0.42818	2.57945e-06	3.95806e-06
924	266	206	64	66	49	28	0.572765	0.55728	2.98598e-06	5.21327e-06
925	279	217	68	68	47	27	0.568508	0.56474	2.99776e-06	5.27303e-06
926	265	210	49	50	40	14	0.680179	0.3854	2.42568e-06	3.56624e-06
927	266	210	79	80	67	14	0.563381	0.5738	2.9632e-06	5.25967e-06
928	274	216	57	59	49	10	0.656049	0.42152	2.53349e-06	3.86174e-06
929	261	215	63	63	53	16	0.620494	0.47724	2.7341e-06	4.40633e-06
930	283	224	61	61	50	12	0.641286	0.44428	2.61702e-06	4.0809e-06
931	251	191	52	53	43	14	0.667484	0.40424	2.49344e-06	3.73559e-06
932	296	233	94	96	74	29	0.471998	0.75078	3.28503e-06	6.95983e-06
933	256	203	69	70	55	21	0.578857	0.5467	2.93314e-06	5.06713e-06
934	265	212	66	66	51	18	0.602734	0.50628	2.82196e-06	4.68194e-06
935	267	219	81	82	65	20	0.539582	0.61696	3.07096e-06	5.69137e-06
936	288	219	73	74	52	32	0.533701	0.62792	3.13676e-06	5.87738e-06
937	275	223	69	70	57	14	0.599895	0.511	2.81663e-06	4.6952e-06
938	270	218	69	69	52	23	0.576592	0.55062	2.95039e-06	5.11695e-06
939	285	218	63	64	52	16	0.616609	0.48352	2.75179e-06	4.46278e-06
940	243	191	47	47	33	27	0.648651	0.43286	2.65145e-06	4.08763e-06
941	299	252	60	60	47	18	0.625878	0.4686	2.71835e-06	4.34325e-06
942	258	203	59	60	47	19	0.622694	0.4737	2.7376e-06	4.39639e-06
943	266	207	57	60	39	41	0.556605	0.5859	3.09768e-06	5.56532e-06
944	268	203	62	62	48	18	0.618066	0.48116	2.75419e-06	4.45615e-06
945	276	225	78	79	59	27	0.530561	0.63382	3.1271e-06	5.89396e-06
946	277	203	54	55	46	10	0.672738	0.3964	2.44604e-06	3.63595e-06
947	277	218	63	64	44	33	0.565401	0.57022	3.03397e-06	5.36604e-06
948	261	199	57	57	45	13	0.654254	0.42426	2.55698e-06	3.90824e-06
949	274	224	79	82	66	23	0.53139	0.63226	3.10904e-06	5.85077e-06
950	286	227	57	58	48	14	0.646851	0.43564	2.59893e-06	4.01783e-06
951	260	193	62	63	50	14	0.626855	0.46704	2.69552e-06	4.30006e-06
952	274	206	71	76	50	45	0.49323	0.70678	3.29527e-06	6.68101e-06
953	269	212	62	63	53	14	0.626855	0.46704	2.69552e-06	4.30006e-06
954	263	207	66	67	47	35	0.549218	0.59926	3.0985e-06	5.64165e-06
955	278	220	79	82	56	40	0.487259	0.71896	3.29096e-06	6.75403e-06
956	287	227	59	60	46	19	0.622694	0.4737	2.7376e-06	4.39639e-06
957	288	234	81	85	60	40	0.478165	0.7378	3.31051e-06	6.92337e-06
958	249	193	56	57	45	17	0.641042	0.44466	2.64159e-06	4.12078e-06
959	279	224	62	63	49	18	0.614197	0.48744	2.77162e-06	4.5126e-06
960	262	197	58	60	47	15	0.635527	0.4533	2.65895e-06	4.18385e-06
961	245	186	74	79	58	27	0.530561	0.63382	3.1271e-06	5.89396e-06
962	271	213	45	46	38	9	0.715495	0.33478	2.2e-06	3.07479e-06
963	261	198	66	67	51	17	0.602023	0.50746	2.82063e-06	4.68525e-06
964	279	217	74	74	65	10	0.597071	0.51572	2.81128e-06	4.70845e-06
965	249	196	61	64	44	28	0.580004	0.54472	2.95824e-06	5.10038e-06
966	290	220	64	64	45	23	0.594984	0.51922	2.87658e-06	4.83471e-06
967	251	194	54	54	40	18	0.649911	0.43092	2.60261e-06	4.00457e-06
968	310	248	73	73	61	20	0.570958	0.56044	2.95947e-06	5.18334e-06
969	263	207	50	51	40	16	0.669061	0.40188	2.4949e-06	3.72896e-06
970	293	229	81	84	58	37	0.488596	0.71622	3.27727e-06	6.70753e-06
971	272	214	65	66	45	33	0.558344	0.58278	3.05913e-06	5.47894e-06
972	256	217	69	70	51	28	0.558556	0.5824	3.03802e-06	5.43906e-06
973	281	218	61	61	48	16	0.628336	0.46468	2.69772e-06	4.29343e-06
974	267	214	69	72	57	22	0.568724	0.56436	2.97622e-06	5.23316e-06
975	287	219	59	62	51	14	0.630804	0.46076	2.67689e-06	4.24362e-06
976	270	221	63	64	51	15	0.619762	0.47842	2.73293e-06	4.40964e-06
977	271	201	64	65	51	16	0.612749	0.4898	2.76915e-06	4.51923e-06
978	265	217	47	49	34	32	0.624428	0.47092	2.78881e-06	4.46619e-06
979	299	225	69	70	49	25	0.567168	0.5671	2.99445e-06	5.27966e-06
980	273	212	44	44	38	7	0.731967	0.31202	2.09022e-06	2.85563e-06
981	266	202	67	68	54	16	0.601313	0.50864	2.8193e-06	4.68857e-06
982	282	225	60	64	48	18	0.610352	0.49372	2.78872e-06	4.56904e-06
983	259	208	58	59	49	14	0.642801	0.44192	2.61895e-06	4.07427e-06
984	295	238	65	67	56	13	0.61443	0.48706	2.74817e-06	4.47272e-06
985	255	201	57	59	49	11	0.652712	0.42662	2.55528e-06	3.91487e-06
986	261	193	69	69	51	24	0.573659	0.55572	2.96586e-06	5.17008e-06
987	266	209	59	60	47	16	0.632295	0.4584	2.67902e-06	4.23699e-06
988	256	197	55	59	42	32	0.586419	0.53372	2.95008e-06	5.03067e-06
989	274	206	67	68	53	20	0.58917	0.52904	2.88758e-06	4.9011e-06
990	258	202	68	71	53	23	0.569396	0.56318	2.97785e-06	5.22984e-06
991	284	225	56	57	43	19	0.634537	0.45486	2.68221e-06	4.22704e-06
992	241	194	43	43	36	8	0.732831	0.31084	2.09026e-06	2.85231e-06
993	297	226	67	69	53	18	0.591484	0.52512	2.86946e-06	4.85128e-06
994	257	199	55	56	41	22	0.628839	0.46388	2.72287e-06	4.33e-06
995	270	210	60	61	49	14	0.634778	0.45448	2.65792e-06	4.18717e-06
996	267	199	45	47	40	13	0.696658	0.36146	2.32946e-06	3.34377e-06
997	257	207	87	88	62	44	0.459765	0.77704	3.3587e-06	7.30525e-06
998	276	224	78	81	58	33	0.508149	0.67698	3.21438e-06	6.32565e-06
999	282	221	64	65	54	12	0.625377	0.4694	2.69331e-06	4.30669e-06
1000	285	236	77	79	55	34	0.511954	0.66952	3.20785e-06	6.26589e-06