Hist	Tr_Tot	Tr_in	DSBs	DSBt	RIFs	NComb	PSurv	lPSurv	PMut*	PMut
1	21	19	95	107	43	370	0.0773852	2.55896	1.98874e-06	2.56992e-05
2	11	10	53	64	20	217	0.221215	1.50862	3.34976e-06	1.51426e-05
3	26	23	89	103	41	489	0.0432508	3.14074	1.37521e-06	3.17962e-05
4	14	11	36	36	26	17	0.731411	0.31278	2.14697e-06	2.93538e-06
5	15	11	72	78	30	207	0.213197	1.54554	3.28355e-06	1.54015e-05
6	19	15	40	42	32	18	0.700781	0.35556	2.33164e-06	3.3272e-06
7	17	13	93	104	32	453	0.051642	2.96342	1.54616e-06	2.99399e-05
8	18	16	71	82	28	293	0.134088	2.00926	2.70814e-06	2.01967e-05
9	13	6	20	23	13	27	0.754168	0.28214	2.06106e-06	2.73289e-06
10	21	18	151	177	49	1090	0.00126769	6.67056	8.60842e-08	6.79064e-05
11	12	7	38	46	16	118	0.410377	0.89068	3.63853e-06	8.86631e-06
12	14	10	40	43	22	54	0.579587	0.54544	3.06975e-06	5.29644e-06
13	14	9	68	74	26	351	0.104892	2.25482	2.39437e-06	2.28269e-05
14	13	10	36	43	22	111	0.43338	0.83614	3.6079e-06	8.32503e-06
15	17	14	83	101	31	319	0.104227	2.26118	2.36082e-06	2.26507e-05
16	17	12	54	62	31	100	0.40683	0.89936	3.58542e-06	8.81307e-06
17	19	16	58	64	24	146	0.317741	1.14652	3.61274e-06	1.13701e-05
18	14	11	42	47	25	52	0.571003	0.56036	3.09253e-06	5.41596e-06
19	22	17	93	101	29	320	0.103697	2.26628	2.35432e-06	2.27038e-05
20	12	6	26	26	16	20	0.766991	0.26528	1.94072e-06	2.5303e-06
21	16	12	73	84	33	199	0.213863	1.54242	3.27533e-06	1.53151e-05
22	15	12	96	118	28	516	0.034299	3.37264	1.16882e-06	3.40775e-05
23	15	11	45	48	22	79	0.494435	0.70434	3.41506e-06	6.90701e-06
24	17	15	64	71	32	118	0.350751	1.04768	3.60484e-06	1.02775e-05
25	23	15	107	134	42	472	0.0388239	3.24872	1.26732e-06	3.26428e-05
26	19	15	117	135	39	451	0.0429422	3.1479	1.35627e-06	3.15835e-05
27	9	7	67	84	20	384	0.0832489	2.48592	2.09327e-06	2.51447e-05
28	23	19	117	132	50	405	0.0553289	2.89446	1.60288e-06	2.897e-05
29	13	11	103	116	38	689	0.0143733	4.24238	6.20306e-07	4.31567e-05
30	18	15	30	37	11	129	0.410549	0.89026	3.67143e-06	8.94274e-06
31	15	13	70	78	25	283	0.144693	1.93314	2.81278e-06	1.94396e-05
32	17	13	113	140	48	381	0.059469	2.8223	1.67384e-06	2.81464e-05
33	15	11	54	60	26	135	0.344624	1.0653	3.63918e-06	1.05598e-05
34	15	11	82	93	36	234	0.16907	1.77744	2.98964e-06	1.76828e-05
35	17	13	47	54	23	105	0.41702	0.87462	3.5977e-06	8.62716e-06
36	12	9	20	23	12	24	0.765796	0.26684	1.97077e-06	2.57349e-06
37	18	15	79	92	29	349	0.0946414	2.35766	2.24647e-06	2.37367e-05
38	13	10	74	83	33	202	0.211943	1.55144	3.26774e-06	1.54181e-05
39	20	11	46	52	27	116	0.399253	0.91816	3.63269e-06	9.09873e-06
40	15	10	80	86	29	281	0.139014	1.97318	2.75038e-06	1.97849e-05
41	19	17	110	130	24	755	0.00940137	4.6669	4.4613e-07	4.74538e-05
42	18	15	72	80	35	319	0.118921	2.1293	2.55266e-06	2.14653e-05
43	27	18	73	79	38	135	0.305862	1.18462	3.5579e-06	1.16323e-05
44	20	17	122	138	47	310	0.0864975	2.44764	2.09852e-06	2.42611e-05
45	15	12	48	56	29	89	0.446829	0.80558	3.52544e-06	7.88992e-06
46	24	16	81	91	33	220	0.183879	1.69348	3.09395e-06	1.6826e-05
47	14	9	36	41	16	83	0.506222	0.68078	3.40404e-06	6.72441e-06
48	15	13	114	134	32	522	0.0300853	3.50372	1.06199e-06	3.52995e-05
49	16	12	72	80	31	197	0.221552	1.5071	3.31952e-06	1.4983e-05
50	23	17	105	123	39	417	0.0550706	2.89914	1.60253e-06	2.90996e-05
51	18	15	72	80	32	279	0.145832	1.9253	2.82039e-06	1.934e-05
52	20	15	72	85	30	495	0.0469675	3.0583	1.46064e-06	3.1099e-05
53	21	16	111	134	47	443	0.0450123	3.10082	1.39997e-06	3.1102e-05
54	11	8	21	26	8	115	0.47247	0.74978	3.58036e-06	7.57796e-06
55	26	23	147	165	59	521	0.0248897	3.6933	9.20827e-07	3.69963e-05
56	14	11	56	67	29	219	0.214883	1.53766	3.31311e-06	1.54182e-05
57	14	12	59	65	18	207	0.231332	1.4639	3.39311e-06	1.46677e-05
58	16	11	52	59	21	201	0.247679	1.39562	3.47003e-06	1.40102e-05
59	13	8	116	130	41	420	0.0519019	2.9584	1.53911e-06	2.96541e-05
60	11	8	17	19	9	26	0.777307	0.25192	1.90749e-06	2.45397e-06
61	12	11	64	74	17	616	0.0271516	3.60632	1.00209e-06	3.69072e-05
62	15	14	46	48	19	92	0.462717	0.77064	3.5156e-06	7.59774e-06
63	19	16	94	105	32	526	0.0353662	3.342	1.19803e-06	3.38751e-05
64	15	11	64	72	26	236	0.190947	1.65576	3.17042e-06	1.66037e-05
65	14	11	22	22	15	10	0.827654	0.18916	1.46758e-06	1.77318e-06
66	21	18	57	62	35	55	0.51178	0.66986	3.28669e-06	6.42208e-06
67	16	10	85	92	36	339	0.0995933	2.30666	2.3111e-06	2.32053e-05
68	7	6	15	16	8	36	0.752706	0.28408	2.11959e-06	2.81596e-06
69	19	14	67	74	25	292	0.141717	1.95392	2.7907e-06	1.9692e-05
70	10	6	13	14	11	4	0.89734	0.10832	8.99852e-07	1.0028e-06
71	22	17	98	116	46	333	0.0883208	2.42678	2.14101e-06	2.42413e-05
72	12	9	29	30	18	29	0.714409	0.3363	2.31061e-06	3.23429e-06
73	17	11	29	33	15	42	0.656101	0.42144	2.68632e-06	4.09437e-06
74	15	12	93	107	23	907	0.00500329	5.29766	2.71337e-07	5.42317e-05
75	15	14	67	83	28	389	0.0816642	2.50514	2.07051e-06	2.5354e-05
76	17	15	86	104	31	705	0.0142839	4.24862	6.18915e-07	4.33295e-05
77	27	23	121	133	35	440	0.0459942	3.07924	1.42058e-06	3.08861e-05
78	19	9	69	75	27	200	0.225147	1.491	3.34574e-06	1.48602e-05
79	11	8	49	61	18	299	0.14838	1.90798	2.8682e-06	1.93301e-05
80	22	14	76	81	41	154	0.27415	1.29408	3.49672e-06	1.27548e-05
81	12	5	22	27	8	100	0.50684	0.67956	3.46547e-06	6.83741e-06
82	20	16	54	61	31	86	0.439692	0.82168	3.52315e-06	8.01276e-06
83	15	12	102	120	28	610	0.0209713	3.8646	8.2176e-07	3.9185e-05
84	9	5	48	56	10	433	0.0773063	2.55998	2.02293e-06	2.61677e-05
85	17	14	71	86	25	297	0.128121	2.05478	2.64378e-06	2.06351e-05
86	14	9	51	57	23	94	0.432852	0.83736	3.55459e-06	8.21203e-06
87	18	11	27	27	15	28	0.731718	0.31236	2.2038e-06	3.01181e-06
88	14	10	44	48	21	86	0.477095	0.74004	3.47274e-06	7.27894e-06
89	15	11	70	84	27	439	0.0628867	2.76642	1.76505e-06	2.80671e-05
90	13	10	41	44	22	122	0.407172	0.89852	3.65068e-06	8.96594e-06
91	22	13	97	111	37	278	0.120648	2.11488	2.53803e-06	2.10367e-05
92	15	12	51	56	22	161	0.309505	1.17278	3.62601e-06	1.17155e-05
93	23	17	87	97	37	182	0.214948	1.53736	3.25553e-06	1.51457e-05
94	17	12	26	33	18	55	0.614012	0.48774	2.93811e-06	4.7851e-06
95	15	11	112	129	27	842	0.00607047	5.10432	3.15785e-07	5.20199e-05
96	20	15	131	151	41	597	0.0184447	3.99298	7.42289e-07	4.02441e-05
97	16	12	45	49	18	146	0.349127	1.05232	3.67399e-06	1.05234e-05
98	16	14	38	48	21	99	0.446489	0.80634	3.55837e-06	7.96967e-06
99	13	8	35	37	17	101	0.473568	0.74746	3.53046e-06	7.45501e-06
100	16	9	64	67	24	230	0.20316	1.59376	3.2511e-06	1.60026e-05
101	16	13	71	76	28	184	0.24276	1.41568	3.4148e-06	1.40665e-05
102	21	13	67	75	23	251	0.173583	1.7511	3.04985e-06	1.757e-05
103	18	17	74	86	33	203	0.206929	1.57538	3.23648e-06	1.56405e-05
104	16	11	44	49	21	144	0.352706	1.04212	3.67418e-06	1.04171e-05
105	20	15	73	85	37	182	0.231772	1.462	3.35335e-06	1.44683e-05
106	11	9	39	39	16	83	0.51262	0.66822	3.38919e-06	6.61151e-06
107	25	15	104	114	35	413	0.0594738	2.82222	1.68781e-06	2.8379e-05
108	14	13	31	32	21	21	0.734871	0.30806	2.14738e-06	2.92212e-06
109	22	16	87	104	28	411	0.0639777	2.74922	1.77271e-06	2.77083e-05
110	16	15	100	111	28	476	0.043951	3.12468	1.38697e-06	3.15571e-05
111	18	15	49	51	26	57	0.542819	0.61098	3.20666e-06	5.90742e-06
112	18	15	61	73	23	309	0.130767	2.03434	2.6858e-06	2.05388e-05
113	6	5	8	8	8	0	0.951001	0.05024	4.29454e-07	4.51581e-07
114	16	15	64	74	29	438	0.0673051	2.69852	1.84749e-06	2.74495e-05
115	18	13	53	61	21	166	0.292386	1.22968	3.58565e-06	1.22634e-05
116	16	13	56	66	19	273	0.164182	1.80678	2.99319e-06	1.82309e-05
117	14	13	49	53	26	97	0.437123	0.82754	3.56065e-06	8.14564e-06
118	13	11	28	33	15	94	0.503264	0.68664	3.45103e-06	6.85729e-06
119	16	14	99	113	32	394	0.065938	2.71904	1.80097e-06	2.73131e-05
120	10	5	16	18	9	21	0.802406	0.22014	1.71061e-06	2.13185e-06
121	18	14	90	102	25	464	0.0494418	3.00696	1.5036e-06	3.04115e-05
122	9	8	19	24	8	77	0.580759	0.54342	3.16281e-06	5.446e-06
123	21	16	122	134	37	821	0.00654784	5.02862	3.3516e-07	5.11863e-05
124	12	11	58	63	25	136	0.336472	1.08924	3.62795e-06	1.07823e-05
125	18	14	64	69	25	254	0.177511	1.72872	3.08705e-06	1.73907e-05
126	14	13	47	51	24	111	0.412145	0.88638	3.61724e-06	8.77661e-06
127	18	11	25	27	16	13	0.789891	0.23586	1.74946e-06	2.21482e-06
128	17	15	66	75	22	321	0.121469	2.1081	2.58598e-06	2.12893e-05
129	8	5	16	19	6	79	0.593202	0.52222	3.12619e-06	5.27003e-06
130	19	17	121	137	41	377	0.061849	2.78306	1.71721e-06	2.77645e-05
131	13	11	51	61	16	195	0.252188	1.37758	3.48127e-06	1.38043e-05
132	22	18	100	128	33	506	0.0338966	3.38444	1.15624e-06	3.41107e-05
133	12	9	63	69	23	238	0.192604	1.64712	3.18578e-06	1.65406e-05
134	20	17	95	105	38	235	0.156	1.8579	2.87247e-06	1.84133e-05
135	15	14	133	150	35	723	0.00976159	4.6293	4.57647e-07	4.68824e-05
136	11	7	57	67	19	270	0.16567	1.79776	3.00325e-06	1.8128e-05
137	17	12	31	34	16	54	0.613288	0.48892	2.93668e-06	4.78841e-06
138	18	16	97	112	31	401	0.0640264	2.74846	1.76896e-06	2.76285e-05
139	19	14	96	114	36	292	0.110237	2.20512	2.4197e-06	2.19499e-05
140	9	6	8	9	7	2	0.935457	0.06672	5.74646e-07	6.14295e-07
141	12	7	23	24	19	6	0.834168	0.18132	1.39602e-06	1.67354e-06
142	14	10	72	77	30	219	0.201804	1.60046	3.22535e-06	1.59826e-05
143	24	19	111	130	44	384	0.0623619	2.7748	1.73e-06	2.77413e-05
144	15	10	94	106	33	337	0.0921461	2.38438	2.20131e-06	2.38893e-05
145	14	11	27	31	16	34	0.692062	0.36808	2.46125e-06	3.5564e-06
146	17	14	61	66	28	127	0.345701	1.06218	3.62069e-06	1.04735e-05
147	15	13	40	42	25	29	0.66255	0.41166	2.59167e-06	3.91166e-06
148	20	16	81	90	30	307	0.11873	2.1309	2.5399e-06	2.13922e-05
149	17	11	42	44	24	61	0.555759	0.58742	3.18162e-06	5.72482e-06
150	23	14	60	67	34	83	0.429961	0.84406	3.52226e-06	8.19204e-06
151	13	11	98	110	21	852	0.0064997	5.036	3.34596e-07	5.14787e-05
152	14	12	54	57	20	155	0.317125	1.14846	3.63208e-06	1.14532e-05
153	15	12	51	52	32	93	0.448943	0.80086	3.53617e-06	7.87666e-06
154	11	8	33	34	16	100	0.485042	0.72352	3.50808e-06	7.23254e-06
155	18	13	87	101	35	241	0.155147	1.86338	2.8712e-06	1.85063e-05
156	19	11	53	59	25	99	0.416687	0.87542	3.57959e-06	8.5906e-06
157	20	13	112	135	36	467	0.0395773	3.2295	1.28363e-06	3.24336e-05
158	10	10	72	81	20	343	0.104561	2.25798	2.38368e-06	2.27969e-05
159	24	21	92	110	43	227	0.157473	1.8485	2.87711e-06	1.82705e-05
160	13	8	49	65	18	210	0.22782	1.4792	3.3779e-06	1.48271e-05
161	19	15	89	106	33	444	0.0533928	2.93008	1.57907e-06	2.95746e-05
162	16	13	53	59	24	113	0.387973	0.94682	3.62152e-06	9.33446e-06
163	19	14	49	57	22	115	0.38889	0.94446	3.6275e-06	9.32783e-06
164	18	13	40	45	19	123	0.402564	0.9099	3.65348e-06	9.07553e-06
165	20	13	73	80	27	255	0.16482	1.8029	2.97744e-06	1.80648e-05
166	21	18	67	72	35	105	0.372447	0.98766	3.59159e-06	9.64321e-06
167	11	9	80	86	22	453	0.0578223	2.85038	1.67244e-06	2.89238e-05
168	17	12	44	46	25	64	0.54049	0.61528	3.24138e-06	5.99711e-06
169	13	9	55	60	23	130	0.353525	1.0398	3.63925e-06	1.02942e-05
170	14	11	40	40	21	38	0.640824	0.445	2.74078e-06	4.27697e-06
171	16	9	38	42	16	167	0.327764	1.11546	3.6854e-06	1.1244e-05
172	12	7	22	22	13	31	0.743594	0.29626	2.14823e-06	2.88898e-06
173	18	15	30	30	21	10	0.7871	0.2394	1.75111e-06	2.22476e-06
174	11	7	57	61	30	237	0.203563	1.59178	3.26431e-06	1.60359e-05
175	21	17	92	112	40	529	0.0333312	3.40126	1.14758e-06	3.44296e-05
176	10	8	38	45	12	153	0.345453	1.0629	3.68581e-06	1.06695e-05
177	14	8	55	63	25	274	0.166453	1.79304	3.01525e-06	1.81147e-05
178	14	11	92	105	23	705	0.0141945	4.2549	6.15842e-07	4.33859e-05
179	19	15	81	86	42	136	0.291219	1.23368	3.5181e-06	1.20806e-05
180	16	13	72	81	20	480	0.0519912	2.95668	1.5637e-06	3.00762e-05
181	13	9	57	64	22	197	0.24497	1.40662	3.44915e-06	1.40799e-05
182	19	15	77	83	33	247	0.16848	1.78094	3.00046e-06	1.78091e-05
183	14	9	71	78	23	257	0.16521	1.80054	2.98338e-06	1.80581e-05
184	22	15	41	44	19	75	0.517462	0.65882	3.3473e-06	6.46868e-06
185	12	8	34	41	9	217	0.25559	1.36418	3.53846e-06	1.38443e-05
186	22	19	55	60	34	101	0.409876	0.8919	3.58777e-06	8.75331e-06
187	15	13	35	39	17	62	0.57057	0.56112	3.13569e-06	5.49571e-06
188	13	11	70	81	23	420	0.0706032	2.65068	1.89839e-06	2.68882e-05
189	17	13	67	77	34	162	0.269885	1.30976	3.4961e-06	1.2954e-05
190	19	15	90	101	30	378	0.0771441	2.56208	1.9892e-06	2.57856e-05
191	19	15	76	90	27	517	0.0406848	3.2019	1.3243e-06	3.25501e-05
192	8	7	55	64	20	237	0.199764	1.61062	3.23721e-06	1.62052e-05
193	22	21	96	110	30	405	0.0635264	2.7563	1.76147e-06	2.77282e-05
194	18	13	27	33	19	69	0.571701	0.55914	3.16091e-06	5.52896e-06
195	18	16	58	67	22	337	0.117718	2.13946	2.55306e-06	2.16879e-05
196	19	15	53	64	22	208	0.231605	1.46272	3.39634e-06	1.46644e-05
197	15	13	92	104	27	530	0.0348703	3.35612	1.18668e-06	3.40311e-05
198	17	12	82	89	23	433	0.0628364	2.76722	1.76134e-06	2.80305e-05
199	12	9	43	48	19	170	0.310851	1.16844	3.65006e-06	1.17421e-05
200	19	12	70	79	40	104	0.358252	1.02652	3.57722e-06	9.98521e-06
201	18	13	66	74	28	244	0.181025	1.70912	3.10306e-06	1.71416e-05
202	25	22	104	117	39	801	0.00806792	4.81986	3.96652e-07	4.91641e-05
203	13	9	120	145	35	714	0.0105461	4.552	4.86407e-07	4.6122e-05
204	15	15	68	76	32	125	0.327987	1.11478	3.58545e-06	1.09317e-05
205	15	12	53	61	25	157	0.306119	1.18378	3.60768e-06	1.17852e-05
206	16	11	44	46	25	54	0.56877	0.56428	3.10877e-06	5.46578e-06
207	17	12	65	67	39	95	0.404437	0.90526	3.57103e-06	8.82964e-06
208	22	19	129	140	43	663	0.0141152	4.2605	6.0879e-07	4.313e-05
209	20	12	46	52	25	83	0.472433	0.74986	3.47017e-06	7.34533e-06
210	10	9	55	61	22	244	0.196424	1.62748	3.22289e-06	1.64078e-05
211	24	17	93	103	41	226	0.165391	1.79944	2.94764e-06	1.78222e-05
212	13	11	89	94	35	270	0.139831	1.96732	2.74797e-06	1.9652e-05
213	15	12	59	65	18	308	0.138207	1.979	2.76886e-06	2.00341e-05
214	16	14	63	69	26	190	0.246026	1.40232	3.44194e-06	1.39902e-05
215	21	17	81	94	36	268	0.141265	1.95712	2.76113e-06	1.95458e-05
216	18	17	99	121	29	613	0.0205236	3.88618	8.08646e-07	3.94008e-05
217	9	6	23	25	14	30	0.733447	0.31	2.20414e-06	3.00519e-06
218	20	15	76	84	37	126	0.31033	1.17012	3.54905e-06	1.14364e-05
219	11	10	51	59	18	138	0.34153	1.07432	3.64166e-06	1.06628e-05
220	25	20	91	106	53	262	0.135081	2.00188	2.6887e-06	1.99043e-05
221	14	10	50	55	23	97	0.431667	0.8401	3.56494e-06	8.25854e-06
222	13	10	80	92	25	347	0.0956117	2.34746	2.25934e-06	2.36304e-05
223	17	14	55	58	23	208	0.240499	1.42504	3.44531e-06	1.43257e-05
224	14	11	89	107	18	765	0.0103222	4.57346	4.8191e-07	4.66868e-05
225	18	15	99	119	32	503	0.0364206	3.31262	1.21802e-06	3.34433e-05
226	13	11	53	58	24	154	0.316751	1.14964	3.62885e-06	1.14565e-05
227	21	14	55	64	25	220	0.217856	1.52392	3.33362e-06	1.5302e-05
228	18	13	89	103	34	613	0.0229798	3.77314	8.82074e-07	3.83848e-05
229	20	15	70	78	23	324	0.117392	2.14224	2.53778e-06	2.16181e-05
230	14	10	72	83	43	174	0.244476	1.40864	3.40562e-06	1.39303e-05
231	11	7	16	16	14	3	0.890671	0.11578	9.46393e-07	1.06256e-06
232	16	13	85	99	27	369	0.0817884	2.50362	2.06061e-06	2.51945e-05
233	12	7	38	42	20	63	0.557072	0.58506	3.18545e-06	5.71819e-06
234	18	13	71	79	24	302	0.130508	2.03632	2.67615e-06	2.05056e-05
235	18	16	35	40	14	103	0.460013	0.7765	3.55619e-06	7.73062e-06
236	21	19	94	108	36	375	0.0749645	2.59074	1.95067e-06	2.60213e-05
237	12	10	23	23	19	7	0.835153	0.18014	1.3949e-06	1.67023e-06
238	24	17	66	79	31	183	0.239448	1.42942	3.39602e-06	1.41827e-05
239	14	11	24	25	11	32	0.726004	0.3202	2.25893e-06	3.11145e-06
240	14	8	83	96	24	440	0.0580251	2.84688	1.67098e-06	2.87976e-05
241	17	12	25	31	17	42	0.664394	0.40888	2.64526e-06	3.98147e-06
242	21	19	94	102	44	470	0.0479517	3.03756	1.47357e-06	3.07303e-05
243	19	15	72	78	29	172	0.25486	1.36704	3.45127e-06	1.35418e-05
244	8	8	58	68	26	219	0.213538	1.54394	3.30442e-06	1.54746e-05
245	22	17	53	56	22	103	0.416037	0.87698	3.59198e-06	8.63379e-06
246	12	11	88	96	29	389	0.075262	2.58678	1.96342e-06	2.60878e-05
247	29	24	87	97	51	116	0.300965	1.20076	3.5029e-06	1.16389e-05
248	20	16	64	73	37	116	0.349924	1.05004	3.59866e-06	1.02841e-05
249	16	14	84	100	33	305	0.112647	2.1835	2.46137e-06	2.18504e-05
250	11	9	45	50	19	94	0.452304	0.7934	3.53562e-06	7.8169e-06
251	14	12	55	67	25	149	0.307076	1.18066	3.59243e-06	1.16988e-05
252	19	16	58	59	28	155	0.313167	1.16102	3.6221e-06	1.15661e-05
253	19	17	96	104	40	519	0.0368824	3.30002	1.23359e-06	3.34467e-05
254	15	10	43	49	22	80	0.48884	0.71572	3.42999e-06	7.01659e-06
255	13	10	53	61	26	124	0.362229	1.01548	3.63381e-06	1.00318e-05
256	18	16	40	45	22	57	0.563662	0.5733	3.13889e-06	5.56873e-06
257	15	13	34	34	19	34	0.679145	0.38692	2.53032e-06	3.72575e-06
258	18	11	61	69	25	228	0.202681	1.59612	3.24478e-06	1.60093e-05
259	17	13	80	93	33	270	0.140712	1.96104	2.75733e-06	1.95956e-05
260	6	6	7	7	7	0	0.956992	0.04396	3.78139e-07	3.95133e-07
261	20	18	67	77	23	287	0.142664	1.94726	2.79561e-06	1.95957e-05
262	10	8	57	65	18	281	0.158611	1.8413	2.95009e-06	1.85995e-05
263	23	21	103	115	33	473	0.0435215	3.1345	1.3763e-06	3.16235e-05
264	13	11	36	42	12	134	0.387841	0.94716	3.68086e-06	9.49065e-06
265	16	15	97	101	35	437	0.0570984	2.86298	1.65131e-06	2.89204e-05
266	15	12	68	75	21	168	0.26506	1.3278	3.48817e-06	1.31599e-05
267	23	19	131	139	34	691	0.012314	4.39702	5.48726e-07	4.45613e-05
268	17	13	105	117	37	405	0.0607943	2.80026	1.70974e-06	2.81233e-05
269	11	7	29	29	21	12	0.784021	0.24332	1.78332e-06	2.27458e-06
270	20	16	64	70	33	149	0.301345	1.1995	3.57641e-06	1.18682e-05
271	10	8	35	39	14	98	0.474867	0.74472	3.51806e-06	7.40851e-06
272	24	20	64	66	47	37	0.547069	0.60318	3.11363e-06	5.69147e-06
273	13	9	92	104	34	348	0.0882201	2.42792	2.14912e-06	2.43609e-05
274	16	13	75	83	29	285	0.138797	1.97474	2.75209e-06	1.98281e-05
275	15	12	46	56	26	73	0.484819	0.72398	3.41302e-06	7.03979e-06
276	15	10	24	27	13	31	0.720608	0.32766	2.2852e-06	3.17121e-06
277	18	15	80	91	30	257	0.152258	1.88218	2.86122e-06	1.8792e-05
278	14	11	51	55	22	140	0.346664	1.0594	3.65497e-06	1.05433e-05
279	20	18	91	102	34	289	0.120698	2.11446	2.54832e-06	2.11131e-05
280	17	14	69	80	19	330	0.112433	2.1854	2.47912e-06	2.20498e-05
281	22	17	86	102	38	454	0.0520287	2.95596	1.55462e-06	2.98801e-05
282	14	11	60	72	27	212	0.215809	1.53336	3.30803e-06	1.53285e-05
283	13	9	47	50	15	151	0.338206	1.0841	3.66801e-06	1.08455e-05
284	16	13	41	45	21	130	0.388446	0.9456	3.66983e-06	9.44746e-06
285	18	12	60	70	25	265	0.166777	1.7911	3.00725e-06	1.80316e-05
286	18	16	46	51	26	96	0.444911	0.80988	3.55022e-06	7.97961e-06
287	16	11	43	47	24	53	0.568099	0.56546	3.10699e-06	5.4691e-06
288	21	18	67	70	33	129	0.333704	1.0975	3.60585e-06	1.08055e-05
289	11	8	46	50	15	167	0.311704	1.1657	3.64558e-06	1.16956e-05
290	13	7	29	34	13	77	0.545409	0.60622	3.27816e-06	6.01047e-06
291	14	10	16	16	10	16	0.833535	0.18208	1.46143e-06	1.75329e-06
292	15	13	74	84	23	300	0.12777	2.05752	2.64249e-06	2.06816e-05
293	16	12	32	37	15	91	0.498346	0.69646	3.45039e-06	6.92368e-06
294	23	15	98	128	31	609	0.0200457	3.90974	7.93478e-07	3.95834e-05
295	19	14	88	100	22	606	0.0242679	3.7186	9.18382e-07	3.78435e-05
296	18	15	70	75	29	194	0.232143	1.4604	3.37569e-06	1.45414e-05
297	22	13	70	74	34	115	0.349511	1.05122	3.59557e-06	1.02874e-05
298	12	8	36	39	17	92	0.489623	0.71412	3.47128e-06	7.08971e-06
299	28	23	81	96	35	304	0.116103	2.15328	2.50451e-06	2.15715e-05
300	15	13	104	113	34	428	0.0554408	2.89244	1.61441e-06	2.91196e-05
301	17	9	52	59	21	127	0.361237	1.01822	3.64067e-06	1.00783e-05
302	13	7	16	17	14	4	0.880593	0.12716	1.03218e-06	1.17214e-06
303	15	14	42	47	23	79	0.49755	0.69806	3.40849e-06	6.85056e-06
304	13	8	28	30	12	63	0.600676	0.5097	3.0279e-06	5.04082e-06
305	20	13	58	61	36	99	0.411486	0.88798	3.58137e-06	8.70349e-06
306	16	14	75	79	34	133	0.308998	1.17442	3.56154e-06	1.15261e-05
307	13	7	108	119	23	703	0.0131331	4.33262	5.78774e-07	4.40699e-05
308	21	13	40	41	23	80	0.514027	0.66548	3.37459e-06	6.56501e-06
309	15	10	35	38	15	82	0.518487	0.65684	3.37117e-06	6.50193e-06
310	19	14	28	30	20	18	0.755633	0.2802	2.00229e-06	2.64983e-06
311	17	13	49	55	20	129	0.366667	1.0033	3.65157e-06	9.9588e-06
312	18	10	42	49	23	108	0.423789	0.85852	3.60403e-06	8.50432e-06
313	19	15	102	117	43	465	0.0447681	3.10626	1.40175e-06	3.13113e-05
314	24	18	111	133	44	481	0.0373157	3.28834	1.23383e-06	3.30646e-05
315	23	17	67	78	29	179	0.245922	1.40274	3.4217e-06	1.39138e-05
316	13	9	42	45	28	34	0.633814	0.456	2.75498e-06	4.34667e-06
317	14	12	102	112	28	1351	0.000503735	7.59346	3.93443e-08	7.81051e-05
318	15	13	31	34	23	15	0.748249	0.29002	2.03241e-06	2.71622e-06
319	15	11	57	67	26	195	0.242862	1.41526	3.43479e-06	1.4143e-05
320	17	13	31	33	15	51	0.626667	0.46734	2.86547e-06	4.57256e-06
321	13	9	23	24	16	15	0.796745	0.22722	1.71439e-06	2.15174e-06
322	20	16	87	106	30	432	0.0567625	2.86888	1.64253e-06	2.8937e-05
323	10	8	67	80	26	300	0.131021	2.0324	2.68013e-06	2.04558e-05
324	24	20	59	71	35	145	0.30563	1.18538	3.57957e-06	1.17121e-05
325	13	9	46	52	18	117	0.397222	0.92326	3.63532e-06	9.15186e-06
326	15	11	85	99	33	424	0.0617834	2.78412	1.73715e-06	2.81168e-05
327	16	13	72	85	26	299	0.12762	2.0587	2.6398e-06	2.06849e-05
328	16	12	48	52	26	110	0.411659	0.88756	3.61434e-06	8.77993e-06
329	19	16	74	82	27	292	0.134773	2.00416	2.71482e-06	2.01436e-05
330	15	13	49	54	23	157	0.319877	1.13982	3.64342e-06	1.13901e-05
331	17	11	88	98	34	345	0.0930201	2.37494	2.21972e-06	2.38628e-05
332	13	11	65	76	24	245	0.177856	1.72678	3.07827e-06	1.73077e-05
333	24	21	105	121	42	344	0.0809212	2.51428	2.03177e-06	2.5108e-05
334	14	12	50	57	28	107	0.405084	0.90366	3.60637e-06	8.90277e-06
335	14	11	20	22	13	22	0.77852	0.25036	1.87684e-06	2.41078e-06
336	16	9	40	43	21	81	0.505029	0.68314	3.39937e-06	6.73104e-06
337	22	17	85	95	37	373	0.0821753	2.4989	2.06927e-06	2.51812e-05
338	18	15	90	100	28	595	0.0256683	3.6625	9.56374e-07	3.7259e-05
339	17	13	63	67	23	278	0.159046	1.83856	2.95079e-06	1.8553e-05
340	21	17	61	66	35	85	0.428279	0.84798	3.52982e-06	8.24186e-06
341	11	8	77	88	15	827	0.0084775	4.77034	4.14622e-07	4.89085e-05
342	20	15	51	54	30	58	0.529978	0.63492	3.24871e-06	6.1299e-06
343	14	12	72	83	34	303	0.126623	2.06654	2.6318e-06	2.07845e-05
344	16	13	88	113	33	502	0.0380125	3.26984	1.25637e-06	3.30514e-05
345	16	11	45	50	24	135	0.366961	1.0025	3.66791e-06	9.99536e-06
346	16	11	53	61	21	226	0.215309	1.53568	3.32683e-06	1.54514e-05
347	18	16	85	101	32	411	0.0651945	2.73038	1.79539e-06	2.7539e-05
348	19	15	124	147	39	765	0.00802928	4.82466	3.92991e-07	4.89447e-05
349	21	13	54	61	25	150	0.317245	1.14808	3.62081e-06	1.14133e-05
350	12	8	18	18	9	21	0.802406	0.22014	1.71061e-06	2.13185e-06
351	27	22	136	160	46	626	0.0150346	4.1974	6.35859e-07	4.2293e-05
352	14	12	60	73	29	145	0.301815	1.19794	3.56896e-06	1.1825e-05
353	11	9	42	49	19	77	0.496377	0.70042	3.40375e-06	6.85719e-06
354	16	13	56	60	29	75	0.467994	0.7593	3.44998e-06	7.37185e-06
355	16	14	64	75	36	118	0.342049	1.0728	3.59264e-06	1.05033e-05
356	20	14	51	57	27	187	0.269373	1.31166	3.54317e-06	1.31534e-05
357	16	12	23	26	14	31	0.725148	0.32138	2.25867e-06	3.11477e-06
358	17	15	75	87	24	290	0.131946	2.02536	2.68109e-06	2.03196e-05
359	16	12	64	69	32	233	0.197578	1.62162	3.21557e-06	1.62749e-05
360	19	13	43	47	24	81	0.4925	0.70826	3.42624e-06	6.95683e-06
361	15	13	100	115	39	242	0.141366	1.9564	2.7354e-06	1.93497e-05
362	20	15	83	91	38	392	0.0764835	2.57068	1.98589e-06	2.59649e-05
363	17	12	16	18	15	4	0.87508	0.13344	1.07511e-06	1.22859e-06
364	25	20	90	100	36	265	0.138138	1.9795	2.72479e-06	1.97251e-05
365	19	13	46	51	20	202	0.259116	1.35048	3.52702e-06	1.36117e-05
366	10	7	40	41	17	73	0.532709	0.62978	3.29911e-06	6.19308e-06
367	23	21	82	91	35	211	0.192515	1.64758	3.14721e-06	1.63478e-05
368	13	9	73	82	22	315	0.119857	2.12146	2.56081e-06	2.13657e-05
369	17	15	69	75	30	151	0.289066	1.2411	3.54299e-06	1.22567e-05
370	15	9	24	25	21	5	0.833185	0.1825	1.39713e-06	1.67686e-06
371	24	17	103	121	52	350	0.0784825	2.54488	1.99556e-06	2.54268e-05
372	17	14	54	66	30	120	0.358266	1.02648	3.61903e-06	1.01015e-05
373	14	9	45	47	22	124	0.395518	0.92756	3.6552e-06	9.24155e-06
374	20	18	131	148	44	471	0.035738	3.33154	1.19293e-06	3.338e-05
375	9	8	31	34	15	49	0.629128	0.46342	2.84539e-06	4.52275e-06
376	23	18	110	126	39	482	0.0387944	3.24948	1.26945e-06	3.27226e-05
377	13	8	38	39	23	40	0.638317	0.44892	2.76186e-06	4.32678e-06
378	13	12	26	30	18	48	0.648431	0.4332	2.75182e-06	4.24382e-06
379	15	13	53	57	22	114	0.390878	0.93936	3.62527e-06	9.2747e-06
380	18	14	59	64	23	235	0.201812	1.60042	3.24896e-06	1.60989e-05
381	17	13	112	130	44	397	0.0583614	2.8411	1.65934e-06	2.84321e-05
382	3	0	1	1	1	0	0.99374	0.00628	5.60942e-08	5.64476e-08
383	11	10	53	60	25	168	0.291242	1.2336	3.58613e-06	1.23132e-05
384	16	12	56	59	25	129	0.357571	1.02842	3.64172e-06	1.01846e-05
385	23	17	140	163	52	498	0.0283412	3.56344	1.01068e-06	3.56613e-05
386	10	9	51	58	14	317	0.13794	1.98094	2.77495e-06	2.01172e-05
387	15	12	66	74	29	172	0.261343	1.34192	3.48006e-06	1.3316e-05
388	16	12	44	49	17	129	0.380747	0.96562	3.66283e-06	9.62012e-06
389	10	7	34	36	21	30	0.684491	0.37908	2.48204e-06	3.62611e-06
390	18	16	41	46	20	67	0.532283	0.63058	3.27701e-06	6.15651e-06
391	18	13	59	64	23	169	0.282573	1.26382	3.5582e-06	1.25922e-05
392	20	17	86	96	39	300	0.118496	2.13288	2.53094e-06	2.13589e-05
393	11	6	16	16	11	8	0.868246	0.14128	1.15323e-06	1.32823e-06
394	21	15	77	81	33	263	0.15724	1.84998	2.91622e-06	1.85463e-05
395	14	11	55	60	18	172	0.285361	1.254	3.57437e-06	1.25258e-05
396	17	15	96	119	27	792	0.00834144	4.78652	4.07052e-07	4.87988e-05
397	16	11	46	56	14	271	0.176616	1.73378	3.1014e-06	1.75602e-05
398	10	6	60	72	17	349	0.107307	2.23206	2.42597e-06	2.26077e-05
399	18	16	49	52	30	66	0.515221	0.66316	3.31909e-06	6.44207e-06
400	20	15	44	48	27	44	0.591059	0.52584	2.98328e-06	5.04735e-06
401	21	20	91	102	40	171	0.220323	1.51266	3.27035e-06	1.48434e-05
402	11	9	39	43	18	94	0.472631	0.74944	3.50776e-06	7.42177e-06
403	26	16	108	120	40	471	0.0426086	3.1557	1.35493e-06	3.17994e-05
404	14	13	101	128	28	725	0.0110941	4.50134	5.07521e-07	4.57469e-05
405	19	12	124	147	42	1323	0.000466403	7.67046	3.6656e-08	7.8593e-05
406	16	13	45	50	18	148	0.34342	1.0688	3.66982e-06	1.06861e-05
407	17	15	72	85	26	474	0.0522769	2.9512	1.56743e-06	2.99832e-05
408	18	15	101	123	38	483	0.0393311	3.23574	1.28244e-06	3.26064e-05
409	25	20	103	121	46	248	0.132036	2.02468	2.64167e-06	2.00072e-05
410	18	16	58	64	32	96	0.410032	0.89152	3.57279e-06	8.71343e-06
411	14	4	25	26	10	85	0.550582	0.59678	3.29466e-06	5.98396e-06
412	18	12	36	42	18	256	0.208178	1.56936	3.32521e-06	1.59729e-05
413	14	9	32	35	15	87	0.515046	0.6635	3.3984e-06	6.59825e-06
414	22	14	114	131	38	468	0.0403776	3.20948	1.30262e-06	3.2261e-05
415	17	14	60	62	32	89	0.430305	0.84326	3.54081e-06	8.22861e-06
416	7	4	21	23	9	62	0.63088	0.46064	2.89735e-06	4.59255e-06
417	19	12	96	107	31	490	0.0419633	3.17096	1.34598e-06	3.20752e-05
418	15	9	31	35	15	157	0.360415	1.0205	3.71861e-06	1.03176e-05
419	22	15	53	59	26	154	0.314768	1.15592	3.6239e-06	1.15129e-05
420	12	10	51	66	20	204	0.233428	1.45488	3.39982e-06	1.45647e-05
421	16	13	57	66	22	230	0.20444	1.58748	3.26004e-06	1.59462e-05
422	15	12	81	96	35	420	0.064256	2.74488	1.78213e-06	2.77349e-05
423	22	20	106	123	59	323	0.0889447	2.41974	2.14402e-06	2.41051e-05
424	17	12	64	70	35	96	0.394869	0.9292	3.57441e-06	9.05212e-06
425	24	20	145	167	43	881	0.00391923	5.54186	2.20406e-07	5.62371e-05
426	19	12	28	30	21	15	0.767283	0.2649	1.91086e-06	2.49043e-06
427	9	9	34	42	11	334	0.139853	1.96716	2.81347e-06	2.01173e-05
428	23	19	120	135	41	666	0.0143443	4.2444	6.16909e-07	4.30071e-05
429	13	8	47	57	21	206	0.244495	1.40856	3.46277e-06	1.4163e-05
430	14	11	43	49	17	189	0.280377	1.27162	3.5911e-06	1.28081e-05
431	15	13	76	93	23	561	0.0319003	3.44514	1.11834e-06	3.50574e-05
432	19	11	68	76	29	186	0.240297	1.42588	3.40568e-06	1.41728e-05
433	17	11	31	32	25	10	0.777276	0.25196	1.817e-06	2.33766e-06
434	17	13	76	82	35	163	0.260212	1.34626	3.45806e-06	1.32894e-05
435	20	17	76	86	35	174	0.239913	1.42748	3.38269e-06	1.40997e-05
436	4	2	8	8	5	4	0.931797	0.07064	6.18819e-07	6.64114e-07
437	16	10	28	29	22	11	0.788029	0.23822	1.75056e-06	2.22145e-06
438	20	14	70	79	31	219	0.199285	1.61302	3.2076e-06	1.60955e-05
439	16	13	101	109	42	275	0.124056	2.08702	2.57596e-06	2.07644e-05
440	15	12	71	77	29	178	0.248737	1.39136	3.43361e-06	1.38042e-05
441	12	10	39	45	18	157	0.338477	1.0833	3.68332e-06	1.08821e-05
442	18	12	36	37	22	33	0.669878	0.40066	2.57364e-06	3.84196e-06
443	19	14	37	44	19	87	0.486743	0.72002	3.45893e-06	7.10628e-06
444	20	16	72	76	39	120	0.336459	1.08928	3.58867e-06	1.0666e-05
445	10	8	34	44	13	74	0.520107	0.65372	3.33678e-06	6.41555e-06
446	13	9	32	38	16	84	0.513225	0.66704	3.3915e-06	6.6082e-06
447	14	9	67	76	20	315	0.124459	2.08378	2.61699e-06	2.1027e-05
448	20	15	68	77	30	257	0.16625	1.79426	2.99279e-06	1.80017e-05
449	16	11	89	102	27	396	0.069937	2.66016	1.8742e-06	2.67984e-05
450	14	10	20	21	16	11	0.828631	0.18798	1.46657e-06	1.76986e-06
451	18	16	125	142	45	533	0.0270502	3.61006	9.82885e-07	3.63356e-05
452	16	13	67	75	22	221	0.20228	1.5981	3.23163e-06	1.5976e-05
453	21	16	49	56	21	192	0.264245	1.33088	3.53101e-06	1.33626e-05
454	11	9	52	60	20	201	0.246129	1.4019	3.4622e-06	1.40666e-05
455	14	11	54	71	15	569	0.0351623	3.34778	1.20398e-06	3.42406e-05
456	14	11	40	43	26	66	0.54518	0.60664	3.23512e-06	5.93404e-06
457	21	15	76	88	25	262	0.151247	1.88884	2.8568e-06	1.88883e-05
458	16	12	82	90	26	528	0.0384653	3.258	1.27453e-06	3.31346e-05
459	19	17	138	163	51	659	0.0124686	4.38454	5.51309e-07	4.42157e-05
460	18	16	109	119	28	862	0.00583711	5.14352	3.06554e-07	5.25181e-05
461	15	11	85	96	35	265	0.141652	1.95438	2.76212e-06	1.94993e-05
462	21	18	56	70	27	209	0.221906	1.5055	3.34106e-06	1.50562e-05
463	15	13	138	162	39	863	0.00443308	5.41866	2.43813e-07	5.49985e-05
464	14	10	51	59	18	183	0.271493	1.30382	3.54401e-06	1.30538e-05
465	19	16	85	103	27	365	0.0814033	2.50834	2.05199e-06	2.52077e-05
466	13	10	75	80	29	355	0.0989738	2.3129	2.31382e-06	2.33781e-05
467	16	11	33	40	17	163	0.338748	1.0825	3.69865e-06	1.09186e-05
468	17	11	70	83	24	376	0.087262	2.43884	2.15216e-06	2.46632e-05
469	19	13	98	109	36	567	0.0279813	3.57622	1.01514e-06	3.62793e-05
470	18	14	30	34	20	38	0.665431	0.40732	2.62065e-06	3.93828e-06
471	22	17	76	87	34	371	0.0872952	2.43846	2.1495e-06	2.46234e-05
472	12	9	66	72	19	254	0.174198	1.74756	3.05894e-06	1.75601e-05
473	13	11	24	25	18	13	0.799875	0.2233	1.68127e-06	2.10192e-06
474	15	13	39	39	28	19	0.710476	0.34182	2.28133e-06	3.21099e-06
475	16	11	59	63	31	102	0.40018	0.91584	3.59193e-06	8.97579e-06
476	17	12	75	88	38	203	0.204346	1.58794	3.21915e-06	1.57534e-05
477	15	14	44	49	23	74	0.50403	0.68512	3.37588e-06	6.69779e-06
478	19	14	71	82	35	220	0.194571	1.63696	3.17501e-06	1.6318e-05
479	9	7	46	50	16	168	0.310119	1.1708	3.64351e-06	1.17488e-05
480	22	17	45	54	28	56	0.535411	0.62472	3.22512e-06	6.02363e-06
481	13	9	38	44	18	104	0.44632	0.80672	3.57482e-06	8.00955e-06
482	15	15	24	25	19	9	0.81636	0.2029	1.54242e-06	1.88939e-06
483	15	12	54	59	21	123	0.368682	0.99782	3.63734e-06	9.86579e-06
484	26	21	90	98	43	201	0.193875	1.64054	3.14304e-06	1.62116e-05
485	17	14	60	66	29	164	0.286253	1.25088	3.56081e-06	1.24394e-05
486	18	11	33	35	29	8	0.770589	0.2606	1.84998e-06	2.40073e-06
487	19	15	65	70	33	113	0.362076	1.0159	3.60461e-06	9.95538e-06
488	9	8	16	18	12	13	0.835822	0.17934	1.42657e-06	1.70679e-06
489	23	18	96	102	39	240	0.154964	1.86456	2.86833e-06	1.85096e-05
490	22	18	76	87	22	506	0.0438509	3.12696	1.3943e-06	3.17963e-05
491	17	14	72	81	37	192	0.225851	1.48788	3.33668e-06	1.47738e-05
492	13	11	59	66	29	116	0.36565	1.00608	3.61591e-06	9.88899e-06
493	14	8	45	53	20	171	0.29971	1.20494	3.61975e-06	1.20775e-05
494	17	17	81	96	31	471	0.0495397	3.00498	1.50822e-06	3.04447e-05
495	21	17	81	91	29	388	0.0780598	2.55028	2.01023e-06	2.57524e-05
496	20	16	56	65	28	142	0.322259	1.1324	3.61381e-06	1.1214e-05
497	12	7	26	31	19	41	0.667791	0.40378	2.62331e-06	3.92834e-06
498	18	15	58	72	23	276	0.15571	1.85976	2.91629e-06	1.8729e-05
499	13	10	69	79	24	172	0.253265	1.37332	3.44396e-06	1.35983e-05
500	19	15	85	101	30	397	0.0700196	2.65898	1.87618e-06	2.67951e-05
501	16	11	41	49	16	138	0.363666	1.01152	3.67241e-06	1.00983e-05
502	10	8	72	81	27	299	0.130866	2.03358	2.6774e-06	2.04591e-05
503	18	15	60	66	27	118	0.361939	1.01628	3.61767e-06	9.99526e-06
504	25	20	71	82	43	129	0.309481	1.17286	3.55373e-06	1.14829e-05
505	20	15	57	67	26	131	0.3366	1.08886	3.6159e-06	1.07424e-05
506	11	6	23	24	9	61	0.630136	0.46182	2.89602e-06	4.59587e-06
507	25	20	49	56	26	148	0.330721	1.10648	3.64613e-06	1.10248e-05
508	14	13	97	116	30	433	0.0530362	2.93678	1.56746e-06	2.95546e-05
509	22	16	99	111	36	367	0.076629	2.56878	1.97439e-06	2.57656e-05
510	16	12	39	45	21	80	0.501275	0.6906	3.40406e-06	6.7908e-06
511	20	14	93	101	41	507	0.0399559	3.21998	1.30415e-06	3.26397e-05
512	18	13	73	90	29	312	0.115741	2.1564	2.5067e-06	2.16578e-05
513	18	13	59	62	31	139	0.333451	1.09826	3.6297e-06	1.08853e-05
514	21	18	99	106	49	193	0.192054	1.64998	3.1186e-06	1.62382e-05
515	11	7	59	69	27	210	0.222168	1.50432	3.34427e-06	1.50529e-05
516	26	19	83	89	34	177	0.23186	1.46162	3.34538e-06	1.44284e-05
517	14	11	22	24	12	29	0.741841	0.29862	2.14808e-06	2.89561e-06
518	18	16	89	104	28	527	0.0354079	3.34082	1.19933e-06	3.38717e-05
519	16	12	16	16	14	2	0.895225	0.11068	9.03665e-07	1.00943e-06
520	10	8	18	20	16	5	0.859762	0.1511	1.19904e-06	1.39462e-06
521	18	16	47	53	25	141	0.34926	1.05194	3.66146e-06	1.04835e-05
522	8	6	21	22	13	17	0.798628	0.22486	1.71315e-06	2.14511e-06
523	21	19	53	57	32	55	0.528105	0.63846	3.24248e-06	6.13984e-06
524	12	10	22	26	12	92	0.531273	0.63248	3.37671e-06	6.35589e-06
525	14	12	28	30	14	74	0.567906	0.5658	3.19463e-06	5.62528e-06
526	14	14	56	57	27	165	0.301357	1.19946	3.61161e-06	1.19845e-05
527	26	23	121	137	52	383	0.059985	2.81366	1.68458e-06	2.80833e-05
528	17	15	50	59	29	124	0.366807	1.00292	3.63833e-06	9.91893e-06
529	17	11	68	76	22	558	0.0360417	3.32308	1.22319e-06	3.39383e-05
530	19	14	46	50	27	93	0.454617	0.7883	3.52954e-06	7.76377e-06
531	15	10	26	28	18	22	0.749732	0.28804	2.06136e-06	2.74946e-06
532	22	19	104	119	34	422	0.0550496	2.89952	1.60412e-06	2.91395e-05
533	12	7	23	23	11	28	0.750332	0.28724	2.09044e-06	2.78602e-06
534	16	12	56	63	26	155	0.305398	1.18614	3.6012e-06	1.17918e-05
535	15	12	52	62	26	212	0.229797	1.47056	3.39272e-06	1.4764e-05
536	25	21	149	165	54	460	0.0339726	3.3822	1.14675e-06	3.37551e-05
537	17	15	75	83	34	265	0.153702	1.87274	2.88429e-06	1.87654e-05
538	20	12	37	41	20	104	0.454808	0.78788	3.56579e-06	7.8402e-06
539	19	13	23	23	14	19	0.785574	0.24134	1.81297e-06	2.30783e-06
540	9	7	52	66	22	284	0.155225	1.86288	2.92061e-06	1.88154e-05
541	23	18	82	90	34	246	0.162058	1.8198	2.94153e-06	1.81511e-05
542	13	10	49	55	29	72	0.490368	0.7126	3.39835e-06	6.93021e-06
543	32	25	92	98	54	187	0.208224	1.56914	3.22076e-06	1.54678e-05
544	14	11	30	31	23	14	0.766378	0.26608	1.91115e-06	2.49374e-06
545	15	10	59	67	26	318	0.129696	2.04256	2.6819e-06	2.06783e-05
546	17	14	56	61	35	46	0.539194	0.61768	3.17447e-06	5.88743e-06
547	20	18	74	85	34	136	0.293054	1.2274	3.52372e-06	1.20242e-05
548	17	12	52	59	24	165	0.297596	1.21202	3.60013e-06	1.20974e-05
549	13	9	43	48	21	103	0.437473	0.82674	3.57949e-06	8.1822e-06
550	17	12	152	196	37	1023	0.0015834	6.44818	1.03585e-07	6.5419e-05
551	13	11	69	79	19	426	0.0693409	2.66872	1.87873e-06	2.70941e-05
552	21	13	66	76	31	243	0.17968	1.71658	3.09074e-06	1.72014e-05
553	15	11	45	51	14	408	0.09062	2.40108	2.22537e-06	2.45572e-05
554	12	9	45	51	14	252	0.200793	1.60548	3.26658e-06	1.62684e-05
555	18	16	47	54	25	94	0.441084	0.81852	3.5475e-06	8.04269e-06
556	17	14	67	71	29	175	0.26227	1.33838	3.48979e-06	1.33061e-05
557	20	17	107	131	31	690	0.0130146	4.34168	5.7338e-07	4.40565e-05
558	10	8	27	29	18	48	0.652516	0.42692	2.73233e-06	4.18737e-06
559	24	20	85	96	42	206	0.191383	1.65348	3.13187e-06	1.63644e-05
560	14	7	33	38	19	51	0.607295	0.49874	2.9483e-06	4.8548e-06
561	20	15	69	88	33	204	0.203307	1.59304	3.21358e-06	1.58066e-05
562	16	15	25	27	20	9	0.806171	0.21546	1.61418e-06	2.00228e-06
563	15	11	65	72	28	160	0.281349	1.26816	3.5353e-06	1.25655e-05
564	18	18	94	110	38	422	0.0582507	2.843	1.6678e-06	2.86314e-05
565	10	7	29	33	14	38	0.669623	0.40104	2.59937e-06	3.88183e-06
566	21	16	93	116	37	764	0.00980483	4.62488	4.62216e-07	4.71417e-05
567	11	8	65	77	19	419	0.0727694	2.62046	1.93634e-06	2.66093e-05
568	25	20	85	98	25	510	0.0400976	3.21644	1.30837e-06	3.26298e-05
569	14	11	54	60	21	158	0.306481	1.1826	3.61093e-06	1.17819e-05
570	19	13	74	85	30	259	0.1565	1.8547	2.90457e-06	1.85595e-05
571	21	17	50	55	32	55	0.53478	0.6259	3.22309e-06	6.02694e-06
572	15	12	28	30	13	78	0.556438	0.5862	3.24838e-06	5.83782e-06
573	18	14	105	129	40	526	0.030418	3.49272	1.07162e-06	3.52298e-05
574	13	7	50	56	13	293	0.157871	1.84598	2.95677e-06	1.87291e-05
575	21	19	90	103	32	414	0.0634033	2.75824	1.76332e-06	2.78112e-05
576	19	15	36	37	29	12	0.745604	0.29356	2.03264e-06	2.72616e-06
577	15	12	85	93	38	171	0.233134	1.45614	3.34208e-06	1.43354e-05
578	14	11	29	31	16	37	0.681554	0.38338	2.53252e-06	3.7158e-06
579	22	16	59	64	31	86	0.431486	0.84052	3.53046e-06	8.1821e-06
580	16	13	23	25	13	31	0.729716	0.3151	2.2317e-06	3.05832e-06
581	18	14	95	112	33	426	0.056362	2.87596	1.63207e-06	2.89569e-05
582	19	18	39	40	23	30	0.667511	0.4042	2.57118e-06	3.8519e-06
583	23	16	69	79	35	199	0.220685	1.51102	3.31752e-06	1.50329e-05
584	22	14	67	78	34	148	0.288045	1.24464	3.53334e-06	1.22666e-05
585	12	11	45	49	23	81	0.486353	0.72082	3.43838e-06	7.06972e-06
586	17	15	86	99	31	427	0.0608453	2.79942	1.72047e-06	2.82762e-05
587	15	13	41	52	16	194	0.268217	1.31596	3.55203e-06	1.32431e-05
588	17	13	92	109	32	324	0.0966248	2.33692	2.25792e-06	2.33679e-05
589	17	15	38	42	21	92	0.480485	0.73296	3.48786e-06	7.25905e-06
590	22	15	90	96	45	257	0.147551	1.91358	2.81442e-06	1.90742e-05
591	19	15	59	64	30	109	0.383729	0.95782	3.60865e-06	9.40417e-06
592	8	7	18	19	14	7	0.856398	0.15502	1.23701e-06	1.44444e-06
593	22	17	32	34	17	123	0.431357	0.84082	3.64695e-06	8.4546e-06
594	12	11	71	76	13	485	0.0522989	2.95078	1.57208e-06	3.00596e-05
595	16	14	98	113	33	609	0.0220258	3.81554	8.53207e-07	3.87367e-05
596	15	14	90	99	31	508	0.040255	3.21252	1.31151e-06	3.258e-05
597	15	11	59	65	28	210	0.22782	1.4792	3.3779e-06	1.48271e-05
598	25	18	145	169	36	780	0.00647815	5.03932	3.30279e-07	5.09835e-05
599	23	19	133	148	49	525	0.0271348	3.60694	9.83612e-07	3.62492e-05
600	19	16	99	111	34	402	0.064102	2.74728	1.77083e-06	2.76252e-05
601	13	10	56	61	18	166	0.292386	1.22968	3.58565e-06	1.22634e-05
602	16	13	37	38	28	17	0.722282	0.32534	2.20171e-06	3.04827e-06
603	13	8	45	49	27	50	0.569657	0.56272	3.08902e-06	5.42259e-06
604	23	16	56	62	25	159	0.301116	1.20026	3.59771e-06	1.19479e-05
605	15	13	71	86	31	274	0.144067	1.93748	2.79676e-06	1.9413e-05
606	17	13	59	72	20	429	0.071357	2.64006	1.91653e-06	2.68584e-05
607	17	15	84	96	31	360	0.0872585	2.43888	2.14193e-06	2.45469e-05
608	12	10	60	75	24	239	0.184538	1.6899	3.12467e-06	1.69324e-05
609	20	16	62	70	34	118	0.35296	1.0414	3.60762e-06	1.0221e-05
610	10	8	27	28	17	32	0.712454	0.33904	2.33742e-06	3.2808e-06
611	24	19	80	91	38	227	0.17743	1.72918	3.05143e-06	1.7198e-05
612	13	12	91	100	32	299	0.116147	2.1529	2.50083e-06	2.15316e-05
613	11	10	25	26	13	47	0.668325	0.40298	2.64984e-06	3.9649e-06
614	16	13	79	97	25	722	0.0136863	4.29136	5.99974e-07	4.38376e-05
615	17	10	29	31	20	33	0.6956	0.36298	2.43688e-06	3.50327e-06
616	18	16	72	85	26	314	0.118221	2.1352	2.53961e-06	2.14819e-05
617	10	8	37	43	14	134	0.385413	0.95344	3.67957e-06	9.5471e-06
618	20	15	33	37	27	21	0.712155	0.33946	2.282e-06	3.20436e-06
619	11	11	54	57	22	97	0.42628	0.85266	3.56857e-06	8.37143e-06
620	25	21	95	115	42	492	0.0395022	3.2314	1.28907e-06	3.2633e-05
621	14	12	61	72	21	236	0.190947	1.65576	3.17042e-06	1.66037e-05
622	12	7	77	88	23	545	0.0357166	3.33214	1.21168e-06	3.3925e-05
623	16	15	59	67	25	225	0.208407	1.56826	3.2797e-06	1.5737e-05
624	16	13	77	91	31	238	0.16775	1.78528	2.983e-06	1.77824e-05
625	13	11	52	56	25	112	0.397373	0.92288	3.62086e-06	9.11198e-06
626	17	11	89	102	31	461	0.050204	2.99166	1.51878e-06	3.02521e-05
627	19	16	75	86	23	332	0.107176	2.23328	2.4109e-06	2.24947e-05
628	17	11	84	96	28	580	0.0284138	3.56088	1.02961e-06	3.62362e-05
629	16	12	36	41	18	79	0.516655	0.66038	3.36439e-06	6.51187e-06
630	14	10	47	50	21	190	0.277204	1.283	3.58084e-06	1.29177e-05
631	22	19	113	138	39	450	0.0423562	3.16164	1.34268e-06	3.16997e-05
632	16	12	118	140	28	906	0.00408759	5.4998	2.29074e-07	5.60413e-05
633	20	17	109	124	32	633	0.0181875	4.00702	7.3901e-07	4.06328e-05
634	18	14	60	75	31	173	0.258386	1.3533	3.46899e-06	1.34256e-05
635	10	7	16	17	12	8	0.862811	0.14756	1.19471e-06	1.38467e-06
636	21	14	84	96	37	206	0.191383	1.65348	3.13187e-06	1.63644e-05
637	12	10	94	107	29	304	0.108353	2.22236	2.40461e-06	2.21924e-05
638	18	12	76	96	25	447	0.0559901	2.88258	1.6332e-06	2.91695e-05
639	14	12	26	26	17	15	0.786801	0.23978	1.78182e-06	2.26464e-06
640	17	12	20	20	17	3	0.868576	0.1409	1.11903e-06	1.28835e-06
641	17	14	80	87	38	265	0.149889	1.89786	2.84658e-06	1.89912e-05
642	26	21	79	85	37	190	0.222506	1.5028	3.31386e-06	1.48934e-05
643	19	14	91	102	35	390	0.0721102	2.62956	1.90945e-06	2.64796e-05
644	13	12	32	37	18	57	0.592704	0.52306	3.03296e-06	5.11715e-06
645	22	15	87	94	39	229	0.172351	1.75822	3.0116e-06	1.74736e-05
646	12	8	27	29	16	31	0.711614	0.34022	2.33702e-06	3.28411e-06
647	21	14	53	58	25	98	0.421456	0.86404	3.57437e-06	8.48101e-06
648	15	13	54	62	31	105	0.396587	0.92486	3.60051e-06	9.07874e-06
649	12	8	24	35	11	139	0.395067	0.9287	3.69829e-06	9.36118e-06
650	17	13	59	63	28	128	0.350484	1.04844	3.63005e-06	1.03572e-05
651	16	13	90	101	37	267	0.13588	1.99598	2.70236e-06	1.98878e-05
652	19	11	116	131	35	614	0.0191763	3.95408	7.67405e-07	4.00184e-05
653	15	12	84	94	23	421	0.0647372	2.73742	1.79161e-06	2.76752e-05
654	25	22	88	105	36	444	0.0537291	2.9238	1.58598e-06	2.95181e-05
655	13	11	40	47	17	169	0.314409	1.15706	3.65738e-06	1.16325e-05
656	15	12	23	24	19	6	0.834168	0.18132	1.39602e-06	1.67354e-06
657	15	12	98	114	37	318	0.0965475	2.33772	2.25259e-06	2.33314e-05
658	14	9	51	61	24	196	0.250905	1.38268	3.4769e-06	1.38574e-05
659	17	13	65	76	32	182	0.245249	1.40548	3.42374e-06	1.39603e-05
660	19	14	64	73	25	205	0.222253	1.50394	3.33668e-06	1.5013e-05
661	20	13	44	44	22	74	0.520107	0.65372	3.33678e-06	6.41555e-06
662	17	13	108	128	39	483	0.0381153	3.26714	1.25356e-06	3.28886e-05
663	23	17	70	80	28	209	0.208399	1.5683	3.25533e-06	1.56206e-05
664	13	10	66	83	25	315	0.119106	2.12774	2.55151e-06	2.14221e-05
665	14	13	72	85	36	220	0.190939	1.6558	3.14808e-06	1.64874e-05
666	15	11	21	21	14	17	0.803659	0.21858	1.67857e-06	2.08866e-06
667	12	8	44	52	18	238	0.214304	1.54036	3.33906e-06	1.5581e-05
668	18	16	64	71	31	181	0.254366	1.36898	3.46571e-06	1.36249e-05
669	11	10	78	92	21	550	0.0339536	3.38276	1.16856e-06	3.44164e-05
670	20	16	51	58	26	127	0.363513	1.01194	3.64308e-06	1.00219e-05
671	10	8	36	43	19	255	0.207933	1.57054	3.32198e-06	1.59762e-05
672	24	22	145	167	47	889	0.00376254	5.58266	2.13194e-07	5.66622e-05
673	13	9	50	56	23	114	0.39334	0.93308	3.62591e-06	9.21825e-06
674	20	18	102	124	40	473	0.0411299	3.19102	1.32157e-06	3.21315e-05
675	16	11	20	21	14	13	0.820222	0.19818	1.53884e-06	1.87613e-06
676	17	15	57	65	24	285	0.155408	1.8617	2.92355e-06	1.88121e-05
677	18	12	80	91	27	462	0.0535211	2.92768	1.58873e-06	2.96843e-05
678	8	7	9	9	7	2	0.935457	0.06672	5.74646e-07	6.14295e-07
679	13	10	58	70	22	285	0.150604	1.8931	2.87568e-06	1.90943e-05
680	23	20	69	78	28	233	0.186721	1.67814	3.13373e-06	1.67829e-05
681	17	13	27	28	16	41	0.680491	0.38494	2.55796e-06	3.75899e-06
682	14	11	58	74	22	224	0.200464	1.60712	3.22325e-06	1.6079e-05
683	17	15	156	177	50	626	0.0135122	4.30416	5.84439e-07	4.32526e-05
684	16	11	41	48	23	84	0.481986	0.72984	3.45713e-06	7.17267e-06
685	10	7	18	18	9	21	0.802406	0.22014	1.71061e-06	2.13185e-06
686	18	16	112	128	37	439	0.047704	3.04274	1.45739e-06	3.05508e-05
687	12	9	34	39	15	90	0.494642	0.70392	3.45431e-06	6.98344e-06
688	21	15	88	94	34	368	0.0848288	2.46712	2.10877e-06	2.48591e-05
689	11	10	66	71	22	167	0.273192	1.29758	3.51899e-06	1.2881e-05
690	19	15	134	151	37	1267	0.000605183	7.40998	4.58991e-08	7.58434e-05
691	14	12	34	37	23	34	0.66647	0.40576	2.59596e-06	3.89509e-06
692	8	6	62	76	20	345	0.106802	2.23678	2.41596e-06	2.2621e-05
693	16	14	70	80	33	125	0.319851	1.1399	3.56872e-06	1.11575e-05
694	13	12	78	85	29	356	0.0954264	2.3494	2.26289e-06	2.37135e-05
695	19	14	49	54	27	67	0.506202	0.68082	3.34503e-06	6.60809e-06
696	14	10	25	26	19	12	0.798932	0.22448	1.68194e-06	2.10524e-06
697	22	16	94	104	41	204	0.183871	1.69352	3.07244e-06	1.67097e-05
698	12	9	57	66	22	266	0.170149	1.77108	3.03869e-06	1.7859e-05
699	23	15	84	93	35	381	0.0798872	2.52714	2.03659e-06	2.54934e-05
700	15	14	31	34	17	57	0.603976	0.50422	2.98836e-06	4.94781e-06
701	13	11	39	42	19	62	0.559921	0.57996	3.17198e-06	5.66506e-06
702	17	15	66	70	28	148	0.302886	1.1944	3.57861e-06	1.1815e-05
703	17	15	49	55	33	49	0.551397	0.5953	3.14745e-06	5.70814e-06
704	19	15	46	56	26	103	0.416037	0.87698	3.59198e-06	8.63379e-06
705	16	14	44	45	21	98	0.457307	0.7824	3.54285e-06	7.7472e-06
706	12	6	24	28	13	32	0.712454	0.33904	2.33742e-06	3.2808e-06
707	19	15	108	112	34	440	0.0524781	2.94736	1.55864e-06	2.97007e-05
708	15	11	64	74	24	323	0.120993	2.11202	2.58189e-06	2.13391e-05
709	15	10	56	64	21	252	0.185052	1.68712	3.14629e-06	1.70022e-05
710	15	10	78	88	20	397	0.0759758	2.57734	1.98003e-06	2.60613e-05
711	17	11	66	82	24	373	0.0891656	2.41726	2.17987e-06	2.44474e-05
712	15	12	30	31	19	28	0.713566	0.33748	2.31025e-06	3.23761e-06
713	19	17	102	117	37	485	0.0404269	3.20826	1.30878e-06	3.2374e-05
714	18	10	32	40	14	80	0.517265	0.6592	3.36665e-06	6.50856e-06
715	23	19	47	54	29	86	0.459452	0.77772	3.49994e-06	7.61763e-06
716	13	10	18	19	13	16	0.817978	0.20092	1.57267e-06	1.92264e-06
717	21	21	117	134	43	504	0.0329778	3.41192	1.13256e-06	3.43431e-05
718	15	11	60	68	34	147	0.308282	1.17674	3.59118e-06	1.1649e-05
719	15	12	49	49	20	81	0.486353	0.72082	3.43838e-06	7.06972e-06
720	17	12	69	80	23	701	0.0169498	4.0775	7.0786e-07	4.17622e-05
721	11	9	30	33	22	22	0.726556	0.31944	2.2027e-06	3.0317e-06
722	20	14	66	67	33	105	0.384328	0.95626	3.59768e-06	9.36098e-06
723	10	8	23	25	12	52	0.655603	0.4222	2.73656e-06	4.17412e-06
724	24	18	53	61	28	116	0.377313	0.97468	3.62475e-06	9.60675e-06
725	13	12	67	75	26	224	0.199209	1.6134	3.21432e-06	1.61354e-05
726	15	13	76	82	26	279	0.144012	1.93786	2.80144e-06	1.94529e-05
727	16	12	29	31	19	27	0.717215	0.33238	2.28395e-06	3.18447e-06
728	19	15	68	78	34	205	0.215382	1.53534	3.29432e-06	1.52952e-05
729	18	11	33	40	17	78	0.522568	0.649	3.34563e-06	6.40229e-06
730	10	7	31	37	18	50	0.614246	0.48736	2.91473e-06	4.74522e-06
731	20	16	69	78	35	129	0.317353	1.14774	3.57248e-06	1.12571e-05
732	26	19	72	81	33	212	0.20395	1.58988	3.22985e-06	1.58365e-05
733	18	14	51	57	21	240	0.205572	1.58196	3.28287e-06	1.59695e-05
734	14	12	49	50	21	67	0.519079	0.6557	3.31292e-06	6.3823e-06
735	21	16	71	85	28	316	0.117021	2.1454	2.52627e-06	2.15881e-05
736	16	11	43	49	23	74	0.50403	0.68512	3.37588e-06	6.69779e-06
737	12	11	51	60	23	183	0.269793	1.3101	3.53705e-06	1.31102e-05
738	18	12	96	114	32	392	0.066197	2.71512	1.80474e-06	2.72632e-05
739	13	10	64	74	30	297	0.138149	1.97942	2.75714e-06	1.99577e-05
740	21	18	106	116	41	304	0.102399	2.27888	2.3245e-06	2.27004e-05
741	11	10	53	56	18	139	0.346255	1.06058	3.65181e-06	1.05466e-05
742	21	15	42	46	29	64	0.54049	0.61528	3.24138e-06	5.99711e-06
743	14	12	78	94	19	416	0.0664092	2.71192	1.82024e-06	2.74095e-05
744	12	8	21	23	11	48	0.677572	0.38924	2.60776e-06	3.84869e-06
745	16	10	37	40	24	39	0.637564	0.4501	2.76072e-06	4.3301e-06
746	16	11	121	135	39	641	0.016295	4.1169	6.79154e-07	4.16788e-05
747	18	16	81	88	40	251	0.159975	1.83274	2.92815e-06	1.83038e-05
748	9	6	20	21	18	4	0.858748	0.15228	1.20047e-06	1.39793e-06
749	21	18	58	62	24	145	0.323402	1.12886	3.62341e-06	1.12041e-05
750	12	10	29	32	16	45	0.65021	0.43046	2.72914e-06	4.19732e-06
751	17	10	44	53	26	102	0.426118	0.85304	3.58421e-06	8.41131e-06
752	14	12	53	58	19	239	0.205329	1.58314	3.27968e-06	1.59728e-05
753	14	9	60	70	23	227	0.202442	1.5973	3.24162e-06	1.60126e-05
754	16	13	40	50	17	105	0.427629	0.8495	3.59267e-06	8.40137e-06
755	19	16	70	78	36	99	0.36982	0.99474	3.5736e-06	9.6631e-06
756	19	17	77	93	34	291	0.126421	2.06814	2.61835e-06	2.07114e-05
757	8	6	11	14	6	17	0.839776	0.17462	1.42219e-06	1.69353e-06
758	22	16	129	140	45	495	0.03325	3.4037	1.13727e-06	3.42036e-05
759	19	15	69	82	27	229	0.185842	1.68286	3.12144e-06	1.67962e-05
760	24	19	61	76	22	789	0.0110959	4.50118	5.12765e-07	4.62121e-05
761	15	11	53	60	25	101	0.409876	0.8919	3.58777e-06	8.75331e-06
762	16	11	47	54	19	146	0.338335	1.08372	3.65591e-06	1.08056e-05
763	17	14	47	51	28	70	0.507997	0.67728	3.35184e-06	6.59815e-06
764	12	10	32	37	17	64	0.571918	0.55876	3.13931e-06	5.48909e-06
765	19	11	70	80	21	238	0.179748	1.7162	3.08475e-06	1.71615e-05
766	20	16	51	59	21	229	0.21472	1.53842	3.32771e-06	1.54979e-05
767	15	13	93	110	23	548	0.0306354	3.4856	1.08223e-06	3.53262e-05
768	13	10	32	41	15	190	0.293323	1.22648	3.64004e-06	1.24097e-05
769	19	16	61	68	27	231	0.200861	1.60514	3.23632e-06	1.61122e-05
770	15	10	57	66	18	228	0.206536	1.57728	3.27151e-06	1.58399e-05
771	18	14	71	84	28	226	0.186352	1.68012	3.12133e-06	1.67497e-05
772	17	13	57	60	26	106	0.399557	0.9174	3.60359e-06	9.01898e-06
773	8	7	28	36	7	168	0.338619	1.08288	3.71075e-06	1.09585e-05
774	20	16	89	101	31	438	0.0568079	2.86808	1.64593e-06	2.89735e-05
775	23	15	130	142	38	505	0.0312024	3.46726	1.08734e-06	3.48478e-05
776	23	18	109	127	38	512	0.0330822	3.40876	1.13714e-06	3.4373e-05
777	13	7	54	62	23	231	0.208574	1.56746	3.28995e-06	1.57735e-05
778	13	8	20	21	14	14	0.81605	0.20328	1.57438e-06	1.92926e-06
779	15	11	65	72	23	233	0.193891	1.64046	3.18839e-06	1.64443e-05
780	20	13	85	108	29	1092	0.0019354	6.24744	1.24094e-07	6.41178e-05
781	17	13	48	55	28	87	0.454253	0.7891	3.51011e-06	7.72721e-06
782	12	8	60	67	25	186	0.25427	1.36936	3.47453e-06	1.36648e-05
783	20	15	42	44	28	27	0.660988	0.41402	2.58994e-06	3.91829e-06
784	10	8	45	59	13	407	0.0866204	2.44622	2.16167e-06	2.49556e-05
785	24	22	106	120	39	492	0.0382811	3.2628	1.26003e-06	3.29152e-05
786	15	9	19	20	15	9	0.8424	0.1715	1.35386e-06	1.60715e-06
787	18	13	54	60	26	143	0.330847	1.1061	3.63432e-06	1.09849e-05
788	16	11	42	45	24	66	0.538375	0.6192	3.25552e-06	6.04693e-06
789	13	8	51	61	14	363	0.107058	2.23438	2.43351e-06	2.27307e-05
790	18	15	109	124	39	508	0.0344061	3.36952	1.16951e-06	3.39912e-05
791	14	9	27	31	13	58	0.612332	0.49048	2.95855e-06	4.8316e-06
792	20	17	68	71	31	153	0.293411	1.22618	3.56118e-06	1.21372e-05
793	16	11	48	53	21	287	0.165872	1.79654	3.02566e-06	1.8241e-05
794	23	19	61	67	30	132	0.334888	1.09396	3.6153e-06	1.07956e-05
795	14	11	89	100	36	316	0.106501	2.2396	2.38934e-06	2.24349e-05
796	13	11	35	38	15	72	0.545616	0.60584	3.25765e-06	5.9706e-06
797	16	14	92	104	41	317	0.103331	2.26982	2.34703e-06	2.27138e-05
798	7	6	8	8	6	3	0.936562	0.06554	5.72221e-07	6.1098e-07
799	18	13	56	58	30	99	0.419312	0.86914	3.57847e-06	8.53415e-06
800	16	10	44	48	17	146	0.351326	1.04604	3.67731e-06	1.04669e-05
801	21	18	75	90	26	651	0.0205417	3.8853	8.14888e-07	3.967e-05
802	11	5	20	26	8	106	0.494662	0.70388	3.51198e-06	7.09976e-06
803	21	15	72	87	34	238	0.172017	1.76016	3.02005e-06	1.75566e-05
804	14	14	40	48	14	132	0.377328	0.97464	3.66879e-06	9.72307e-06
805	15	14	62	70	27	125	0.340582	1.0771	3.60778e-06	1.0593e-05
806	16	11	45	54	24	218	0.234355	1.45092	3.42889e-06	1.46312e-05
807	20	15	44	47	30	31	0.635553	0.45326	2.73298e-06	4.30017e-06
808	19	14	77	86	25	398	0.0765447	2.56988	1.99028e-06	2.60015e-05
809	7	6	29	35	12	142	0.389068	0.944	3.70416e-06	9.52058e-06
810	22	19	42	43	28	34	0.641825	0.44344	2.71734e-06	4.23378e-06
811	12	8	47	55	20	136	0.353808	1.039	3.6551e-06	1.03307e-05
812	28	24	67	72	35	117	0.350337	1.04886	3.60175e-06	1.02808e-05
813	23	19	106	129	45	288	0.102395	2.27892	2.31249e-06	2.25841e-05
814	17	13	53	58	17	164	0.301002	1.20064	3.60835e-06	1.19878e-05
815	13	11	32	34	15	69	0.568121	0.56542	3.17319e-06	5.58541e-06
816	13	13	66	73	24	232	0.193662	1.64164	3.18527e-06	1.64476e-05
817	19	16	77	86	30	200	0.210119	1.56008	3.25288e-06	1.54811e-05
818	13	11	38	41	18	73	0.532709	0.62978	3.29911e-06	6.19308e-06
819	22	20	59	67	35	81	0.434369	0.83386	3.51221e-06	8.08578e-06
820	12	9	48	57	24	246	0.199377	1.61256	3.2475e-06	1.62883e-05
821	13	10	26	28	16	29	0.723438	0.32374	2.25814e-06	3.1214e-06
822	15	13	50	56	23	123	0.375694	0.97898	3.6429e-06	9.69645e-06
823	20	17	138	158	34	1019	0.00205159	6.18914	1.29376e-07	6.30615e-05
824	17	14	74	84	31	188	0.226204	1.48632	3.33212e-06	1.47306e-05
825	10	5	56	70	20	249	0.180956	1.7095	3.1091e-06	1.71815e-05
826	19	15	62	75	23	528	0.0422648	3.1638	1.36464e-06	3.22879e-05
827	26	23	113	129	52	534	0.0292019	3.53352	1.04119e-06	3.56549e-05
828	23	22	170	197	61	783	0.00535106	5.23046	2.82127e-07	5.27235e-05
829	13	12	91	106	27	846	0.00687214	4.98028	3.50026e-07	5.09341e-05
830	20	17	90	101	41	274	0.131115	2.03168	2.65635e-06	2.02597e-05
831	15	12	44	53	17	122	0.384797	0.95504	3.64555e-06	9.47397e-06
832	22	17	111	125	32	576	0.024171	3.7226	9.10298e-07	3.76607e-05
833	17	15	131	156	34	959	0.00282124	5.87058	1.68599e-07	5.97606e-05
834	13	12	30	34	19	53	0.616424	0.48382	2.91894e-06	4.73528e-06
835	20	14	72	82	28	222	0.192596	1.64716	3.16325e-06	1.64243e-05
836	10	9	11	15	7	23	0.809369	0.2115	1.67441e-06	2.06878e-06
837	24	19	64	69	33	95	0.399389	0.91782	3.57155e-06	8.94254e-06
838	13	11	52	63	26	111	0.382227	0.96174	3.61357e-06	9.45398e-06
839	35	26	103	121	52	881	0.0052319	5.25298	2.80642e-07	5.36405e-05
840	27	21	105	123	43	619	0.0196566	3.92934	7.82973e-07	3.98325e-05
841	15	14	79	98	33	286	0.125677	2.07404	2.60503e-06	2.0728e-05
842	20	15	104	126	45	428	0.0510944	2.97408	1.52534e-06	2.98534e-05
843	17	14	76	86	35	145	0.278154	1.27958	3.49328e-06	1.25588e-05
844	20	15	51	58	23	169	0.293423	1.22614	3.59545e-06	1.22535e-05
845	14	10	38	41	19	73	0.532709	0.62978	3.29911e-06	6.19308e-06
846	17	12	42	45	14	160	0.333337	1.0986	3.68053e-06	1.10415e-05
847	14	8	21	25	16	22	0.76399	0.2692	1.97119e-06	2.58012e-06
848	14	9	22	24	14	17	0.78866	0.23742	1.7808e-06	2.25801e-06
849	16	10	20	20	15	15	0.817013	0.2021	1.57353e-06	1.92595e-06
850	17	15	39	46	28	64	0.54049	0.61528	3.24138e-06	5.99711e-06
851	18	14	93	105	39	400	0.0672458	2.6994	1.82776e-06	2.71803e-05
852	17	15	75	82	22	247	0.169541	1.77466	3.0098e-06	1.77526e-05
853	21	18	64	70	27	187	0.248255	1.3933	3.44757e-06	1.38872e-05
854	11	8	49	59	20	220	0.224805	1.49252	3.37651e-06	1.50197e-05
855	10	6	60	69	20	186	0.251096	1.38192	3.45952e-06	1.37777e-05
856	14	13	35	37	17	103	0.468762	0.75766	3.54444e-06	7.56128e-06
857	16	9	68	73	30	155	0.286809	1.24894	3.5439e-06	1.23563e-05
858	16	11	35	39	17	106	0.455883	0.78552	3.57119e-06	7.83358e-06
859	22	16	94	109	34	486	0.0422936	3.16312	1.35236e-06	3.19755e-05
860	18	16	59	68	22	244	0.187976	1.67144	3.15855e-06	1.68029e-05
861	20	18	91	102	33	427	0.0597097	2.81826	1.69848e-06	2.84455e-05
862	21	18	81	96	28	547	0.0336218	3.39258	1.15938e-06	3.44828e-05
863	12	9	17	17	11	13	0.841087	0.17306	1.38808e-06	1.65034e-06
864	27	21	141	165	41	920	0.00325293	5.7282	1.89309e-07	5.81964e-05
865	14	14	82	101	27	419	0.0625881	2.77118	1.75021e-06	2.7964e-05
866	18	13	46	51	26	94	0.449473	0.79968	3.53886e-06	7.87335e-06
867	14	7	24	25	19	16	0.78773	0.2386	1.78131e-06	2.26132e-06
868	15	12	87	100	27	474	0.0475773	3.0454	1.4668e-06	3.08299e-05
869	9	8	73	88	27	256	0.155947	1.85824	2.89585e-06	1.85695e-05
870	13	7	32	33	14	77	0.548845	0.59994	3.26784e-06	5.95403e-06
871	17	13	83	94	23	543	0.0347485	3.35962	1.18692e-06	3.41574e-05
872	19	18	118	130	47	477	0.0388091	3.2491	1.26839e-06	3.26827e-05
873	23	16	49	58	28	142	0.336741	1.08844	3.64316e-06	1.08189e-05
874	15	15	58	71	27	271	0.160738	1.82798	2.95868e-06	1.84069e-05
875	21	16	90	101	38	337	0.0950854	2.35298	2.24469e-06	2.36071e-05
876	17	13	68	77	21	296	0.136264	1.99316	2.73535e-06	2.00739e-05
877	12	12	74	86	31	226	0.184026	1.69268	3.10315e-06	1.68626e-05
878	19	15	81	90	36	229	0.176736	1.7331	3.0483e-06	1.72478e-05
879	19	15	56	63	29	118	0.368822	0.99744	3.62402e-06	9.82592e-06
880	22	19	110	121	39	421	0.0546405	2.90698	1.59546e-06	2.91992e-05
881	13	10	52	60	11	376	0.100822	2.2944	2.3557e-06	2.33649e-05
882	19	13	90	101	35	249	0.148945	1.90418	2.81973e-06	1.89314e-05
883	15	15	93	110	33	319	0.0984999	2.3177	2.28113e-06	2.31587e-05
884	13	11	47	47	21	56	0.559473	0.58076	3.14899e-06	5.6285e-06
885	17	12	60	63	29	155	0.305398	1.18614	3.6012e-06	1.17918e-05
886	14	14	48	54	22	129	0.368977	0.99702	3.65374e-06	9.90235e-06
887	19	13	50	55	26	138	0.350218	1.0492	3.65522e-06	1.0437e-05
888	9	8	51	55	13	219	0.231703	1.4623	3.41548e-06	1.47408e-05
889	23	22	93	109	33	290	0.11492	2.16352	2.47784e-06	2.15614e-05
890	13	10	51	60	21	276	0.167898	1.7844	3.03083e-06	1.80516e-05
891	13	12	68	75	26	172	0.259707	1.3482	3.47293e-06	1.33725e-05
892	15	12	77	95	24	470	0.0501067	2.9936	1.51999e-06	3.03351e-05
893	16	11	56	69	22	375	0.0957686	2.34582	2.28119e-06	2.38198e-05
894	21	15	41	43	18	55	0.576638	0.55054	3.08477e-06	5.34957e-06
895	16	12	68	77	25	347	0.105056	2.25326	2.39357e-06	2.27837e-05
896	12	11	34	34	14	90	0.510421	0.67252	3.42043e-06	6.70121e-06
897	16	15	51	53	16	264	0.186516	1.67924	3.17429e-06	1.70189e-05
898	15	15	74	81	34	184	0.235256	1.44708	3.37564e-06	1.43488e-05
899	13	9	26	26	14	24	0.751503	0.28568	2.06125e-06	2.74283e-06
900	15	14	63	83	26	274	0.146806	1.91864	2.82509e-06	1.92436e-05
901	16	12	87	101	26	438	0.0568079	2.86808	1.64593e-06	2.89735e-05
902	12	6	40	42	21	158	0.343159	1.06956	3.6944e-06	1.07658e-05
903	18	13	82	94	37	196	0.203942	1.58992	3.206e-06	1.57202e-05
904	18	9	45	47	20	160	0.329177	1.11116	3.67175e-06	1.11543e-05
905	20	14	29	32	18	39	0.670414	0.39986	2.60021e-06	3.87852e-06
906	11	9	71	77	32	138	0.305025	1.18736	3.56235e-06	1.16788e-05
907	17	14	44	53	26	98	0.4349	0.83264	3.56564e-06	8.19878e-06
908	14	11	40	47	26	52	0.571003	0.56036	3.09253e-06	5.41596e-06
909	17	15	62	70	35	92	0.403008	0.9088	3.56242e-06	8.83959e-06
910	16	14	94	109	33	302	0.108098	2.22472	2.39966e-06	2.2199e-05
911	25	20	107	118	36	567	0.0264436	3.63274	9.72791e-07	3.67873e-05
912	18	13	92	107	34	509	0.0380878	3.26786	1.26012e-06	3.30847e-05
913	21	16	83	92	36	212	0.190337	1.65896	3.13245e-06	1.64574e-05
914	21	17	38	39	29	17	0.71776	0.33162	2.22844e-06	3.10472e-06
915	11	8	43	44	16	77	0.51221	0.66902	3.36776e-06	6.57495e-06
916	26	19	99	108	44	430	0.0566287	2.87124	1.63904e-06	2.89436e-05
917	14	12	27	34	14	49	0.629128	0.46342	2.84539e-06	4.52275e-06
918	20	14	60	67	33	92	0.410672	0.88996	3.56063e-06	8.67024e-06
919	16	12	60	72	25	231	0.195879	1.63026	3.20026e-06	1.6338e-05
920	16	13	71	79	29	237	0.181805	1.70482	3.10013e-06	1.70519e-05
921	18	15	66	78	29	347	0.104398	2.25954	2.38448e-06	2.28401e-05
922	26	19	94	101	47	195	0.196169	1.62878	3.1509e-06	1.60622e-05
923	21	17	87	99	34	358	0.0865079	2.44752	2.12896e-06	2.461e-05
924	15	14	48	54	23	183	0.280153	1.27242	3.57798e-06	1.27715e-05
925	18	13	56	63	22	246	0.192004	1.65024	3.19244e-06	1.6627e-05
926	14	10	38	46	15	313	0.151802	1.88518	2.91873e-06	1.92273e-05
927	23	17	102	118	29	495	0.0381763	3.26554	1.25836e-06	3.29618e-05
928	17	11	39	46	21	113	0.420976	0.86518	3.62066e-06	8.60064e-06
929	18	16	70	74	37	97	0.383115	0.95942	3.57486e-06	9.33104e-06
930	19	16	89	93	41	171	0.233134	1.45614	3.34208e-06	1.43354e-05
931	11	8	44	53	13	188	0.27482	1.29164	3.56737e-06	1.29808e-05
932	22	16	149	165	50	1077	0.00146061	6.5289	9.71866e-08	6.65383e-05
933	12	10	79	89	31	256	0.154971	1.86452	2.88647e-06	1.86259e-05
934	14	13	49	55	22	96	0.433874	0.835	3.56012e-06	8.20541e-06
935	15	13	43	47	22	111	0.422629	0.86126	3.61383e-06	8.55082e-06
936	20	16	101	107	43	771	0.0100111	4.60406	4.70578e-07	4.70056e-05
937	17	16	67	78	30	400	0.0796718	2.52984	2.04407e-06	2.56562e-05
938	13	8	15	16	12	5	0.881632	0.12598	1.03048e-06	1.16883e-06
939	19	12	79	88	28	389	0.0791398	2.53654	2.02884e-06	2.56362e-05
940	9	7	50	50	18	160	0.323033	1.13	3.65793e-06	1.13237e-05
941	23	21	108	121	38	483	0.0398282	3.22318	1.29416e-06	3.24935e-05
942	13	9	61	65	30	77	0.448925	0.8009	3.48381e-06	7.76035e-06
943	15	10	26	28	18	14	0.780953	0.24724	1.81525e-06	2.3244e-06
944	15	12	51	54	26	93	0.443339	0.81342	3.54208e-06	7.98956e-06
945	17	12	51	57	25	124	0.371443	0.99036	3.64238e-06	9.80603e-06
946	17	13	60	66	25	202	0.235822	1.44468	3.40961e-06	1.44584e-05
947	17	13	46	50	26	114	0.408444	0.8954	3.62681e-06	8.87956e-06
948	13	12	27	29	15	32	0.707994	0.34532	2.36275e-06	3.33724e-06
949	17	15	62	65	29	106	0.387205	0.9488	3.60148e-06	9.30121e-06
950	20	19	68	74	34	90	0.397039	0.92372	3.55712e-06	8.95911e-06
951	13	9	90	100	34	302	0.114383	2.1682	2.48109e-06	2.1691e-05
952	16	11	79	89	34	290	0.130299	2.03792	2.66234e-06	2.04325e-05
953	15	13	59	68	21	321	0.126927	2.06414	2.65205e-06	2.08942e-05
954	18	15	53	59	23	169	0.291586	1.23242	3.5894e-06	1.23099e-05
955	18	13	103	122	36	719	0.0118781	4.43306	5.35576e-07	4.50894e-05
956	20	18	128	146	46	488	0.0331842	3.40568	1.13392e-06	3.41704e-05
957	20	16	45	47	28	50	0.576858	0.55016	3.06294e-06	5.3097e-06
958	11	9	39	40	15	71	0.541561	0.6133	3.26581e-06	6.03036e-06
959	16	10	25	28	15	68	0.592953	0.52264	3.07956e-06	5.19359e-06
960	14	12	48	50	32	59	0.540695	0.6149	3.22105e-06	5.95724e-06
961	9	7	13	16	10	10	0.859435	0.15148	1.23285e-06	1.43449e-06
962	16	10	52	61	12	542	0.0429688	3.14728	1.38538e-06	3.22415e-05
963	15	12	55	59	27	114	0.385999	0.95192	3.6236e-06	9.38759e-06
964	18	14	72	85	31	305	0.123774	2.0893	2.5997e-06	2.10037e-05
965	11	10	61	70	12	378	0.0937241	2.3674	2.25272e-06	2.40357e-05
966	21	15	24	26	19	11	0.803017	0.21938	1.64787e-06	2.0521e-06
967	11	9	13	13	12	1	0.916915	0.08674	7.21568e-07	7.86952e-07
968	26	22	182	216	53	855	0.00328963	5.71698	1.89554e-07	5.76216e-05
969	14	11	102	119	35	433	0.0520464	2.95562	1.54702e-06	2.97239e-05
970	21	17	70	74	36	120	0.340711	1.07672	3.59556e-06	1.05531e-05
971	16	14	67	79	29	241	0.178134	1.72522	3.07539e-06	1.72645e-05
972	17	14	64	71	31	166	0.274589	1.29248	3.5224e-06	1.28279e-05
973	18	13	60	69	19	256	0.17571	1.73892	3.0744e-06	1.7497e-05
974	10	7	24	32	13	116	0.452684	0.79256	3.60779e-06	7.96977e-06
975	20	12	92	103	37	225	0.166237	1.79434	2.95388e-06	1.77691e-05
976	16	11	79	92	26	360	0.0894782	2.41376	2.17621e-06	2.43211e-05
977	11	9	23	27	17	17	0.773941	0.25626	1.87862e-06	2.42735e-06
978	14	12	95	109	34	383	0.071517	2.63782	1.8954e-06	2.65028e-05
979	23	16	50	54	24	113	0.400348	0.91542	3.62404e-06	9.05222e-06
980	16	12	52	53	22	145	0.342207	1.07234	3.66026e-06	1.0696e-05
981	17	14	119	134	47	421	0.0503569	2.98862	1.50734e-06	2.99331e-05
982	19	14	91	104	34	551	0.0313287	3.46322	1.10111e-06	3.51469e-05
983	13	10	39	39	18	57	0.585306	0.53562	3.06118e-06	5.23005e-06
984	22	17	116	129	46	383	0.0630757	2.76342	1.74289e-06	2.76318e-05
985	12	10	36	42	16	142	0.372335	0.98796	3.69197e-06	9.91571e-06
986	14	11	48	54	30	64	0.514006	0.66552	3.31467e-06	6.4487e-06
987	15	11	103	119	28	558	0.0275124	3.59312	1.0005e-06	3.63656e-05
988	21	16	73	82	32	298	0.130712	2.03476	2.67468e-06	2.04624e-05
989	17	14	104	123	43	491	0.0377587	3.27654	1.24722e-06	3.30315e-05
990	31	28	137	162	49	674	0.0116231	4.45476	5.22532e-07	4.49563e-05
991	19	14	67	79	26	325	0.116063	2.15362	2.52178e-06	2.17277e-05
992	15	12	51	58	22	445	0.0718094	2.63374	1.93298e-06	2.69182e-05
993	22	13	60	71	30	204	0.226213	1.48628	3.35857e-06	1.4847e-05
994	12	8	31	33	17	32	0.69043	0.37044	2.46003e-06	3.56303e-06
995	16	14	85	96	35	219	0.179106	1.71978	3.05467e-06	1.70551e-05
996	15	12	44	47	26	51	0.573923	0.55526	3.07785e-06	5.36283e-06
997	16	12	94	105	25	452	0.0515811	2.9646	1.5445e-06	2.99432e-05
998	17	11	43	46	23	60	0.551629	0.59488	3.19094e-06	5.78458e-06
999	19	14	27	28	16	25	0.738348	0.30334	2.14775e-06	2.90886e-06
1000	19	14	43	43	25	31	0.65172	0.42814	2.65535e-06	4.07438e-06