Hist	Tr_Tot	Tr_in	DSBs	DSBt	RIFs	NComb	PSurv	lPSurv	PMut*	PMut
1	193	154	148	151	93	106	0.225625	1.48888	3.19388e-06	1.41557e-05
2	162	131	137	144	85	106	0.235765	1.44492	3.24426e-06	1.37606e-05
3	210	169	161	169	88	181	0.13746	1.98442	2.63329e-06	1.91568e-05
4	171	127	108	113	75	70	0.344163	1.06664	3.47532e-06	1.00979e-05
5	173	136	160	164	98	107	0.206879	1.57562	3.09133e-06	1.49427e-05
6	186	144	108	110	75	50	0.388369	0.9458	3.44324e-06	8.8659e-06
7	173	132	123	127	85	78	0.302595	1.19536	3.42333e-06	1.13132e-05
8	153	121	103	107	58	93	0.317823	1.14626	3.49011e-06	1.09813e-05
9	145	119	112	115	76	94	0.300713	1.2016	3.45398e-06	1.1486e-05
10	202	156	135	142	87	98	0.248687	1.39156	3.28829e-06	1.32226e-05
11	182	140	130	135	81	97	0.261192	1.3425	3.33656e-06	1.27743e-05
12	169	133	116	120	75	80	0.312985	1.1616	3.45046e-06	1.10244e-05
13	172	145	148	152	91	113	0.21635	1.53086	3.15526e-06	1.45841e-05
14	166	123	117	121	71	149	0.21876	1.51978	3.22606e-06	1.4747e-05
15	179	137	105	113	72	60	0.362171	1.01564	3.46473e-06	9.56657e-06
16	179	129	114	120	75	76	0.319435	1.1412	3.45368e-06	1.08118e-05
17	186	154	134	136	83	92	0.266261	1.32328	3.3456e-06	1.25651e-05
18	171	138	90	92	64	49	0.437071	0.82766	3.40771e-06	7.79671e-06
19	197	147	125	127	79	94	0.278884	1.27696	3.39217e-06	1.21634e-05
20	165	125	121	124	76	88	0.293018	1.22752	3.42106e-06	1.16752e-05
21	176	143	142	145	84	137	0.200028	1.6093	3.09326e-06	1.54642e-05
22	173	129	132	141	80	133	0.209343	1.56378	3.14556e-06	1.50258e-05
23	184	148	128	136	81	96	0.260884	1.34368	3.33349e-06	1.27777e-05
24	180	155	137	138	84	103	0.248593	1.39194	3.29696e-06	1.32625e-05
25	186	141	151	156	84	132	0.191498	1.65288	3.02938e-06	1.58194e-05
26	188	152	168	171	93	154	0.155785	1.85928	2.77843e-06	1.78351e-05
27	154	115	122	128	78	72	0.310044	1.17104	3.42626e-06	1.10509e-05
28	199	153	145	150	97	77	0.263237	1.3347	3.30584e-06	1.25584e-05
29	166	134	131	135	84	89	0.272069	1.3017	3.35986e-06	1.23493e-05
30	182	148	132	138	82	97	0.256317	1.36134	3.31769e-06	1.29437e-05
31	174	138	130	133	78	79	0.289923	1.23814	3.39356e-06	1.17051e-05
32	179	140	141	149	86	129	0.203189	1.59362	3.10165e-06	1.52649e-05
33	175	132	142	149	78	192	0.147354	1.91492	2.74258e-06	1.86123e-05
34	155	132	92	94	65	41	0.44959	0.79942	3.36497e-06	7.48454e-06
35	179	137	101	106	72	60	0.378447	0.97168	3.4709e-06	9.17144e-06
36	165	128	85	87	58	40	0.472197	0.75036	3.3225e-06	7.03627e-06
37	182	147	122	122	76	91	0.292217	1.23026	3.42528e-06	1.17217e-05
38	168	131	108	111	74	85	0.322846	1.13058	3.48093e-06	1.0782e-05
39	190	149	164	167	105	116	0.19391	1.64036	3.0231e-06	1.55902e-05
40	175	135	108	112	62	87	0.317569	1.14706	3.4757e-06	1.09447e-05
41	186	145	149	154	93	122	0.204064	1.58932	3.09671e-06	1.51752e-05
42	182	143	128	136	80	131	0.218236	1.52218	3.19439e-06	1.46373e-05
43	213	168	164	170	99	153	0.157568	1.8479	2.79296e-06	1.77255e-05
44	191	143	158	169	98	125	0.182899	1.69882	2.95955e-06	1.61813e-05
45	159	117	96	97	63	51	0.419262	0.86926	3.43175e-06	8.18521e-06
46	167	133	131	134	79	95	0.265532	1.32602	3.34879e-06	1.26116e-05
47	169	136	115	122	77	63	0.337072	1.08746	3.44959e-06	1.0234e-05
48	174	129	139	143	82	126	0.214244	1.54064	3.1637e-06	1.47668e-05
49	176	139	122	128	84	76	0.303784	1.19144	3.42164e-06	1.12634e-05
50	169	133	135	139	87	80	0.277782	1.28092	3.36029e-06	1.20969e-05
51	183	144	171	176	101	169	0.139851	1.96718	2.64518e-06	1.89143e-05
52	191	145	125	133	77	127	0.226969	1.48294	3.23555e-06	1.42554e-05
53	192	142	139	144	95	91	0.254509	1.36842	3.29934e-06	1.29636e-05
54	161	118	120	123	80	70	0.323214	1.12944	3.44623e-06	1.06624e-05
55	208	154	190	196	101	212	0.099055	2.31208	2.2117e-06	2.2328e-05
56	170	131	124	128	77	113	0.251543	1.38014	3.32775e-06	1.32293e-05
57	172	140	87	90	62	45	0.451717	0.7947	3.3749e-06	7.47128e-06
58	177	136	126	127	85	81	0.298001	1.21066	3.41885e-06	1.14726e-05
59	176	136	120	123	83	65	0.331562	1.10394	3.44716e-06	1.03967e-05
60	161	115	127	133	84	81	0.286981	1.24834	3.38962e-06	1.18113e-05
61	174	136	147	151	97	84	0.252415	1.37668	3.27806e-06	1.29868e-05
62	174	142	111	115	71	66	0.346872	1.0588	3.46812e-06	9.99827e-06
63	186	138	112	115	70	77	0.327948	1.1149	3.47059e-06	1.05827e-05
64	173	136	103	107	71	67	0.362888	1.01366	3.48366e-06	9.59982e-06
65	171	137	126	131	81	96	0.269206	1.31228	3.36384e-06	1.24954e-05
66	194	163	160	165	104	106	0.206635	1.5768	3.08837e-06	1.4946e-05
67	178	130	154	159	97	159	0.163749	1.80942	2.85306e-06	1.74233e-05
68	183	143	106	111	72	77	0.33629	1.08978	3.48294e-06	1.03569e-05
69	186	147	125	128	84	73	0.308467	1.17614	3.42522e-06	1.1104e-05
70	158	119	120	123	81	76	0.313474	1.16004	3.44231e-06	1.09812e-05
71	196	154	145	154	99	100	0.228294	1.47712	3.19755e-06	1.40063e-05
72	164	120	95	98	69	48	0.423061	0.86024	3.41928e-06	8.08226e-06
73	179	130	123	126	87	69	0.318804	1.14318	3.43625e-06	1.07786e-05
74	172	128	127	129	79	85	0.288339	1.24362	3.40184e-06	1.17981e-05
75	174	143	159	167	97	158	0.156522	1.85456	2.7895e-06	1.78218e-05
76	179	147	125	129	89	55	0.336008	1.09062	3.42865e-06	1.02041e-05
77	190	147	161	166	98	120	0.191191	1.65448	3.01056e-06	1.57463e-05
78	187	138	122	126	73	97	0.27638	1.28598	3.39016e-06	1.22663e-05
79	152	117	129	132	78	110	0.249085	1.38996	3.31177e-06	1.32957e-05
80	198	150	117	120	81	51	0.362874	1.0137	3.44132e-06	9.48351e-06
81	166	127	120	125	77	80	0.30331	1.193	3.42941e-06	1.13066e-05
82	189	150	127	130	82	72	0.306175	1.1836	3.41806e-06	1.11638e-05
83	174	135	100	105	64	68	0.365606	1.0062	3.4879e-06	9.54006e-06
84	156	111	118	120	71	107	0.272723	1.2993	3.39784e-06	1.2459e-05
85	180	145	127	132	87	66	0.311748	1.16556	3.4161e-06	1.09579e-05
86	170	140	104	107	68	71	0.35556	1.03406	3.48888e-06	9.81235e-06
87	183	144	118	119	77	75	0.323091	1.12982	3.45781e-06	1.07023e-05
88	170	139	104	107	64	60	0.376078	0.97796	3.4704e-06	9.22789e-06
89	174	127	134	141	71	177	0.167264	1.78818	2.90433e-06	1.73637e-05
90	174	135	120	123	79	82	0.304027	1.19064	3.43549e-06	1.13e-05
91	195	158	174	179	107	154	0.148151	1.90952	2.70919e-06	1.82866e-05
92	175	128	140	146	81	185	0.155613	1.86038	2.81209e-06	1.8071e-05
93	201	161	140	142	97	60	0.30187	1.19776	3.38201e-06	1.12036e-05
94	182	141	116	118	76	76	0.323473	1.12864	3.46082e-06	1.06989e-05
95	174	150	142	144	89	101	0.241854	1.41942	3.2638e-06	1.34949e-05
96	190	149	146	151	105	90	0.244808	1.40728	3.25731e-06	1.33056e-05
97	176	137	111	114	73	68	0.345515	1.06272	3.47176e-06	1.00481e-05
98	161	129	85	88	66	42	0.464479	0.76684	3.34377e-06	7.19898e-06
99	168	129	129	134	81	89	0.273783	1.29542	3.36557e-06	1.22928e-05
100	177	129	120	125	80	81	0.301767	1.1981	3.42799e-06	1.13597e-05
101	176	138	123	128	85	72	0.310044	1.17104	3.42626e-06	1.10509e-05
102	192	143	129	135	83	85	0.277676	1.2813	3.37008e-06	1.21367e-05
103	183	149	164	169	96	155	0.156951	1.85182	2.78985e-06	1.77753e-05
104	178	135	101	103	67	54	0.397627	0.92224	3.45272e-06	8.6833e-06
105	191	147	125	127	84	89	0.286087	1.25146	3.40377e-06	1.18977e-05
106	159	124	96	100	59	77	0.360343	1.0207	3.5083e-06	9.73602e-06
107	206	166	141	146	90	85	0.259142	1.35038	3.30605e-06	1.27577e-05
108	169	137	105	107	69	51	0.393742	0.93206	3.44512e-06	8.74969e-06
109	174	148	118	120	82	55	0.355546	1.0341	3.44739e-06	9.69604e-06
110	177	141	126	133	68	152	0.1998	1.61044	3.11363e-06	1.55838e-05
111	174	142	125	128	71	95	0.275728	1.28834	3.384e-06	1.22729e-05
112	184	140	112	116	73	70	0.33774	1.08548	3.46766e-06	1.02672e-05
113	143	111	78	84	60	59	0.436739	0.82842	3.43995e-06	7.87646e-06
114	176	141	108	109	72	52	0.386849	0.94972	3.44904e-06	8.91571e-06
115	184	148	171	175	87	173	0.13789	1.9813	2.62961e-06	1.90704e-05
116	176	136	81	84	57	44	0.47146	0.75192	3.33769e-06	7.07946e-06
117	171	139	111	114	82	44	0.390503	0.94032	3.42584e-06	8.77289e-06
118	166	127	113	117	63	107	0.277909	1.28046	3.4154e-06	1.22896e-05
119	178	140	136	146	82	121	0.215676	1.53398	3.16406e-06	1.46705e-05
120	186	146	155	162	108	88	0.23081	1.46616	3.18985e-06	1.38202e-05
121	185	151	100	101	78	38	0.436887	0.82808	3.37289e-06	7.72027e-06
122	154	120	85	85	52	45	0.466126	0.7633	3.351e-06	7.18904e-06
123	195	150	133	134	79	122	0.231374	1.46372	3.24993e-06	1.40462e-05
124	163	118	110	115	64	98	0.29464	1.222	3.44686e-06	1.16985e-05
125	183	151	136	141	79	131	0.211489	1.55358	3.15533e-06	1.49196e-05
126	172	147	131	140	90	104	0.244241	1.4096	3.27979e-06	1.34285e-05
127	184	137	129	131	83	81	0.290608	1.23578	3.39966e-06	1.16984e-05
128	179	137	141	143	83	121	0.219777	1.51514	3.18702e-06	1.45011e-05
129	183	133	127	131	79	104	0.258443	1.35308	3.33921e-06	1.29205e-05
130	186	152	121	124	77	137	0.228226	1.47742	3.25878e-06	1.42788e-05
131	151	117	115	119	80	63	0.343482	1.06862	3.45703e-06	1.00647e-05
132	197	160	163	172	117	81	0.224639	1.49326	3.14782e-06	1.40128e-05
133	165	130	123	126	76	91	0.284968	1.25538	3.40466e-06	1.19475e-05
134	190	154	140	142	95	70	0.28686	1.24876	3.36627e-06	1.17349e-05
135	173	145	133	138	77	145	0.200661	1.60614	3.10905e-06	1.54941e-05
136	161	112	115	122	73	79	0.310659	1.16906	3.44338e-06	1.10841e-05
137	180	144	140	146	90	122	0.214578	1.53908	3.15937e-06	1.47236e-05
138	214	173	181	185	105	198	0.113995	2.1716	2.3897e-06	2.09632e-05
139	187	141	122	126	84	67	0.322072	1.13298	3.43726e-06	1.06723e-05
140	154	118	108	115	74	82	0.319691	1.1404	3.46814e-06	1.08484e-05
141	162	118	129	134	89	69	0.303183	1.19342	3.40479e-06	1.12302e-05
142	170	138	128	130	74	109	0.253523	1.3723	3.32869e-06	1.31297e-05
143	182	146	138	141	87	105	0.241477	1.42098	3.26914e-06	1.35381e-05
144	174	131	120	125	82	73	0.314334	1.1573	3.43714e-06	1.09347e-05
145	171	129	106	110	80	38	0.412879	0.8846	3.39729e-06	8.2283e-06
146	181	147	134	137	81	125	0.223608	1.49786	3.21436e-06	1.4375e-05
147	175	139	102	103	70	45	0.416304	0.87634	3.41581e-06	8.2051e-06
148	189	159	93	98	65	44	0.43178	0.83984	3.39799e-06	7.86973e-06
149	180	142	162	167	101	125	0.185211	1.68626	2.97604e-06	1.60684e-05
150	166	136	143	148	84	138	0.195296	1.63324	3.06353e-06	1.56866e-05
151	168	117	121	129	72	132	0.226883	1.48332	3.24337e-06	1.42953e-05
152	171	140	118	126	75	88	0.289361	1.24008	3.41102e-06	1.17881e-05
153	175	139	104	107	62	84	0.332751	1.10036	3.49491e-06	1.05031e-05
154	161	120	109	115	78	51	0.374449	0.9823	3.4454e-06	9.20127e-06
155	182	147	145	148	83	114	0.220724	1.51084	3.18096e-06	1.44114e-05
156	172	138	107	110	73	51	0.386393	0.9509	3.44625e-06	8.91903e-06
157	190	143	149	153	89	170	0.16076	1.82784	2.8405e-06	1.76691e-05
158	158	122	110	112	68	79	0.330794	1.10626	3.47984e-06	1.05197e-05
159	204	166	164	170	101	114	0.192242	1.649	3.00922e-06	1.56533e-05
160	169	133	87	93	63	43	0.447831	0.80334	3.37412e-06	7.53435e-06
161	188	147	137	143	86	92	0.254809	1.36724	3.30239e-06	1.29603e-05
162	176	147	107	109	68	85	0.326926	1.11802	3.48801e-06	1.06691e-05
163	183	145	144	154	89	96	0.232999	1.45672	3.21393e-06	1.37937e-05
164	183	147	163	167	96	158	0.156522	1.85456	2.7895e-06	1.78218e-05
165	141	110	128	136	72	124	0.226167	1.48648	3.22637e-06	1.42654e-05
166	192	149	147	149	90	107	0.227315	1.48142	3.20422e-06	1.40959e-05
167	160	132	121	127	79	84	0.293476	1.22596	3.41372e-06	1.1632e-05
168	180	144	125	133	77	102	0.257834	1.35544	3.33305e-06	1.29271e-05
169	166	125	123	125	72	106	0.265644	1.3256	3.3705e-06	1.26881e-05
170	170	135	134	137	84	93	0.263248	1.33466	3.33659e-06	1.26747e-05
171	177	144	137	142	88	100	0.246163	1.40176	3.28108e-06	1.33289e-05
172	191	144	143	146	83	156	0.180418	1.71248	2.98233e-06	1.65301e-05
173	184	141	111	114	74	61	0.358072	1.02702	3.46476e-06	9.67615e-06
174	161	123	132	139	71	136	0.20877	1.56652	3.14666e-06	1.50723e-05
175	194	153	137	142	93	76	0.278215	1.27936	3.35352e-06	1.20537e-05
176	162	122	112	112	69	90	0.312747	1.16236	3.47278e-06	1.11041e-05
177	186	148	145	150	87	144	0.187046	1.6764	3.01487e-06	1.61183e-05
178	171	135	100	103	68	50	0.405822	0.90184	3.43762e-06	8.47076e-06
179	188	150	136	139	84	92	0.261291	1.34212	3.3274e-06	1.27345e-05
180	178	138	126	128	73	111	0.254122	1.36994	3.33487e-06	1.31231e-05
181	175	144	103	109	69	68	0.356536	1.03132	3.48188e-06	9.76585e-06
182	185	152	124	133	82	94	0.268571	1.31464	3.35769e-06	1.25021e-05
183	170	133	120	122	73	71	0.323596	1.12826	3.44923e-06	1.06591e-05
184	196	144	142	146	83	179	0.160449	1.82978	2.84832e-06	1.77522e-05
185	164	123	133	135	84	99	0.258541	1.3527	3.33017e-06	1.28806e-05
186	196	160	128	132	84	99	0.263458	1.33386	3.34889e-06	1.27113e-05
187	172	139	132	135	89	80	0.284848	1.2558	3.38145e-06	1.18711e-05
188	166	124	105	109	75	48	0.394822	0.92932	3.43621e-06	8.70318e-06
189	179	149	118	122	84	52	0.356522	1.03136	3.44027e-06	9.64953e-06
190	154	123	103	105	66	76	0.350989	1.047	3.49765e-06	9.96512e-06
191	187	146	145	152	79	198	0.140246	1.96436	2.67875e-06	1.91004e-05
192	152	122	122	126	70	102	0.269421	1.31148	3.37638e-06	1.2532e-05
193	198	164	170	174	102	134	0.169294	1.77612	2.86813e-06	1.69417e-05
194	200	152	136	139	92	76	0.283507	1.26052	3.36929e-06	1.18843e-05
195	183	152	139	145	90	99	0.242804	1.4155	3.26452e-06	1.34451e-05
196	187	140	126	128	78	106	0.260686	1.34444	3.35174e-06	1.28574e-05
197	173	142	120	124	68	129	0.23773	1.43662	3.29344e-06	1.38537e-05
198	180	138	136	138	84	105	0.24607	1.40214	3.28965e-06	1.33688e-05
199	177	140	115	115	73	63	0.35222	1.0435	3.46544e-06	9.83887e-06
200	188	142	150	157	85	192	0.140133	1.96516	2.67148e-06	1.90638e-05
201	183	147	172	176	109	119	0.180472	1.71218	2.93405e-06	1.62576e-05
202	175	140	117	121	70	98	0.283745	1.25968	3.4155e-06	1.20372e-05
203	167	131	113	116	83	47	0.379774	0.96818	3.43512e-06	9.04518e-06
204	175	136	126	131	77	94	0.271966	1.30208	3.36942e-06	1.23892e-05
205	175	144	105	108	68	71	0.353335	1.04034	3.48699e-06	9.8688e-06
206	185	141	119	120	77	81	0.311393	1.1667	3.44945e-06	1.10775e-05
207	181	142	155	159	101	85	0.238826	1.43202	3.22212e-06	1.34915e-05
208	197	158	141	142	86	110	0.233924	1.45276	3.24223e-06	1.38602e-05
209	189	138	134	138	87	87	0.269728	1.31034	3.34796e-06	1.24124e-05
210	157	130	108	113	67	108	0.283529	1.26044	3.43551e-06	1.2117e-05
211	203	159	166	169	96	155	0.156951	1.85182	2.78985e-06	1.77753e-05
212	168	130	117	123	80	69	0.324867	1.12434	3.44659e-06	1.06092e-05
213	198	147	132	134	86	91	0.271004	1.30562	3.36021e-06	1.23991e-05
214	176	143	155	158	89	160	0.163942	1.80824	2.85588e-06	1.742e-05
215	193	146	124	125	88	59	0.337598	1.0859	3.44039e-06	1.01908e-05
216	183	151	132	135	86	90	0.270685	1.3068	3.35715e-06	1.24024e-05
217	155	107	119	124	75	87	0.294517	1.22242	3.4229e-06	1.16221e-05
218	191	152	121	127	85	85	0.291983	1.23106	3.41187e-06	1.16852e-05
219	159	132	96	97	78	25	0.47871	0.73666	3.25702e-06	6.80375e-06
220	206	164	150	151	103	78	0.260258	1.34608	3.29695e-06	1.2668e-05
221	170	133	119	123	76	96	0.283076	1.26204	3.40932e-06	1.20438e-05
222	168	144	116	122	75	72	0.32195	1.13336	3.44879e-06	1.07122e-05
223	179	142	97	102	66	63	0.382181	0.96186	3.47978e-06	9.10505e-06
224	196	150	151	160	90	137	0.182045	1.7035	2.96932e-06	1.63109e-05
225	184	145	171	178	107	115	0.181892	1.70434	2.93902e-06	1.6158e-05
226	166	138	106	106	69	85	0.333144	1.09918	3.49794e-06	1.04998e-05
227	174	129	99	103	68	51	0.403758	0.90694	3.44159e-06	8.5239e-06
228	183	143	148	152	98	85	0.249559	1.38806	3.26831e-06	1.30964e-05
229	191	154	166	169	92	147	0.163487	1.81102	2.83654e-06	1.73502e-05
230	171	139	114	119	68	97	0.2888	1.24202	3.4284e-06	1.18712e-05
231	161	114	121	125	77	78	0.30642	1.1828	3.432e-06	1.12003e-05
232	178	140	113	115	74	69	0.341605	1.0741	3.46991e-06	1.01577e-05
233	163	115	109	113	71	71	0.342412	1.07174	3.47584e-06	1.0151e-05
234	185	150	143	150	81	144	0.187046	1.6764	3.01487e-06	1.61183e-05
235	182	141	170	177	95	201	0.118048	2.13666	2.44018e-06	2.0671e-05
236	194	159	122	125	76	87	0.292673	1.2287	3.41799e-06	1.16785e-05
237	163	134	114	117	73	64	0.346054	1.06116	3.46224e-06	1.00049e-05
238	204	161	150	158	94	109	0.212643	1.54814	3.12803e-06	1.47102e-05
239	172	135	134	143	86	112	0.2301	1.46924	3.22668e-06	1.40229e-05
240	170	135	140	148	86	131	0.202394	1.59754	3.0996e-06	1.53147e-05
241	179	146	114	117	84	59	0.354992	1.03566	3.45735e-06	9.73923e-06
242	181	149	114	117	75	74	0.328848	1.11216	3.46482e-06	1.05362e-05
243	186	150	120	120	77	71	0.327686	1.1157	3.45583e-06	1.05462e-05
244	150	122	121	125	72	90	0.288229	1.244	3.41204e-06	1.18379e-05
245	196	156	128	132	79	94	0.270263	1.30836	3.36359e-06	1.24456e-05
246	164	127	122	124	78	69	0.322833	1.13062	3.44324e-06	1.06657e-05
247	219	177	161	164	114	66	0.254993	1.36652	3.25478e-06	1.27642e-05
248	191	146	160	164	104	110	0.203738	1.59092	3.07686e-06	1.51021e-05
249	177	138	94	99	64	63	0.38945	0.94302	3.48001e-06	8.9357e-06
250	161	127	128	135	79	90	0.270685	1.3068	3.35715e-06	1.24024e-05
251	175	142	155	161	89	140	0.178159	1.72508	2.94438e-06	1.65267e-05
252	187	144	135	140	83	138	0.205358	1.583	3.12864e-06	1.5235e-05
253	187	156	137	139	77	146	0.19839	1.61752	3.09561e-06	1.56037e-05
254	174	135	106	110	80	47	0.394356	0.9305	3.43346e-06	8.7065e-06
255	166	139	97	101	67	67	0.376823	0.97598	3.48981e-06	9.26113e-06
256	183	145	121	123	82	52	0.35429	1.03764	3.43873e-06	9.70598e-06
257	174	136	140	145	82	112	0.227228	1.4818	3.21206e-06	1.41358e-05
258	183	149	149	150	99	91	0.245097	1.4061	3.26035e-06	1.33023e-05
259	181	148	106	111	78	51	0.383974	0.95718	3.44635e-06	8.97548e-06
260	146	118	106	108	69	118	0.278026	1.28004	3.43809e-06	1.23661e-05
261	189	148	171	174	93	304	0.071139	2.64312	1.84779e-06	2.59744e-05
262	156	133	130	135	74	183	0.168453	1.7811	2.92161e-06	1.73438e-05
263	201	165	150	158	93	139	0.182475	1.70114	2.97512e-06	1.63042e-05
264	167	131	107	108	72	74	0.34797	1.05564	3.48951e-06	1.00282e-05
265	176	141	138	145	81	139	0.197998	1.6195	3.08291e-06	1.55704e-05
266	175	144	137	142	84	153	0.18786	1.67206	3.03298e-06	1.61449e-05
267	200	166	162	170	91	146	0.163294	1.8122	2.83374e-06	1.73535e-05
268	182	140	131	134	81	80	0.286642	1.24952	3.38657e-06	1.18146e-05
269	162	123	101	101	68	52	0.406781	0.89948	3.44305e-06	8.46413e-06
270	190	147	114	116	73	94	0.29883	1.20788	3.44923e-06	1.15424e-05
271	158	120	100	106	66	69	0.361469	1.01758	3.48804e-06	9.64964e-06
272	204	153	179	189	112	151	0.141279	1.95702	2.64074e-06	1.86917e-05
273	169	134	135	135	83	102	0.254616	1.368	3.32019e-06	1.304e-05
274	178	143	95	98	62	85	0.350309	1.04894	3.51997e-06	1.00482e-05
275	173	138	110	119	74	114	0.264816	1.32872	3.38288e-06	1.27744e-05
276	174	133	125	130	73	85	0.286533	1.2499	3.39671e-06	1.18545e-05
277	183	144	179	184	92	272	0.0786522	2.54272	1.95361e-06	2.48386e-05
278	170	128	103	109	70	76	0.342282	1.07212	3.48817e-06	1.01909e-05
279	203	155	145	149	80	145	0.187267	1.67522	3.01781e-06	1.6115e-05
280	181	144	114	121	74	91	0.294057	1.22398	3.43026e-06	1.16653e-05
281	196	149	134	137	77	100	0.254015	1.37036	3.31405e-06	1.30466e-05
282	170	130	105	108	72	70	0.355141	1.03524	3.48595e-06	9.81566e-06
283	166	119	110	115	72	114	0.271552	1.3036	3.40762e-06	1.25487e-05
284	177	141	89	93	59	50	0.432125	0.83904	3.41651e-06	7.90629e-06
285	187	136	120	124	78	81	0.303668	1.19182	3.43245e-06	1.13033e-05
286	184	156	155	160	85	151	0.1695	1.7749	2.89078e-06	1.70547e-05
287	177	136	145	149	95	96	0.240432	1.42532	3.24859e-06	1.35115e-05
288	193	154	139	141	85	98	0.250254	1.38528	3.29488e-06	1.31662e-05
289	162	119	103	105	65	69	0.363746	1.0113	3.48948e-06	9.59319e-06
290	168	129	138	140	89	80	0.276043	1.2872	3.35483e-06	1.21533e-05
291	171	136	76	78	55	36	0.509951	0.67344	3.2207e-06	6.31571e-06
292	174	142	113	117	76	97	0.29245	1.22946	3.43872e-06	1.17583e-05
293	178	139	101	107	68	56	0.383828	0.95756	3.46035e-06	9.01535e-06
294	196	152	126	130	89	77	0.298466	1.2091	3.4113e-06	1.14294e-05
295	185	151	112	113	69	82	0.323732	1.12784	3.47542e-06	1.07355e-05
296	148	118	108	113	77	63	0.356672	1.03094	3.46898e-06	9.72597e-06
297	195	148	123	123	78	68	0.326528	1.11924	3.44686e-06	1.05561e-05
298	164	129	137	145	77	163	0.175187	1.7419	2.95114e-06	1.68456e-05
299	216	176	141	147	92	101	0.23734	1.43826	3.24308e-06	1.36643e-05
300	172	136	114	120	79	53	0.359191	1.0239	3.44456e-06	9.58977e-06
301	180	132	112	115	77	51	0.374449	0.9823	3.4454e-06	9.20127e-06
302	166	124	115	118	71	94	0.2951	1.22044	3.43949e-06	1.16553e-05
303	185	139	134	139	78	104	0.24578	1.40332	3.28658e-06	1.33721e-05
304	167	130	117	121	82	69	0.328973	1.11178	3.45301e-06	1.04964e-05
305	191	153	128	132	86	80	0.290265	1.23696	3.39661e-06	1.17017e-05
306	177	141	176	183	107	125	0.167505	1.78674	2.84283e-06	1.69716e-05
307	165	126	93	94	63	38	0.456521	0.78412	3.34408e-06	7.32514e-06
308	177	137	135	138	89	83	0.275287	1.28994	3.35846e-06	1.21998e-05
309	173	132	131	136	82	110	0.242906	1.41508	3.28446e-06	1.35215e-05
310	187	144	146	156	88	136	0.187631	1.67328	3.00808e-06	1.60319e-05
311	180	134	122	125	82	63	0.330781	1.1063	3.44122e-06	1.04033e-05
312	156	118	71	75	53	36	0.51965	0.6546	3.19396e-06	6.14637e-06
313	188	146	140	146	91	106	0.232822	1.45748	3.23005e-06	1.38735e-05
314	204	165	158	165	99	131	0.1819	1.7043	2.96029e-06	1.62743e-05
315	200	146	144	149	82	133	0.199086	1.61402	3.08133e-06	1.54774e-05
316	167	128	108	113	63	128	0.256035	1.36244	3.37445e-06	1.31796e-05
317	146	113	114	126	73	116	0.250855	1.38288	3.33031e-06	1.32758e-05
318	174	143	119	124	71	90	0.290045	1.23772	3.41716e-06	1.17815e-05
319	182	145	121	123	88	44	0.369044	0.99684	3.42506e-06	9.28092e-06
320	181	138	116	119	72	90	0.299297	1.20632	3.44169e-06	1.14993e-05
321	166	135	85	88	53	64	0.415181	0.87904	3.4742e-06	8.36791e-06
322	189	149	131	136	78	99	0.256923	1.35898	3.32382e-06	1.29371e-05
323	157	126	119	124	74	106	0.267317	1.31932	3.37665e-06	1.26316e-05
324	202	155	128	134	85	93	0.268254	1.31582	3.35462e-06	1.25054e-05
325	168	131	141	144	87	98	0.245583	1.40412	3.27498e-06	1.33355e-05
326	174	136	113	118	74	85	0.308961	1.17454	3.4533e-06	1.11771e-05
327	175	137	171	177	96	149	0.153899	1.87146	2.75603e-06	1.79081e-05
328	178	149	185	193	113	151	0.137774	1.98214	2.60634e-06	1.89175e-05
329	187	147	129	134	88	66	0.307857	1.17812	3.40821e-06	1.10708e-05
330	174	136	114	119	75	91	0.297774	1.21142	3.44e-06	1.15524e-05
331	156	116	83	87	62	38	0.477038	0.74016	3.30587e-06	6.93e-06
332	167	125	131	137	85	73	0.291516	1.23266	3.3851e-06	1.1612e-05
333	205	168	130	135	84	101	0.255918	1.3629	3.32357e-06	1.29869e-05
334	169	134	127	134	84	85	0.279425	1.27502	3.37554e-06	1.20803e-05
335	170	136	115	119	73	76	0.321448	1.13492	3.4573e-06	1.07554e-05
336	176	141	134	138	89	82	0.276695	1.28484	3.36093e-06	1.21467e-05
337	230	187	167	174	102	160	0.14827	1.90872	2.71678e-06	1.83232e-05
338	184	147	128	132	85	75	0.297762	1.21146	3.40523e-06	1.14361e-05
339	180	133	110	115	62	91	0.305349	1.1863	3.45856e-06	1.13266e-05
340	192	151	140	144	90	115	0.225188	1.49082	3.2064e-06	1.42388e-05
341	161	119	92	94	65	44	0.442763	0.81472	3.38445e-06	7.64394e-06
342	192	158	132	139	93	87	0.26804	1.31662	3.34214e-06	1.24688e-05
343	170	133	126	134	81	109	0.247234	1.39742	3.30193e-06	1.33555e-05
344	177	136	117	119	83	58	0.352354	1.04312	3.45271e-06	9.79899e-06
345	178	128	106	110	78	50	0.388369	0.9458	3.44324e-06	8.8659e-06
346	150	115	103	108	67	98	0.307882	1.17804	3.48011e-06	1.13034e-05
347	185	140	131	138	84	111	0.238654	1.43274	3.26659e-06	1.36876e-05
348	187	151	154	157	100	113	0.209662	1.56226	3.1169e-06	1.48663e-05
349	194	148	152	155	96	104	0.222284	1.5038	3.17315e-06	1.42752e-05
350	163	129	132	141	75	160	0.182413	1.70148	3.0026e-06	1.64604e-05
351	179	139	145	152	94	118	0.210902	1.55636	3.13185e-06	1.48498e-05
352	172	132	141	146	90	83	0.261799	1.34018	3.31212e-06	1.26514e-05
353	160	116	89	92	56	56	0.421743	0.86336	3.44506e-06	8.16864e-06
354	179	138	121	123	81	80	0.307144	1.18044	3.43808e-06	1.11937e-05
355	180	145	147	152	93	103	0.22767	1.47986	3.19938e-06	1.40528e-05
356	190	139	122	128	69	114	0.250264	1.38524	3.32412e-06	1.32825e-05
357	177	145	154	156	84	145	0.179213	1.71918	2.95883e-06	1.65101e-05
358	180	146	146	149	90	114	0.219343	1.51712	3.17342e-06	1.44679e-05
359	176	135	130	135	76	114	0.2395	1.4292	3.27579e-06	1.36776e-05
360	188	151	110	112	67	80	0.329111	1.11136	3.47962e-06	1.05728e-05
361	173	124	94	95	56	78	0.369945	0.9944	3.51704e-06	9.50691e-06
362	191	144	149	153	94	119	0.208516	1.56774	3.11926e-06	1.49593e-05
363	180	144	137	141	95	75	0.281399	1.26798	3.36106e-06	1.19441e-05
364	162	122	90	93	65	39	0.45706	0.78294	3.34651e-06	7.32182e-06
365	187	146	130	133	84	95	0.267205	1.31974	3.35481e-06	1.25552e-05
366	193	155	164	168	95	156	0.157137	1.85064	2.79263e-06	1.7772e-05
367	198	163	159	163	86	178	0.144939	1.93144	2.70437e-06	1.86587e-05
368	166	127	95	101	55	89	0.336829	1.08818	3.51315e-06	1.04301e-05
369	179	151	140	142	95	68	0.289801	1.23856	3.36999e-06	1.16286e-05
370	174	135	128	133	80	101	0.259152	1.35034	3.33632e-06	1.2874e-05
371	183	133	138	143	84	91	0.256112	1.36214	3.30567e-06	1.29071e-05
372	181	138	140	143	96	118	0.223166	1.49984	3.20058e-06	1.43417e-05
373	171	146	132	133	95	53	0.331032	1.10554	3.41744e-06	1.03236e-05
374	189	155	127	129	81	89	0.282516	1.26402	3.39319e-06	1.20106e-05
375	156	123	125	129	75	100	0.267103	1.32012	3.36418e-06	1.25951e-05
376	201	161	141	145	84	125	0.212652	1.5481	3.15289e-06	1.48266e-05
377	167	127	121	127	78	78	0.302595	1.19536	3.42333e-06	1.13132e-05
378	167	132	112	115	72	72	0.336418	1.0894	3.47085e-06	1.03171e-05
379	175	145	136	140	86	85	0.269093	1.3127	3.34186e-06	1.2419e-05
380	182	154	131	135	80	99	0.258541	1.3527	3.33017e-06	1.28806e-05
381	182	132	132	136	76	101	0.254315	1.36918	3.31712e-06	1.30433e-05
382	133	106	94	98	64	68	0.382036	0.96224	3.49369e-06	9.14492e-06
383	162	124	113	115	74	69	0.341605	1.0741	3.46991e-06	1.01577e-05
384	187	141	144	146	84	136	0.199792	1.61048	3.09027e-06	1.54675e-05
385	201	153	157	161	96	110	0.207613	1.57208	3.10022e-06	1.49327e-05
386	168	126	119	122	79	80	0.309078	1.17416	3.44229e-06	1.11373e-05
387	174	138	175	184	113	133	0.159802	1.83382	2.78904e-06	1.74531e-05
388	176	137	100	101	62	59	0.392515	0.93518	3.46829e-06	8.83607e-06
389	158	122	83	83	55	40	0.484208	0.72524	3.29769e-06	6.81048e-06
390	183	145	122	126	73	97	0.27638	1.28598	3.39016e-06	1.22663e-05
391	184	142	93	97	70	33	0.459572	0.77746	3.32216e-06	7.22881e-06
392	192	156	152	156	90	121	0.202548	1.59678	3.0858e-06	1.52349e-05
393	160	113	72	75	56	30	0.535797	0.624	3.12239e-06	5.82757e-06
394	187	143	148	154	96	100	0.228294	1.47712	3.19755e-06	1.40063e-05
395	170	126	130	135	80	107	0.248205	1.3935	3.30254e-06	1.33057e-05
396	180	140	145	149	85	133	0.199086	1.61402	3.08133e-06	1.54774e-05
397	177	132	136	140	82	110	0.23688	1.4402	3.25647e-06	1.37473e-05
398	185	132	148	153	88	121	0.2064	1.57794	3.10954e-06	1.50656e-05
399	184	142	118	121	72	101	0.279437	1.27498	3.40818e-06	1.21966e-05
400	192	145	117	122	81	73	0.320312	1.13846	3.44826e-06	1.07653e-05
401	193	145	150	154	94	105	0.222546	1.50262	3.17616e-06	1.42719e-05
402	162	129	102	102	69	47	0.414675	0.88026	3.42311e-06	8.25492e-06
403	166	126	113	118	71	77	0.321827	1.13374	3.46031e-06	1.07521e-05
404	171	135	122	126	85	65	0.325374	1.12278	3.43792e-06	1.05661e-05
405	187	142	132	136	78	142	0.20633	1.57828	3.14071e-06	1.52218e-05
406	178	140	134	143	83	123	0.217547	1.52534	3.1778e-06	1.46074e-05
407	156	131	123	124	84	66	0.32781	1.11532	3.44407e-06	1.05063e-05
408	185	148	139	144	89	83	0.265107	1.32762	3.32405e-06	1.25385e-05
409	205	161	133	139	89	81	0.276369	1.28602	3.35788e-06	1.215e-05
410	184	148	129	133	82	100	0.260477	1.34524	3.33954e-06	1.28209e-05
411	171	128	105	110	62	103	0.296384	1.2161	3.46234e-06	1.1682e-05
412	184	135	121	127	74	89	0.286087	1.25146	3.40377e-06	1.18977e-05
413	172	131	116	123	82	66	0.329875	1.10904	3.44715e-06	1.04498e-05
414	197	149	143	148	96	85	0.255907	1.36294	3.29367e-06	1.28706e-05
415	179	142	97	99	77	28	0.465557	0.76452	3.2943e-06	7.07604e-06
416	167	133	143	147	85	160	0.175668	1.73916	2.95106e-06	1.67991e-05
417	186	145	120	125	83	72	0.315941	1.1522	3.43792e-06	1.08815e-05
418	175	139	130	133	77	132	0.221255	1.50844	3.21287e-06	1.45211e-05
419	197	161	151	156	95	115	0.208841	1.56618	3.11511e-06	1.49161e-05
420	165	133	96	97	67	45	0.432289	0.83866	3.40057e-06	7.86641e-06
421	177	138	96	97	71	39	0.445722	0.80806	3.36414e-06	7.54761e-06
422	173	140	98	101	68	54	0.402653	0.90968	3.4509e-06	8.5704e-06
423	143	113	124	130	78	98	0.268152	1.3162	3.36404e-06	1.25452e-05
424	180	137	127	131	86	72	0.304258	1.18988	3.41384e-06	1.12202e-05
425	174	145	174	182	117	134	0.160999	1.82636	2.8003e-06	1.73933e-05
426	188	149	128	130	80	92	0.276485	1.2856	3.38042e-06	1.22264e-05
427	154	124	104	105	62	72	0.358223	1.0266	3.4936e-06	9.75259e-06
428	199	156	129	135	76	111	0.243193	1.4139	3.28753e-06	1.35182e-05
429	166	124	127	132	81	87	0.280086	1.27266	3.38166e-06	1.20737e-05
430	171	129	126	129	83	82	0.292784	1.22832	3.40761e-06	1.16387e-05
431	174	138	138	144	84	103	0.2394	1.42962	3.25612e-06	1.36012e-05
432	187	134	111	115	66	100	0.29165	1.2322	3.44287e-06	1.18048e-05
433	181	134	128	135	81	114	0.2395	1.4292	3.27579e-06	1.36776e-05
434	180	138	107	109	73	59	0.373282	0.98542	3.46692e-06	9.28765e-06
435	189	151	172	176	104	107	0.191862	1.65098	2.99689e-06	1.562e-05
436	178	145	142	144	90	88	0.258433	1.35312	3.30902e-06	1.28042e-05
437	178	140	113	117	71	77	0.323855	1.12746	3.46383e-06	1.06956e-05
438	192	151	138	145	78	107	0.233097	1.4563	3.23309e-06	1.38702e-05
439	177	138	171	175	98	195	0.123255	2.0935	2.4946e-06	2.02393e-05
440	175	134	126	128	81	98	0.271542	1.30364	3.3759e-06	1.24323e-05
441	164	135	85	91	59	65	0.40536	0.90298	3.4822e-06	8.59039e-06
442	182	135	118	120	79	66	0.336149	1.0902	3.45578e-06	1.02805e-05
443	187	141	138	143	80	113	0.22893	1.47434	3.22243e-06	1.40761e-05
444	191	152	135	138	80	96	0.257628	1.35624	3.32096e-06	1.28906e-05
445	159	122	126	132	74	123	0.233106	1.45626	3.26034e-06	1.39865e-05
446	167	137	119	119	62	130	0.244065	1.41032	3.32529e-06	1.36246e-05
447	169	140	139	145	89	96	0.246548	1.4002	3.27556e-06	1.32857e-05
448	191	144	110	111	75	54	0.378144	0.97248	3.4543e-06	9.13488e-06
449	176	143	137	144	87	100	0.243091	1.41432	3.26757e-06	1.34418e-05
450	178	137	111	117	74	83	0.314095	1.15806	3.45958e-06	1.10144e-05
451	183	147	90	94	64	39	0.454199	0.78922	3.3512e-06	7.37827e-06
452	178	136	154	157	88	126	0.196212	1.62856	3.05248e-06	1.55571e-05
453	192	150	136	138	93	83	0.275287	1.28994	3.35846e-06	1.21998e-05
454	161	128	116	123	65	122	0.247922	1.39464	3.32843e-06	1.34253e-05
455	171	136	142	149	84	111	0.222724	1.50182	3.18685e-06	1.43085e-05
456	170	134	143	149	75	229	0.122014	2.10362	2.51083e-06	2.05782e-05
457	192	155	155	158	94	100	0.222631	1.50224	3.16849e-06	1.4232e-05
458	177	133	116	119	79	63	0.343482	1.06862	3.45703e-06	1.00647e-05
459	162	128	110	113	70	81	0.325387	1.12274	3.4759e-06	1.06824e-05
460	185	144	148	152	92	127	0.201441	1.60226	3.08767e-06	1.5328e-05
461	146	116	115	120	77	77	0.31781	1.1463	3.453e-06	1.0865e-05
462	194	159	126	130	76	87	0.283626	1.2601	3.39238e-06	1.19608e-05
463	174	138	160	166	91	130	0.181685	1.70548	2.9574e-06	1.62776e-05
464	155	121	141	145	80	136	0.20105	1.6042	3.09839e-06	1.5411e-05
465	187	142	136	141	92	88	0.263348	1.33428	3.32735e-06	1.26348e-05
466	167	124	99	101	56	105	0.310435	1.16978	3.50177e-06	1.12802e-05
467	178	148	88	92	56	69	0.394688	0.92966	3.49669e-06	8.85937e-06
468	171	135	74	78	50	54	0.465222	0.76524	3.38315e-06	7.27211e-06
469	186	144	169	176	95	164	0.143463	1.94168	2.67538e-06	1.86486e-05
470	178	132	129	132	76	102	0.259458	1.34916	3.3394e-06	1.28707e-05
471	196	158	171	175	101	146	0.158247	1.8436	2.7908e-06	1.76358e-05
472	164	127	118	120	70	80	0.312985	1.1616	3.45046e-06	1.10244e-05
473	167	134	118	125	69	121	0.24608	1.4021	3.3184e-06	1.34851e-05
474	173	126	116	123	67	134	0.233204	1.45584	3.27953e-06	1.40629e-05
475	178	143	99	103	68	52	0.401704	0.91204	3.44543e-06	8.57703e-06
476	179	136	146	152	93	109	0.220808	1.51046	3.17336e-06	1.43716e-05
477	202	161	180	186	104	170	0.13067	2.03508	2.55223e-06	1.95319e-05
478	187	138	128	134	84	83	0.28229	1.26482	3.38015e-06	1.1974e-05
479	153	121	114	119	78	58	0.352354	1.04312	3.45271e-06	9.79899e-06
480	198	150	114	120	75	72	0.326019	1.1208	3.45557e-06	1.05993e-05
481	166	118	126	129	76	105	0.260378	1.34562	3.34865e-06	1.28607e-05
482	174	131	131	137	86	100	0.254015	1.37036	3.31405e-06	1.30466e-05
483	174	138	120	124	86	55	0.346726	1.05922	3.44016e-06	9.92183e-06
484	153	113	125	127	69	102	0.267734	1.31776	3.37036e-06	1.25884e-05
485	181	142	100	106	74	50	0.398248	0.92068	3.44091e-06	8.64011e-06
486	184	139	111	112	74	53	0.377698	0.97366	3.45148e-06	9.13819e-06
487	188	146	144	147	83	109	0.227852	1.47906	3.21028e-06	1.40893e-05
488	155	127	105	109	65	76	0.342282	1.07212	3.48817e-06	1.01909e-05
489	200	157	158	163	103	104	0.211392	1.55404	3.11313e-06	1.47268e-05
490	198	166	134	141	83	100	0.247714	1.39548	3.28777e-06	1.32724e-05
491	181	135	119	121	83	52	0.358768	1.02508	3.44169e-06	9.59309e-06
492	167	136	125	132	75	112	0.246558	1.40016	3.30436e-06	1.3402e-05
493	170	136	142	148	87	118	0.216267	1.53124	3.16269e-06	1.4624e-05
494	182	150	165	170	94	148	0.161637	1.8224	2.82216e-06	1.74598e-05
495	192	153	129	131	73	126	0.231013	1.46528	3.25484e-06	1.40894e-05
496	190	147	107	110	75	63	0.363455	1.0121	3.4734e-06	9.55663e-06
497	163	129	135	140	84	105	0.242999	1.4147	3.27602e-06	1.34816e-05
498	198	159	132	137	86	93	0.263248	1.33466	3.33659e-06	1.26747e-05
499	168	137	129	134	76	101	0.25753	1.35662	3.32997e-06	1.29304e-05
500	188	146	125	125	81	77	0.307986	1.1777	3.43319e-06	1.11472e-05
501	176	141	149	151	90	150	0.180274	1.71328	2.97335e-06	1.64936e-05
502	179	128	145	147	89	92	0.248488	1.39236	3.27658e-06	1.31861e-05
503	183	151	120	121	88	49	0.364299	1.00978	3.43668e-06	9.43369e-06
504	206	158	156	162	97	130	0.186307	1.68036	2.99057e-06	1.60518e-05
505	191	152	113	116	72	69	0.339467	1.08038	3.46735e-06	1.02141e-05
506	160	119	111	112	72	63	0.358918	1.02466	3.47057e-06	9.66952e-06
507	181	136	109	111	76	52	0.382021	0.96228	3.44912e-06	9.02861e-06
508	170	137	124	127	83	63	0.326652	1.11886	3.43515e-06	1.05162e-05
509	198	159	159	167	105	92	0.219159	1.51796	3.13725e-06	1.4315e-05
510	177	133	140	141	87	87	0.264694	1.32918	3.3303e-06	1.25817e-05
511	167	129	120	123	84	57	0.34537	1.06314	3.4439e-06	9.97165e-06
512	184	143	121	124	80	62	0.334566	1.09492	3.44395e-06	1.02938e-05
513	144	112	80	82	59	31	0.510145	0.67306	3.20159e-06	6.27583e-06
514	193	165	155	160	90	119	0.199548	1.6117	3.06395e-06	1.53545e-05
515	162	123	136	140	74	130	0.21391	1.5422	3.168e-06	1.481e-05
516	210	156	102	104	72	48	0.407416	0.89792	3.43083e-06	8.42094e-06
517	174	132	147	153	83	171	0.159943	1.83294	2.83455e-06	1.77223e-05
518	183	150	134	142	87	131	0.210165	1.55986	3.14744e-06	1.4976e-05
519	188	158	151	158	84	142	0.179705	1.71644	2.95859e-06	1.64636e-05
520	174	140	134	137	91	77	0.285629	1.25306	3.37745e-06	1.18246e-05
521	185	155	154	160	100	110	0.208921	1.5658	3.10796e-06	1.48763e-05
522	182	140	105	110	69	66	0.357936	1.0274	3.47772e-06	9.71603e-06
523	206	161	145	151	94	80	0.257617	1.35628	3.29087e-06	1.27742e-05
524	163	122	102	104	74	53	0.397158	0.92342	3.44996e-06	8.68661e-06
525	171	130	112	116	76	67	0.342947	1.07018	3.46645e-06	1.01078e-05
526	172	140	154	160	87	183	0.143977	1.9381	2.70029e-06	1.8755e-05
527	179	142	111	113	78	53	0.375334	0.97994	3.45106e-06	9.19464e-06
528	179	141	155	160	81	212	0.124183	2.086	2.5204e-06	2.02959e-05
529	181	140	147	150	100	83	0.255304	1.3653	3.2876e-06	1.28772e-05
530	186	144	96	103	66	107	0.30345	1.19254	3.48947e-06	1.14994e-05
531	173	142	127	129	88	76	0.301882	1.19772	3.41726e-06	1.13199e-05
532	197	159	175	183	111	127	0.165805	1.79694	2.8316e-06	1.70778e-05
533	165	130	120	122	69	96	0.284859	1.25576	3.41472e-06	1.19874e-05
534	177	135	139	142	90	93	0.25511	1.36606	3.30545e-06	1.29569e-05
535	173	134	118	124	78	87	0.294517	1.22242	3.4229e-06	1.16221e-05
536	189	146	125	127	74	90	0.284631	1.25656	3.40158e-06	1.19508e-05
537	180	144	157	161	88	149	0.170166	1.77098	2.89366e-06	1.70049e-05
538	188	159	129	129	84	70	0.311262	1.16712	3.42421e-06	1.10011e-05
539	188	156	118	122	79	59	0.344018	1.06706	3.44757e-06	1.00215e-05
540	154	126	137	148	83	128	0.205514	1.58224	3.11463e-06	1.51553e-05
541	199	158	129	135	87	77	0.28924	1.2405	3.38748e-06	1.17117e-05
542	166	134	100	101	70	48	0.415165	0.87908	3.42577e-06	8.2516e-06
543	184	148	113	115	81	63	0.35222	1.0435	3.46544e-06	9.83887e-06
544	171	133	94	96	68	36	0.455445	0.78648	3.33922e-06	7.33176e-06
545	174	137	97	102	64	58	0.392052	0.93636	3.4655e-06	8.83938e-06
546	180	126	113	117	79	62	0.349602	1.05096	3.46058e-06	9.89863e-06
547	190	152	139	145	96	77	0.271634	1.3033	3.33462e-06	1.22762e-05
548	189	146	147	150	96	107	0.225892	1.4877	3.19691e-06	1.41524e-05
549	167	127	131	137	88	79	0.282731	1.26326	3.37322e-06	1.19308e-05
550	179	148	133	137	91	83	0.277022	1.28366	3.36398e-06	1.21434e-05
551	168	142	135	138	98	52	0.322439	1.13184	3.4026e-06	1.05527e-05
552	192	146	118	122	76	92	0.29073	1.23536	3.42331e-06	1.17749e-05
553	175	135	116	116	68	79	0.322588	1.13138	3.46635e-06	1.07454e-05
554	189	142	108	109	68	72	0.349336	1.05172	3.48581e-06	9.97838e-06
555	182	142	129	131	87	83	0.287659	1.24598	3.39572e-06	1.18047e-05
556	179	134	143	151	87	109	0.222199	1.50418	3.18081e-06	1.43151e-05
557	190	144	172	179	100	181	0.129093	2.04722	2.54588e-06	1.97212e-05
558	159	126	90	97	63	54	0.412896	0.88456	3.44545e-06	8.34461e-06
559	170	136	110	112	74	61	0.362598	1.01446	3.46762e-06	9.56326e-06
560	169	129	121	128	76	101	0.267419	1.31894	3.36727e-06	1.25917e-05
561	189	146	128	135	73	126	0.225283	1.4904	3.22497e-06	1.43152e-05
562	176	151	105	108	68	70	0.355141	1.03524	3.48595e-06	9.81566e-06
563	171	140	96	104	65	70	0.364175	1.01012	3.4924e-06	9.58987e-06
564	183	141	127	131	84	71	0.305813	1.18478	3.41505e-06	1.11671e-05
565	157	118	121	128	84	88	0.285749	1.25264	3.40071e-06	1.1901e-05
566	192	151	147	151	87	123	0.206888	1.57558	3.11551e-06	1.5059e-05
567	160	124	122	127	72	99	0.271862	1.30246	3.37898e-06	1.2429e-05
568	208	172	177	181	111	130	0.165352	1.79968	2.83154e-06	1.71243e-05
569	170	129	158	169	101	128	0.180122	1.71412	2.94332e-06	1.63407e-05
570	188	145	136	142	80	120	0.222293	1.50376	3.19914e-06	1.43915e-05
571	192	147	124	128	75	86	0.288679	1.24244	3.4049e-06	1.17947e-05
572	178	142	115	117	72	80	0.318938	1.14276	3.46208e-06	1.0855e-05
573	184	133	119	121	75	75	0.319059	1.14238	3.45067e-06	1.08151e-05
574	178	141	122	126	91	48	0.354843	1.03608	3.42877e-06	9.66279e-06
575	187	152	183	191	115	122	0.161754	1.82168	2.79248e-06	1.72637e-05
576	188	154	126	131	88	68	0.310528	1.16948	3.4182e-06	1.10077e-05
577	174	133	107	108	68	63	0.368049	0.99954	3.47575e-06	9.44373e-06
578	171	134	129	129	81	86	0.286872	1.24872	3.39977e-06	1.18512e-05
579	170	132	128	132	78	88	0.278661	1.27776	3.37927e-06	1.21268e-05
580	178	136	112	117	71	94	0.296959	1.21416	3.4444e-06	1.15989e-05
581	184	131	171	178	91	197	0.119727	2.12254	2.45619e-06	2.05149e-05
582	186	144	110	112	65	98	0.300244	1.20316	3.46157e-06	1.15292e-05
583	149	115	98	98	63	71	0.376236	0.97754	3.50062e-06	9.30432e-06
584	196	142	153	158	101	82	0.244036	1.41044	3.23973e-06	1.32756e-05
585	164	133	105	110	76	54	0.380526	0.9662	3.45458e-06	9.07843e-06
586	181	133	158	160	92	129	0.189626	1.6627	3.01237e-06	1.58858e-05
587	172	140	112	116	76	93	0.300358	1.20278	3.45091e-06	1.14893e-05
588	179	144	138	144	84	95	0.249369	1.38882	3.28572e-06	1.31761e-05
589	179	139	123	125	79	115	0.253726	1.3715	3.34063e-06	1.31663e-05
590	192	151	151	155	84	164	0.163687	1.8098	2.8585e-06	1.74632e-05
591	187	148	147	150	93	113	0.219084	1.5183	3.17041e-06	1.44712e-05
592	152	120	101	106	71	54	0.390206	0.94108	3.45435e-06	8.85264e-06
593	198	163	132	137	94	73	0.291516	1.23266	3.3851e-06	1.1612e-05
594	165	135	130	133	82	76	0.294393	1.22284	3.39896e-06	1.15457e-05
595	176	132	133	135	81	103	0.25332	1.3731	3.31676e-06	1.30931e-05
596	174	137	124	127	87	84	0.293476	1.22596	3.41372e-06	1.1632e-05
597	172	139	139	145	90	92	0.251629	1.3798	3.28958e-06	1.30732e-05
598	206	163	128	132	82	89	0.277243	1.28286	3.37681e-06	1.21799e-05
599	199	161	133	138	87	88	0.268356	1.31544	3.34519e-06	1.24655e-05
600	184	139	138	147	79	139	0.195526	1.63206	3.0665e-06	1.56833e-05
601	166	125	102	108	66	80	0.337483	1.08624	3.49194e-06	1.0347e-05
602	175	140	127	129	74	137	0.221171	1.50882	3.22047e-06	1.4561e-05
603	167	126	118	122	81	73	0.320312	1.13846	3.44826e-06	1.07653e-05
604	198	166	150	155	91	119	0.205913	1.5803	3.10357e-06	1.50722e-05
605	175	140	120	125	78	73	0.314334	1.1573	3.43714e-06	1.09347e-05
606	179	136	118	124	82	59	0.339725	1.07962	3.44289e-06	1.01344e-05
607	182	142	164	167	100	113	0.1969	1.62506	3.03832e-06	1.54308e-05
608	165	131	137	142	87	98	0.248687	1.39156	3.28829e-06	1.32226e-05
609	190	156	123	126	81	76	0.307623	1.17888	3.43016e-06	1.11505e-05
610	157	119	106	111	63	80	0.331184	1.10508	3.48285e-06	1.05163e-05
611	163	130	151	161	87	157	0.163363	1.81178	2.84741e-06	1.743e-05
612	168	134	92	100	59	61	0.39098	0.9391	3.4742e-06	8.88589e-06
613	160	127	95	96	66	39	0.44853	0.80178	3.36001e-06	7.49116e-06
614	176	132	99	102	67	64	0.380237	0.96696	3.48228e-06	9.15818e-06
615	182	137	122	124	68	107	0.265957	1.32442	3.3736e-06	1.26848e-05
616	183	150	154	160	97	139	0.180198	1.7137	2.95833e-06	1.64171e-05
617	159	127	137	138	88	77	0.283841	1.25934	3.37233e-06	1.1881e-05
618	191	149	146	149	89	125	0.207376	1.57322	3.1215e-06	1.50523e-05
619	159	128	122	125	76	85	0.295673	1.2185	3.42161e-06	1.15723e-05
620	206	159	156	159	86	177	0.149386	1.90122	2.74568e-06	1.83797e-05
621	169	132	148	151	89	117	0.213316	1.54498	3.14432e-06	1.47402e-05
622	163	123	128	133	82	88	0.276916	1.28404	3.37374e-06	1.21833e-05
623	177	142	139	141	79	123	0.220297	1.51278	3.19309e-06	1.44945e-05
624	181	149	138	143	87	93	0.253513	1.37234	3.29907e-06	1.30134e-05
625	168	131	127	133	79	99	0.261809	1.34014	3.3427e-06	1.27677e-05
626	179	142	172	174	101	181	0.133211	2.01582	2.58949e-06	1.9439e-05
627	186	150	142	145	86	120	0.218144	1.5226	3.17637e-06	1.45609e-05
628	180	141	148	152	85	148	0.180982	1.70936	2.97602e-06	1.64437e-05
629	178	143	89	93	64	56	0.419102	0.86964	3.44715e-06	8.22509e-06
630	171	133	145	151	80	195	0.143305	1.94278	2.70625e-06	1.88846e-05
631	182	145	109	112	74	78	0.332485	1.10116	3.47996e-06	1.04665e-05
632	178	143	163	165	103	93	0.2208	1.5105	3.14755e-06	1.42552e-05
633	188	139	173	178	98	147	0.154503	1.86754	2.75916e-06	1.78583e-05
634	185	150	113	116	68	104	0.283972	1.25888	3.42861e-06	1.20738e-05
635	158	124	84	89	63	43	0.459223	0.77822	3.35626e-06	7.30856e-06
636	195	153	127	135	87	75	0.292205	1.2303	3.39116e-06	1.16054e-05
637	163	122	120	124	71	108	0.264604	1.32952	3.3705e-06	1.27379e-05
638	184	141	132	138	80	97	0.256317	1.36134	3.31769e-06	1.29437e-05
639	172	134	136	140	93	73	0.286075	1.2515	3.37036e-06	1.17814e-05
640	180	140	120	125	75	137	0.226797	1.4837	3.25118e-06	1.43352e-05
641	179	134	128	128	82	96	0.274325	1.29344	3.38136e-06	1.23261e-05
642	180	148	126	134	81	94	0.26689	1.32092	3.35173e-06	1.25585e-05
643	186	150	156	159	92	117	0.202864	1.59522	3.08186e-06	1.51918e-05
644	151	125	82	86	59	46	0.460851	0.77468	3.36358e-06	7.29862e-06
645	197	151	113	115	66	105	0.284307	1.2577	3.43172e-06	1.20705e-05
646	165	125	114	116	78	65	0.346463	1.05998	3.46517e-06	1.00016e-05
647	193	145	131	137	86	87	0.271428	1.30406	3.35373e-06	1.23559e-05
648	173	136	137	143	87	110	0.232459	1.45904	3.23506e-06	1.39167e-05
649	163	123	135	139	80	122	0.224222	1.49512	3.21275e-06	1.43285e-05
650	180	142	136	139	86	97	0.254712	1.36762	3.3113e-06	1.30001e-05
651	171	127	121	126	84	73	0.312366	1.16358	3.43325e-06	1.09911e-05
652	188	144	111	116	77	67	0.342947	1.07018	3.46645e-06	1.01078e-05
653	175	136	153	159	92	154	0.167978	1.78392	2.88212e-06	1.71577e-05
654	158	123	129	133	77	104	0.255217	1.36564	3.32634e-06	1.30334e-05
655	178	143	132	133	87	96	0.265845	1.32484	3.35186e-06	1.26083e-05
656	180	147	110	112	80	53	0.377698	0.97366	3.45148e-06	9.13819e-06
657	174	136	94	95	62	58	0.409671	0.8924	3.45937e-06	8.44425e-06
658	171	127	94	99	65	53	0.409827	0.89202	3.44434e-06	8.40437e-06
659	181	146	144	149	93	92	0.245387	1.40492	3.26338e-06	1.32989e-05
660	188	141	101	109	63	109	0.289263	1.24042	3.45504e-06	1.19443e-05
661	189	140	125	128	82	85	0.290155	1.23734	3.40689e-06	1.17416e-05
662	181	147	181	183	104	149	0.148208	1.90914	2.70431e-06	1.82468e-05
663	168	132	120	127	73	102	0.267734	1.31776	3.37036e-06	1.25884e-05
664	167	132	144	153	72	218	0.125853	2.07264	2.54469e-06	2.02195e-05
665	170	141	171	185	94	212	0.10614	2.243	2.30398e-06	2.1707e-05
666	175	134	126	133	75	94	0.268571	1.31464	3.35769e-06	1.25021e-05
667	165	126	114	115	75	57	0.363164	1.0129	3.45735e-06	9.52007e-06
668	182	147	126	131	77	92	0.274754	1.29188	3.37477e-06	1.22829e-05
669	180	143	114	118	72	87	0.305826	1.18474	3.45076e-06	1.12834e-05
670	190	141	100	104	63	72	0.36048	1.02032	3.49526e-06	9.69614e-06
671	158	117	125	128	69	110	0.255422	1.36484	3.33835e-06	1.30699e-05
672	204	165	142	144	85	137	0.201288	1.60302	3.10138e-06	1.54077e-05
673	169	136	141	144	88	92	0.253214	1.37352	3.29601e-06	1.30167e-05
674	191	154	139	141	100	60	0.303771	1.19148	3.38617e-06	1.11471e-05
675	176	147	106	111	79	42	0.402009	0.91128	3.41598e-06	8.49728e-06
676	184	150	147	152	93	107	0.223072	1.50026	3.18219e-06	1.42653e-05
677	183	138	141	148	80	180	0.15764	1.84744	2.82463e-06	1.79182e-05
678	150	117	104	107	69	51	0.393742	0.93206	3.44512e-06	8.74969e-06
679	168	128	117	122	74	96	0.284859	1.25576	3.41472e-06	1.19874e-05
680	199	165	140	149	76	129	0.203189	1.59362	3.10165e-06	1.52649e-05
681	181	139	119	123	76	70	0.323214	1.12944	3.44623e-06	1.06624e-05
682	170	138	106	106	72	53	0.392201	0.93598	3.45118e-06	8.79951e-06
683	182	145	136	137	83	86	0.272815	1.29896	3.35639e-06	1.23028e-05
684	177	140	108	113	73	71	0.342412	1.07174	3.47584e-06	1.0151e-05
685	193	150	143	150	92	105	0.228207	1.4775	3.20543e-06	1.40461e-05
686	184	149	125	126	80	87	0.290841	1.23498	3.41301e-06	1.1735e-05
687	163	132	139	147	89	98	0.241	1.42296	3.25466e-06	1.35049e-05
688	194	144	161	166	98	142	0.170899	1.76668	2.8908e-06	1.69152e-05
689	162	126	132	133	85	102	0.257834	1.35544	3.33305e-06	1.29271e-05
690	180	140	138	144	89	104	0.238182	1.43472	3.25221e-06	1.36543e-05
691	171	143	143	147	96	72	0.275172	1.29036	3.33601e-06	1.21234e-05
692	150	124	108	111	69	66	0.355696	1.03368	3.47603e-06	9.77247e-06
693	178	142	138	142	85	91	0.257726	1.35586	3.31195e-06	1.28507e-05
694	176	145	136	141	82	132	0.210414	1.55868	3.15046e-06	1.49727e-05
695	185	149	131	136	83	106	0.247912	1.39468	3.29946e-06	1.3309e-05
696	172	133	128	135	79	102	0.254616	1.368	3.32019e-06	1.304e-05
697	195	149	133	137	72	123	0.225901	1.48766	3.22331e-06	1.42687e-05
698	164	132	158	168	98	131	0.178505	1.72314	2.93527e-06	1.64436e-05
699	199	164	152	156	92	161	0.16517	1.80078	2.8674e-06	1.73603e-05
700	172	125	99	102	68	59	0.390058	0.94146	3.4686e-06	8.89251e-06
701	168	140	138	143	85	136	0.203591	1.59164	3.11457e-06	1.52981e-05
702	179	145	118	120	80	68	0.332738	1.1004	3.45607e-06	1.03868e-05
703	180	136	126	127	82	69	0.316808	1.14946	3.43262e-06	1.0835e-05
704	187	144	118	120	82	69	0.331045	1.1055	3.45608e-06	1.04399e-05
705	178	139	103	106	67	80	0.341749	1.07368	3.49749e-06	1.02341e-05
706	164	128	122	127	78	71	0.313593	1.15966	3.43111e-06	1.09413e-05
707	165	130	97	103	61	85	0.33948	1.08034	3.50697e-06	1.03304e-05
708	175	141	111	117	75	62	0.349602	1.05096	3.46058e-06	9.89863e-06
709	173	128	128	135	70	130	0.220733	1.5108	3.20676e-06	1.45277e-05
710	175	141	119	120	82	60	0.346594	1.0596	3.45267e-06	9.9617e-06
711	180	132	113	115	67	110	0.277149	1.2832	3.41895e-06	1.23361e-05
712	173	144	112	116	75	63	0.350015	1.04978	3.46351e-06	9.89531e-06
713	188	147	143	145	85	110	0.229558	1.4716	3.22059e-06	1.40296e-05
714	185	140	117	121	74	108	0.269637	1.31068	3.38894e-06	1.25685e-05
715	172	133	126	137	81	113	0.23772	1.43666	3.26565e-06	1.37374e-05
716	167	124	80	80	56	38	0.498476	0.6962	3.25748e-06	6.53487e-06
717	194	153	146	157	94	104	0.219509	1.51636	3.15833e-06	1.43881e-05
718	174	131	114	117	76	64	0.346054	1.06116	3.46224e-06	1.00049e-05
719	175	141	127	132	80	96	0.26752	1.31856	3.35788e-06	1.25519e-05
720	181	145	131	136	76	120	0.230829	1.46608	3.2438e-06	1.40529e-05
721	181	136	91	93	59	71	0.388237	0.94614	3.5027e-06	9.02208e-06
722	189	144	141	146	85	113	0.224657	1.49318	3.20033e-06	1.42454e-05
723	157	122	133	137	83	96	0.259251	1.34996	3.32725e-06	1.28341e-05
724	203	155	149	152	95	97	0.234744	1.44926	3.22396e-06	1.3734e-05
725	168	142	177	180	100	162	0.141338	1.9566	2.65266e-06	1.87681e-05
726	181	139	146	152	84	140	0.188518	1.66856	3.01982e-06	1.60187e-05
727	176	128	95	99	63	68	0.379644	0.96852	3.49325e-06	9.20137e-06
728	186	149	165	169	97	133	0.175587	1.73962	2.91586e-06	1.66064e-05
729	182	136	121	121	82	58	0.347956	1.05568	3.4489e-06	9.91189e-06
730	158	132	107	111	63	82	0.327823	1.11528	3.48234e-06	1.06226e-05
731	191	153	129	130	81	73	0.304617	1.1887	3.41686e-06	1.12169e-05
732	208	158	128	130	85	83	0.289471	1.2397	3.40078e-06	1.17482e-05
733	185	142	134	139	90	86	0.26941	1.31152	3.34491e-06	1.24157e-05
734	172	132	125	134	71	161	0.189641	1.66262	3.05672e-06	1.61184e-05
735	161	129	117	120	78	61	0.344831	1.0647	3.45343e-06	1.00148e-05
736	177	147	116	118	75	85	0.308961	1.17454	3.4533e-06	1.11771e-05
737	181	131	127	132	75	142	0.211578	1.55316	3.17283e-06	1.4996e-05
738	184	138	143	147	80	154	0.181126	1.70856	2.98502e-06	1.64803e-05
739	168	127	156	164	111	97	0.217704	1.52462	3.1374e-06	1.44113e-05
740	193	159	144	146	86	95	0.246257	1.40138	3.27251e-06	1.3289e-05
741	161	129	124	129	77	103	0.263048	1.33542	3.35503e-06	1.27545e-05
742	193	152	147	152	97	99	0.232362	1.45946	3.21594e-06	1.38402e-05
743	171	138	137	140	83	121	0.223957	1.4963	3.20971e-06	1.43318e-05
744	164	123	113	116	74	62	0.351804	1.04468	3.46252e-06	9.84218e-06
745	178	137	125	130	74	97	0.269523	1.3111	3.36692e-06	1.24921e-05
746	225	179	175	177	114	96	0.201662	1.60116	3.04349e-06	1.5092e-05
747	185	143	118	122	77	105	0.27208	1.30166	3.39164e-06	1.24656e-05
748	154	115	88	91	59	60	0.415829	0.87748	3.46167e-06	8.32472e-06
749	194	149	141	143	87	89	0.258738	1.35194	3.31207e-06	1.28009e-05
750	163	130	99	101	62	62	0.386555	0.95048	3.47725e-06	8.99547e-06
751	179	141	136	141	85	99	0.248981	1.39038	3.29135e-06	1.32193e-05
752	172	134	117	118	75	67	0.338666	1.08274	3.46142e-06	1.02207e-05
753	172	136	130	137	83	108	0.24386	1.41116	3.28521e-06	1.34717e-05
754	179	143	103	107	72	69	0.359206	1.02386	3.48648e-06	9.70608e-06
755	159	127	109	118	59	161	0.209687	1.56214	3.19044e-06	1.52153e-05
756	186	147	131	132	72	118	0.239127	1.43076	3.28102e-06	1.37208e-05
757	150	122	111	117	71	91	0.301538	1.19886	3.44944e-06	1.14395e-05
758	196	162	176	180	108	125	0.170691	1.7679	2.86799e-06	1.68022e-05
759	188	142	147	149	95	81	0.259546	1.34882	3.3e-06	1.27145e-05
760	205	162	142	146	79	197	0.146376	1.92158	2.73848e-06	1.87086e-05
761	193	152	135	136	87	70	0.297875	1.21108	3.39465e-06	1.13962e-05
762	178	136	144	151	95	90	0.244808	1.40728	3.25731e-06	1.33056e-05
763	180	140	128	131	85	83	0.287659	1.24598	3.39572e-06	1.18047e-05
764	169	135	83	85	63	28	0.508342	0.6766	3.19533e-06	6.28578e-06
765	187	148	113	115	84	49	0.378288	0.9721	3.44053e-06	9.095e-06
766	189	138	115	117	71	95	0.295449	1.21926	3.44258e-06	1.1652e-05
767	175	149	145	149	95	84	0.255606	1.36412	3.29063e-06	1.28739e-05
768	166	134	104	107	73	56	0.383828	0.95756	3.46035e-06	9.01535e-06
769	193	154	140	144	92	77	0.273345	1.29702	3.3402e-06	1.22197e-05
770	174	132	137	143	89	116	0.225454	1.48964	3.20944e-06	1.42355e-05
771	185	152	125	131	85	72	0.304258	1.18988	3.41384e-06	1.12202e-05
772	181	144	117	119	74	77	0.319813	1.14002	3.4567e-06	1.08085e-05
773	151	127	135	140	76	112	0.234476	1.4504	3.24834e-06	1.38536e-05
774	189	140	135	139	84	98	0.253417	1.37272	3.30792e-06	1.30533e-05
775	156	119	101	102	71	47	0.414675	0.88026	3.42311e-06	8.25492e-06
776	201	145	164	172	96	176	0.138379	1.97776	2.63756e-06	1.90604e-05
777	167	127	148	151	81	163	0.168709	1.77958	2.89915e-06	1.71843e-05
778	168	130	128	132	78	94	0.270263	1.30836	3.36359e-06	1.24456e-05
779	175	143	150	162	93	130	0.186307	1.68036	2.99057e-06	1.60518e-05
780	191	132	145	146	89	153	0.183199	1.69718	2.99911e-06	1.63707e-05
781	182	145	111	114	72	78	0.328335	1.11372	3.4736e-06	1.05794e-05
782	164	125	102	105	67	54	0.392664	0.9348	3.45395e-06	8.79619e-06
783	190	147	141	149	89	102	0.233186	1.45592	3.22502e-06	1.38303e-05
784	158	129	111	122	74	81	0.307506	1.17926	3.44112e-06	1.11904e-05
785	204	174	140	145	100	72	0.27865	1.2778	3.34672e-06	1.20105e-05
786	175	138	106	110	65	97	0.305593	1.1855	3.4725e-06	1.13632e-05
787	185	144	113	118	78	60	0.350975	1.04704	3.45669e-06	9.84881e-06
788	176	141	109	115	65	96	0.297661	1.2118	3.45056e-06	1.15923e-05
789	169	134	136	139	83	107	0.242048	1.41862	3.27526e-06	1.35315e-05
790	183	139	136	142	88	125	0.216696	1.52926	3.17616e-06	1.46572e-05
791	172	136	78	81	58	35	0.502993	0.68718	3.23521e-06	6.43192e-06
792	192	157	129	130	82	98	0.268152	1.3162	3.36404e-06	1.25452e-05
793	176	147	105	108	61	77	0.342686	1.07094	3.49115e-06	1.01876e-05
794	200	158	126	130	79	82	0.290951	1.2346	3.40271e-06	1.16951e-05
795	170	134	104	107	73	55	0.385791	0.95246	3.45754e-06	8.96222e-06
796	168	130	115	117	74	82	0.315701	1.15296	3.46049e-06	1.09613e-05
797	177	147	126	131	67	146	0.208612	1.56728	3.1609e-06	1.51521e-05
798	148	118	96	105	66	73	0.356401	1.0317	3.49476e-06	9.80572e-06
799	184	153	149	156	90	151	0.173812	1.74978	2.92507e-06	1.68289e-05
800	178	138	108	113	73	65	0.353052	1.04114	3.47129e-06	9.83224e-06
801	193	150	138	145	90	88	0.256815	1.3594	3.3028e-06	1.28606e-05
802	162	125	90	91	62	45	0.448889	0.80098	3.37911e-06	7.52773e-06
803	192	147	121	125	75	104	0.268367	1.3154	3.37654e-06	1.25818e-05
804	171	149	121	129	84	66	0.317677	1.14672	3.42727e-06	1.07885e-05
805	175	142	123	127	80	79	0.301056	1.20046	3.42191e-06	1.13664e-05
806	178	136	119	123	77	80	0.307144	1.18044	3.43808e-06	1.11937e-05
807	175	140	154	155	93	139	0.185946	1.6823	3.00022e-06	1.61349e-05
808	185	144	120	121	77	85	0.303195	1.19338	3.44019e-06	1.13465e-05
809	148	117	126	131	71	115	0.244344	1.40918	3.29985e-06	1.3505e-05
810	195	151	137	140	92	85	0.269093	1.3127	3.34186e-06	1.2419e-05
811	164	133	152	159	87	137	0.183192	1.69722	2.97768e-06	1.62544e-05
812	216	180	123	126	82	108	0.261302	1.34208	3.35793e-06	1.28508e-05
813	200	159	171	177	114	97	0.200637	1.60626	3.03867e-06	1.51451e-05
814	181	149	164	170	98	136	0.171839	1.7612	2.8907e-06	1.68222e-05
815	179	142	134	139	81	122	0.224222	1.49512	3.21275e-06	1.43285e-05
816	193	150	120	124	87	60	0.337996	1.08472	3.44334e-06	1.01875e-05
817	187	141	128	135	76	104	0.252032	1.3782	3.31328e-06	1.31463e-05
818	168	121	121	123	80	70	0.323214	1.12944	3.44623e-06	1.06624e-05
819	178	145	130	140	83	88	0.265007	1.328	3.33336e-06	1.25784e-05
820	165	114	120	123	73	101	0.275949	1.28754	3.39679e-06	1.23095e-05
821	173	130	117	122	76	73	0.320312	1.13846	3.44826e-06	1.07653e-05
822	173	134	93	95	67	39	0.451356	0.7955	3.3557e-06	7.43472e-06
823	189	153	166	174	106	133	0.170159	1.77102	2.87375e-06	1.68886e-05
824	180	144	139	144	90	116	0.224042	1.49592	3.20199e-06	1.42919e-05
825	159	109	108	117	68	96	0.293946	1.22436	3.44068e-06	1.17052e-05
826	188	142	151	155	97	95	0.232724	1.4579	3.21091e-06	1.3797e-05
827	209	167	131	136	87	93	0.264906	1.32838	3.34265e-06	1.26183e-05
828	200	167	185	189	119	116	0.168888	1.77852	2.84273e-06	1.6832e-05
829	167	140	124	126	81	76	0.307623	1.17888	3.43016e-06	1.11505e-05
830	176	143	112	116	63	89	0.306548	1.18238	3.45688e-06	1.12768e-05
831	174	136	129	131	83	73	0.30271	1.19498	3.41256e-06	1.12734e-05
832	198	145	161	169	102	128	0.180122	1.71412	2.94332e-06	1.63407e-05
833	181	138	116	116	75	82	0.31769	1.14668	3.46436e-06	1.09048e-05
834	168	134	129	132	71	126	0.229567	1.47156	3.24743e-06	1.41459e-05
835	189	149	98	100	62	57	0.399037	0.9187	3.46099e-06	8.67335e-06
836	157	130	95	97	63	50	0.421405	0.86416	3.4269e-06	8.13208e-06
837	202	160	163	171	103	161	0.150321	1.89498	2.7369e-06	1.8207e-05
838	168	137	139	144	88	98	0.245583	1.40412	3.27498e-06	1.33355e-05
839	182	143	132	137	81	94	0.261909	1.33976	3.33353e-06	1.27278e-05
840	156	128	129	135	77	126	0.225283	1.4904	3.22497e-06	1.43152e-05
841	173	133	107	111	71	64	0.359342	1.02348	3.47348e-06	9.66621e-06
842	182	142	126	133	80	117	0.238845	1.43194	3.27794e-06	1.37241e-05
843	180	143	134	137	83	89	0.268673	1.31426	3.34825e-06	1.24622e-05
844	159	132	123	128	73	100	0.268786	1.31384	3.3702e-06	1.25386e-05
845	182	142	149	155	92	104	0.222284	1.5038	3.17315e-06	1.42752e-05
846	182	135	135	138	91	70	0.294157	1.22364	3.38549e-06	1.15091e-05
847	169	133	102	103	68	57	0.39159	0.93754	3.46271e-06	8.8427e-06
848	172	147	169	174	100	178	0.135265	2.00052	2.60785e-06	1.92796e-05
849	176	140	92	94	67	40	0.451888	0.79432	3.35816e-06	7.4314e-06
850	179	136	118	122	70	111	0.26388	1.33226	3.37355e-06	1.27844e-05
851	183	143	136	139	91	69	0.293811	1.22482	3.38247e-06	1.15124e-05
852	182	142	157	159	89	125	0.194754	1.63602	3.04143e-06	1.56168e-05
853	192	152	178	181	115	134	0.162013	1.82008	2.80879e-06	1.73369e-05
854	161	125	116	118	75	81	0.315329	1.15414	3.45745e-06	1.09646e-05
855	157	127	149	154	89	141	0.185218	1.68622	2.99771e-06	1.61847e-05
856	170	138	111	113	76	59	0.364022	1.01054	3.4631e-06	9.51344e-06
857	178	139	135	139	92	84	0.272172	1.30132	3.35028e-06	1.23094e-05
858	177	135	143	148	85	129	0.204469	1.58734	3.10965e-06	1.52084e-05
859	182	146	157	161	96	121	0.196286	1.62818	3.04581e-06	1.55172e-05
860	185	147	107	112	65	78	0.332485	1.10116	3.47996e-06	1.04665e-05
861	189	148	138	146	98	87	0.256512	1.36058	3.29975e-06	1.28639e-05
862	194	152	127	129	79	90	0.281079	1.26912	3.39086e-06	1.20637e-05
863	163	129	107	109	76	44	0.402959	0.90892	3.42139e-06	8.49065e-06
864	213	162	147	151	90	138	0.191651	1.65208	3.03881e-06	1.5856e-05
865	172	140	148	155	93	118	0.206966	1.5752	3.10844e-06	1.50191e-05
866	185	152	143	145	90	108	0.231911	1.4614	3.22897e-06	1.39233e-05
867	172	131	133	136	80	117	0.234387	1.45078	3.25645e-06	1.38935e-05
868	182	144	109	116	74	64	0.348234	1.05488	3.46439e-06	9.94845e-06
869	154	118	122	127	66	250	0.125863	2.07256	2.57417e-06	2.04521e-05
870	169	136	128	133	79	105	0.253919	1.37074	3.32292e-06	1.30865e-05
871	182	151	115	121	79	75	0.319059	1.14238	3.45067e-06	1.08151e-05
872	164	131	117	121	86	45	0.371807	0.98938	3.42849e-06	9.22115e-06
873	201	146	114	120	78	82	0.309809	1.1718	3.44837e-06	1.11306e-05
874	173	138	100	103	64	63	0.379789	0.96814	3.47943e-06	9.16149e-06
875	194	157	158	159	100	98	0.223505	1.49832	3.1698e-06	1.41822e-05
876	180	130	109	113	68	93	0.30607	1.18394	3.46471e-06	1.132e-05
877	164	142	141	143	92	75	0.277887	1.28054	3.35049e-06	1.2057e-05
878	187	155	123	127	74	111	0.255723	1.36366	3.34144e-06	1.30666e-05
879	186	148	132	135	84	96	0.262527	1.3374	3.33967e-06	1.27212e-05
880	198	157	141	144	94	82	0.266463	1.32252	3.32689e-06	1.24854e-05
881	166	140	132	136	93	67	0.302468	1.19578	3.39877e-06	1.12368e-05
882	186	146	120	126	74	94	0.280641	1.27068	3.39769e-06	1.21069e-05
883	174	138	161	164	98	112	0.201671	1.60112	3.06707e-06	1.52083e-05
884	167	132	118	122	67	129	0.240735	1.42406	3.30788e-06	1.37408e-05
885	181	147	115	120	75	134	0.23764	1.437	3.30166e-06	1.38936e-05
886	172	137	134	143	86	83	0.266778	1.32134	3.32993e-06	1.24821e-05
887	188	149	112	120	76	74	0.32271	1.131	3.4548e-06	1.07056e-05
888	155	128	101	103	63	71	0.364605	1.00894	3.49531e-06	9.58656e-06
889	201	164	141	145	94	100	0.241569	1.4206	3.26075e-06	1.34982e-05
890	167	133	104	107	72	60	0.376078	0.97796	3.4704e-06	9.22789e-06
891	169	124	138	140	93	71	0.289008	1.2413	3.37421e-06	1.16751e-05
892	175	135	104	111	66	69	0.350295	1.04898	3.47908e-06	9.93187e-06
893	177	140	141	150	86	149	0.182337	1.7019	2.9874e-06	1.6384e-05
894	194	150	148	150	86	127	0.203987	1.5897	3.10367e-06	1.52151e-05
895	179	134	114	117	79	72	0.332219	1.10196	3.46503e-06	1.043e-05
896	164	128	139	141	85	103	0.243953	1.41078	3.27673e-06	1.34318e-05
897	161	132	98	100	65	64	0.385043	0.9544	3.48282e-06	9.04528e-06
898	175	147	171	178	90	173	0.135316	2.00014	2.60345e-06	1.92397e-05
899	168	136	113	117	61	105	0.280759	1.27026	3.42058e-06	1.21834e-05
900	175	146	119	128	82	79	0.299171	1.20674	3.41738e-06	1.14228e-05
901	176	146	121	123	86	52	0.35429	1.03764	3.43873e-06	9.70598e-06
902	163	132	105	108	69	60	0.373723	0.98424	3.46977e-06	9.28433e-06
903	183	144	126	134	75	113	0.242242	1.41782	3.28674e-06	1.3568e-05
904	185	142	122	125	70	131	0.233844	1.4531	3.27765e-06	1.40164e-05
905	191	157	129	132	94	59	0.323078	1.12986	3.42009e-06	1.05859e-05
906	160	133	131	139	84	102	0.248299	1.39312	3.29389e-06	1.32658e-05
907	183	142	123	130	78	92	0.276485	1.2856	3.38042e-06	1.22264e-05
908	170	133	121	127	86	61	0.330001	1.10866	3.4353e-06	1.041e-05
909	182	143	155	160	104	77	0.247214	1.3975	3.24416e-06	1.31229e-05
910	177	139	173	180	91	199	0.117033	2.1453	2.42657e-06	2.07341e-05
911	195	149	126	138	83	91	0.264282	1.33074	3.33653e-06	1.26249e-05
912	184	151	145	153	95	87	0.24548	1.40454	3.25484e-06	1.32591e-05
913	194	151	136	141	92	97	0.251533	1.38018	3.29836e-06	1.3113e-05
914	193	154	121	123	74	84	0.300941	1.20084	3.43261e-06	1.14062e-05
915	162	127	124	127	76	88	0.28755	1.24636	3.4059e-06	1.18446e-05
916	211	173	158	165	89	184	0.138817	1.9746	2.65006e-06	1.90904e-05
917	171	135	111	118	71	82	0.313725	1.15924	3.45653e-06	1.10177e-05
918	189	146	133	136	85	79	0.284512	1.25698	3.37841e-06	1.18744e-05
919	178	138	91	94	72	34	0.46593	0.76372	3.31397e-06	7.1126e-06
920	159	125	122	126	76	82	0.298352	1.20948	3.4219e-06	1.14693e-05
921	182	142	166	172	94	186	0.131498	2.02876	2.57629e-06	1.95918e-05
922	210	164	150	153	100	90	0.241753	1.41984	3.24395e-06	1.34185e-05
923	185	143	125	132	81	123	0.233106	1.45626	3.26034e-06	1.39865e-05
924	172	139	113	117	76	67	0.3408	1.07646	3.46399e-06	1.01643e-05
925	183	141	116	121	82	63	0.339195	1.08118	3.45217e-06	1.01776e-05
926	172	136	129	136	79	109	0.244148	1.40998	3.28828e-06	1.34684e-05
927	173	134	157	163	108	93	0.22359	1.49794	3.16209e-06	1.41423e-05
928	179	137	110	115	72	67	0.345107	1.0639	3.46881e-06	1.00514e-05
929	169	138	130	131	85	68	0.310528	1.16948	3.4182e-06	1.10077e-05
930	186	143	176	182	100	157	0.143179	1.94366	2.66533e-06	1.86154e-05
931	160	123	119	120	81	57	0.351938	1.0443	3.4498e-06	9.8023e-06
932	197	159	142	144	87	86	0.261082	1.34292	3.3152e-06	1.26979e-05
933	165	134	129	133	78	98	0.263148	1.33504	3.34581e-06	1.27146e-05
934	172	142	133	135	94	95	0.26387	1.3323	3.34272e-06	1.26681e-05
935	173	145	124	131	80	115	0.244344	1.40918	3.29985e-06	1.3505e-05
936	190	136	140	145	79	148	0.189115	1.6654	3.03503e-06	1.60486e-05
937	180	149	151	155	93	115	0.210157	1.5599	3.12287e-06	1.48597e-05
938	175	141	139	145	85	113	0.226072	1.4869	3.20773e-06	1.4189e-05
939	188	144	155	160	103	85	0.237331	1.4383	3.21534e-06	1.35479e-05
940	154	124	98	103	60	81	0.346477	1.05994	3.50561e-06	1.01179e-05
941	199	164	143	151	83	129	0.200653	1.60618	3.08559e-06	1.53778e-05
942	166	132	110	115	67	78	0.32628	1.12	3.47027e-06	1.06359e-05
943	172	135	113	116	75	63	0.350015	1.04978	3.46351e-06	9.89531e-06
944	174	129	110	115	79	59	0.359479	1.0231	3.46046e-06	9.62633e-06
945	181	145	156	160	95	133	0.185797	1.6831	2.99102e-06	1.60983e-05
946	181	136	104	108	66	61	0.371822	0.98934	3.47188e-06	9.33747e-06
947	182	144	121	126	78	82	0.298352	1.20948	3.4219e-06	1.14693e-05
948	169	131	97	98	58	64	0.38991	0.94184	3.48283e-06	8.93239e-06
949	179	148	136	145	82	127	0.210494	1.5583	3.14326e-06	1.49328e-05
950	189	149	155	160	92	193	0.136819	1.9891	2.63873e-06	1.92863e-05
951	168	120	101	104	69	56	0.391128	0.93872	3.45992e-06	8.84601e-06
952	179	135	166	172	88	171	0.141953	1.95226	2.66797e-06	1.87948e-05
953	175	138	137	138	91	109	0.241101	1.42254	3.27446e-06	1.35813e-05
954	170	134	115	121	78	74	0.32069	1.13728	3.45127e-06	1.0762e-05
955	182	146	141	145	85	106	0.234289	1.4512	3.23718e-06	1.3817e-05
956	189	156	135	140	91	82	0.273241	1.2974	3.34983e-06	1.22596e-05
957	191	160	148	154	95	93	0.236592	1.44142	3.22576e-06	1.36343e-05
958	159	120	95	95	67	37	0.455983	0.7853	3.34165e-06	7.32845e-06
959	183	143	100	103	67	87	0.336035	1.09054	3.50709e-06	1.04367e-05
960	169	123	105	109	73	66	0.360191	1.02112	3.4793e-06	9.65958e-06
961	155	113	139	144	85	118	0.221769	1.50612	3.19306e-06	1.43982e-05
962	176	132	97	98	70	44	0.43178	0.83984	3.39799e-06	7.86973e-06
963	169	126	114	117	64	131	0.245893	1.40286	3.33549e-06	1.35648e-05
964	183	147	166	169	98	146	0.164323	1.80592	2.84231e-06	1.72971e-05
965	159	127	111	116	79	56	0.362736	1.01408	3.45447e-06	9.52338e-06
966	192	143	108	113	78	48	0.385028	0.95444	3.4379e-06	8.92897e-06
967	161	128	124	128	64	142	0.21696	1.52804	3.20455e-06	1.47702e-05
968	208	169	142	147	84	124	0.211071	1.55556	3.14207e-06	1.48863e-05
969	170	133	99	106	69	49	0.400284	0.91558	3.43723e-06	8.58697e-06
970	194	155	160	163	93	147	0.169765	1.77334	2.88796e-06	1.70115e-05
971	177	137	128	133	76	106	0.252627	1.37584	3.31943e-06	1.31397e-05
972	165	137	124	129	73	115	0.247432	1.39662	3.31362e-06	1.33921e-05
973	184	143	142	150	94	120	0.211401	1.554	3.13785e-06	1.48431e-05
974	174	137	95	97	68	45	0.432289	0.83866	3.40057e-06	7.86641e-06
975	189	139	119	123	80	68	0.326528	1.11924	3.44686e-06	1.05561e-05
976	176	146	117	122	76	81	0.307506	1.17926	3.44112e-06	1.11904e-05
977	160	129	94	98	65	67	0.38399	0.95714	3.49115e-06	9.09179e-06
978	171	142	109	111	64	72	0.344976	1.06428	3.48125e-06	1.00913e-05
979	199	151	131	136	93	70	0.297875	1.21108	3.39465e-06	1.13962e-05
980	178	140	126	131	76	97	0.267836	1.31738	3.36096e-06	1.25486e-05
981	172	129	118	118	83	48	0.373126	0.98584	3.43694e-06	9.21121e-06
982	186	145	125	130	77	90	0.279319	1.2754	3.3854e-06	1.21202e-05
983	167	133	102	107	72	50	0.395755	0.92696	3.4417e-06	8.69655e-06
984	196	158	151	155	95	104	0.222284	1.5038	3.17315e-06	1.42752e-05
985	164	128	113	115	75	66	0.346872	1.0588	3.46812e-06	9.99827e-06
986	169	123	105	110	80	43	0.402484	0.9101	3.41868e-06	8.49396e-06
987	173	140	128	132	78	97	0.266159	1.32366	3.35494e-06	1.2605e-05
988	164	127	100	102	66	79	0.352234	1.04346	3.50655e-06	9.95518e-06
989	179	132	143	145	90	82	0.264795	1.3288	3.32101e-06	1.25418e-05
990	166	127	121	128	77	117	0.246464	1.40054	3.31294e-06	1.34419e-05
991	187	148	112	117	78	61	0.351389	1.04586	3.4596e-06	9.84549e-06
992	152	118	96	98	68	48	0.423061	0.86024	3.41928e-06	8.08226e-06
993	198	147	121	123	85	54	0.350694	1.04784	3.4411e-06	9.81225e-06
994	166	130	140	145	91	139	0.197998	1.6195	3.08291e-06	1.55704e-05
995	176	135	131	137	87	94	0.261909	1.33976	3.33353e-06	1.27278e-05
996	174	125	115	118	85	49	0.371228	0.99094	3.43918e-06	9.26434e-06
997	165	140	125	127	81	71	0.313593	1.15966	3.43111e-06	1.09413e-05
998	181	142	128	133	93	59	0.321056	1.13614	3.4168e-06	1.06424e-05
999	185	149	144	149	97	87	0.251725	1.37942	3.2808e-06	1.30333e-05
1000	188	155	144	151	89	128	0.201679	1.60108	3.09065e-06	1.53246e-05