Hist	Tr_Tot	Tr_in	DSBs	DSBt	RIFs	NComb	PSurv	lPSurv	PMut*	PMut
1	1004	785	16	16	16	0	0.904403	0.10048	8.16822e-07	9.03162e-07
2	931	716	19	19	18	1	0.883009	0.12442	9.93948e-07	1.12564e-06
3	1045	829	19	19	18	1	0.883009	0.12442	9.93948e-07	1.12564e-06
4	953	730	14	14	13	1	0.911175	0.09302	7.68485e-07	8.434e-07
5	958	747	24	24	22	2	0.85136	0.16092	1.24384e-06	1.46101e-06
6	988	782	21	22	18	5	0.849031	0.16366	1.27992e-06	1.50751e-06
7	957	751	27	27	23	5	0.822785	0.19506	1.47258e-06	1.78975e-06
8	912	719	20	20	18	2	0.873017	0.1358	1.07837e-06	1.23522e-06
9	893	710	18	18	15	4	0.87508	0.13344	1.07511e-06	1.22859e-06
10	1025	779	18	18	18	0	0.893115	0.11304	9.07456e-07	1.01606e-06
11	979	774	8	8	7	1	0.946163	0.05534	4.77542e-07	5.04714e-07
12	949	729	20	20	20	0	0.881968	0.1256	9.95699e-07	1.12895e-06
13	955	757	24	25	23	2	0.84603	0.1672	1.28381e-06	1.51746e-06
14	942	754	20	20	20	0	0.881968	0.1256	9.95699e-07	1.12895e-06
15	971	734	13	14	12	2	0.90654	0.09812	8.12743e-07	8.96533e-07
16	972	755	26	26	21	6	0.823757	0.19388	1.47159e-06	1.78644e-06
17	989	779	13	13	13	0	0.921604	0.08164	6.7629e-07	7.33819e-07
18	954	730	15	16	10	7	0.872686	0.13618	1.11276e-06	1.27509e-06
19	1013	810	18	19	18	1	0.883009	0.12442	9.93948e-07	1.12564e-06
20	939	724	17	17	17	0	0.898741	0.10676	8.6244e-07	9.59609e-07
21	965	743	27	27	24	3	0.831221	0.18486	1.39935e-06	1.68348e-06
22	958	746	18	18	15	3	0.879554	0.12834	1.03388e-06	1.17546e-06
23	983	778	21	23	19	4	0.848029	0.16484	1.28123e-06	1.51083e-06
24	974	773	15	15	13	2	0.900865	0.1044	8.58507e-07	9.5298e-07
25	988	772	18	18	16	2	0.884051	0.12324	9.92191e-07	1.12232e-06
26	992	786	25	25	20	6	0.828946	0.1876	1.43407e-06	1.72999e-06
27	913	725	17	18	15	3	0.879554	0.12834	1.03388e-06	1.17546e-06
28	1019	794	25	25	24	1	0.850356	0.1621	1.2452e-06	1.46432e-06
29	942	730	20	20	19	1	0.877481	0.1307	1.03726e-06	1.18209e-06
30	980	793	16	16	15	1	0.899802	0.10558	8.60476e-07	9.56295e-07
31	960	748	11	11	10	1	0.928505	0.07418	6.25865e-07	6.74057e-07
32	971	768	16	16	12	7	0.872686	0.13618	1.11276e-06	1.27509e-06
33	958	752	18	18	15	3	0.879554	0.12834	1.03388e-06	1.17546e-06
34	915	705	19	21	19	3	0.863139	0.14718	1.16075e-06	1.3448e-06
35	972	759	15	15	14	1	0.905471	0.0993	8.14786e-07	8.99847e-07
36	940	739	8	9	7	2	0.935457	0.06672	5.74646e-07	6.14295e-07
37	980	780	22	23	20	3	0.852365	0.15974	1.24249e-06	1.45769e-06
38	945	762	19	19	18	1	0.883009	0.12442	9.93948e-07	1.12564e-06
39	997	768	20	20	18	2	0.873017	0.1358	1.07837e-06	1.23522e-06
40	963	749	17	17	16	1	0.894169	0.11186	9.05563e-07	1.01274e-06
41	928	730	18	18	16	2	0.884051	0.12324	9.92191e-07	1.12232e-06
42	979	762	17	17	16	1	0.894169	0.11186	9.05563e-07	1.01274e-06
43	1051	826	20	20	17	3	0.868576	0.1409	1.11903e-06	1.28835e-06
44	998	781	22	22	21	1	0.866529	0.14326	1.12214e-06	1.29498e-06
45	924	707	24	24	22	2	0.85136	0.16092	1.24384e-06	1.46101e-06
46	943	737	13	13	12	1	0.916915	0.08674	7.21568e-07	7.86952e-07
47	948	746	14	14	13	1	0.911175	0.09302	7.68485e-07	8.434e-07
48	959	730	11	11	11	0	0.933252	0.06908	5.79478e-07	6.20924e-07
49	965	740	9	10	9	1	0.934354	0.0679	5.77066e-07	6.17609e-07
50	949	739	13	13	13	0	0.921604	0.08164	6.7629e-07	7.33819e-07
51	982	776	23	24	23	1	0.855713	0.15582	1.20474e-06	1.40788e-06
52	1000	761	12	12	10	2	0.917998	0.08556	7.19378e-07	7.83638e-07
53	1002	764	15	15	12	3	0.896282	0.1095	9.01762e-07	1.00611e-06
54	929	733	17	17	16	1	0.894169	0.11186	9.05563e-07	1.01274e-06
55	1040	819	15	15	14	1	0.905471	0.0993	8.14786e-07	8.99847e-07
56	951	733	28	28	26	2	0.83024	0.18604	1.40045e-06	1.6868e-06
57	955	760	12	12	11	1	0.922692	0.08046	6.7403e-07	7.30504e-07
58	968	766	17	17	15	2	0.889621	0.11696	9.48225e-07	1.06588e-06
59	965	759	12	12	11	1	0.922692	0.08046	6.7403e-07	7.30504e-07
60	929	720	10	10	10	0	0.939131	0.0628	5.30117e-07	5.64476e-07
61	959	750	5	5	5	0	0.969088	0.0314	2.73513e-07	2.82238e-07
62	959	773	19	19	19	0	0.887524	0.11932	9.51873e-07	1.0725e-06
63	988	781	26	29	23	9	0.796108	0.22802	1.68391e-06	2.11518e-06
64	957	772	22	22	20	3	0.857735	0.15346	1.2019e-06	1.40125e-06
65	954	757	18	18	18	0	0.893115	0.11304	9.07456e-07	1.01606e-06
66	1006	800	20	20	17	3	0.868576	0.1409	1.11903e-06	1.28835e-06
67	970	744	28	28	26	2	0.83024	0.18604	1.40045e-06	1.6868e-06
68	980	784	17	17	15	2	0.889621	0.11696	9.48225e-07	1.06588e-06
69	987	790	18	19	17	2	0.878517	0.12952	1.03557e-06	1.17877e-06
70	923	721	24	26	23	3	0.836457	0.17858	1.36095e-06	1.62704e-06
71	1011	804	24	24	20	4	0.84272	0.17112	1.32077e-06	1.56728e-06
72	937	740	16	17	15	3	0.885095	0.12206	9.90429e-07	1.11901e-06
73	972	747	17	18	15	3	0.879554	0.12834	1.03388e-06	1.17546e-06
74	956	740	20	20	19	1	0.877481	0.1307	1.03726e-06	1.18209e-06
75	960	757	22	22	19	3	0.857735	0.15346	1.2019e-06	1.40125e-06
76	973	765	18	19	17	2	0.878517	0.12952	1.03557e-06	1.17877e-06
77	998	798	18	18	15	3	0.879554	0.12834	1.03388e-06	1.17546e-06
78	990	782	19	19	15	7	0.856398	0.15502	1.23701e-06	1.44444e-06
79	909	732	23	23	20	3	0.852365	0.15974	1.24249e-06	1.45769e-06
80	1016	792	18	18	16	2	0.884051	0.12324	9.92191e-07	1.12232e-06
81	940	737	19	19	17	2	0.878517	0.12952	1.03557e-06	1.17877e-06
82	996	803	12	12	11	1	0.922692	0.08046	6.7403e-07	7.30504e-07
83	959	747	18	19	17	2	0.878517	0.12952	1.03557e-06	1.17877e-06
84	917	699	15	15	13	2	0.900865	0.1044	8.58507e-07	9.5298e-07
85	975	755	17	17	15	2	0.889621	0.11696	9.48225e-07	1.06588e-06
86	951	753	17	17	17	0	0.898741	0.10676	8.6244e-07	9.59609e-07
87	980	774	15	15	11	4	0.891723	0.1146	9.44554e-07	1.05925e-06
88	950	766	17	17	17	0	0.898741	0.10676	8.6244e-07	9.59609e-07
89	960	739	20	20	19	1	0.877481	0.1307	1.03726e-06	1.18209e-06
90	960	752	18	18	17	1	0.888572	0.11814	9.50052e-07	1.06919e-06
91	1010	800	14	14	14	0	0.915834	0.08792	7.23753e-07	7.90266e-07
92	961	741	15	15	13	2	0.900865	0.1044	8.58507e-07	9.5298e-07
93	1022	784	19	20	19	1	0.877481	0.1307	1.03726e-06	1.18209e-06
94	978	772	15	15	14	1	0.905471	0.0993	8.14786e-07	8.99847e-07
95	960	772	11	12	11	1	0.922692	0.08046	6.7403e-07	7.30504e-07
96	996	786	18	18	16	3	0.879554	0.12834	1.03388e-06	1.17546e-06
97	965	759	12	12	12	0	0.92741	0.07536	6.28201e-07	6.77371e-07
98	929	740	17	18	15	4	0.87508	0.13344	1.07511e-06	1.22859e-06
99	946	723	23	24	23	1	0.855713	0.15582	1.20474e-06	1.40788e-06
100	967	776	26	26	25	1	0.845033	0.16838	1.2851e-06	1.52077e-06
101	964	740	29	29	24	6	0.808382	0.21272	1.58102e-06	1.95578e-06
102	958	740	18	18	17	1	0.888572	0.11814	9.50052e-07	1.06919e-06
103	980	785	30	30	24	10	0.7871	0.2394	1.75111e-06	2.22476e-06
104	969	754	15	15	13	2	0.900865	0.1044	8.58507e-07	9.5298e-07
105	1000	779	21	21	20	1	0.871988	0.13698	1.07999e-06	1.23853e-06
106	926	743	11	11	11	0	0.933252	0.06908	5.79478e-07	6.20924e-07
107	1035	825	16	17	15	3	0.885095	0.12206	9.90429e-07	1.11901e-06
108	949	764	18	18	16	3	0.879554	0.12834	1.03388e-06	1.17546e-06
109	959	736	9	9	9	0	0.945048	0.05652	4.80111e-07	5.08028e-07
110	966	767	5	5	5	0	0.969088	0.0314	2.73513e-07	2.82238e-07
111	960	761	15	15	15	0	0.910101	0.0942	7.70595e-07	8.46714e-07
112	983	770	15	15	15	0	0.910101	0.0942	7.70595e-07	8.46714e-07
113	888	676	19	19	18	1	0.883009	0.12442	9.93948e-07	1.12564e-06
114	964	737	23	23	22	1	0.861104	0.14954	1.16372e-06	1.35143e-06
115	984	790	14	14	13	1	0.911175	0.09302	7.68485e-07	8.434e-07
116	965	753	13	14	13	1	0.911175	0.09302	7.68485e-07	8.434e-07
117	952	740	9	9	9	0	0.945048	0.05652	4.80111e-07	5.08028e-07
118	961	759	26	26	22	4	0.832202	0.18368	1.39824e-06	1.68017e-06
119	969	761	18	18	17	1	0.888572	0.11814	9.50052e-07	1.06919e-06
120	988	797	14	14	12	2	0.90654	0.09812	8.12743e-07	8.96533e-07
121	985	778	14	14	12	2	0.90654	0.09812	8.12743e-07	8.96533e-07
122	914	743	17	17	13	5	0.876113	0.13226	1.07348e-06	1.22528e-06
123	1008	783	19	19	15	10	0.843395	0.17032	1.35267e-06	1.60384e-06
124	934	734	16	17	14	3	0.885095	0.12206	9.90429e-07	1.11901e-06
125	980	764	22	22	20	2	0.862121	0.14836	1.16224e-06	1.34811e-06
126	955	765	16	16	13	3	0.890671	0.11578	9.46393e-07	1.06256e-06
127	937	736	22	22	21	1	0.866529	0.14326	1.12214e-06	1.29498e-06
128	971	734	24	24	21	3	0.847029	0.16602	1.28252e-06	1.51414e-06
129	1010	785	19	19	18	1	0.883009	0.12442	9.93948e-07	1.12564e-06
130	988	790	24	24	21	3	0.847029	0.16602	1.28252e-06	1.51414e-06
131	941	744	12	13	11	2	0.912251	0.09184	7.66369e-07	8.40085e-07
132	1013	787	23	23	21	2	0.856724	0.15464	1.20332e-06	1.40456e-06
133	938	737	21	21	18	3	0.863139	0.14718	1.16075e-06	1.3448e-06
134	998	798	13	13	12	1	0.916915	0.08674	7.21568e-07	7.86952e-07
135	957	758	17	17	15	2	0.889621	0.11696	9.48225e-07	1.06588e-06
136	929	724	15	16	14	2	0.895225	0.11068	9.03665e-07	1.00943e-06
137	974	768	14	14	13	1	0.911175	0.09302	7.68485e-07	8.434e-07
138	1054	826	10	10	10	0	0.939131	0.0628	5.30117e-07	5.64476e-07
139	991	751	22	24	16	13	0.804914	0.21702	1.64643e-06	2.04547e-06
140	912	705	23	23	23	0	0.865507	0.14444	1.12368e-06	1.29829e-06
141	933	721	22	22	21	1	0.866529	0.14326	1.12214e-06	1.29498e-06
142	950	744	19	20	16	4	0.864158	0.146	1.15925e-06	1.34148e-06
143	978	761	23	24	22	2	0.85136	0.16092	1.24384e-06	1.46101e-06
144	960	742	15	15	14	1	0.905471	0.0993	8.14786e-07	8.99847e-07
145	953	725	9	9	9	0	0.945048	0.05652	4.80111e-07	5.08028e-07
146	976	782	13	14	12	2	0.90654	0.09812	8.12743e-07	8.96533e-07
147	961	735	18	18	16	2	0.884051	0.12324	9.92191e-07	1.12232e-06
148	995	780	19	19	16	4	0.869602	0.13972	1.11747e-06	1.28504e-06
149	973	771	14	14	13	1	0.911175	0.09302	7.68485e-07	8.434e-07
150	941	743	16	16	15	1	0.899802	0.10558	8.60476e-07	9.56295e-07
151	945	724	19	21	18	4	0.858748	0.15228	1.20047e-06	1.39793e-06
152	953	747	10	10	9	1	0.934354	0.0679	5.77066e-07	6.17609e-07
153	962	744	30	31	29	2	0.814745	0.20488	1.51228e-06	1.85614e-06
154	966	740	25	25	23	2	0.84603	0.1672	1.28381e-06	1.51746e-06
155	979	773	20	20	19	1	0.877481	0.1307	1.03726e-06	1.18209e-06
156	955	746	12	12	12	0	0.92741	0.07536	6.28201e-07	6.77371e-07
157	998	778	11	11	10	1	0.928505	0.07418	6.25865e-07	6.74057e-07
158	923	717	12	12	11	1	0.922692	0.08046	6.7403e-07	7.30504e-07
159	1031	822	25	25	25	0	0.854704	0.157	1.20615e-06	1.41119e-06
160	948	746	15	15	15	0	0.910101	0.0942	7.70595e-07	8.46714e-07
161	992	767	25	25	22	3	0.841727	0.1723	1.32201e-06	1.57059e-06
162	965	762	8	8	7	1	0.946163	0.05534	4.77542e-07	5.04714e-07
163	980	764	11	11	11	0	0.933252	0.06908	5.79478e-07	6.20924e-07
164	981	776	22	23	19	4	0.848029	0.16484	1.28123e-06	1.51083e-06
165	882	681	23	23	21	2	0.856724	0.15464	1.20332e-06	1.40456e-06
166	1002	797	16	17	16	1	0.894169	0.11186	9.05563e-07	1.01274e-06
167	928	716	14	15	14	1	0.905471	0.0993	8.14786e-07	8.99847e-07
168	973	794	12	12	12	0	0.92741	0.07536	6.28201e-07	6.77371e-07
169	941	730	19	21	17	4	0.858748	0.15228	1.20047e-06	1.39793e-06
170	952	726	14	14	13	1	0.911175	0.09302	7.68485e-07	8.434e-07
171	967	767	16	16	16	0	0.904403	0.10048	8.16822e-07	9.03162e-07
172	999	801	12	12	12	0	0.92741	0.07536	6.28201e-07	6.77371e-07
173	984	754	14	14	13	1	0.911175	0.09302	7.68485e-07	8.434e-07
174	930	732	20	20	19	1	0.877481	0.1307	1.03726e-06	1.18209e-06
175	1006	788	16	17	14	4	0.880593	0.12716	1.03218e-06	1.17214e-06
176	932	720	17	18	13	6	0.8662	0.14364	1.15625e-06	1.33486e-06
177	950	761	21	21	19	2	0.867552	0.14208	1.12059e-06	1.29167e-06
178	953	736	23	23	20	3	0.852365	0.15974	1.24249e-06	1.45769e-06
179	992	776	27	28	22	8	0.80522	0.21664	1.61495e-06	2.0056e-06
180	970	771	16	16	14	2	0.895225	0.11068	9.03665e-07	1.00943e-06
181	962	771	20	20	19	1	0.877481	0.1307	1.03726e-06	1.18209e-06
182	987	761	15	16	14	2	0.895225	0.11068	9.03665e-07	1.00943e-06
183	950	735	14	14	14	0	0.915834	0.08792	7.23753e-07	7.90266e-07
184	1010	770	19	19	18	1	0.883009	0.12442	9.93948e-07	1.12564e-06
185	936	701	18	18	14	5	0.870628	0.13854	1.1159e-06	1.28172e-06
186	1011	792	18	18	17	1	0.888572	0.11814	9.50052e-07	1.06919e-06
187	956	751	13	13	12	1	0.916915	0.08674	7.21568e-07	7.86952e-07
188	941	721	14	14	13	1	0.911175	0.09302	7.68485e-07	8.434e-07
189	972	777	26	27	25	2	0.835471	0.17976	1.36211e-06	1.63035e-06
190	913	720	10	10	10	0	0.939131	0.0628	5.30117e-07	5.64476e-07
191	990	764	8	8	8	0	0.951001	0.05024	4.29454e-07	4.51581e-07
192	909	707	12	12	12	0	0.92741	0.07536	6.28201e-07	6.77371e-07
193	1015	820	11	11	11	0	0.933252	0.06908	5.79478e-07	6.20924e-07
194	1021	784	16	16	16	0	0.904403	0.10048	8.16822e-07	9.03162e-07
195	981	788	15	15	15	0	0.910101	0.0942	7.70595e-07	8.46714e-07
196	989	784	15	15	12	3	0.896282	0.1095	9.01762e-07	1.00611e-06
197	958	753	19	19	16	3	0.874048	0.13462	1.07674e-06	1.2319e-06
198	975	761	13	14	13	1	0.911175	0.09302	7.68485e-07	8.434e-07
199	997	793	22	22	22	0	0.870959	0.13816	1.0816e-06	1.24185e-06
200	993	758	14	14	14	0	0.915834	0.08792	7.23753e-07	7.90266e-07
201	981	766	21	21	18	4	0.858748	0.15228	1.20047e-06	1.39793e-06
202	963	765	9	9	9	0	0.945048	0.05652	4.80111e-07	5.08028e-07
203	943	758	20	21	17	5	0.854379	0.15738	1.23976e-06	1.45107e-06
204	963	758	23	23	21	2	0.856724	0.15464	1.20332e-06	1.40456e-06
205	961	765	19	20	19	1	0.877481	0.1307	1.03726e-06	1.18209e-06
206	985	761	19	19	18	1	0.883009	0.12442	9.93948e-07	1.12564e-06
207	977	753	24	24	22	2	0.85136	0.16092	1.24384e-06	1.46101e-06
208	1015	783	26	26	20	8	0.815397	0.20408	1.5433e-06	1.8927e-06
209	996	749	26	26	24	2	0.840734	0.17348	1.32323e-06	1.5739e-06
210	921	748	17	19	15	4	0.869602	0.13972	1.11747e-06	1.28504e-06
211	1027	821	22	22	18	5	0.849031	0.16366	1.27992e-06	1.50751e-06
212	946	737	22	22	19	3	0.857735	0.15346	1.2019e-06	1.40125e-06
213	1015	799	26	26	18	15	0.786801	0.23978	1.78182e-06	2.26464e-06
214	964	747	23	23	20	4	0.848029	0.16484	1.28123e-06	1.51083e-06
215	989	779	15	15	14	1	0.905471	0.0993	8.14786e-07	8.99847e-07
216	980	761	18	18	18	0	0.893115	0.11304	9.07456e-07	1.01606e-06
217	915	705	19	19	17	2	0.878517	0.12952	1.03557e-06	1.17877e-06
218	1000	792	12	12	11	1	0.922692	0.08046	6.7403e-07	7.30504e-07
219	926	725	18	18	18	0	0.893115	0.11304	9.07456e-07	1.01606e-06
220	1034	807	15	15	15	0	0.910101	0.0942	7.70595e-07	8.46714e-07
221	951	735	18	18	18	0	0.893115	0.11304	9.07456e-07	1.01606e-06
222	945	763	13	14	12	2	0.90654	0.09812	8.12743e-07	8.96533e-07
223	971	742	15	15	13	2	0.900865	0.1044	8.58507e-07	9.5298e-07
224	1012	800	17	19	17	2	0.878517	0.12952	1.03557e-06	1.17877e-06
225	982	782	23	24	22	2	0.85136	0.16092	1.24384e-06	1.46101e-06
226	942	745	12	12	11	1	0.922692	0.08046	6.7403e-07	7.30504e-07
227	1003	816	20	21	18	3	0.863139	0.14718	1.16075e-06	1.3448e-06
228	930	752	21	21	19	2	0.867552	0.14208	1.12059e-06	1.29167e-06
229	999	769	19	19	18	1	0.883009	0.12442	9.93948e-07	1.12564e-06
230	952	737	12	12	11	1	0.922692	0.08046	6.7403e-07	7.30504e-07
231	930	726	23	23	20	3	0.852365	0.15974	1.24249e-06	1.45769e-06
232	968	779	16	16	16	0	0.904403	0.10048	8.16822e-07	9.03162e-07
233	935	719	14	14	13	1	0.911175	0.09302	7.68485e-07	8.434e-07
234	985	767	10	10	9	1	0.934354	0.0679	5.77066e-07	6.17609e-07
235	979	741	23	23	21	2	0.856724	0.15464	1.20332e-06	1.40456e-06
236	1008	813	14	14	14	0	0.915834	0.08792	7.23753e-07	7.90266e-07
237	934	722	25	25	22	4	0.837445	0.1774	1.35978e-06	1.62372e-06
238	1029	834	18	18	16	2	0.884051	0.12324	9.92191e-07	1.12232e-06
239	955	759	16	17	16	1	0.894169	0.11186	9.05563e-07	1.01274e-06
240	951	730	14	14	13	1	0.911175	0.09302	7.68485e-07	8.434e-07
241	971	754	18	19	16	4	0.869602	0.13972	1.11747e-06	1.28504e-06
242	977	763	14	14	12	2	0.90654	0.09812	8.12743e-07	8.96533e-07
243	988	790	13	13	11	3	0.90761	0.09694	8.10694e-07	8.93218e-07
244	905	729	20	20	17	4	0.864158	0.146	1.15925e-06	1.34148e-06
245	1012	811	18	18	16	2	0.884051	0.12324	9.92191e-07	1.12232e-06
246	938	734	23	24	19	8	0.825703	0.19152	1.46959e-06	1.77981e-06
247	1066	832	17	19	16	3	0.874048	0.13462	1.07674e-06	1.2319e-06
248	999	779	19	19	18	1	0.883009	0.12442	9.93948e-07	1.12564e-06
249	966	735	14	14	14	0	0.915834	0.08792	7.23753e-07	7.90266e-07
250	931	725	22	22	18	4	0.853372	0.15856	1.24113e-06	1.45438e-06
251	962	768	32	33	26	10	0.77241	0.25824	1.84923e-06	2.3941e-06
252	991	774	12	12	11	1	0.922692	0.08046	6.7403e-07	7.30504e-07
253	990	787	16	16	16	0	0.904403	0.10048	8.16822e-07	9.03162e-07
254	959	759	14	14	14	0	0.915834	0.08792	7.23753e-07	7.90266e-07
255	941	746	12	12	11	1	0.922692	0.08046	6.7403e-07	7.30504e-07
256	981	767	13	13	13	0	0.921604	0.08164	6.7629e-07	7.33819e-07
257	960	753	16	16	13	3	0.890671	0.11578	9.46393e-07	1.06256e-06
258	981	760	9	9	9	0	0.945048	0.05652	4.80111e-07	5.08028e-07
259	976	778	22	22	20	2	0.862121	0.14836	1.16224e-06	1.34811e-06
260	894	693	11	11	11	0	0.933252	0.06908	5.79478e-07	6.20924e-07
261	994	791	12	12	11	1	0.922692	0.08046	6.7403e-07	7.30504e-07
262	918	740	14	14	13	1	0.911175	0.09302	7.68485e-07	8.434e-07
263	1023	797	14	14	14	0	0.915834	0.08792	7.23753e-07	7.90266e-07
264	944	752	28	28	27	1	0.834485	0.18094	1.36327e-06	1.63367e-06
265	964	762	26	26	24	2	0.840734	0.17348	1.32323e-06	1.5739e-06
266	962	744	7	7	7	0	0.956992	0.04396	3.78139e-07	3.95133e-07
267	1000	782	22	22	20	2	0.862121	0.14836	1.16224e-06	1.34811e-06
268	978	758	17	17	17	0	0.898741	0.10676	8.6244e-07	9.59609e-07
269	931	724	20	20	20	0	0.881968	0.1256	9.95699e-07	1.12895e-06
270	998	775	11	11	11	0	0.933252	0.06908	5.79478e-07	6.20924e-07
271	923	723	12	12	12	0	0.92741	0.07536	6.28201e-07	6.77371e-07
272	1030	798	17	19	16	4	0.869602	0.13972	1.11747e-06	1.28504e-06
273	947	729	24	25	21	4	0.837445	0.1774	1.35978e-06	1.62372e-06
274	969	770	26	26	22	7	0.819566	0.19898	1.50765e-06	1.83957e-06
275	957	760	11	11	10	1	0.928505	0.07418	6.25865e-07	6.74057e-07
276	950	751	15	15	13	2	0.900865	0.1044	8.58507e-07	9.5298e-07
277	981	768	18	18	17	1	0.888572	0.11814	9.50052e-07	1.06919e-06
278	951	752	20	21	20	1	0.871988	0.13698	1.07999e-06	1.23853e-06
279	1028	786	13	14	11	3	0.901929	0.10322	8.56531e-07	9.49666e-07
280	977	759	18	18	16	2	0.884051	0.12324	9.92191e-07	1.12232e-06
281	1012	787	20	21	18	6	0.850033	0.16248	1.27862e-06	1.5042e-06
282	950	749	15	15	14	1	0.905471	0.0993	8.14786e-07	8.99847e-07
283	942	714	12	12	12	0	0.92741	0.07536	6.28201e-07	6.77371e-07
284	967	753	14	14	13	1	0.911175	0.09302	7.68485e-07	8.434e-07
285	990	767	17	17	16	1	0.894169	0.11186	9.05563e-07	1.01274e-06
286	984	820	20	20	18	2	0.873017	0.1358	1.07837e-06	1.23522e-06
287	966	746	14	14	11	3	0.901929	0.10322	8.56531e-07	9.49666e-07
288	1005	792	13	13	13	0	0.921604	0.08164	6.7629e-07	7.33819e-07
289	932	714	24	26	22	5	0.827969	0.18878	1.43512e-06	1.7333e-06
290	946	741	19	19	16	6	0.860777	0.14992	1.1976e-06	1.3913e-06
291	953	752	11	11	11	0	0.933252	0.06908	5.79478e-07	6.20924e-07
292	959	765	14	14	11	3	0.901929	0.10322	8.56531e-07	9.49666e-07
293	970	778	22	22	19	3	0.857735	0.15346	1.2019e-06	1.40125e-06
294	965	735	21	21	18	3	0.863139	0.14718	1.16075e-06	1.3448e-06
295	986	748	25	26	20	7	0.819566	0.19898	1.50765e-06	1.83957e-06
296	900	716	13	13	13	0	0.921604	0.08164	6.7629e-07	7.33819e-07
297	1010	795	16	16	15	1	0.899802	0.10558	8.60476e-07	9.56295e-07
298	936	736	22	25	21	5	0.833185	0.1825	1.39713e-06	1.67686e-06
299	986	777	9	9	9	0	0.945048	0.05652	4.80111e-07	5.08028e-07
300	956	756	14	14	12	2	0.90654	0.09812	8.12743e-07	8.96533e-07
301	974	766	13	13	12	1	0.916915	0.08674	7.21568e-07	7.86952e-07
302	942	732	11	11	11	0	0.933252	0.06908	5.79478e-07	6.20924e-07
303	985	751	18	18	14	5	0.870628	0.13854	1.1159e-06	1.28172e-06
304	942	756	18	18	16	2	0.884051	0.12324	9.92191e-07	1.12232e-06
305	1000	804	22	23	19	5	0.843715	0.16994	1.31954e-06	1.56396e-06
306	967	743	28	29	27	2	0.825043	0.19232	1.43825e-06	1.74325e-06
307	939	744	22	22	20	3	0.857735	0.15346	1.2019e-06	1.40125e-06
308	968	757	29	30	24	16	0.763379	0.27	1.9417e-06	2.54356e-06
309	958	734	18	19	15	7	0.856398	0.15502	1.23701e-06	1.44444e-06
310	990	777	10	12	10	2	0.917998	0.08556	7.19378e-07	7.83638e-07
311	974	780	25	25	22	3	0.841727	0.1723	1.32201e-06	1.57059e-06
312	917	727	16	16	14	2	0.895225	0.11068	9.03665e-07	1.00943e-06
313	992	809	16	17	16	1	0.894169	0.11186	9.05563e-07	1.01274e-06
314	1031	817	10	10	10	0	0.939131	0.0628	5.30117e-07	5.64476e-07
315	1020	769	19	19	18	1	0.883009	0.12442	9.93948e-07	1.12564e-06
316	943	745	16	16	16	0	0.904403	0.10048	8.16822e-07	9.03162e-07
317	894	690	13	13	13	0	0.921604	0.08164	6.7629e-07	7.33819e-07
318	961	730	17	17	16	1	0.894169	0.11186	9.05563e-07	1.01274e-06
319	979	776	14	14	13	1	0.911175	0.09302	7.68485e-07	8.434e-07
320	977	777	18	18	17	1	0.888572	0.11814	9.50052e-07	1.06919e-06
321	942	749	13	13	13	0	0.921604	0.08164	6.7629e-07	7.33819e-07
322	996	796	23	23	18	5	0.843715	0.16994	1.31954e-06	1.56396e-06
323	920	734	21	21	19	2	0.867552	0.14208	1.12059e-06	1.29167e-06
324	1026	784	20	21	18	3	0.863139	0.14718	1.16075e-06	1.3448e-06
325	946	726	20	20	19	1	0.877481	0.1307	1.03726e-06	1.18209e-06
326	960	756	24	25	22	3	0.841727	0.1723	1.32201e-06	1.57059e-06
327	963	759	24	24	21	3	0.847029	0.16602	1.28252e-06	1.51414e-06
328	966	737	20	20	20	0	0.881968	0.1256	9.95699e-07	1.12895e-06
329	990	790	15	15	12	4	0.891723	0.1146	9.44554e-07	1.05925e-06
330	959	765	18	19	18	1	0.883009	0.12442	9.93948e-07	1.12564e-06
331	917	734	18	18	18	0	0.893115	0.11304	9.07456e-07	1.01606e-06
332	934	722	15	15	14	1	0.905471	0.0993	8.14786e-07	8.99847e-07
333	1031	813	24	25	21	5	0.833185	0.1825	1.39713e-06	1.67686e-06
334	949	751	24	24	23	1	0.855713	0.15582	1.20474e-06	1.40788e-06
335	951	768	14	14	14	0	0.915834	0.08792	7.23753e-07	7.90266e-07
336	966	754	13	13	12	1	0.916915	0.08674	7.21568e-07	7.86952e-07
337	1090	859	28	28	25	3	0.826017	0.19114	1.43721e-06	1.73993e-06
338	982	798	18	18	17	1	0.888572	0.11814	9.50052e-07	1.06919e-06
339	974	758	16	16	15	1	0.899802	0.10558	8.60476e-07	9.56295e-07
340	1003	797	15	15	15	0	0.910101	0.0942	7.70595e-07	8.46714e-07
341	929	717	13	13	13	0	0.921604	0.08164	6.7629e-07	7.33819e-07
342	1001	797	22	22	20	2	0.862121	0.14836	1.16224e-06	1.34811e-06
343	952	743	18	18	17	1	0.888572	0.11814	9.50052e-07	1.06919e-06
344	967	760	19	19	17	2	0.878517	0.12952	1.03557e-06	1.17877e-06
345	968	726	14	14	14	0	0.915834	0.08792	7.23753e-07	7.90266e-07
346	905	718	20	20	15	7	0.851037	0.1613	1.27731e-06	1.50088e-06
347	985	751	25	26	23	4	0.832202	0.18368	1.39824e-06	1.68017e-06
348	990	768	21	21	21	0	0.876446	0.13188	1.03894e-06	1.1854e-06
349	1007	786	20	20	18	3	0.868576	0.1409	1.11903e-06	1.28835e-06
350	934	727	17	20	14	9	0.8424	0.1715	1.35386e-06	1.60715e-06
351	966	761	4	4	3	1	0.970232	0.03022	2.70621e-07	2.78924e-07
352	954	748	19	19	18	1	0.883009	0.12442	9.93948e-07	1.12564e-06
353	927	723	28	29	21	9	0.796108	0.22802	1.68391e-06	2.11518e-06
354	971	755	14	14	14	0	0.915834	0.08792	7.23753e-07	7.90266e-07
355	974	769	16	17	15	3	0.885095	0.12206	9.90429e-07	1.11901e-06
356	997	773	21	21	18	4	0.858748	0.15228	1.20047e-06	1.39793e-06
357	966	772	23	23	20	3	0.852365	0.15974	1.24249e-06	1.45769e-06
358	974	779	16	16	16	0	0.904403	0.10048	8.16822e-07	9.03162e-07
359	966	759	12	12	11	1	0.922692	0.08046	6.7403e-07	7.30504e-07
360	992	789	15	15	15	0	0.910101	0.0942	7.70595e-07	8.46714e-07
361	957	728	18	18	15	4	0.87508	0.13344	1.07511e-06	1.22859e-06
362	1001	787	24	26	23	3	0.836457	0.17858	1.36095e-06	1.62704e-06
363	973	772	22	22	19	3	0.857735	0.15346	1.2019e-06	1.40125e-06
364	932	706	28	28	23	8	0.80522	0.21664	1.61495e-06	2.0056e-06
365	991	769	20	21	18	3	0.863139	0.14718	1.16075e-06	1.3448e-06
366	1004	793	17	17	16	1	0.894169	0.11186	9.05563e-07	1.01274e-06
367	1017	801	14	14	14	0	0.915834	0.08792	7.23753e-07	7.90266e-07
368	941	740	13	13	13	0	0.921604	0.08164	6.7629e-07	7.33819e-07
369	971	794	15	15	14	1	0.905471	0.0993	8.14786e-07	8.99847e-07
370	959	749	14	14	13	1	0.911175	0.09302	7.68485e-07	8.434e-07
371	982	755	9	9	9	0	0.945048	0.05652	4.80111e-07	5.08028e-07
372	975	763	18	18	16	2	0.884051	0.12324	9.92191e-07	1.12232e-06
373	952	762	18	18	15	3	0.879554	0.12834	1.03388e-06	1.17546e-06
374	994	793	20	21	19	3	0.863139	0.14718	1.16075e-06	1.3448e-06
375	917	720	19	20	19	1	0.877481	0.1307	1.03726e-06	1.18209e-06
376	1022	819	11	12	10	2	0.917998	0.08556	7.19378e-07	7.83638e-07
377	944	728	17	17	17	0	0.898741	0.10676	8.6244e-07	9.59609e-07
378	943	747	9	9	9	0	0.945048	0.05652	4.80111e-07	5.08028e-07
379	962	753	24	24	24	0	0.860088	0.15072	1.1652e-06	1.35474e-06
380	979	778	15	15	13	3	0.896282	0.1095	9.01762e-07	1.00611e-06
381	978	736	17	17	16	1	0.894169	0.11186	9.05563e-07	1.01274e-06
382	865	684	16	17	14	3	0.885095	0.12206	9.90429e-07	1.11901e-06
383	932	734	11	11	10	1	0.928505	0.07418	6.25865e-07	6.74057e-07
384	989	774	25	25	23	2	0.84603	0.1672	1.28381e-06	1.51746e-06
385	1023	804	20	20	19	1	0.877481	0.1307	1.03726e-06	1.18209e-06
386	947	755	13	13	10	4	0.902993	0.10204	8.54549e-07	9.46352e-07
387	960	747	26	26	22	4	0.832202	0.18368	1.39824e-06	1.68017e-06
388	964	742	15	15	15	0	0.910101	0.0942	7.70595e-07	8.46714e-07
389	946	758	17	17	16	1	0.894169	0.11186	9.05563e-07	1.01274e-06
390	981	751	21	22	19	4	0.853372	0.15856	1.24113e-06	1.45438e-06
391	982	750	16	16	16	0	0.904403	0.10048	8.16822e-07	9.03162e-07
392	1001	779	21	21	19	2	0.867552	0.14208	1.12059e-06	1.29167e-06
393	927	719	12	12	12	0	0.92741	0.07536	6.28201e-07	6.77371e-07
394	990	773	22	23	17	16	0.797686	0.22604	1.71377e-06	2.14843e-06
395	950	733	20	20	17	3	0.868576	0.1409	1.11903e-06	1.28835e-06
396	974	777	16	16	16	0	0.904403	0.10048	8.16822e-07	9.03162e-07
397	967	763	22	23	19	5	0.843715	0.16994	1.31954e-06	1.56396e-06
398	986	752	24	24	22	2	0.85136	0.16092	1.24384e-06	1.46101e-06
399	983	771	11	11	10	1	0.928505	0.07418	6.25865e-07	6.74057e-07
400	1001	797	22	22	19	3	0.857735	0.15346	1.2019e-06	1.40125e-06
401	1005	772	24	24	23	1	0.855713	0.15582	1.20474e-06	1.40788e-06
402	931	737	24	24	22	2	0.85136	0.16092	1.24384e-06	1.46101e-06
403	942	729	25	26	23	4	0.832202	0.18368	1.39824e-06	1.68017e-06
404	953	752	22	22	21	1	0.866529	0.14326	1.12214e-06	1.29498e-06
405	991	744	14	14	12	2	0.90654	0.09812	8.12743e-07	8.96533e-07
406	969	765	12	12	12	0	0.92741	0.07536	6.28201e-07	6.77371e-07
407	918	743	17	17	15	2	0.889621	0.11696	9.48225e-07	1.06588e-06
408	986	763	18	19	15	5	0.865178	0.14482	1.15776e-06	1.33817e-06
409	1033	808	25	25	21	5	0.833185	0.1825	1.39713e-06	1.67686e-06
410	982	786	23	25	22	4	0.837445	0.1774	1.35978e-06	1.62372e-06
411	952	741	14	14	13	1	0.911175	0.09302	7.68485e-07	8.434e-07
412	983	781	19	19	18	1	0.883009	0.12442	9.93948e-07	1.12564e-06
413	955	755	18	18	18	0	0.893115	0.11304	9.07456e-07	1.01606e-06
414	1014	807	20	22	19	4	0.853372	0.15856	1.24113e-06	1.45438e-06
415	972	774	22	22	18	4	0.853372	0.15856	1.24113e-06	1.45438e-06
416	943	745	17	17	15	2	0.889621	0.11696	9.48225e-07	1.06588e-06
417	989	786	19	19	17	2	0.878517	0.12952	1.03557e-06	1.17877e-06
418	961	737	13	13	12	1	0.916915	0.08674	7.21568e-07	7.86952e-07
419	1014	798	17	17	15	3	0.885095	0.12206	9.90429e-07	1.11901e-06
420	939	744	19	19	16	4	0.869602	0.13972	1.11747e-06	1.28504e-06
421	968	760	19	19	18	1	0.883009	0.12442	9.93948e-07	1.12564e-06
422	958	754	16	16	16	0	0.904403	0.10048	8.16822e-07	9.03162e-07
423	887	704	23	24	20	4	0.84272	0.17112	1.32077e-06	1.56728e-06
424	974	761	14	14	13	1	0.911175	0.09302	7.68485e-07	8.434e-07
425	960	770	14	15	14	1	0.905471	0.0993	8.14786e-07	8.99847e-07
426	992	773	21	22	20	2	0.862121	0.14836	1.16224e-06	1.34811e-06
427	914	714	16	17	13	5	0.876113	0.13226	1.07348e-06	1.22528e-06
428	1019	803	19	19	17	2	0.878517	0.12952	1.03557e-06	1.17877e-06
429	942	732	16	16	16	0	0.904403	0.10048	8.16822e-07	9.03162e-07
430	952	728	14	14	13	1	0.911175	0.09302	7.68485e-07	8.434e-07
431	961	719	14	14	14	0	0.915834	0.08792	7.23753e-07	7.90266e-07
432	989	780	15	16	15	1	0.899802	0.10558	8.60476e-07	9.56295e-07
433	977	747	11	11	11	0	0.933252	0.06908	5.79478e-07	6.20924e-07
434	975	769	18	18	17	1	0.888572	0.11814	9.50052e-07	1.06919e-06
435	995	762	23	24	18	12	0.809029	0.21192	1.61186e-06	1.99234e-06
436	968	753	15	15	14	1	0.905471	0.0993	8.14786e-07	8.99847e-07
437	968	735	14	14	13	1	0.911175	0.09302	7.68485e-07	8.434e-07
438	1001	809	14	14	13	1	0.911175	0.09302	7.68485e-07	8.434e-07
439	967	763	21	21	21	0	0.876446	0.13188	1.03894e-06	1.1854e-06
440	963	729	11	11	11	0	0.933252	0.06908	5.79478e-07	6.20924e-07
441	1001	788	19	19	16	3	0.874048	0.13462	1.07674e-06	1.2319e-06
442	979	786	23	23	20	3	0.852365	0.15974	1.24249e-06	1.45769e-06
443	991	779	18	18	15	4	0.87508	0.13344	1.07511e-06	1.22859e-06
444	999	788	19	20	18	2	0.873017	0.1358	1.07837e-06	1.23522e-06
445	919	734	13	14	13	1	0.911175	0.09302	7.68485e-07	8.434e-07
446	955	749	17	17	13	10	0.854055	0.15776	1.27335e-06	1.49094e-06
447	948	768	14	14	13	1	0.911175	0.09302	7.68485e-07	8.434e-07
448	998	785	18	18	16	2	0.884051	0.12324	9.92191e-07	1.12232e-06
449	965	750	16	17	16	1	0.894169	0.11186	9.05563e-07	1.01274e-06
450	970	770	21	21	19	2	0.867552	0.14208	1.12059e-06	1.29167e-06
451	982	777	21	21	18	3	0.863139	0.14718	1.16075e-06	1.3448e-06
452	969	758	10	10	9	1	0.934354	0.0679	5.77066e-07	6.17609e-07
453	1002	792	14	14	13	1	0.911175	0.09302	7.68485e-07	8.434e-07
454	929	730	20	20	18	2	0.873017	0.1358	1.07837e-06	1.23522e-06
455	953	737	12	12	12	0	0.92741	0.07536	6.28201e-07	6.77371e-07
456	951	772	21	21	21	0	0.876446	0.13188	1.03894e-06	1.1854e-06
457	1002	809	12	13	11	2	0.912251	0.09184	7.66369e-07	8.40085e-07
458	968	774	18	18	11	13	0.835822	0.17934	1.42657e-06	1.70679e-06
459	933	729	15	15	15	0	0.910101	0.0942	7.70595e-07	8.46714e-07
460	984	777	19	19	19	0	0.887524	0.11932	9.51873e-07	1.0725e-06
461	894	705	15	15	13	2	0.900865	0.1044	8.58507e-07	9.5298e-07
462	1007	788	28	28	26	2	0.83024	0.18604	1.40045e-06	1.6868e-06
463	960	750	16	17	15	2	0.889621	0.11696	9.48225e-07	1.06588e-06
464	917	734	18	18	16	2	0.884051	0.12324	9.92191e-07	1.12232e-06
465	969	723	14	14	12	2	0.90654	0.09812	8.12743e-07	8.96533e-07
466	943	730	27	30	24	7	0.799235	0.2241	1.65071e-06	2.06536e-06
467	970	769	17	17	14	3	0.885095	0.12206	9.90429e-07	1.11901e-06
468	952	756	8	8	8	0	0.951001	0.05024	4.29454e-07	4.51581e-07
469	987	770	20	20	19	1	0.877481	0.1307	1.03726e-06	1.18209e-06
470	969	755	20	22	15	9	0.831886	0.18406	1.43088e-06	1.72005e-06
471	1015	798	18	19	17	2	0.878517	0.12952	1.03557e-06	1.17877e-06
472	937	730	23	23	20	4	0.848029	0.16484	1.28123e-06	1.51083e-06
473	944	718	18	18	17	1	0.888572	0.11814	9.50052e-07	1.06919e-06
474	957	772	21	21	19	2	0.867552	0.14208	1.12059e-06	1.29167e-06
475	969	763	18	18	16	2	0.884051	0.12324	9.92191e-07	1.12232e-06
476	973	764	21	22	20	2	0.862121	0.14836	1.16224e-06	1.34811e-06
477	1026	779	11	13	11	2	0.912251	0.09184	7.66369e-07	8.40085e-07
478	990	781	23	23	23	0	0.865507	0.14444	1.12368e-06	1.29829e-06
479	910	716	15	15	13	3	0.896282	0.1095	9.01762e-07	1.00611e-06
480	1016	798	9	9	9	0	0.945048	0.05652	4.80111e-07	5.08028e-07
481	940	716	17	17	17	0	0.898741	0.10676	8.6244e-07	9.59609e-07
482	960	752	15	15	15	0	0.910101	0.0942	7.70595e-07	8.46714e-07
483	959	766	19	19	18	1	0.883009	0.12442	9.93948e-07	1.12564e-06
484	969	752	24	24	20	5	0.838434	0.17622	1.3586e-06	1.62041e-06
485	975	764	28	28	26	2	0.83024	0.18604	1.40045e-06	1.6868e-06
486	983	773	15	15	14	1	0.905471	0.0993	8.14786e-07	8.99847e-07
487	993	795	19	20	18	2	0.873017	0.1358	1.07837e-06	1.23522e-06
488	916	716	17	17	17	0	0.898741	0.10676	8.6244e-07	9.59609e-07
489	1022	782	15	15	14	1	0.905471	0.0993	8.14786e-07	8.99847e-07
490	1015	794	15	16	15	1	0.899802	0.10558	8.60476e-07	9.56295e-07
491	975	744	24	26	21	7	0.819566	0.19898	1.50765e-06	1.83957e-06
492	944	751	16	16	15	1	0.899802	0.10558	8.60476e-07	9.56295e-07
493	950	737	16	16	15	1	0.899802	0.10558	8.60476e-07	9.56295e-07
494	978	770	17	17	16	1	0.894169	0.11186	9.05563e-07	1.01274e-06
495	1002	758	14	14	13	1	0.911175	0.09302	7.68485e-07	8.434e-07
496	997	792	17	17	16	1	0.894169	0.11186	9.05563e-07	1.01274e-06
497	933	727	15	16	14	2	0.895225	0.11068	9.03665e-07	1.00943e-06
498	1016	786	14	14	12	3	0.901929	0.10322	8.56531e-07	9.49666e-07
499	947	761	12	13	11	3	0.90761	0.09694	8.10694e-07	8.93218e-07
500	992	771	26	26	25	1	0.845033	0.16838	1.2851e-06	1.52077e-06
501	964	763	14	14	13	1	0.911175	0.09302	7.68485e-07	8.434e-07
502	920	726	14	14	12	2	0.90654	0.09812	8.12743e-07	8.96533e-07
503	980	772	19	20	17	3	0.868576	0.1409	1.11903e-06	1.28835e-06
504	1035	813	17	19	15	7	0.856398	0.15502	1.23701e-06	1.44444e-06
505	1000	794	11	11	11	0	0.933252	0.06908	5.79478e-07	6.20924e-07
506	926	734	23	23	19	5	0.843715	0.16994	1.31954e-06	1.56396e-06
507	976	736	16	16	14	2	0.895225	0.11068	9.03665e-07	1.00943e-06
508	950	760	15	15	15	0	0.910101	0.0942	7.70595e-07	8.46714e-07
509	1016	817	27	27	27	0	0.844036	0.16956	1.28638e-06	1.52409e-06
510	967	765	25	25	22	6	0.828946	0.1876	1.43407e-06	1.72999e-06
511	944	732	14	14	12	2	0.90654	0.09812	8.12743e-07	8.96533e-07
512	983	779	7	7	6	1	0.952124	0.04906	4.26805e-07	4.48266e-07
513	889	714	19	19	17	2	0.878517	0.12952	1.03557e-06	1.17877e-06
514	1004	815	16	17	16	1	0.894169	0.11186	9.05563e-07	1.01274e-06
515	931	726	23	23	22	1	0.861104	0.14954	1.16372e-06	1.35143e-06
516	1045	822	12	12	12	0	0.92741	0.07536	6.28201e-07	6.77371e-07
517	961	749	14	16	13	3	0.890671	0.11578	9.46393e-07	1.06256e-06
518	981	767	23	23	20	3	0.852365	0.15974	1.24249e-06	1.45769e-06
519	992	765	19	19	18	1	0.883009	0.12442	9.93948e-07	1.12564e-06
520	961	757	13	13	13	0	0.921604	0.08164	6.7629e-07	7.33819e-07
521	986	767	22	22	20	2	0.862121	0.14836	1.16224e-06	1.34811e-06
522	908	717	16	17	16	1	0.894169	0.11186	9.05563e-07	1.01274e-06
523	1035	796	22	22	19	3	0.857735	0.15346	1.2019e-06	1.40125e-06
524	935	758	16	16	15	1	0.899802	0.10558	8.60476e-07	9.56295e-07
525	953	746	10	10	10	0	0.939131	0.0628	5.30117e-07	5.64476e-07
526	955	750	23	25	19	6	0.828946	0.1876	1.43407e-06	1.72999e-06
527	970	758	14	14	12	2	0.90654	0.09812	8.12743e-07	8.96533e-07
528	971	763	17	18	17	1	0.888572	0.11814	9.50052e-07	1.06919e-06
529	975	776	24	24	22	2	0.85136	0.16092	1.24384e-06	1.46101e-06
530	989	774	17	17	15	2	0.889621	0.11696	9.48225e-07	1.06588e-06
531	958	758	12	12	11	1	0.922692	0.08046	6.7403e-07	7.30504e-07
532	1013	801	25	25	25	0	0.854704	0.157	1.20615e-06	1.41119e-06
533	938	722	14	15	13	2	0.900865	0.1044	8.58507e-07	9.5298e-07
534	968	775	21	21	19	2	0.867552	0.14208	1.12059e-06	1.29167e-06
535	958	759	19	19	17	2	0.878517	0.12952	1.03557e-06	1.17877e-06
536	994	771	12	12	12	0	0.92741	0.07536	6.28201e-07	6.77371e-07
537	974	769	11	12	10	2	0.917998	0.08556	7.19378e-07	7.83638e-07
538	992	765	25	25	22	3	0.841727	0.1723	1.32201e-06	1.57059e-06
539	992	809	15	15	14	1	0.905471	0.0993	8.14786e-07	8.99847e-07
540	913	710	18	19	16	4	0.869602	0.13972	1.11747e-06	1.28504e-06
541	1018	811	17	18	15	6	0.8662	0.14364	1.15625e-06	1.33486e-06
542	942	744	19	19	18	1	0.883009	0.12442	9.93948e-07	1.12564e-06
543	983	768	18	18	17	1	0.888572	0.11814	9.50052e-07	1.06919e-06
544	953	758	11	11	10	1	0.928505	0.07418	6.25865e-07	6.74057e-07
545	959	768	28	28	23	5	0.817634	0.20134	1.50952e-06	1.8462e-06
546	976	772	26	28	24	5	0.817634	0.20134	1.50952e-06	1.8462e-06
547	998	778	18	18	17	1	0.888572	0.11814	9.50052e-07	1.06919e-06
548	995	765	25	25	24	1	0.850356	0.1621	1.2452e-06	1.46432e-06
549	944	732	10	10	10	0	0.939131	0.0628	5.30117e-07	5.64476e-07
550	971	779	14	14	13	1	0.911175	0.09302	7.68485e-07	8.434e-07
551	945	751	25	26	20	10	0.807122	0.21428	1.61341e-06	1.99897e-06
552	1003	772	20	22	19	4	0.853372	0.15856	1.24113e-06	1.45438e-06
553	963	778	15	15	15	0	0.910101	0.0942	7.70595e-07	8.46714e-07
554	934	739	19	19	15	4	0.869602	0.13972	1.11747e-06	1.28504e-06
555	979	762	18	18	17	1	0.888572	0.11814	9.50052e-07	1.06919e-06
556	971	733	25	25	24	1	0.850356	0.1621	1.2452e-06	1.46432e-06
557	998	771	13	13	13	0	0.921604	0.08164	6.7629e-07	7.33819e-07
558	924	738	17	17	13	4	0.880593	0.12716	1.03218e-06	1.17214e-06
559	921	748	35	35	28	13	0.751187	0.2861	2.00296e-06	2.6664e-06
560	948	725	14	14	13	1	0.911175	0.09302	7.68485e-07	8.434e-07
561	994	769	19	19	18	1	0.883009	0.12442	9.93948e-07	1.12564e-06
562	965	778	9	9	8	1	0.94024	0.06162	5.27627e-07	5.61162e-07
563	953	775	10	11	9	2	0.923781	0.07928	6.71764e-07	7.2719e-07
564	981	781	25	25	21	5	0.833185	0.1825	1.39713e-06	1.67686e-06
565	920	727	20	20	19	1	0.877481	0.1307	1.03726e-06	1.18209e-06
566	1002	798	15	15	13	3	0.896282	0.1095	9.01762e-07	1.00611e-06
567	928	726	19	19	19	0	0.887524	0.11932	9.51873e-07	1.0725e-06
568	1039	806	12	12	9	4	0.908682	0.09576	8.0864e-07	8.89904e-07
569	951	765	20	20	20	0	0.881968	0.1256	9.95699e-07	1.12895e-06
570	992	779	21	21	20	1	0.871988	0.13698	1.07999e-06	1.23853e-06
571	1003	774	28	28	23	7	0.809337	0.21154	1.5802e-06	1.95247e-06
572	968	778	12	12	11	1	0.922692	0.08046	6.7403e-07	7.30504e-07
573	934	732	15	15	12	6	0.882673	0.1248	1.02877e-06	1.16551e-06
574	969	781	8	8	8	0	0.951001	0.05024	4.29454e-07	4.51581e-07
575	990	799	16	16	14	3	0.890671	0.11578	9.46393e-07	1.06256e-06
576	992	775	23	23	21	2	0.856724	0.15464	1.20332e-06	1.40456e-06
577	961	755	16	18	15	3	0.879554	0.12834	1.03388e-06	1.17546e-06
578	954	743	10	10	10	0	0.939131	0.0628	5.30117e-07	5.64476e-07
579	923	727	20	20	16	4	0.864158	0.146	1.15925e-06	1.34148e-06
580	970	754	13	13	13	0	0.921604	0.08164	6.7629e-07	7.33819e-07
581	984	755	25	25	23	2	0.84603	0.1672	1.28381e-06	1.51746e-06
582	987	788	15	15	15	0	0.910101	0.0942	7.70595e-07	8.46714e-07
583	902	701	21	21	18	4	0.858748	0.15228	1.20047e-06	1.39793e-06
584	1010	772	13	13	13	0	0.921604	0.08164	6.7629e-07	7.33819e-07
585	936	742	20	20	20	0	0.881968	0.1256	9.95699e-07	1.12895e-06
586	976	764	23	23	21	2	0.856724	0.15464	1.20332e-06	1.40456e-06
587	956	740	18	18	16	3	0.879554	0.12834	1.03388e-06	1.17546e-06
588	972	763	18	19	17	2	0.878517	0.12952	1.03557e-06	1.17877e-06
589	972	770	19	20	17	3	0.868576	0.1409	1.11903e-06	1.28835e-06
590	1003	792	22	23	22	1	0.861104	0.14954	1.16372e-06	1.35143e-06
591	990	762	24	24	21	3	0.847029	0.16602	1.28252e-06	1.51414e-06
592	909	711	16	16	14	2	0.895225	0.11068	9.03665e-07	1.00943e-06
593	1015	788	21	22	21	1	0.866529	0.14326	1.12214e-06	1.29498e-06
594	940	742	20	20	18	2	0.873017	0.1358	1.07837e-06	1.23522e-06
595	965	759	21	22	20	2	0.862121	0.14836	1.16224e-06	1.34811e-06
596	959	749	23	24	19	9	0.821503	0.19662	1.50577e-06	1.83294e-06
597	956	749	18	18	16	3	0.879554	0.12834	1.03388e-06	1.17546e-06
598	981	780	18	18	16	3	0.879554	0.12834	1.03388e-06	1.17546e-06
599	1018	825	14	14	11	4	0.89734	0.10832	8.99852e-07	1.0028e-06
600	984	763	18	19	16	4	0.869602	0.13972	1.11747e-06	1.28504e-06
601	941	704	19	19	18	1	0.883009	0.12442	9.93948e-07	1.12564e-06
602	963	742	18	19	18	1	0.883009	0.12442	9.93948e-07	1.12564e-06
603	943	739	18	18	16	3	0.879554	0.12834	1.03388e-06	1.17546e-06
604	1017	805	19	20	17	3	0.868576	0.1409	1.11903e-06	1.28835e-06
605	961	750	18	18	14	5	0.870628	0.13854	1.1159e-06	1.28172e-06
606	972	754	22	22	20	2	0.862121	0.14836	1.16224e-06	1.34811e-06
607	977	779	27	28	25	4	0.821815	0.19624	1.47357e-06	1.79307e-06
608	939	733	14	14	13	1	0.911175	0.09302	7.68485e-07	8.434e-07
609	996	789	18	18	18	0	0.893115	0.11304	9.07456e-07	1.01606e-06
610	921	718	15	15	15	0	0.910101	0.0942	7.70595e-07	8.46714e-07
611	935	718	12	13	12	1	0.916915	0.08674	7.21568e-07	7.86952e-07
612	946	729	18	18	16	2	0.884051	0.12324	9.92191e-07	1.12232e-06
613	972	769	8	9	8	1	0.94024	0.06162	5.27627e-07	5.61162e-07
614	964	761	16	17	14	4	0.880593	0.12716	1.03218e-06	1.17214e-06
615	961	735	21	21	21	0	0.876446	0.13188	1.03894e-06	1.1854e-06
616	980	804	18	18	16	2	0.884051	0.12324	9.92191e-07	1.12232e-06
617	980	754	33	35	25	15	0.743564	0.2963	2.06165e-06	2.77266e-06
618	1000	776	14	15	13	3	0.896282	0.1095	9.01762e-07	1.00611e-06
619	926	728	18	19	17	3	0.874048	0.13462	1.07674e-06	1.2319e-06
620	1035	810	19	19	18	1	0.883009	0.12442	9.93948e-07	1.12564e-06
621	949	755	15	15	14	1	0.905471	0.0993	8.14786e-07	8.99847e-07
622	935	745	9	9	9	0	0.945048	0.05652	4.80111e-07	5.08028e-07
623	966	769	16	16	16	0	0.904403	0.10048	8.16822e-07	9.03162e-07
624	976	780	11	12	10	2	0.917998	0.08556	7.19378e-07	7.83638e-07
625	945	742	20	20	19	1	0.877481	0.1307	1.03726e-06	1.18209e-06
626	972	781	15	16	15	1	0.899802	0.10558	8.60476e-07	9.56295e-07
627	988	769	26	26	24	2	0.840734	0.17348	1.32323e-06	1.5739e-06
628	973	752	32	32	24	11	0.773322	0.25706	1.84885e-06	2.39079e-06
629	969	771	13	13	12	1	0.916915	0.08674	7.21568e-07	7.86952e-07
630	952	766	20	21	20	1	0.871988	0.13698	1.07999e-06	1.23853e-06
631	977	772	17	18	16	2	0.884051	0.12324	9.92191e-07	1.12232e-06
632	969	759	13	14	13	1	0.911175	0.09302	7.68485e-07	8.434e-07
633	993	775	12	13	12	1	0.916915	0.08674	7.21568e-07	7.86952e-07
634	985	780	22	22	18	7	0.840415	0.17386	1.35624e-06	1.61378e-06
635	922	723	20	23	19	4	0.848029	0.16484	1.28123e-06	1.51083e-06
636	1008	795	16	16	14	2	0.895225	0.11068	9.03665e-07	1.00943e-06
637	934	702	14	16	13	6	0.877148	0.13108	1.07184e-06	1.22196e-06
638	984	787	15	16	15	1	0.899802	0.10558	8.60476e-07	9.56295e-07
639	955	752	29	29	24	6	0.808382	0.21272	1.58102e-06	1.95578e-06
640	973	761	12	12	12	0	0.92741	0.07536	6.28201e-07	6.77371e-07
641	971	777	34	34	29	6	0.783394	0.24412	1.75325e-06	2.23802e-06
642	973	759	9	9	9	0	0.945048	0.05652	4.80111e-07	5.08028e-07
643	988	790	14	14	14	0	0.915834	0.08792	7.23753e-07	7.90266e-07
644	905	709	14	15	14	1	0.905471	0.0993	8.14786e-07	8.99847e-07
645	1013	793	18	18	16	2	0.884051	0.12324	9.92191e-07	1.12232e-06
646	938	745	12	12	12	0	0.92741	0.07536	6.28201e-07	6.77371e-07
647	1004	801	13	13	13	0	0.921604	0.08164	6.7629e-07	7.33819e-07
648	957	732	11	11	9	2	0.923781	0.07928	6.71764e-07	7.2719e-07
649	935	736	18	19	17	2	0.878517	0.12952	1.03557e-06	1.17877e-06
650	974	771	17	17	15	2	0.889621	0.11696	9.48225e-07	1.06588e-06
651	953	762	14	14	13	1	0.911175	0.09302	7.68485e-07	8.434e-07
652	993	782	17	20	15	11	0.833851	0.1817	1.42874e-06	1.71342e-06
653	962	750	20	20	19	1	0.877481	0.1307	1.03726e-06	1.18209e-06
654	922	719	25	25	21	5	0.833185	0.1825	1.39713e-06	1.67686e-06
655	988	781	22	22	18	5	0.849031	0.16366	1.27992e-06	1.50751e-06
656	974	778	25	25	22	4	0.837445	0.1774	1.35978e-06	1.62372e-06
657	960	745	20	21	18	3	0.863139	0.14718	1.16075e-06	1.3448e-06
658	954	750	20	20	19	1	0.877481	0.1307	1.03726e-06	1.18209e-06
659	976	771	21	23	20	4	0.848029	0.16484	1.28123e-06	1.51083e-06
660	994	742	13	13	11	2	0.912251	0.09184	7.66369e-07	8.40085e-07
661	994	778	27	27	26	1	0.839742	0.17466	1.32446e-06	1.57722e-06
662	976	770	21	21	21	0	0.876446	0.13188	1.03894e-06	1.1854e-06
663	974	756	10	10	10	0	0.939131	0.0628	5.30117e-07	5.64476e-07
664	945	752	20	20	20	0	0.881968	0.1256	9.95699e-07	1.12895e-06
665	950	757	16	16	16	0	0.904403	0.10048	8.16822e-07	9.03162e-07
666	962	773	16	16	14	2	0.895225	0.11068	9.03665e-07	1.00943e-06
667	969	760	5	5	5	0	0.969088	0.0314	2.73513e-07	2.82238e-07
668	979	756	14	14	14	0	0.915834	0.08792	7.23753e-07	7.90266e-07
669	974	771	16	16	15	1	0.899802	0.10558	8.60476e-07	9.56295e-07
670	998	783	14	14	12	2	0.90654	0.09812	8.12743e-07	8.96533e-07
671	923	731	26	26	22	7	0.819566	0.19898	1.50765e-06	1.83957e-06
672	1030	827	13	13	13	0	0.921604	0.08164	6.7629e-07	7.33819e-07
673	948	759	19	19	18	1	0.883009	0.12442	9.93948e-07	1.12564e-06
674	990	774	14	14	13	1	0.911175	0.09302	7.68485e-07	8.434e-07
675	965	761	12	12	12	0	0.92741	0.07536	6.28201e-07	6.77371e-07
676	984	773	17	17	16	1	0.894169	0.11186	9.05563e-07	1.01274e-06
677	981	766	14	14	13	1	0.911175	0.09302	7.68485e-07	8.434e-07
678	904	735	17	17	15	2	0.889621	0.11696	9.48225e-07	1.06588e-06
679	946	733	22	22	19	3	0.857735	0.15346	1.2019e-06	1.40125e-06
680	1018	783	18	18	17	1	0.888572	0.11814	9.50052e-07	1.06919e-06
681	976	773	15	16	14	2	0.895225	0.11068	9.03665e-07	1.00943e-06
682	951	754	17	17	14	4	0.880593	0.12716	1.03218e-06	1.17214e-06
683	978	770	26	26	21	6	0.823757	0.19388	1.47159e-06	1.78644e-06
684	967	782	16	16	16	0	0.904403	0.10048	8.16822e-07	9.03162e-07
685	1004	771	10	10	10	0	0.939131	0.0628	5.30117e-07	5.64476e-07
686	984	777	16	16	16	0	0.904403	0.10048	8.16822e-07	9.03162e-07
687	935	734	15	16	13	4	0.88614	0.12088	9.88662e-07	1.11569e-06
688	1006	783	18	18	17	1	0.888572	0.11814	9.50052e-07	1.06919e-06
689	932	719	23	23	23	0	0.865507	0.14444	1.12368e-06	1.29829e-06
690	974	757	20	20	16	5	0.859762	0.1511	1.19904e-06	1.39462e-06
691	953	755	17	17	16	1	0.894169	0.11186	9.05563e-07	1.01274e-06
692	904	725	20	20	20	0	0.881968	0.1256	9.95699e-07	1.12895e-06
693	970	763	23	23	20	3	0.852365	0.15974	1.24249e-06	1.45769e-06
694	964	760	14	14	13	1	0.911175	0.09302	7.68485e-07	8.434e-07
695	987	773	15	15	15	0	0.910101	0.0942	7.70595e-07	8.46714e-07
696	954	742	14	14	14	0	0.915834	0.08792	7.23753e-07	7.90266e-07
697	1010	794	22	22	20	2	0.862121	0.14836	1.16224e-06	1.34811e-06
698	936	730	23	24	22	2	0.85136	0.16092	1.24384e-06	1.46101e-06
699	1018	804	21	22	21	1	0.866529	0.14326	1.12214e-06	1.29498e-06
700	956	777	21	21	21	0	0.876446	0.13188	1.03894e-06	1.1854e-06
701	946	769	16	16	15	1	0.899802	0.10558	8.60476e-07	9.56295e-07
702	972	756	16	18	16	2	0.884051	0.12324	9.92191e-07	1.12232e-06
703	975	751	20	20	18	2	0.873017	0.1358	1.07837e-06	1.23522e-06
704	990	772	13	13	11	3	0.90761	0.09694	8.10694e-07	8.93218e-07
705	969	759	19	19	17	3	0.874048	0.13462	1.07674e-06	1.2319e-06
706	936	747	19	20	17	3	0.868576	0.1409	1.11903e-06	1.28835e-06
707	939	737	11	11	10	1	0.928505	0.07418	6.25865e-07	6.74057e-07
708	962	768	11	11	11	0	0.933252	0.06908	5.79478e-07	6.20924e-07
709	959	753	17	17	16	1	0.894169	0.11186	9.05563e-07	1.01274e-06
710	962	761	9	9	9	0	0.945048	0.05652	4.80111e-07	5.08028e-07
711	975	759	15	15	15	0	0.910101	0.0942	7.70595e-07	8.46714e-07
712	996	778	16	16	16	0	0.904403	0.10048	8.16822e-07	9.03162e-07
713	993	779	14	14	14	0	0.915834	0.08792	7.23753e-07	7.90266e-07
714	984	741	16	16	15	1	0.899802	0.10558	8.60476e-07	9.56295e-07
715	954	760	19	19	18	1	0.883009	0.12442	9.93948e-07	1.12564e-06
716	943	724	17	17	17	0	0.898741	0.10676	8.6244e-07	9.59609e-07
717	1006	768	20	20	18	2	0.873017	0.1358	1.07837e-06	1.23522e-06
718	961	752	25	25	19	9	0.81636	0.2029	1.54242e-06	1.88939e-06
719	961	759	14	14	14	0	0.915834	0.08792	7.23753e-07	7.90266e-07
720	977	778	13	13	13	0	0.921604	0.08164	6.7629e-07	7.33819e-07
721	928	726	12	12	11	1	0.922692	0.08046	6.7403e-07	7.30504e-07
722	996	769	17	17	15	2	0.889621	0.11696	9.48225e-07	1.06588e-06
723	920	688	20	21	20	1	0.871988	0.13698	1.07999e-06	1.23853e-06
724	1027	804	15	15	14	1	0.905471	0.0993	8.14786e-07	8.99847e-07
725	946	766	19	19	16	3	0.874048	0.13462	1.07674e-06	1.2319e-06
726	975	772	13	13	12	1	0.916915	0.08674	7.21568e-07	7.86952e-07
727	963	757	13	14	12	3	0.901929	0.10322	8.56531e-07	9.49666e-07
728	994	754	19	20	19	1	0.877481	0.1307	1.03726e-06	1.18209e-06
729	980	761	15	15	15	0	0.910101	0.0942	7.70595e-07	8.46714e-07
730	923	722	17	17	15	2	0.889621	0.11696	9.48225e-07	1.06588e-06
731	999	767	15	15	15	0	0.910101	0.0942	7.70595e-07	8.46714e-07
732	1040	796	20	20	19	1	0.877481	0.1307	1.03726e-06	1.18209e-06
733	985	759	17	18	17	1	0.888572	0.11814	9.50052e-07	1.06919e-06
734	954	757	19	20	16	5	0.859762	0.1511	1.19904e-06	1.39462e-06
735	930	746	18	18	18	0	0.893115	0.11304	9.07456e-07	1.01606e-06
736	966	770	14	14	13	1	0.911175	0.09302	7.68485e-07	8.434e-07
737	976	773	20	20	20	0	0.881968	0.1256	9.95699e-07	1.12895e-06
738	982	754	13	13	12	1	0.916915	0.08674	7.21568e-07	7.86952e-07
739	946	739	14	14	11	3	0.901929	0.10322	8.56531e-07	9.49666e-07
740	1003	794	17	17	15	2	0.889621	0.11696	9.48225e-07	1.06588e-06
741	930	733	20	20	16	5	0.859762	0.1511	1.19904e-06	1.39462e-06
742	1005	781	32	32	29	3	0.805526	0.21626	1.58344e-06	1.96572e-06
743	952	770	19	19	16	4	0.869602	0.13972	1.11747e-06	1.28504e-06
744	936	724	16	16	15	1	0.899802	0.10558	8.60476e-07	9.56295e-07
745	968	765	17	17	15	2	0.889621	0.11696	9.48225e-07	1.06588e-06
746	1078	852	21	21	19	2	0.867552	0.14208	1.12059e-06	1.29167e-06
747	985	775	15	15	15	0	0.910101	0.0942	7.70595e-07	8.46714e-07
748	976	775	18	19	16	3	0.874048	0.13462	1.07674e-06	1.2319e-06
749	1007	772	20	20	18	2	0.873017	0.1358	1.07837e-06	1.23522e-06
750	934	734	13	13	12	1	0.916915	0.08674	7.21568e-07	7.86952e-07
751	973	754	26	26	25	1	0.845033	0.16838	1.2851e-06	1.52077e-06
752	954	749	12	13	11	2	0.912251	0.09184	7.66369e-07	8.40085e-07
753	955	763	12	12	12	0	0.92741	0.07536	6.28201e-07	6.77371e-07
754	971	773	11	11	9	3	0.919082	0.08438	7.17181e-07	7.80323e-07
755	925	731	18	19	16	4	0.869602	0.13972	1.11747e-06	1.28504e-06
756	988	789	12	12	10	2	0.917998	0.08556	7.19378e-07	7.83638e-07
757	904	728	15	15	12	4	0.891723	0.1146	9.44554e-07	1.05925e-06
758	1012	818	17	17	15	3	0.885095	0.12206	9.90429e-07	1.11901e-06
759	993	795	26	26	21	6	0.823757	0.19388	1.47159e-06	1.78644e-06
760	1031	804	13	14	11	6	0.888234	0.11852	9.8511e-07	1.10907e-06
761	1005	805	14	14	14	0	0.915834	0.08792	7.23753e-07	7.90266e-07
762	970	752	18	18	18	0	0.893115	0.11304	9.07456e-07	1.01606e-06
763	973	765	25	26	24	2	0.840734	0.17348	1.32323e-06	1.5739e-06
764	949	735	7	7	7	0	0.956992	0.04396	3.78139e-07	3.95133e-07
765	991	779	15	15	13	2	0.900865	0.1044	8.58507e-07	9.5298e-07
766	994	792	11	11	11	0	0.933252	0.06908	5.79478e-07	6.20924e-07
767	962	782	21	21	19	3	0.863139	0.14718	1.16075e-06	1.3448e-06
768	941	746	17	17	15	2	0.889621	0.11696	9.48225e-07	1.06588e-06
769	1005	797	16	17	15	2	0.889621	0.11696	9.48225e-07	1.06588e-06
770	960	757	18	20	16	5	0.859762	0.1511	1.19904e-06	1.39462e-06
771	985	764	22	23	17	16	0.797686	0.22604	1.71377e-06	2.14843e-06
772	976	773	17	17	17	0	0.898741	0.10676	8.6244e-07	9.59609e-07
773	906	716	10	10	9	1	0.934354	0.0679	5.77066e-07	6.17609e-07
774	994	786	14	14	14	0	0.915834	0.08792	7.23753e-07	7.90266e-07
775	917	719	13	13	11	2	0.912251	0.09184	7.66369e-07	8.40085e-07
776	1023	787	22	22	19	3	0.857735	0.15346	1.2019e-06	1.40125e-06
777	944	726	22	23	20	3	0.852365	0.15974	1.24249e-06	1.45769e-06
778	946	722	16	18	15	3	0.879554	0.12834	1.03388e-06	1.17546e-06
779	962	770	19	21	19	2	0.867552	0.14208	1.12059e-06	1.29167e-06
780	1005	779	20	20	18	2	0.873017	0.1358	1.07837e-06	1.23522e-06
781	978	753	12	12	10	2	0.917998	0.08556	7.19378e-07	7.83638e-07
782	936	722	14	14	12	3	0.901929	0.10322	8.56531e-07	9.49666e-07
783	997	786	13	13	12	1	0.916915	0.08674	7.21568e-07	7.86952e-07
784	923	721	11	11	11	0	0.933252	0.06908	5.79478e-07	6.20924e-07
785	1030	817	16	16	15	1	0.899802	0.10558	8.60476e-07	9.56295e-07
786	962	747	18	18	18	0	0.893115	0.11304	9.07456e-07	1.01606e-06
787	986	747	19	20	17	3	0.868576	0.1409	1.11903e-06	1.28835e-06
788	965	761	11	11	11	0	0.933252	0.06908	5.79478e-07	6.20924e-07
789	923	717	20	21	15	7	0.845709	0.16758	1.31705e-06	1.55733e-06
790	981	781	15	15	15	0	0.910101	0.0942	7.70595e-07	8.46714e-07
791	955	747	5	5	4	1	0.964158	0.0365	3.23351e-07	3.35371e-07
792	1001	786	15	15	15	0	0.910101	0.0942	7.70595e-07	8.46714e-07
793	964	757	13	13	12	1	0.916915	0.08674	7.21568e-07	7.86952e-07
794	1020	785	13	13	12	1	0.916915	0.08674	7.21568e-07	7.86952e-07
795	950	762	22	23	22	1	0.861104	0.14954	1.16372e-06	1.35143e-06
796	946	713	28	30	22	10	0.7871	0.2394	1.75111e-06	2.22476e-06
797	967	760	18	18	17	1	0.888572	0.11814	9.50052e-07	1.06919e-06
798	898	705	15	15	14	1	0.905471	0.0993	8.14786e-07	8.99847e-07
799	983	774	13	13	12	1	0.916915	0.08674	7.21568e-07	7.86952e-07
800	970	761	20	20	19	1	0.877481	0.1307	1.03726e-06	1.18209e-06
801	1005	798	21	21	17	5	0.854379	0.15738	1.23976e-06	1.45107e-06
802	932	756	10	10	9	1	0.934354	0.0679	5.77066e-07	6.17609e-07
803	1003	772	17	17	16	1	0.894169	0.11186	9.05563e-07	1.01274e-06
804	953	738	18	18	17	1	0.888572	0.11814	9.50052e-07	1.06919e-06
805	963	752	20	20	19	1	0.877481	0.1307	1.03726e-06	1.18209e-06
806	969	771	17	17	16	1	0.894169	0.11186	9.05563e-07	1.01274e-06
807	961	763	21	22	17	6	0.844712	0.16876	1.3183e-06	1.56065e-06
808	986	790	9	9	9	0	0.945048	0.05652	4.80111e-07	5.08028e-07
809	900	701	14	15	13	2	0.900865	0.1044	8.58507e-07	9.5298e-07
810	1009	794	15	15	14	1	0.905471	0.0993	8.14786e-07	8.99847e-07
811	936	720	11	11	10	1	0.928505	0.07418	6.25865e-07	6.74057e-07
812	1058	866	6	6	6	0	0.963021	0.03768	3.26161e-07	3.38686e-07
813	1020	792	23	24	19	5	0.838434	0.17622	1.3586e-06	1.62041e-06
814	977	780	19	20	17	4	0.864158	0.146	1.15925e-06	1.34148e-06
815	972	755	18	20	17	4	0.864158	0.146	1.15925e-06	1.34148e-06
816	1005	784	18	18	17	1	0.888572	0.11814	9.50052e-07	1.06919e-06
817	989	774	13	14	10	7	0.883716	0.12362	1.02705e-06	1.1622e-06
818	947	738	16	17	16	1	0.894169	0.11186	9.05563e-07	1.01274e-06
819	970	779	22	23	21	2	0.856724	0.15464	1.20332e-06	1.40456e-06
820	939	717	27	28	27	1	0.834485	0.18094	1.36327e-06	1.63367e-06
821	958	752	9	9	9	0	0.945048	0.05652	4.80111e-07	5.08028e-07
822	958	739	17	17	15	3	0.885095	0.12206	9.90429e-07	1.11901e-06
823	994	775	17	17	16	1	0.894169	0.11186	9.05563e-07	1.01274e-06
824	974	782	16	16	16	0	0.904403	0.10048	8.16822e-07	9.03162e-07
825	924	723	21	21	17	5	0.854379	0.15738	1.23976e-06	1.45107e-06
826	992	771	13	13	13	0	0.921604	0.08164	6.7629e-07	7.33819e-07
827	914	706	23	23	20	3	0.852365	0.15974	1.24249e-06	1.45769e-06
828	1020	802	13	13	13	0	0.921604	0.08164	6.7629e-07	7.33819e-07
829	942	752	9	9	9	0	0.945048	0.05652	4.80111e-07	5.08028e-07
830	964	746	18	18	17	1	0.888572	0.11814	9.50052e-07	1.06919e-06
831	961	748	11	11	8	6	0.905127	0.09968	8.50568e-07	9.39723e-07
832	1016	789	18	19	18	1	0.883009	0.12442	9.93948e-07	1.12564e-06
833	977	776	13	13	13	0	0.921604	0.08164	6.7629e-07	7.33819e-07
834	947	739	12	12	11	1	0.922692	0.08046	6.7403e-07	7.30504e-07
835	996	770	10	11	10	1	0.928505	0.07418	6.25865e-07	6.74057e-07
836	920	750	18	19	17	2	0.878517	0.12952	1.03557e-06	1.17877e-06
837	1026	821	26	26	24	2	0.840734	0.17348	1.32323e-06	1.5739e-06
838	946	742	19	19	18	1	0.883009	0.12442	9.93948e-07	1.12564e-06
839	978	790	19	19	16	4	0.869602	0.13972	1.11747e-06	1.28504e-06
840	919	721	14	14	14	0	0.915834	0.08792	7.23753e-07	7.90266e-07
841	926	724	18	19	18	1	0.883009	0.12442	9.93948e-07	1.12564e-06
842	979	756	19	21	17	4	0.858748	0.15228	1.20047e-06	1.39793e-06
843	974	779	16	16	15	1	0.899802	0.10558	8.60476e-07	9.56295e-07
844	999	779	18	18	18	0	0.893115	0.11304	9.07456e-07	1.01606e-06
845	978	744	36	36	27	16	0.735151	0.30768	2.11888e-06	2.88224e-06
846	978	766	16	16	16	0	0.904403	0.10048	8.16822e-07	9.03162e-07
847	949	761	17	17	16	1	0.894169	0.11186	9.05563e-07	1.01274e-06
848	955	762	14	15	13	2	0.900865	0.1044	8.58507e-07	9.5298e-07
849	966	771	14	14	11	6	0.888234	0.11852	9.8511e-07	1.10907e-06
850	972	741	15	15	14	1	0.905471	0.0993	8.14786e-07	8.99847e-07
851	982	759	15	15	15	0	0.910101	0.0942	7.70595e-07	8.46714e-07
852	978	753	12	12	11	1	0.922692	0.08046	6.7403e-07	7.30504e-07
853	1003	807	26	27	24	3	0.831221	0.18486	1.39935e-06	1.68348e-06
854	929	749	14	14	13	1	0.911175	0.09302	7.68485e-07	8.434e-07
855	921	730	14	14	14	0	0.915834	0.08792	7.23753e-07	7.90266e-07
856	951	737	19	20	17	4	0.864158	0.146	1.15925e-06	1.34148e-06
857	970	768	16	16	14	2	0.895225	0.11068	9.03665e-07	1.00943e-06
858	968	759	14	14	14	0	0.915834	0.08792	7.23753e-07	7.90266e-07
859	979	774	13	13	13	0	0.921604	0.08164	6.7629e-07	7.33819e-07
860	985	770	20	20	17	4	0.864158	0.146	1.15925e-06	1.34148e-06
861	895	715	19	20	18	2	0.873017	0.1358	1.07837e-06	1.23522e-06
862	1007	799	11	11	10	1	0.928505	0.07418	6.25865e-07	6.74057e-07
863	933	724	10	12	8	7	0.894885	0.11106	9.39006e-07	1.0493e-06
864	1051	833	11	12	10	2	0.917998	0.08556	7.19378e-07	7.83638e-07
865	954	743	20	21	16	6	0.850033	0.16248	1.27862e-06	1.5042e-06
866	986	802	16	17	14	3	0.885095	0.12206	9.90429e-07	1.11901e-06
867	955	738	16	16	15	1	0.899802	0.10558	8.60476e-07	9.56295e-07
868	979	767	16	16	15	1	0.899802	0.10558	8.60476e-07	9.56295e-07
869	914	719	12	12	11	1	0.922692	0.08046	6.7403e-07	7.30504e-07
870	947	750	17	18	15	3	0.879554	0.12834	1.03388e-06	1.17546e-06
871	978	778	12	12	12	0	0.92741	0.07536	6.28201e-07	6.77371e-07
872	937	740	25	27	21	7	0.814436	0.20526	1.54418e-06	1.89602e-06
873	1022	786	18	18	16	2	0.884051	0.12324	9.92191e-07	1.12232e-06
874	957	746	12	12	11	1	0.922692	0.08046	6.7403e-07	7.30504e-07
875	1006	800	16	17	15	2	0.889621	0.11696	9.48225e-07	1.06588e-06
876	973	750	20	20	17	3	0.868576	0.1409	1.11903e-06	1.28835e-06
877	937	760	23	23	23	0	0.865507	0.14444	1.12368e-06	1.29829e-06
878	991	797	17	17	14	4	0.880593	0.12716	1.03218e-06	1.17214e-06
879	987	776	19	19	17	2	0.878517	0.12952	1.03557e-06	1.17877e-06
880	1016	788	14	14	13	1	0.911175	0.09302	7.68485e-07	8.434e-07
881	941	762	10	10	10	0	0.939131	0.0628	5.30117e-07	5.64476e-07
882	987	764	16	16	14	2	0.895225	0.11068	9.03665e-07	1.00943e-06
883	959	765	22	24	20	4	0.84272	0.17112	1.32077e-06	1.56728e-06
884	944	755	12	12	11	1	0.922692	0.08046	6.7403e-07	7.30504e-07
885	975	769	13	13	11	2	0.912251	0.09184	7.66369e-07	8.40085e-07
886	955	741	14	14	12	2	0.90654	0.09812	8.12743e-07	8.96533e-07
887	994	778	19	20	16	5	0.859762	0.1511	1.19904e-06	1.39462e-06
888	917	734	8	8	8	0	0.951001	0.05024	4.29454e-07	4.51581e-07
889	1022	817	17	17	14	3	0.885095	0.12206	9.90429e-07	1.11901e-06
890	944	728	16	17	14	4	0.880593	0.12716	1.03218e-06	1.17214e-06
891	947	729	23	23	20	3	0.852365	0.15974	1.24249e-06	1.45769e-06
892	962	742	15	15	12	4	0.891723	0.1146	9.44554e-07	1.05925e-06
893	967	754	32	33	23	13	0.760682	0.27354	1.9424e-06	2.5535e-06
894	1006	787	17	17	17	0	0.898741	0.10676	8.6244e-07	9.59609e-07
895	970	771	22	22	18	4	0.853372	0.15856	1.24113e-06	1.45438e-06
896	937	730	9	9	8	1	0.94024	0.06162	5.27627e-07	5.61162e-07
897	930	724	17	17	16	1	0.894169	0.11186	9.05563e-07	1.01274e-06
898	961	764	17	18	15	4	0.87508	0.13344	1.07511e-06	1.22859e-06
899	947	743	15	16	14	2	0.895225	0.11068	9.03665e-07	1.00943e-06
900	963	769	13	13	13	0	0.921604	0.08164	6.7629e-07	7.33819e-07
901	964	777	23	24	21	4	0.84272	0.17112	1.32077e-06	1.56728e-06
902	980	760	21	21	19	3	0.863139	0.14718	1.16075e-06	1.3448e-06
903	981	787	24	24	22	2	0.85136	0.16092	1.24384e-06	1.46101e-06
904	986	764	15	15	14	1	0.905471	0.0993	8.14786e-07	8.99847e-07
905	1001	780	16	16	16	0	0.904403	0.10048	8.16822e-07	9.03162e-07
906	927	724	14	14	14	0	0.915834	0.08792	7.23753e-07	7.90266e-07
907	980	773	16	18	14	5	0.870628	0.13854	1.1159e-06	1.28172e-06
908	950	756	17	17	15	2	0.889621	0.11696	9.48225e-07	1.06588e-06
909	978	792	20	21	18	3	0.863139	0.14718	1.16075e-06	1.3448e-06
910	967	763	17	17	15	3	0.885095	0.12206	9.90429e-07	1.11901e-06
911	1010	809	19	20	16	4	0.864158	0.146	1.15925e-06	1.34148e-06
912	983	784	18	18	15	3	0.879554	0.12834	1.03388e-06	1.17546e-06
913	980	776	19	19	16	3	0.874048	0.13462	1.07674e-06	1.2319e-06
914	1005	785	19	19	12	17	0.813817	0.20602	1.60791e-06	1.97577e-06
915	931	719	19	19	17	2	0.878517	0.12952	1.03557e-06	1.17877e-06
916	1045	822	22	23	19	5	0.843715	0.16994	1.31954e-06	1.56396e-06
917	953	750	10	11	10	1	0.928505	0.07418	6.25865e-07	6.74057e-07
918	995	763	25	25	23	2	0.84603	0.1672	1.28381e-06	1.51746e-06
919	969	776	13	13	13	0	0.921604	0.08164	6.7629e-07	7.33819e-07
920	925	720	14	15	12	6	0.882673	0.1248	1.02877e-06	1.16551e-06
921	978	751	19	20	16	5	0.859762	0.1511	1.19904e-06	1.39462e-06
922	1045	797	24	26	21	5	0.827969	0.18878	1.43512e-06	1.7333e-06
923	986	762	14	14	14	0	0.915834	0.08792	7.23753e-07	7.90266e-07
924	956	751	16	16	15	1	0.899802	0.10558	8.60476e-07	9.56295e-07
925	980	760	14	14	14	0	0.915834	0.08792	7.23753e-07	7.90266e-07
926	955	750	13	13	12	1	0.916915	0.08674	7.21568e-07	7.86952e-07
927	956	758	14	14	14	0	0.915834	0.08792	7.23753e-07	7.90266e-07
928	972	766	23	23	19	5	0.843715	0.16994	1.31954e-06	1.56396e-06
929	947	745	15	15	15	0	0.910101	0.0942	7.70595e-07	8.46714e-07
930	989	784	25	25	20	7	0.824729	0.1927	1.47059e-06	1.78312e-06
931	928	717	19	20	18	3	0.868576	0.1409	1.11903e-06	1.28835e-06
932	1014	771	28	28	26	2	0.83024	0.18604	1.40045e-06	1.6868e-06
933	939	744	17	18	17	1	0.888572	0.11814	9.50052e-07	1.06919e-06
934	955	726	16	16	15	1	0.899802	0.10558	8.60476e-07	9.56295e-07
935	958	755	17	17	16	1	0.894169	0.11186	9.05563e-07	1.01274e-06
936	998	767	14	14	14	0	0.915834	0.08792	7.23753e-07	7.90266e-07
937	974	768	17	17	16	1	0.894169	0.11186	9.05563e-07	1.01274e-06
938	963	747	19	19	15	5	0.865178	0.14482	1.15776e-06	1.33817e-06
939	992	784	28	28	25	3	0.826017	0.19114	1.43721e-06	1.73993e-06
940	913	708	20	20	19	1	0.877481	0.1307	1.03726e-06	1.18209e-06
941	1019	838	15	16	14	2	0.895225	0.11068	9.03665e-07	1.00943e-06
942	942	740	27	27	26	1	0.839742	0.17466	1.32446e-06	1.57722e-06
943	956	738	13	13	13	0	0.921604	0.08164	6.7629e-07	7.33819e-07
944	960	753	16	17	16	1	0.894169	0.11186	9.05563e-07	1.01274e-06
945	976	758	16	16	15	1	0.899802	0.10558	8.60476e-07	9.56295e-07
946	977	736	12	14	12	2	0.90654	0.09812	8.12743e-07	8.96533e-07
947	978	763	17	18	16	2	0.884051	0.12324	9.92191e-07	1.12232e-06
948	948	744	14	14	13	1	0.911175	0.09302	7.68485e-07	8.434e-07
949	972	770	20	21	20	1	0.871988	0.13698	1.07999e-06	1.23853e-06
950	994	781	15	15	13	2	0.900865	0.1044	8.58507e-07	9.5298e-07
951	945	742	16	16	15	1	0.899802	0.10558	8.60476e-07	9.56295e-07
952	971	734	18	18	18	0	0.893115	0.11304	9.07456e-07	1.01606e-06
953	963	781	16	17	14	3	0.885095	0.12206	9.90429e-07	1.11901e-06
954	940	743	19	19	19	0	0.887524	0.11932	9.51873e-07	1.0725e-06
955	979	767	13	13	13	0	0.921604	0.08164	6.7629e-07	7.33819e-07
956	996	789	10	10	9	1	0.934354	0.0679	5.77066e-07	6.17609e-07
957	999	780	13	14	13	1	0.911175	0.09302	7.68485e-07	8.434e-07
958	924	715	6	6	6	0	0.963021	0.03768	3.26161e-07	3.38686e-07
959	981	781	16	16	16	0	0.904403	0.10048	8.16822e-07	9.03162e-07
960	948	724	20	21	19	2	0.867552	0.14208	1.12059e-06	1.29167e-06
961	917	714	21	22	17	6	0.844712	0.16876	1.3183e-06	1.56065e-06
962	965	738	10	10	10	0	0.939131	0.0628	5.30117e-07	5.64476e-07
963	948	743	22	23	18	6	0.839423	0.17504	1.35743e-06	1.61709e-06
964	982	765	16	16	15	1	0.899802	0.10558	8.60476e-07	9.56295e-07
965	925	714	20	20	18	2	0.873017	0.1358	1.07837e-06	1.23522e-06
966	1002	780	15	16	15	1	0.899802	0.10558	8.60476e-07	9.56295e-07
967	929	719	10	10	9	1	0.934354	0.0679	5.77066e-07	6.17609e-07
968	1040	820	19	19	15	5	0.865178	0.14482	1.15776e-06	1.33817e-06
969	951	761	14	14	14	0	0.915834	0.08792	7.23753e-07	7.90266e-07
970	1007	781	17	17	16	1	0.894169	0.11186	9.05563e-07	1.01274e-06
971	968	738	16	16	14	2	0.895225	0.11068	9.03665e-07	1.00943e-06
972	938	735	13	13	13	0	0.921604	0.08164	6.7629e-07	7.33819e-07
973	984	783	16	16	14	2	0.895225	0.11068	9.03665e-07	1.00943e-06
974	959	763	18	18	15	4	0.87508	0.13344	1.07511e-06	1.22859e-06
975	996	784	18	18	17	1	0.888572	0.11814	9.50052e-07	1.06919e-06
976	964	753	15	15	13	3	0.896282	0.1095	9.01762e-07	1.00611e-06
977	966	759	23	23	19	5	0.843715	0.16994	1.31954e-06	1.56396e-06
978	954	763	14	14	14	0	0.915834	0.08792	7.23753e-07	7.90266e-07
979	1018	769	21	21	19	2	0.867552	0.14208	1.12059e-06	1.29167e-06
980	970	772	18	18	16	2	0.884051	0.12324	9.92191e-07	1.12232e-06
981	956	749	19	20	16	6	0.855388	0.1562	1.23839e-06	1.44775e-06
982	987	785	12	12	11	1	0.922692	0.08046	6.7403e-07	7.30504e-07
983	943	755	13	14	13	1	0.911175	0.09302	7.68485e-07	8.434e-07
984	1011	788	19	19	16	3	0.874048	0.13462	1.07674e-06	1.2319e-06
985	937	735	10	10	9	1	0.934354	0.0679	5.77066e-07	6.17609e-07
986	948	738	17	21	13	13	0.820222	0.19818	1.53884e-06	1.87613e-06
987	956	742	18	18	16	2	0.884051	0.12324	9.92191e-07	1.12232e-06
988	938	746	17	17	14	4	0.880593	0.12716	1.03218e-06	1.17214e-06
989	973	719	20	21	18	3	0.863139	0.14718	1.16075e-06	1.3448e-06
990	941	752	22	22	17	6	0.844712	0.16876	1.3183e-06	1.56065e-06
991	990	785	11	11	10	1	0.928505	0.07418	6.25865e-07	6.74057e-07
992	910	720	13	13	11	2	0.912251	0.09184	7.66369e-07	8.40085e-07
993	1016	789	22	26	22	7	0.819566	0.19898	1.50765e-06	1.83957e-06
994	940	736	7	7	7	0	0.956992	0.04396	3.78139e-07	3.95133e-07
995	964	765	19	19	17	2	0.878517	0.12952	1.03557e-06	1.17877e-06
996	959	734	18	18	17	1	0.888572	0.11814	9.50052e-07	1.06919e-06
997	939	743	23	23	21	3	0.852365	0.15974	1.24249e-06	1.45769e-06
998	975	776	17	17	15	2	0.889621	0.11696	9.48225e-07	1.06588e-06
999	987	784	10	11	10	1	0.928505	0.07418	6.25865e-07	6.74057e-07
1000	993	793	18	18	18	0	0.893115	0.11304	9.07456e-07	1.01606e-06