Hist	Tr_Tot	Tr_in	DSBs	DSBt	RIFs	NComb	PSurv	lPSurv	PMut*	PMut
1	1	0	0	0	0	0	1	-0	0	0
2	1	1	1	1	1	0	0.99374	0.00628	5.60942e-08	5.64476e-08
3	1	1	3	3	2	1	0.976344	0.02394	2.17213e-07	2.22476e-07
4	1	1	63	97	13	2038	1.66523e-05	11.003	1.89438e-09	0.000113761
5	1	1	2	2	1	1	0.982495	0.01766	1.63122e-07	1.66028e-07
6	0	0	0	0	0	0	1	-0	0	0
7	5	5	33	33	16	37	0.673047	0.39594	2.57689e-06	3.8287e-06
8	0	0	0	0	0	0	1	-0	0	0
9	3	2	27	29	15	34	0.700809	0.35552	2.41324e-06	3.44351e-06
10	1	1	1	1	1	0	0.99374	0.00628	5.60942e-08	5.64476e-08
11	2	2	9	9	7	3	0.930698	0.07182	6.21174e-07	6.67428e-07
12	3	2	19	45	4	710	0.0201692	3.9036	8.12106e-07	4.02647e-05
13	4	1	8	8	6	2	0.94135	0.06044	5.2513e-07	5.57847e-07
14	2	2	15	21	6	94	0.542656	0.61128	3.35357e-06	6.17992e-06
15	0	0	0	0	0	0	1	-0	0	0
16	2	1	2	2	2	0	0.987519	0.01256	1.11486e-07	1.12895e-07
17	0	0	0	0	0	0	1	-0	0	0
18	3	2	1	1	1	0	0.99374	0.00628	5.60942e-08	5.64476e-08
19	1	1	146	312	21	11237	1.82058e-26	59.2681	1.11905e-29	0.000614669
20	2	1	78	267	8	32650	9.02083e-74	168.192	1.57853e-76	0.00174987
21	1	1	9	9	6	6	0.916567	0.08712	7.57843e-07	8.26828e-07
22	5	5	39	60	24	363	0.107733	2.2281	2.44276e-06	2.26742e-05
23	1	1	26	30	9	108	0.477496	0.7392	3.54866e-06	7.43181e-06
24	0	0	0	0	0	0	1	-0	0	0
25	1	1	17	17	12	8	0.862811	0.14756	1.19471e-06	1.38467e-06
26	0	0	0	0	0	0	1	-0	0	0
27	1	1	66	162	10	3424	9.42632e-09	18.4798	1.80111e-12	0.000191073
28	1	1	2	2	2	0	0.987519	0.01256	1.11486e-07	1.12895e-07
29	1	1	3	3	3	0	0.981336	0.01884	1.66182e-07	1.69343e-07
30	1	0	0	0	0	0	1	-0	0	0
31	1	1	74	172	6	10743	5.44756e-25	55.8695	3.16241e-28	0.000580519
32	1	1	10	20	3	137	0.438542	0.8243	3.68735e-06	8.4082e-06
33	0	0	0	0	0	0	1	-0	0	0
34	2	2	20	59	5	1380	0.000606067	7.40852	4.64576e-08	7.66542e-05
35	0	0	0	0	0	0	1	-0	0	0
36	6	4	69	133	21	2602	7.48316e-07	14.1054	1.09075e-10	0.00014576
37	2	1	1	1	1	0	0.99374	0.00628	5.60942e-08	5.64476e-08
38	3	3	40	76	11	900	0.00629953	5.06728	3.28268e-07	5.21099e-05
39	2	1	6	7	5	3	0.942462	0.05926	5.22626e-07	5.54533e-07
40	5	3	121	370	23	28415	1.13354e-64	147.24	1.73507e-67	0.00153067
41	3	3	9	9	6	4	0.925964	0.07692	6.67214e-07	7.20561e-07
42	0	0	0	0	0	0	1	-0	0	0
43	2	2	1	1	1	0	0.99374	0.00628	5.60942e-08	5.64476e-08
44	0	0	0	0	0	0	1	-0	0	0
45	3	2	3	3	1	3	0.966436	0.03414	3.17709e-07	3.28742e-07
46	1	1	65	180	8	14707	8.60027e-34	76.1361	6.80789e-37	0.000791591
47	2	2	79	147	19	4613	2.40843e-11	24.4495	6.103e-15	0.000253401
48	1	1	31	35	15	43	0.644616	0.4391	2.74632e-06	4.26039e-06
49	2	1	10	10	7	3	0.924872	0.0781	6.69492e-07	7.23876e-07
50	1	1	3	3	2	1	0.976344	0.02394	2.17213e-07	2.22476e-07
51	0	0	0	0	0	0	1	-0	0	0
52	1	1	43	83	13	1793	6.34321e-05	9.66554	6.34023e-09	9.9953e-05
53	0	0	0	0	0	0	1	-0	0	0
54	1	1	17	17	7	19	0.81574	0.20366	1.60631e-06	1.96914e-06
55	1	1	1	1	1	0	0.99374	0.00628	5.60942e-08	5.64476e-08
56	1	1	5	5	4	1	0.964158	0.0365	3.23351e-07	3.35371e-07
57	1	0	0	0	0	0	1	-0	0	0
58	1	1	19	40	5	596	0.0372241	3.2908	1.26284e-06	3.39253e-05
59	1	1	0	0	0	0	1	-0	0	0
60	0	0	0	0	0	0	1	-0	0	0
61	4	3	34	44	20	109	0.435082	0.83222	3.6004e-06	8.27521e-06
62	1	1	9	9	9	0	0.945048	0.05652	4.80111e-07	5.08028e-07
63	2	2	21	43	9	530	0.0511476	2.97304	1.56449e-06	3.05878e-05
64	3	3	31	34	17	43	0.648677	0.43282	2.727e-06	4.20395e-06
65	4	4	100	152	43	1812	3.73283e-05	10.1958	3.91414e-09	0.000104857
66	2	2	1	1	1	0	0.99374	0.00628	5.60942e-08	5.64476e-08
67	0	0	0	0	0	0	1	-0	0	0
68	2	1	7	7	5	2	0.947281	0.05416	4.74966e-07	5.014e-07
69	0	0	0	0	0	0	1	-0	0	0
70	3	2	107	300	16	15949	7.18322e-37	83.2239	6.20886e-40	0.000864356
71	1	1	50	120	11	3707	2.89784e-09	19.6593	5.90402e-13	0.000203738
72	2	0	0	0	0	0	1	-0	0	0
73	1	1	0	0	0	0	1	-0	0	0
74	3	3	9	9	7	3	0.930698	0.07182	6.21174e-07	6.67428e-07
75	1	1	64	118	16	1787	5.24978e-05	9.85474	5.33429e-09	0.00010161
76	0	0	0	0	0	0	1	-0	0	0
77	1	1	58	157	18	3549	5.14181e-09	19.0859	1.01516e-12	0.000197432
78	0	0	0	0	0	0	1	-0	0	0
79	1	1	5	5	2	6	0.939883	0.062	5.64905e-07	6.01037e-07
80	1	0	1	1	1	0	0.99374	0.00628	5.60942e-08	5.64476e-08
81	1	1	8	8	8	0	0.951001	0.05024	4.29454e-07	4.51581e-07
82	1	1	2	2	1	1	0.982495	0.01766	1.63122e-07	1.66028e-07
83	1	1	0	0	0	0	1	-0	0	0
84	1	1	2	2	2	0	0.987519	0.01256	1.11486e-07	1.12895e-07
85	0	0	0	0	0	0	1	-0	0	0
86	1	0	0	0	0	0	1	-0	0	0
87	0	0	0	0	0	0	1	-0	0	0
88	4	3	115	413	11	44290	5.96476e-100	228.473	1.41757e-102	0.00237658
89	2	1	6	6	2	10	0.915138	0.08868	7.96186e-07	8.70018e-07
90	4	3	98	228	26	13734	9.0928e-32	71.4752	6.75233e-35	0.000742601
91	2	2	57	125	11	3101	6.17544e-08	16.6001	1.06108e-11	0.000171822
92	2	0	2	2	1	1	0.982495	0.01766	1.63122e-07	1.66028e-07
93	3	1	5	5	3	3	0.954374	0.0467	4.21487e-07	4.41638e-07
94	0	0	0	0	0	0	1	-0	0	0
95	2	1	12	12	6	12	0.872354	0.13656	1.14712e-06	1.31497e-06
96	0	0	0	0	0	0	1	-0	0	0
97	3	3	25	28	11	40	0.683971	0.37984	2.5347e-06	3.70586e-06
98	1	1	97	255	9	14769	3.91413e-34	76.9233	3.12785e-37	0.000799118
99	3	2	67	206	11	8909	5.07693e-21	46.7296	2.46227e-24	0.000484992
100	1	0	1	1	1	0	0.99374	0.00628	5.60942e-08	5.64476e-08
101	2	0	0	0	0	0	1	-0	0	0
102	2	2	95	265	8	14717	4.79222e-34	76.7209	3.81901e-37	0.00079692
103	0	0	0	0	0	0	1	-0	0	0
104	2	1	2	2	2	0	0.987519	0.01256	1.11486e-07	1.12895e-07
105	0	0	0	0	0	0	1	-0	0	0
106	1	1	28	33	8	301	0.17511	1.74234	3.12674e-06	1.78559e-05
107	1	0	0	0	0	0	1	-0	0	0
108	1	1	6	6	6	0	0.963021	0.03768	3.26161e-07	3.38686e-07
109	1	0	0	0	0	0	1	-0	0	0
110	1	1	60	193	12	14219	9.54835e-33	73.7289	7.31781e-36	0.000766395
111	1	1	0	0	0	0	1	-0	0	0
112	0	0	0	0	0	0	1	-0	0	0
113	1	0	0	0	0	0	1	-0	0	0
114	1	1	0	0	0	0	1	-0	0	0
115	2	2	1	1	1	0	0.99374	0.00628	5.60942e-08	5.64476e-08
116	3	1	1	1	1	0	0.99374	0.00628	5.60942e-08	5.64476e-08
117	4	4	70	154	17	4690	1.55631e-11	24.8861	4.01352e-15	0.000257888
118	2	2	25	27	15	43	0.677829	0.38886	2.58172e-06	3.80881e-06
119	0	0	0	0	0	0	1	-0	0	0
120	2	1	13	15	8	22	0.813508	0.2064	1.63974e-06	2.01564e-06
121	0	0	0	0	0	0	1	-0	0	0
122	3	3	13	13	9	5	0.8984	0.10714	8.97937e-07	9.99485e-07
123	1	1	2	2	2	0	0.987519	0.01256	1.11486e-07	1.12895e-07
124	2	1	8	8	5	4	0.931797	0.07064	6.18819e-07	6.64114e-07
125	1	1	4	4	4	0	0.975193	0.02512	2.20189e-07	2.2579e-07
126	3	2	22	22	16	8	0.836139	0.17896	1.39377e-06	1.66691e-06
127	2	2	4	4	4	0	0.975193	0.02512	2.20189e-07	2.2579e-07
128	0	0	0	0	0	0	1	-0	0	0
129	2	1	80	202	11	5800	4.00535e-14	30.8486	1.28001e-17	0.000319575
130	0	0	0	0	0	0	1	-0	0	0
131	2	2	13	13	10	3	0.90761	0.09694	8.10694e-07	8.93218e-07
132	1	1	94	285	15	16051	4.69148e-37	83.6499	4.07656e-40	0.000868929
133	1	1	67	115	22	1783	5.45987e-05	9.8155	5.52692e-09	0.000101228
134	1	1	0	0	0	0	1	-0	0	0
135	1	1	0	0	0	0	1	-0	0	0
136	1	0	0	0	0	0	1	-0	0	0
137	0	0	0	0	0	0	1	-0	0	0
138	1	1	0	0	0	0	1	-0	0	0
139	0	0	0	0	0	0	1	-0	0	0
140	1	0	0	0	0	0	1	-0	0	0
141	2	1	1	1	1	0	0.99374	0.00628	5.60942e-08	5.64476e-08
142	7	5	108	249	37	17022	4.15744e-39	88.3759	3.81856e-42	0.000918489
143	2	1	2	2	2	0	0.987519	0.01256	1.11486e-07	1.12895e-07
144	2	1	119	351	14	16706	1.09785e-38	87.4049	9.96251e-42	0.000907456
145	3	3	92	210	11	12225	2.23912e-28	63.6663	1.48097e-31	0.000661407
146	0	0	0	0	0	0	1	-0	0	0
147	2	2	27	44	14	164	0.328664	1.11272	3.68023e-06	1.11975e-05
148	0	0	0	0	0	0	1	-0	0	0
149	2	1	69	148	3	6811	3.2408e-16	35.6655	1.19989e-19	0.000370244
150	1	0	0	0	0	0	1	-0	0	0
151	3	2	32	68	9	1031	0.00339606	5.68514	1.99073e-07	5.86188e-05
152	2	1	66	148	14	5062	2.42391e-12	26.7456	6.72185e-16	0.000277315
153	2	1	57	127	13	4006	6.03569e-10	21.2282	1.32798e-13	0.00022002
154	3	1	4	4	4	0	0.975193	0.02512	2.20189e-07	2.2579e-07
155	0	0	0	0	0	0	1	-0	0	0
156	2	1	1	1	1	0	0.99374	0.00628	5.60942e-08	5.64476e-08
157	0	0	0	0	0	0	1	-0	0	0
158	2	2	7	8	6	2	0.94135	0.06044	5.2513e-07	5.57847e-07
159	1	1	0	0	0	0	1	-0	0	0
160	2	1	6	6	2	7	0.929248	0.07338	6.6034e-07	7.10618e-07
161	1	1	42	83	12	915	0.00558461	5.18774	2.97671e-07	5.3302e-05
162	1	1	21	27	10	68	0.596689	0.51636	3.06527e-06	5.13714e-06
163	1	0	0	0	0	0	1	-0	0	0
164	0	0	0	0	0	0	1	-0	0	0
165	1	0	0	0	0	0	1	-0	0	0
166	0	0	0	0	0	0	1	-0	0	0
167	1	1	19	30	5	325	0.157883	1.8459	2.99374e-06	1.89617e-05
168	2	1	91	191	21	5524	1.7537e-13	29.3719	5.33631e-17	0.000304289
169	3	2	5	6	3	4	0.943574	0.05808	5.20116e-07	5.51218e-07
170	3	3	3	3	3	0	0.981336	0.01884	1.66182e-07	1.69343e-07
171	4	2	5	5	4	1	0.964158	0.0365	3.23351e-07	3.35371e-07
172	2	0	0	0	0	0	1	-0	0	0
173	0	0	0	0	0	0	1	-0	0	0
174	3	2	127	385	25	35714	7.03004e-81	184.559	1.3493e-83	0.00191933
175	1	1	2	2	1	1	0.982495	0.01766	1.63122e-07	1.66028e-07
176	2	1	74	249	12	9753	5.23537e-23	51.304	2.7866e-26	0.000532264
177	1	0	0	0	0	0	1	-0	0	0
178	3	2	3	3	2	1	0.976344	0.02394	2.17213e-07	2.22476e-07
179	2	2	39	41	13	171	0.323169	1.12958	3.68417e-06	1.14001e-05
180	0	0	0	0	0	0	1	-0	0	0
181	2	1	44	140	7	7527	8.84305e-18	39.2669	3.60652e-21	0.000407836
182	0	0	0	0	0	0	1	-0	0	0
183	3	1	81	200	14	6292	3.29886e-15	33.3452	1.1401e-18	0.000345604
184	1	1	7	7	5	2	0.947281	0.05416	4.74966e-07	5.014e-07
185	2	1	3	3	3	0	0.981336	0.01884	1.66182e-07	1.69343e-07
186	1	1	3	3	3	0	0.981336	0.01884	1.66182e-07	1.69343e-07
187	2	2	7	7	6	1	0.952124	0.04906	4.26805e-07	4.48266e-07
188	1	1	51	146	12	7658	4.36602e-18	39.9727	1.81249e-21	0.000415135
189	0	0	0	0	0	0	1	-0	0	0
190	1	1	4	4	3	1	0.970232	0.03022	2.70621e-07	2.78924e-07
191	0	0	0	0	0	0	1	-0	0	0
192	1	0	1	1	1	0	0.99374	0.00628	5.60942e-08	5.64476e-08
193	1	1	1	1	1	0	0.99374	0.00628	5.60942e-08	5.64476e-08
194	3	2	2	2	2	0	0.987519	0.01256	1.11486e-07	1.12895e-07
195	2	2	3	3	2	1	0.976344	0.02394	2.17213e-07	2.22476e-07
196	2	1	4	4	3	1	0.970232	0.03022	2.70621e-07	2.78924e-07
197	4	2	95	143	28	2499	1.18836e-06	13.6429	1.67382e-10	0.000140852
198	0	0	0	0	0	0	1	-0	0	0
199	3	2	14	14	12	2	0.90654	0.09812	8.12743e-07	8.96533e-07
200	0	0	0	0	0	0	1	-0	0	0
201	2	1	17	34	2	528	0.0546766	2.90632	1.63885e-06	2.99735e-05
202	1	1	1	1	1	0	0.99374	0.00628	5.60942e-08	5.64476e-08
203	3	3	92	131	26	1996	1.66637e-05	11.0023	1.89047e-09	0.000113449
204	2	1	11	11	7	4	0.914407	0.08948	7.62118e-07	8.33456e-07
205	2	1	3	4	3	1	0.970232	0.03022	2.70621e-07	2.78924e-07
206	2	2	1	1	1	0	0.99374	0.00628	5.60942e-08	5.64476e-08
207	0	0	0	0	0	0	1	-0	0	0
208	2	1	6	6	5	1	0.958122	0.04278	3.7541e-07	3.91819e-07
209	0	0	0	0	0	0	1	-0	0	0
210	2	2	6	6	5	1	0.958122	0.04278	3.7541e-07	3.91819e-07
211	1	1	36	60	14	827	0.0101073	4.5945	4.78357e-07	4.7328e-05
212	2	1	0	0	0	0	1	-0	0	0
213	1	0	1	1	1	0	0.99374	0.00628	5.60942e-08	5.64476e-08
214	2	2	0	0	0	0	1	-0	0	0
215	1	1	4	4	4	0	0.975193	0.02512	2.20189e-07	2.2579e-07
216	0	0	0	0	0	0	1	-0	0	0
217	1	1	46	85	13	1316	0.000713449	7.2454	5.33098e-08	7.47213e-05
218	0	0	0	0	0	0	1	-0	0	0
219	1	1	1	1	1	0	0.99374	0.00628	5.60942e-08	5.64476e-08
220	1	1	0	0	0	0	1	-0	0	0
221	3	2	89	297	18	18440	2.22424e-42	95.9092	2.21654e-45	0.000996541
222	3	1	3	3	2	1	0.976344	0.02394	2.17213e-07	2.22476e-07
223	3	0	8	8	7	1	0.946163	0.05534	4.77542e-07	5.04714e-07
224	2	1	27	34	19	28	0.700249	0.35632	2.38571e-06	3.40695e-06
225	0	0	0	0	0	0	1	-0	0	0
226	4	3	28	28	19	16	0.773028	0.25744	1.87897e-06	2.43066e-06
227	0	0	0	0	0	0	1	-0	0	0
228	3	2	38	48	12	299	0.161002	1.82634	2.99404e-06	1.85963e-05
229	2	1	21	52	9	946	0.00579268	5.15116	3.08166e-07	5.31993e-05
230	4	1	9	9	7	3	0.930698	0.07182	6.21174e-07	6.67428e-07
231	2	2	7	7	4	6	0.928152	0.07456	6.62638e-07	7.13932e-07
232	0	0	0	0	0	0	1	-0	0	0
233	2	1	3	3	2	1	0.976344	0.02394	2.17213e-07	2.22476e-07
234	0	0	0	0	0	0	1	-0	0	0
235	4	3	42	151	10	3291	1.99033e-08	17.7324	3.64997e-12	0.000183385
236	1	1	44	96	12	1509	0.00024882	8.29878	2.12983e-08	8.5597e-05
237	2	1	0	0	0	0	1	-0	0	0
238	1	1	12	12	9	4	0.908682	0.09576	8.0864e-07	8.89904e-07
239	2	2	83	229	18	11140	5.02835e-26	58.2521	3.0413e-29	0.00060483
240	1	1	28	57	8	1085	0.00276294	5.89146	1.68172e-07	6.0867e-05
241	0	0	0	0	0	0	1	-0	0	0
242	1	1	1	1	1	0	0.99374	0.00628	5.60942e-08	5.64476e-08
243	0	0	0	0	0	0	1	-0	0	0
244	1	1	68	143	14	5850	4.49583e-14	30.733	1.43373e-17	0.000318901
245	1	1	32	99	7	4278	1.79738e-10	22.4395	4.18596e-14	0.000232892
246	1	1	23	42	10	497	0.0609038	2.79846	1.75269e-06	2.8778e-05
247	1	1	59	142	9	4583	2.89613e-11	24.2651	7.2845e-15	0.000251525
248	2	1	0	0	0	0	1	-0	0	0
249	4	4	148	348	23	23810	2.06093e-54	123.616	2.64776e-57	0.00128475
250	0	0	0	0	0	0	1	-0	0	0
251	3	2	4	4	4	0	0.975193	0.02512	2.20189e-07	2.2579e-07
252	0	0	0	0	0	0	1	-0	0	0
253	2	1	17	18	11	10	0.848708	0.16404	1.31328e-06	1.54739e-06
254	1	1	0	0	0	0	1	-0	0	0
255	5	4	39	78	22	1385	0.000524356	7.55334	4.08958e-08	7.79924e-05
256	2	1	2	2	2	0	0.987519	0.01256	1.11486e-07	1.12895e-07
257	2	1	1	1	1	0	0.99374	0.00628	5.60942e-08	5.64476e-08
258	2	1	7	7	4	4	0.937667	0.06436	5.69789e-07	6.07666e-07
259	0	0	0	0	0	0	1	-0	0	0
260	3	3	5	5	4	1	0.964158	0.0365	3.23351e-07	3.35371e-07
261	0	0	0	0	0	0	1	-0	0	0
262	2	1	2	2	2	0	0.987519	0.01256	1.11486e-07	1.12895e-07
263	1	1	28	45	4	446	0.0775215	2.5572	2.03397e-06	2.62375e-05
264	4	4	23	26	9	96	0.520544	0.65288	3.41916e-06	6.56842e-06
265	1	1	16	17	11	12	0.845388	0.16796	1.35026e-06	1.59721e-06
266	2	1	4	4	4	0	0.975193	0.02512	2.20189e-07	2.2579e-07
267	1	1	61	94	20	1368	0.00051718	7.56712	4.0336e-08	7.79923e-05
268	0	0	0	0	0	0	1	-0	0	0
269	1	1	1	1	1	0	0.99374	0.00628	5.60942e-08	5.64476e-08
270	0	0	0	0	0	0	1	-0	0	0
271	1	1	5	5	3	2	0.959253	0.0416	3.72674e-07	3.88504e-07
272	1	1	4	4	4	0	0.975193	0.02512	2.20189e-07	2.2579e-07
273	1	1	54	154	13	3604	3.95803e-09	19.3475	7.92338e-13	0.000200185
274	1	1	2	2	2	0	0.987519	0.01256	1.11486e-07	1.12895e-07
275	3	1	47	111	10	2669	6.10505e-07	14.309	9.04024e-11	0.000148078
276	2	1	51	94	11	2715	5.3724e-07	14.4368	8.03511e-11	0.000149563
277	0	0	0	0	0	0	1	-0	0	0
278	4	3	4	4	4	0	0.975193	0.02512	2.20189e-07	2.2579e-07
279	0	0	0	0	0	0	1	-0	0	0
280	3	2	0	0	0	0	1	-0	0	0
281	2	1	1	1	1	0	0.99374	0.00628	5.60942e-08	5.64476e-08
282	2	1	7	8	5	6	0.922341	0.08084	7.10553e-07	7.7038e-07
283	3	3	197	433	21	23473	6.73997e-54	122.432	8.57079e-57	0.00127164
284	4	3	5	5	4	1	0.964158	0.0365	3.23351e-07	3.35371e-07
285	2	1	5	5	4	1	0.964158	0.0365	3.23351e-07	3.35371e-07
286	0	0	0	0	0	0	1	-0	0	0
287	3	1	3	3	3	0	0.981336	0.01884	1.66182e-07	1.69343e-07
288	1	1	24	34	12	193	0.301852	1.19782	3.67472e-06	1.21739e-05
289	2	1	49	126	14	3654	3.65679e-09	19.4267	7.3597e-13	0.000201261
290	1	1	49	86	10	2778	4.09684e-07	14.7079	6.24598e-11	0.000152459
291	2	1	2	2	2	0	0.987519	0.01256	1.11486e-07	1.12895e-07
292	1	1	8	8	5	3	0.936562	0.06554	5.72221e-07	6.1098e-07
293	0	0	0	0	0	0	1	-0	0	0
294	1	1	43	47	12	180	0.297256	1.21316	3.63159e-06	1.2217e-05
295	0	0	0	0	0	0	1	-0	0	0
296	1	1	205	511	15	73943	6.75812e-166	380.318	2.67464e-168	0.00395767
297	1	0	0	0	0	0	1	-0	0	0
298	1	1	2	2	2	0	0.987519	0.01256	1.11486e-07	1.12895e-07
299	1	0	0	0	0	0	1	-0	0	0
300	1	1	86	239	10	10889	1.6986e-25	57.0348	1.00567e-28	0.000592058
301	1	1	3	3	3	0	0.981336	0.01884	1.66182e-07	1.69343e-07
302	0	0	0	0	0	0	1	-0	0	0
303	4	3	158	351	32	15381	9.44687e-36	80.6474	7.90755e-39	0.000837055
304	0	0	0	0	0	0	1	-0	0	0
305	2	0	0	0	0	0	1	-0	0	0
306	1	1	0	0	0	0	1	-0	0	0
307	4	3	2	2	2	0	0.987519	0.01256	1.11486e-07	1.12895e-07
308	2	1	72	107	14	2311	3.88627e-06	12.4581	5.00671e-10	0.000128831
309	3	1	65	168	14	11039	1.23453e-25	57.3539	7.35803e-29	0.000596021
310	2	1	16	16	7	19	0.820879	0.19738	1.57009e-06	1.91269e-06
311	0	0	0	0	0	0	1	-0	0	0
312	3	2	96	272	18	25999	4.70893e-59	134.303	6.57726e-62	0.00139676
313	0	0	0	0	0	0	1	-0	0	0
314	2	1	1	1	1	0	0.99374	0.00628	5.60942e-08	5.64476e-08
315	1	1	16	16	12	5	0.881632	0.12598	1.03048e-06	1.16883e-06
316	3	2	101	225	12	11138	5.20913e-26	58.2168	3.14891e-29	0.000604498
317	1	1	66	165	20	4970	3.48275e-12	26.3832	9.52134e-16	0.000273386
318	2	1	3	3	3	0	0.981336	0.01884	1.66182e-07	1.69343e-07
319	1	1	4	4	3	1	0.970232	0.03022	2.70621e-07	2.78924e-07
320	0	0	0	0	0	0	1	-0	0	0
321	1	1	29	41	7	562	0.043995	3.12368	1.41555e-06	3.21752e-05
322	0	0	0	0	0	0	1	-0	0	0
323	1	1	51	104	11	3505	8.97682e-09	18.5286	1.72447e-12	0.000192102
324	1	1	3	3	3	0	0.981336	0.01884	1.66182e-07	1.69343e-07
325	1	1	5	5	5	0	0.969088	0.0314	2.73513e-07	2.82238e-07
326	1	0	0	0	0	0	1	-0	0	0
327	1	1	123	279	18	19402	1.84305e-44	100.702	1.92901e-47	0.00104664
328	1	1	92	208	3	10629	7.77169e-25	55.5141	4.48033e-28	0.000576494
329	0	0	0	0	0	0	1	-0	0	0
330	5	3	109	303	16	34830	1.06801e-78	179.536	1.99476e-81	0.00186773
331	0	0	0	0	0	0	1	-0	0	0
332	5	3	195	398	52	11739	8.19925e-28	62.3683	5.29833e-31	0.000646197
333	2	1	0	0	0	0	1	-0	0	0
334	2	0	1	1	1	0	0.99374	0.00628	5.60942e-08	5.64476e-08
335	3	2	9	9	9	0	0.945048	0.05652	4.80111e-07	5.08028e-07
336	4	3	18	21	10	25	0.77153	0.25938	1.93942e-06	2.51373e-06
337	2	1	2	2	2	0	0.987519	0.01256	1.11486e-07	1.12895e-07
338	0	0	0	0	0	0	1	-0	0	0
339	2	2	5	5	3	3	0.954374	0.0467	4.21487e-07	4.41638e-07
340	0	0	0	0	0	0	1	-0	0	0
341	3	3	87	184	21	4424	5.00539e-11	23.7179	1.22856e-14	0.000245448
342	1	1	2	2	2	0	0.987519	0.01256	1.11486e-07	1.12895e-07
343	2	2	1	1	1	0	0.99374	0.00628	5.60942e-08	5.64476e-08
344	1	1	32	97	12	1740	7.6123e-05	9.48316	7.45451e-09	9.79272e-05
345	0	0	0	0	0	0	1	-0	0	0
346	1	1	46	77	8	1216	0.00124931	6.68516	8.61483e-08	6.89564e-05
347	0	0	0	0	0	0	1	-0	0	0
348	1	1	3	3	3	0	0.981336	0.01884	1.66182e-07	1.69343e-07
349	1	0	0	0	0	0	1	-0	0	0
350	1	1	15	18	10	15	0.82734	0.18954	1.50001e-06	1.81305e-06
351	1	1	0	0	0	0	1	-0	0	0
352	1	1	65	143	17	5888	3.70377e-14	30.9268	1.18862e-17	0.00032092
353	1	0	0	0	0	0	1	-0	0	0
354	0	0	0	0	0	0	1	-0	0	0
355	1	0	0	0	0	0	1	-0	0	0
356	0	0	0	0	0	0	1	-0	0	0
357	2	1	58	122	14	1987	1.84608e-05	10.8999	2.07615e-09	0.000112462
358	2	1	31	55	4	585	0.0358325	3.3289	1.22502e-06	3.41875e-05
359	5	5	90	146	28	2324	2.8469e-06	12.7693	3.75002e-10	0.000131723
360	2	1	39	47	12	302	0.159556	1.83536	2.98358e-06	1.86993e-05
361	5	3	61	95	26	1185	0.0013069	6.6401	8.92942e-08	6.83254e-05
362	2	1	1	1	1	0	0.99374	0.00628	5.60942e-08	5.64476e-08
363	0	0	0	0	0	0	1	-0	0	0
364	3	0	0	0	0	0	1	-0	0	0
365	0	0	0	0	0	0	1	-0	0	0
366	2	1	212	501	18	49530	8.50157e-112	255.749	2.26139e-114	0.00265997
367	1	1	14	35	4	466	0.0745414	2.5964	1.99292e-06	2.67357e-05
368	3	1	2	2	2	0	0.987519	0.01256	1.11486e-07	1.12895e-07
369	1	0	0	0	0	0	1	-0	0	0
370	3	1	5	5	5	0	0.969088	0.0314	2.73513e-07	2.82238e-07
371	1	1	12	13	7	12	0.866893	0.14284	1.18887e-06	1.37142e-06
372	0	0	0	0	0	0	1	-0	0	0
373	1	1	87	224	14	16265	2.31042e-37	84.3582	2.0259e-40	0.000876856
374	0	0	0	0	0	0	1	-0	0	0
375	1	1	29	65	8	1292	0.000914256	6.9974	6.61164e-08	7.23172e-05
376	1	0	0	0	0	0	1	-0	0	0
377	1	1	2	2	2	0	0.987519	0.01256	1.11486e-07	1.12895e-07
378	1	1	1	1	1	0	0.99374	0.00628	5.60942e-08	5.64476e-08
379	1	1	80	187	11	11888	1.44287e-27	61.8032	9.26619e-31	0.000642203
380	1	1	2	2	2	0	0.987519	0.01256	1.11486e-07	1.12895e-07
381	0	0	0	0	0	0	1	-0	0	0
382	1	0	0	0	0	0	1	-0	0	0
383	0	0	0	0	0	0	1	-0	0	0
384	4	4	176	300	31	11552	3.9377e-27	60.7992	2.48362e-30	0.000630729
385	2	1	8	8	5	4	0.931797	0.07064	6.18819e-07	6.64114e-07
386	2	1	0	0	0	0	1	-0	0	0
387	3	1	21	24	8	65	0.617411	0.48222	2.96876e-06	4.8084e-06
388	5	3	175	422	19	27693	3.24917e-63	143.884	4.85829e-66	0.00149524
389	2	1	4	4	2	3	0.960386	0.04042	3.69931e-07	3.8519e-07
390	0	0	0	0	0	0	1	-0	0	0
391	2	2	5	5	3	3	0.954374	0.0467	4.21487e-07	4.41638e-07
392	0	0	0	0	0	0	1	-0	0	0
393	3	1	16	21	3	112	0.495058	0.70308	3.53289e-06	7.13632e-06
394	1	1	1	1	1	0	0.99374	0.00628	5.60942e-08	5.64476e-08
395	2	1	14	14	14	0	0.915834	0.08792	7.23753e-07	7.90266e-07
396	1	1	2	2	2	0	0.987519	0.01256	1.11486e-07	1.12895e-07
397	3	2	55	96	19	1562	0.000189887	8.56908	1.67885e-08	8.8413e-05
398	2	1	18	18	10	15	0.82734	0.18954	1.50001e-06	1.81305e-06
399	0	0	0	0	0	0	1	-0	0	0
400	2	1	74	178	17	4552	2.7058e-11	24.333	6.81617e-15	0.00025191
401	1	1	48	84	14	946	0.0047381	5.35212	2.60622e-07	5.50056e-05
402	1	1	30	31	15	40	0.671205	0.39868	2.60106e-06	3.8752e-06
403	1	1	1	1	1	0	0.99374	0.00628	5.60942e-08	5.64476e-08
404	1	1	16	30	4	242	0.241086	1.4226	3.50821e-06	1.45517e-05
405	1	0	2	2	1	1	0.982495	0.01766	1.63122e-07	1.66028e-07
406	0	0	0	0	0	0	1	-0	0	0
407	1	1	27	42	10	284	0.180476	1.71216	3.15122e-06	1.74606e-05
408	0	0	0	0	0	0	1	-0	0	0
409	2	1	12	12	8	7	0.894885	0.11106	9.39006e-07	1.0493e-06
410	2	1	4	4	3	1	0.970232	0.03022	2.70621e-07	2.78924e-07
411	3	1	15	47	6	821	0.0113078	4.48226	5.23274e-07	4.62754e-05
412	2	1	3	3	3	0	0.981336	0.01884	1.66182e-07	1.69343e-07
413	3	2	12	12	11	1	0.922692	0.08046	6.7403e-07	7.30504e-07
414	2	0	5	5	4	1	0.964158	0.0365	3.23351e-07	3.35371e-07
415	0	0	0	0	0	0	1	-0	0	0
416	3	1	94	257	16	23991	1.44996e-54	123.968	1.86932e-57	0.00128923
417	0	0	0	0	0	0	1	-0	0	0
418	2	1	1	1	1	0	0.99374	0.00628	5.60942e-08	5.64476e-08
419	1	0	0	0	0	0	1	-0	0	0
420	3	1	13	25	8	137	0.424986	0.8557	3.69331e-06	8.69044e-06
421	1	1	6	6	6	0	0.963021	0.03768	3.26161e-07	3.38686e-07
422	3	1	3	3	3	0	0.981336	0.01884	1.66182e-07	1.69343e-07
423	2	1	8	8	4	7	0.917649	0.08594	7.55696e-07	8.23513e-07
424	0	0	0	0	0	0	1	-0	0	0
425	3	2	119	339	18	12803	5.22436e-30	67.4242	3.65392e-33	0.0006994
426	0	0	0	0	0	0	1	-0	0	0
427	2	1	52	96	15	3085	8.03897e-08	16.3364	1.36128e-11	0.000169335
428	1	1	8	8	5	4	0.931797	0.07064	6.18819e-07	6.64114e-07
429	1	1	12	19	7	78	0.596235	0.51712	3.1105e-06	5.21689e-06
430	1	1	25	55	4	1326	0.00081853	7.108	6.02105e-08	7.35592e-05
431	1	1	41	80	9	1792	6.4969e-05	9.6416	6.47939e-09	9.97305e-05
432	1	0	0	0	0	0	1	-0	0	0
433	0	0	0	0	0	0	1	-0	0	0
434	1	1	1	1	1	0	0.99374	0.00628	5.60942e-08	5.64476e-08
435	0	0	0	0	0	0	1	-0	0	0
436	3	2	185	574	20	73214	1.87355e-164	376.996	7.34899e-167	0.0039225
437	2	1	11	11	8	3	0.919082	0.08438	7.17181e-07	7.80323e-07
438	2	1	1	1	1	0	0.99374	0.00628	5.60942e-08	5.64476e-08
439	3	1	0	0	0	0	1	-0	0	0
440	3	1	3	3	2	1	0.976344	0.02394	2.17213e-07	2.22476e-07
441	3	1	65	135	11	2441	1.67969e-06	13.2969	2.30653e-10	0.000137319
442	0	0	0	0	0	0	1	-0	0	0
443	2	1	61	161	11	8950	5.46414e-21	46.6561	2.64809e-24	0.00048463
444	0	0	0	0	0	0	1	-0	0	0
445	3	2	12	12	6	9	0.885804	0.12126	1.02361e-06	1.15557e-06
446	1	0	2	2	2	0	0.987519	0.01256	1.11486e-07	1.12895e-07
447	2	0	8	8	6	3	0.936562	0.06554	5.72221e-07	6.1098e-07
448	2	1	22	22	15	8	0.836139	0.17896	1.39377e-06	1.66691e-06
449	3	2	2	2	2	0	0.987519	0.01256	1.11486e-07	1.12895e-07
450	2	1	0	0	0	0	1	-0	0	0
451	0	0	0	0	0	0	1	-0	0	0
452	2	1	0	0	0	0	1	-0	0	0
453	0	0	0	0	0	0	1	-0	0	0
454	2	1	1	1	1	0	0.99374	0.00628	5.60942e-08	5.64476e-08
455	1	1	24	37	6	341	0.139253	1.97146	2.81389e-06	2.0207e-05
456	2	1	12	12	7	7	0.894885	0.11106	9.39006e-07	1.0493e-06
457	1	1	52	171	13	9993	2.5125e-23	52.0382	1.35829e-26	0.000540613
458	1	1	8	8	4	5	0.927057	0.07574	6.64929e-07	7.17247e-07
459	1	1	3	3	2	1	0.976344	0.02394	2.17213e-07	2.22476e-07
460	0	0	0	0	0	0	1	-0	0	0
461	1	0	0	0	0	0	1	-0	0	0
462	1	1	0	0	0	0	1	-0	0	0
463	3	2	99	204	25	13719	1.14124e-31	71.248	8.45033e-35	0.00074045
464	3	2	149	305	21	15037	7.28909e-35	78.6041	5.94921e-38	0.00081618
465	3	2	64	129	29	3035	8.43223e-08	16.2886	1.42118e-11	0.000168541
466	2	1	20	32	10	162	0.358022	1.02716	3.72841e-06	1.04139e-05
467	0	0	0	0	0	0	1	-0	0	0
468	4	4	234	532	29	34221	5.66087e-78	177.868	1.0463e-80	0.0018483
469	0	0	0	0	0	0	1	-0	0	0
470	3	3	11	11	8	3	0.919082	0.08438	7.17181e-07	7.80323e-07
471	1	1	2	2	2	0	0.987519	0.01256	1.11486e-07	1.12895e-07
472	2	1	114	241	23	9158	1.14454e-21	48.2193	5.72499e-25	0.000500198
473	2	0	0	0	0	0	1	-0	0	0
474	3	2	76	167	27	2610	5.80277e-07	14.3598	8.59416e-11	0.000148104
475	2	0	9	9	5	5	0.921254	0.08202	7.12769e-07	7.73694e-07
476	0	0	0	0	0	0	1	-0	0	0
477	4	4	31	42	14	182	0.303626	1.19196	3.65597e-06	1.2041e-05
478	0	0	0	0	0	0	1	-0	0	0
479	2	1	6	6	5	1	0.958122	0.04278	3.7541e-07	3.91819e-07
480	1	1	65	122	12	2654	6.15051e-07	14.3016	9.09674e-11	0.000147902
481	2	1	3	3	3	0	0.981336	0.01884	1.66182e-07	1.69343e-07
482	1	0	10	10	6	7	0.906196	0.0985	8.48569e-07	9.36408e-07
483	2	1	4	4	3	1	0.970232	0.03022	2.70621e-07	2.78924e-07
484	1	1	70	195	5	6565	8.45926e-16	34.7061	3.04387e-19	0.000359827
485	0	0	0	0	0	0	1	-0	0	0
486	1	1	63	184	10	15052	1.44365e-34	77.9207	1.16957e-37	0.000810147
487	0	0	0	0	0	0	1	-0	0	0
488	1	1	13	29	5	255	0.227042	1.48262	3.44785e-06	1.51859e-05
489	1	0	0	0	0	0	1	-0	0	0
490	2	1	3	3	2	1	0.976344	0.02394	2.17213e-07	2.22476e-07
491	2	1	5	6	4	3	0.948399	0.05298	4.72383e-07	4.98085e-07
492	3	3	100	261	30	9942	1.85184e-23	52.3433	1.00552e-26	0.000542983
493	3	3	43	75	6	2152	1.069e-05	11.4462	1.26758e-09	0.000118576
494	0	0	0	0	0	0	1	-0	0	0
495	2	1	6	6	4	3	0.948399	0.05298	4.72383e-07	4.98085e-07
496	0	0	0	0	0	0	1	-0	0	0
497	4	4	117	259	26	8284	8.81788e-20	43.8749	4.01016e-23	0.000454775
498	1	1	2	2	2	0	0.987519	0.01256	1.11486e-07	1.12895e-07
499	2	1	11	11	8	4	0.914407	0.08948	7.62118e-07	8.33456e-07
500	2	2	3	3	3	0	0.981336	0.01884	1.66182e-07	1.69343e-07
501	4	2	2	2	2	0	0.987519	0.01256	1.11486e-07	1.12895e-07
502	2	1	2	2	1	1	0.982495	0.01766	1.63122e-07	1.66028e-07
503	0	0	0	0	0	0	1	-0	0	0
504	2	2	164	365	15	13472	1.46336e-31	70.9994	1.07764e-34	0.000736414
505	0	0	0	0	0	0	1	-0	0	0
506	4	2	102	315	14	22838	3.60537e-52	118.452	4.43907e-55	0.00123124
507	1	1	43	64	17	366	0.103465	2.26852	2.38585e-06	2.30594e-05
508	2	2	17	24	7	111	0.488303	0.71682	3.54143e-06	7.25253e-06
509	1	1	4	4	4	0	0.975193	0.02512	2.20189e-07	2.2579e-07
510	2	1	1	1	1	0	0.99374	0.00628	5.60942e-08	5.64476e-08
511	1	1	78	136	10	2254	4.33201e-06	12.3495	5.52067e-10	0.000127439
512	0	0	0	0	0	0	1	-0	0	0
513	1	1	25	25	15	15	0.791758	0.2335	1.74835e-06	2.20819e-06
514	1	1	1	1	1	0	0.99374	0.00628	5.60942e-08	5.64476e-08
515	1	1	89	183	19	11820	2.09291e-27	61.4312	1.33604e-30	0.000638364
516	1	1	3	3	2	1	0.976344	0.02394	2.17213e-07	2.22476e-07
517	3	1	1	1	1	0	0.99374	0.00628	5.60942e-08	5.64476e-08
518	2	1	1	1	1	0	0.99374	0.00628	5.60942e-08	5.64476e-08
519	0	0	0	0	0	0	1	-0	0	0
520	4	4	84	120	31	878	0.00534604	5.2314	2.8561e-07	5.34247e-05
521	0	0	0	0	0	0	1	-0	0	0
522	3	2	181	458	27	32294	1.67041e-73	167.576	2.90942e-76	0.00174174
523	1	1	0	0	0	0	1	-0	0	0
524	2	1	4	4	3	1	0.970232	0.03022	2.70621e-07	2.78924e-07
525	2	1	1	1	1	0	0.99374	0.00628	5.60942e-08	5.64476e-08
526	4	4	165	428	36	21633	8.27397e-50	113.016	9.71025e-53	0.00117359
527	2	1	56	113	12	1827	4.41755e-05	10.0273	4.57009e-09	0.000103453
528	0	0	0	0	0	0	1	-0	0	0
529	2	1	11	11	6	9	0.891384	0.11498	9.7974e-07	1.09912e-06
530	0	0	0	0	0	0	1	-0	0	0
531	2	1	4	4	2	3	0.960386	0.04042	3.69931e-07	3.8519e-07
532	1	1	1	1	1	0	0.99374	0.00628	5.60942e-08	5.64476e-08
533	2	1	17	34	7	303	0.172248	1.75882	3.10366e-06	1.80186e-05
534	1	1	32	85	8	2708	5.89141e-07	14.3446	8.75951e-11	0.000148683
535	4	2	79	161	11	10164	1.11849e-23	52.8475	6.14199e-27	0.000549134
536	1	1	32	35	18	59	0.594105	0.5207	3.03619e-06	5.11052e-06
537	0	0	0	0	0	0	1	-0	0	0
538	1	1	4	4	2	3	0.960386	0.04042	3.69931e-07	3.8519e-07
539	0	0	0	0	0	0	1	-0	0	0
540	1	1	52	124	12	3654	3.70301e-09	19.4141	7.44854e-13	0.000201148
541	1	1	1	1	1	0	0.99374	0.00628	5.60942e-08	5.64476e-08
542	1	1	6	6	5	1	0.958122	0.04278	3.7541e-07	3.91819e-07
543	1	1	0	0	0	0	1	-0	0	0
544	4	4	169	357	43	11168	1.95122e-26	59.1988	1.19716e-29	0.000613543
545	5	1	6	7	4	4	0.937667	0.06436	5.69789e-07	6.07666e-07
546	0	0	0	0	0	0	1	-0	0	0
547	2	0	0	0	0	0	1	-0	0	0
548	0	0	0	0	0	0	1	-0	0	0
549	4	4	112	237	45	4106	1.81646e-10	22.429	4.20589e-14	0.000231543
550	2	1	4	4	4	0	0.975193	0.02512	2.20189e-07	2.2579e-07
551	3	3	83	244	15	14975	1.46679e-34	77.9048	1.18728e-37	0.000809443
552	2	2	2	2	2	0	0.987519	0.01256	1.11486e-07	1.12895e-07
553	2	0	0	0	0	0	1	-0	0	0
554	3	2	89	294	7	40758	8.37883e-92	209.712	1.82843e-94	0.0021822
555	0	0	0	0	0	0	1	-0	0	0
556	2	2	57	169	6	12415	1.09918e-28	64.3778	7.35557e-32	0.000669188
557	0	0	0	0	0	0	1	-0	0	0
558	3	1	0	0	0	0	1	-0	0	0
559	1	1	6	6	4	3	0.948399	0.05298	4.72383e-07	4.98085e-07
560	2	2	5	5	4	1	0.964158	0.0365	3.23351e-07	3.35371e-07
561	1	1	2	2	2	0	0.987519	0.01256	1.11486e-07	1.12895e-07
562	2	1	2	2	2	0	0.987519	0.01256	1.11486e-07	1.12895e-07
563	1	1	21	21	10	22	0.783425	0.24408	1.84444e-06	2.35433e-06
564	0	0	0	0	0	0	1	-0	0	0
565	1	1	48	66	20	249	0.185559	1.68438	3.14629e-06	1.69557e-05
566	0	0	0	0	0	0	1	-0	0	0
567	1	1	13	14	6	19	0.831254	0.18482	1.49609e-06	1.7998e-06
568	1	0	0	0	0	0	1	-0	0	0
569	1	1	9	10	7	3	0.924872	0.0781	6.69492e-07	7.23876e-07
570	1	1	0	0	0	0	1	-0	0	0
571	2	1	1	2	1	1	0.982495	0.01766	1.63122e-07	1.66028e-07
572	2	2	15	16	5	25	0.79614	0.22798	1.77658e-06	2.23149e-06
573	0	0	0	0	0	0	1	-0	0	0
574	4	1	6	6	5	1	0.958122	0.04278	3.7541e-07	3.91819e-07
575	1	1	10	11	6	6	0.905127	0.09968	8.50568e-07	9.39723e-07
576	2	2	17	44	2	903	0.00758472	4.88162	3.82747e-07	5.0463e-05
577	3	1	29	29	15	32	0.707994	0.34532	2.36275e-06	3.33724e-06
578	4	3	41	93	7	2105	1.21335e-05	11.3195	1.42077e-09	0.000117095
579	2	1	28	45	3	903	0.00753723	4.8879	3.80777e-07	5.05194e-05
580	0	0	0	0	0	0	1	-0	0	0
581	2	0	1	1	1	0	0.99374	0.00628	5.60942e-08	5.64476e-08
582	0	0	0	0	0	0	1	-0	0	0
583	3	1	83	196	21	4357	6.53293e-11	23.4516	1.58466e-14	0.000242565
584	1	1	55	118	12	3443	1.12788e-08	18.3003	2.13844e-12	0.000189598
585	2	1	1	1	1	0	0.99374	0.00628	5.60942e-08	5.64476e-08
586	1	1	96	163	21	3529	5.4834e-09	19.0215	1.07863e-12	0.000196708
587	3	3	6	7	6	1	0.952124	0.04906	4.26805e-07	4.48266e-07
588	1	0	1	1	1	0	0.99374	0.00628	5.60942e-08	5.64476e-08
589	0	0	0	0	0	0	1	-0	0	0
590	1	1	11	12	8	5	0.90406	0.10086	8.52562e-07	9.43037e-07
591	0	0	0	0	0	0	1	-0	0	0
592	1	1	44	93	18	1509	0.000253552	8.27994	2.16604e-08	8.54276e-05
593	1	0	0	0	0	0	1	-0	0	0
594	1	1	67	171	13	9930	3.46453e-23	51.7169	1.86137e-26	0.000537265
595	1	0	0	0	0	0	1	-0	0	0
596	1	1	14	14	8	12	0.861466	0.14912	1.23006e-06	1.42786e-06
597	1	0	1	1	1	0	0.99374	0.00628	5.60942e-08	5.64476e-08
598	0	0	0	0	0	0	1	-0	0	0
599	2	1	50	117	21	2135	8.95534e-06	11.6233	1.07503e-09	0.000120044
600	0	0	0	0	0	0	1	-0	0	0
601	5	3	47	153	7	10586	1.36698e-24	54.9494	7.80687e-28	0.000571105
602	2	1	0	0	0	0	1	-0	0	0
603	4	2	16	16	13	4	0.88614	0.12088	9.88662e-07	1.11569e-06
604	2	2	25	50	12	344	0.126388	2.0684	2.66681e-06	2.11002e-05
605	2	1	132	320	19	16505	3.71781e-38	86.1851	3.32754e-41	0.000895027
606	3	2	19	19	12	9	0.847707	0.16522	1.31454e-06	1.5507e-06
607	0	0	0	0	0	0	1	-0	0	0
608	2	2	14	31	4	327	0.155303	1.86238	2.97007e-06	1.91244e-05
609	0	0	0	0	0	0	1	-0	0	0
610	2	1	78	162	6	7302	2.42635e-17	38.2576	9.63558e-21	0.000397123
611	1	1	0	0	0	0	1	-0	0	0
612	3	2	203	633	18	36884	3.79433e-84	192.084	7.57157e-87	0.0019955
613	1	1	15	20	9	39	0.722889	0.3245	2.31407e-06	3.20115e-06
614	2	1	61	179	9	11977	9.63654e-28	62.2068	6.22984e-31	0.00064648
615	1	1	16	17	5	58	0.668606	0.40256	2.70206e-06	4.04133e-06
616	0	0	0	0	0	0	1	-0	0	0
617	1	1	0	0	0	0	1	-0	0	0
618	0	0	0	0	0	0	1	-0	0	0
619	1	1	19	30	9	192	0.311113	1.1676	3.70069e-06	1.1895e-05
620	1	1	94	212	11	13442	4.45745e-31	69.8856	3.23693e-34	0.000726183
621	1	1	26	27	12	27	0.735459	0.30726	2.17599e-06	2.95868e-06
622	1	0	0	0	0	0	1	-0	0	0
623	1	1	15	59	4	796	0.0119131	4.43012	5.43527e-07	4.56244e-05
624	1	0	0	0	0	0	1	-0	0	0
625	0	0	0	0	0	0	1	-0	0	0
626	4	1	3	3	3	0	0.981336	0.01884	1.66182e-07	1.69343e-07
627	0	0	0	0	0	0	1	-0	0	0
628	2	2	66	155	19	6440	2.05726e-15	33.8174	7.21949e-19	0.000350927
629	2	1	5	5	5	0	0.969088	0.0314	2.73513e-07	2.82238e-07
630	5	3	22	22	19	3	0.857735	0.15346	1.2019e-06	1.40125e-06
631	2	1	7	7	6	1	0.952124	0.04906	4.26805e-07	4.48266e-07
632	0	0	0	0	0	0	1	-0	0	0
633	2	1	8	8	5	4	0.931797	0.07064	6.18819e-07	6.64114e-07
634	0	0	0	0	0	0	1	-0	0	0
635	3	2	0	0	0	0	1	-0	0	0
636	1	1	4	4	3	1	0.970232	0.03022	2.70621e-07	2.78924e-07
637	2	1	0	0	0	0	1	-0	0	0
638	1	0	1	1	1	0	0.99374	0.00628	5.60942e-08	5.64476e-08
639	3	1	16	17	8	16	0.828316	0.18836	1.49904e-06	1.80974e-06
640	1	1	50	170	7	6844	2.38539e-16	35.972	8.90321e-20	0.00037324
641	0	0	0	0	0	0	1	-0	0	0
642	1	1	46	160	10	10594	1.25589e-24	55.0342	7.18273e-28	0.000571925
643	0	0	0	0	0	0	1	-0	0	0
644	1	1	8	11	5	21	0.838467	0.17618	1.45618e-06	1.73672e-06
645	1	0	0	0	0	0	1	-0	0	0
646	1	1	0	0	0	0	1	-0	0	0
647	1	1	29	129	4	7628	5.66106e-18	39.7129	2.33565e-21	0.000412582
648	1	1	8	9	5	6	0.916567	0.08712	7.57843e-07	8.26828e-07
649	1	1	22	89	7	3322	2.50819e-08	17.5011	4.55317e-12	0.000181532
650	0	0	0	0	0	0	1	-0	0	0
651	3	1	124	267	14	12490	4.05199e-29	65.3758	2.75011e-32	0.000678705
652	0	0	0	0	0	0	1	-0	0	0
653	3	2	4	4	2	3	0.960386	0.04042	3.69931e-07	3.8519e-07
654	2	1	23	38	9	221	0.255192	1.36574	3.54396e-06	1.38874e-05
655	3	3	59	132	20	1972	1.87155e-05	10.8862	2.10043e-09	0.00011223
656	2	2	95	331	11	33227	3.18197e-75	171.536	5.67709e-78	0.00178414
657	2	1	5	5	4	1	0.964158	0.0365	3.23351e-07	3.35371e-07
658	3	1	124	223	15	16938	7.51258e-39	87.7842	6.85566e-42	0.000912558
659	0	0	0	0	0	0	1	-0	0	0
660	2	2	89	296	6	16090	3.58862e-37	83.9179	3.12792e-40	0.000871622
661	0	0	0	0	0	0	1	-0	0	0
662	2	1	1	1	1	0	0.99374	0.00628	5.60942e-08	5.64476e-08
663	1	1	0	0	0	0	1	-0	0	0
664	3	2	150	338	26	16085	2.82783e-37	84.1561	2.47075e-40	0.000873727
665	1	0	0	0	0	0	1	-0	0	0
666	2	0	0	0	0	0	1	-0	0	0
667	1	1	3	3	1	3	0.966436	0.03414	3.17709e-07	3.28742e-07
668	0	0	0	0	0	0	1	-0	0	0
669	1	1	10	10	6	7	0.906196	0.0985	8.48569e-07	9.36408e-07
670	0	0	0	0	0	0	1	-0	0	0
671	1	1	22	22	10	22	0.77852	0.25036	1.87684e-06	2.41078e-06
672	1	1	0	0	0	0	1	-0	0	0
673	1	0	0	0	0	0	1	-0	0	0
674	1	1	0	0	0	0	1	-0	0	0
675	1	1	3	3	2	1	0.976344	0.02394	2.17213e-07	2.22476e-07
676	1	1	40	72	10	1468	0.000356577	7.93896	2.92621e-08	8.20638e-05
677	0	0	0	0	0	0	1	-0	0	0
678	3	3	28	32	11	83	0.535658	0.62426	3.32985e-06	6.21638e-06
679	0	0	0	0	0	0	1	-0	0	0
680	2	1	183	467	8	63945	1.24285e-143	329.052	4.25548e-146	0.00342396
681	2	1	58	146	11	7451	1.25479e-17	38.917	5.07106e-21	0.000404137
682	3	2	46	96	14	2140	9.96053e-06	11.5169	1.18654e-09	0.000119124
683	3	1	39	79	13	2019	2.05424e-05	10.793	2.29531e-09	0.000111735
684	3	2	89	222	22	10341	3.09189e-24	54.1333	1.73759e-27	0.000561982
685	2	1	23	27	9	62	0.615229	0.48576	2.96439e-06	4.81834e-06
686	0	0	0	0	0	0	1	-0	0	0
687	3	2	29	80	9	2556	1.31984e-06	13.538	1.85206e-10	0.000140324
688	1	0	0	0	0	0	1	-0	0	0
689	2	2	1	1	1	0	0.99374	0.00628	5.60942e-08	5.64476e-08
690	1	1	1	1	1	0	0.99374	0.00628	5.60942e-08	5.64476e-08
691	3	3	14	14	11	6	0.888234	0.11852	9.8511e-07	1.10907e-06
692	1	1	73	140	4	7941	1.07061e-18	41.3783	4.60185e-22	0.000429833
693	0	0	0	0	0	0	1	-0	0	0
694	2	0	0	0	0	0	1	-0	0	0
695	0	0	0	0	0	0	1	-0	0	0
696	2	2	132	368	19	23991	7.22134e-55	124.665	9.35518e-58	0.00129549
697	1	1	24	24	13	19	0.780657	0.24762	1.84569e-06	2.36427e-06
698	1	1	2	2	2	0	0.987519	0.01256	1.11486e-07	1.12895e-07
699	1	1	73	135	12	3041	7.87569e-08	16.3569	1.33255e-11	0.000169198
700	1	1	0	0	0	0	1	-0	0	0
701	1	0	0	0	0	0	1	-0	0	0
702	0	0	0	0	0	0	1	-0	0	0
703	1	1	3	3	3	0	0.981336	0.01884	1.66182e-07	1.69343e-07
704	0	0	0	0	0	0	1	-0	0	0
705	2	2	141	326	19	13410	2.56474e-31	70.4383	1.87462e-34	0.000730918
706	2	1	60	124	8	2728	4.16441e-07	14.6915	6.3277e-11	0.000151947
707	3	1	43	106	8	2352	3.17285e-06	12.6609	4.15494e-10	0.000130953
708	2	2	50	105	8	3395	1.56327e-08	17.9739	2.9126e-12	0.000186314
709	2	1	1	1	1	0	0.99374	0.00628	5.60942e-08	5.64476e-08
710	4	3	32	34	23	18	0.736888	0.30532	2.11901e-06	2.87562e-06
711	0	0	0	0	0	0	1	-0	0	0
712	3	2	0	0	0	0	1	-0	0	0
713	0	0	0	0	0	0	1	-0	0	0
714	2	1	5	5	4	1	0.964158	0.0365	3.23351e-07	3.35371e-07
715	1	0	0	0	0	0	1	-0	0	0
716	3	1	2	2	2	0	0.987519	0.01256	1.11486e-07	1.12895e-07
717	1	0	0	0	0	0	1	-0	0	0
718	2	1	0	0	0	0	1	-0	0	0
719	2	1	6	6	5	1	0.958122	0.04278	3.7541e-07	3.91819e-07
720	0	0	0	0	0	0	1	-0	0	0
721	2	1	0	0	0	0	1	-0	0	0
722	0	0	0	0	0	0	1	-0	0	0
723	2	1	6	6	5	1	0.958122	0.04278	3.7541e-07	3.91819e-07
724	1	1	28	73	10	832	0.00908037	4.70164	4.38832e-07	4.83275e-05
725	1	1	4	8	3	15	0.880963	0.12674	1.09995e-06	1.24858e-06
726	1	1	10	10	8	3	0.924872	0.0781	6.69492e-07	7.23876e-07
727	1	1	2	2	2	0	0.987519	0.01256	1.11486e-07	1.12895e-07
728	1	1	26	62	6	1437	0.000444723	7.71806	3.55121e-08	7.98522e-05
729	0	0	0	0	0	0	1	-0	0	0
730	1	1	3	3	3	0	0.981336	0.01884	1.66182e-07	1.69343e-07
731	0	0	0	0	0	0	1	-0	0	0
732	3	2	76	164	18	5217	9.94417e-13	27.6366	2.84854e-16	0.000286453
733	2	2	14	14	6	19	0.831254	0.18482	1.49609e-06	1.7998e-06
734	3	2	79	196	8	7044	7.30579e-17	37.1553	2.81517e-20	0.000385334
735	3	3	3	3	3	0	0.981336	0.01884	1.66182e-07	1.69343e-07
736	3	3	21	28	16	49	0.653286	0.42574	2.73339e-06	4.18406e-06
737	2	2	2	2	2	0	0.987519	0.01256	1.11486e-07	1.12895e-07
738	0	0	0	0	0	0	1	-0	0	0
739	4	2	4	4	3	1	0.970232	0.03022	2.70621e-07	2.78924e-07
740	0	0	0	0	0	0	1	-0	0	0
741	2	2	60	123	16	2924	1.54227e-07	15.6848	2.50317e-11	0.000162305
742	1	0	0	0	0	0	1	-0	0	0
743	2	1	4	4	3	1	0.970232	0.03022	2.70621e-07	2.78924e-07
744	2	1	91	261	9	16408	8.83175e-38	85.3199	7.82972e-41	0.000886542
745	0	0	0	0	0	0	1	-0	0	0
746	2	1	20	20	13	13	0.825389	0.1919	1.50195e-06	1.81968e-06
747	0	0	0	0	0	0	1	-0	0	0
748	4	3	112	204	30	3281	1.50149e-08	18.0142	2.79046e-12	0.000185845
749	1	1	23	47	8	640	0.0284627	3.55916	1.04339e-06	3.66583e-05
750	2	1	0	0	0	0	1	-0	0	0
751	1	1	13	21	5	94	0.542656	0.61128	3.35357e-06	6.17992e-06
752	1	0	0	0	0	0	1	-0	0	0
753	1	1	9	10	7	3	0.924872	0.0781	6.69492e-07	7.23876e-07
754	0	0	0	0	0	0	1	-0	0	0
755	1	1	103	301	16	12181	1.58249e-28	64.0134	1.0511e-31	0.000664206
756	0	0	0	0	0	0	1	-0	0	0
757	1	1	3	3	2	1	0.976344	0.02394	2.17213e-07	2.22476e-07
758	1	0	0	0	0	0	1	-0	0	0
759	3	3	50	68	15	452	0.0650734	2.73224	1.8126e-06	2.78546e-05
760	2	2	67	117	16	2784	3.27048e-07	14.9332	5.05378e-11	0.000154527
761	2	2	36	56	11	536	0.0457172	3.08528	1.44651e-06	3.16405e-05
762	2	1	18	20	7	42	0.711913	0.3398	2.39242e-06	3.36055e-06
763	0	0	0	0	0	0	1	-0	0	0
764	3	2	41	82	13	2150	1.03351e-05	11.48	1.22849e-09	0.000118865
765	0	0	0	0	0	0	1	-0	0	0
766	2	1	1	1	1	0	0.99374	0.00628	5.60942e-08	5.64476e-08
767	1	1	7	14	4	34	0.770034	0.26132	1.99962e-06	2.5968e-06
768	4	3	62	216	8	14889	2.71153e-34	77.2904	2.17815e-37	0.000803293
769	2	2	9	9	4	7	0.911905	0.09222	8.0244e-07	8.79961e-07
770	2	1	12	13	6	17	0.845066	0.16834	1.38344e-06	1.63708e-06
771	2	0	2	2	1	1	0.982495	0.01766	1.63122e-07	1.66028e-07
772	0	0	0	0	0	0	1	-0	0	0
773	2	2	43	128	8	3546	6.26404e-09	18.8884	1.22547e-12	0.000195636
774	0	0	0	0	0	0	1	-0	0	0
775	2	1	67	147	7	4381	7.86306e-11	23.2663	1.89558e-14	0.000241074
776	1	1	78	220	18	9039	2.39597e-21	47.4805	1.18047e-24	0.000492689
777	4	1	146	323	20	25260	1.48129e-57	130.854	2.01511e-60	0.00136038
778	1	1	43	115	6	4285	1.56855e-10	22.5757	3.67303e-14	0.000234167
779	2	0	0	0	0	0	1	-0	0	0
780	1	1	21	26	10	85	0.550582	0.59678	3.29466e-06	5.98396e-06
781	0	0	0	0	0	0	1	-0	0	0
782	1	1	19	57	6	1276	0.0010431	6.86556	7.40761e-08	7.10155e-05
783	0	0	0	0	0	0	1	-0	0	0
784	1	1	42	43	12	192	0.286723	1.24924	3.62097e-06	1.26288e-05
785	1	1	1	1	1	0	0.99374	0.00628	5.60942e-08	5.64476e-08
786	6	4	10	10	8	3	0.924872	0.0781	6.69492e-07	7.23876e-07
787	4	3	90	162	31	6174	7.64473e-15	32.5048	2.57772e-18	0.000337189
788	3	2	9	9	7	3	0.930698	0.07182	6.21174e-07	6.67428e-07
789	2	1	4	4	3	1	0.970232	0.03022	2.70621e-07	2.78924e-07
790	0	0	0	0	0	0	1	-0	0	0
791	5	2	47	138	14	6797	3.70625e-16	35.5313	1.36737e-19	0.000368936
792	0	0	0	0	0	0	1	-0	0	0
793	3	3	45	69	17	462	0.0614507	2.78952	1.74781e-06	2.84424e-05
794	1	1	0	0	0	0	1	-0	0	0
795	2	0	0	0	0	0	1	-0	0	0
796	3	3	12	13	9	5	0.8984	0.10714	8.97937e-07	9.99485e-07
797	4	4	138	299	27	9582	9.14802e-23	50.7459	4.81186e-26	0.000526
798	2	1	0	0	0	0	1	-0	0	0
799	0	0	0	0	0	0	1	-0	0	0
800	2	1	24	38	9	284	0.185067	1.68704	3.18959e-06	1.72348e-05
801	1	1	1	2	1	1	0.982495	0.01766	1.63122e-07	1.66028e-07
802	2	1	49	123	8	5231	1.19779e-12	27.4505	3.41231e-16	0.000284883
803	1	1	51	86	10	1962	2.62911e-05	10.5463	2.86841e-09	0.000109102
804	2	2	22	23	12	17	0.793628	0.23114	1.74722e-06	2.20156e-06
805	1	1	145	392	13	28537	5.29928e-65	148	8.15236e-68	0.00153839
806	0	0	0	0	0	0	1	-0	0	0
807	1	1	3	3	2	1	0.976344	0.02394	2.17213e-07	2.22476e-07
808	0	0	0	0	0	0	1	-0	0	0
809	1	1	48	148	4	10297	6.15892e-24	53.4441	3.42108e-27	0.000555467
810	1	1	0	0	0	0	1	-0	0	0
811	1	1	39	92	10	2721	5.27636e-07	14.4549	7.90232e-11	0.000149769
812	1	1	6	6	3	4	0.943574	0.05808	5.20116e-07	5.51218e-07
813	3	1	58	175	12	4783	8.48857e-12	25.4923	2.24111e-15	0.000264014
814	2	1	0	0	0	0	1	-0	0	0
815	0	0	0	0	0	0	1	-0	0	0
816	4	4	145	416	26	21196	8.28618e-49	110.712	9.52657e-52	0.00114969
817	0	0	0	0	0	0	1	-0	0	0
818	2	1	73	249	11	25904	8.83217e-59	133.674	1.22804e-61	0.00139042
819	1	1	16	17	8	22	0.803354	0.21896	1.70997e-06	2.12854e-06
820	5	4	97	203	42	4185	1.50307e-10	22.6183	3.5145e-14	0.000233821
821	2	1	1	1	1	0	0.99374	0.00628	5.60942e-08	5.64476e-08
822	3	2	77	184	16	4593	2.11407e-11	24.5798	5.37877e-15	0.000254427
823	2	1	58	127	13	3881	1.1418e-09	20.5907	2.43636e-13	0.000213379
824	0	0	0	0	0	0	1	-0	0	0
825	3	1	55	143	11	7761	2.63107e-18	40.4791	1.10621e-21	0.000420439
826	0	0	0	0	0	0	1	-0	0	0
827	2	1	2	2	1	1	0.982495	0.01766	1.63122e-07	1.66028e-07
828	1	1	67	257	9	17066	3.15901e-39	88.6506	2.91033e-42	0.000921278
829	3	3	44	97	13	1787	5.98984e-05	9.72286	6.01527e-09	0.000100424
830	1	1	0	0	0	0	1	-0	0	0
831	2	1	14	14	5	30	0.785904	0.24092	1.8738e-06	2.38426e-06
832	1	1	89	127	15	2228	5.23387e-06	12.1604	6.5711e-10	0.00012555
833	0	0	0	0	0	0	1	-0	0	0
834	1	1	62	134	8	4933	5.11001e-12	25.9998	1.37802e-15	0.00026967
835	0	0	0	0	0	0	1	-0	0	0
836	1	1	4	4	4	0	0.975193	0.02512	2.20189e-07	2.2579e-07
837	1	0	0	0	0	0	1	-0	0	0
838	1	1	7	8	6	3	0.936562	0.06554	5.72221e-07	6.1098e-07
839	1	1	1	1	1	0	0.99374	0.00628	5.60942e-08	5.64476e-08
840	4	4	94	217	14	5013	2.01771e-12	26.9291	5.62145e-16	0.000278606
841	2	2	14	14	7	10	0.870298	0.13892	1.15018e-06	1.3216e-06
842	0	0	0	0	0	0	1	-0	0	0
843	4	3	25	43	8	596	0.0365293	3.30964	1.24545e-06	3.40946e-05
844	0	0	0	0	0	0	1	-0	0	0
845	4	3	114	189	30	6726	3.86454e-16	35.4895	1.42231e-19	0.000368042
846	2	1	9	9	7	2	0.935457	0.06672	5.74646e-07	6.14295e-07
847	2	1	96	264	17	9601	1.03443e-22	50.623	5.43112e-26	0.000525034
848	3	0	0	0	0	0	1	-0	0	0
849	5	4	8	8	7	1	0.946163	0.05534	4.77542e-07	5.04714e-07
850	2	1	5	5	4	1	0.964158	0.0365	3.23351e-07	3.35371e-07
851	0	0	0	0	0	0	1	-0	0	0
852	2	2	51	91	13	2171	8.77521e-06	11.6436	1.05732e-09	0.000120489
853	0	0	0	0	0	0	1	-0	0	0
854	3	1	6	6	5	1	0.958122	0.04278	3.7541e-07	3.91819e-07
855	1	1	23	34	8	120	0.438007	0.82552	3.63336e-06	8.2952e-06
856	2	2	68	244	8	26804	9.25321e-61	138.233	1.33057e-63	0.00143796
857	1	0	0	0	0	0	1	-0	0	0
858	0	0	0	0	0	0	1	-0	0	0
859	1	1	5	5	4	1	0.964158	0.0365	3.23351e-07	3.35371e-07
860	0	0	0	0	0	0	1	-0	0	0
861	1	1	88	168	24	8406	8.38179e-20	43.9256	3.82311e-23	0.000456121
862	1	1	3	3	3	0	0.981336	0.01884	1.66182e-07	1.69343e-07
863	1	1	13	17	3	105	0.526102	0.64226	3.43997e-06	6.5386e-06
864	1	0	0	0	0	0	1	-0	0	0
865	1	1	0	0	0	0	1	-0	0	0
866	2	1	1	1	1	0	0.99374	0.00628	5.60942e-08	5.64476e-08
867	0	0	0	0	0	0	1	-0	0	0
868	4	3	84	159	32	5517	2.22195e-13	29.1352	6.71276e-17	0.000302111
869	0	0	0	0	0	0	1	-0	0	0
870	2	1	1	1	1	0	0.99374	0.00628	5.60942e-08	5.64476e-08
871	1	0	4	4	3	1	0.970232	0.03022	2.70621e-07	2.78924e-07
872	4	3	87	161	27	3299	1.79445e-08	17.836	3.30852e-12	0.000184374
873	2	2	62	118	17	2547	1.08847e-06	13.7307	1.54553e-10	0.000141991
874	4	4	101	372	23	47196	2.8243e-106	243.036	7.14173e-109	0.00252867
875	2	1	1	1	1	0	0.99374	0.00628	5.60942e-08	5.64476e-08
876	0	0	0	0	0	0	1	-0	0	0
877	3	3	29	36	13	178	0.321782	1.13388	3.69722e-06	1.14898e-05
878	0	0	0	0	0	0	1	-0	0	0
879	2	1	93	218	15	13075	2.78992e-30	68.0515	1.97254e-33	0.000707022
880	1	1	3	3	2	1	0.976344	0.02394	2.17213e-07	2.22476e-07
881	3	1	30	52	12	365	0.112134	2.18806	2.50383e-06	2.23289e-05
882	1	1	2	2	2	0	0.987519	0.01256	1.11486e-07	1.12895e-07
883	2	1	44	157	9	9089	2.75778e-21	47.3399	1.35625e-24	0.00049179
884	1	1	30	99	7	4187	2.85888e-10	21.9754	6.51988e-14	0.000228057
885	0	0	0	0	0	0	1	-0	0	0
886	1	1	0	0	0	0	1	-0	0	0
887	0	0	0	0	0	0	1	-0	0	0
888	1	1	27	34	15	76	0.548197	0.60112	3.2658e-06	5.95734e-06
889	1	1	53	148	10	3826	1.32475e-09	20.442	2.80373e-13	0.000211642
890	1	1	70	125	22	1664	9.40767e-05	9.2714	8.98147e-09	9.54696e-05
891	1	0	1	1	1	0	0.99374	0.00628	5.60942e-08	5.64476e-08
892	1	1	1	1	1	0	0.99374	0.00628	5.60942e-08	5.64476e-08
893	3	1	9	10	6	5	0.915486	0.0883	7.59984e-07	8.30142e-07
894	0	0	0	0	0	0	1	-0	0	0
895	2	1	2	2	2	0	0.987519	0.01256	1.11486e-07	1.12895e-07
896	0	0	0	0	0	0	1	-0	0	0
897	3	3	59	73	27	308	0.131435	2.02924	2.69255e-06	2.04857e-05
898	2	0	0	0	0	0	1	-0	0	0
899	2	0	1	1	1	0	0.99374	0.00628	5.60942e-08	5.64476e-08
900	3	3	19	21	13	15	0.811898	0.20838	1.60951e-06	1.9824e-06
901	4	4	138	326	25	11762	1.14605e-27	62.0335	7.37314e-31	0.000643355
902	2	1	29	43	11	439	0.0813544	2.50894	2.0951e-06	2.57527e-05
903	0	0	0	0	0	0	1	-0	0	0
904	2	2	11	24	5	190	0.326371	1.11972	3.73697e-06	1.14501e-05
905	0	0	0	0	0	0	1	-0	0	0
906	3	2	65	145	13	2963	1.10097e-07	16.0219	1.82342e-11	0.000165619
907	1	0	0	0	0	0	1	-0	0	0
908	2	2	31	73	13	765	0.0127792	4.35994	5.72092e-07	4.47676e-05
909	1	1	28	53	11	522	0.0500346	2.99504	1.53743e-06	3.07273e-05
910	3	2	42	86	10	2777	4.11779e-07	14.7028	6.27573e-11	0.000152405
911	1	1	7	7	2	11	0.904783	0.10006	8.86324e-07	9.79598e-07
912	0	0	0	0	0	0	1	-0	0	0
913	1	0	1	1	1	0	0.99374	0.00628	5.60942e-08	5.64476e-08
914	1	1	0	0	0	0	1	-0	0	0
915	1	1	0	0	0	0	1	-0	0	0
916	1	1	23	59	5	1485	0.000354777	7.94402	2.91745e-08	8.22332e-05
917	1	1	16	22	11	33	0.736048	0.30646	2.20464e-06	2.99524e-06
918	1	1	11	12	10	2	0.917998	0.08556	7.19378e-07	7.83638e-07
919	0	0	0	0	0	0	1	-0	0	0
920	3	2	7	8	5	3	0.936562	0.06554	5.72221e-07	6.1098e-07
921	0	0	0	0	0	0	1	-0	0	0
922	2	1	2	2	1	1	0.982495	0.01766	1.63122e-07	1.66028e-07
923	1	1	16	20	10	28	0.764602	0.2684	2.00072e-06	2.61668e-06
924	3	2	5	5	5	0	0.969088	0.0314	2.73513e-07	2.82238e-07
925	2	2	0	0	0	0	1	-0	0	0
926	3	2	1	1	1	0	0.99374	0.00628	5.60942e-08	5.64476e-08
927	2	1	0	0	0	0	1	-0	0	0
928	0	0	0	0	0	0	1	-0	0	0
929	3	2	88	167	22	2475	1.15517e-06	13.6713	1.628e-10	0.000140931
930	0	0	0	0	0	0	1	-0	0	0
931	2	1	13	13	7	12	0.866893	0.14284	1.18887e-06	1.37142e-06
932	1	1	1	1	1	0	0.99374	0.00628	5.60942e-08	5.64476e-08
933	2	2	7	7	6	1	0.952124	0.04906	4.26805e-07	4.48266e-07
934	1	0	0	0	0	0	1	-0	0	0
935	3	3	176	428	25	21656	7.35819e-50	113.133	8.6445e-53	0.00117481
936	1	1	0	0	0	0	1	-0	0	0
937	0	0	0	0	0	0	1	-0	0	0
938	1	1	2	2	2	0	0.987519	0.01256	1.11486e-07	1.12895e-07
939	0	0	0	0	0	0	1	-0	0	0
940	1	1	2	2	2	0	0.987519	0.01256	1.11486e-07	1.12895e-07
941	1	1	0	0	0	0	1	-0	0	0
942	1	0	0	0	0	0	1	-0	0	0
943	1	1	1	1	1	0	0.99374	0.00628	5.60942e-08	5.64476e-08
944	1	1	46	85	6	2854	2.79797e-07	15.0892	4.37716e-11	0.00015644
945	1	1	61	177	14	12567	4.81486e-29	65.2033	3.26311e-32	0.000677716
946	0	0	0	0	0	0	1	-0	0	0
947	2	1	23	39	11	172	0.325589	1.12212	3.6923e-06	1.13404e-05
948	0	0	0	0	0	0	1	-0	0	0
949	3	1	2	2	2	0	0.987519	0.01256	1.11486e-07	1.12895e-07
950	2	2	49	125	12	4302	1.35074e-10	22.7252	3.18281e-14	0.000235635
951	2	1	4	4	3	1	0.970232	0.03022	2.70621e-07	2.78924e-07
952	2	2	105	369	12	25321	8.12963e-58	131.454	1.11068e-60	0.00136621
953	3	2	92	235	35	10806	2.65974e-25	56.5864	1.56239e-28	0.000587423
954	3	3	126	332	14	22458	2.25034e-51	116.621	2.72742e-54	0.00121201
955	0	0	0	0	0	0	1	-0	0	0
956	2	2	1	1	1	0	0.99374	0.00628	5.60942e-08	5.64476e-08
957	0	0	0	0	0	0	1	-0	0	0
958	3	3	122	271	22	7865	6.92915e-19	41.8134	3.00164e-22	0.00043319
959	1	1	1	1	1	0	0.99374	0.00628	5.60942e-08	5.64476e-08
960	2	2	3	3	2	1	0.976344	0.02394	2.17213e-07	2.22476e-07
961	1	0	2	2	2	0	0.987519	0.01256	1.11486e-07	1.12895e-07
962	3	2	32	60	8	1049	0.00325781	5.7267	1.92613e-07	5.91236e-05
963	1	0	0	0	0	0	1	-0	0	0
964	0	0	0	0	0	0	1	-0	0	0
965	1	1	34	134	4	5131	1.86153e-12	27.0096	5.21584e-16	0.00028019
966	0	0	0	0	0	0	1	-0	0	0
967	1	1	1	1	1	0	0.99374	0.00628	5.60942e-08	5.64476e-08
968	1	1	27	28	8	173	0.347101	1.05814	3.73917e-06	1.07726e-05
969	1	1	3	3	1	3	0.966436	0.03414	3.17709e-07	3.28742e-07
970	1	0	1	1	1	0	0.99374	0.00628	5.60942e-08	5.64476e-08
971	1	1	1	1	1	0	0.99374	0.00628	5.60942e-08	5.64476e-08
972	1	1	17	17	10	12	0.845388	0.16796	1.35026e-06	1.59721e-06
973	0	0	0	0	0	0	1	-0	0	0
974	3	2	174	484	24	22057	6.69673e-51	115.53	8.03126e-54	0.00119928
975	1	1	39	72	9	850	0.0083361	4.78716	4.10365e-07	4.92274e-05
976	3	2	51	92	14	1630	0.000137655	8.89076	1.26368e-08	9.18003e-05
977	3	3	30	58	9	954	0.00535545	5.22964	2.88996e-07	5.3963e-05
978	3	2	9	11	2	37	0.772765	0.25778	1.99903e-06	2.58685e-06
979	2	1	27	52	13	383	0.102299	2.27986	2.38205e-06	2.32853e-05
980	0	0	0	0	0	0	1	-0	0	0
981	4	4	275	658	47	41177	1.00549e-93	214.135	2.23722e-96	0.00222501
982	0	0	0	0	0	0	1	-0	0	0
983	3	3	15	15	7	36	0.757448	0.2778	2.09019e-06	2.75951e-06
984	1	0	0	0	0	0	1	-0	0	0
985	2	2	67	130	9	4270	1.54103e-10	22.5934	3.60935e-14	0.000234217
986	1	0	0	0	0	0	1	-0	0	0
987	3	1	2	2	1	1	0.982495	0.01766	1.63122e-07	1.66028e-07
988	2	2	26	28	13	31	0.716097	0.33394	2.31132e-06	3.22766e-06
989	0	0	0	0	0	0	1	-0	0	0
990	2	1	0	0	0	0	1	-0	0	0
991	0	0	0	0	0	0	1	-0	0	0
992	2	2	4	4	4	0	0.975193	0.02512	2.20189e-07	2.2579e-07
993	1	1	126	256	10	15594	5.78914e-36	81.1371	4.8803e-39	0.00084301
994	1	1	0	0	0	0	1	-0	0	0
995	1	1	49	82	16	770	0.0117728	4.44196	5.3615e-07	4.55413e-05
996	1	1	28	49	6	715	0.0191736	3.95422	7.81443e-07	4.07562e-05
997	1	1	1	1	1	0	0.99374	0.00628	5.60942e-08	5.64476e-08
998	0	0	0	0	0	0	1	-0	0	0
999	1	1	4	4	4	0	0.975193	0.02512	2.20189e-07	2.2579e-07
1000	0	0	0	0	0	0	1	-0	0	0