Hist	Tr_Tot	Tr_in	DSBs	DSBt	RIFs	NComb	PSurv	lPSurv	PMut*	PMut
1	12	10	40	44	12	142	0.367688	1.00052	3.6874e-06	1.00286e-05
2	12	8	29	35	10	95	0.494455	0.7043	3.47271e-06	7.02332e-06
3	13	11	60	69	14	400	0.0843045	2.47332	2.1201e-06	2.51482e-05
4	13	9	16	20	11	31	0.752993	0.2837	2.09037e-06	2.77608e-06
5	12	9	53	61	20	153	0.312428	1.16338	3.61563e-06	1.15727e-05
6	10	9	27	32	10	60	0.602324	0.50696	3.0082e-06	4.99432e-06
7	15	12	61	72	15	420	0.0747086	2.59416	1.97083e-06	2.63802e-05
8	11	8	36	39	15	70	0.547759	0.60192	3.24316e-06	5.92078e-06
9	12	6	10	10	6	5	0.915486	0.0883	7.59984e-07	8.30142e-07
10	9	7	32	34	10	91	0.507824	0.67762	3.43002e-06	6.75434e-06
11	12	7	20	25	5	87	0.548428	0.6007	3.30909e-06	6.03378e-06
12	15	11	45	52	12	457	0.0701401	2.65726	1.90901e-06	2.72171e-05
13	10	7	15	18	3	106	0.520149	0.65364	3.45804e-06	6.64818e-06
14	13	13	27	31	15	34	0.692062	0.36808	2.46125e-06	3.5564e-06
15	13	10	44	54	16	187	0.274496	1.29282	3.56407e-06	1.29841e-05
16	5	3	5	6	2	10	0.915138	0.08868	7.96186e-07	8.70018e-07
17	12	11	37	39	14	88	0.499714	0.69372	3.43662e-06	6.87718e-06
18	12	10	56	66	18	244	0.190352	1.65888	3.17698e-06	1.669e-05
19	11	9	34	41	10	248	0.218214	1.52228	3.38043e-06	1.54914e-05
20	17	12	59	62	13	207	0.235732	1.44506	3.41772e-06	1.44983e-05
21	12	9	53	58	17	157	0.311941	1.16494	3.62347e-06	1.16159e-05
22	13	12	69	87	24	225	0.183809	1.69386	3.1001e-06	1.68659e-05
23	12	10	35	38	15	95	0.485226	0.72314	3.49007e-06	7.19266e-06
24	12	11	11	13	5	16	0.849387	0.16324	1.34539e-06	1.58395e-06
25	10	4	21	24	7	96	0.527124	0.64032	3.40286e-06	6.45553e-06
26	11	11	40	47	14	124	0.395518	0.92756	3.6552e-06	9.24155e-06
27	12	11	37	42	17	65	0.551419	0.59526	3.21172e-06	5.82446e-06
28	17	12	77	87	25	291	0.131275	2.03046	2.67443e-06	2.03727e-05
29	13	12	57	68	13	322	0.126282	2.06924	2.64526e-06	2.09473e-05
30	6	6	1	1	1	0	0.99374	0.00628	5.60942e-08	5.64476e-08
31	10	9	20	21	9	21	0.787431	0.23898	1.81203e-06	2.3012e-06
32	13	11	29	30	7	105	0.484858	0.7239	3.52609e-06	7.27241e-06
33	13	8	30	37	10	90	0.500894	0.69136	3.44142e-06	6.87055e-06
34	16	16	34	41	13	92	0.483512	0.72668	3.48254e-06	7.20261e-06
35	11	9	29	31	9	104	0.484286	0.72508	3.52353e-06	7.27573e-06
36	16	14	43	47	18	124	0.395518	0.92756	3.6552e-06	9.24155e-06
37	10	7	15	20	5	57	0.659482	0.4163	2.74183e-06	4.15754e-06
38	17	13	60	71	18	230	0.19812	1.61888	3.21518e-06	1.62284e-05
39	13	8	32	33	17	45	0.646139	0.43674	2.74853e-06	4.25376e-06
40	21	19	95	99	32	198	0.195632	1.63152	3.15137e-06	1.61087e-05
41	19	18	87	104	24	386	0.0726777	2.62172	1.91724e-06	2.638e-05
42	7	5	0	0	0	0	1	-0	0	0
43	13	10	37	49	10	215	0.245559	1.40422	3.48437e-06	1.41896e-05
44	10	8	41	46	13	104	0.440749	0.81928	3.57996e-06	8.12244e-06
45	9	8	12	13	7	9	0.880258	0.12754	1.06689e-06	1.21202e-06
46	11	7	29	38	7	220	0.256497	1.36064	3.54845e-06	1.38343e-05
47	10	7	25	31	11	64	0.593879	0.52108	3.05871e-06	5.1504e-06
48	13	12	67	80	20	405	0.0766964	2.5679	1.99677e-06	2.60348e-05
49	7	5	37	43	12	112	0.431176	0.84124	3.61246e-06	8.37817e-06
50	15	12	25	26	9	39	0.696157	0.36218	2.46428e-06	3.53983e-06
51	10	9	16	23	6	67	0.614996	0.48614	2.98778e-06	4.85822e-06
52	17	13	41	49	11	246	0.209649	1.56232	3.32015e-06	1.58367e-05
53	9	6	11	12	4	23	0.824762	0.19266	1.56658e-06	1.89943e-06
54	7	5	4	4	3	1	0.970232	0.03022	2.70621e-07	2.78924e-07
55	13	11	37	44	14	108	0.437307	0.82712	3.59557e-06	8.22208e-06
56	16	10	39	48	15	104	0.435248	0.83184	3.58441e-06	8.23534e-06
57	9	8	19	20	9	33	0.745351	0.2939	2.14836e-06	2.88235e-06
58	9	9	42	49	15	171	0.307334	1.17982	3.64243e-06	1.18517e-05
59	13	9	79	85	24	204	0.207173	1.5742	3.23961e-06	1.56372e-05
60	13	11	13	13	7	10	0.87578	0.13264	1.10799e-06	1.26515e-06
61	19	16	91	104	24	530	0.0348703	3.35612	1.18668e-06	3.40311e-05
62	10	8	32	36	10	99	0.481437	0.73098	3.51078e-06	7.2923e-06
63	16	11	53	63	18	278	0.163092	1.81344	2.98903e-06	1.83272e-05
64	11	9	48	57	16	350	0.117307	2.14296	2.55895e-06	2.18141e-05
65	11	9	43	48	10	187	0.285036	1.25514	3.60439e-06	1.26454e-05
66	11	8	40	47	12	211	0.253787	1.37126	3.51854e-06	1.38641e-05
67	11	9	42	51	9	368	0.111127	2.19708	2.49279e-06	2.24318e-05
68	12	10	13	17	7	22	0.803354	0.21896	1.70997e-06	2.12854e-06
69	11	11	61	73	19	289	0.144809	1.93234	2.82032e-06	1.94762e-05
70	12	9	9	11	4	22	0.834202	0.18128	1.4931e-06	1.78985e-06
71	17	16	32	38	16	60	0.580051	0.54464	3.09341e-06	5.333e-06
72	11	8	33	37	12	119	0.43203	0.83926	3.63398e-06	8.41141e-06
73	10	7	27	36	9	101	0.476551	0.74118	3.5258e-06	7.39857e-06
74	13	10	39	51	8	473	0.0650512	2.73258	1.82214e-06	2.80108e-05
75	11	10	23	26	12	60	0.625452	0.46928	2.91187e-06	4.65563e-06
76	6	6	9	9	3	13	0.884423	0.12282	1.06021e-06	1.19876e-06
77	13	10	36	38	11	143	0.379865	0.96794	3.70104e-06	9.74306e-06
78	9	5	2	3	1	3	0.966436	0.03414	3.17709e-07	3.28742e-07
79	12	8	39	45	6	358	0.121432	2.1084	2.6183e-06	2.15618e-05
80	15	11	52	62	17	209	0.23334	1.45526	3.40783e-06	1.46046e-05
81	6	2	0	0	0	0	1	-0	0	0
82	13	12	19	19	10	14	0.826364	0.19072	1.50098e-06	1.81637e-06
83	12	8	28	31	9	88	0.525461	0.64348	3.3764e-06	6.4256e-06
84	13	10	57	66	15	362	0.10428	2.26068	2.39423e-06	2.29598e-05
85	11	10	56	61	11	323	0.131286	2.03038	2.70518e-06	2.06053e-05
86	6	5	15	18	7	22	0.798325	0.22524	1.74433e-06	2.18499e-06
87	6	5	7	7	4	6	0.928152	0.07456	6.62638e-07	7.13932e-07
88	13	11	37	44	9	183	0.298311	1.20962	3.6415e-06	1.22071e-05
89	12	8	53	61	15	341	0.11977	2.12218	2.58245e-06	2.15617e-05
90	15	9	51	61	14	251	0.189535	1.66318	3.18035e-06	1.67797e-05
91	12	7	41	48	13	131	0.379257	0.96954	3.66739e-06	9.66993e-06
92	12	8	27	29	18	19	0.756525	0.27902	2.00215e-06	2.64651e-06
93	12	11	63	73	19	182	0.249914	1.38664	3.44654e-06	1.37909e-05
94	12	7	38	48	10	201	0.265394	1.32654	3.55343e-06	1.33893e-05
95	12	9	59	64	14	421	0.0781582	2.54902	2.03069e-06	2.59817e-05
96	15	12	83	92	22	330	0.104271	2.26076	2.36979e-06	2.27271e-05
97	17	13	55	64	13	341	0.117535	2.14102	2.55416e-06	2.17311e-05
98	14	12	44	55	16	135	0.355617	1.0339	3.65489e-06	1.02776e-05
99	15	12	79	95	20	455	0.0540903	2.9171	1.59773e-06	2.95381e-05
100	18	15	48	60	16	144	0.329164	1.1112	3.63332e-06	1.1038e-05
101	10	9	23	25	15	22	0.76399	0.2692	1.97119e-06	2.58012e-06
102	14	11	32	35	8	116	0.444236	0.8114	3.61569e-06	8.13912e-06
103	11	11	26	28	11	31	0.716097	0.33394	2.31132e-06	3.22766e-06
104	7	3	40	43	3	387	0.106061	2.24374	2.43832e-06	2.29898e-05
105	7	6	24	28	10	47	0.659984	0.41554	2.69128e-06	4.07779e-06
106	11	11	16	18	7	32	0.758631	0.27624	2.06068e-06	2.71632e-06
107	10	4	30	34	10	69	0.568121	0.56542	3.17319e-06	5.58541e-06
108	15	12	7	8	4	7	0.917649	0.08594	7.55696e-07	8.23513e-07
109	7	6	6	6	4	3	0.948399	0.05298	4.72383e-07	4.98085e-07
110	7	7	16	19	7	37	0.734901	0.30802	2.23295e-06	3.03843e-06
111	11	9	17	20	11	18	0.804608	0.2174	1.67789e-06	2.08535e-06
112	11	8	22	25	11	31	0.729716	0.3151	2.2317e-06	3.05832e-06
113	7	7	5	5	5	0	0.969088	0.0314	2.73513e-07	2.82238e-07
114	13	9	55	63	9	516	0.0484492	3.02724	1.50061e-06	3.09729e-05
115	15	10	23	23	6	74	0.593428	0.52184	3.10372e-06	5.23015e-06
116	15	14	44	46	14	210	0.256692	1.35988	3.53068e-06	1.37546e-05
117	15	13	67	74	26	158	0.280686	1.27052	3.52883e-06	1.25722e-05
118	19	15	36	41	9	258	0.207364	1.57328	3.32253e-06	1.60227e-05
119	10	9	30	32	14	53	0.624215	0.47126	2.88536e-06	4.62238e-06
120	12	9	49	58	13	339	0.123299	2.09314	2.62456e-06	2.12861e-05
121	12	10	35	43	13	110	0.435596	0.83104	3.60321e-06	8.2719e-06
122	10	8	23	24	11	30	0.738067	0.30372	2.17637e-06	2.94874e-06
123	14	10	22	26	10	43	0.682099	0.38258	2.55949e-06	3.75237e-06
124	16	11	41	50	12	163	0.318128	1.1453	3.6531e-06	1.14831e-05
125	10	9	14	16	11	15	0.837797	0.17698	1.42439e-06	1.70016e-06
126	13	12	45	50	17	125	0.386161	0.9515	3.65464e-06	9.46403e-06
127	12	7	48	64	8	324	0.12818	2.05432	2.66971e-06	2.08278e-05
128	10	9	27	30	11	99	0.499924	0.6933	3.47628e-06	6.95361e-06
129	13	9	37	43	8	282	0.181184	1.70824	3.15457e-06	1.74108e-05
130	7	6	37	47	12	162	0.325836	1.12136	3.66912e-06	1.12606e-05
131	15	12	70	78	25	222	0.197495	1.62204	3.19913e-06	1.61985e-05
132	12	10	35	38	16	55	0.595032	0.51914	3.01523e-06	5.06733e-06
133	14	11	41	50	17	93	0.454617	0.7883	3.52954e-06	7.76377e-06
134	9	7	48	53	15	122	0.384797	0.95504	3.64555e-06	9.47397e-06
135	17	15	47	53	20	92	0.448413	0.80204	3.53349e-06	7.87998e-06
136	12	8	64	75	17	294	0.139401	1.9704	2.76777e-06	1.98547e-05
137	7	5	12	12	6	10	0.881298	0.12636	1.06523e-06	1.2087e-06
138	6	5	25	29	7	181	0.331138	1.10522	3.72666e-06	1.12541e-05
139	9	7	18	23	6	76	0.587405	0.53204	3.13464e-06	5.33642e-06
140	4	3	3	7	1	21	0.859796	0.15106	1.29909e-06	1.51093e-06
141	16	11	28	34	11	213	0.272581	1.29982	3.60804e-06	1.32366e-05
142	20	18	59	68	20	208	0.22586	1.48784	3.36309e-06	1.48901e-05
143	12	12	66	77	21	253	0.169677	1.77386	3.01841e-06	1.77892e-05
144	14	12	62	71	17	273	0.159107	1.83818	2.94557e-06	1.85131e-05
145	13	9	15	16	6	46	0.715281	0.33508	2.39425e-06	3.34729e-06
146	13	10	32	35	13	51	0.618845	0.4799	2.89957e-06	4.68546e-06
147	16	12	42	48	14	150	0.344232	1.06644	3.67621e-06	1.06795e-05
148	17	15	6	6	4	3	0.948399	0.05298	4.72383e-07	4.98085e-07
149	10	9	30	33	14	100	0.488098	0.71724	3.50263e-06	7.17609e-06
150	9	7	30	40	8	189	0.29668	1.2151	3.64919e-06	1.23001e-05
151	14	9	32	36	11	98	0.483899	0.72588	3.50302e-06	7.23917e-06
152	15	13	68	76	18	322	0.120094	2.11948	2.56988e-06	2.13989e-05
153	12	10	19	22	8	44	0.695893	0.36256	2.49109e-06	3.57971e-06
154	17	14	38	40	17	42	0.627884	0.4654	2.81888e-06	4.4895e-06
155	11	8	9	10	7	4	0.920167	0.0832	7.14978e-07	7.77009e-07
156	16	10	28	34	9	66	0.576881	0.55012	3.13016e-06	5.42601e-06
157	7	4	19	20	5	42	0.711913	0.3398	2.39242e-06	3.36055e-06
158	10	10	35	48	11	154	0.337281	1.08684	3.67366e-06	1.0892e-05
159	12	10	6	6	4	3	0.948399	0.05298	4.72383e-07	4.98085e-07
160	14	10	14	16	5	66	0.64592	0.43708	2.84848e-06	4.40995e-06
161	7	4	31	38	10	162	0.344783	1.06484	3.70731e-06	1.07526e-05
162	11	9	7	8	5	4	0.931797	0.07064	6.18819e-07	6.64114e-07
163	11	9	18	18	9	17	0.818944	0.19974	1.57182e-06	1.91932e-06
164	10	7	10	12	3	45	0.737227	0.30486	2.26208e-06	3.06837e-06
165	11	6	4	4	3	1	0.970232	0.03022	2.70621e-07	2.78924e-07
166	5	5	4	4	3	1	0.970232	0.03022	2.70621e-07	2.78924e-07
167	3	2	6	8	1	28	0.824449	0.19304	1.59886e-06	1.93931e-06
168	10	4	6	6	3	6	0.933999	0.06828	6.1409e-07	6.57485e-07
169	7	7	28	31	9	76	0.558623	0.58228	3.23331e-06	5.788e-06
170	16	12	44	54	17	105	0.41702	0.87462	3.5977e-06	8.62716e-06
171	19	15	26	29	12	78	0.559943	0.57992	3.23724e-06	5.78137e-06
172	6	4	6	6	3	4	0.943574	0.05808	5.20116e-07	5.51218e-07
173	9	9	43	48	14	99	0.446489	0.80634	3.55837e-06	7.96967e-06
174	19	15	64	77	24	242	0.179468	1.71776	3.08769e-06	1.72047e-05
175	14	13	63	70	20	220	0.2098	1.5616	3.28141e-06	1.56406e-05
176	16	13	21	23	9	34	0.727719	0.31784	2.25944e-06	3.10482e-06
177	13	11	19	19	9	17	0.813817	0.20602	1.60791e-06	1.97577e-06
178	7	5	59	71	16	253	0.176192	1.73618	3.07464e-06	1.74505e-05
179	14	11	46	52	15	138	0.356878	1.03036	3.66431e-06	1.02677e-05
180	11	10	49	63	19	130	0.346927	1.05864	3.63008e-06	1.04635e-05
181	10	6	31	35	10	120	0.435265	0.8318	3.63518e-06	8.35165e-06
182	10	8	4	4	4	0	0.975193	0.02512	2.20189e-07	2.2579e-07
183	20	13	84	101	23	512	0.0389499	3.24548	1.28166e-06	3.29054e-05
184	10	6	21	24	9	34	0.723163	0.32412	2.28612e-06	3.16127e-06
185	7	5	29	34	6	197	0.295756	1.21822	3.66337e-06	1.23865e-05
186	14	11	40	46	19	78	0.503244	0.68668	3.39236e-06	6.74098e-06
187	11	9	58	66	11	281	0.157618	1.84758	2.94052e-06	1.8656e-05
188	13	11	46	51	17	144	0.348304	1.05468	3.66764e-06	1.053e-05
189	7	6	19	22	8	42	0.703027	0.35236	2.44192e-06	3.47344e-06
190	10	7	18	24	6	79	0.574865	0.55362	3.1918e-06	5.55227e-06
191	13	9	63	71	12	625	0.0264267	3.63338	9.83497e-07	3.7216e-05
192	18	9	21	21	5	95	0.539895	0.61638	3.3652e-06	6.23305e-06
193	7	6	43	47	13	162	0.325836	1.12136	3.66912e-06	1.12606e-05
194	13	8	15	15	9	8	0.873716	0.135	1.11117e-06	1.27178e-06
195	17	14	79	95	15	636	0.0214893	3.8402	8.41419e-07	3.91552e-05
196	11	8	23	26	9	44	0.678629	0.38768	2.58252e-06	3.8055e-06
197	10	9	13	16	7	37	0.748877	0.28918	2.1486e-06	2.86909e-06
198	13	9	41	44	11	169	0.320389	1.13822	3.67268e-06	1.14632e-05
199	15	12	28	36	14	58	0.593404	0.52188	3.03457e-06	5.11384e-06
200	10	9	36	45	14	113	0.423628	0.8589	3.61956e-06	8.54419e-06
201	12	9	41	47	13	140	0.364525	1.00916	3.67867e-06	1.00917e-05
202	15	14	14	14	7	14	0.852723	0.15932	1.30819e-06	1.53413e-06
203	15	11	43	47	14	243	0.215572	1.53446	3.35525e-06	1.55644e-05
204	22	18	68	79	25	235	0.183669	1.69462	3.11239e-06	1.69457e-05
205	11	7	29	31	10	48	0.644371	0.43948	2.77097e-06	4.30027e-06
206	9	7	35	38	13	88	0.502862	0.68744	3.42988e-06	6.82073e-06
207	10	9	17	20	8	31	0.752993	0.2837	2.09037e-06	2.77608e-06
208	12	10	57	62	13	237	0.202289	1.59806	3.25529e-06	1.60923e-05
209	12	10	23	29	9	97	0.508231	0.67682	3.45134e-06	6.7909e-06
210	14	10	52	66	9	374	0.098089	2.32188	2.31464e-06	2.35974e-05
211	15	14	49	59	23	96	0.423111	0.86012	3.56733e-06	8.4312e-06
212	13	12	75	81	30	154	0.27415	1.29408	3.49672e-06	1.27548e-05
213	13	9	30	34	11	68	0.571026	0.56032	3.15908e-06	5.53228e-06
214	13	10	36	38	16	112	0.444929	0.80984	3.60211e-06	8.09593e-06
215	11	9	26	28	10	73	0.578024	0.54814	3.15558e-06	5.45926e-06
216	14	14	83	95	28	325	0.104968	2.2541	2.37551e-06	2.26308e-05
217	11	7	21	26	5	115	0.47247	0.74978	3.58036e-06	7.57796e-06
218	10	7	18	21	5	73	0.604001	0.50418	3.05873e-06	5.06412e-06
219	12	9	53	62	16	299	0.147451	1.91426	2.85857e-06	1.93866e-05
220	9	8	13	13	9	10	0.87578	0.13264	1.10799e-06	1.26515e-06
221	13	8	36	38	17	66	0.56257	0.57524	3.17953e-06	5.6518e-06
222	17	10	25	31	8	117	0.453219	0.79138	3.61055e-06	7.96646e-06
223	12	9	36	42	11	181	0.305178	1.18686	3.65845e-06	1.19879e-05
224	12	8	29	31	7	94	0.509625	0.67408	3.43711e-06	6.7444e-06
225	7	6	28	31	7	215	0.274946	1.29118	3.62201e-06	1.31735e-05
226	15	12	10	11	4	22	0.834202	0.18128	1.4931e-06	1.78985e-06
227	13	8	16	17	3	48	0.70359	0.35156	2.4696e-06	3.51e-06
228	9	4	8	9	6	3	0.930698	0.07182	6.21174e-07	6.67428e-07
229	6	5	2	2	2	0	0.987519	0.01256	1.11486e-07	1.12895e-07
230	10	7	17	19	8	28	0.769419	0.26212	1.96989e-06	2.56023e-06
231	5	4	2	2	2	0	0.987519	0.01256	1.11486e-07	1.12895e-07
232	12	10	69	83	16	312	0.120943	2.11244	2.57157e-06	2.12627e-05
233	12	6	23	29	8	60	0.613779	0.48812	2.96147e-06	4.82497e-06
234	11	8	28	32	12	90	0.516872	0.65996	3.40531e-06	6.58831e-06
235	14	14	24	31	7	113	0.46256	0.77098	3.58665e-06	7.75393e-06
236	13	12	43	47	11	147	0.351741	1.04486	3.68048e-06	1.04636e-05
237	11	11	31	38	11	109	0.451789	0.79454	3.58564e-06	7.93653e-06
238	11	7	9	12	1	66	0.662351	0.41196	2.77138e-06	4.18416e-06
239	18	16	95	113	30	539	0.0314757	3.45854	1.1022e-06	3.50174e-05
240	9	6	67	79	16	295	0.135251	2.00062	2.7231e-06	2.01337e-05
241	7	6	2	2	2	0	0.987519	0.01256	1.11486e-07	1.12895e-07
242	9	5	2	2	2	0	0.987519	0.01256	1.11486e-07	1.12895e-07
243	9	5	11	11	5	12	0.87785	0.13028	1.10479e-06	1.25852e-06
244	11	9	12	14	5	21	0.822818	0.19502	1.56834e-06	1.90606e-06
245	13	10	19	22	8	33	0.736048	0.30646	2.20464e-06	2.99524e-06
246	7	7	11	13	6	17	0.845066	0.16834	1.38344e-06	1.63708e-06
247	13	10	15	20	6	28	0.764602	0.2684	2.00072e-06	2.61668e-06
248	21	17	63	69	21	149	0.303243	1.19322	3.58183e-06	1.18117e-05
249	10	8	69	80	17	355	0.0989738	2.3129	2.31382e-06	2.33781e-05
250	13	10	48	57	19	156	0.315512	1.15356	3.63037e-06	1.15063e-05
251	18	13	32	39	15	111	0.444405	0.81102	3.59934e-06	8.09924e-06
252	9	7	5	5	4	1	0.964158	0.0365	3.23351e-07	3.35371e-07
253	11	10	33	35	13	75	0.547551	0.6023	3.26376e-06	5.96066e-06
254	11	5	26	30	6	77	0.559283	0.5811	3.23527e-06	5.78468e-06
255	13	11	36	47	14	119	0.405733	0.90206	3.64181e-06	8.97589e-06
256	10	10	11	14	4	34	0.770034	0.26132	1.99962e-06	2.5968e-06
257	7	6	14	14	8	13	0.857083	0.15422	1.26934e-06	1.481e-06
258	7	5	13	13	4	25	0.811282	0.20914	1.67298e-06	2.06215e-06
259	14	9	18	22	8	30	0.747396	0.29116	2.1195e-06	2.83584e-06
260	14	13	36	39	11	111	0.444405	0.81102	3.59934e-06	8.09924e-06
261	10	10	34	37	11	122	0.42547	0.85456	3.64663e-06	8.57081e-06
262	15	11	23	24	14	25	0.75713	0.27822	2.03144e-06	2.68307e-06
263	6	3	6	7	3	7	0.92343	0.07966	7.08332e-07	7.67066e-07
264	12	9	14	15	10	8	0.873716	0.135	1.11117e-06	1.27178e-06
265	9	9	39	41	15	183	0.303984	1.19078	3.65928e-06	1.20377e-05
266	14	11	61	70	17	363	0.101175	2.2909	2.35118e-06	2.32387e-05
267	13	9	22	24	5	80	0.571941	0.55872	3.20596e-06	5.6054e-06
268	18	16	30	33	21	23	0.72286	0.32454	2.2299e-06	3.08483e-06
269	10	7	49	58	11	301	0.149667	1.89934	2.88365e-06	1.92671e-05
270	7	5	3	3	3	0	0.981336	0.01884	1.66182e-07	1.69343e-07
271	15	11	57	63	21	121	0.363222	1.01274	3.62689e-06	9.98532e-06
272	11	9	13	14	8	21	0.822818	0.19502	1.56834e-06	1.90606e-06
273	9	7	28	33	10	115	0.452151	0.79374	3.60504e-06	7.97309e-06
274	6	6	26	31	8	97	0.501887	0.68938	3.46493e-06	6.9038e-06
275	16	7	30	34	9	88	0.515654	0.66232	3.4007e-06	6.59494e-06
276	20	15	23	25	10	61	0.626191	0.4681	2.91324e-06	4.65232e-06
277	6	4	12	12	2	34	0.779767	0.24876	1.93686e-06	2.4839e-06
278	15	12	21	21	12	12	0.824416	0.19308	1.50291e-06	1.823e-06
279	20	17	98	113	31	401	0.0636256	2.75474	1.76147e-06	2.7685e-05
280	14	11	15	15	7	19	0.82605	0.1911	1.53335e-06	1.85624e-06
281	9	9	15	17	4	49	0.70001	0.35666	2.49423e-06	3.56314e-06
282	11	9	18	21	7	38	0.722036	0.32568	2.31374e-06	3.20446e-06
283	15	11	29	34	13	94	0.500114	0.69292	3.45766e-06	6.91374e-06
284	13	11	33	37	7	176	0.323046	1.12996	3.69565e-06	1.144e-05
285	7	5	42	53	10	295	0.15924	1.83734	2.97238e-06	1.8666e-05
286	9	8	26	30	8	88	0.528771	0.6372	3.36782e-06	6.36915e-06
287	12	9	31	35	12	89	0.509819	0.6737	3.41809e-06	6.70452e-06
288	14	10	19	21	7	70	0.613313	0.48888	3.00813e-06	4.90472e-06
289	9	6	34	43	9	164	0.330734	1.10644	3.68474e-06	1.11411e-05
290	7	5	16	19	8	33	0.750047	0.28762	2.11956e-06	2.8259e-06
291	6	4	20	22	6	52	0.668072	0.40336	2.67548e-06	4.00477e-06
292	10	10	41	48	11	157	0.33216	1.10214	3.67083e-06	1.10514e-05
293	5	3	1	1	1	0	0.99374	0.00628	5.60942e-08	5.64476e-08
294	13	9	43	58	9	460	0.0665208	2.71024	1.84364e-06	2.77152e-05
295	12	10	12	13	4	30	0.790856	0.23464	1.84097e-06	2.32781e-06
296	11	10	25	26	16	19	0.770913	0.26018	1.90968e-06	2.47717e-06
297	7	6	27	29	10	57	0.623242	0.47282	2.90778e-06	4.66557e-06
298	12	7	21	23	10	33	0.73144	0.31274	2.23213e-06	3.05169e-06
299	9	7	12	13	7	16	0.849387	0.16324	1.34539e-06	1.58395e-06
300	10	10	23	25	13	20	0.771823	0.259	1.90938e-06	2.47385e-06
301	9	6	26	28	11	44	0.670159	0.40024	2.62595e-06	3.91839e-06
302	11	9	3	3	2	1	0.976344	0.02394	2.17213e-07	2.22476e-07
303	18	14	59	66	20	129	0.342193	1.07238	3.62031e-06	1.05797e-05
304	16	16	51	57	21	152	0.322014	1.13316	3.63675e-06	1.12938e-05
305	13	9	34	38	12	85	0.510615	0.67214	3.40137e-06	6.66133e-06
306	15	13	49	56	16	139	0.346255	1.06058	3.65181e-06	1.05466e-05
307	16	10	96	108	20	611	0.0224977	3.79434	8.6753e-07	3.85607e-05
308	13	9	9	9	6	4	0.925964	0.07692	6.67214e-07	7.20561e-07
309	14	9	54	61	14	212	0.231244	1.46428	3.40104e-06	1.47075e-05
310	11	9	15	15	10	8	0.873716	0.135	1.11117e-06	1.27178e-06
311	11	9	13	13	7	9	0.880258	0.12754	1.06689e-06	1.21202e-06
312	13	7	25	29	10	51	0.642608	0.44222	2.79327e-06	4.34677e-06
313	10	9	75	86	22	287	0.134825	2.00378	2.71048e-06	2.01037e-05
314	7	6	17	19	9	23	0.789291	0.23662	1.81108e-06	2.29457e-06
315	13	9	22	28	7	70	0.586936	0.53284	3.11068e-06	5.29986e-06
316	15	9	46	57	14	221	0.226489	1.48506	3.38826e-06	1.496e-05
317	17	14	67	76	29	145	0.296182	1.21678	3.55251e-06	1.19943e-05
318	13	12	35	39	16	44	0.625427	0.46932	2.83901e-06	4.53932e-06
319	15	13	56	63	21	191	0.254173	1.36974	3.48335e-06	1.37046e-05
320	4	4	14	17	3	60	0.661821	0.41276	2.74497e-06	4.1476e-06
321	13	10	38	39	24	32	0.664899	0.40812	2.59425e-06	3.90172e-06
322	6	3	30	34	7	143	0.389528	0.94282	3.70724e-06	9.51727e-06
323	10	8	47	55	13	244	0.203966	1.5898	3.27756e-06	1.60691e-05
324	13	11	22	24	9	48	0.67333	0.39552	2.62944e-06	3.90514e-06
325	17	11	85	92	19	307	0.117248	2.14346	2.52144e-06	2.15051e-05
326	12	10	25	29	10	50	0.645894	0.43712	2.77324e-06	4.29364e-06
327	13	10	26	31	12	68	0.581886	0.54148	3.12062e-06	5.36293e-06
328	11	10	30	34	9	158	0.36084	1.01932	3.7218e-06	1.03143e-05
329	11	6	44	53	9	274	0.177242	1.73024	3.11063e-06	1.75502e-05
330	17	13	54	61	17	340	0.120383	2.11708	2.58926e-06	2.15086e-05
331	11	8	6	6	4	3	0.948399	0.05298	4.72383e-07	4.98085e-07
332	17	14	60	66	21	162	0.289188	1.24068	3.56658e-06	1.23331e-05
333	16	15	36	42	16	89	0.487893	0.71766	3.46387e-06	7.09965e-06
334	11	10	44	48	12	112	0.417847	0.87264	3.61872e-06	8.6604e-06
335	13	10	76	88	13	504	0.0440231	3.12304	1.39758e-06	3.17465e-05
336	13	6	27	29	11	59	0.616917	0.48302	2.94383e-06	4.77184e-06
337	15	14	66	79	20	260	0.161683	1.82212	2.95459e-06	1.8274e-05
338	11	9	8	8	6	3	0.936562	0.06554	5.72221e-07	6.1098e-07
339	11	7	5	5	5	0	0.969088	0.0314	2.73513e-07	2.82238e-07
340	20	18	103	112	32	353	0.0817851	2.50366	2.05102e-06	2.50782e-05
341	15	12	40	53	8	317	0.14234	1.94954	2.8233e-06	1.98349e-05
342	13	7	9	10	6	7	0.906196	0.0985	8.48569e-07	9.36408e-07
343	13	10	54	65	17	204	0.234899	1.4486	3.40798e-06	1.45083e-05
344	14	12	73	85	17	350	0.0983916	2.3188	2.30184e-06	2.33947e-05
345	5	3	11	12	6	7	0.894885	0.11106	9.39006e-07	1.0493e-06
346	18	13	22	25	9	65	0.613546	0.4885	2.98481e-06	4.86485e-06
347	9	9	33	36	10	178	0.321782	1.13388	3.69722e-06	1.14898e-05
348	10	9	43	46	9	188	0.28717	1.24768	3.61422e-06	1.25856e-05
349	10	8	27	33	10	77	0.548845	0.59994	3.26784e-06	5.95403e-06
350	14	9	17	21	7	34	0.736917	0.30528	2.2048e-06	2.99193e-06
351	11	11	33	36	10	88	0.509218	0.67488	3.41575e-06	6.70784e-06
352	5	4	40	47	7	291	0.168763	1.77926	3.05711e-06	1.81148e-05
353	13	12	25	25	14	28	0.740966	0.2998	2.148e-06	2.89892e-06
354	7	5	12	12	5	18	0.846064	0.16716	1.38227e-06	1.63377e-06
355	5	5	24	27	7	70	0.590633	0.52656	3.09693e-06	5.24341e-06
356	13	10	53	60	15	192	0.257689	1.356	3.5016e-06	1.35884e-05
357	12	9	9	13	5	15	0.85373	0.15814	1.3069e-06	1.53082e-06
358	7	5	6	9	4	7	0.911905	0.09222	8.0244e-07	8.79961e-07
359	16	13	43	47	15	207	0.259017	1.35086	3.536e-06	1.36516e-05
360	13	11	31	36	13	70	0.558177	0.58308	3.21032e-06	5.75144e-06
361	16	14	113	133	32	542	0.027339	3.59944	9.92563e-07	3.63057e-05
362	10	8	42	45	14	128	0.392429	0.9354	3.66575e-06	9.34119e-06
363	13	8	11	12	7	8	0.890333	0.11616	9.81536e-07	1.10244e-06
364	14	12	23	23	13	18	0.789591	0.23624	1.78029e-06	2.25469e-06
365	12	10	16	20	11	11	0.833851	0.1817	1.42874e-06	1.71342e-06
366	11	10	56	66	19	181	0.26248	1.33758	3.50218e-06	1.33427e-05
367	10	9	33	40	10	173	0.321905	1.1335	3.68579e-06	1.14499e-05
368	13	9	29	31	8	84	0.53629	0.62308	3.33201e-06	6.21306e-06
369	12	10	30	32	15	44	0.653534	0.42536	2.70837e-06	4.14418e-06
370	9	6	4	4	3	1	0.970232	0.03022	2.70621e-07	2.78924e-07
371	9	7	33	37	13	58	0.589689	0.52816	3.04886e-06	5.17029e-06
372	11	8	48	52	13	161	0.317379	1.14766	3.64659e-06	1.14897e-05
373	18	14	44	51	18	89	0.461082	0.77418	3.50776e-06	7.60768e-06
374	13	12	75	88	20	324	0.110246	2.20504	2.44554e-06	2.21825e-05
375	11	8	5	6	1	15	0.892097	0.11418	1.01314e-06	1.13568e-06
376	5	3	5	5	1	10	0.920904	0.0824	7.49219e-07	8.1357e-07
377	11	7	28	34	6	137	0.401632	0.91222	3.6944e-06	9.19847e-06
378	10	8	38	44	12	80	0.504433	0.68432	3.39703e-06	6.73435e-06
379	14	13	18	20	10	23	0.78435	0.2429	1.84402e-06	2.35102e-06
380	10	9	34	36	9	104	0.469316	0.75648	3.54707e-06	7.55797e-06
381	10	7	33	38	11	85	0.510615	0.67214	3.40137e-06	6.66133e-06
382	5	4	4	4	3	1	0.970232	0.03022	2.70621e-07	2.78924e-07
383	7	6	16	21	9	42	0.707456	0.34608	2.41737e-06	3.41699e-06
384	17	12	33	39	17	86	0.504837	0.68352	3.41821e-06	6.77091e-06
385	14	11	73	87	21	264	0.150655	1.89276	2.85313e-06	1.89381e-05
386	15	13	70	83	21	393	0.0800151	2.52554	2.04571e-06	2.55665e-05
387	17	15	45	51	17	111	0.412145	0.88638	3.61724e-06	8.77661e-06
388	16	13	40	46	16	154	0.341544	1.07428	3.68153e-06	1.07791e-05
389	20	15	45	58	19	138	0.343681	1.06804	3.6452e-06	1.06063e-05
390	15	11	24	27	6	74	0.578706	0.54696	3.15739e-06	5.45594e-06
391	10	9	20	22	8	56	0.654581	0.42376	2.76057e-06	4.21731e-06
392	18	14	71	82	26	265	0.15467	1.86646	2.89373e-06	1.8709e-05
393	15	12	24	26	9	34	0.714137	0.33668	2.3382e-06	3.27417e-06
394	9	8	36	38	8	154	0.359141	1.02404	3.70904e-06	1.03275e-05
395	17	10	51	58	20	112	0.392413	0.93544	3.61996e-06	9.22488e-06
396	14	9	29	31	10	78	0.552954	0.59248	3.25926e-06	5.89427e-06
397	16	12	18	21	7	52	0.67228	0.39708	2.65438e-06	3.94833e-06
398	11	7	12	14	5	21	0.822818	0.19502	1.56834e-06	1.90606e-06
399	7	6	12	14	6	29	0.789923	0.23582	1.84141e-06	2.33113e-06
400	14	10	21	24	10	38	0.70856	0.34452	2.39054e-06	3.3738e-06
401	13	13	57	64	27	108	0.385691	0.95272	3.6066e-06	9.35103e-06
402	17	15	24	29	12	54	0.632851	0.45752	2.85174e-06	4.50617e-06
403	14	11	18	20	12	17	0.808722	0.2123	1.6435e-06	2.03222e-06
404	13	11	67	80	23	403	0.0774827	2.5577	2.00901e-06	2.59285e-05
405	6	3	5	5	3	2	0.959253	0.0416	3.72674e-07	3.88504e-07
406	6	5	6	8	2	16	0.876481	0.13184	1.14093e-06	1.30171e-06
407	12	7	31	32	7	325	0.155913	1.85846	2.97397e-06	1.90746e-05
408	13	11	46	64	10	348	0.113413	2.17672	2.50677e-06	2.2103e-05
409	18	16	64	72	24	177	0.257983	1.35486	3.47473e-06	1.34688e-05
410	15	14	25	26	7	101	0.507438	0.67838	3.46788e-06	6.83409e-06
411	12	4	16	17	4	55	0.678915	0.38726	2.6355e-06	3.88194e-06
412	17	12	26	29	7	176	0.339691	1.07972	3.73266e-06	1.09884e-05
413	10	7	32	37	6	174	0.326358	1.11976	3.69886e-06	1.13337e-05
414	12	8	35	46	16	85	0.485595	0.72238	3.454e-06	7.11291e-06
415	9	8	28	31	12	44	0.657652	0.41908	2.68831e-06	4.08774e-06
416	13	12	45	52	11	392	0.0977092	2.32576	2.32191e-06	2.37635e-05
417	9	9	21	23	13	22	0.773647	0.25664	1.90876e-06	2.46723e-06
418	17	12	30	38	10	139	0.387694	0.94754	3.69492e-06	9.53052e-06
419	12	9	94	113	19	700	0.0138476	4.27964	6.03367e-07	4.35718e-05
420	14	11	60	64	20	175	0.274057	1.29442	3.53834e-06	1.2911e-05
421	22	18	85	97	22	316	0.108527	2.22076	2.4164e-06	2.22655e-05
422	13	10	65	75	17	495	0.0500116	2.9955	1.52708e-06	3.05345e-05
423	11	10	48	61	12	230	0.210961	1.55608	3.30449e-06	1.56639e-05
424	10	7	11	12	7	11	0.876814	0.13146	1.1064e-06	1.26184e-06
425	16	14	53	60	18	162	0.300292	1.203	3.60183e-06	1.19944e-05
426	7	3	5	5	3	3	0.954374	0.0467	4.21487e-07	4.41638e-07
427	12	9	30	34	14	46	0.638828	0.44812	2.78743e-06	4.36335e-06
428	8	8	55	61	19	156	0.307685	1.17868	3.60978e-06	1.17321e-05
429	8	5	5	5	2	6	0.939883	0.062	5.64905e-07	6.01037e-07
430	8	6	10	10	3	18	0.856758	0.1546	1.30302e-06	1.52087e-06
431	8	7	16	18	6	43	0.717243	0.33234	2.36747e-06	3.30078e-06
432	8	4	12	13	6	22	0.82379	0.19384	1.56747e-06	1.90275e-06
433	6	3	22	22	3	104	0.512446	0.66856	3.46808e-06	6.7677e-06
434	6	5	21	22	8	48	0.68184	0.38296	2.5857e-06	3.79224e-06
435	8	7	68	77	15	490	0.050663	2.98256	1.53923e-06	3.03817e-05
436	8	5	18	22	5	96	0.533786	0.62776	3.38561e-06	6.34263e-06
437	9	4	5	5	4	1	0.964158	0.0365	3.23351e-07	3.35371e-07
438	8	5	18	19	9	46	0.701931	0.35392	2.46843e-06	3.51663e-06
439	8	6	51	68	14	280	0.156447	1.85504	2.92801e-06	1.87157e-05
440	8	7	23	23	9	30	0.742717	0.29744	2.14815e-06	2.89229e-06
441	8	7	22	26	4	101	0.507438	0.67838	3.46788e-06	6.83409e-06
442	7	5	3	3	2	1	0.976344	0.02394	2.17213e-07	2.22476e-07
443	8	5	5	6	4	2	0.953248	0.04788	4.2415e-07	4.44952e-07
444	9	7	19	22	7	39	0.713866	0.33706	2.36578e-06	3.31404e-06
445	9	8	15	17	9	12	0.845388	0.16796	1.35026e-06	1.59721e-06
446	8	5	4	4	3	1	0.970232	0.03022	2.70621e-07	2.78924e-07
447	8	5	17	20	7	39	0.722889	0.3245	2.31407e-06	3.20115e-06
448	8	8	22	23	13	15	0.801765	0.22094	1.67993e-06	2.09529e-06
449	13	9	52	62	14	256	0.183607	1.69496	3.14001e-06	1.71019e-05
450	8	4	22	27	9	40	0.68828	0.37356	2.51182e-06	3.64941e-06
451	8	6	4	4	3	1	0.970232	0.03022	2.70621e-07	2.78924e-07
452	9	7	23	26	5	81	0.561929	0.57638	3.24313e-06	5.77143e-06
453	8	8	27	33	7	120	0.440767	0.81924	3.63137e-06	8.23875e-06
454	8	6	29	33	7	326	0.154148	1.86984	2.95721e-06	1.91842e-05
455	8	7	24	27	12	31	0.720608	0.32766	2.2852e-06	3.17121e-06
456	8	8	47	55	11	253	0.194816	1.6357	3.22368e-06	1.65473e-05
457	8	8	10	12	4	36	0.771854	0.25896	1.99923e-06	2.59017e-06
458	9	6	32	40	8	153	0.356472	1.0315	3.70277e-06	1.03873e-05
459	8	7	38	42	13	110	0.43834	0.82476	3.60116e-06	8.21545e-06
460	8	7	5	5	3	2	0.959253	0.0416	3.72674e-07	3.88504e-07
461	8	6	12	12	6	9	0.885804	0.12126	1.02361e-06	1.15557e-06
462	6	2	6	6	3	4	0.943574	0.05808	5.20116e-07	5.51218e-07
463	9	9	111	127	22	728	0.0109945	4.51036	5.04096e-07	4.58498e-05
464	14	10	47	54	14	196	0.262181	1.33872	3.52955e-06	1.34623e-05
465	12	8	14	20	9	29	0.760712	0.2735	2.03096e-06	2.66981e-06
466	10	7	40	47	5	313	0.150851	1.89146	2.90898e-06	1.92837e-05
467	6	3	1	1	1	0	0.99374	0.00628	5.60942e-08	5.64476e-08
468	8	5	28	33	8	110	0.463829	0.76824	3.57492e-06	7.70742e-06
469	8	7	17	19	6	35	0.742435	0.29782	2.17694e-06	2.93217e-06
470	9	9	42	50	16	110	0.416862	0.875	3.61296e-06	8.66703e-06
471	8	8	22	26	8	106	0.494662	0.70388	3.51198e-06	7.09976e-06
472	9	6	10	13	6	22	0.82379	0.19384	1.56747e-06	1.90275e-06
473	8	8	24	28	8	77	0.566352	0.56854	3.21223e-06	5.67179e-06
474	8	6	9	10	5	11	0.887897	0.1189	1.02014e-06	1.14894e-06
475	8	6	11	14	4	32	0.777929	0.25112	1.93745e-06	2.49053e-06
476	8	8	55	61	17	153	0.312428	1.16338	3.61563e-06	1.15727e-05
477	13	11	36	41	17	56	0.580956	0.54308	3.07315e-06	5.28981e-06
478	8	5	20	21	10	18	0.799571	0.22368	1.71252e-06	2.1418e-06
479	8	5	8	8	4	10	0.903716	0.10124	8.88274e-07	9.82913e-07
480	8	7	4	4	3	1	0.970232	0.03022	2.70621e-07	2.78924e-07
481	10	7	22	25	6	71	0.595056	0.5191	3.08456e-06	5.18365e-06
482	8	7	22	25	11	36	0.711343	0.3406	2.36449e-06	3.32399e-06
483	9	6	16	17	8	19	0.81574	0.20366	1.60631e-06	1.96914e-06
484	7	7	24	29	9	62	0.60755	0.49832	2.99598e-06	4.93124e-06
485	6	4	7	8	3	15	0.880963	0.12674	1.09995e-06	1.24858e-06
486	8	3	1	1	1	0	0.99374	0.00628	5.60942e-08	5.64476e-08
487	8	7	13	15	4	31	0.777012	0.2523	1.93775e-06	2.49384e-06
488	8	5	9	9	6	4	0.925964	0.07692	6.67214e-07	7.20561e-07
489	8	8	35	41	11	118	0.423467	0.85928	3.63507e-06	8.58407e-06
490	8	6	11	12	6	10	0.881298	0.12636	1.06523e-06	1.2087e-06
491	8	6	39	46	12	199	0.271504	1.30378	3.57573e-06	1.31701e-05
492	10	8	24	27	12	82	0.55557	0.58776	3.26731e-06	5.88101e-06
493	13	8	33	38	7	169	0.332691	1.10054	3.70103e-06	1.11245e-05
494	8	8	36	37	14	70	0.554682	0.58936	3.22153e-06	5.80789e-06
495	11	6	10	12	6	10	0.881298	0.12636	1.06523e-06	1.2087e-06
496	8	6	8	10	4	13	0.878886	0.1291	1.10318e-06	1.25521e-06
497	8	8	26	34	7	143	0.389528	0.94282	3.70724e-06	9.51727e-06
498	8	6	4	4	3	1	0.970232	0.03022	2.70621e-07	2.78924e-07
499	10	8	30	34	9	72	0.559495	0.58072	3.21419e-06	5.74481e-06
500	8	7	18	18	7	25	0.786203	0.24054	1.84316e-06	2.34439e-06
501	8	8	44	54	12	248	0.201107	1.60392	3.263e-06	1.62252e-05
502	8	6	25	30	12	44	0.661795	0.4128	2.66789e-06	4.03129e-06
503	8	6	8	10	4	9	0.896999	0.1087	9.35279e-07	1.04267e-06
504	3	3	7	7	4	4	0.937667	0.06436	5.69789e-07	6.07666e-07
505	8	7	5	6	5	1	0.958122	0.04278	3.7541e-07	3.91819e-07
506	9	7	1	1	1	0	0.99374	0.00628	5.60942e-08	5.64476e-08
507	8	5	7	7	5	2	0.947281	0.05416	4.74966e-07	5.014e-07
508	10	9	42	44	10	145	0.362105	1.01582	3.68913e-06	1.0188e-05
509	8	6	16	18	6	43	0.717243	0.33234	2.36747e-06	3.30078e-06
510	8	6	29	30	13	73	0.570809	0.5607	3.18064e-06	5.57215e-06
511	8	7	29	32	7	139	0.402581	0.90986	3.70046e-06	9.19184e-06
512	8	7	15	15	6	17	0.834519	0.1809	1.46039e-06	1.74998e-06
513	8	5	34	41	12	94	0.478605	0.73688	3.49806e-06	7.30887e-06
514	8	7	50	61	9	330	0.126681	2.06608	2.65743e-06	2.09773e-05
515	8	8	24	25	11	44	0.682905	0.3814	2.56024e-06	3.74905e-06
516	8	5	25	34	5	218	0.265718	1.32532	3.58779e-06	1.35023e-05
517	11	8	30	37	16	57	0.592704	0.52306	3.03296e-06	5.11715e-06
518	8	7	22	23	5	90	0.546927	0.60344	3.32547e-06	6.08028e-06
519	6	5	16	23	7	37	0.71667	0.33314	2.33937e-06	3.26422e-06
520	10	8	11	12	8	7	0.894885	0.11106	9.39006e-07	1.0493e-06
521	8	6	19	21	12	24	0.775475	0.25428	1.90813e-06	2.4606e-06
522	10	8	21	27	8	79	0.564136	0.57246	3.22776e-06	5.72161e-06
523	10	9	14	14	6	15	0.848386	0.16442	1.34661e-06	1.58726e-06
524	8	4	2	2	1	1	0.982495	0.01766	1.63122e-07	1.66028e-07
525	8	6	10	10	3	22	0.839457	0.175	1.45512e-06	1.73341e-06
526	10	10	15	17	7	38	0.740403	0.30056	2.20542e-06	2.97867e-06
527	8	6	24	28	7	114	0.468959	0.75724	3.58178e-06	7.63772e-06
528	8	7	15	16	7	21	0.812548	0.20758	1.6405e-06	2.01896e-06
529	8	6	0	0	0	0	1	-0	0	0
530	8	7	13	13	8	7	0.889283	0.11734	9.83326e-07	1.10575e-06
531	8	6	12	15	5	20	0.821848	0.1962	1.56922e-06	1.90938e-06
532	8	7	24	27	7	66	0.602806	0.50616	3.03264e-06	5.03088e-06
533	8	6	16	19	8	29	0.765505	0.26722	2.00054e-06	2.61337e-06
534	3	2	3	3	1	3	0.966436	0.03414	3.17709e-07	3.28742e-07
535	12	10	19	22	8	30	0.747396	0.29116	2.1195e-06	2.83584e-06
536	8	5	8	9	3	21	0.849065	0.16362	1.37873e-06	1.62383e-06
537	8	7	22	26	7	113	0.477314	0.73958	3.56634e-06	7.47169e-06
538	8	6	17	18	8	39	0.732025	0.31194	2.26068e-06	3.08825e-06
539	8	5	29	31	6	152	0.379129	0.96988	3.72536e-06	9.82612e-06
540	9	9	18	19	5	50	0.687757	0.37432	2.56476e-06	3.72916e-06
541	6	4	23	26	8	67	0.603518	0.50498	3.03422e-06	5.02756e-06
542	7	6	23	24	13	22	0.768803	0.26292	1.94021e-06	2.52367e-06
543	8	7	11	11	3	23	0.829958	0.18638	1.5296e-06	1.84299e-06
544	9	8	13	18	7	33	0.754772	0.28134	2.0903e-06	2.76945e-06
545	15	11	44	49	19	102	0.436957	0.82792	3.57672e-06	8.18552e-06
546	7	7	28	32	13	77	0.552302	0.59366	3.25725e-06	5.89758e-06
547	8	8	5	6	2	10	0.915138	0.08868	7.96186e-07	8.70018e-07
548	8	5	30	34	6	127	0.422646	0.86122	3.66313e-06	8.66713e-06
549	13	10	31	34	11	46	0.638828	0.44812	2.78743e-06	4.36335e-06
550	8	7	21	24	8	57	0.643123	0.44142	2.81902e-06	4.38333e-06
551	12	9	38	45	13	90	0.476351	0.7416	3.4879e-06	7.32213e-06
552	12	8	16	19	7	30	0.761611	0.27232	2.03083e-06	2.6665e-06
553	5	1	14	14	6	36	0.76222	0.27152	2.06033e-06	2.70306e-06
554	8	7	10	12	4	19	0.84176	0.17226	1.41997e-06	1.6869e-06
555	8	5	59	68	9	282	0.154859	1.86524	2.91476e-06	1.8822e-05
556	8	6	2	2	2	0	0.987519	0.01256	1.11486e-07	1.12895e-07
557	11	8	63	76	11	458	0.0600198	2.81308	1.71807e-06	2.8625e-05
558	8	8	21	21	10	19	0.795504	0.22878	1.74607e-06	2.19493e-06
559	8	7	1	1	1	0	0.99374	0.00628	5.60942e-08	5.64476e-08
560	8	5	27	33	4	407	0.101984	2.28294	2.3954e-06	2.3488e-05
561	10	9	47	54	15	120	0.386308	0.95112	3.64063e-06	9.42415e-06
562	7	7	7	7	4	6	0.928152	0.07456	6.62638e-07	7.13932e-07
563	12	10	21	24	9	44	0.687207	0.37512	2.53758e-06	3.6926e-06
564	6	4	13	15	4	34	0.765214	0.2676	2.0303e-06	2.65324e-06
565	8	6	27	30	12	76	0.562142	0.576	3.22195e-06	5.73155e-06
566	8	6	1	1	1	0	0.99374	0.00628	5.60942e-08	5.64476e-08
567	7	4	26	31	4	147	0.388921	0.94438	3.71826e-06	9.56046e-06
568	8	8	45	52	13	179	0.289541	1.23946	3.60366e-06	1.24461e-05
569	10	9	40	46	14	128	0.389972	0.94168	3.66482e-06	9.39764e-06
570	7	4	17	17	8	37	0.744189	0.29546	2.17715e-06	2.92554e-06
571	9	8	32	36	13	69	0.561031	0.57798	3.19692e-06	5.6983e-06
572	8	7	20	23	6	87	0.555359	0.58814	3.28822e-06	5.92088e-06
573	12	8	20	24	9	63	0.623741	0.47202	2.93291e-06	4.70213e-06
574	7	4	13	13	5	29	0.794899	0.22954	1.80814e-06	2.27468e-06
575	8	7	29	32	8	80	0.543916	0.60896	3.29449e-06	6.05698e-06
576	11	11	15	19	7	30	0.761611	0.27232	2.03083e-06	2.6665e-06
577	9	7	17	18	7	21	0.802406	0.22014	1.71061e-06	2.13185e-06
578	9	8	35	38	12	66	0.56257	0.57524	3.17953e-06	5.6518e-06
579	9	9	39	44	11	176	0.309153	1.17392	3.65886e-06	1.18351e-05
580	8	6	23	29	6	165	0.359292	1.02362	3.73806e-06	1.0404e-05
581	8	7	30	38	15	56	0.592005	0.52424	3.03134e-06	5.12047e-06
582	8	8	57	68	14	349	0.110037	2.20694	2.46284e-06	2.23819e-05
583	8	5	18	18	5	43	0.717243	0.33234	2.36747e-06	3.30078e-06
584	10	5	17	23	6	83	0.566805	0.56774	3.23552e-06	5.70835e-06
585	11	8	52	60	10	333	0.125544	2.0751	2.64649e-06	2.10802e-05
586	8	7	11	11	5	12	0.87785	0.13028	1.10479e-06	1.25852e-06
587	9	7	51	68	14	283	0.154071	1.87034	2.90812e-06	1.88751e-05
588	14	11	87	104	24	389	0.0715742	2.63702	1.89953e-06	2.65394e-05
589	5	4	13	16	5	28	0.784052	0.24328	1.87458e-06	2.39089e-06
590	8	5	15	20	7	61	0.646165	0.4367	2.82379e-06	4.37008e-06
591	3	1	0	0	0	0	1	-0	0	0
592	8	7	93	102	14	593	0.0256078	3.66486	9.54289e-07	3.72656e-05
593	8	6	22	25	7	62	0.623005	0.4732	2.93152e-06	4.70545e-06
594	8	6	20	22	8	41	0.706622	0.34726	2.41686e-06	3.42031e-06
595	8	7	59	69	12	412	0.0792998	2.53452	2.04481e-06	2.57858e-05
596	8	7	43	50	14	147	0.345176	1.0637	3.67025e-06	1.0633e-05
597	8	5	7	8	2	16	0.876481	0.13184	1.14093e-06	1.30171e-06
598	7	6	34	43	10	197	0.279504	1.27474	3.60406e-06	1.28945e-05
599	13	12	62	75	22	190	0.236928	1.44	3.39491e-06	1.43289e-05
600	9	7	28	34	12	80	0.537127	0.62152	3.31401e-06	6.16987e-06
601	13	11	25	28	6	110	0.478624	0.73684	3.55387e-06	7.42518e-06
602	9	7	9	11	6	7	0.900523	0.10478	8.94089e-07	9.92856e-07
603	8	7	31	35	8	90	0.507225	0.6788	3.42765e-06	6.75765e-06
604	8	6	3	3	2	1	0.976344	0.02394	2.17213e-07	2.22476e-07
605	10	8	30	35	9	68	0.567451	0.5666	3.17133e-06	5.58872e-06
606	7	5	23	27	8	76	0.572834	0.55716	3.18622e-06	5.56221e-06
607	11	10	62	74	19	266	0.161812	1.82132	2.96287e-06	1.83106e-05
608	13	10	32	36	12	82	0.52504	0.64428	3.3545e-06	6.38904e-06
609	7	7	21	24	8	38	0.70856	0.34452	2.39054e-06	3.3738e-06
610	5	3	4	4	2	3	0.960386	0.04042	3.69931e-07	3.8519e-07
611	9	8	9	10	5	6	0.910829	0.0934	8.04513e-07	8.83275e-07
612	8	5	27	32	9	197	0.299494	1.20566	3.67586e-06	1.22736e-05
613	10	7	12	12	7	7	0.894885	0.11106	9.39006e-07	1.0493e-06
614	8	8	22	30	11	50	0.64185	0.4434	2.79211e-06	4.35009e-06
615	8	4	24	26	9	64	0.612822	0.48968	2.98332e-06	4.86816e-06
616	8	6	16	18	4	46	0.706353	0.34764	2.44411e-06	3.46018e-06
617	11	11	30	31	12	68	0.581886	0.54148	3.12062e-06	5.36293e-06
618	7	7	14	14	6	23	0.814468	0.20522	1.63898e-06	2.01233e-06
619	8	7	32	37	13	82	0.521754	0.65056	3.36295e-06	6.44548e-06
620	9	7	16	21	7	52	0.67228	0.39708	2.65438e-06	3.94833e-06
621	8	7	49	59	12	298	0.151023	1.89032	2.89423e-06	1.91641e-05
622	7	5	28	32	11	50	0.633839	0.45596	2.82881e-06	4.46298e-06
623	9	7	55	60	20	148	0.322517	1.1316	3.6285e-06	1.12506e-05
624	2	1	0	0	0	0	1	-0	0	0
625	9	9	28	33	13	45	0.646139	0.43674	2.74853e-06	4.25376e-06
626	7	4	31	35	8	221	0.260045	1.3469	3.56733e-06	1.37181e-05
627	8	6	25	28	8	69	0.589937	0.52774	3.09523e-06	5.24672e-06
628	10	8	17	18	3	84	0.58191	0.54144	3.18843e-06	5.47925e-06
629	8	6	5	5	5	0	0.969088	0.0314	2.73513e-07	2.82238e-07
630	15	10	27	30	11	51	0.638585	0.4485	2.81183e-06	4.40322e-06
631	9	5	2	2	2	0	0.987519	0.01256	1.11486e-07	1.12895e-07
632	6	6	8	8	2	12	0.894545	0.11144	9.7432e-07	1.08918e-06
633	8	6	37	45	11	116	0.417196	0.8742	3.6311e-06	8.70359e-06
634	11	8	12	13	4	30	0.790856	0.23464	1.84097e-06	2.32781e-06
635	12	9	13	13	7	10	0.87578	0.13264	1.10799e-06	1.26515e-06
636	10	8	58	70	14	259	0.171959	1.7605	3.04588e-06	1.77128e-05
637	10	9	66	75	17	230	0.193206	1.644	3.17905e-06	1.64542e-05
638	8	6	21	27	6	145	0.402903	0.90906	3.71815e-06	9.2284e-06
639	8	6	20	25	4	96	0.523824	0.6466	3.41113e-06	6.51198e-06
640	11	9	31	35	10	94	0.496983	0.6992	3.46406e-06	6.97019e-06
641	8	6	18	20	7	36	0.734034	0.3092	2.23275e-06	3.04175e-06
642	11	9	7	8	3	15	0.880963	0.12674	1.09995e-06	1.24858e-06
643	6	5	17	21	10	23	0.77944	0.24918	1.87647e-06	2.40746e-06
644	11	7	26	26	13	22	0.759208	0.27548	2.0017e-06	2.63657e-06
645	8	7	27	33	5	253	0.22368	1.49754	3.42352e-06	1.53055e-05
646	10	7	14	17	8	22	0.803354	0.21896	1.70997e-06	2.12854e-06
647	8	5	0	0	0	0	1	-0	0	0
648	8	8	85	101	12	650	0.0192686	3.94928	7.75325e-07	4.02378e-05
649	8	6	21	23	7	55	0.653809	0.42494	2.75948e-06	4.22062e-06
650	8	7	5	5	1	10	0.920904	0.0824	7.49219e-07	8.1357e-07
651	8	7	13	16	9	14	0.84208	0.17188	1.38693e-06	1.64703e-06
652	8	6	38	46	10	265	0.193906	1.64038	3.23375e-06	1.66769e-05
653	13	11	26	31	11	62	0.599967	0.51088	3.02632e-06	5.04413e-06
654	11	10	48	54	15	294	0.159053	1.83852	2.96941e-06	1.86693e-05
655	8	7	26	29	12	38	0.686657	0.37592	2.51045e-06	3.65604e-06
656	13	12	35	39	15	74	0.536698	0.62232	3.29174e-06	6.13331e-06
657	12	12	25	27	15	37	0.698891	0.35826	2.43914e-06	3.49001e-06
658	15	11	39	44	21	38	0.624927	0.47012	2.8139e-06	4.50276e-06
659	8	6	13	15	7	11	0.86045	0.1503	1.23146e-06	1.43118e-06
660	8	5	29	36	10	76	0.541355	0.61368	3.28615e-06	6.07024e-06
661	11	6	51	59	17	189	0.263311	1.33442	3.52115e-06	1.33726e-05
662	10	7	105	126	20	1049	0.00215238	6.14118	1.35275e-07	6.28491e-05
663	13	9	27	36	10	103	0.471715	0.75138	3.54014e-06	7.50483e-06
664	19	15	40	47	12	157	0.334252	1.09586	3.67508e-06	1.09949e-05
665	8	8	37	41	12	109	0.443357	0.81338	3.59379e-06	8.10587e-06
666	6	5	22	23	8	48	0.677572	0.38924	2.60776e-06	3.84869e-06
667	7	4	13	13	2	38	0.759238	0.27544	2.09009e-06	2.75288e-06
668	7	6	8	9	5	5	0.921254	0.08202	7.12769e-07	7.73694e-07
669	11	11	26	28	16	22	0.749732	0.28804	2.06136e-06	2.74946e-06
670	9	6	20	21	9	23	0.77944	0.24918	1.87647e-06	2.40746e-06
671	8	5	25	29	11	40	0.679689	0.38612	2.5572e-06	3.76231e-06
672	8	6	63	73	12	344	0.10939	2.21284	2.45016e-06	2.23985e-05
673	8	7	22	25	9	68	0.60423	0.5038	3.0358e-06	5.02425e-06
674	8	6	23	25	4	85	0.55405	0.5905	3.28414e-06	5.92751e-06
675	8	6	20	22	6	59	0.644642	0.43906	2.82141e-06	4.37671e-06
676	8	7	30	32	18	30	0.701903	0.35396	2.38669e-06	3.40032e-06
677	6	5	4	4	3	1	0.970232	0.03022	2.70621e-07	2.78924e-07
678	11	8	29	38	4	406	0.0993367	2.30924	2.35598e-06	2.37171e-05
679	11	9	45	58	14	302	0.148906	1.90444	2.87689e-06	1.93202e-05
680	9	7	18	20	6	48	0.690458	0.3704	2.54043e-06	3.67935e-06
681	8	7	24	28	5	196	0.308683	1.17544	3.70254e-06	1.19946e-05
682	12	8	16	19	11	29	0.765505	0.26722	2.00054e-06	2.61337e-06
683	8	7	26	27	10	77	0.56992	0.56226	3.20029e-06	5.61534e-06
684	8	6	40	46	9	217	0.247689	1.39558	3.49898e-06	1.41265e-05
685	12	10	35	48	8	275	0.181965	1.70394	3.15184e-06	1.73211e-05
686	8	7	49	60	19	255	0.186878	1.6773	3.16493e-06	1.69358e-05
687	11	10	16	20	5	84	0.574647	0.554	3.2135e-06	5.59214e-06
688	11	9	37	41	14	84	0.503647	0.68588	3.41349e-06	6.77754e-06
689	8	8	19	21	8	28	0.759815	0.27468	2.03108e-06	2.67313e-06
690	10	6	20	23	6	68	0.611867	0.49124	3.0051e-06	4.91135e-06
691	12	9	28	30	12	35	0.692879	0.3669	2.46186e-06	3.55309e-06
692	12	11	30	33	12	71	0.565899	0.56934	3.18897e-06	5.63523e-06
693	8	6	33	35	13	87	0.515046	0.6635	3.3984e-06	6.59825e-06
694	9	9	20	22	7	106	0.507246	0.67876	3.48679e-06	6.87397e-06
695	6	4	0	0	0	0	1	-0	0	0
696	12	10	5	5	3	3	0.954374	0.0467	4.21487e-07	4.41638e-07
697	11	9	15	19	7	33	0.750047	0.28762	2.11956e-06	2.8259e-06
698	11	8	10	12	5	17	0.85039	0.16206	1.34416e-06	1.58064e-06
699	9	7	12	14	5	45	0.728025	0.31742	2.31604e-06	3.18126e-06
700	8	7	22	25	7	80	0.56836	0.565	3.21797e-06	5.66185e-06
701	9	7	16	21	6	64	0.63237	0.45828	2.9e-06	4.58592e-06
702	8	6	15	17	2	120	0.487356	0.71876	3.57505e-06	7.33559e-06
703	8	8	13	13	9	6	0.89383	0.11224	9.40861e-07	1.05262e-06
704	7	5	15	16	6	39	0.741278	0.29938	2.20557e-06	2.97536e-06
705	8	7	39	55	4	856	0.00899578	4.711	4.37075e-07	4.85866e-05
706	10	9	44	50	13	178	0.294699	1.2218	3.61893e-06	1.22801e-05
707	9	5	17	18	6	31	0.76251	0.27114	2.03071e-06	2.66319e-06
708	12	9	25	28	10	78	0.563471	0.57364	3.22583e-06	5.72492e-06
709	10	6	11	12	4	29	0.799907	0.22326	1.77438e-06	2.21823e-06
710	12	8	47	58	9	277	0.169155	1.77694	3.04341e-06	1.79919e-05
711	6	6	10	11	5	8	0.895942	0.10988	9.37145e-07	1.04599e-06
712	12	10	27	30	10	73	0.570809	0.5607	3.18064e-06	5.57215e-06
713	8	6	0	0	0	0	1	-0	0	0
714	12	5	4	5	4	1	0.964158	0.0365	3.23351e-07	3.35371e-07
715	8	6	11	11	7	5	0.909755	0.09458	8.06579e-07	8.8659e-07
716	10	7	7	7	5	2	0.947281	0.05416	4.74966e-07	5.014e-07
717	9	7	43	49	8	366	0.113685	2.17432	2.52526e-06	2.22127e-05
718	10	8	17	21	8	35	0.733168	0.31038	2.23254e-06	3.04506e-06
719	8	6	24	27	8	64	0.608986	0.49596	2.99902e-06	4.92461e-06
720	12	9	50	66	13	291	0.149781	1.89858	2.8739e-06	1.91873e-05
721	13	12	39	48	15	136	0.369709	0.99504	3.67328e-06	9.9356e-06
722	13	10	9	10	6	10	0.892436	0.1138	9.77939e-07	1.09581e-06
723	8	8	45	53	9	300	0.155231	1.86284	2.93879e-06	1.89317e-05
724	7	6	2	2	2	0	0.987519	0.01256	1.11486e-07	1.12895e-07
725	11	9	20	22	5	111	0.494474	0.70426	3.53037e-06	7.13963e-06
726	11	10	45	51	13	125	0.383744	0.95778	3.65342e-06	9.52048e-06
727	8	6	22	26	8	53	0.648184	0.43358	2.77663e-06	4.2837e-06
728	9	7	42	53	14	202	0.255882	1.36304	3.51188e-06	1.37246e-05
729	9	7	27	33	9	124	0.431866	0.83964	3.64982e-06	8.45129e-06
730	5	3	17	19	8	24	0.785276	0.24172	1.84359e-06	2.3477e-06
731	7	6	12	13	7	10	0.87578	0.13264	1.10799e-06	1.26515e-06
732	13	11	43	50	17	122	0.392115	0.9362	3.64849e-06	9.30463e-06
733	8	5	11	11	5	12	0.87785	0.13028	1.10479e-06	1.25852e-06
734	10	9	38	41	12	71	0.53817	0.61958	3.27574e-06	6.08681e-06
735	11	11	51	65	16	227	0.2089	1.5659	3.28606e-06	1.57303e-05
736	9	7	45	52	12	271	0.181108	1.70866	3.1394e-06	1.73344e-05
737	9	8	12	15	6	45	0.723467	0.3237	2.34238e-06	3.23771e-06
738	8	7	35	39	14	107	0.453563	0.79062	3.57712e-06	7.88671e-06
739	9	8	28	32	7	112	0.462014	0.77216	3.58395e-06	7.75724e-06
740	8	7	47	54	15	141	0.347073	1.05822	3.65813e-06	1.054e-05
741	13	12	16	18	8	15	0.82734	0.18954	1.50001e-06	1.81305e-06
742	8	7	22	24	12	24	0.761001	0.27312	2.00139e-06	2.62994e-06
743	8	6	44	45	7	222	0.242974	1.4148	3.48321e-06	1.43357e-05
744	8	5	14	17	4	45	0.714437	0.33626	2.3938e-06	3.3506e-06
745	5	4	4	4	2	2	0.965296	0.03532	3.20533e-07	3.32057e-07
746	6	6	17	17	9	13	0.841087	0.17306	1.38808e-06	1.65034e-06
747	8	6	18	20	7	34	0.741559	0.299	2.17683e-06	2.93548e-06
748	12	9	33	35	8	119	0.437491	0.8267	3.63052e-06	8.29852e-06
749	13	11	41	44	11	136	0.379113	0.96992	3.68112e-06	9.70981e-06
750	15	12	17	18	8	21	0.802406	0.22014	1.71061e-06	2.13185e-06
751	6	5	10	13	4	45	0.732611	0.31114	2.28927e-06	3.12481e-06
752	8	7	13	14	4	28	0.793962	0.23072	1.80864e-06	2.278e-06
753	9	5	23	25	7	83	0.55973	0.5803	3.25833e-06	5.82125e-06
754	8	5	26	33	4	211	0.27711	1.28334	3.6229e-06	1.30739e-05
755	10	9	19	20	9	27	0.768511	0.2633	1.97012e-06	2.56355e-06
756	11	11	67	77	20	219	0.201804	1.60046	3.22535e-06	1.59826e-05
757	6	4	61	68	12	758	0.0136661	4.29284	6.02856e-07	4.41134e-05
758	6	4	10	10	4	21	0.843749	0.1699	1.41773e-06	1.68027e-06
759	12	9	47	51	15	179	0.291365	1.23318	3.60991e-06	1.23897e-05
760	10	10	23	24	13	21	0.772734	0.25782	1.90907e-06	2.47054e-06
761	13	9	26	34	7	136	0.403685	0.90712	3.69184e-06	9.14533e-06
762	12	9	41	48	12	223	0.237226	1.43874	3.45359e-06	1.45582e-05
763	8	7	19	24	7	57	0.643123	0.44142	2.81902e-06	4.38333e-06
764	11	8	19	24	4	146	0.408477	0.89532	3.72212e-06	9.11219e-06
765	8	5	9	9	3	12	0.888945	0.11772	1.0184e-06	1.14563e-06
766	11	10	30	34	11	74	0.553818	0.59092	3.24043e-06	5.85108e-06
767	11	10	27	29	14	47	0.655852	0.42182	2.71145e-06	4.13424e-06
768	11	7	43	48	12	306	0.155355	1.86204	2.94682e-06	1.89682e-05
769	9	7	8	10	5	9	0.896999	0.1087	9.35279e-07	1.04267e-06
770	13	8	38	42	10	128	0.399892	0.91656	3.66775e-06	9.17185e-06
771	8	5	39	46	12	138	0.370582	0.99268	3.6795e-06	9.92897e-06
772	5	4	18	23	6	66	0.61814	0.48104	2.97022e-06	4.80509e-06
773	9	7	34	40	10	135	0.390745	0.9397	3.68507e-06	9.43089e-06
774	9	8	39	46	8	377	0.109527	2.21158	2.47837e-06	2.26278e-05
775	7	5	27	28	8	72	0.580979	0.54304	3.14085e-06	5.40612e-06
776	8	6	12	12	10	2	0.917998	0.08556	7.19378e-07	7.83638e-07
777	13	10	21	22	9	36	0.724872	0.32176	2.28671e-06	3.15464e-06
778	12	9	11	11	9	2	0.923781	0.07928	6.71764e-07	7.2719e-07
779	12	8	32	39	9	193	0.292521	1.22922	3.64369e-06	1.24562e-05
780	8	7	10	14	5	31	0.781907	0.24602	1.90582e-06	2.4374e-06
781	5	4	1	1	1	0	0.99374	0.00628	5.60942e-08	5.64476e-08
782	11	6	42	46	9	294	0.167248	1.78828	3.04687e-06	1.82178e-05
783	9	4	4	4	1	6	0.945804	0.05572	5.15075e-07	5.4459e-07
784	9	5	13	13	4	37	0.76312	0.27034	2.06023e-06	2.69975e-06
785	6	6	5	7	3	10	0.909409	0.09496	8.42536e-07	9.26465e-07
786	17	13	28	28	13	47	0.659984	0.41554	2.69128e-06	4.07779e-06
787	9	8	24	27	12	41	0.684778	0.37866	2.53542e-06	3.70255e-06
788	9	8	9	12	3	30	0.795838	0.22836	1.80764e-06	2.27137e-06
789	8	5	23	25	5	81	0.565469	0.5701	3.23164e-06	5.71498e-06
790	10	9	56	68	12	398	0.0857054	2.45684	2.14139e-06	2.49855e-05
791	10	7	24	33	7	162	0.355781	1.03344	3.72515e-06	1.04703e-05
792	8	7	17	18	7	31	0.76251	0.27114	2.03071e-06	2.66319e-06
793	16	14	50	54	20	129	0.368977	0.99702	3.65374e-06	9.90235e-06
794	10	6	14	14	9	7	0.883716	0.12362	1.02705e-06	1.1622e-06
795	8	6	26	30	6	100	0.49738	0.6984	3.48502e-06	7.00675e-06
796	10	9	46	53	14	152	0.330206	1.10804	3.6547e-06	1.1068e-05
797	13	11	31	40	13	238	0.231078	1.465	3.4439e-06	1.49036e-05
798	8	6	2	2	2	0	0.987519	0.01256	1.11486e-07	1.12895e-07
799	8	8	56	61	14	223	0.218629	1.52038	3.34327e-06	1.5292e-05
800	8	6	3	3	2	1	0.976344	0.02394	2.17213e-07	2.22476e-07
801	8	5	17	18	5	31	0.76251	0.27114	2.03071e-06	2.66319e-06
802	8	8	13	14	9	11	0.86587	0.14402	1.19034e-06	1.37473e-06
803	8	6	30	34	12	117	0.44476	0.81022	3.61848e-06	8.1358e-06
804	7	7	13	13	4	22	0.82379	0.19384	1.56747e-06	1.90275e-06
805	14	14	47	58	13	190	0.263622	1.33324	3.52443e-06	1.33693e-05
806	6	5	23	24	10	80	0.571941	0.55872	3.20596e-06	5.6054e-06
807	9	8	21	24	8	62	0.62693	0.46692	2.9146e-06	4.649e-06
808	7	7	29	31	8	137	0.40927	0.89338	3.69535e-06	9.02912e-06
809	8	6	15	15	9	10	0.864849	0.1452	1.1918e-06	1.37805e-06
810	9	6	31	37	5	197	0.290236	1.23706	3.64415e-06	1.25558e-05
811	8	5	21	23	5	82	0.569703	0.56264	3.22179e-06	5.65522e-06
812	8	8	47	52	12	162	0.315764	1.15276	3.64482e-06	1.15429e-05
813	15	13	33	41	11	107	0.447902	0.80318	3.58304e-06	7.9996e-06
814	10	9	17	18	4	52	0.685066	0.37824	2.58885e-06	3.77898e-06
815	8	6	4	5	4	1	0.964158	0.0365	3.23351e-07	3.35371e-07
816	13	12	87	94	22	371	0.0835408	2.48242	2.09007e-06	2.50185e-05
817	10	9	39	45	14	99	0.454981	0.7875	3.549e-06	7.80033e-06
818	14	8	43	49	15	147	0.347351	1.05742	3.67376e-06	1.05765e-05
819	6	5	13	15	5	27	0.793025	0.2319	1.80914e-06	2.28131e-06
820	11	7	28	33	14	60	0.598553	0.51324	3.02315e-06	5.05076e-06
821	11	10	69	76	19	343	0.107897	2.22658	2.42926e-06	2.25147e-05
822	9	8	45	49	11	146	0.349127	1.05232	3.67399e-06	1.05234e-05
823	8	7	35	40	13	114	0.434917	0.8326	3.61637e-06	8.31509e-06
824	13	11	47	51	22	92	0.454081	0.78948	3.52688e-06	7.76708e-06
825	9	6	46	56	15	184	0.275249	1.29008	3.56105e-06	1.29376e-05
826	14	12	17	20	7	29	0.760712	0.2735	2.03096e-06	2.66981e-06
827	10	9	19	19	9	18	0.809677	0.21112	1.64276e-06	2.0289e-06
828	9	9	37	44	9	335	0.137405	1.98482	2.78704e-06	2.02833e-05
829	11	8	26	28	8	100	0.503667	0.68584	3.47221e-06	6.89385e-06
830	11	10	49	50	18	140	0.357722	1.028	3.67059e-06	1.0261e-05
831	7	6	30	36	10	81	0.527725	0.63918	3.34361e-06	6.3359e-06
832	9	7	16	18	8	46	0.706353	0.34764	2.44411e-06	3.46018e-06
833	7	7	55	67	12	334	0.119533	2.12416	2.57337e-06	2.15285e-05
834	11	10	41	51	12	289	0.166264	1.79418	3.03171e-06	1.82343e-05
835	8	6	20	24	5	67	0.611146	0.49242	3.00358e-06	4.91467e-06
836	7	6	8	9	5	7	0.911905	0.09222	8.0244e-07	8.79961e-07
837	4	3	23	25	6	82	0.562592	0.5752	3.2451e-06	5.76811e-06
838	7	6	12	17	7	19	0.81574	0.20366	1.60631e-06	1.96914e-06
839	7	4	24	29	10	79	0.557095	0.58502	3.25037e-06	5.8345e-06
840	11	9	20	24	12	28	0.745634	0.29352	2.11944e-06	2.84247e-06
841	14	13	56	69	21	143	0.312666	1.16262	3.59345e-06	1.14929e-05
842	9	7	75	84	20	399	0.0771179	2.56242	2.00057e-06	2.59417e-05
843	8	6	29	32	11	76	0.555126	0.58856	3.2444e-06	5.84445e-06
844	9	8	39	43	9	162	0.334125	1.09624	3.68701e-06	1.10348e-05
845	10	7	6	6	4	3	0.948399	0.05298	4.72383e-07	4.98085e-07
846	9	6	26	29	7	73	0.574405	0.55442	3.16825e-06	5.5157e-06
847	12	7	24	26	11	45	0.675177	0.39278	2.60526e-06	3.85863e-06
848	11	11	43	47	11	145	0.355347	1.03466	3.68046e-06	1.03574e-05
849	12	7	20	22	9	36	0.724872	0.32176	2.28671e-06	3.15464e-06
850	11	10	6	7	6	1	0.952124	0.04906	4.26805e-07	4.48266e-07
851	5	4	16	18	7	31	0.76251	0.27114	2.03071e-06	2.66319e-06
852	8	7	7	12	4	21	0.833218	0.18246	1.4941e-06	1.79317e-06
853	9	8	21	25	8	66	0.610425	0.4936	3.00206e-06	4.91798e-06
854	8	7	48	60	11	327	0.129445	2.0445	2.68746e-06	2.07614e-05
855	9	5	38	48	8	348	0.125401	2.07624	2.65848e-06	2.11998e-05
856	10	9	21	27	6	133	0.428331	0.84786	3.6797e-06	8.5908e-06
857	5	4	9	13	4	37	0.76312	0.27034	2.06023e-06	2.69975e-06
858	3	1	0	0	0	0	1	-0	0	0
859	8	5	14	15	7	13	0.851718	0.1605	1.30947e-06	1.53745e-06
860	6	3	14	16	5	24	0.800211	0.22288	1.74315e-06	2.17836e-06
861	10	7	48	59	12	349	0.116435	2.15042	2.54689e-06	2.18739e-05
862	11	9	31	37	11	116	0.438691	0.82396	3.62008e-06	8.25201e-06
863	8	5	1	1	1	0	0.99374	0.00628	5.60942e-08	5.64476e-08
864	4	3	10	11	2	45	0.741871	0.29858	2.23445e-06	3.01192e-06
865	8	7	10	11	5	12	0.87785	0.13028	1.10479e-06	1.25852e-06
866	6	4	1	1	1	0	0.99374	0.00628	5.60942e-08	5.64476e-08
867	8	6	29	34	6	198	0.294252	1.22332	3.66037e-06	1.24396e-05
868	14	12	59	62	14	246	0.193213	1.64396	3.20165e-06	1.65705e-05
869	9	7	8	9	6	3	0.930698	0.07182	6.21174e-07	6.67428e-07
870	12	9	15	20	8	29	0.760712	0.2735	2.03096e-06	2.66981e-06
871	4	2	12	14	5	19	0.831254	0.18482	1.49609e-06	1.7998e-06
872	11	10	65	77	16	378	0.0896932	2.41136	2.19128e-06	2.44308e-05
873	13	10	25	28	12	43	0.673586	0.39514	2.60358e-06	3.86526e-06
874	14	12	65	74	19	291	0.142442	1.94882	2.7974e-06	1.96389e-05
875	8	5	3	3	3	0	0.981336	0.01884	1.66182e-07	1.69343e-07
876	6	4	14	16	6	28	0.784052	0.24328	1.87458e-06	2.39089e-06
877	11	9	30	37	12	54	0.601842	0.50776	2.98379e-06	4.95775e-06
878	11	7	52	54	18	142	0.345307	1.06332	3.65787e-06	1.05931e-05
879	8	8	8	9	6	6	0.916567	0.08712	7.57843e-07	8.26828e-07
880	9	9	42	46	11	228	0.234177	1.45168	3.44496e-06	1.4711e-05
881	9	6	3	3	3	0	0.981336	0.01884	1.66182e-07	1.69343e-07
882	13	8	26	34	7	97	0.49252	0.70822	3.48366e-06	7.07314e-06
883	12	8	32	35	12	85	0.520326	0.6533	3.37795e-06	6.49199e-06
884	10	6	33	41	11	121	0.417037	0.87458	3.64635e-06	8.74347e-06
885	8	6	13	14	5	24	0.810325	0.21032	1.6737e-06	2.06546e-06
886	12	12	30	34	11	111	0.45858	0.77962	3.58472e-06	7.817e-06
887	6	5	25	37	6	180	0.316523	1.15036	3.68829e-06	1.16525e-05
888	10	9	27	30	11	58	0.61619	0.4842	2.9424e-06	4.77515e-06
889	8	8	19	23	10	38	0.713024	0.33824	2.36536e-06	3.31736e-06
890	9	6	24	27	8	80	0.561266	0.57756	3.24117e-06	5.77474e-06
891	8	5	38	46	9	208	0.259323	1.34968	3.53932e-06	1.36483e-05
892	9	7	11	12	6	9	0.885804	0.12126	1.02361e-06	1.15557e-06
893	8	5	15	17	7	23	0.799267	0.22406	1.74374e-06	2.18167e-06
894	11	10	21	23	11	23	0.769711	0.26174	1.93995e-06	2.52036e-06
895	7	7	29	33	9	153	0.372492	0.98754	3.722e-06	9.99215e-06
896	11	7	9	10	6	10	0.892436	0.1138	9.77939e-07	1.09581e-06
897	10	9	27	28	7	105	0.490986	0.71134	3.51522e-06	7.15952e-06
898	16	16	70	76	21	272	0.154977	1.86448	2.90461e-06	1.87422e-05
899	8	6	0	0	0	0	1	-0	0	0
900	10	9	35	37	16	49	0.617387	0.48226	2.89683e-06	4.69209e-06
901	13	10	72	81	19	325	0.114615	2.16618	2.50325e-06	2.18405e-05
902	10	7	31	36	10	109	0.457499	0.78198	3.57931e-06	7.82363e-06
903	8	8	29	33	12	59	0.601614	0.50814	3.00664e-06	4.99763e-06
904	8	4	36	42	5	311	0.157259	1.84986	2.97145e-06	1.88952e-05
905	11	9	38	42	12	111	0.43611	0.82986	3.60602e-06	8.26858e-06
906	14	12	25	26	10	49	0.661543	0.41318	2.69325e-06	4.07116e-06
907	8	7	15	18	7	40	0.728302	0.31704	2.28788e-06	3.14138e-06
908	10	7	28	31	8	61	0.603035	0.50578	3.00975e-06	4.991e-06
909	12	11	43	57	11	208	0.242014	1.41876	3.45335e-06	1.42692e-05
910	11	9	26	26	13	24	0.751503	0.28568	2.06125e-06	2.74283e-06
911	8	5	22	26	8	88	0.542222	0.61208	3.33106e-06	6.14336e-06
912	9	7	45	47	8	205	0.261673	1.34066	3.54445e-06	1.35453e-05
913	12	9	25	32	9	113	0.459664	0.77726	3.59015e-06	7.81037e-06
914	4	4	1	1	1	0	0.99374	0.00628	5.60942e-08	5.64476e-08
915	9	8	7	8	4	10	0.903716	0.10124	8.88274e-07	9.82913e-07
916	6	4	7	8	2	13	0.889994	0.11654	1.01665e-06	1.14231e-06
917	12	10	19	23	9	41	0.702198	0.35354	2.44137e-06	3.47676e-06
918	8	7	13	18	2	121	0.481842	0.73014	3.58739e-06	7.44517e-06
919	5	3	3	3	2	1	0.976344	0.02394	2.17213e-07	2.22476e-07
920	10	10	42	46	13	119	0.408289	0.89578	3.64171e-06	8.91944e-06
921	6	5	17	21	3	84	0.571049	0.56028	3.22562e-06	5.64859e-06
922	8	3	12	12	10	2	0.917998	0.08556	7.19378e-07	7.83638e-07
923	8	6	28	34	13	58	0.600904	0.50932	3.00509e-06	5.00094e-06
924	11	8	15	16	8	17	0.829294	0.18718	1.49806e-06	1.80643e-06
925	11	9	13	16	5	39	0.741278	0.29938	2.20557e-06	2.97536e-06
926	10	7	18	20	5	71	0.614037	0.4877	3.00965e-06	4.90141e-06
927	8	7	6	9	4	8	0.907266	0.09732	8.46564e-07	9.33094e-07
928	3	2	0	0	0	0	1	-0	0	0
929	17	11	43	49	10	188	0.281811	1.26652	3.59449e-06	1.2755e-05
930	14	10	51	60	13	200	0.247387	1.3968	3.46676e-06	1.40135e-05
931	8	7	34	38	6	242	0.229273	1.47284	3.43984e-06	1.50032e-05
932	13	9	52	53	17	134	0.361953	1.01624	3.65992e-06	1.01116e-05
933	8	6	34	40	13	77	0.52524	0.6439	3.33483e-06	6.34916e-06
934	11	10	35	43	14	124	0.405579	0.90244	3.6566e-06	9.01576e-06
935	8	7	23	24	7	86	0.554704	0.58932	3.28618e-06	5.9242e-06
936	10	8	30	34	10	79	0.539874	0.61642	3.30227e-06	6.11674e-06
937	8	6	9	9	6	6	0.916567	0.08712	7.57843e-07	8.26828e-07
938	10	7	2	2	2	0	0.987519	0.01256	1.11486e-07	1.12895e-07
939	7	5	14	15	8	11	0.86045	0.1503	1.23146e-06	1.43118e-06
940	15	12	20	24	8	57	0.643123	0.44142	2.81902e-06	4.38333e-06
941	10	8	28	30	12	59	0.613055	0.4893	2.96001e-06	4.82829e-06
942	9	7	59	71	12	518	0.0456076	3.08768	1.43804e-06	3.15308e-05
943	7	6	5	5	3	2	0.959253	0.0416	3.72674e-07	3.88504e-07
944	8	8	68	82	19	302	0.128072	2.05516	2.64789e-06	2.06749e-05
945	8	6	9	11	3	36	0.776716	0.25268	1.96798e-06	2.53372e-06
946	6	5	21	24	6	80	0.571941	0.55872	3.20596e-06	5.6054e-06
947	7	7	35	40	8	145	0.371317	0.9907	3.69914e-06	9.96222e-06
948	14	11	34	39	9	100	0.470048	0.75492	3.53231e-06	7.51478e-06
949	8	7	18	18	8	28	0.774266	0.25584	1.9386e-06	2.50379e-06
950	9	9	7	9	3	21	0.849065	0.16362	1.37873e-06	1.62383e-06
951	7	5	57	68	17	337	0.116981	2.14574	2.54368e-06	2.17443e-05
952	8	6	74	87	15	369	0.0881902	2.42826	2.16217e-06	2.45171e-05
953	15	10	49	60	17	169	0.289761	1.2387	3.58329e-06	1.23664e-05
954	17	12	34	42	17	70	0.537536	0.62076	3.27366e-06	6.09012e-06
955	7	6	32	38	10	265	0.203897	1.59014	3.30829e-06	1.62253e-05
956	8	7	21	22	6	50	0.674921	0.39316	2.63118e-06	3.89851e-06
957	8	8	10	12	5	22	0.828979	0.18756	1.53055e-06	1.8463e-06
958	14	12	33	38	12	149	0.368417	0.99854	3.70696e-06	1.00619e-05
959	13	8	8	8	7	1	0.946163	0.05534	4.77542e-07	5.04714e-07
960	15	12	36	45	16	112	0.425794	0.8538	3.61544e-06	8.49106e-06
961	8	6	7	10	4	10	0.892436	0.1138	9.77939e-07	1.09581e-06
962	10	7	28	34	6	310	0.166207	1.79452	3.05664e-06	1.83905e-05
963	11	7	6	6	4	3	0.948399	0.05298	4.72383e-07	4.98085e-07
964	8	8	21	26	5	192	0.319027	1.14248	3.72279e-06	1.16692e-05
965	13	12	69	77	24	404	0.0785547	2.54396	2.02768e-06	2.58123e-05
966	11	8	23	30	9	74	0.567906	0.5658	3.19463e-06	5.62528e-06
967	12	10	18	19	9	24	0.785276	0.24172	1.84359e-06	2.3477e-06
968	10	9	69	78	15	281	0.146177	1.92294	2.82608e-06	1.93333e-05
969	10	9	63	75	18	215	0.208566	1.5675	3.26556e-06	1.56572e-05
970	10	7	31	34	9	105	0.47283	0.74902	3.54537e-06	7.4982e-06
971	8	8	22	26	10	51	0.65483	0.42338	2.73551e-06	4.17743e-06
972	9	8	5	6	4	2	0.953248	0.04788	4.2415e-07	4.44952e-07
973	7	4	1	1	1	0	0.99374	0.00628	5.60942e-08	5.64476e-08
974	16	12	50	60	13	222	0.221131	1.509	3.35731e-06	1.51824e-05
975	15	8	84	98	22	331	0.0999046	2.30354	2.30969e-06	2.3119e-05
976	13	9	48	57	18	195	0.258603	1.35246	3.51144e-06	1.35785e-05
977	15	13	34	39	16	80	0.520524	0.65292	3.35848e-06	6.45211e-06
978	6	5	15	18	2	73	0.615488	0.48534	3.01268e-06	4.89478e-06
979	12	9	9	9	4	15	0.875448	0.13302	1.14248e-06	1.30503e-06
980	7	4	17	19	5	69	0.62424	0.47122	2.95808e-06	4.7387e-06
981	11	11	80	91	19	394	0.0757074	2.58088	1.97378e-06	2.60712e-05
982	10	8	41	45	9	299	0.164064	1.8075	3.0232e-06	1.8427e-05
983	13	13	19	25	9	39	0.700543	0.3559	2.44026e-06	3.48338e-06
984	6	5	5	5	4	1	0.964158	0.0365	3.23351e-07	3.35371e-07
985	8	8	23	23	12	22	0.773647	0.25664	1.90876e-06	2.46723e-06
986	12	10	51	59	23	161	0.303729	1.19162	3.60977e-06	1.18849e-05
987	12	9	38	43	10	144	0.36625	1.00444	3.69122e-06	1.00784e-05
988	8	6	12	14	5	25	0.806203	0.21542	1.70802e-06	2.1186e-06
989	12	9	34	35	10	96	0.491939	0.7094	3.48119e-06	7.07645e-06
990	8	7	23	27	12	53	0.644127	0.43986	2.7956e-06	4.34014e-06
991	11	7	10	11	6	7	0.900523	0.10478	8.94089e-07	9.92856e-07
992	11	10	39	44	14	113	0.426297	0.85262	3.6183e-06	8.48775e-06
993	8	7	30	39	13	92	0.489623	0.71412	3.47128e-06	7.08971e-06
994	13	9	35	44	13	112	0.428476	0.84752	3.61403e-06	8.43461e-06
995	9	9	36	37	10	110	0.452322	0.79336	3.58837e-06	7.93321e-06
996	9	5	11	16	4	49	0.70442	0.35038	2.47018e-06	3.50669e-06
997	9	7	23	28	9	54	0.636838	0.45124	2.83375e-06	4.44973e-06
998	10	7	13	18	3	54	0.678114	0.38844	2.63464e-06	3.88525e-06
999	5	4	4	4	4	0	0.975193	0.02512	2.20189e-07	2.2579e-07
1000	8	7	42	43	14	113	0.428982	0.84634	3.61688e-06	8.4313e-06