Hist	Tr_Tot	Tr_in	DSBs	DSBt	RIFs	NComb	PSurv	lPSurv	PMut*	PMut
1	0	0	0	0	0	0	1	-0	0	0
2	1	1	1	1	1	0	0.99374	0.00628	5.60942e-08	5.64476e-08
3	0	0	0	0	0	0	1	-0	0	0
4	1	1	56	73	12	856	0.00803426	4.82404	3.98521e-07	4.96027e-05
5	1	1	6	6	4	3	0.948399	0.05298	4.72383e-07	4.98085e-07
6	0	0	0	0	0	0	1	-0	0	0
7	3	2	2	2	2	0	0.987519	0.01256	1.11486e-07	1.12895e-07
8	0	0	0	0	0	0	1	-0	0	0
9	2	0	0	0	0	0	1	-0	0	0
10	0	0	0	0	0	0	1	-0	0	0
11	2	2	8	8	8	0	0.951001	0.05024	4.29454e-07	4.51581e-07
12	0	0	0	0	0	0	1	-0	0	0
13	3	1	1	1	1	0	0.99374	0.00628	5.60942e-08	5.64476e-08
14	1	0	1	1	1	0	0.99374	0.00628	5.60942e-08	5.64476e-08
15	0	0	0	0	0	0	1	-0	0	0
16	1	0	0	0	0	0	1	-0	0	0
17	0	0	0	0	0	0	1	-0	0	0
18	2	2	4	4	3	1	0.970232	0.03022	2.70621e-07	2.78924e-07
19	0	0	0	0	0	0	1	-0	0	0
20	2	1	65	168	5	13204	1.97805e-30	68.3954	1.4065e-33	0.000711054
21	1	1	4	4	4	0	0.975193	0.02512	2.20189e-07	2.2579e-07
22	1	0	0	0	0	0	1	-0	0	0
23	1	1	28	33	12	118	0.445285	0.80904	3.62128e-06	8.13249e-06
24	0	0	0	0	0	0	1	-0	0	0
25	1	1	19	19	13	9	0.847707	0.16522	1.31454e-06	1.5507e-06
26	0	0	0	0	0	0	1	-0	0	0
27	1	1	60	123	10	1917	2.6216e-05	10.5491	2.85229e-09	0.000108799
28	0	0	0	0	0	0	1	-0	0	0
29	1	1	0	0	0	0	1	-0	0	0
30	1	0	0	0	0	0	1	-0	0	0
31	1	1	57	113	4	4468	6.24634e-11	23.4964	1.52272e-14	0.000243778
32	1	1	7	12	3	45	0.737227	0.30486	2.26208e-06	3.06837e-06
33	0	0	0	0	0	0	1	-0	0	0
34	2	2	20	45	7	741	0.0172197	4.0617	7.2171e-07	4.19118e-05
35	0	0	0	0	0	0	1	-0	0	0
36	4	1	12	13	6	28	0.798964	0.22444	1.77494e-06	2.22155e-06
37	0	0	0	0	0	0	1	-0	0	0
38	2	2	42	93	9	3405	1.60182e-08	17.9495	2.98208e-12	0.000186168
39	1	1	9	9	6	4	0.925964	0.07692	6.67214e-07	7.20561e-07
40	4	1	36	43	17	140	0.373798	0.98404	3.68785e-06	9.86589e-06
41	1	1	24	69	4	2019	2.18738e-05	10.7302	2.43173e-09	0.000111171
42	0	0	0	0	0	0	1	-0	0	0
43	2	2	2	2	2	0	0.987519	0.01256	1.11486e-07	1.12895e-07
44	0	0	0	0	0	0	1	-0	0	0
45	3	2	0	0	0	0	1	-0	0	0
46	0	0	0	0	0	0	1	-0	0	0
47	2	2	62	130	10	4631	2.44473e-11	24.4345	6.19491e-15	0.000253398
48	1	1	29	30	12	70	0.57961	0.5454	3.13728e-06	5.41275e-06
49	2	1	6	7	3	10	0.909409	0.09496	8.42536e-07	9.26465e-07
50	1	1	1	1	1	0	0.99374	0.00628	5.60942e-08	5.64476e-08
51	0	0	0	0	0	0	1	-0	0	0
52	1	1	26	52	8	788	0.0129668	4.34536	5.80969e-07	4.48042e-05
53	0	0	0	0	0	0	1	-0	0	0
54	1	1	5	5	5	0	0.969088	0.0314	2.73513e-07	2.82238e-07
55	0	0	0	0	0	0	1	-0	0	0
56	1	1	9	10	8	2	0.929601	0.073	6.23523e-07	6.70742e-07
57	1	0	0	0	0	0	1	-0	0	0
58	1	1	20	43	5	668	0.0253028	3.67684	9.59488e-07	3.79202e-05
59	1	1	0	0	0	0	1	-0	0	0
60	0	0	0	0	0	0	1	-0	0	0
61	2	1	29	59	11	515	0.0499357	2.99702	1.53273e-06	3.0694e-05
62	0	0	0	0	0	0	1	-0	0	0
63	2	2	15	27	8	172	0.351073	1.04676	3.74349e-06	1.0663e-05
64	0	0	0	0	0	0	1	-0	0	0
65	4	4	72	106	25	1213	0.00105736	6.85198	7.44741e-08	7.0434e-05
66	1	1	0	0	0	0	1	-0	0	0
67	0	0	0	0	0	0	1	-0	0	0
68	2	1	2	2	2	0	0.987519	0.01256	1.11486e-07	1.12895e-07
69	0	0	0	0	0	0	1	-0	0	0
70	2	2	10	10	8	2	0.929601	0.073	6.23523e-07	6.70742e-07
71	0	0	0	0	0	0	1	-0	0	0
72	2	0	0	0	0	0	1	-0	0	0
73	0	0	0	0	0	0	1	-0	0	0
74	2	2	4	4	2	2	0.965296	0.03532	3.20533e-07	3.32057e-07
75	1	1	43	80	10	1022	0.00329747	5.7146	1.9395e-07	5.88179e-05
76	0	0	0	0	0	0	1	-0	0	0
77	1	1	48	129	14	2319	3.24947e-06	12.637	4.24048e-10	0.000130498
78	0	0	0	0	0	0	1	-0	0	0
79	1	1	8	8	5	3	0.936562	0.06554	5.72221e-07	6.1098e-07
80	0	0	0	0	0	0	1	-0	0	0
81	1	1	0	0	0	0	1	-0	0	0
82	1	1	0	0	0	0	1	-0	0	0
83	1	1	0	0	0	0	1	-0	0	0
84	1	1	0	0	0	0	1	-0	0	0
85	0	0	0	0	0	0	1	-0	0	0
86	1	0	0	0	0	0	1	-0	0	0
87	0	0	0	0	0	0	1	-0	0	0
88	4	3	108	309	12	23126	8.61832e-53	119.883	1.07402e-55	0.0012462
89	0	0	0	0	0	0	1	-0	0	0
90	2	2	6	6	5	1	0.958122	0.04278	3.7541e-07	3.91819e-07
91	1	1	72	137	11	6717	5.6086e-16	35.1171	2.04506e-19	0.000364629
92	2	0	0	0	0	0	1	-0	0	0
93	2	0	2	2	2	0	0.987519	0.01256	1.11486e-07	1.12895e-07
94	0	0	0	0	0	0	1	-0	0	0
95	2	1	6	6	2	10	0.915138	0.08868	7.96186e-07	8.70018e-07
96	0	0	0	0	0	0	1	-0	0	0
97	3	3	14	14	9	9	0.874748	0.13382	1.10959e-06	1.26847e-06
98	0	0	0	0	0	0	1	-0	0	0
99	2	2	14	14	8	9	0.874748	0.13382	1.10959e-06	1.26847e-06
100	1	0	1	1	1	0	0.99374	0.00628	5.60942e-08	5.64476e-08
101	2	0	1	1	1	0	0.99374	0.00628	5.60942e-08	5.64476e-08
102	1	1	0	0	0	0	1	-0	0	0
103	0	0	0	0	0	0	1	-0	0	0
104	1	1	44	85	12	1556	0.000209791	8.4694	1.83511e-08	8.74733e-05
105	0	0	0	0	0	0	1	-0	0	0
106	1	1	17	18	6	49	0.695628	0.36294	2.51788e-06	3.61958e-06
107	0	0	0	0	0	0	1	-0	0	0
108	1	1	0	0	0	0	1	-0	0	0
109	1	0	0	0	0	0	1	-0	0	0
110	1	1	52	174	11	12883	9.79168e-30	66.796	6.79872e-33	0.000694337
111	1	1	1	1	1	0	0.99374	0.00628	5.60942e-08	5.64476e-08
112	0	0	0	0	0	0	1	-0	0	0
113	1	0	0	0	0	0	1	-0	0	0
114	0	0	0	0	0	0	1	-0	0	0
115	2	2	0	0	0	0	1	-0	0	0
116	0	0	0	0	0	0	1	-0	0	0
117	4	4	64	114	12	2376	2.66977e-06	12.8335	3.54223e-10	0.00013268
118	2	2	20	21	12	16	0.807768	0.21348	1.64424e-06	2.03553e-06
119	0	0	0	0	0	0	1	-0	0	0
120	2	1	2	2	2	0	0.987519	0.01256	1.11486e-07	1.12895e-07
121	0	0	0	0	0	0	1	-0	0	0
122	2	1	0	0	0	0	1	-0	0	0
123	0	0	0	0	0	0	1	-0	0	0
124	2	1	3	3	3	0	0.981336	0.01884	1.66182e-07	1.69343e-07
125	0	0	0	0	0	0	1	-0	0	0
126	3	2	16	16	12	4	0.88614	0.12088	9.88662e-07	1.11569e-06
127	1	1	10	10	6	10	0.892436	0.1138	9.77939e-07	1.09581e-06
128	0	0	0	0	0	0	1	-0	0	0
129	1	1	0	0	0	0	1	-0	0	0
130	0	0	0	0	0	0	1	-0	0	0
131	1	1	107	317	7	28234	3.98002e-64	145.984	6.04189e-67	0.00151806
132	0	0	0	0	0	0	1	-0	0	0
133	1	1	50	79	15	1106	0.002162	6.13672	1.36692e-07	6.32247e-05
134	1	1	0	0	0	0	1	-0	0	0
135	1	1	2	2	1	1	0.982495	0.01766	1.63122e-07	1.66028e-07
136	1	0	0	0	0	0	1	-0	0	0
137	0	0	0	0	0	0	1	-0	0	0
138	1	1	0	0	0	0	1	-0	0	0
139	0	0	0	0	0	0	1	-0	0	0
140	1	0	0	0	0	0	1	-0	0	0
141	0	0	0	0	0	0	1	-0	0	0
142	4	3	112	221	26	8963	3.50821e-21	47.0992	1.71449e-24	0.000488708
143	1	1	117	317	7	19691	3.325e-45	102.415	3.53826e-48	0.00106414
144	2	1	104	237	13	7315	1.41777e-17	38.7949	5.70012e-21	0.000402047
145	2	1	2	2	2	0	0.987519	0.01256	1.11486e-07	1.12895e-07
146	0	0	0	0	0	0	1	-0	0	0
147	2	2	29	44	9	219	0.248275	1.39322	3.5056e-06	1.41199e-05
148	0	0	0	0	0	0	1	-0	0	0
149	2	1	57	144	6	6007	2.00606e-14	31.54	6.56582e-18	0.0003273
150	0	0	0	0	0	0	1	-0	0	0
151	2	1	5	5	4	1	0.964158	0.0365	3.23351e-07	3.35371e-07
152	1	1	11	12	7	9	0.885804	0.12126	1.02361e-06	1.15557e-06
153	2	1	69	103	12	2239	5.75328e-06	12.0657	7.17891e-10	0.000124779
154	1	1	0	0	0	0	1	-0	0	0
155	0	0	0	0	0	0	1	-0	0	0
156	1	1	1	1	1	0	0.99374	0.00628	5.60942e-08	5.64476e-08
157	0	0	0	0	0	0	1	-0	0	0
158	1	1	0	0	0	0	1	-0	0	0
159	0	0	0	0	0	0	1	-0	0	0
160	1	1	7	7	7	0	0.956992	0.04396	3.78139e-07	3.95133e-07
161	1	1	42	77	12	706	0.0168373	4.08416	7.04783e-07	4.18585e-05
162	1	1	19	27	11	72	0.584639	0.53676	3.12763e-06	5.34968e-06
163	1	0	0	0	0	0	1	-0	0	0
164	0	0	0	0	0	0	1	-0	0	0
165	1	0	0	0	0	0	1	-0	0	0
166	0	0	0	0	0	0	1	-0	0	0
167	1	1	19	26	5	231	0.261485	1.34138	3.59317e-06	1.37414e-05
168	0	0	0	0	0	0	1	-0	0	0
169	3	2	3	3	3	0	0.981336	0.01884	1.66182e-07	1.69343e-07
170	2	2	2	2	1	1	0.982495	0.01766	1.63122e-07	1.66028e-07
171	2	1	1	1	1	0	0.99374	0.00628	5.60942e-08	5.64476e-08
172	2	0	3	3	2	1	0.976344	0.02394	2.17213e-07	2.22476e-07
173	0	0	0	0	0	0	1	-0	0	0
174	3	2	121	296	19	20819	1.20408e-47	108.036	1.35205e-50	0.00112289
175	0	0	0	0	0	0	1	-0	0	0
176	2	1	71	196	13	4983	2.68275e-12	26.6442	7.39973e-16	0.000275826
177	0	0	0	0	0	0	1	-0	0	0
178	3	2	4	4	2	3	0.960386	0.04042	3.69931e-07	3.8519e-07
179	1	1	2	2	2	0	0.987519	0.01256	1.11486e-07	1.12895e-07
180	0	0	0	0	0	0	1	-0	0	0
181	1	1	0	0	0	0	1	-0	0	0
182	0	0	0	0	0	0	1	-0	0	0
183	1	1	24	53	2	1326	0.000828876	7.09544	6.08779e-08	7.34463e-05
184	0	0	0	0	0	0	1	-0	0	0
185	1	0	0	0	0	0	1	-0	0	0
186	0	0	0	0	0	0	1	-0	0	0
187	1	1	6	6	5	1	0.958122	0.04278	3.7541e-07	3.91819e-07
188	1	1	48	113	9	4577	3.58263e-11	24.0523	8.94113e-15	0.000249569
189	0	0	0	0	0	0	1	-0	0	0
190	1	1	0	0	0	0	1	-0	0	0
191	0	0	0	0	0	0	1	-0	0	0
192	1	0	0	0	0	0	1	-0	0	0
193	0	0	0	0	0	0	1	-0	0	0
194	3	2	5	5	5	0	0.969088	0.0314	2.73513e-07	2.82238e-07
195	1	1	26	46	9	367	0.115258	2.16058	2.5468e-06	2.20965e-05
196	2	1	1	1	1	0	0.99374	0.00628	5.60942e-08	5.64476e-08
197	3	2	129	227	27	7042	6.07503e-17	37.3398	2.3509e-20	0.000386978
198	0	0	0	0	0	0	1	-0	0	0
199	2	1	4	4	4	0	0.975193	0.02512	2.20189e-07	2.2579e-07
200	0	0	0	0	0	0	1	-0	0	0
201	2	1	21	34	3	496	0.0643692	2.74312	1.81993e-06	2.82733e-05
202	0	0	0	0	0	0	1	-0	0	0
203	3	3	68	101	22	1271	0.0008117	7.11638	5.94436e-08	7.32335e-05
204	1	1	2	2	1	1	0.982495	0.01766	1.63122e-07	1.66028e-07
205	2	1	2	3	1	3	0.966436	0.03414	3.17709e-07	3.28742e-07
206	1	0	0	0	0	0	1	-0	0	0
207	0	0	0	0	0	0	1	-0	0	0
208	1	1	17	17	8	31	0.767313	0.26486	2.00019e-06	2.60674e-06
209	0	0	0	0	0	0	1	-0	0	0
210	1	1	0	0	0	0	1	-0	0	0
211	0	0	0	0	0	0	1	-0	0	0
212	1	1	0	0	0	0	1	-0	0	0
213	1	0	5	5	3	3	0.954374	0.0467	4.21487e-07	4.41638e-07
214	1	1	0	0	0	0	1	-0	0	0
215	1	1	1	1	1	0	0.99374	0.00628	5.60942e-08	5.64476e-08
216	0	0	0	0	0	0	1	-0	0	0
217	1	1	32	51	9	503	0.0558224	2.88558	1.65261e-06	2.96048e-05
218	0	0	0	0	0	0	1	-0	0	0
219	1	1	0	0	0	0	1	-0	0	0
220	0	0	0	0	0	0	1	-0	0	0
221	3	2	91	257	18	13596	1.53201e-31	70.9536	1.12894e-34	0.000736906
222	2	0	1	1	1	0	0.99374	0.00628	5.60942e-08	5.64476e-08
223	3	0	5	5	5	0	0.969088	0.0314	2.73513e-07	2.82238e-07
224	2	1	17	21	13	14	0.81605	0.20328	1.57438e-06	1.92926e-06
225	0	0	0	0	0	0	1	-0	0	0
226	3	3	27	56	10	867	0.00845176	4.77338	4.1606e-07	4.92275e-05
227	0	0	0	0	0	0	1	-0	0	0
228	2	0	0	0	0	0	1	-0	0	0
229	0	0	0	0	0	0	1	-0	0	0
230	3	2	1	1	1	0	0.99374	0.00628	5.60942e-08	5.64476e-08
231	1	1	2	2	2	0	0.987519	0.01256	1.11486e-07	1.12895e-07
232	0	0	0	0	0	0	1	-0	0	0
233	1	0	0	0	0	0	1	-0	0	0
234	0	0	0	0	0	0	1	-0	0	0
235	1	0	0	0	0	0	1	-0	0	0
236	0	0	0	0	0	0	1	-0	0	0
237	1	1	4	4	2	3	0.960386	0.04042	3.69931e-07	3.8519e-07
238	0	0	0	0	0	0	1	-0	0	0
239	1	1	2	2	2	0	0.987519	0.01256	1.11486e-07	1.12895e-07
240	1	1	27	46	7	570	0.0409305	3.19588	1.3459e-06	3.28825e-05
241	0	0	0	0	0	0	1	-0	0	0
242	1	1	3	3	2	1	0.976344	0.02394	2.17213e-07	2.22476e-07
243	0	0	0	0	0	0	1	-0	0	0
244	1	1	45	93	9	2695	5.98679e-07	14.3285	8.88701e-11	0.000148444
245	0	0	0	0	0	0	1	-0	0	0
246	1	1	13	25	4	231	0.263132	1.3351	3.60095e-06	1.3685e-05
247	0	0	0	0	0	0	1	-0	0	0
248	2	1	3	3	2	1	0.976344	0.02394	2.17213e-07	2.22476e-07
249	3	3	39	78	11	2084	1.48392e-05	11.1182	1.70847e-09	0.000115133
250	0	0	0	0	0	0	1	-0	0	0
251	2	2	32	56	7	1177	0.00173911	6.35438	1.14258e-07	6.56988e-05
252	0	0	0	0	0	0	1	-0	0	0
253	2	1	11	11	8	4	0.914407	0.08948	7.62118e-07	8.33456e-07
254	0	0	0	0	0	0	1	-0	0	0
255	3	2	41	66	13	339	0.117258	2.14338	2.54892e-06	2.17377e-05
256	1	0	0	0	0	0	1	-0	0	0
257	2	1	0	0	0	0	1	-0	0	0
258	1	1	4	4	2	3	0.960386	0.04042	3.69931e-07	3.8519e-07
259	0	0	0	0	0	0	1	-0	0	0
260	1	1	0	0	0	0	1	-0	0	0
261	0	0	0	0	0	0	1	-0	0	0
262	1	0	0	0	0	0	1	-0	0	0
263	0	0	0	0	0	0	1	-0	0	0
264	1	0	0	0	0	0	1	-0	0	0
265	1	1	12	13	10	4	0.902993	0.10204	8.54549e-07	9.46352e-07
266	1	1	0	0	0	0	1	-0	0	0
267	1	1	47	71	12	852	0.00830348	4.79108	4.09173e-07	4.92773e-05
268	0	0	0	0	0	0	1	-0	0	0
269	1	1	2	2	2	0	0.987519	0.01256	1.11486e-07	1.12895e-07
270	0	0	0	0	0	0	1	-0	0	0
271	1	1	2	2	2	0	0.987519	0.01256	1.11486e-07	1.12895e-07
272	0	0	0	0	0	0	1	-0	0	0
273	1	1	0	0	0	0	1	-0	0	0
274	1	1	5	5	4	1	0.964158	0.0365	3.23351e-07	3.35371e-07
275	3	1	42	78	14	763	0.0125111	4.38114	5.62293e-07	4.49435e-05
276	2	1	38	84	6	2716	5.69151e-07	14.3791	8.48327e-11	0.000149051
277	0	0	0	0	0	0	1	-0	0	0
278	3	2	62	134	20	3198	3.55858e-08	17.1513	6.3159e-12	0.000177484
279	0	0	0	0	0	0	1	-0	0	0
280	2	1	53	123	9	3423	1.21039e-08	18.2297	2.28543e-12	0.000188818
281	0	0	0	0	0	0	1	-0	0	0
282	2	1	3	3	3	0	0.981336	0.01884	1.66182e-07	1.69343e-07
283	1	0	0	0	0	0	1	-0	0	0
284	3	2	27	51	7	825	0.0108046	4.52778	5.04725e-07	4.67137e-05
285	1	0	0	0	0	0	1	-0	0	0
286	0	0	0	0	0	0	1	-0	0	0
287	1	1	34	75	8	1428	0.000429109	7.7538	3.4375e-08	8.01078e-05
288	0	0	0	0	0	0	1	-0	0	0
289	1	1	1	1	1	0	0.99374	0.00628	5.60942e-08	5.64476e-08
290	0	0	0	0	0	0	1	-0	0	0
291	1	0	0	0	0	0	1	-0	0	0
292	1	1	1	1	1	0	0.99374	0.00628	5.60942e-08	5.64476e-08
293	0	0	0	0	0	0	1	-0	0	0
294	1	1	21	24	7	55	0.649716	0.43122	2.77888e-06	4.27707e-06
295	0	0	0	0	0	0	1	-0	0	0
296	1	1	189	384	18	42590	4.16889e-96	219.621	9.52432e-99	0.00228462
297	0	0	0	0	0	0	1	-0	0	0
298	1	1	4	4	4	0	0.975193	0.02512	2.20189e-07	2.2579e-07
299	0	0	0	0	0	0	1	-0	0	0
300	1	1	69	169	9	5020	2.63189e-12	26.6633	7.27107e-16	0.000276268
301	1	1	1	1	1	0	0.99374	0.00628	5.60942e-08	5.64476e-08
302	0	0	0	0	0	0	1	-0	0	0
303	2	2	33	33	17	28	0.70466	0.35004	2.36096e-06	3.3505e-06
304	0	0	0	0	0	0	1	-0	0	0
305	2	0	0	0	0	0	1	-0	0	0
306	0	0	0	0	0	0	1	-0	0	0
307	4	3	0	0	0	0	1	-0	0	0
308	1	1	62	144	14	8259	2.06245e-19	43.0252	9.21825e-23	0.000446956
309	2	1	30	48	16	384	0.104367	2.25984	2.4122e-06	2.31126e-05
310	1	1	8	8	6	3	0.936562	0.06554	5.72221e-07	6.1098e-07
311	0	0	0	0	0	0	1	-0	0	0
312	1	0	0	0	0	0	1	-0	0	0
313	0	0	0	0	0	0	1	-0	0	0
314	2	1	4	5	3	2	0.959253	0.0416	3.72674e-07	3.88504e-07
315	0	0	0	0	0	0	1	-0	0	0
316	2	1	50	101	6	2673	6.36947e-07	14.2666	9.40937e-11	0.000147726
317	1	1	57	129	11	3222	3.24904e-08	17.2423	5.79879e-12	0.000178477
318	1	0	0	0	0	0	1	-0	0	0
319	1	1	1	1	1	0	0.99374	0.00628	5.60942e-08	5.64476e-08
320	0	0	0	0	0	0	1	-0	0	0
321	1	1	17	21	8	79	0.585798	0.53478	3.15331e-06	5.38292e-06
322	0	0	0	0	0	0	1	-0	0	0
323	1	1	37	77	14	1954	2.89784e-05	10.449	3.13456e-09	0.000108169
324	0	0	0	0	0	0	1	-0	0	0
325	1	1	6	6	4	3	0.948399	0.05298	4.72383e-07	4.98085e-07
326	1	0	0	0	0	0	1	-0	0	0
327	1	1	116	223	8	12363	1.02086e-28	64.4517	6.83437e-32	0.000669474
328	1	1	80	171	3	7141	5.21202e-17	37.493	2.02787e-20	0.000389077
329	0	0	0	0	0	0	1	-0	0	0
330	4	4	191	447	29	34605	1.36203e-78	179.293	2.5387e-81	0.00186391
331	0	0	0	0	0	0	1	-0	0	0
332	2	1	1	1	1	0	0.99374	0.00628	5.60942e-08	5.64476e-08
333	0	0	0	0	0	0	1	-0	0	0
334	2	0	0	0	0	0	1	-0	0	0
335	1	1	4	5	3	3	0.954374	0.0467	4.21487e-07	4.41638e-07
336	3	2	6	6	6	0	0.963021	0.03768	3.26161e-07	3.38686e-07
337	1	1	23	34	9	156	0.36454	1.00912	3.72122e-06	1.0208e-05
338	0	0	0	0	0	0	1	-0	0	0
339	2	2	0	0	0	0	1	-0	0	0
340	0	0	0	0	0	0	1	-0	0	0
341	2	1	1	1	1	0	0.99374	0.00628	5.60942e-08	5.64476e-08
342	0	0	0	0	0	0	1	-0	0	0
343	2	2	9	10	4	13	0.878886	0.1291	1.10318e-06	1.25521e-06
344	1	1	21	58	8	782	0.0128754	4.35244	5.77127e-07	4.48241e-05
345	0	0	0	0	0	0	1	-0	0	0
346	1	1	39	63	11	707	0.0182911	4.00134	7.52156e-07	4.11214e-05
347	0	0	0	0	0	0	1	-0	0	0
348	1	1	2	2	2	0	0.987519	0.01256	1.11486e-07	1.12895e-07
349	0	0	0	0	0	0	1	-0	0	0
350	1	1	13	14	10	5	0.892776	0.11342	9.42711e-07	1.05593e-06
351	0	0	0	0	0	0	1	-0	0	0
352	1	1	57	126	13	4578	3.28497e-11	24.1391	8.22411e-15	0.000250356
353	1	0	2	2	2	0	0.987519	0.01256	1.11486e-07	1.12895e-07
354	0	0	0	0	0	0	1	-0	0	0
355	1	0	1	1	1	0	0.99374	0.00628	5.60942e-08	5.64476e-08
356	0	0	0	0	0	0	1	-0	0	0
357	2	1	42	83	9	899	0.00605943	5.10614	3.17828e-07	5.24519e-05
358	0	0	0	0	0	0	1	-0	0	0
359	4	3	7	7	6	1	0.952124	0.04906	4.26805e-07	4.48266e-07
360	0	0	0	0	0	0	1	-0	0	0
361	2	0	0	0	0	0	1	-0	0	0
362	1	1	3	3	2	1	0.976344	0.02394	2.17213e-07	2.22476e-07
363	0	0	0	0	0	0	1	-0	0	0
364	2	1	2	2	2	0	0.987519	0.01256	1.11486e-07	1.12895e-07
365	0	0	0	0	0	0	1	-0	0	0
366	2	1	166	377	13	26511	1.78862e-60	137.574	2.55754e-63	0.0014299
367	0	0	0	0	0	0	1	-0	0	0
368	3	1	14	17	7	39	0.736637	0.30566	2.23334e-06	3.0318e-06
369	1	0	0	0	0	0	1	-0	0	0
370	2	0	0	0	0	0	1	-0	0	0
371	1	1	8	8	4	7	0.917649	0.08594	7.55696e-07	8.23513e-07
372	0	0	0	0	0	0	1	-0	0	0
373	1	1	65	159	13	8379	1.01785e-19	43.7314	4.62287e-23	0.000454178
374	0	0	0	0	0	0	1	-0	0	0
375	1	1	32	62	11	883	0.00750144	4.89266	3.78195e-07	5.04164e-05
376	0	0	0	0	0	0	1	-0	0	0
377	1	1	0	0	0	0	1	-0	0	0
378	1	1	0	0	0	0	1	-0	0	0
379	1	1	64	135	10	6611	9.75189e-16	34.5639	3.4998e-19	0.000358884
380	1	1	2	2	2	0	0.987519	0.01256	1.11486e-07	1.12895e-07
381	0	0	0	0	0	0	1	-0	0	0
382	1	0	1	1	1	0	0.99374	0.00628	5.60942e-08	5.64476e-08
383	0	0	0	0	0	0	1	-0	0	0
384	4	4	143	227	34	6157	5.54289e-15	32.8263	1.88433e-18	0.000339955
385	0	0	0	0	0	0	1	-0	0	0
386	2	1	0	0	0	0	1	-0	0	0
387	1	1	23	27	11	83	0.552744	0.59286	3.28006e-06	5.93414e-06
388	4	2	5	15	2	91	0.572181	0.5583	3.25104e-06	5.68184e-06
389	2	1	3	3	2	1	0.976344	0.02394	2.17213e-07	2.22476e-07
390	0	0	0	0	0	0	1	-0	0	0
391	2	2	1	1	1	0	0.99374	0.00628	5.60942e-08	5.64476e-08
392	0	0	0	0	0	0	1	-0	0	0
393	2	1	1	1	1	0	0.99374	0.00628	5.60942e-08	5.64476e-08
394	0	0	0	0	0	0	1	-0	0	0
395	2	1	8	8	7	1	0.946163	0.05534	4.77542e-07	5.04714e-07
396	1	1	1	1	1	0	0.99374	0.00628	5.60942e-08	5.64476e-08
397	3	2	34	68	17	1042	0.00321078	5.74124	1.90089e-07	5.92032e-05
398	1	1	0	0	0	0	1	-0	0	0
399	0	0	0	0	0	0	1	-0	0	0
400	1	1	46	75	14	445	0.0645381	2.7405	1.79918e-06	2.78778e-05
401	0	0	0	0	0	0	1	-0	0	0
402	1	1	13	13	9	4	0.902993	0.10204	8.54549e-07	9.46352e-07
403	0	0	0	0	0	0	1	-0	0	0
404	1	1	13	24	4	191	0.324711	1.12482	3.73521e-06	1.15032e-05
405	1	0	0	0	0	0	1	-0	0	0
406	0	0	0	0	0	0	1	-0	0	0
407	1	1	30	39	8	256	0.212138	1.55052	3.35253e-06	1.58036e-05
408	0	0	0	0	0	0	1	-0	0	0
409	2	1	14	14	10	7	0.883716	0.12362	1.02705e-06	1.1622e-06
410	0	0	0	0	0	0	1	-0	0	0
411	3	1	15	30	5	301	0.178441	1.7235	3.15599e-06	1.76865e-05
412	0	0	0	0	0	0	1	-0	0	0
413	2	1	14	14	10	5	0.892776	0.11342	9.42711e-07	1.05593e-06
414	2	0	3	3	1	3	0.966436	0.03414	3.17709e-07	3.28742e-07
415	0	0	0	0	0	0	1	-0	0	0
416	2	1	42	89	13	917	0.00532352	5.23562	2.86123e-07	5.3747e-05
417	0	0	0	0	0	0	1	-0	0	0
418	2	1	1	1	1	0	0.99374	0.00628	5.60942e-08	5.64476e-08
419	0	0	0	0	0	0	1	-0	0	0
420	3	1	9	14	5	31	0.781907	0.24602	1.90582e-06	2.4374e-06
421	1	1	3	3	3	0	0.981336	0.01884	1.66182e-07	1.69343e-07
422	2	1	60	90	17	837	0.00795543	4.8339	3.94214e-07	4.95528e-05
423	1	1	2	2	2	0	0.987519	0.01256	1.11486e-07	1.12895e-07
424	0	0	0	0	0	0	1	-0	0	0
425	1	0	2	2	2	0	0.987519	0.01256	1.11486e-07	1.12895e-07
426	0	0	0	0	0	0	1	-0	0	0
427	1	1	2	2	2	0	0.987519	0.01256	1.11486e-07	1.12895e-07
428	0	0	0	0	0	0	1	-0	0	0
429	1	1	6	12	4	29	0.799907	0.22326	1.77438e-06	2.21823e-06
430	1	1	17	41	5	666	0.0258853	3.65408	9.75903e-07	3.77011e-05
431	1	1	24	50	6	905	0.00723012	4.9295	3.6807e-07	5.09079e-05
432	1	0	0	0	0	0	1	-0	0	0
433	0	0	0	0	0	0	1	-0	0	0
434	1	1	0	0	0	0	1	-0	0	0
435	0	0	0	0	0	0	1	-0	0	0
436	3	2	151	453	20	43851	4.35352e-99	226.485	1.02548e-101	0.00235551
437	0	0	0	0	0	0	1	-0	0	0
438	2	1	0	0	0	0	1	-0	0	0
439	1	1	2	2	2	0	0.987519	0.01256	1.11486e-07	1.12895e-07
440	3	1	5	5	3	3	0.954374	0.0467	4.21487e-07	4.41638e-07
441	2	1	1	1	1	0	0.99374	0.00628	5.60942e-08	5.64476e-08
442	0	0	0	0	0	0	1	-0	0	0
443	2	1	53	107	12	3507	8.71988e-09	18.5577	1.67751e-12	0.000192378
444	0	0	0	0	0	0	1	-0	0	0
445	2	1	87	213	6	10461	1.77412e-24	54.6887	1.00743e-27	0.00056785
446	0	0	0	0	0	0	1	-0	0	0
447	2	0	3	3	2	1	0.976344	0.02394	2.17213e-07	2.22476e-07
448	1	0	0	0	0	0	1	-0	0	0
449	3	2	1	1	1	0	0.99374	0.00628	5.60942e-08	5.64476e-08
450	1	1	0	0	0	0	1	-0	0	0
451	0	0	0	0	0	0	1	-0	0	0
452	1	1	0	0	0	0	1	-0	0	0
453	0	0	0	0	0	0	1	-0	0	0
454	1	0	0	0	0	0	1	-0	0	0
455	0	0	0	0	0	0	1	-0	0	0
456	1	1	38	82	6	2382	3.16563e-06	12.6632	4.15305e-10	0.000131192
457	1	1	32	123	8	5702	1.08433e-13	29.8526	3.36044e-17	0.000309909
458	1	1	5	5	4	1	0.964158	0.0365	3.23351e-07	3.35371e-07
459	1	1	1	1	1	0	0.99374	0.00628	5.60942e-08	5.64476e-08
460	0	0	0	0	0	0	1	-0	0	0
461	1	0	0	0	0	0	1	-0	0	0
462	0	0	0	0	0	0	1	-0	0	0
463	3	2	71	165	12	10176	1.02599e-23	52.9338	5.64291e-27	0.000549997
464	0	0	0	0	0	0	1	-0	0	0
465	3	2	57	90	15	1513	0.000253157	8.2815	2.16376e-08	8.54708e-05
466	2	1	21	28	4	136	0.419186	0.86944	3.69163e-06	8.80665e-06
467	0	0	0	0	0	0	1	-0	0	0
468	3	2	9	9	3	13	0.884423	0.12282	1.06021e-06	1.19876e-06
469	0	0	0	0	0	0	1	-0	0	0
470	2	0	0	0	0	0	1	-0	0	0
471	0	0	0	0	0	0	1	-0	0	0
472	2	1	79	162	13	4358	8.04681e-11	23.2432	1.93686e-14	0.000240699
473	0	0	0	0	0	0	1	-0	0	0
474	2	1	5	5	4	1	0.964158	0.0365	3.23351e-07	3.35371e-07
475	1	0	0	0	0	0	1	-0	0	0
476	0	0	0	0	0	0	1	-0	0	0
477	1	1	2	2	2	0	0.987519	0.01256	1.11486e-07	1.12895e-07
478	0	0	0	0	0	0	1	-0	0	0
479	1	1	0	0	0	0	1	-0	0	0
480	0	0	0	0	0	0	1	-0	0	0
481	1	0	0	0	0	0	1	-0	0	0
482	1	0	6	7	3	7	0.92343	0.07966	7.08332e-07	7.67066e-07
483	1	1	1	1	1	0	0.99374	0.00628	5.60942e-08	5.64476e-08
484	1	1	58	153	11	3674	2.78717e-09	19.6982	5.68158e-13	0.000203848
485	0	0	0	0	0	0	1	-0	0	0
486	1	1	54	147	9	9050	3.58274e-21	47.0782	1.75251e-24	0.000489153
487	0	0	0	0	0	0	1	-0	0	0
488	1	1	14	24	6	154	0.392146	0.93612	3.74e-06	9.53726e-06
489	0	0	0	0	0	0	1	-0	0	0
490	2	1	0	0	0	0	1	-0	0	0
491	2	1	9	10	3	16	0.865541	0.1444	1.2244e-06	1.41461e-06
492	3	3	75	200	15	6970	1.03911e-16	36.803	3.96552e-20	0.000381628
493	2	1	55	100	13	3742	2.74853e-09	19.7122	5.61989e-13	0.000204469
494	0	0	0	0	0	0	1	-0	0	0
495	2	1	4	4	4	0	0.975193	0.02512	2.20189e-07	2.2579e-07
496	0	0	0	0	0	0	1	-0	0	0
497	3	1	3	3	2	1	0.976344	0.02394	2.17213e-07	2.22476e-07
498	0	0	0	0	0	0	1	-0	0	0
499	2	1	7	7	5	2	0.947281	0.05416	4.74966e-07	5.014e-07
500	1	1	4	4	3	1	0.970232	0.03022	2.70621e-07	2.78924e-07
501	3	2	2	2	2	0	0.987519	0.01256	1.11486e-07	1.12895e-07
502	1	0	0	0	0	0	1	-0	0	0
503	0	0	0	0	0	0	1	-0	0	0
504	1	0	0	0	0	0	1	-0	0	0
505	0	0	0	0	0	0	1	-0	0	0
506	1	1	1	1	1	0	0.99374	0.00628	5.60942e-08	5.64476e-08
507	0	0	0	0	0	0	1	-0	0	0
508	1	1	2	2	1	1	0.982495	0.01766	1.63122e-07	1.66028e-07
509	1	1	6	6	3	4	0.943574	0.05808	5.20116e-07	5.51218e-07
510	1	0	0	0	0	0	1	-0	0	0
511	1	1	46	107	7	1825	4.63421e-05	9.97946	4.7736e-09	0.000103008
512	0	0	0	0	0	0	1	-0	0	0
513	1	1	11	11	9	2	0.923781	0.07928	6.71764e-07	7.2719e-07
514	0	0	0	0	0	0	1	-0	0	0
515	1	1	67	121	13	5467	3.64015e-13	28.6416	1.08225e-16	0.000297309
516	0	0	0	0	0	0	1	-0	0	0
517	3	1	4	5	3	3	0.954374	0.0467	4.21487e-07	4.41638e-07
518	2	1	1	1	1	0	0.99374	0.00628	5.60942e-08	5.64476e-08
519	0	0	0	0	0	0	1	-0	0	0
520	3	2	8	8	5	4	0.931797	0.07064	6.18819e-07	6.64114e-07
521	0	0	0	0	0	0	1	-0	0	0
522	2	1	34	49	12	476	0.0648732	2.73532	1.82017e-06	2.80573e-05
523	0	0	0	0	0	0	1	-0	0	0
524	2	1	2	2	1	1	0.982495	0.01766	1.63122e-07	1.66028e-07
525	0	0	0	0	0	0	1	-0	0	0
526	3	1	2	2	2	0	0.987519	0.01256	1.11486e-07	1.12895e-07
527	1	1	17	29	6	197	0.30519	1.18682	3.69409e-06	1.21042e-05
528	0	0	0	0	0	0	1	-0	0	0
529	1	1	0	0	0	0	1	-0	0	0
530	0	0	0	0	0	0	1	-0	0	0
531	1	0	0	0	0	0	1	-0	0	0
532	0	0	0	0	0	0	1	-0	0	0
533	1	0	0	0	0	0	1	-0	0	0
534	1	1	29	59	8	1043	0.0033802	5.68982	1.98581e-07	5.87483e-05
535	1	1	1	1	1	0	0.99374	0.00628	5.60942e-08	5.64476e-08
536	1	1	25	27	14	26	0.73922	0.30216	2.14784e-06	2.90555e-06
537	0	0	0	0	0	0	1	-0	0	0
538	1	1	2	2	2	0	0.987519	0.01256	1.11486e-07	1.12895e-07
539	0	0	0	0	0	0	1	-0	0	0
540	1	1	43	102	10	3143	5.75933e-08	16.6699	9.94954e-12	0.000172755
541	0	0	0	0	0	0	1	-0	0	0
542	1	1	6	6	5	1	0.958122	0.04278	3.7541e-07	3.91819e-07
543	1	1	0	0	0	0	1	-0	0	0
544	3	2	0	0	0	0	1	-0	0	0
545	2	1	2	2	1	1	0.982495	0.01766	1.63122e-07	1.66028e-07
546	0	0	0	0	0	0	1	-0	0	0
547	2	0	0	0	0	0	1	-0	0	0
548	0	0	0	0	0	0	1	-0	0	0
549	4	4	114	198	42	2296	2.36901e-06	12.953	3.15482e-10	0.00013317
550	0	0	0	0	0	0	1	-0	0	0
551	2	1	13	14	5	45	0.728025	0.31742	2.31604e-06	3.18126e-06
552	1	1	0	0	0	0	1	-0	0	0
553	2	0	0	0	0	0	1	-0	0	0
554	1	1	2	2	1	1	0.982495	0.01766	1.63122e-07	1.66028e-07
555	0	0	0	0	0	0	1	-0	0	0
556	1	1	47	88	9	1381	0.000502588	7.59574	3.93749e-08	7.83443e-05
557	0	0	0	0	0	0	1	-0	0	0
558	1	1	0	0	0	0	1	-0	0	0
559	0	0	0	0	0	0	1	-0	0	0
560	1	0	0	0	0	0	1	-0	0	0
561	1	1	2	2	2	0	0.987519	0.01256	1.11486e-07	1.12895e-07
562	1	1	0	0	0	0	1	-0	0	0
563	1	1	15	16	11	11	0.855063	0.15658	1.27201e-06	1.48763e-06
564	0	0	0	0	0	0	1	-0	0	0
565	1	1	39	59	12	338	0.123154	2.09432	2.62188e-06	2.12894e-05
566	0	0	0	0	0	0	1	-0	0	0
567	1	1	9	9	4	9	0.90265	0.10242	8.90218e-07	9.86227e-07
568	0	0	0	0	0	0	1	-0	0	0
569	1	1	8	8	6	2	0.94135	0.06044	5.2513e-07	5.57847e-07
570	1	1	0	0	0	0	1	-0	0	0
571	2	1	1	1	1	0	0.99374	0.00628	5.60942e-08	5.64476e-08
572	2	2	9	10	5	11	0.887897	0.1189	1.02014e-06	1.14894e-06
573	0	0	0	0	0	0	1	-0	0	0
574	2	0	0	0	0	0	1	-0	0	0
575	0	0	0	0	0	0	1	-0	0	0
576	2	2	12	32	2	465	0.0763475	2.57246	2.02422e-06	2.65133e-05
577	0	0	0	0	0	0	1	-0	0	0
578	4	3	35	68	6	1140	0.00194783	6.24104	1.2546e-07	6.44103e-05
579	1	1	6	7	5	3	0.942462	0.05926	5.22626e-07	5.54533e-07
580	0	0	0	0	0	0	1	-0	0	0
581	1	0	0	0	0	0	1	-0	0	0
582	0	0	0	0	0	0	1	-0	0	0
583	1	1	0	0	0	0	1	-0	0	0
584	0	0	0	0	0	0	1	-0	0	0
585	1	1	31	47	12	447	0.0761645	2.57486	2.01101e-06	2.64036e-05
586	0	0	0	0	0	0	1	-0	0	0
587	1	0	0	0	0	0	1	-0	0	0
588	1	0	0	0	0	0	1	-0	0	0
589	0	0	0	0	0	0	1	-0	0	0
590	1	1	2	2	2	0	0.987519	0.01256	1.11486e-07	1.12895e-07
591	0	0	0	0	0	0	1	-0	0	0
592	1	1	39	78	14	806	0.0100474	4.60044	4.74522e-07	4.72283e-05
593	0	0	0	0	0	0	1	-0	0	0
594	1	1	48	121	13	4968	4.63827e-12	26.0967	1.25602e-15	0.000270796
595	1	0	0	0	0	0	1	-0	0	0
596	1	1	7	7	4	3	0.942462	0.05926	5.22626e-07	5.54533e-07
597	1	0	2	2	2	0	0.987519	0.01256	1.11486e-07	1.12895e-07
598	0	0	0	0	0	0	1	-0	0	0
599	2	1	34	81	11	1196	0.00134915	6.60828	9.19036e-08	6.81196e-05
600	0	0	0	0	0	0	1	-0	0	0
601	5	3	33	108	7	4952	5.46072e-12	25.9334	1.47009e-15	0.000269212
602	0	0	0	0	0	0	1	-0	0	0
603	2	0	1	1	1	0	0.99374	0.00628	5.60942e-08	5.64476e-08
604	1	1	51	90	10	2403	2.70475e-06	12.8205	3.59081e-10	0.000132759
605	2	1	108	255	18	11339	1.54792e-26	59.4303	9.54868e-30	0.000616871
606	1	1	0	0	0	0	1	-0	0	0
607	0	0	0	0	0	0	1	-0	0	0
608	2	2	17	28	4	235	0.253007	1.37434	3.559e-06	1.40668e-05
609	0	0	0	0	0	0	1	-0	0	0
610	2	1	58	111	4	4106	4.00751e-10	21.6377	8.99409e-14	0.000224431
611	0	0	0	0	0	0	1	-0	0	0
612	2	2	50	119	8	5190	1.51392e-12	27.2163	4.27649e-16	0.000282479
613	1	1	9	18	7	56	0.671232	0.39864	2.67923e-06	3.99152e-06
614	1	1	10	11	7	4	0.914407	0.08948	7.62118e-07	8.33456e-07
615	1	1	15	15	7	18	0.830274	0.186	1.49708e-06	1.80311e-06
616	0	0	0	0	0	0	1	-0	0	0
617	1	1	0	0	0	0	1	-0	0	0
618	0	0	0	0	0	0	1	-0	0	0
619	1	1	14	16	8	19	0.820879	0.19738	1.57009e-06	1.91269e-06
620	0	0	0	0	0	0	1	-0	0	0
621	1	1	23	26	13	34	0.714137	0.33668	2.3382e-06	3.27417e-06
622	1	0	0	0	0	0	1	-0	0	0
623	1	1	18	43	2	453	0.0757482	2.58034	2.00707e-06	2.64966e-05
624	1	0	0	0	0	0	1	-0	0	0
625	0	0	0	0	0	0	1	-0	0	0
626	4	1	4	4	4	0	0.975193	0.02512	2.20189e-07	2.2579e-07
627	0	0	0	0	0	0	1	-0	0	0
628	2	2	41	102	10	3505	9.09028e-09	18.5161	1.74524e-12	0.00019199
629	0	0	0	0	0	0	1	-0	0	0
630	5	3	24	25	17	10	0.812207	0.208	1.57773e-06	1.94252e-06
631	1	1	94	273	9	12369	7.23281e-29	64.7963	4.8649e-32	0.000672615
632	0	0	0	0	0	0	1	-0	0	0
633	2	1	5	5	3	3	0.954374	0.0467	4.21487e-07	4.41638e-07
634	0	0	0	0	0	0	1	-0	0	0
635	2	1	38	61	8	689	0.0203031	3.89698	8.13183e-07	4.00521e-05
636	0	0	0	0	0	0	1	-0	0	0
637	2	1	1	1	1	0	0.99374	0.00628	5.60942e-08	5.64476e-08
638	0	0	0	0	0	0	1	-0	0	0
639	2	1	1	1	1	0	0.99374	0.00628	5.60942e-08	5.64476e-08
640	1	1	44	126	6	3711	2.73433e-09	19.7174	5.58595e-13	0.00020429
641	0	0	0	0	0	0	1	-0	0	0
642	1	1	41	108	4	5256	1.15856e-12	27.4838	3.30613e-16	0.000285364
643	0	0	0	0	0	0	1	-0	0	0
644	1	1	9	12	4	19	0.84176	0.17226	1.41997e-06	1.6869e-06
645	0	0	0	0	0	0	1	-0	0	0
646	1	1	5	5	3	3	0.954374	0.0467	4.21487e-07	4.41638e-07
647	0	0	0	0	0	0	1	-0	0	0
648	1	1	12	13	9	7	0.889283	0.11734	9.83326e-07	1.10575e-06
649	1	1	21	65	5	1830	5.88099e-05	9.7412	5.93409e-09	0.000100903
650	0	0	0	0	0	0	1	-0	0	0
651	2	1	38	76	6	1331	0.000699335	7.26538	5.24574e-08	7.50103e-05
652	0	0	0	0	0	0	1	-0	0	0
653	3	2	1	1	1	0	0.99374	0.00628	5.60942e-08	5.64476e-08
654	0	0	0	0	0	0	1	-0	0	0
655	3	3	44	80	16	486	0.0507421	2.981	1.53944e-06	3.03385e-05
656	1	1	120	222	20	13368	6.10543e-31	69.571	4.4131e-34	0.000722816
657	2	1	3	3	3	0	0.981336	0.01884	1.66182e-07	1.69343e-07
658	2	1	1	1	1	0	0.99374	0.00628	5.60942e-08	5.64476e-08
659	0	0	0	0	0	0	1	-0	0	0
660	2	2	79	239	10	11054	7.32207e-26	57.8763	4.39928e-29	0.000600825
661	0	0	0	0	0	0	1	-0	0	0
662	2	1	1	1	1	0	0.99374	0.00628	5.60942e-08	5.64476e-08
663	0	0	0	0	0	0	1	-0	0	0
664	2	2	55	102	13	1458	0.0003108	8.07636	2.58666e-08	8.32259e-05
665	1	0	0	0	0	0	1	-0	0	0
666	2	0	0	0	0	0	1	-0	0	0
667	1	1	0	0	0	0	1	-0	0	0
668	0	0	0	0	0	0	1	-0	0	0
669	1	1	11	11	5	13	0.873384	0.13538	1.14558e-06	1.31166e-06
670	0	0	0	0	0	0	1	-0	0	0
671	1	1	14	15	7	23	0.809369	0.2115	1.67441e-06	2.06878e-06
672	0	0	0	0	0	0	1	-0	0	0
673	1	0	2	2	2	0	0.987519	0.01256	1.11486e-07	1.12895e-07
674	1	1	0	0	0	0	1	-0	0	0
675	1	1	4	4	4	0	0.975193	0.02512	2.20189e-07	2.2579e-07
676	1	1	30	51	11	673	0.0234571	3.75258	9.06325e-07	3.86375e-05
677	0	0	0	0	0	0	1	-0	0	0
678	3	3	26	28	16	33	0.70883	0.34414	2.36319e-06	3.33393e-06
679	0	0	0	0	0	0	1	-0	0	0
680	2	1	158	397	6	46394	1.44237e-104	239.103	3.58786e-107	0.00248747
681	0	0	0	0	0	0	1	-0	0	0
682	3	2	53	85	15	1094	0.00221346	6.1132	1.39283e-07	6.29258e-05
683	1	1	77	204	14	9429	3.62499e-22	49.369	1.85784e-25	0.000512508
684	2	2	225	655	18	63035	3.9558e-142	325.592	1.33952e-144	0.00338622
685	2	1	15	16	8	15	0.837797	0.17698	1.42439e-06	1.70016e-06
686	0	0	0	0	0	0	1	-0	0	0
687	2	1	0	0	0	0	1	-0	0	0
688	0	0	0	0	0	0	1	-0	0	0
689	2	2	1	1	1	0	0.99374	0.00628	5.60942e-08	5.64476e-08
690	0	0	0	0	0	0	1	-0	0	0
691	3	3	17	17	12	5	0.876113	0.13226	1.07348e-06	1.22528e-06
692	1	1	53	108	2	5071	2.9763e-12	26.5403	8.20074e-16	0.000275535
693	0	0	0	0	0	0	1	-0	0	0
694	1	0	0	0	0	0	1	-0	0	0
695	0	0	0	0	0	0	1	-0	0	0
696	1	1	4	4	4	0	0.975193	0.02512	2.20189e-07	2.2579e-07
697	0	0	0	0	0	0	1	-0	0	0
698	1	1	6	6	5	1	0.958122	0.04278	3.7541e-07	3.91819e-07
699	0	0	0	0	0	0	1	-0	0	0
700	1	1	0	0	0	0	1	-0	0	0
701	1	0	0	0	0	0	1	-0	0	0
702	0	0	0	0	0	0	1	-0	0	0
703	1	1	1	1	1	0	0.99374	0.00628	5.60942e-08	5.64476e-08
704	0	0	0	0	0	0	1	-0	0	0
705	2	2	113	249	14	7084	4.27091e-17	37.6921	1.66758e-20	0.000390451
706	0	0	0	0	0	0	1	-0	0	0
707	3	1	37	84	8	1306	0.000755508	7.18812	5.60085e-08	7.41336e-05
708	1	1	5	6	4	2	0.953248	0.04788	4.2415e-07	4.44952e-07
709	2	1	0	0	0	0	1	-0	0	0
710	3	2	92	243	15	8473	3.71865e-20	44.7383	1.72514e-23	0.000463914
711	0	0	0	0	0	0	1	-0	0	0
712	2	2	42	89	11	1333	0.00063797	7.35722	4.83902e-08	7.58504e-05
713	0	0	0	0	0	0	1	-0	0	0
714	2	1	1	1	1	0	0.99374	0.00628	5.60942e-08	5.64476e-08
715	0	0	0	0	0	0	1	-0	0	0
716	2	2	0	0	0	0	1	-0	0	0
717	1	0	1	1	1	0	0.99374	0.00628	5.60942e-08	5.64476e-08
718	2	1	0	0	0	0	1	-0	0	0
719	1	1	1	1	1	0	0.99374	0.00628	5.60942e-08	5.64476e-08
720	0	0	0	0	0	0	1	-0	0	0
721	1	0	0	0	0	0	1	-0	0	0
722	0	0	0	0	0	0	1	-0	0	0
723	1	0	0	0	0	0	1	-0	0	0
724	0	0	0	0	0	0	1	-0	0	0
725	1	1	6	12	3	31	0.791789	0.23346	1.84051e-06	2.3245e-06
726	1	1	6	6	4	3	0.948399	0.05298	4.72383e-07	4.98085e-07
727	1	1	1	1	1	0	0.99374	0.00628	5.60942e-08	5.64476e-08
728	1	1	23	65	7	1598	0.000192003	8.558	1.70068e-08	8.85759e-05
729	0	0	0	0	0	0	1	-0	0	0
730	1	1	2	3	1	3	0.966436	0.03414	3.17709e-07	3.28742e-07
731	0	0	0	0	0	0	1	-0	0	0
732	2	2	65	103	18	1004	0.00312838	5.76724	1.85074e-07	5.91598e-05
733	0	0	0	0	0	0	1	-0	0	0
734	3	2	72	156	9	4204	1.83266e-10	22.4201	4.25504e-14	0.000232178
735	2	1	5	5	4	1	0.964158	0.0365	3.23351e-07	3.35371e-07
736	3	3	26	30	16	32	0.703561	0.3516	2.38767e-06	3.39369e-06
737	2	2	4	5	3	3	0.954374	0.0467	4.21487e-07	4.41638e-07
738	0	0	0	0	0	0	1	-0	0	0
739	3	1	30	42	15	140	0.376153	0.97776	3.68985e-06	9.80945e-06
740	0	0	0	0	0	0	1	-0	0	0
741	2	2	44	94	12	1595	0.000162502	8.72482	1.46339e-08	9.00535e-05
742	0	0	0	0	0	0	1	-0	0	0
743	2	1	3	3	2	1	0.976344	0.02394	2.17213e-07	2.22476e-07
744	1	0	0	0	0	0	1	-0	0	0
745	0	0	0	0	0	0	1	-0	0	0
746	1	0	3	3	2	1	0.976344	0.02394	2.17213e-07	2.22476e-07
747	0	0	0	0	0	0	1	-0	0	0
748	1	1	2	2	2	0	0.987519	0.01256	1.11486e-07	1.12895e-07
749	0	0	0	0	0	0	1	-0	0	0
750	1	0	0	0	0	0	1	-0	0	0
751	0	0	0	0	0	0	1	-0	0	0
752	1	0	0	0	0	0	1	-0	0	0
753	1	1	9	9	6	4	0.925964	0.07692	6.67214e-07	7.20561e-07
754	0	0	0	0	0	0	1	-0	0	0
755	1	1	89	222	19	6274	3.14941e-15	33.3916	1.08935e-18	0.000345889
756	0	0	0	0	0	0	1	-0	0	0
757	1	1	1	1	1	0	0.99374	0.00628	5.60942e-08	5.64476e-08
758	0	0	0	0	0	0	1	-0	0	0
759	3	3	49	59	19	230	0.213628	1.54352	3.32214e-06	1.5551e-05
760	0	0	0	0	0	0	1	-0	0	0
761	2	2	30	47	10	362	0.117495	2.14136	2.57164e-06	2.18873e-05
762	2	1	11	13	3	55	0.696185	0.36214	2.54535e-06	3.65614e-06
763	0	0	0	0	0	0	1	-0	0	0
764	2	2	48	151	7	3959	6.59737e-10	21.1392	1.44402e-13	0.000218878
765	0	0	0	0	0	0	1	-0	0	0
766	2	1	0	0	0	0	1	-0	0	0
767	0	0	0	0	0	0	1	-0	0	0
768	3	1	1	1	1	0	0.99374	0.00628	5.60942e-08	5.64476e-08
769	1	1	8	8	6	2	0.94135	0.06044	5.2513e-07	5.57847e-07
770	2	1	11	12	8	10	0.881298	0.12636	1.06523e-06	1.2087e-06
771	1	0	1	1	1	0	0.99374	0.00628	5.60942e-08	5.64476e-08
772	0	0	0	0	0	0	1	-0	0	0
773	1	0	1	1	1	0	0.99374	0.00628	5.60942e-08	5.64476e-08
774	0	0	0	0	0	0	1	-0	0	0
775	1	1	0	0	0	0	1	-0	0	0
776	0	0	0	0	0	0	1	-0	0	0
777	1	0	2	2	1	1	0.982495	0.01766	1.63122e-07	1.66028e-07
778	1	1	26	73	3	2044	1.87777e-05	10.8828	2.11672e-09	0.000112725
779	1	0	0	0	0	0	1	-0	0	0
780	1	1	18	23	9	44	0.691536	0.36884	2.51453e-06	3.63616e-06
781	0	0	0	0	0	0	1	-0	0	0
782	1	1	28	59	10	1131	0.0021579	6.13862	1.36863e-07	6.34241e-05
783	0	0	0	0	0	0	1	-0	0	0
784	1	1	25	26	9	46	0.671743	0.39788	2.6277e-06	3.91176e-06
785	0	0	0	0	0	0	1	-0	0	0
786	3	1	7	8	6	3	0.936562	0.06554	5.72221e-07	6.1098e-07
787	2	1	2	2	2	0	0.987519	0.01256	1.11486e-07	1.12895e-07
788	3	2	5	5	4	1	0.964158	0.0365	3.23351e-07	3.35371e-07
789	2	1	7	7	6	1	0.952124	0.04906	4.26805e-07	4.48266e-07
790	0	0	0	0	0	0	1	-0	0	0
791	3	1	2	2	2	0	0.987519	0.01256	1.11486e-07	1.12895e-07
792	0	0	0	0	0	0	1	-0	0	0
793	2	2	0	0	0	0	1	-0	0	0
794	0	0	0	0	0	0	1	-0	0	0
795	2	0	1	1	1	0	0.99374	0.00628	5.60942e-08	5.64476e-08
796	1	1	0	0	0	0	1	-0	0	0
797	2	2	104	192	14	6094	9.52211e-15	32.2852	3.1864e-18	0.000334632
798	1	1	33	57	6	1056	0.00320334	5.74356	1.90042e-07	5.93262e-05
799	0	0	0	0	0	0	1	-0	0	0
800	1	0	0	0	0	0	1	-0	0	0
801	0	0	0	0	0	0	1	-0	0	0
802	1	1	0	0	0	0	1	-0	0	0
803	0	0	0	0	0	0	1	-0	0	0
804	1	1	2	2	1	1	0.982495	0.01766	1.63122e-07	1.66028e-07
805	1	1	126	289	17	13492	2.12978e-31	70.6241	1.56152e-34	0.000733186
806	0	0	0	0	0	0	1	-0	0	0
807	1	1	3	3	3	0	0.981336	0.01884	1.66182e-07	1.69343e-07
808	0	0	0	0	0	0	1	-0	0	0
809	1	1	40	106	4	5152	1.994e-12	26.9409	5.57772e-16	0.000279726
810	0	0	0	0	0	0	1	-0	0	0
811	1	1	31	72	10	1659	0.000134619	8.91306	1.24135e-08	9.22122e-05
812	0	0	0	0	0	0	1	-0	0	0
813	2	2	1	1	1	0	0.99374	0.00628	5.60942e-08	5.64476e-08
814	2	1	0	0	0	0	1	-0	0	0
815	0	0	0	0	0	0	1	-0	0	0
816	2	2	17	37	5	467	0.0732366	2.61406	1.97019e-06	2.69018e-05
817	0	0	0	0	0	0	1	-0	0	0
818	2	1	68	206	9	17424	7.0099e-40	90.1561	6.57123e-43	0.000937421
819	0	0	0	0	0	0	1	-0	0	0
820	3	3	109	234	12	7467	6.65462e-18	39.5512	2.72809e-21	0.000409954
821	1	1	0	0	0	0	1	-0	0	0
822	2	0	0	0	0	0	1	-0	0	0
823	1	1	1	1	1	0	0.99374	0.00628	5.60942e-08	5.64476e-08
824	0	0	0	0	0	0	1	-0	0	0
825	1	1	51	87	12	1741	8.06445e-05	9.42546	7.85605e-09	9.74158e-05
826	0	0	0	0	0	0	1	-0	0	0
827	1	1	0	0	0	0	1	-0	0	0
828	0	0	0	0	0	0	1	-0	0	0
829	1	0	0	0	0	0	1	-0	0	0
830	1	1	0	0	0	0	1	-0	0	0
831	1	1	3	3	2	1	0.976344	0.02394	2.17213e-07	2.22476e-07
832	1	1	63	90	12	1033	0.00292781	5.8335	1.75572e-07	5.99669e-05
833	0	0	0	0	0	0	1	-0	0	0
834	1	1	53	95	8	2369	3.11744e-06	12.6785	4.09117e-10	0.000131235
835	0	0	0	0	0	0	1	-0	0	0
836	1	1	1	1	1	0	0.99374	0.00628	5.60942e-08	5.64476e-08
837	0	0	0	0	0	0	1	-0	0	0
838	1	1	7	7	6	1	0.952124	0.04906	4.26805e-07	4.48266e-07
839	1	1	0	0	0	0	1	-0	0	0
840	3	3	14	16	9	11	0.855063	0.15658	1.27201e-06	1.48763e-06
841	2	2	3	3	3	0	0.981336	0.01884	1.66182e-07	1.69343e-07
842	0	0	0	0	0	0	1	-0	0	0
843	4	3	18	38	6	528	0.0533202	2.93144	1.61023e-06	3.01993e-05
844	0	0	0	0	0	0	1	-0	0	0
845	2	1	1	1	1	0	0.99374	0.00628	5.60942e-08	5.64476e-08
846	0	0	0	0	0	0	1	-0	0	0
847	2	1	83	171	17	3696	2.22506e-09	19.9235	4.58436e-13	0.000206033
848	1	1	23	33	11	100	0.488098	0.71724	3.50263e-06	7.17609e-06
849	3	1	71	207	6	7588	4.25363e-18	39.9988	1.76466e-21	0.000414859
850	1	0	5	6	4	2	0.953248	0.04788	4.2415e-07	4.44952e-07
851	0	0	0	0	0	0	1	-0	0	0
852	1	1	31	83	8	2776	4.21756e-07	14.6788	6.4184e-11	0.000152183
853	0	0	0	0	0	0	1	-0	0	0
854	1	1	71	227	9	13096	2.36882e-30	68.2152	1.67866e-33	0.000708646
855	0	0	0	0	0	0	1	-0	0	0
856	1	1	0	0	0	0	1	-0	0	0
857	1	0	0	0	0	0	1	-0	0	0
858	0	0	0	0	0	0	1	-0	0	0
859	1	1	6	7	4	6	0.928152	0.07456	6.62638e-07	7.13932e-07
860	0	0	0	0	0	0	1	-0	0	0
861	1	1	51	120	16	4668	2.15553e-11	24.5604	5.49228e-15	0.000254799
862	0	0	0	0	0	0	1	-0	0	0
863	1	1	11	11	5	16	0.860123	0.15068	1.26529e-06	1.47105e-06
864	0	0	0	0	0	0	1	-0	0	0
865	1	1	3	3	2	1	0.976344	0.02394	2.17213e-07	2.22476e-07
866	2	1	1	1	1	0	0.99374	0.00628	5.60942e-08	5.64476e-08
867	0	0	0	0	0	0	1	-0	0	0
868	4	3	79	129	23	3402	1.2974e-08	18.1603	2.43964e-12	0.000188041
869	0	0	0	0	0	0	1	-0	0	0
870	2	1	1	1	1	0	0.99374	0.00628	5.60942e-08	5.64476e-08
871	0	0	0	0	0	0	1	-0	0	0
872	4	3	62	126	18	2372	2.52699e-06	12.8885	3.36455e-10	0.000133144
873	0	0	0	0	0	0	1	-0	0	0
874	2	1	0	0	0	0	1	-0	0	0
875	1	1	26	31	13	85	0.533562	0.62818	3.3434e-06	6.2662e-06
876	0	0	0	0	0	0	1	-0	0	0
877	1	1	1	1	1	0	0.99374	0.00628	5.60942e-08	5.64476e-08
878	0	0	0	0	0	0	1	-0	0	0
879	1	1	2	2	1	1	0.982495	0.01766	1.63122e-07	1.66028e-07
880	0	0	0	0	0	0	1	-0	0	0
881	1	1	62	187	10	14552	1.81439e-33	75.3896	1.42203e-36	0.00078375
882	1	1	2	2	2	0	0.987519	0.01256	1.11486e-07	1.12895e-07
883	1	1	26	51	8	826	0.0107497	4.53288	5.02728e-07	4.67669e-05
884	1	1	32	78	7	2486	1.90994e-06	13.1684	2.60691e-10	0.000136492
885	0	0	0	0	0	0	1	-0	0	0
886	1	1	0	0	0	0	1	-0	0	0
887	0	0	0	0	0	0	1	-0	0	0
888	1	1	13	22	9	58	0.647938	0.43396	2.80141e-06	4.32357e-06
889	0	0	0	0	0	0	1	-0	0	0
890	1	1	60	97	20	919	0.0050113	5.29606	2.72138e-07	5.43048e-05
891	1	0	0	0	0	0	1	-0	0	0
892	1	1	1	1	1	0	0.99374	0.00628	5.60942e-08	5.64476e-08
893	2	2	5	6	5	1	0.958122	0.04278	3.7541e-07	3.91819e-07
894	0	0	0	0	0	0	1	-0	0	0
895	2	1	0	0	0	0	1	-0	0	0
896	0	0	0	0	0	0	1	-0	0	0
897	3	3	35	37	17	68	0.560369	0.57916	3.19501e-06	5.70162e-06
898	0	0	0	0	0	0	1	-0	0	0
899	2	0	1	1	1	0	0.99374	0.00628	5.60942e-08	5.64476e-08
900	1	1	8	16	6	55	0.683192	0.38098	2.61354e-06	3.82549e-06
901	4	4	105	220	20	5514	1.53819e-13	29.503	4.69755e-17	0.000305395
902	1	1	32	70	5	2018	2.1848e-05	10.7314	2.42894e-09	0.000111174
903	0	0	0	0	0	0	1	-0	0	0
904	2	2	12	25	4	231	0.263132	1.3351	3.60095e-06	1.3685e-05
905	0	0	0	0	0	0	1	-0	0	0
906	2	1	0	0	0	0	1	-0	0	0
907	0	0	0	0	0	0	1	-0	0	0
908	2	2	22	55	6	578	0.0371348	3.2932	1.25574e-06	3.38156e-05
909	1	1	15	26	4	181	0.337436	1.08638	3.74039e-06	1.10847e-05
910	1	1	30	65	12	810	0.0106819	4.5392	4.98922e-07	4.6707e-05
911	1	1	2	2	1	1	0.982495	0.01766	1.63122e-07	1.66028e-07
912	0	0	0	0	0	0	1	-0	0	0
913	1	0	3	3	3	0	0.981336	0.01884	1.66182e-07	1.69343e-07
914	0	0	0	0	0	0	1	-0	0	0
915	1	1	0	0	0	0	1	-0	0	0
916	0	0	0	0	0	0	1	-0	0	0
917	1	1	11	13	7	12	0.866893	0.14284	1.18887e-06	1.37142e-06
918	1	1	8	8	6	2	0.94135	0.06044	5.2513e-07	5.57847e-07
919	0	0	0	0	0	0	1	-0	0	0
920	3	2	4	4	4	0	0.975193	0.02512	2.20189e-07	2.2579e-07
921	0	0	0	0	0	0	1	-0	0	0
922	2	1	1	1	1	0	0.99374	0.00628	5.60942e-08	5.64476e-08
923	0	0	0	0	0	0	1	-0	0	0
924	3	2	5	5	5	0	0.969088	0.0314	2.73513e-07	2.82238e-07
925	0	0	0	0	0	0	1	-0	0	0
926	2	2	15	17	5	34	0.755663	0.28016	2.09027e-06	2.76614e-06
927	1	1	9	19	3	136	0.443561	0.81292	3.68094e-06	8.29862e-06
928	0	0	0	0	0	0	1	-0	0	0
929	2	2	25	36	9	252	0.220627	1.51128	3.40245e-06	1.54217e-05
930	0	0	0	0	0	0	1	-0	0	0
931	2	1	3	3	2	1	0.976344	0.02394	2.17213e-07	2.22476e-07
932	0	0	0	0	0	0	1	-0	0	0
933	2	2	10	10	9	1	0.934354	0.0679	5.77066e-07	6.17609e-07
934	1	0	0	0	0	0	1	-0	0	0
935	2	1	21	42	3	742	0.017458	4.04796	7.29666e-07	4.17956e-05
936	1	1	0	0	0	0	1	-0	0	0
937	0	0	0	0	0	0	1	-0	0	0
938	1	1	2	2	2	0	0.987519	0.01256	1.11486e-07	1.12895e-07
939	0	0	0	0	0	0	1	-0	0	0
940	1	1	2	2	2	0	0.987519	0.01256	1.11486e-07	1.12895e-07
941	0	0	0	0	0	0	1	-0	0	0
942	1	0	0	0	0	0	1	-0	0	0
943	1	1	2	2	2	0	0.987519	0.01256	1.11486e-07	1.12895e-07
944	1	1	39	56	10	908	0.00685704	4.98248	3.52493e-07	5.1406e-05
945	1	1	48	115	16	4473	6.01307e-11	23.5345	1.46813e-14	0.000244156
946	0	0	0	0	0	0	1	-0	0	0
947	2	1	10	25	3	124	0.454117	0.7894	3.6328e-06	7.99971e-06
948	0	0	0	0	0	0	1	-0	0	0
949	3	1	3	3	3	0	0.981336	0.01884	1.66182e-07	1.69343e-07
950	0	0	0	0	0	0	1	-0	0	0
951	2	1	1	1	1	0	0.99374	0.00628	5.60942e-08	5.64476e-08
952	1	1	55	145	8	3723	2.28272e-09	19.8979	4.70239e-13	0.000206
953	3	2	80	174	27	7315	2.10587e-17	38.3992	8.39169e-21	0.000398491
954	2	2	30	79	2	2277	5.51069e-06	12.1088	6.91282e-10	0.000125444
955	0	0	0	0	0	0	1	-0	0	0
956	2	2	0	0	0	0	1	-0	0	0
957	0	0	0	0	0	0	1	-0	0	0
958	2	2	50	111	6	4693	2.00783e-11	24.6314	5.13242e-15	0.00025562
959	0	0	0	0	0	0	1	-0	0	0
960	2	2	3	3	2	1	0.976344	0.02394	2.17213e-07	2.22476e-07
961	1	0	0	0	0	0	1	-0	0	0
962	3	2	23	39	7	468	0.0719546	2.63172	1.94765e-06	2.70678e-05
963	1	0	0	0	0	0	1	-0	0	0
964	0	0	0	0	0	0	1	-0	0	0
965	1	1	41	101	5	2402	2.53712e-06	12.8845	3.38267e-10	0.000133327
966	0	0	0	0	0	0	1	-0	0	0
967	1	1	1	1	1	0	0.99374	0.00628	5.60942e-08	5.64476e-08
968	0	0	0	0	0	0	1	-0	0	0
969	1	1	1	1	1	0	0.99374	0.00628	5.60942e-08	5.64476e-08
970	1	0	3	3	2	1	0.976344	0.02394	2.17213e-07	2.22476e-07
971	1	1	1	1	1	0	0.99374	0.00628	5.60942e-08	5.64476e-08
972	1	1	11	11	7	5	0.909755	0.09458	8.06579e-07	8.8659e-07
973	0	0	0	0	0	0	1	-0	0	0
974	2	2	17	18	11	9	0.853048	0.15894	1.27467e-06	1.49426e-06
975	0	0	0	0	0	0	1	-0	0	0
976	3	2	39	74	10	1034	0.00322082	5.73812	1.90405e-07	5.91169e-05
977	0	0	0	0	0	0	1	-0	0	0
978	3	2	6	6	5	1	0.958122	0.04278	3.7541e-07	3.91819e-07
979	1	1	3	3	3	0	0.981336	0.01884	1.66182e-07	1.69343e-07
980	0	0	0	0	0	0	1	-0	0	0
981	3	2	48	114	9	3585	5.60605e-09	18.9994	1.10393e-12	0.000196918
982	0	0	0	0	0	0	1	-0	0	0
983	2	1	15	18	5	91	0.561502	0.57714	3.28545e-06	5.85118e-06
984	0	0	0	0	0	0	1	-0	0	0
985	2	2	63	125	12	3552	6.19081e-09	18.9002	1.21207e-12	0.000195785
986	0	0	0	0	0	0	1	-0	0	0
987	2	1	63	175	8	6419	2.01955e-15	33.8359	7.08743e-19	0.00035094
988	1	1	1	1	1	0	0.99374	0.00628	5.60942e-08	5.64476e-08
989	0	0	0	0	0	0	1	-0	0	0
990	1	0	0	0	0	0	1	-0	0	0
991	0	0	0	0	0	0	1	-0	0	0
992	1	0	0	0	0	0	1	-0	0	0
993	0	0	0	0	0	0	1	-0	0	0
994	1	1	3	3	2	1	0.976344	0.02394	2.17213e-07	2.22476e-07
995	1	1	41	68	7	698	0.0185583	3.98684	7.59505e-07	4.09254e-05
996	1	1	18	41	3	541	0.0489684	3.01658	1.52093e-06	3.10594e-05
997	1	1	0	0	0	0	1	-0	0	0
998	0	0	0	0	0	0	1	-0	0	0
999	1	1	6	6	4	3	0.948399	0.05298	4.72383e-07	4.98085e-07
1000	0	0	0	0	0	0	1	-0	0	0