Hist	Tr_Tot	Tr_in	DSBs	DSBt	RIFs	NComb	PSurv	lPSurv	PMut*	PMut
1	133	108	46	47	31	22	0.665405	0.40736	2.54315e-06	3.82197e-06
2	107	85	30	31	25	6	0.798293	0.22528	1.65141e-06	2.06867e-06
3	148	122	23	24	18	9	0.821503	0.19662	1.50577e-06	1.83294e-06
4	115	81	28	29	23	6	0.808382	0.21272	1.58102e-06	1.95578e-06
5	117	92	37	39	29	15	0.725119	0.32142	2.17424e-06	2.99845e-06
6	127	97	22	22	18	5	0.849031	0.16366	1.27992e-06	1.50751e-06
7	117	85	31	31	22	11	0.778194	0.25078	1.81657e-06	2.33434e-06
8	101	79	46	47	27	47	0.585751	0.53486	3.01679e-06	5.1503e-06
9	94	77	25	25	22	3	0.841727	0.1723	1.32201e-06	1.57059e-06
10	141	110	31	31	23	13	0.770296	0.26098	1.87999e-06	2.44061e-06
11	125	92	26	27	22	5	0.822785	0.19506	1.47258e-06	1.78975e-06
12	114	93	28	28	22	8	0.80522	0.21664	1.61495e-06	2.0056e-06
13	116	96	44	46	34	16	0.690403	0.37048	2.37963e-06	3.44672e-06
14	111	82	40	40	26	23	0.691771	0.3685	2.40734e-06	3.47997e-06
15	122	90	31	34	23	18	0.736888	0.30532	2.11901e-06	2.87562e-06
16	122	89	37	37	29	8	0.760971	0.27316	1.9128e-06	2.51363e-06
17	128	109	24	24	21	4	0.84272	0.17112	1.32077e-06	1.56728e-06
18	116	92	29	32	25	8	0.785245	0.24176	1.75219e-06	2.23139e-06
19	137	108	46	46	33	20	0.676461	0.39088	2.47534e-06	3.65925e-06
20	110	79	32	32	27	7	0.78926	0.23666	1.71921e-06	2.17826e-06
21	119	94	55	56	41	19	0.638534	0.44858	2.66307e-06	4.1706e-06
22	117	84	22	23	20	3	0.852365	0.15974	1.24249e-06	1.45769e-06
23	126	99	37	38	26	18	0.718607	0.33044	2.22869e-06	3.10141e-06
24	123	107	32	32	22	15	0.757706	0.27746	1.97255e-06	2.60332e-06
25	128	95	37	38	30	10	0.748533	0.28964	2.00333e-06	2.67634e-06
26	129	110	53	53	40	23	0.637539	0.45014	2.68645e-06	4.21379e-06
27	101	80	37	38	28	21	0.707696	0.34574	2.30766e-06	3.26081e-06
28	138	108	45	48	35	24	0.654529	0.42384	2.60809e-06	3.98468e-06
29	111	89	41	43	35	10	0.725394	0.32104	2.14614e-06	2.95858e-06
30	125	103	37	38	34	4	0.771792	0.25904	1.81953e-06	2.35754e-06
31	118	91	26	26	22	4	0.832202	0.18368	1.39824e-06	1.68017e-06
32	122	100	39	41	31	12	0.727108	0.31868	2.14639e-06	2.95195e-06
33	119	88	33	33	24	13	0.760682	0.27354	1.9424e-06	2.5535e-06
34	102	86	30	30	23	11	0.783096	0.2445	1.78381e-06	2.27789e-06
35	122	92	39	39	30	11	0.740063	0.30102	2.06176e-06	2.78592e-06
36	111	83	11	12	9	3	0.913328	0.09066	7.64246e-07	8.36771e-07
37	125	101	30	30	26	4	0.811558	0.2088	1.5468e-06	1.90596e-06
38	112	86	37	37	33	4	0.776654	0.25276	1.78715e-06	2.30109e-06
39	131	97	33	35	24	17	0.736019	0.3065	2.11895e-06	2.87893e-06
40	119	94	43	45	30	20	0.680723	0.3846	2.45251e-06	3.60281e-06
41	128	103	42	43	37	6	0.740344	0.30064	2.03302e-06	2.74605e-06
42	124	96	31	31	26	6	0.798293	0.22528	1.65141e-06	2.06867e-06
43	150	123	61	62	38	48	0.530381	0.63416	3.20888e-06	6.05014e-06
44	131	95	38	42	32	20	0.693669	0.36576	2.38169e-06	3.43346e-06
45	105	75	27	27	22	6	0.8186	0.20016	1.50858e-06	1.84288e-06
46	112	90	26	27	19	10	0.80207	0.22056	1.64859e-06	2.05542e-06
47	114	90	29	30	25	5	0.807429	0.2139	1.58183e-06	1.95909e-06
48	117	83	40	40	30	13	0.727967	0.3175	2.14651e-06	2.94864e-06
49	120	95	32	33	27	7	0.784319	0.24294	1.75272e-06	2.2347e-06
50	124	95	44	45	32	17	0.691218	0.3693	2.38014e-06	3.44341e-06
51	125	100	37	40	28	21	0.698863	0.3583	2.35776e-06	3.3737e-06
52	132	96	22	23	21	2	0.856724	0.15464	1.20332e-06	1.40456e-06
53	133	98	47	47	36	15	0.689589	0.37166	2.37911e-06	3.45004e-06
54	107	77	43	44	35	12	0.713538	0.33752	2.22716e-06	3.12129e-06
55	146	111	39	39	30	13	0.732553	0.31122	2.11868e-06	2.89219e-06
56	115	87	43	43	32	17	0.699954	0.35674	2.33121e-06	3.33051e-06
57	116	94	19	19	14	5	0.865178	0.14482	1.15776e-06	1.33817e-06
58	120	93	40	41	27	30	0.663332	0.41048	2.59253e-06	3.90835e-06
59	119	93	37	39	33	7	0.755315	0.28062	1.94372e-06	2.57339e-06
60	107	76	29	29	25	4	0.81667	0.20252	1.51044e-06	1.84951e-06
61	117	90	32	33	23	12	0.764571	0.26844	1.91171e-06	2.50037e-06
62	117	97	29	29	26	3	0.820846	0.19742	1.47455e-06	1.79638e-06
63	128	94	42	42	32	10	0.729964	0.31476	2.11845e-06	2.90213e-06
64	117	93	34	35	29	7	0.774529	0.2555	1.81828e-06	2.3476e-06
65	116	97	44	44	37	9	0.724539	0.32222	2.14601e-06	2.96189e-06
66	134	114	26	26	24	2	0.840734	0.17348	1.32323e-06	1.5739e-06
67	121	88	57	59	40	39	0.565854	0.56942	3.05708e-06	5.4026e-06
68	125	96	33	33	28	5	0.79236	0.23274	1.68649e-06	2.12844e-06
69	127	97	31	31	20	16	0.7586	0.27628	1.97237e-06	2.60001e-06
70	105	77	26	26	18	10	0.807122	0.21428	1.61341e-06	1.99897e-06
71	136	107	42	42	32	12	0.722556	0.32496	2.17374e-06	3.0084e-06
72	109	81	27	28	21	9	0.801124	0.22174	1.6493e-06	2.05873e-06
73	122	89	27	28	23	5	0.817634	0.20134	1.50952e-06	1.8462e-06
74	116	93	41	41	31	18	0.705196	0.34928	2.30652e-06	3.27075e-06
75	118	97	61	62	45	22	0.605585	0.50156	2.82728e-06	4.66868e-06
76	122	98	35	36	30	10	0.757994	0.27708	1.94308e-06	2.56345e-06
77	131	105	41	41	33	9	0.738318	0.30338	2.06179e-06	2.79255e-06
78	128	98	30	31	25	7	0.794232	0.23038	1.68521e-06	2.12181e-06
79	100	75	23	23	20	4	0.848029	0.16484	1.28123e-06	1.51083e-06
80	137	96	35	36	25	19	0.723988	0.32298	2.20212e-06	3.04164e-06
81	111	85	35	36	22	19	0.723988	0.32298	2.20212e-06	3.04164e-06
82	130	101	30	30	25	6	0.803322	0.219	1.61647e-06	2.01223e-06
83	117	91	27	27	21	9	0.806171	0.21546	1.61418e-06	2.00228e-06
84	103	69	30	30	24	7	0.799235	0.2241	1.65071e-06	2.06536e-06
85	123	97	43	45	34	14	0.701875	0.354	2.30496e-06	3.28401e-06
86	115	93	22	22	18	4	0.853372	0.15856	1.24113e-06	1.45438e-06
87	125	96	39	40	33	11	0.73543	0.3073	2.09036e-06	2.84237e-06
88	114	95	39	40	28	15	0.720579	0.3277	2.2013e-06	3.0549e-06
89	118	90	40	40	30	13	0.727967	0.3175	2.14651e-06	2.94864e-06
90	112	87	27	29	24	5	0.812516	0.20762	1.54593e-06	1.90265e-06
91	135	106	42	42	34	10	0.729964	0.31476	2.11845e-06	2.90213e-06
92	118	84	33	34	25	10	0.767574	0.26452	1.88098e-06	2.45055e-06
93	140	112	47	48	40	10	0.702971	0.35244	2.2782e-06	3.24082e-06
94	124	96	35	35	30	5	0.78247	0.2453	1.75377e-06	2.24133e-06
95	118	100	43	43	31	17	0.699954	0.35674	2.33121e-06	3.33051e-06
96	131	105	39	40	30	13	0.727967	0.3175	2.14651e-06	2.94864e-06
97	120	94	34	35	28	9	0.766669	0.2657	1.8813e-06	2.45386e-06
98	107	86	24	26	20	9	0.811249	0.20918	1.57856e-06	1.94584e-06
99	113	87	36	36	29	9	0.761869	0.27198	1.91253e-06	2.51031e-06
100	120	91	36	37	32	5	0.772703	0.25786	1.81912e-06	2.35423e-06
101	119	91	40	41	30	18	0.705196	0.34928	2.30652e-06	3.27075e-06
102	132	96	23	23	20	4	0.848029	0.16484	1.28123e-06	1.51083e-06
103	125	103	38	39	32	7	0.755315	0.28062	1.94372e-06	2.57339e-06
104	121	92	24	24	19	5	0.838434	0.17622	1.3586e-06	1.62041e-06
105	132	106	33	36	29	11	0.754138	0.28218	1.97326e-06	2.61658e-06
106	106	80	17	18	15	3	0.879554	0.12834	1.03388e-06	1.17546e-06
107	144	112	32	32	23	12	0.769388	0.26216	1.88032e-06	2.44392e-06
108	114	92	30	30	25	6	0.803322	0.219	1.61647e-06	2.01223e-06
109	117	101	38	40	24	22	0.695308	0.3634	2.38271e-06	3.42683e-06
110	120	94	28	29	25	5	0.812516	0.20762	1.54593e-06	1.90265e-06
111	118	97	25	25	21	5	0.833185	0.1825	1.39713e-06	1.67686e-06
112	126	99	25	25	18	9	0.81636	0.2029	1.54242e-06	1.88939e-06
113	92	70	22	22	17	6	0.844712	0.16876	1.3183e-06	1.56065e-06
114	119	97	42	43	38	5	0.74413	0.29554	2.00388e-06	2.69291e-06
115	126	102	34	35	26	13	0.751187	0.2861	2.00296e-06	2.6664e-06
116	120	93	28	29	22	7	0.80427	0.21782	1.61571e-06	2.00891e-06
117	115	95	38	38	31	8	0.756207	0.27944	1.94351e-06	2.57007e-06
118	105	85	40	42	29	22	0.68663	0.37596	2.43048e-06	3.53973e-06
119	121	97	40	40	30	14	0.724264	0.3226	2.17407e-06	3.00177e-06
120	128	99	27	28	22	7	0.809337	0.21154	1.5802e-06	1.95247e-06
121	127	102	29	31	21	19	0.747082	0.29158	2.0615e-06	2.75941e-06
122	101	81	25	26	16	25	0.74768	0.29078	2.09049e-06	2.79597e-06
123	135	104	34	36	28	9	0.761869	0.27198	1.91253e-06	2.51031e-06
124	109	80	22	22	20	3	0.857735	0.15346	1.2019e-06	1.40125e-06
125	125	102	35	38	28	21	0.707696	0.34574	2.30766e-06	3.26081e-06
126	116	100	22	23	20	3	0.852365	0.15974	1.24249e-06	1.45769e-06
127	110	91	18	18	15	3	0.879554	0.12834	1.03388e-06	1.17546e-06
128	122	97	32	32	27	5	0.797351	0.22646	1.6521e-06	2.07199e-06
129	125	83	30	30	26	4	0.811558	0.2088	1.5468e-06	1.90596e-06
130	128	104	25	25	22	3	0.841727	0.1723	1.32201e-06	1.57059e-06
131	111	90	23	24	15	15	0.796745	0.22722	1.71439e-06	2.15174e-06
132	136	112	46	48	38	18	0.674867	0.39324	2.47398e-06	3.66588e-06
133	110	87	39	40	30	11	0.73543	0.3073	2.09036e-06	2.84237e-06
134	131	106	30	30	28	2	0.819878	0.1986	1.47553e-06	1.79969e-06
135	117	99	31	31	23	9	0.786172	0.24058	1.75165e-06	2.22807e-06
136	107	76	27	28	23	6	0.813475	0.20644	1.54506e-06	1.89933e-06
137	123	103	32	32	24	11	0.773322	0.25706	1.84885e-06	2.39079e-06
138	151	119	37	39	27	15	0.725119	0.32142	2.17424e-06	2.99845e-06
139	129	95	31	31	19	16	0.7586	0.27628	1.97237e-06	2.60001e-06
140	101	76	22	22	19	3	0.857735	0.15346	1.2019e-06	1.40125e-06
141	102	75	26	27	22	6	0.8186	0.20016	1.50858e-06	1.84288e-06
142	114	95	34	34	25	15	0.748249	0.29002	2.03241e-06	2.71622e-06
143	124	99	40	40	34	7	0.750587	0.2869	1.97392e-06	2.62984e-06
144	118	91	36	38	29	13	0.737168	0.30494	2.09042e-06	2.83574e-06
145	115	88	34	34	31	4	0.791425	0.23392	1.68712e-06	2.13175e-06
146	123	101	37	39	28	21	0.703266	0.35202	2.33291e-06	3.31725e-06
147	118	94	31	31	23	15	0.762479	0.27118	1.94194e-06	2.54687e-06
148	130	109	31	32	29	3	0.805526	0.21626	1.58344e-06	1.96572e-06
149	122	96	26	27	25	2	0.835471	0.17976	1.36211e-06	1.63035e-06
150	111	92	36	37	31	7	0.764862	0.26806	1.88194e-06	2.46049e-06
151	112	79	34	34	31	3	0.795472	0.22882	1.65348e-06	2.07862e-06
152	115	94	16	16	13	3	0.890671	0.11578	9.46393e-07	1.06256e-06
153	119	93	40	41	32	12	0.727108	0.31868	2.14639e-06	2.95195e-06
154	107	78	26	26	21	6	0.823757	0.19388	1.47159e-06	1.78644e-06
155	124	101	37	38	31	8	0.756207	0.27944	1.94351e-06	2.57007e-06
156	116	93	27	28	21	10	0.797048	0.22684	1.68326e-06	2.11186e-06
157	131	101	42	42	33	19	0.697216	0.36066	2.35682e-06	3.38033e-06
158	105	80	29	33	21	17	0.745321	0.29394	2.06158e-06	2.76604e-06
159	143	119	41	41	34	7	0.745888	0.29318	2.00367e-06	2.68628e-06
160	113	90	27	27	22	6	0.8186	0.20016	1.50858e-06	1.84288e-06
161	129	101	41	42	30	18	0.700781	0.35556	2.33164e-06	3.3272e-06
162	119	99	32	33	28	5	0.79236	0.23274	1.68649e-06	2.12844e-06
163	128	101	28	28	24	5	0.817634	0.20134	1.50952e-06	1.8462e-06
164	125	101	37	38	27	13	0.737168	0.30494	2.09042e-06	2.83574e-06
165	94	76	36	38	28	17	0.722282	0.32534	2.20171e-06	3.04827e-06
166	132	107	41	43	33	13	0.71438	0.33634	2.22742e-06	3.11798e-06
167	106	87	28	29	22	10	0.792059	0.23312	1.71743e-06	2.16831e-06
168	122	100	41	44	32	17	0.695573	0.36302	2.35588e-06	3.38696e-06
169	111	82	28	29	22	14	0.776064	0.25352	1.84769e-06	2.38085e-06
170	115	89	33	34	25	13	0.75592	0.27982	1.97291e-06	2.60995e-06
171	120	97	42	43	27	27	0.665152	0.40774	2.56871e-06	3.86184e-06
172	131	94	24	24	21	4	0.84272	0.17112	1.32077e-06	1.56728e-06
173	126	96	27	28	22	7	0.809337	0.21154	1.5802e-06	1.95247e-06
174	107	81	44	45	35	14	0.701875	0.354	2.30496e-06	3.28401e-06
175	134	107	58	58	43	19	0.630564	0.46114	2.70102e-06	4.28349e-06
176	108	78	36	36	27	12	0.750302	0.28728	2.00309e-06	2.66971e-06
177	114	90	58	61	41	35	0.570307	0.56158	3.02432e-06	5.30297e-06
178	115	93	26	27	21	8	0.810292	0.21036	1.57938e-06	1.94915e-06
179	129	98	43	43	25	26	0.668553	0.40264	2.54632e-06	3.80871e-06
180	121	95	46	49	32	28	0.637297	0.45052	2.71084e-06	4.25366e-06
181	118	97	26	27	22	6	0.8186	0.20016	1.50858e-06	1.84288e-06
182	127	104	34	35	29	7	0.774529	0.2555	1.81828e-06	2.3476e-06
183	114	93	30	31	25	6	0.798293	0.22528	1.65141e-06	2.06867e-06
184	135	99	34	35	23	18	0.732274	0.3116	2.14708e-06	2.93206e-06
185	109	75	24	24	19	9	0.821503	0.19662	1.50577e-06	1.83294e-06
186	136	117	35	38	29	12	0.740937	0.29984	2.06174e-06	2.78261e-06
187	116	92	32	32	27	11	0.773322	0.25706	1.84885e-06	2.39079e-06
188	111	83	30	32	23	11	0.773322	0.25706	1.84885e-06	2.39079e-06
189	122	102	41	43	33	14	0.710746	0.34144	2.25386e-06	3.17111e-06
190	101	80	37	38	28	14	0.733418	0.31004	2.11875e-06	2.88887e-06
191	128	96	41	41	24	30	0.663332	0.41048	2.59253e-06	3.90835e-06
192	100	80	23	23	19	5	0.843715	0.16994	1.31954e-06	1.56396e-06
193	137	116	52	52	41	15	0.668272	0.40306	2.49417e-06	3.73227e-06
194	139	108	43	43	35	9	0.729103	0.31594	2.11837e-06	2.90545e-06
195	125	102	57	58	37	40	0.566522	0.56824	3.05881e-06	5.39929e-06
196	128	98	36	37	29	10	0.753249	0.28336	1.97343e-06	2.61989e-06
197	117	98	47	49	29	37	0.608706	0.49642	2.88031e-06	4.73186e-06
198	123	97	52	53	38	24	0.634296	0.45524	2.70649e-06	4.26692e-06
199	120	97	28	30	25	6	0.803322	0.219	1.61647e-06	2.01223e-06
200	129	102	43	44	31	19	0.688514	0.37322	2.40513e-06	3.49323e-06
201	125	100	50	50	38	15	0.676718	0.3905	2.4493e-06	3.61938e-06
202	119	94	27	27	24	3	0.831221	0.18486	1.39935e-06	1.68348e-06
203	112	81	28	30	24	6	0.803322	0.219	1.61647e-06	2.01223e-06
204	119	94	36	36	26	14	0.742687	0.29748	2.06168e-06	2.77598e-06
205	118	93	28	30	26	4	0.811558	0.2088	1.5468e-06	1.90596e-06
206	127	99	37	39	32	8	0.751473	0.28572	1.97376e-06	2.62652e-06
207	124	96	41	42	28	20	0.693669	0.36576	2.38169e-06	3.43346e-06
208	137	109	34	34	25	18	0.736888	0.30532	2.11901e-06	2.87562e-06
209	130	88	29	29	25	4	0.81667	0.20252	1.51044e-06	1.84951e-06
210	104	88	35	35	29	6	0.778489	0.2504	1.78622e-06	2.29447e-06
211	141	114	34	35	30	6	0.778489	0.2504	1.78622e-06	2.29447e-06
212	113	85	28	28	25	4	0.821815	0.19624	1.47357e-06	1.79307e-06
213	137	107	42	42	24	25	0.676204	0.39126	2.50137e-06	3.69913e-06
214	119	100	54	54	44	12	0.670106	0.40032	2.46985e-06	3.68577e-06
215	133	105	31	31	27	5	0.802374	0.22018	1.61722e-06	2.01554e-06
216	125	104	39	40	23	42	0.627884	0.4654	2.81888e-06	4.4895e-06
217	102	72	21	23	18	6	0.839423	0.17504	1.35743e-06	1.61709e-06
218	132	109	34	34	26	9	0.771499	0.25942	1.8496e-06	2.39742e-06
219	106	88	24	24	19	6	0.834168	0.18132	1.39602e-06	1.67354e-06
220	144	113	35	36	32	4	0.781547	0.24648	1.7543e-06	2.24465e-06
221	114	86	34	37	27	12	0.745604	0.29356	2.03264e-06	2.72616e-06
222	112	98	40	41	30	13	0.723409	0.32378	2.17391e-06	3.00508e-06
223	122	98	25	25	20	8	0.820534	0.1978	1.50671e-06	1.83626e-06
224	136	103	41	43	28	23	0.67886	0.38734	2.47737e-06	3.64931e-06
225	126	101	55	57	39	25	0.615414	0.48546	2.79758e-06	4.54584e-06
226	111	90	19	19	15	5	0.865178	0.14482	1.15776e-06	1.33817e-06
227	133	100	34	36	29	8	0.765765	0.26688	1.88162e-06	2.45718e-06
228	125	97	51	53	41	17	0.657349	0.41954	2.56037e-06	3.89499e-06
229	132	106	41	42	34	9	0.733696	0.30966	2.0903e-06	2.849e-06
230	115	91	18	19	16	3	0.874048	0.13462	1.07674e-06	1.2319e-06
231	107	71	29	30	21	11	0.783096	0.2445	1.78381e-06	2.27789e-06
232	121	93	19	19	16	3	0.874048	0.13462	1.07674e-06	1.2319e-06
233	109	75	33	35	24	16	0.739782	0.3014	2.09047e-06	2.8258e-06
234	127	103	24	26	21	5	0.827969	0.18878	1.43512e-06	1.7333e-06
235	124	94	27	29	21	10	0.792059	0.23312	1.71743e-06	2.16831e-06
236	135	108	33	35	25	12	0.755028	0.281	1.97309e-06	2.61326e-06
237	109	90	20	20	19	1	0.877481	0.1307	1.03726e-06	1.18209e-06
238	142	110	30	32	24	9	0.78125	0.24686	1.78478e-06	2.28452e-06
239	116	89	30	30	25	5	0.807429	0.2139	1.58183e-06	1.95909e-06
240	114	92	42	44	33	14	0.706297	0.34772	2.27961e-06	3.22756e-06
241	122	95	29	29	26	4	0.81667	0.20252	1.51044e-06	1.84951e-06
242	124	105	36	36	26	13	0.746485	0.29238	2.03256e-06	2.72285e-06
243	128	105	43	44	35	10	0.720853	0.32732	2.17339e-06	3.01503e-06
244	98	78	32	35	26	14	0.747366	0.2912	2.03249e-06	2.71953e-06
245	136	104	27	27	25	2	0.835471	0.17976	1.36211e-06	1.63035e-06
246	110	89	34	34	25	11	0.76367	0.26962	1.91199e-06	2.50368e-06
247	155	121	42	45	32	20	0.680723	0.3846	2.45251e-06	3.60281e-06
248	132	99	46	46	36	11	0.708235	0.34498	2.25293e-06	3.18105e-06
249	120	96	22	23	20	4	0.848029	0.16484	1.28123e-06	1.51083e-06
250	107	86	33	34	27	7	0.779408	0.24922	1.78574e-06	2.29115e-06
251	118	96	44	45	38	8	0.723684	0.3234	2.14587e-06	2.96521e-06
252	129	102	31	32	21	15	0.757706	0.27746	1.97255e-06	2.60332e-06
253	128	106	31	32	21	23	0.727414	0.31826	2.20289e-06	3.02839e-06
254	117	93	44	44	31	20	0.685011	0.37832	2.4293e-06	3.54636e-06
255	111	94	27	27	22	5	0.822785	0.19506	1.47258e-06	1.78975e-06
256	125	99	34	35	22	19	0.728549	0.3167	2.17486e-06	2.9852e-06
257	118	92	35	35	25	13	0.751187	0.2861	2.00296e-06	2.6664e-06
258	125	103	28	28	25	3	0.826017	0.19114	1.43721e-06	1.73993e-06
259	123	97	28	28	22	8	0.80522	0.21664	1.61495e-06	2.0056e-06
260	95	76	15	16	13	4	0.88614	0.12088	9.88662e-07	1.11569e-06
261	130	103	35	35	29	8	0.770589	0.2606	1.84998e-06	2.40073e-06
262	103	87	41	41	31	13	0.723409	0.32378	2.17391e-06	3.00508e-06
263	140	116	44	44	37	12	0.713538	0.33752	2.22716e-06	3.12129e-06
264	112	89	36	38	25	18	0.718607	0.33044	2.22869e-06	3.10141e-06
265	119	97	41	41	32	10	0.734563	0.30848	2.09033e-06	2.84568e-06
266	119	95	30	31	22	13	0.770296	0.26098	1.87999e-06	2.44061e-06
267	139	112	43	43	37	7	0.736578	0.30574	2.06181e-06	2.79918e-06
268	124	99	30	32	21	15	0.757706	0.27746	1.97255e-06	2.60332e-06
269	107	81	28	29	21	11	0.788029	0.23822	1.75056e-06	2.22145e-06
270	131	106	26	26	21	5	0.827969	0.18878	1.43512e-06	1.7333e-06
271	105	77	30	30	24	6	0.803322	0.219	1.61647e-06	2.01223e-06
272	142	114	45	46	40	6	0.726527	0.31948	2.11811e-06	2.91539e-06
273	113	93	26	27	20	13	0.789891	0.23586	1.74946e-06	2.21482e-06
274	121	99	37	37	29	15	0.734284	0.30886	2.11882e-06	2.88556e-06
275	117	95	19	19	15	5	0.865178	0.14482	1.15776e-06	1.33817e-06
276	118	95	39	39	32	7	0.755315	0.28062	1.94372e-06	2.57339e-06
277	125	98	38	38	28	15	0.729687	0.31514	2.14674e-06	2.94201e-06
278	115	86	31	33	24	12	0.764571	0.26844	1.91171e-06	2.50037e-06
279	132	109	36	38	31	8	0.756207	0.27944	1.94351e-06	2.57007e-06
280	124	100	37	38	24	26	0.689878	0.37124	2.43284e-06	3.52647e-06
281	136	102	30	31	22	14	0.766378	0.26608	1.91115e-06	2.49374e-06
282	114	89	29	32	21	19	0.742405	0.29786	2.0905e-06	2.81585e-06
283	111	82	27	27	25	2	0.835471	0.17976	1.36211e-06	1.63035e-06
284	120	98	23	23	19	6	0.839423	0.17504	1.35743e-06	1.61709e-06
285	128	95	37	38	30	12	0.740937	0.29984	2.06174e-06	2.78261e-06
286	126	107	49	49	38	12	0.691481	0.36892	2.35348e-06	3.40353e-06
287	120	93	37	37	25	17	0.726832	0.31906	2.17455e-06	2.99183e-06
288	134	109	32	33	28	5	0.79236	0.23274	1.68649e-06	2.12844e-06
289	108	78	34	36	28	10	0.757994	0.27708	1.94308e-06	2.56345e-06
290	113	85	34	35	28	9	0.766669	0.2657	1.8813e-06	2.45386e-06
291	115	94	25	25	18	9	0.81636	0.2029	1.54242e-06	1.88939e-06
292	117	96	32	33	22	18	0.74153	0.29904	2.0905e-06	2.81917e-06
293	121	92	26	27	22	5	0.822785	0.19506	1.47258e-06	1.78975e-06
294	136	101	41	42	28	36	0.639314	0.44736	2.73856e-06	4.28359e-06
295	127	100	34	34	25	13	0.75592	0.27982	1.97291e-06	2.60995e-06
296	97	76	19	19	15	5	0.865178	0.14482	1.15776e-06	1.33817e-06
297	135	101	30	30	22	12	0.779112	0.2496	1.81613e-06	2.33103e-06
298	109	87	42	42	30	18	0.700781	0.35556	2.33164e-06	3.3272e-06
299	127	100	40	41	31	12	0.727108	0.31868	2.14639e-06	2.95195e-06
300	116	96	25	27	18	11	0.797989	0.22566	1.6826e-06	2.10855e-06
301	123	88	29	31	20	16	0.7586	0.27628	1.97237e-06	2.60001e-06
302	111	83	23	24	19	5	0.838434	0.17622	1.3586e-06	1.62041e-06
303	127	93	31	31	27	7	0.794232	0.23038	1.68521e-06	2.12181e-06
304	112	88	33	36	29	9	0.761869	0.27198	1.91253e-06	2.51031e-06
305	132	102	31	31	28	3	0.8106	0.20998	1.54766e-06	1.90928e-06
306	120	93	44	48	35	21	0.66462	0.40854	2.54236e-06	3.82528e-06
307	110	86	26	26	23	3	0.836457	0.17858	1.36095e-06	1.62704e-06
308	120	92	40	40	34	6	0.754425	0.2818	1.94393e-06	2.5767e-06
309	117	93	33	33	20	16	0.749132	0.28884	2.03232e-06	2.7129e-06
310	128	96	47	47	34	24	0.658652	0.41756	2.58734e-06	3.92823e-06
311	123	95	29	29	27	2	0.825043	0.19232	1.43825e-06	1.74325e-06
312	103	77	17	17	13	4	0.880593	0.12716	1.03218e-06	1.17214e-06
313	129	100	49	49	31	29	0.634055	0.45562	2.73074e-06	4.3068e-06
314	143	113	34	34	29	5	0.787399	0.23902	1.72038e-06	2.18488e-06
315	139	100	49	51	34	21	0.652216	0.42738	2.60536e-06	3.99462e-06
316	112	87	41	42	27	32	0.65249	0.42696	2.65633e-06	4.07106e-06
317	94	77	39	40	27	25	0.684751	0.3787	2.45568e-06	3.58623e-06
318	118	96	28	30	26	4	0.811558	0.2088	1.5468e-06	1.90596e-06
319	124	97	37	38	30	9	0.75236	0.28454	1.9736e-06	2.62321e-06
320	124	97	47	48	33	26	0.647886	0.43404	2.65047e-06	4.09095e-06
321	112	93	27	27	24	4	0.826992	0.18996	1.43617e-06	1.73662e-06
322	130	100	39	40	28	19	0.706028	0.3481	2.3069e-06	3.26743e-06
323	104	85	32	33	26	8	0.780329	0.24804	1.78526e-06	2.28784e-06
324	141	110	34	36	31	6	0.773616	0.25668	1.8187e-06	2.35091e-06
325	113	84	28	28	24	5	0.817634	0.20134	1.50952e-06	1.8462e-06
326	118	93	43	44	35	13	0.709908	0.34262	2.25355e-06	3.17443e-06
327	119	95	40	40	32	15	0.720579	0.3277	2.2013e-06	3.0549e-06
328	121	103	52	53	42	21	0.644075	0.43994	2.64555e-06	4.10752e-06
329	128	98	24	24	21	3	0.847029	0.16602	1.28252e-06	1.51414e-06
330	117	93	34	35	29	6	0.778489	0.2504	1.78622e-06	2.29447e-06
331	103	78	24	25	20	6	0.828946	0.1876	1.43407e-06	1.72999e-06
332	112	82	36	37	28	10	0.753249	0.28336	1.97343e-06	2.61989e-06
333	143	112	43	43	32	13	0.71438	0.33634	2.22742e-06	3.11798e-06
334	114	87	33	34	21	19	0.733139	0.31042	2.14718e-06	2.92875e-06
335	115	94	23	23	16	10	0.822473	0.19544	1.50482e-06	1.82963e-06
336	120	90	44	45	35	12	0.709071	0.3438	2.25324e-06	3.17774e-06
337	164	131	62	63	48	21	0.604871	0.50274	2.82596e-06	4.672e-06
338	126	103	28	28	25	3	0.826017	0.19114	1.43721e-06	1.73993e-06
339	123	90	40	40	31	10	0.73919	0.3022	2.06178e-06	2.78924e-06
340	133	106	32	34	25	12	0.759785	0.27472	1.94263e-06	2.55682e-06
341	107	79	35	36	25	16	0.735151	0.30768	2.11888e-06	2.88224e-06
342	132	104	30	30	24	9	0.791124	0.2343	1.71803e-06	2.17163e-06
343	115	89	18	18	17	1	0.888572	0.11814	9.50052e-07	1.06919e-06
344	120	88	40	41	29	14	0.719729	0.32888	2.20109e-06	3.05822e-06
345	121	90	44	45	36	10	0.71634	0.3336	2.20022e-06	3.07147e-06
346	98	75	33	33	26	11	0.768481	0.26334	1.88065e-06	2.44724e-06
347	126	94	39	43	31	16	0.703533	0.35164	2.30574e-06	3.27738e-06
348	128	107	70	72	50	34	0.534962	0.62556	3.14063e-06	5.87076e-06
349	134	98	37	37	30	8	0.760971	0.27316	1.9128e-06	2.51363e-06
350	108	81	23	25	17	17	0.783723	0.2437	1.81389e-06	2.31445e-06
351	122	95	40	43	34	11	0.721704	0.32614	2.17357e-06	3.01171e-06
352	116	93	35	37	28	14	0.738038	0.30376	2.09044e-06	2.83243e-06
353	106	77	16	16	16	0	0.904403	0.10048	8.16822e-07	9.03162e-07
354	121	95	30	31	25	7	0.794232	0.23038	1.68521e-06	2.12181e-06
355	123	100	44	45	34	13	0.705464	0.3489	2.27926e-06	3.23087e-06
356	131	94	26	26	24	2	0.840734	0.17348	1.32323e-06	1.5739e-06
357	120	97	36	37	30	8	0.760971	0.27316	1.9128e-06	2.51363e-06
358	123	103	28	28	26	2	0.83024	0.18604	1.40045e-06	1.6868e-06
359	120	88	37	39	29	12	0.736298	0.30612	2.09039e-06	2.83905e-06
360	129	102	39	39	30	14	0.728826	0.31632	2.14663e-06	2.94532e-06
361	117	82	34	34	30	4	0.791425	0.23392	1.68712e-06	2.13175e-06
362	132	100	42	42	32	15	0.711585	0.34026	2.25416e-06	3.1678e-06
363	122	96	41	42	30	15	0.711585	0.34026	2.25416e-06	3.1678e-06
364	108	78	30	30	22	10	0.7871	0.2394	1.75111e-06	2.22476e-06
365	129	98	36	36	27	15	0.738909	0.30258	2.09046e-06	2.82911e-06
366	133	107	39	41	30	19	0.701608	0.35438	2.33206e-06	3.32388e-06
367	138	116	37	39	28	14	0.728826	0.31632	2.14663e-06	2.94532e-06
368	111	79	20	20	16	4	0.864158	0.146	1.15925e-06	1.34148e-06
369	122	101	41	41	29	18	0.705196	0.34928	2.30652e-06	3.27075e-06
370	118	95	41	42	28	21	0.690141	0.37086	2.40624e-06	3.4866e-06
371	125	89	31	31	24	8	0.790191	0.23548	1.71862e-06	2.17494e-06
372	123	97	54	56	41	24	0.622457	0.47408	2.76138e-06	4.43626e-06
373	115	98	36	37	31	7	0.764862	0.26806	1.88194e-06	2.46049e-06
374	130	107	38	40	30	15	0.720579	0.3277	2.2013e-06	3.0549e-06
375	102	77	36	36	31	5	0.777571	0.25158	1.78669e-06	2.29778e-06
376	140	111	47	47	33	21	0.668807	0.40226	2.52062e-06	3.76883e-06
377	112	85	39	40	33	11	0.73543	0.3073	2.09036e-06	2.84237e-06
378	112	90	36	37	27	17	0.726832	0.31906	2.17455e-06	2.99183e-06
379	118	97	45	46	34	17	0.686891	0.37558	2.40402e-06	3.49985e-06
380	124	105	39	39	34	8	0.751473	0.28572	1.97376e-06	2.62652e-06
381	124	91	38	40	27	18	0.709638	0.343	2.28099e-06	3.2143e-06
382	84	65	34	34	26	8	0.775444	0.25432	1.81786e-06	2.34428e-06
383	108	84	41	42	27	31	0.655826	0.42186	2.63506e-06	4.01793e-06
384	128	94	50	50	36	21	0.656324	0.4211	2.58472e-06	3.93818e-06
385	140	108	49	50	38	17	0.669851	0.4007	2.49563e-06	3.72564e-06
386	113	87	25	26	18	10	0.807122	0.21428	1.61341e-06	1.99897e-06
387	118	97	49	49	34	20	0.663836	0.40972	2.54156e-06	3.8286e-06
388	119	91	36	36	28	9	0.761869	0.27198	1.91253e-06	2.51031e-06
389	104	79	37	37	26	20	0.715796	0.33436	2.25563e-06	3.15123e-06
390	125	99	33	33	30	4	0.796411	0.22764	1.65279e-06	2.0753e-06
391	126	95	20	20	16	4	0.864158	0.146	1.15925e-06	1.34148e-06
392	132	106	41	42	31	14	0.715224	0.33516	2.22768e-06	3.11466e-06
393	106	76	28	29	24	6	0.808382	0.21272	1.58102e-06	1.95578e-06
394	129	94	29	29	20	13	0.780032	0.24842	1.81569e-06	2.32771e-06
395	114	88	37	37	25	14	0.738038	0.30376	2.09044e-06	2.83243e-06
396	123	96	24	24	19	7	0.829925	0.18642	1.43301e-06	1.72667e-06
397	120	86	42	43	30	21	0.68582	0.37714	2.42989e-06	3.54304e-06
398	127	87	40	41	31	11	0.730826	0.31358	2.11853e-06	2.89882e-06
399	126	105	49	52	37	17	0.66149	0.41326	2.53916e-06	3.83854e-06
400	132	100	36	36	29	11	0.754138	0.28218	1.97326e-06	2.61658e-06
401	134	101	49	50	39	14	0.680179	0.3854	2.42568e-06	3.56624e-06
402	108	90	26	26	21	6	0.823757	0.19388	1.47159e-06	1.78644e-06
403	111	84	26	27	20	8	0.810292	0.21036	1.57938e-06	1.94915e-06
404	115	89	45	45	34	12	0.709071	0.3438	2.25324e-06	3.17774e-06
405	129	96	56	56	35	52	0.539625	0.61688	3.19674e-06	5.92399e-06
406	121	97	42	42	34	10	0.729964	0.31476	2.11845e-06	2.90213e-06
407	103	82	32	32	20	17	0.750017	0.28766	2.03224e-06	2.70959e-06
408	127	105	36	36	30	6	0.773616	0.25668	1.8187e-06	2.35091e-06
409	143	111	51	51	40	12	0.68285	0.38148	2.40119e-06	3.51643e-06
410	126	99	24	24	21	3	0.847029	0.16602	1.28252e-06	1.51414e-06
411	115	83	27	29	23	9	0.796108	0.22802	1.68391e-06	2.11518e-06
412	126	90	29	29	22	8	0.800179	0.22292	1.65001e-06	2.06205e-06
413	116	91	32	33	28	11	0.768481	0.26334	1.88065e-06	2.44724e-06
414	137	107	36	37	27	12	0.745604	0.29356	2.03264e-06	2.72616e-06
415	122	101	37	37	27	26	0.694224	0.36496	2.40898e-06	3.47002e-06
416	112	88	34	36	23	19	0.723988	0.32298	2.20212e-06	3.04164e-06
417	128	95	36	36	27	13	0.746485	0.29238	2.03256e-06	2.72285e-06
418	118	91	35	38	26	22	0.704096	0.35084	2.33333e-06	3.31394e-06
419	137	113	31	32	26	10	0.777276	0.25196	1.817e-06	2.33766e-06
420	110	89	20	20	16	6	0.855388	0.1562	1.23839e-06	1.44775e-06
421	121	96	25	25	21	5	0.833185	0.1825	1.39713e-06	1.67686e-06
422	117	96	36	36	26	14	0.742687	0.29748	2.06168e-06	2.77598e-06
423	92	73	36	36	27	13	0.746485	0.29238	2.03256e-06	2.72285e-06
424	123	92	21	22	19	3	0.857735	0.15346	1.2019e-06	1.40125e-06
425	118	95	35	38	26	19	0.714952	0.33554	2.25534e-06	3.15454e-06
426	129	105	26	29	21	15	0.772116	0.25862	1.87931e-06	2.43398e-06
427	101	76	20	20	16	5	0.859762	0.1511	1.19904e-06	1.39462e-06
428	139	108	41	44	31	21	0.681527	0.38342	2.45315e-06	3.59949e-06
429	111	80	20	20	18	2	0.873017	0.1358	1.07837e-06	1.23522e-06
430	115	86	37	38	29	10	0.748533	0.28964	2.00333e-06	2.67634e-06
431	118	91	27	30	21	10	0.7871	0.2394	1.75111e-06	2.22476e-06
432	128	89	32	33	23	11	0.768481	0.26334	1.88065e-06	2.44724e-06
433	124	92	27	27	24	4	0.826992	0.18996	1.43617e-06	1.73662e-06
434	123	90	27	27	24	3	0.831221	0.18486	1.39935e-06	1.68348e-06
435	130	103	54	56	42	18	0.641799	0.44348	2.64258e-06	4.11746e-06
436	121	103	50	51	37	22	0.648898	0.43248	2.62658e-06	4.04776e-06
437	121	95	42	43	35	10	0.725394	0.32104	2.14614e-06	2.95858e-06
438	132	102	32	34	23	16	0.744442	0.29512	2.06162e-06	2.76935e-06
439	120	93	33	33	28	5	0.79236	0.23274	1.68649e-06	2.12844e-06
440	119	90	35	36	24	17	0.731411	0.31278	2.14697e-06	2.93538e-06
441	110	93	27	27	19	9	0.806171	0.21546	1.61418e-06	2.00228e-06
442	124	93	34	34	25	12	0.759785	0.27472	1.94263e-06	2.55682e-06
443	129	99	24	24	19	6	0.834168	0.18132	1.39602e-06	1.67354e-06
444	131	105	37	39	27	15	0.725119	0.32142	2.17424e-06	2.99845e-06
445	103	79	34	35	23	33	0.678345	0.3881	2.52959e-06	3.72906e-06
446	112	86	28	29	19	15	0.772116	0.25862	1.87931e-06	2.43398e-06
447	114	97	32	32	25	8	0.785245	0.24176	1.75219e-06	2.23139e-06
448	131	98	34	35	28	11	0.758889	0.2759	1.94285e-06	2.56013e-06
449	120	96	43	43	35	8	0.732831	0.31084	2.09026e-06	2.85231e-06
450	115	85	26	27	19	14	0.785873	0.24096	1.78232e-06	2.26795e-06
451	125	103	36	36	28	10	0.757994	0.27708	1.94308e-06	2.56345e-06
452	121	94	29	29	22	8	0.800179	0.22292	1.65001e-06	2.06205e-06
453	133	108	45	46	33	18	0.683397	0.38068	2.4281e-06	3.55299e-06
454	107	84	33	33	22	14	0.756812	0.27864	1.97273e-06	2.60664e-06
455	115	88	32	32	26	7	0.78926	0.23666	1.71921e-06	2.17826e-06
456	115	87	48	50	38	18	0.666443	0.4058	2.51834e-06	3.77878e-06
457	132	106	44	46	34	16	0.690403	0.37048	2.37963e-06	3.44672e-06
458	121	90	37	37	24	18	0.723135	0.32416	2.20191e-06	3.04496e-06
459	108	84	30	31	26	9	0.786172	0.24058	1.75165e-06	2.22807e-06
460	126	95	46	46	33	22	0.669596	0.40108	2.52138e-06	3.76552e-06
461	95	74	25	26	19	11	0.803017	0.21938	1.64787e-06	2.0521e-06
462	134	109	35	37	34	3	0.780625	0.24766	1.75482e-06	2.24796e-06
463	118	94	47	47	37	13	0.696658	0.36146	2.32946e-06	3.34377e-06
464	102	81	42	44	29	34	0.637807	0.44972	2.73633e-06	4.29022e-06
465	128	99	32	33	27	7	0.784319	0.24294	1.75272e-06	2.2347e-06
466	112	76	33	33	25	11	0.768481	0.26334	1.88065e-06	2.44724e-06
467	121	99	31	33	23	14	0.756812	0.27864	1.97273e-06	2.60664e-06
468	115	91	18	19	13	9	0.847707	0.16522	1.31454e-06	1.5507e-06
469	127	99	63	64	47	21	0.601084	0.50902	2.84219e-06	4.72844e-06
470	127	101	41	44	29	23	0.67461	0.39362	2.49994e-06	3.70576e-06
471	137	111	37	38	27	18	0.718607	0.33044	2.22869e-06	3.10141e-06
472	110	84	37	37	32	7	0.764862	0.26806	1.88194e-06	2.46049e-06
473	112	87	32	34	24	15	0.748249	0.29002	2.03241e-06	2.71622e-06
474	117	87	29	31	22	9	0.786172	0.24058	1.75165e-06	2.22807e-06
475	121	93	32	33	25	9	0.776359	0.25314	1.81743e-06	2.34097e-06
476	122	95	62	65	51	16	0.612749	0.4898	2.76915e-06	4.51923e-06
477	141	115	35	35	31	4	0.786471	0.2402	1.72095e-06	2.1882e-06
478	128	91	45	47	36	13	0.696658	0.36146	2.32946e-06	3.34377e-06
479	127	97	48	50	38	19	0.663053	0.4109	2.54076e-06	3.83191e-06
480	138	107	26	27	22	5	0.822785	0.19506	1.47258e-06	1.78975e-06
481	111	82	25	27	19	11	0.797989	0.22566	1.6826e-06	2.10855e-06
482	118	86	45	48	35	17	0.678317	0.38814	2.45059e-06	3.61275e-06
483	117	93	34	35	22	19	0.728549	0.3167	2.17486e-06	2.9852e-06
484	100	76	42	43	35	8	0.732831	0.31084	2.09026e-06	2.85231e-06
485	123	95	38	38	34	4	0.771792	0.25904	1.81953e-06	2.35754e-06
486	126	93	17	17	16	1	0.894169	0.11186	9.05563e-07	1.01274e-06
487	130	100	27	29	24	5	0.812516	0.20762	1.54593e-06	1.90265e-06
488	102	82	21	21	18	4	0.858748	0.15228	1.20047e-06	1.39793e-06
489	140	110	37	37	33	4	0.776654	0.25276	1.78715e-06	2.30109e-06
490	137	112	28	29	26	4	0.81667	0.20252	1.51044e-06	1.84951e-06
491	123	94	32	34	25	9	0.771499	0.25942	1.8496e-06	2.39742e-06
492	112	94	44	45	30	20	0.680723	0.3846	2.45251e-06	3.60281e-06
493	114	90	51	51	36	24	0.642313	0.44268	2.66818e-06	4.15402e-06
494	124	101	36	39	27	16	0.72143	0.32652	2.20151e-06	3.05159e-06
495	133	104	34	35	25	17	0.736019	0.3065	2.11895e-06	2.87893e-06
496	131	105	25	27	20	8	0.810292	0.21036	1.57938e-06	1.94915e-06
497	108	89	39	39	31	10	0.743847	0.29592	2.03278e-06	2.73279e-06
498	137	110	40	41	28	21	0.694488	0.36458	2.3822e-06	3.43015e-06
499	113	92	29	29	24	8	0.800179	0.22292	1.65001e-06	2.06205e-06
500	129	102	32	33	26	10	0.77241	0.25824	1.84923e-06	2.3941e-06
501	119	96	29	30	22	11	0.783096	0.2445	1.78381e-06	2.27789e-06
502	104	73	39	40	30	12	0.731689	0.3124	2.11861e-06	2.8955e-06
503	125	104	31	33	27	8	0.780329	0.24804	1.78526e-06	2.28784e-06
504	144	114	40	41	30	13	0.723409	0.32378	2.17391e-06	3.00508e-06
505	132	106	42	42	32	13	0.718881	0.33006	2.20088e-06	3.06153e-06
506	106	79	21	21	18	3	0.863139	0.14718	1.16075e-06	1.3448e-06
507	144	109	38	40	27	19	0.706028	0.3481	2.3069e-06	3.26743e-06
508	114	93	29	30	26	4	0.811558	0.2088	1.5468e-06	1.90596e-06
509	137	107	58	59	44	21	0.620258	0.47762	2.75779e-06	4.44621e-06
510	120	96	33	33	29	5	0.79236	0.23274	1.68649e-06	2.12844e-06
511	112	90	32	32	25	7	0.78926	0.23666	1.71921e-06	2.17826e-06
512	126	103	32	32	28	4	0.801428	0.22136	1.61797e-06	2.01886e-06
513	127	99	28	29	25	4	0.81667	0.20252	1.51044e-06	1.84951e-06
514	133	115	44	44	34	12	0.713538	0.33752	2.22716e-06	3.12129e-06
515	107	84	37	38	26	16	0.725975	0.32024	2.1744e-06	2.99514e-06
516	148	104	37	37	27	13	0.741812	0.29866	2.06171e-06	2.77929e-06
517	118	86	32	33	26	11	0.768481	0.26334	1.88065e-06	2.44724e-06
518	125	107	29	29	24	6	0.808382	0.21272	1.58102e-06	1.95578e-06
519	129	108	42	44	30	21	0.681527	0.38342	2.45315e-06	3.59949e-06
520	118	97	24	24	21	3	0.847029	0.16602	1.28252e-06	1.51414e-06
521	127	108	48	48	37	15	0.685272	0.37794	2.40289e-06	3.50648e-06
522	125	95	37	37	28	15	0.734284	0.30886	2.11882e-06	2.88556e-06
523	144	108	31	33	26	11	0.768481	0.26334	1.88065e-06	2.44724e-06
524	109	77	29	29	22	13	0.780032	0.24842	1.81569e-06	2.32771e-06
525	115	94	37	37	28	12	0.745604	0.29356	2.03264e-06	2.72616e-06
526	116	97	41	43	34	11	0.721704	0.32614	2.17357e-06	3.01171e-06
527	121	97	36	36	33	3	0.785543	0.24138	1.72153e-06	2.19151e-06
528	122	98	33	34	26	9	0.771499	0.25942	1.8496e-06	2.39742e-06
529	123	90	34	36	29	10	0.757994	0.27708	1.94308e-06	2.56345e-06
530	128	102	29	29	25	4	0.81667	0.20252	1.51044e-06	1.84951e-06
531	117	96	30	30	20	13	0.775149	0.2547	1.84808e-06	2.38416e-06
532	137	111	53	53	37	24	0.634296	0.45524	2.70649e-06	4.26692e-06
533	110	86	35	35	25	12	0.755028	0.281	1.97309e-06	2.61326e-06
534	121	86	45	45	34	15	0.698305	0.3591	2.33034e-06	3.33714e-06
535	117	87	27	27	25	3	0.831221	0.18486	1.39935e-06	1.68348e-06
536	130	98	23	24	21	4	0.84272	0.17112	1.32077e-06	1.56728e-06
537	123	99	56	60	37	35	0.5739	0.5553	3.01098e-06	5.24652e-06
538	129	108	36	37	28	13	0.741812	0.29866	2.06171e-06	2.77929e-06
539	129	107	30	30	27	4	0.811558	0.2088	1.5468e-06	1.90596e-06
540	101	83	40	42	28	24	0.679662	0.38616	2.47804e-06	3.646e-06
541	138	113	33	33	29	5	0.79236	0.23274	1.68649e-06	2.12844e-06
542	111	88	25	26	22	7	0.819566	0.19898	1.50765e-06	1.83957e-06
543	126	98	43	45	36	12	0.709071	0.3438	2.25324e-06	3.17774e-06
544	115	89	22	22	21	1	0.866529	0.14326	1.12214e-06	1.29498e-06
545	118	92	34	34	25	16	0.744442	0.29512	2.06162e-06	2.76935e-06
546	123	99	52	53	38	18	0.654005	0.42464	2.58209e-06	3.94812e-06
547	131	108	41	44	37	8	0.728243	0.31712	2.11829e-06	2.90876e-06
548	130	104	51	51	41	10	0.689851	0.37128	2.3525e-06	3.41016e-06
549	112	83	27	27	24	4	0.826992	0.18996	1.43617e-06	1.73662e-06
550	122	100	45	45	37	8	0.723684	0.3234	2.14587e-06	2.96521e-06
551	112	94	37	38	25	17	0.722282	0.32534	2.20171e-06	3.04827e-06
552	133	98	34	34	27	8	0.775444	0.25432	1.81786e-06	2.34428e-06
553	119	95	35	35	28	10	0.762769	0.2708	1.91226e-06	2.507e-06
554	130	93	33	34	26	11	0.76367	0.26962	1.91199e-06	2.50368e-06
555	124	96	29	30	29	1	0.82407	0.1935	1.43929e-06	1.74656e-06
556	122	95	51	52	37	21	0.648133	0.43366	2.62563e-06	4.05107e-06
557	131	99	56	59	42	25	0.607733	0.49802	2.83127e-06	4.65874e-06
558	105	84	42	43	33	16	0.703533	0.35164	2.30574e-06	3.27738e-06
559	104	81	33	33	26	13	0.760682	0.27354	1.9424e-06	2.5535e-06
560	113	84	37	37	31	9	0.7571	0.27826	1.94329e-06	2.56676e-06
561	130	97	40	41	29	18	0.705196	0.34928	2.30652e-06	3.27075e-06
562	120	103	23	23	18	6	0.839423	0.17504	1.35743e-06	1.61709e-06
563	117	86	32	33	24	12	0.764571	0.26844	1.91171e-06	2.50037e-06
564	125	99	44	45	33	18	0.687702	0.3744	2.40458e-06	3.49654e-06
565	103	76	29	29	24	6	0.808382	0.21272	1.58102e-06	1.95578e-06
566	133	104	39	40	30	18	0.709638	0.343	2.28099e-06	3.2143e-06
567	107	83	28	28	21	7	0.809337	0.21154	1.5802e-06	1.95247e-06
568	146	122	27	27	19	15	0.781875	0.24606	1.8148e-06	2.32108e-06
569	115	89	35	36	27	10	0.757994	0.27708	1.94308e-06	2.56345e-06
570	129	93	50	51	35	22	0.648898	0.43248	2.62658e-06	4.04776e-06
571	133	103	27	27	25	2	0.835471	0.17976	1.36211e-06	1.63035e-06
572	121	97	45	46	29	26	0.656075	0.42148	2.6099e-06	3.97805e-06
573	126	87	26	26	20	9	0.811249	0.20918	1.57856e-06	1.94584e-06
574	121	95	32	32	29	3	0.805526	0.21626	1.58344e-06	1.96572e-06
575	128	106	47	50	34	25	0.643071	0.4415	2.6692e-06	4.15071e-06
576	129	104	36	36	29	9	0.761869	0.27198	1.91253e-06	2.51031e-06
577	118	92	20	20	19	1	0.877481	0.1307	1.03726e-06	1.18209e-06
578	115	92	47	49	39	11	0.695016	0.36382	2.32858e-06	3.3504e-06
579	114	86	28	28	23	8	0.80522	0.21664	1.61495e-06	2.0056e-06
580	121	90	29	29	25	4	0.81667	0.20252	1.51044e-06	1.84951e-06
581	126	90	54	56	42	16	0.648379	0.43328	2.60078e-06	4.0112e-06
582	127	98	35	36	28	12	0.750302	0.28728	2.00309e-06	2.66971e-06
583	97	75	36	38	27	16	0.725975	0.32024	2.1744e-06	2.99514e-06
584	136	98	29	30	24	6	0.803322	0.219	1.61647e-06	2.01223e-06
585	109	90	31	31	26	6	0.798293	0.22528	1.65141e-06	2.06867e-06
586	123	92	46	48	34	18	0.674867	0.39324	2.47398e-06	3.66588e-06
587	116	94	26	28	22	7	0.809337	0.21154	1.5802e-06	1.95247e-06
588	122	99	42	42	36	6	0.745008	0.29436	2.00377e-06	2.6896e-06
589	122	100	41	43	35	10	0.725394	0.32104	2.14614e-06	2.95858e-06
590	133	101	48	50	35	36	0.607988	0.4976	2.87893e-06	4.73518e-06
591	128	102	46	47	38	12	0.70022	0.35636	2.30417e-06	3.29064e-06
592	100	83	34	34	24	16	0.744442	0.29512	2.06162e-06	2.76935e-06
593	137	116	53	54	40	15	0.659931	0.41562	2.53755e-06	3.84517e-06
594	111	88	46	46	37	11	0.708235	0.34498	2.25293e-06	3.18105e-06
595	119	90	42	43	30	18	0.696394	0.36184	2.35635e-06	3.38364e-06
596	117	92	40	40	28	21	0.698863	0.3583	2.35776e-06	3.3737e-06
597	116	94	36	36	29	7	0.76968	0.26178	1.85035e-06	2.40405e-06
598	144	118	42	43	34	11	0.721704	0.32614	2.17357e-06	3.01171e-06
599	138	115	34	36	26	11	0.754138	0.28218	1.97326e-06	2.61658e-06
600	129	98	41	41	34	7	0.745888	0.29318	2.00367e-06	2.68628e-06
601	111	83	38	39	29	13	0.732553	0.31122	2.11868e-06	2.89219e-06
602	119	95	36	36	27	12	0.750302	0.28728	2.00309e-06	2.66971e-06
603	112	88	38	38	33	7	0.760074	0.27434	1.91306e-06	2.51694e-06
604	138	116	39	40	32	9	0.74297	0.2971	2.03284e-06	2.7361e-06
605	118	91	50	52	35	25	0.635045	0.45406	2.70758e-06	4.26361e-06
606	122	94	35	35	28	8	0.770589	0.2606	1.84998e-06	2.40073e-06
607	124	96	54	55	38	25	0.623192	0.4729	2.76258e-06	4.43295e-06
608	110	86	30	30	25	5	0.807429	0.2139	1.58183e-06	1.95909e-06
609	131	107	37	39	32	10	0.743847	0.29592	2.03278e-06	2.73279e-06
610	104	78	31	32	21	16	0.753851	0.28256	2.00257e-06	2.65645e-06
611	109	86	40	40	33	8	0.746769	0.292	2.00356e-06	2.68297e-06
612	113	91	34	34	31	3	0.795472	0.22882	1.65348e-06	2.07862e-06
613	106	81	35	35	28	9	0.766669	0.2657	1.8813e-06	2.45386e-06
614	119	87	28	28	22	6	0.813475	0.20644	1.54506e-06	1.89933e-06
615	124	86	30	31	24	7	0.794232	0.23038	1.68521e-06	2.12181e-06
616	125	102	28	29	22	11	0.788029	0.23822	1.75056e-06	2.22145e-06
617	105	87	44	44	34	13	0.709908	0.34262	2.25355e-06	3.17443e-06
618	132	102	35	36	23	20	0.720305	0.32808	2.22918e-06	3.09478e-06
619	106	84	34	34	29	6	0.783394	0.24412	1.75325e-06	2.23802e-06
620	144	109	40	40	31	12	0.731689	0.3124	2.11861e-06	2.8955e-06
621	114	81	31	32	25	7	0.78926	0.23666	1.71921e-06	2.17826e-06
622	109	82	31	33	22	16	0.749132	0.28884	2.03232e-06	2.7129e-06
623	120	95	35	35	27	11	0.758889	0.2759	1.94285e-06	2.56013e-06
624	123	105	39	40	33	13	0.727967	0.3175	2.14651e-06	2.94864e-06
625	112	88	29	29	24	7	0.80427	0.21782	1.61571e-06	2.00891e-06
626	122	95	37	39	31	8	0.751473	0.28572	1.97376e-06	2.62652e-06
627	128	99	39	40	31	12	0.731689	0.3124	2.11861e-06	2.8955e-06
628	122	94	39	39	31	10	0.743847	0.29592	2.03278e-06	2.73279e-06
629	121	100	27	27	20	11	0.797989	0.22566	1.6826e-06	2.10855e-06
630	115	90	31	33	23	14	0.756812	0.27864	1.97273e-06	2.60664e-06
631	124	99	21	21	17	4	0.858748	0.15228	1.20047e-06	1.39793e-06
632	121	97	53	56	38	35	0.588499	0.53018	2.95469e-06	5.02073e-06
633	129	96	61	62	42	26	0.593356	0.52196	2.8963e-06	4.88121e-06
634	127	107	35	38	29	11	0.744725	0.29474	2.03271e-06	2.72947e-06
635	104	84	27	29	24	6	0.808382	0.21272	1.58102e-06	1.95578e-06
636	135	103	26	26	21	5	0.827969	0.18878	1.43512e-06	1.7333e-06
637	109	80	30	33	24	12	0.764571	0.26844	1.91171e-06	2.50037e-06
638	126	97	30	31	26	5	0.802374	0.22018	1.61722e-06	2.01554e-06
639	116	86	44	44	37	10	0.720853	0.32732	2.17339e-06	3.01503e-06
640	122	95	30	33	24	13	0.760682	0.27354	1.9424e-06	2.5535e-06
641	122	94	33	33	24	10	0.77241	0.25824	1.84923e-06	2.3941e-06
642	122	98	39	39	31	14	0.728826	0.31632	2.14663e-06	2.94532e-06
643	128	101	28	28	24	4	0.821815	0.19624	1.47357e-06	1.79307e-06
644	98	81	22	23	19	4	0.848029	0.16484	1.28123e-06	1.51083e-06
645	136	99	32	34	26	10	0.767574	0.26452	1.88098e-06	2.45055e-06
646	110	85	22	22	15	10	0.827654	0.18916	1.46758e-06	1.77318e-06
647	133	102	28	28	24	4	0.821815	0.19624	1.47357e-06	1.79307e-06
648	117	92	37	37	28	12	0.745604	0.29356	2.03264e-06	2.72616e-06
649	109	82	28	28	21	10	0.797048	0.22684	1.68326e-06	2.11186e-06
650	123	96	17	17	14	3	0.885095	0.12206	9.90429e-07	1.11901e-06
651	115	87	23	23	22	1	0.861104	0.14954	1.16372e-06	1.35143e-06
652	129	99	35	39	31	15	0.725119	0.32142	2.17424e-06	2.99845e-06
653	118	93	44	44	33	13	0.709908	0.34262	2.25355e-06	3.17443e-06
654	104	81	38	39	28	14	0.728826	0.31632	2.14663e-06	2.94532e-06
655	121	94	36	37	30	8	0.760971	0.27316	1.9128e-06	2.51363e-06
656	123	103	27	27	24	3	0.831221	0.18486	1.39935e-06	1.68348e-06
657	118	92	30	32	26	6	0.793295	0.23156	1.68585e-06	2.12512e-06
658	116	89	24	24	21	3	0.847029	0.16602	1.28252e-06	1.51414e-06
659	123	100	28	28	27	1	0.834485	0.18094	1.36327e-06	1.63367e-06
660	130	92	24	26	19	9	0.811249	0.20918	1.57856e-06	1.94584e-06
661	130	98	28	28	26	2	0.83024	0.18604	1.40045e-06	1.6868e-06
662	123	98	45	46	35	23	0.66619	0.40618	2.54395e-06	3.81865e-06
663	113	91	22	22	19	3	0.857735	0.15346	1.2019e-06	1.40125e-06
664	112	85	47	49	40	13	0.687963	0.37402	2.37806e-06	3.45666e-06
665	114	94	46	46	34	18	0.683397	0.38068	2.4281e-06	3.55299e-06
666	119	91	40	42	34	9	0.733696	0.30966	2.0903e-06	2.849e-06
667	110	81	37	38	29	10	0.748533	0.28964	2.00333e-06	2.67634e-06
668	124	100	35	37	26	16	0.730548	0.31396	2.14686e-06	2.93869e-06
669	123	96	31	31	27	4	0.806477	0.21508	1.58264e-06	1.96241e-06
670	131	95	26	26	22	4	0.832202	0.18368	1.39824e-06	1.68017e-06
671	105	78	28	28	23	5	0.817634	0.20134	1.50952e-06	1.8462e-06
672	143	113	36	37	31	6	0.768773	0.26296	1.85071e-06	2.40736e-06
673	113	91	36	36	27	10	0.757994	0.27708	1.94308e-06	2.56345e-06
674	131	102	27	27	23	4	0.826992	0.18996	1.43617e-06	1.73662e-06
675	119	97	32	32	30	2	0.809645	0.21116	1.54852e-06	1.91259e-06
676	124	105	41	42	31	13	0.718881	0.33006	2.20088e-06	3.06153e-06
677	125	97	37	39	26	17	0.71776	0.33162	2.22844e-06	3.10472e-06
678	98	79	26	26	23	3	0.836457	0.17858	1.36095e-06	1.62704e-06
679	113	82	38	38	26	23	0.700515	0.35594	2.35868e-06	3.36707e-06
680	138	109	33	35	25	17	0.736019	0.3065	2.11895e-06	2.87893e-06
681	124	93	24	25	19	7	0.824729	0.1927	1.47059e-06	1.78312e-06
682	114	98	22	22	17	5	0.849031	0.16366	1.27992e-06	1.50751e-06
683	124	101	36	36	30	7	0.76968	0.26178	1.85035e-06	2.40405e-06
684	120	92	26	27	21	7	0.814436	0.20526	1.54418e-06	1.89602e-06
685	133	100	33	33	26	8	0.780329	0.24804	1.78526e-06	2.28784e-06
686	126	100	37	38	34	4	0.771792	0.25904	1.81953e-06	2.35754e-06
687	109	87	31	31	25	7	0.794232	0.23038	1.68521e-06	2.12181e-06
688	134	101	36	36	26	14	0.742687	0.29748	2.06168e-06	2.77598e-06
689	108	85	31	31	24	9	0.786172	0.24058	1.75165e-06	2.22807e-06
690	123	96	57	58	36	44	0.555082	0.58864	3.11502e-06	5.61182e-06
691	115	94	40	41	30	18	0.705196	0.34928	2.30652e-06	3.27075e-06
692	98	79	38	39	27	15	0.725119	0.32142	2.17424e-06	2.99845e-06
693	121	94	24	24	23	1	0.855713	0.15582	1.20474e-06	1.40788e-06
694	119	100	23	23	21	2	0.856724	0.15464	1.20332e-06	1.40456e-06
695	127	106	46	47	34	17	0.682591	0.38186	2.4275e-06	3.5563e-06
696	116	88	26	27	20	8	0.810292	0.21036	1.57938e-06	1.94915e-06
697	135	102	40	42	35	10	0.729964	0.31476	2.11845e-06	2.90213e-06
698	109	85	29	30	25	5	0.807429	0.2139	1.58183e-06	1.95909e-06
699	138	111	57	57	37	33	0.59081	0.52626	2.93686e-06	4.97091e-06
700	116	88	44	44	26	34	0.637807	0.44972	2.73633e-06	4.29022e-06
701	113	93	37	38	30	12	0.740937	0.29984	2.06174e-06	2.78261e-06
702	122	101	28	28	23	9	0.801124	0.22174	1.6493e-06	2.05873e-06
703	123	92	33	33	29	5	0.79236	0.23274	1.68649e-06	2.12844e-06
704	128	97	29	29	28	1	0.829261	0.18722	1.40155e-06	1.69011e-06
705	121	96	35	35	29	8	0.770589	0.2606	1.84998e-06	2.40073e-06
706	109	83	35	35	28	8	0.770589	0.2606	1.84998e-06	2.40073e-06
707	110	82	31	32	20	28	0.709099	0.34376	2.33581e-06	3.29405e-06
708	118	96	30	30	26	4	0.811558	0.2088	1.5468e-06	1.90596e-06
709	117	84	36	36	27	16	0.735151	0.30768	2.11888e-06	2.88224e-06
710	118	94	31	34	23	17	0.740655	0.30022	2.09049e-06	2.82248e-06
711	123	94	26	26	18	9	0.811249	0.20918	1.57856e-06	1.94584e-06
712	117	98	26	26	21	6	0.823757	0.19388	1.47159e-06	1.78644e-06
713	129	103	29	29	25	4	0.81667	0.20252	1.51044e-06	1.84951e-06
714	126	95	22	23	20	3	0.852365	0.15974	1.24249e-06	1.45769e-06
715	116	83	25	25	21	4	0.837445	0.1774	1.35978e-06	1.62372e-06
716	112	86	20	20	16	5	0.859762	0.1511	1.19904e-06	1.39462e-06
717	134	106	50	51	38	16	0.669061	0.40188	2.4949e-06	3.72896e-06
718	118	92	46	48	33	23	0.657875	0.41874	2.58647e-06	3.93155e-06
719	118	97	27	29	24	5	0.812516	0.20762	1.54593e-06	1.90265e-06
720	124	99	29	31	24	10	0.782172	0.24568	1.7843e-06	2.28121e-06
721	123	88	25	25	24	1	0.850356	0.1621	1.2452e-06	1.46432e-06
722	130	99	52	53	36	20	0.647368	0.43484	2.62468e-06	4.05439e-06
723	104	79	30	32	25	9	0.78125	0.24686	1.78478e-06	2.28452e-06
724	141	109	35	36	27	18	0.72769	0.31788	2.17471e-06	2.98851e-06
725	113	101	36	36	28	9	0.761869	0.27198	1.91253e-06	2.51031e-06
726	123	95	42	44	30	22	0.67806	0.38852	2.4767e-06	3.65262e-06
727	119	84	20	21	18	3	0.863139	0.14718	1.16075e-06	1.3448e-06
728	127	103	57	59	44	18	0.629821	0.46232	2.69992e-06	4.28681e-06
729	125	94	28	29	23	6	0.808382	0.21272	1.58102e-06	1.95578e-06
730	105	89	26	27	22	5	0.822785	0.19506	1.47258e-06	1.78975e-06
731	132	105	29	29	24	5	0.812516	0.20762	1.54593e-06	1.90265e-06
732	146	113	54	54	40	17	0.653234	0.42582	2.58121e-06	3.95143e-06
733	126	101	33	33	24	13	0.760682	0.27354	1.9424e-06	2.5535e-06
734	116	85	33	33	28	6	0.788329	0.23784	1.71979e-06	2.18157e-06
735	107	82	33	34	28	6	0.783394	0.24412	1.75325e-06	2.23802e-06
736	120	100	31	32	25	8	0.785245	0.24176	1.75219e-06	2.23139e-06
737	123	90	31	31	25	8	0.790191	0.23548	1.71862e-06	2.17494e-06
738	126	94	30	30	22	10	0.7871	0.2394	1.75111e-06	2.22476e-06
739	113	83	34	35	22	21	0.721156	0.3269	2.22943e-06	3.09146e-06
740	133	110	47	47	36	19	0.675664	0.39206	2.47466e-06	3.66257e-06
741	107	88	40	42	28	20	0.693669	0.36576	2.38169e-06	3.43346e-06
742	133	102	50	50	42	10	0.694197	0.365	2.32814e-06	3.35371e-06
743	115	92	39	41	33	9	0.738318	0.30338	2.06179e-06	2.79255e-06
744	109	83	30	30	23	8	0.795169	0.2292	1.68456e-06	2.11849e-06
745	121	94	31	32	26	7	0.78926	0.23666	1.71921e-06	2.17826e-06
746	159	125	66	68	53	18	0.595211	0.51884	2.85394e-06	4.79483e-06
747	127	98	29	29	22	9	0.796108	0.22802	1.68391e-06	2.11518e-06
748	101	74	16	16	14	2	0.895225	0.11068	9.03665e-07	1.00943e-06
749	134	105	31	32	23	13	0.765474	0.26726	1.91143e-06	2.49705e-06
750	108	90	18	18	15	3	0.879554	0.12834	1.03388e-06	1.17546e-06
751	122	99	36	37	27	17	0.726832	0.31906	2.17455e-06	2.99183e-06
752	116	90	21	22	17	5	0.849031	0.16366	1.27992e-06	1.50751e-06
753	116	89	34	34	23	16	0.744442	0.29512	2.06162e-06	2.76935e-06
754	122	101	34	35	26	10	0.762769	0.2708	1.91226e-06	2.507e-06
755	106	86	25	26	21	5	0.827969	0.18878	1.43512e-06	1.7333e-06
756	128	97	40	41	31	14	0.719729	0.32888	2.20109e-06	3.05822e-06
757	98	79	21	21	17	5	0.854379	0.15738	1.23976e-06	1.45107e-06
758	136	111	48	48	42	7	0.713809	0.33714	2.19954e-06	3.08142e-06
759	129	98	40	42	33	11	0.726251	0.31986	2.14626e-06	2.95526e-06
760	143	113	36	37	30	8	0.760971	0.27316	1.9128e-06	2.51363e-06
761	117	99	39	41	30	14	0.719729	0.32888	2.20109e-06	3.05822e-06
762	121	91	35	36	27	9	0.761869	0.27198	1.91253e-06	2.51031e-06
763	122	93	42	42	33	11	0.726251	0.31986	2.14626e-06	2.95526e-06
764	114	91	23	23	19	4	0.848029	0.16484	1.28123e-06	1.51083e-06
765	129	98	30	30	25	8	0.795169	0.2292	1.68456e-06	2.11849e-06
766	130	95	37	37	30	9	0.7571	0.27826	1.94329e-06	2.56676e-06
767	119	98	51	51	42	13	0.679376	0.38658	2.42507e-06	3.56956e-06
768	111	89	21	22	19	3	0.857735	0.15346	1.2019e-06	1.40125e-06
769	127	100	26	26	22	4	0.832202	0.18368	1.39824e-06	1.68017e-06
770	118	89	43	44	36	9	0.724539	0.32222	2.14601e-06	2.96189e-06
771	127	106	25	25	22	3	0.841727	0.1723	1.32201e-06	1.57059e-06
772	123	99	32	32	25	8	0.785245	0.24176	1.75219e-06	2.23139e-06
773	99	85	29	30	24	7	0.799235	0.2241	1.65071e-06	2.06536e-06
774	130	101	26	27	21	8	0.810292	0.21036	1.57938e-06	1.94915e-06
775	103	77	24	24	20	4	0.84272	0.17112	1.32077e-06	1.56728e-06
776	140	99	44	44	29	29	0.65428	0.42422	2.63319e-06	4.02456e-06
777	112	86	39	41	32	13	0.723409	0.32378	2.17391e-06	3.00508e-06
778	113	86	33	33	26	8	0.780329	0.24804	1.78526e-06	2.28784e-06
779	118	98	38	38	29	12	0.740937	0.29984	2.06174e-06	2.78261e-06
780	132	93	45	45	32	24	0.666977	0.405	2.54474e-06	3.81534e-06
781	124	99	26	26	22	4	0.832202	0.18368	1.39824e-06	1.68017e-06
782	109	84	18	18	16	2	0.884051	0.12324	9.92191e-07	1.12232e-06
783	131	100	31	31	26	6	0.798293	0.22528	1.65141e-06	2.06867e-06
784	105	85	39	39	27	22	0.699689	0.35712	2.35822e-06	3.37039e-06
785	142	123	46	50	39	18	0.666443	0.4058	2.51834e-06	3.77878e-06
786	119	91	24	24	20	7	0.829925	0.18642	1.43301e-06	1.72667e-06
787	127	103	39	39	30	15	0.725119	0.32142	2.17424e-06	2.99845e-06
788	144	116	39	39	32	8	0.751473	0.28572	1.97376e-06	2.62652e-06
789	113	88	25	26	23	3	0.836457	0.17858	1.36095e-06	1.62704e-06
790	125	93	43	45	28	28	0.653508	0.4254	2.63225e-06	4.02787e-06
791	116	87	14	14	10	5	0.892776	0.11342	9.42711e-07	1.05593e-06
792	132	111	36	38	30	11	0.744725	0.29474	2.03271e-06	2.72947e-06
793	119	99	37	37	26	16	0.730548	0.31396	2.14686e-06	2.93869e-06
794	139	108	31	33	24	19	0.737758	0.30414	2.11906e-06	2.8723e-06
795	114	90	31	32	23	13	0.765474	0.26726	1.91143e-06	2.49705e-06
796	113	90	29	30	21	16	0.763379	0.27	1.9417e-06	2.54356e-06
797	120	101	32	34	25	11	0.76367	0.26962	1.91199e-06	2.50368e-06
798	96	78	31	32	24	10	0.777276	0.25196	1.817e-06	2.33766e-06
799	126	107	36	37	22	25	0.697774	0.35986	2.38422e-06	3.41689e-06
800	121	91	28	28	25	4	0.821815	0.19624	1.47357e-06	1.79307e-06
801	134	101	35	37	26	17	0.726832	0.31906	2.17455e-06	2.99183e-06
802	108	82	28	29	22	8	0.800179	0.22292	1.65001e-06	2.06205e-06
803	133	105	29	29	24	6	0.808382	0.21272	1.58102e-06	1.95578e-06
804	115	102	33	33	25	11	0.768481	0.26334	1.88065e-06	2.44724e-06
805	119	96	45	46	31	18	0.683397	0.38068	2.4281e-06	3.55299e-06
806	121	93	31	31	26	6	0.798293	0.22528	1.65141e-06	2.06867e-06
807	126	100	33	33	26	7	0.784319	0.24294	1.75272e-06	2.2347e-06
808	127	101	25	25	19	7	0.824729	0.1927	1.47059e-06	1.78312e-06
809	96	72	32	33	24	14	0.756812	0.27864	1.97273e-06	2.60664e-06
810	135	100	45	45	37	9	0.720003	0.3285	2.17321e-06	3.01834e-06
811	109	89	41	41	29	17	0.708801	0.34418	2.28065e-06	3.21762e-06
812	152	129	32	32	26	7	0.78926	0.23666	1.71921e-06	2.17826e-06
813	139	115	41	43	32	11	0.721704	0.32614	2.17357e-06	3.01171e-06
814	124	102	42	43	30	16	0.703533	0.35164	2.30574e-06	3.27738e-06
815	122	96	36	39	25	18	0.714109	0.33672	2.25505e-06	3.15785e-06
816	134	101	32	34	27	11	0.76367	0.26962	1.91199e-06	2.50368e-06
817	128	101	39	40	35	5	0.758282	0.2767	1.91358e-06	2.52357e-06
818	113	82	31	32	27	6	0.793295	0.23156	1.68585e-06	2.12512e-06
819	121	101	57	59	45	19	0.626617	0.46742	2.71948e-06	4.33994e-06
820	110	73	41	43	30	17	0.699954	0.35674	2.33121e-06	3.33051e-06
821	117	91	25	27	22	5	0.822785	0.19506	1.47258e-06	1.78975e-06
822	117	89	26	26	24	2	0.840734	0.17348	1.32323e-06	1.5739e-06
823	130	108	36	36	33	3	0.785543	0.24138	1.72153e-06	2.19151e-06
824	123	96	37	38	29	10	0.748533	0.28964	2.00333e-06	2.67634e-06
825	105	72	28	30	22	9	0.791124	0.2343	1.71803e-06	2.17163e-06
826	129	94	27	28	21	9	0.801124	0.22174	1.6493e-06	2.05873e-06
827	147	115	37	37	28	11	0.749417	0.28846	2.00321e-06	2.67303e-06
828	139	113	40	40	37	4	0.762159	0.2716	1.88287e-06	2.47044e-06
829	112	95	39	40	30	15	0.720579	0.3277	2.2013e-06	3.0549e-06
830	119	95	39	39	26	23	0.696129	0.36222	2.38321e-06	3.42352e-06
831	118	91	34	36	26	21	0.716641	0.33318	2.25592e-06	3.14791e-06
832	137	98	55	56	40	24	0.622457	0.47408	2.76138e-06	4.43626e-06
833	124	96	31	32	22	16	0.753851	0.28256	2.00257e-06	2.65645e-06
834	113	90	30	30	23	8	0.795169	0.2292	1.68456e-06	2.11849e-06
835	130	97	32	34	28	9	0.771499	0.25942	1.8496e-06	2.39742e-06
836	103	84	19	20	13	12	0.82961	0.1868	1.46555e-06	1.76655e-06
837	141	114	48	50	35	22	0.652986	0.4262	2.60627e-06	3.99131e-06
838	113	93	38	39	29	13	0.732553	0.31122	2.11868e-06	2.89219e-06
839	124	98	35	37	30	7	0.764862	0.26806	1.88194e-06	2.46049e-06
840	103	83	18	19	17	2	0.878517	0.12952	1.03557e-06	1.17877e-06
841	117	93	38	38	31	13	0.737168	0.30494	2.09042e-06	2.83574e-06
842	130	101	46	48	34	16	0.681786	0.38304	2.4269e-06	3.55962e-06
843	123	101	34	34	28	9	0.771499	0.25942	1.8496e-06	2.39742e-06
844	105	90	40	40	34	10	0.73919	0.3022	2.06178e-06	2.78924e-06
845	124	96	41	41	39	2	0.765153	0.26768	1.85214e-06	2.42062e-06
846	124	93	20	20	16	4	0.864158	0.146	1.15925e-06	1.34148e-06
847	114	91	21	22	19	3	0.857735	0.15346	1.2019e-06	1.40125e-06
848	116	100	39	40	32	11	0.73543	0.3073	2.09036e-06	2.84237e-06
849	120	94	11	11	11	0	0.933252	0.06908	5.79478e-07	6.20924e-07
850	141	114	41	42	28	25	0.676204	0.39126	2.50137e-06	3.69913e-06
851	125	96	37	38	29	13	0.737168	0.30494	2.09042e-06	2.83574e-06
852	124	100	41	41	31	11	0.730826	0.31358	2.11853e-06	2.89882e-06
853	133	102	34	34	24	11	0.76367	0.26962	1.91199e-06	2.50368e-06
854	107	79	24	24	17	10	0.817324	0.20172	1.54153e-06	1.88607e-06
855	104	82	45	46	36	13	0.701047	0.35518	2.30457e-06	3.28732e-06
856	115	93	36	36	32	4	0.781547	0.24648	1.7543e-06	2.24465e-06
857	121	93	43	43	34	11	0.721704	0.32614	2.17357e-06	3.01171e-06
858	121	88	46	48	39	12	0.695837	0.36264	2.32902e-06	3.34708e-06
859	125	97	39	39	31	15	0.725119	0.32142	2.17424e-06	2.99845e-06
860	126	102	30	31	24	8	0.790191	0.23548	1.71862e-06	2.17494e-06
861	130	105	42	42	32	12	0.722556	0.32496	2.17374e-06	3.0084e-06
862	134	108	29	29	27	2	0.825043	0.19232	1.43825e-06	1.74325e-06
863	108	86	13	13	12	1	0.916915	0.08674	7.21568e-07	7.86952e-07
864	150	115	37	38	31	8	0.756207	0.27944	1.94351e-06	2.57007e-06
865	116	94	22	22	18	5	0.849031	0.16366	1.27992e-06	1.50751e-06
866	127	101	23	23	19	6	0.839423	0.17504	1.35743e-06	1.61709e-06
867	116	89	30	30	26	5	0.807429	0.2139	1.58183e-06	1.95909e-06
868	124	101	28	29	25	5	0.812516	0.20762	1.54593e-06	1.90265e-06
869	127	93	38	38	27	14	0.733418	0.31004	2.11875e-06	2.88887e-06
870	113	91	32	35	26	16	0.739782	0.3014	2.09047e-06	2.8258e-06
871	124	101	40	41	31	11	0.730826	0.31358	2.11853e-06	2.89882e-06
872	110	85	28	28	25	3	0.826017	0.19114	1.43721e-06	1.73993e-06
873	140	102	36	37	29	11	0.749417	0.28846	2.00321e-06	2.67303e-06
874	117	94	17	17	17	0	0.898741	0.10676	8.6244e-07	9.59609e-07
875	134	103	41	41	35	7	0.745888	0.29318	2.00367e-06	2.68628e-06
876	122	90	32	34	23	14	0.752074	0.28492	2.00284e-06	2.66308e-06
877	110	97	34	34	29	5	0.787399	0.23902	1.72038e-06	2.18488e-06
878	129	103	41	42	34	11	0.726251	0.31986	2.14626e-06	2.95526e-06
879	127	99	35	37	28	10	0.753249	0.28336	1.97343e-06	2.61989e-06
880	138	108	48	48	39	9	0.706565	0.34734	2.25231e-06	3.18768e-06
881	111	93	21	22	20	2	0.862121	0.14836	1.16224e-06	1.34811e-06
882	127	99	27	28	21	8	0.80522	0.21664	1.61495e-06	2.0056e-06
883	117	95	52	54	37	38	0.586889	0.53292	2.9739e-06	5.06723e-06
884	112	85	17	18	13	5	0.870628	0.13854	1.1159e-06	1.28172e-06
885	123	96	26	28	21	9	0.801124	0.22174	1.6493e-06	2.05873e-06
886	116	97	32	32	26	7	0.78926	0.23666	1.71921e-06	2.17826e-06
887	130	102	21	21	19	2	0.867552	0.14208	1.12059e-06	1.29167e-06
888	102	84	25	25	22	3	0.841727	0.1723	1.32201e-06	1.57059e-06
889	140	112	40	41	35	6	0.749702	0.28808	1.97408e-06	2.63315e-06
890	112	92	38	38	26	16	0.725975	0.32024	2.1744e-06	2.99514e-06
891	113	80	34	34	25	13	0.75592	0.27982	1.97291e-06	2.60995e-06
892	118	88	30	30	23	9	0.791124	0.2343	1.71803e-06	2.17163e-06
893	120	95	54	56	37	22	0.628839	0.46388	2.72287e-06	4.33e-06
894	134	102	31	31	28	4	0.806477	0.21508	1.58264e-06	1.96241e-06
895	121	90	39	39	31	9	0.74765	0.29082	2.00344e-06	2.67966e-06
896	110	86	34	34	25	13	0.75592	0.27982	1.97291e-06	2.60995e-06
897	107	90	22	23	16	11	0.818289	0.20054	1.54064e-06	1.88276e-06
898	118	103	44	45	28	24	0.666977	0.405	2.54474e-06	3.81534e-06
899	113	89	33	33	21	18	0.74153	0.29904	2.0905e-06	2.81917e-06
900	119	101	34	34	25	10	0.767574	0.26452	1.88098e-06	2.45055e-06
901	119	96	35	37	26	13	0.741812	0.29866	2.06171e-06	2.77929e-06
902	109	87	38	40	31	13	0.727967	0.3175	2.14651e-06	2.94864e-06
903	125	96	25	25	22	3	0.841727	0.1723	1.32201e-06	1.57059e-06
904	127	98	24	24	20	5	0.838434	0.17622	1.3586e-06	1.62041e-06
905	132	108	34	34	27	9	0.771499	0.25942	1.8496e-06	2.39742e-06
906	106	87	39	39	32	8	0.751473	0.28572	1.97376e-06	2.62652e-06
907	122	97	36	36	25	15	0.738909	0.30258	2.09046e-06	2.82911e-06
908	114	88	44	45	30	25	0.663584	0.4101	2.56706e-06	3.86847e-06
909	124	103	63	65	47	26	0.582282	0.5408	2.94085e-06	5.05056e-06
910	120	98	52	53	35	24	0.634296	0.45524	2.70649e-06	4.26692e-06
911	135	106	37	38	33	5	0.767866	0.26414	1.85108e-06	2.41067e-06
912	126	106	37	37	27	13	0.741812	0.29866	2.06171e-06	2.77929e-06
913	134	105	36	38	32	6	0.76396	0.26924	1.88225e-06	2.46381e-06
914	133	108	26	27	18	14	0.785873	0.24096	1.78232e-06	2.26795e-06
915	108	84	41	41	32	13	0.723409	0.32378	2.17391e-06	3.00508e-06
916	148	118	45	45	36	13	0.705464	0.3489	2.27926e-06	3.23087e-06
917	115	91	30	31	20	24	0.728272	0.31708	2.20308e-06	3.02507e-06
918	130	103	56	57	36	33	0.59081	0.52626	2.93686e-06	4.97091e-06
919	121	91	24	25	21	4	0.837445	0.1774	1.35978e-06	1.62372e-06
920	106	84	30	30	21	11	0.783096	0.2445	1.78381e-06	2.27789e-06
921	124	99	53	54	40	16	0.656574	0.42072	2.55952e-06	3.8983e-06
922	148	117	51	51	37	19	0.658902	0.41718	2.56205e-06	3.88836e-06
923	127	95	44	44	27	33	0.641068	0.44462	2.71626e-06	4.23709e-06
924	116	97	43	44	31	14	0.706297	0.34772	2.27961e-06	3.22756e-06
925	125	99	25	25	20	8	0.820534	0.1978	1.50671e-06	1.83626e-06
926	116	88	29	29	23	7	0.80427	0.21782	1.61571e-06	2.00891e-06
927	116	93	33	33	29	5	0.79236	0.23274	1.68649e-06	2.12844e-06
928	122	96	34	34	24	12	0.759785	0.27472	1.94263e-06	2.55682e-06
929	113	90	30	31	23	9	0.786172	0.24058	1.75165e-06	2.22807e-06
930	128	101	40	40	35	5	0.758282	0.2767	1.91358e-06	2.52357e-06
931	106	81	25	25	20	6	0.828946	0.1876	1.43407e-06	1.72999e-06
932	137	110	51	54	41	17	0.653234	0.42582	2.58121e-06	3.95143e-06
933	110	89	28	28	25	3	0.826017	0.19114	1.43721e-06	1.73993e-06
934	116	97	37	38	31	8	0.756207	0.27944	1.94351e-06	2.57007e-06
935	117	98	35	36	30	7	0.76968	0.26178	1.85035e-06	2.40405e-06
936	131	92	32	33	24	19	0.737758	0.30414	2.11906e-06	2.8723e-06
937	123	104	38	38	30	9	0.75236	0.28454	1.9736e-06	2.62321e-06
938	119	95	33	33	27	7	0.784319	0.24294	1.75272e-06	2.2347e-06
939	129	97	42	43	36	11	0.721704	0.32614	2.17357e-06	3.01171e-06
940	101	77	40	40	32	10	0.73919	0.3022	2.06178e-06	2.78924e-06
941	139	116	37	37	26	21	0.712155	0.33946	2.282e-06	3.20436e-06
942	111	88	44	47	34	19	0.675664	0.39206	2.47466e-06	3.66257e-06
943	116	88	42	44	34	16	0.699129	0.35792	2.33077e-06	3.33383e-06
944	118	91	33	35	29	7	0.774529	0.2555	1.81828e-06	2.3476e-06
945	123	97	37	40	30	12	0.731689	0.3124	2.11861e-06	2.8955e-06
946	124	94	26	27	20	10	0.80207	0.22056	1.64859e-06	2.05542e-06
947	124	96	38	38	26	24	0.696951	0.36104	2.38372e-06	3.42021e-06
948	113	92	32	33	26	11	0.768481	0.26334	1.88065e-06	2.44724e-06
949	122	104	38	39	28	16	0.72143	0.32652	2.20151e-06	3.05159e-06
950	130	105	50	50	36	37	0.604895	0.5027	2.89642e-06	4.78831e-06
951	113	81	29	31	23	11	0.778194	0.25078	1.81657e-06	2.33434e-06
952	122	91	39	41	32	10	0.734563	0.30848	2.09033e-06	2.84568e-06
953	119	93	36	36	26	15	0.738909	0.30258	2.09046e-06	2.82911e-06
954	115	91	33	33	27	7	0.784319	0.24294	1.75272e-06	2.2347e-06
955	124	97	35	37	28	13	0.741812	0.29866	2.06171e-06	2.77929e-06
956	130	107	28	29	27	2	0.825043	0.19232	1.43825e-06	1.74325e-06
957	131	105	36	37	30	10	0.753249	0.28336	1.97343e-06	2.61989e-06
958	105	80	27	27	22	6	0.8186	0.20016	1.50858e-06	1.84288e-06
959	125	97	32	32	26	9	0.78125	0.24686	1.78478e-06	2.28452e-06
960	114	80	37	37	28	14	0.738038	0.30376	2.09044e-06	2.83243e-06
961	102	70	32	33	24	12	0.764571	0.26844	1.91171e-06	2.50037e-06
962	120	89	25	25	18	7	0.824729	0.1927	1.47059e-06	1.78312e-06
963	117	95	39	39	24	21	0.703266	0.35202	2.33291e-06	3.31725e-06
964	125	104	34	34	31	3	0.795472	0.22882	1.65348e-06	2.07862e-06
965	106	85	21	22	18	5	0.849031	0.16366	1.27992e-06	1.50751e-06
966	133	101	32	34	30	4	0.791425	0.23392	1.68712e-06	2.13175e-06
967	107	86	17	17	14	3	0.885095	0.12206	9.90429e-07	1.11901e-06
968	146	117	27	27	24	4	0.826992	0.18996	1.43617e-06	1.73662e-06
969	115	87	28	29	25	4	0.81667	0.20252	1.51044e-06	1.84951e-06
970	134	106	36	37	29	8	0.760971	0.27316	1.9128e-06	2.51363e-06
971	120	91	33	33	25	14	0.756812	0.27864	1.97273e-06	2.60664e-06
972	110	89	39	41	32	13	0.723409	0.32378	2.17391e-06	3.00508e-06
973	126	96	40	40	37	3	0.766056	0.2665	1.85179e-06	2.4173e-06
974	117	92	36	37	30	8	0.760971	0.27316	1.9128e-06	2.51363e-06
975	130	96	40	41	26	22	0.690955	0.36968	2.40679e-06	3.48328e-06
976	119	98	32	32	24	10	0.777276	0.25196	1.817e-06	2.33766e-06
977	120	91	39	40	31	10	0.73919	0.3022	2.06178e-06	2.78924e-06
978	116	94	34	34	29	5	0.787399	0.23902	1.72038e-06	2.18488e-06
979	138	103	39	39	30	10	0.743847	0.29592	2.03278e-06	2.73279e-06
980	121	100	33	33	27	7	0.784319	0.24294	1.75272e-06	2.2347e-06
981	116	85	25	26	24	2	0.840734	0.17348	1.32323e-06	1.5739e-06
982	127	98	31	31	25	6	0.798293	0.22528	1.65141e-06	2.06867e-06
983	112	87	15	16	12	5	0.881632	0.12598	1.03048e-06	1.16883e-06
984	136	105	42	44	30	19	0.688514	0.37322	2.40513e-06	3.49323e-06
985	109	81	28	28	21	8	0.80522	0.21664	1.61495e-06	2.0056e-06
986	113	84	21	21	20	1	0.871988	0.13698	1.07999e-06	1.23853e-06
987	116	93	41	41	28	19	0.701608	0.35438	2.33206e-06	3.32388e-06
988	110	83	29	29	20	11	0.788029	0.23822	1.75056e-06	2.22145e-06
989	122	86	38	38	28	13	0.737168	0.30494	2.09042e-06	2.83574e-06
990	111	88	32	32	24	12	0.769388	0.26216	1.88032e-06	2.44392e-06
991	128	103	32	34	27	7	0.779408	0.24922	1.78574e-06	2.29115e-06
992	100	79	28	28	20	19	0.761291	0.27274	1.97179e-06	2.59006e-06
993	137	102	24	24	20	4	0.84272	0.17112	1.32077e-06	1.56728e-06
994	111	86	26	26	23	4	0.832202	0.18368	1.39824e-06	1.68017e-06
995	119	94	42	43	33	12	0.718033	0.33124	2.20066e-06	3.06485e-06
996	117	83	29	31	25	8	0.790191	0.23548	1.71862e-06	2.17494e-06
997	110	96	46	46	35	16	0.690403	0.37048	2.37963e-06	3.44672e-06
998	123	97	34	34	26	10	0.767574	0.26452	1.88098e-06	2.45055e-06
999	127	100	34	35	25	16	0.739782	0.3014	2.09047e-06	2.8258e-06
1000	129	105	49	49	36	23	0.653757	0.42502	2.60718e-06	3.988e-06