Hist	Tr_Tot	Tr_in	DSBs	DSBt	RIFs	NComb	PSurv	lPSurv	PMut*	PMut
1	347	273	157	165	97	123	0.189475	1.6635	3.00303e-06	1.58492e-05
2	305	238	155	157	102	99	0.225179	1.49086	3.18008e-06	1.41225e-05
3	371	296	171	174	118	78	0.225255	1.49052	3.14598e-06	1.39663e-05
4	317	242	119	123	85	53	0.352488	1.04274	3.43997e-06	9.75911e-06
5	320	256	175	182	109	134	0.160999	1.82636	2.8003e-06	1.73933e-05
6	338	256	142	146	101	69	0.281174	1.26878	3.3481e-06	1.19075e-05
7	320	248	157	159	111	83	0.241274	1.42182	3.22951e-06	1.33852e-05
8	294	229	90	91	70	24	0.499634	0.69388	3.20362e-06	6.41193e-06
9	283	225	112	117	81	50	0.371666	0.98976	3.44201e-06	9.26103e-06
10	360	282	169	170	119	79	0.229811	1.4705	3.16992e-06	1.37936e-05
11	333	263	143	146	103	69	0.281174	1.26878	3.3481e-06	1.19075e-05
12	315	239	135	137	103	46	0.334553	1.09496	3.4049e-06	1.01774e-05
13	319	269	149	154	96	105	0.222546	1.50262	3.17616e-06	1.42719e-05
14	311	245	106	110	81	44	0.400437	0.9152	3.42257e-06	8.5471e-06
15	328	254	128	136	75	111	0.241671	1.42018	3.28059e-06	1.35747e-05
16	329	247	138	141	90	96	0.252819	1.37508	3.3018e-06	1.30599e-05
17	338	269	134	135	90	59	0.317049	1.1487	3.40995e-06	1.07553e-05
18	318	243	130	135	88	85	0.277676	1.2813	3.37008e-06	1.21367e-05
19	353	274	178	186	113	139	0.153052	1.87698	2.73729e-06	1.78848e-05
20	309	234	112	115	80	46	0.38412	0.9568	3.43234e-06	8.9356e-06
21	324	259	131	132	92	55	0.329737	1.10946	3.4205e-06	1.03734e-05
22	320	243	150	159	103	77	0.248772	1.39122	3.25056e-06	1.30664e-05
23	335	268	147	154	111	58	0.282827	1.26292	3.33019e-06	1.17747e-05
24	330	278	157	164	113	84	0.232627	1.45832	3.19178e-06	1.37206e-05
25	338	256	127	130	97	49	0.34428	1.0663	3.42273e-06	9.94171e-06
26	340	277	168	177	109	103	0.19459	1.63686	3.00913e-06	1.54639e-05
27	294	237	121	128	76	88	0.285749	1.25264	3.40071e-06	1.1901e-05
28	356	275	173	176	117	88	0.211384	1.55408	3.08842e-06	1.46105e-05
29	311	254	146	146	105	57	0.29892	1.20758	3.36881e-06	1.12699e-05
30	333	272	147	149	99	73	0.270355	1.30802	3.3225e-06	1.22894e-05
31	322	243	128	130	92	52	0.339053	1.0816	3.42481e-06	1.01011e-05
32	328	257	182	186	119	99	0.187687	1.67298	2.95784e-06	1.57594e-05
33	323	256	176	182	124	85	0.206706	1.57646	3.05713e-06	1.47898e-05
34	296	233	78	81	55	41	0.487834	0.71778	3.29323e-06	6.75072e-06
35	329	262	113	115	82	55	0.366888	1.0027	3.45381e-06	9.4138e-06
36	310	249	107	109	78	44	0.402959	0.90892	3.42139e-06	8.49065e-06
37	333	262	126	130	88	80	0.293934	1.2244	3.40636e-06	1.15888e-05
38	313	249	115	117	85	43	0.385174	0.95406	3.42385e-06	8.8891e-06
39	343	261	132	136	90	69	0.299398	1.20598	3.3961e-06	1.13431e-05
40	323	254	113	113	78	56	0.369635	0.99524	3.45758e-06	9.35404e-06
41	338	260	135	138	101	51	0.324088	1.12674	3.40278e-06	1.04996e-05
42	333	266	146	148	95	87	0.25331	1.37314	3.28717e-06	1.29768e-05
43	375	302	163	165	110	83	0.232352	1.4595	3.18878e-06	1.37239e-05
44	344	267	124	129	90	58	0.330906	1.10592	3.42934e-06	1.03635e-05
45	301	223	115	118	80	59	0.35277	1.04194	3.45562e-06	9.79568e-06
46	312	252	126	128	85	59	0.331297	1.10474	3.43229e-06	1.03602e-05
47	315	251	144	150	94	93	0.24261	1.4163	3.25304e-06	1.34085e-05
48	321	239	123	128	85	82	0.294629	1.22204	3.41245e-06	1.15822e-05
49	325	252	114	124	88	57	0.343208	1.06942	3.44172e-06	1.00281e-05
50	315	249	147	152	103	81	0.254702	1.36766	3.28154e-06	1.28838e-05
51	334	274	165	172	104	118	0.186009	1.68196	2.97218e-06	1.59787e-05
52	345	252	135	138	94	65	0.301755	1.19814	3.39276e-06	1.12434e-05
53	346	260	151	154	98	94	0.235388	1.44652	3.22186e-06	1.36875e-05
54	303	232	130	132	89	78	0.293241	1.22676	3.40027e-06	1.15955e-05
55	368	280	172	172	122	76	0.230441	1.46776	3.1679e-06	1.37471e-05
56	316	247	145	149	107	58	0.291849	1.23152	3.35405e-06	1.14924e-05
57	319	254	100	104	69	43	0.417939	0.87242	3.40841e-06	8.15528e-06
58	326	253	131	137	97	69	0.297524	1.21226	3.39163e-06	1.13995e-05
59	325	255	139	143	92	77	0.275067	1.29074	3.34571e-06	1.21633e-05
60	303	223	141	145	95	82	0.264795	1.3288	3.32101e-06	1.25418e-05
61	321	247	126	131	81	105	0.257128	1.35818	3.33589e-06	1.29736e-05
62	321	264	138	141	105	46	0.326254	1.12008	3.3941e-06	1.04032e-05
63	338	257	131	140	90	73	0.286075	1.2515	3.37036e-06	1.17814e-05
64	320	252	114	115	86	34	0.408363	0.8956	3.38859e-06	8.298e-06
65	318	244	153	156	96	153	0.172048	1.75998	2.91367e-06	1.69352e-05
66	349	282	159	162	116	70	0.253001	1.37436	3.25457e-06	1.28638e-05
67	328	244	143	146	99	63	0.289911	1.23818	3.35971e-06	1.15887e-05
68	333	260	142	148	100	66	0.281946	1.26604	3.34417e-06	1.1861e-05
69	337	273	137	141	104	60	0.303771	1.19148	3.38617e-06	1.11471e-05
70	300	232	152	157	106	75	0.254499	1.36846	3.26961e-06	1.28473e-05
71	351	269	138	142	105	52	0.314441	1.15696	3.38919e-06	1.07785e-05
72	308	240	95	98	67	51	0.416637	0.87554	3.43378e-06	8.24166e-06
73	329	245	130	136	89	65	0.305569	1.18558	3.40114e-06	1.11305e-05
74	320	243	158	162	106	102	0.214905	1.53756	3.12989e-06	1.45641e-05
75	322	256	153	159	98	109	0.211312	1.55442	3.12038e-06	1.47667e-05
76	329	267	159	165	107	83	0.232352	1.4595	3.18878e-06	1.37239e-05
77	344	277	148	151	99	79	0.258935	1.35118	3.29393e-06	1.27211e-05
78	339	258	163	173	110	105	0.197515	1.62194	3.03076e-06	1.53444e-05
79	292	228	117	120	89	41	0.38186	0.9627	3.41848e-06	8.95217e-06
80	354	273	121	124	94	45	0.364868	1.00822	3.42629e-06	9.3905e-06
81	310	242	113	114	80	52	0.374891	0.98112	3.44823e-06	9.19795e-06
82	342	263	126	129	92	52	0.341189	1.07532	3.42713e-06	1.00447e-05
83	321	254	124	128	91	48	0.350414	1.04864	3.42554e-06	9.77569e-06
84	297	217	131	133	86	70	0.303541	1.19224	3.40781e-06	1.12269e-05
85	330	260	145	150	92	95	0.240148	1.4265	3.24555e-06	1.35148e-05
86	317	251	118	118	87	37	0.394656	0.92974	3.4046e-06	8.62675e-06
87	333	269	122	127	85	72	0.311998	1.16476	3.43024e-06	1.09944e-05
88	316	258	115	118	87	38	0.392649	0.93484	3.40814e-06	8.67988e-06
89	322	240	142	145	96	80	0.26751	1.3186	3.32663e-06	1.24356e-05
90	322	254	128	132	94	54	0.331423	1.10436	3.42038e-06	1.03203e-05
91	351	288	180	194	117	133	0.150075	1.89662	2.70398e-06	1.80175e-05
92	323	246	137	143	92	87	0.26139	1.34174	3.31825e-06	1.26946e-05
93	358	284	144	146	107	59	0.295886	1.21778	3.36606e-06	1.13762e-05
94	332	256	143	146	97	90	0.252617	1.37588	3.28992e-06	1.30233e-05
95	322	262	151	155	110	60	0.278204	1.2794	3.32103e-06	1.19374e-05
96	343	272	146	149	107	82	0.258226	1.35392	3.29693e-06	1.27676e-05
97	325	252	130	132	91	67	0.310162	1.17066	3.4152e-06	1.1011e-05
98	304	248	108	108	73	61	0.371822	0.98934	3.47188e-06	9.33747e-06
99	314	247	144	147	101	90	0.251036	1.38216	3.28349e-06	1.30798e-05
100	325	250	168	170	102	124	0.182684	1.7	2.95666e-06	1.61846e-05
101	324	255	129	135	86	74	0.293699	1.2252	3.39289e-06	1.15523e-05
102	320	252	120	123	77	111	0.262228	1.33854	3.36723e-06	1.28408e-05
103	333	273	142	147	102	60	0.292538	1.22916	3.36003e-06	1.14858e-05
104	327	250	126	127	93	43	0.361729	1.01686	3.41963e-06	9.45357e-06
105	345	269	135	140	92	76	0.281732	1.2668	3.3641e-06	1.19408e-05
106	302	241	139	144	95	72	0.280405	1.27152	3.35197e-06	1.1954e-05
107	365	294	147	150	98	84	0.254005	1.3704	3.28437e-06	1.29303e-05
108	316	252	109	111	79	49	0.387911	0.94698	3.44046e-06	8.86921e-06
109	321	254	126	131	86	66	0.313712	1.15928	3.41991e-06	1.09014e-05
110	325	267	133	136	92	66	0.304014	1.19068	3.4e-06	1.11837e-05
111	322	255	112	115	81	50	0.376363	0.9772	3.44302e-06	9.14813e-06
112	335	255	136	139	90	94	0.25864	1.35232	3.32112e-06	1.28407e-05
113	280	217	107	110	79	50	0.388369	0.9458	3.44324e-06	8.8659e-06
114	324	251	137	141	111	38	0.33984	1.07928	3.39098e-06	9.97817e-06
115	336	270	140	143	100	71	0.283614	1.26014	3.35926e-06	1.18445e-05
116	325	256	115	120	77	76	0.319435	1.1412	3.45368e-06	1.08118e-05
117	317	253	126	129	96	45	0.353589	1.03962	3.42017e-06	9.67273e-06
118	311	241	128	132	92	53	0.333117	1.09926	3.42016e-06	1.02671e-05
119	327	257	154	159	106	70	0.257813	1.35552	3.27281e-06	1.26945e-05
120	338	277	150	153	102	70	0.267713	1.31784	3.30781e-06	1.23558e-05
121	336	268	144	145	111	46	0.31816	1.1452	3.38173e-06	1.0629e-05
122	295	237	114	115	80	47	0.382166	0.9619	3.43519e-06	8.98873e-06
123	350	267	131	136	93	82	0.280192	1.27228	3.37177e-06	1.20338e-05
124	307	229	108	113	82	43	0.394972	0.92894	3.42176e-06	8.66331e-06
125	333	263	108	110	77	43	0.402484	0.9101	3.41868e-06	8.49396e-06
126	319	260	156	161	111	83	0.238263	1.43438	3.2161e-06	1.34981e-05
127	309	243	120	125	90	50	0.353455	1.04	3.43297e-06	9.71261e-06
128	328	247	129	130	81	76	0.299992	1.204	3.4128e-06	1.13763e-05
129	351	278	152	155	109	74	0.259033	1.3508	3.28486e-06	1.26812e-05
130	338	272	123	124	91	51	0.353872	1.03882	3.43585e-06	9.7093e-06
131	310	239	123	124	86	51	0.353872	1.03882	3.43585e-06	9.7093e-06
132	352	275	159	163	117	65	0.257911	1.35514	3.26377e-06	1.26546e-05
133	309	242	141	144	96	84	0.263759	1.33272	3.32116e-06	1.25916e-05
134	344	268	154	155	95	95	0.232724	1.4579	3.21091e-06	1.3797e-05
135	320	249	157	159	106	103	0.217878	1.52382	3.14788e-06	1.44479e-05
136	304	232	123	125	95	39	0.37385	0.9839	3.41256e-06	9.12814e-06
137	330	266	126	129	97	48	0.34822	1.05492	3.42375e-06	9.83213e-06
138	376	308	168	177	120	88	0.21006	1.56036	3.08095e-06	1.46669e-05
139	340	257	153	157	100	86	0.240614	1.42456	3.23187e-06	1.34317e-05
140	294	233	107	112	87	46	0.391426	0.93796	3.43134e-06	8.76626e-06
141	306	225	137	141	96	64	0.297637	1.21188	3.38105e-06	1.13596e-05
142	316	246	152	156	94	98	0.227756	1.47948	3.19152e-06	1.40129e-05
143	332	270	143	146	93	103	0.236412	1.44218	3.24217e-06	1.37141e-05
144	322	247	156	163	101	124	0.190893	1.65604	3.01411e-06	1.57895e-05
145	318	232	127	132	85	64	0.314944	1.15536	3.41765e-06	1.08516e-05
146	331	271	162	163	103	112	0.202941	1.59484	3.07494e-06	1.51519e-05
147	322	247	118	124	80	58	0.341462	1.07452	3.44235e-06	1.00812e-05
148	342	275	122	125	93	39	0.37385	0.9839	3.41256e-06	9.12814e-06
149	329	259	152	155	108	79	0.252511	1.3763	3.26924e-06	1.29469e-05
150	311	248	130	133	95	64	0.312972	1.16164	3.41392e-06	1.09081e-05
151	313	226	113	119	73	67	0.336546	1.08902	3.45875e-06	1.02772e-05
152	318	260	132	135	97	48	0.335343	1.0926	3.41072e-06	1.01708e-05
153	323	255	138	141	92	77	0.278544	1.27818	3.35656e-06	1.20504e-05
154	305	238	110	113	86	35	0.41142	0.88814	3.38938e-06	8.23824e-06
155	333	263	157	163	107	79	0.240138	1.42654	3.21749e-06	1.33985e-05
156	319	256	121	125	90	50	0.353455	1.04	3.43297e-06	9.71261e-06
157	344	265	178	180	115	113	0.181464	1.7067	2.93329e-06	1.61646e-05
158	300	229	101	106	72	50	0.398248	0.92068	3.44091e-06	8.64011e-06
159	363	288	153	154	107	70	0.266037	1.32412	3.30212e-06	1.24123e-05
160	315	248	121	122	87	65	0.333651	1.09766	3.45004e-06	1.03403e-05
161	340	266	126	130	95	48	0.34604	1.0612	3.42185e-06	9.88858e-06
162	325	260	123	127	86	62	0.328322	1.11376	3.43527e-06	1.04631e-05
163	334	257	159	162	100	108	0.208428	1.56816	3.10202e-06	1.48829e-05
164	334	268	166	173	104	116	0.18674	1.67804	2.97455e-06	1.59289e-05
165	282	221	120	125	78	75	0.311144	1.1675	3.43532e-06	1.10409e-05
166	346	273	138	140	98	74	0.28462	1.2566	3.36834e-06	1.18345e-05
167	303	237	131	136	89	72	0.294853	1.22128	3.39153e-06	1.15025e-05
168	329	267	157	159	103	82	0.242508	1.41672	3.23314e-06	1.33321e-05
169	311	237	107	112	87	31	0.422545	0.86146	3.36737e-06	7.96926e-06
170	317	240	132	136	97	53	0.324854	1.12438	3.40867e-06	1.04929e-05
171	326	273	161	166	100	139	0.173534	1.75138	2.90771e-06	1.67558e-05
172	344	274	135	140	98	56	0.311985	1.1648	3.39381e-06	1.08781e-05
173	336	255	136	139	90	96	0.256015	1.36252	3.31462e-06	1.2947e-05
174	304	232	136	140	89	72	0.287538	1.2464	3.37232e-06	1.17283e-05
175	348	276	148	154	108	60	0.279957	1.27312	3.32614e-06	1.18809e-05
176	306	233	124	128	90	56	0.336405	1.08944	3.43158e-06	1.02008e-05
177	338	261	140	146	106	49	0.311368	1.16678	3.37675e-06	1.08449e-05
178	318	246	146	149	92	100	0.235576	1.44572	3.23305e-06	1.3724e-05
179	340	266	174	179	110	129	0.168298	1.78202	2.85405e-06	1.69583e-05
180	327	256	128	132	87	78	0.293241	1.22676	3.40027e-06	1.15955e-05
181	323	256	124	127	89	57	0.336802	1.08826	3.43452e-06	1.01974e-05
182	337	261	149	152	107	64	0.277771	1.28096	3.32785e-06	1.19806e-05
183	316	242	113	117	81	49	0.373566	0.98466	3.43976e-06	9.2079e-06
184	351	273	124	126	90	47	0.356657	1.03098	3.42735e-06	9.60966e-06
185	308	233	130	133	83	79	0.289923	1.23814	3.39356e-06	1.17051e-05
186	351	272	121	128	86	69	0.314824	1.15574	3.42891e-06	1.08915e-05
187	319	259	167	175	104	125	0.176136	1.7365	2.90976e-06	1.652e-05
188	311	241	126	135	94	52	0.328572	1.113	3.41168e-06	1.03834e-05
189	329	264	144	147	90	103	0.234932	1.44846	3.23513e-06	1.37705e-05
190	294	229	112	113	74	51	0.379182	0.96974	3.44614e-06	9.08837e-06
191	339	258	163	166	101	106	0.205342	1.58308	3.08062e-06	1.50024e-05
192	292	231	125	127	92	42	0.363579	1.01176	3.4178e-06	9.40044e-06
193	354	294	159	161	112	69	0.255897	1.36298	3.26378e-06	1.27543e-05
194	357	270	124	127	99	35	0.376793	0.97606	3.40188e-06	9.02851e-06
195	334	268	120	125	100	30	0.39141	0.938	3.38567e-06	8.64995e-06
196	339	269	146	148	101	64	0.284836	1.25584	3.34819e-06	1.17548e-05
197	321	265	141	143	97	71	0.283614	1.26014	3.35926e-06	1.18445e-05
198	330	261	139	141	97	76	0.279968	1.27308	3.35884e-06	1.19972e-05
199	343	267	148	154	108	98	0.230635	1.46692	3.20582e-06	1.39e-05
200	341	262	142	149	94	93	0.244138	1.41002	3.25976e-06	1.33521e-05
201	334	267	182	186	119	120	0.168625	1.78008	2.84558e-06	1.68752e-05
202	323	253	113	113	86	37	0.407245	0.89834	3.39826e-06	8.34451e-06
203	312	243	130	133	92	64	0.312972	1.16164	3.41392e-06	1.09081e-05
204	323	256	123	130	83	77	0.298466	1.2091	3.4113e-06	1.14294e-05
205	322	264	125	129	77	106	0.259054	1.35072	3.34538e-06	1.29139e-05
206	336	252	127	128	83	81	0.296135	1.21694	3.41416e-06	1.15291e-05
207	332	252	143	146	102	74	0.274095	1.29428	3.33662e-06	1.21732e-05
208	353	287	141	142	98	66	0.292772	1.22836	3.37343e-06	1.15224e-05
209	343	251	132	133	90	56	0.326006	1.12084	3.41752e-06	1.0483e-05
210	299	237	138	142	90	88	0.261699	1.34056	3.3213e-06	1.26913e-05
211	360	293	173	181	117	103	0.189763	1.66198	2.97733e-06	1.56897e-05
212	314	246	126	129	88	56	0.334299	1.09572	3.42897e-06	1.02572e-05
213	353	275	126	128	88	58	0.332991	1.09964	3.43214e-06	1.0307e-05
214	324	257	162	166	104	95	0.217191	1.52698	3.13144e-06	1.4418e-05
215	339	273	174	178	123	89	0.207683	1.57174	3.06884e-06	1.47765e-05
216	333	265	136	142	99	59	0.303413	1.19266	3.38318e-06	1.11504e-05
217	296	206	131	139	96	73	0.287878	1.24522	3.37535e-06	1.17249e-05
218	345	272	131	138	101	49	0.327411	1.11654	3.40288e-06	1.03933e-05
219	302	238	123	126	92	50	0.351242	1.04628	3.4313e-06	9.76906e-06
220	365	286	179	189	108	167	0.130208	2.03862	2.54451e-06	1.95418e-05
221	316	245	104	107	70	59	0.378	0.97286	3.46806e-06	9.17475e-06
222	313	267	144	146	101	68	0.282612	1.26368	3.3502e-06	1.18544e-05
223	328	258	111	116	84	40	0.393576	0.93248	3.41359e-06	8.67325e-06
224	352	283	172	179	114	102	0.193144	1.64432	2.99831e-06	1.55237e-05
225	335	270	189	193	112	142	0.144245	1.93624	2.65978e-06	1.84393e-05
226	311	250	107	110	78	44	0.400437	0.9152	3.42257e-06	8.5471e-06
227	347	269	111	111	87	29	0.429566	0.84498	3.35343e-06	7.80655e-06
228	334	260	146	149	108	55	0.296348	1.21622	3.35852e-06	1.1333e-05
229	344	270	153	158	99	108	0.21373	1.54304	3.13267e-06	1.46571e-05
230	317	249	131	135	100	56	0.321937	1.1334	3.41121e-06	1.05959e-05
231	305	234	139	142	86	98	0.248687	1.39156	3.28829e-06	1.32226e-05
232	327	259	133	135	99	40	0.349308	1.0518	3.40427e-06	9.74575e-06
233	307	227	111	117	79	58	0.356807	1.03056	3.45607e-06	9.68609e-06
234	336	267	132	134	84	75	0.294046	1.22402	3.39592e-06	1.1549e-05
235	333	247	143	150	97	92	0.24385	1.4112	3.25672e-06	1.33554e-05
236	349	293	151	154	109	79	0.254102	1.37002	3.27549e-06	1.28905e-05
237	307	249	143	147	94	91	0.249759	1.38726	3.28006e-06	1.31329e-05
238	362	289	158	161	112	64	0.262506	1.33748	3.27833e-06	1.24886e-05
239	319	247	124	127	89	60	0.331688	1.10356	3.43524e-06	1.03568e-05
240	316	239	121	123	88	58	0.343613	1.06824	3.44464e-06	1.00248e-05
241	328	261	121	121	88	56	0.351523	1.04548	3.4469e-06	9.80562e-06
242	332	263	131	134	96	59	0.319046	1.14242	3.41342e-06	1.06988e-05
243	338	269	144	150	101	77	0.263237	1.3347	3.30584e-06	1.25584e-05
244	289	235	125	132	93	62	0.318173	1.14516	3.41888e-06	1.07453e-05
245	352	280	152	156	101	78	0.252213	1.37748	3.26622e-06	1.29502e-05
246	309	242	154	156	94	104	0.220892	1.51008	3.16576e-06	1.43317e-05
247	383	311	150	152	111	68	0.272161	1.30136	3.31849e-06	1.21931e-05
248	345	272	153	158	100	117	0.204142	1.58894	3.08975e-06	1.51353e-05
249	325	252	85	85	66	29	0.505756	0.6817	3.20594e-06	6.33891e-06
250	305	240	143	146	99	67	0.284057	1.25858	3.35224e-06	1.18013e-05
251	323	267	185	192	113	149	0.140063	1.96566	2.62686e-06	1.87548e-05
252	340	265	154	158	100	97	0.226063	1.48694	3.18131e-06	1.40726e-05
253	339	276	152	159	103	100	0.221237	1.50852	3.16114e-06	1.42885e-05
254	321	254	119	122	78	66	0.331954	1.10276	3.45013e-06	1.03934e-05
255	311	251	113	118	86	50	0.369339	0.99604	3.44131e-06	9.31748e-06
256	334	258	136	141	88	113	0.231823	1.46178	3.23699e-06	1.39632e-05
257	322	246	149	156	104	101	0.224298	1.49478	3.17881e-06	1.41723e-05
258	334	264	150	154	104	63	0.275706	1.28842	3.31959e-06	1.20403e-05
259	331	263	148	154	104	81	0.251523	1.38022	3.26898e-06	1.29967e-05
260	284	218	127	129	86	67	0.316061	1.15182	3.42663e-06	1.08417e-05
261	342	270	147	151	101	77	0.261589	1.34098	3.29991e-06	1.26148e-05
262	297	247	146	148	96	90	0.249464	1.38844	3.27702e-06	1.31362e-05
263	358	292	154	156	103	93	0.233639	1.45398	3.21188e-06	1.37472e-05
264	313	242	111	114	86	37	0.404696	0.90462	3.39983e-06	8.40095e-06
265	324	256	135	137	89	103	0.250159	1.38566	3.30361e-06	1.3206e-05
266	323	254	131	135	92	68	0.302825	1.1946	3.40178e-06	1.12335e-05
267	357	298	173	176	122	86	0.213551	1.54388	3.09739e-06	1.45042e-05
268	332	256	144	150	102	81	0.257922	1.3551	3.2939e-06	1.27709e-05
269	305	236	123	130	87	65	0.317302	1.1479	3.42428e-06	1.07918e-05
270	344	270	141	145	104	69	0.282946	1.2625	3.35322e-06	1.18511e-05
271	300	237	127	134	90	65	0.309431	1.17302	3.4092e-06	1.10176e-05
272	362	277	171	175	128	69	0.234359	1.4509	3.17428e-06	1.35445e-05
273	314	243	145	147	95	81	0.262827	1.33626	3.31203e-06	1.26016e-05
274	327	267	131	135	84	80	0.284848	1.2558	3.38145e-06	1.18711e-05
275	320	255	144	147	102	74	0.272379	1.30056	3.3311e-06	1.22297e-05
276	316	247	160	160	115	62	0.266868	1.321	3.28939e-06	1.23259e-05
277	334	269	176	178	114	103	0.193372	1.64314	3.00121e-06	1.55204e-05
278	316	245	124	129	88	60	0.327548	1.11612	3.42934e-06	1.04697e-05
279	361	276	137	139	85	104	0.24578	1.40332	3.28658e-06	1.33721e-05
280	332	268	149	151	105	74	0.265622	1.32568	3.30844e-06	1.24554e-05
281	352	268	131	134	96	45	0.342659	1.07102	3.41116e-06	9.95497e-06
282	316	244	141	147	99	79	0.265521	1.32606	3.31777e-06	1.24953e-05
283	311	238	130	131	101	48	0.343874	1.06748	3.41984e-06	9.94503e-06
284	326	250	100	101	72	55	0.400605	0.91478	3.45463e-06	8.62353e-06
285	339	250	109	113	81	45	0.390964	0.93914	3.42859e-06	8.76957e-06
286	335	283	144	147	104	61	0.29105	1.23426	3.3584e-06	1.15389e-05
287	325	248	154	162	111	79	0.241651	1.42026	3.22412e-06	1.3342e-05
288	348	279	123	129	87	64	0.320934	1.13652	3.4283e-06	1.06823e-05
289	305	229	94	99	62	55	0.405668	0.90222	3.45249e-06	8.51064e-06
290	314	245	121	122	90	52	0.356522	1.03136	3.44027e-06	9.64953e-06
291	318	250	96	97	74	25	0.47871	0.73666	3.25702e-06	6.80375e-06
292	321	261	114	115	85	38	0.400116	0.916	3.4052e-06	8.51054e-06
293	327	266	123	123	89	50	0.357922	1.02744	3.43595e-06	9.59971e-06
294	351	271	141	149	94	100	0.235576	1.44572	3.23305e-06	1.3724e-05
295	337	264	115	115	86	35	0.406285	0.9007	3.39294e-06	8.35114e-06
296	287	235	138	145	92	93	0.250349	1.3849	3.28615e-06	1.31263e-05
297	350	275	141	143	101	83	0.266778	1.32134	3.32993e-06	1.24821e-05
298	308	240	151	152	97	89	0.24452	1.40846	3.25428e-06	1.33089e-05
299	337	267	122	129	90	61	0.325882	1.12122	3.42921e-06	1.05229e-05
300	319	257	129	131	87	77	0.296597	1.21538	3.40668e-06	1.14859e-05
301	330	251	122	123	82	64	0.333257	1.09884	3.44707e-06	1.03436e-05
302	311	240	129	134	88	66	0.307857	1.17812	3.40821e-06	1.10708e-05
303	336	252	137	141	94	78	0.277127	1.28328	3.3542e-06	1.21035e-05
304	311	245	107	111	78	43	0.399964	0.91638	3.41986e-06	8.55041e-06
305	345	272	154	156	122	41	0.304593	1.18878	3.34573e-06	1.09843e-05
306	325	254	161	168	105	117	0.191716	1.65174	3.0099e-06	1.56998e-05
307	310	244	106	107	74	52	0.391739	0.93716	3.44841e-06	8.80282e-06
308	326	250	133	134	100	48	0.337456	1.08632	3.41316e-06	1.01144e-05
309	321	247	148	152	106	65	0.276357	1.28606	3.3256e-06	1.20337e-05
310	339	268	169	175	112	131	0.170828	1.7671	2.87653e-06	1.68388e-05
311	330	253	133	142	92	76	0.278215	1.27936	3.35352e-06	1.20537e-05
312	297	231	99	100	70	40	0.435178	0.832	3.38137e-06	7.77009e-06
313	340	271	155	163	104	119	0.195824	1.63054	3.03993e-06	1.55238e-05
314	363	288	160	165	108	81	0.234735	1.4493	3.19653e-06	1.36176e-05
315	356	261	167	172	109	106	0.197748	1.62076	3.03368e-06	1.53411e-05
316	312	231	133	137	80	141	0.206086	1.57946	3.13769e-06	1.52251e-05
317	283	217	129	133	87	78	0.291405	1.23304	3.39543e-06	1.16519e-05
318	322	256	138	140	95	64	0.299512	1.2056	3.38544e-06	1.13032e-05
319	333	261	130	132	87	63	0.316554	1.15026	3.41831e-06	1.07985e-05
320	332	263	137	142	89	73	0.282505	1.26406	3.36019e-06	1.18943e-05
321	311	250	144	149	95	84	0.255606	1.36412	3.29063e-06	1.28739e-05
322	342	278	130	135	95	60	0.315436	1.1538	3.40936e-06	1.08084e-05
323	298	237	134	134	89	99	0.26017	1.34642	3.33646e-06	1.28242e-05
324	360	281	146	151	100	91	0.243563	1.41238	3.25369e-06	1.33587e-05
325	313	239	128	133	90	68	0.306653	1.18204	3.41016e-06	1.11206e-05
326	322	256	144	148	100	93	0.245676	1.40374	3.26642e-06	1.32956e-05
327	324	255	169	175	116	89	0.211633	1.5529	3.09137e-06	1.46072e-05
328	327	267	179	186	116	125	0.164379	1.80558	2.81761e-06	1.71409e-05
329	339	275	150	152	100	98	0.23355	1.45436	3.21997e-06	1.37871e-05
330	321	249	136	139	91	74	0.286413	1.25032	3.37339e-06	1.17781e-05
331	297	223	102	105	70	64	0.373141	0.9858	3.48048e-06	9.32752e-06
332	312	246	142	146	98	83	0.261799	1.34018	3.31212e-06	1.26514e-05
333	363	291	163	173	108	106	0.19651	1.62704	3.02578e-06	1.53976e-05
334	315	254	125	133	87	63	0.314573	1.15654	3.41466e-06	1.08549e-05
335	317	257	132	134	104	37	0.356928	1.03022	3.40149e-06	9.52991e-06
336	325	259	145	151	98	80	0.257617	1.35628	3.29087e-06	1.27742e-05
337	397	315	180	186	120	95	0.191555	1.65258	2.97809e-06	1.55469e-05
338	335	272	128	132	94	51	0.336533	1.08906	3.41947e-06	1.01609e-05
339	330	243	126	132	89	75	0.297762	1.21146	3.40523e-06	1.14361e-05
340	347	274	154	157	99	116	0.206478	1.57756	3.10249e-06	1.50257e-05
341	304	234	98	102	78	26	0.461552	0.77316	3.29508e-06	7.13912e-06
342	346	278	153	161	103	87	0.233452	1.45478	3.20078e-06	1.37107e-05
343	317	252	146	150	95	110	0.222462	1.503	3.18383e-06	1.43118e-05
344	326	255	143	147	103	72	0.275172	1.29036	3.33601e-06	1.21234e-05
345	326	239	132	135	91	73	0.295201	1.2201	3.39456e-06	1.14991e-05
346	289	234	168	171	111	97	0.208341	1.56858	3.08479e-06	1.48065e-05
347	336	253	153	155	102	72	0.261689	1.3406	3.29073e-06	1.2575e-05
348	339	265	150	154	102	71	0.264684	1.32922	3.29938e-06	1.24654e-05
349	349	271	145	148	107	55	0.298215	1.20994	3.36284e-06	1.12766e-05
350	306	239	130	133	91	59	0.321056	1.13614	3.4168e-06	1.06424e-05
351	328	257	134	139	92	76	0.283507	1.26052	3.36929e-06	1.18843e-05
352	318	245	163	167	108	97	0.213641	1.54346	3.11502e-06	1.45807e-05
353	302	236	157	162	102	94	0.223854	1.49676	3.16508e-06	1.4139e-05
354	328	261	136	140	101	53	0.316795	1.1495	3.39564e-06	1.07187e-05
355	330	254	141	144	104	66	0.289118	1.24092	3.36396e-06	1.16352e-05
356	343	258	138	140	93	68	0.293464	1.226	3.37945e-06	1.15157e-05
357	325	254	159	167	119	75	0.239008	1.43126	3.20551e-06	1.34117e-05
358	330	266	133	138	91	79	0.280961	1.26954	3.36796e-06	1.19873e-05
359	325	253	142	148	97	85	0.255907	1.36294	3.29367e-06	1.28706e-05
360	340	274	119	121	89	59	0.346186	1.06078	3.44975e-06	9.96502e-06
361	320	244	112	115	84	43	0.390042	0.9415	3.42309e-06	8.7762e-06
362	345	263	139	144	102	67	0.287647	1.24602	3.36213e-06	1.16884e-05
363	329	255	134	139	99	64	0.301399	1.19932	3.38976e-06	1.12467e-05
364	305	227	134	135	106	42	0.345764	1.062	3.40647e-06	9.85202e-06
365	339	262	118	122	87	55	0.351108	1.04666	3.444e-06	9.80893e-06
366	347	271	159	165	106	94	0.219676	1.5156	3.14321e-06	1.43084e-05
367	355	286	141	146	100	64	0.288437	1.24328	3.35794e-06	1.16419e-05
368	311	247	114	117	75	68	0.339066	1.08156	3.46438e-06	1.02174e-05
369	328	277	162	163	111	70	0.251418	1.38064	3.24839e-06	1.29203e-05
370	321	251	145	148	104	73	0.272058	1.30174	3.32808e-06	1.2233e-05
371	334	251	154	156	105	80	0.249654	1.38768	3.2596e-06	1.30565e-05
372	331	260	149	154	98	95	0.234191	1.45162	3.21792e-06	1.37406e-05
373	317	259	132	135	105	41	0.347531	1.0569	3.40542e-06	9.79889e-06
374	341	270	147	149	99	69	0.275927	1.28762	3.33233e-06	1.20769e-05
375	297	233	141	143	97	70	0.285064	1.25504	3.36129e-06	1.17913e-05
376	358	287	150	152	108	72	0.266666	1.32176	3.30815e-06	1.24056e-05
377	312	242	142	148	101	73	0.272058	1.30174	3.32808e-06	1.2233e-05
378	312	247	99	102	81	29	0.454544	0.78846	3.3175e-06	7.29852e-06
379	323	261	165	167	103	110	0.199936	1.60976	3.0533e-06	1.52714e-05
380	333	275	143	149	107	67	0.278756	1.27742	3.33688e-06	1.19706e-05
381	332	238	167	175	100	140	0.163164	1.813	2.82551e-06	1.7317e-05
382	267	212	141	146	96	69	0.281174	1.26878	3.3481e-06	1.19075e-05
383	306	238	116	120	85	53	0.359191	1.0239	3.44456e-06	9.58977e-06
384	339	262	141	142	99	63	0.297286	1.21306	3.37805e-06	1.1363e-05
385	358	278	176	177	123	72	0.22792	1.47876	3.14913e-06	1.38168e-05
386	314	252	131	136	92	71	0.29636	1.21618	3.39312e-06	1.14493e-05
387	322	241	169	173	121	70	0.236114	1.44344	3.18394e-06	1.34848e-05
388	324	257	124	129	83	83	0.291295	1.23342	3.40576e-06	1.16918e-05
389	323	242	106	107	82	35	0.427218	0.85046	3.37484e-06	7.89956e-06
390	334	258	136	140	99	67	0.294965	1.2209	3.38106e-06	1.14626e-05
391	335	262	110	111	82	38	0.410295	0.89088	3.39919e-06	8.28475e-06
392	345	272	161	165	112	73	0.24451	1.4085	3.22571e-06	1.31926e-05
393	303	226	89	90	66	29	0.490122	0.7131	3.24517e-06	6.62115e-06
394	339	263	179	186	115	115	0.17298	1.75458	2.87312e-06	1.66096e-05
395	316	236	150	154	107	77	0.256707	1.35982	3.28179e-06	1.27842e-05
396	330	258	143	151	98	95	0.238645	1.43278	3.2387e-06	1.35712e-05
397	326	253	139	143	98	75	0.277887	1.28054	3.35049e-06	1.2057e-05
398	337	247	126	129	95	49	0.346449	1.06002	3.42474e-06	9.88527e-06
399	335	262	133	137	94	59	0.313091	1.16126	3.40273e-06	1.08682e-05
400	345	264	120	125	95	41	0.370056	0.9941	3.41725e-06	9.23441e-06
401	348	263	171	181	113	113	0.180328	1.71298	2.92511e-06	1.62211e-05
402	305	247	118	122	80	56	0.349322	1.05176	3.44504e-06	9.86207e-06
403	311	240	127	129	100	40	0.362721	1.01412	3.41215e-06	9.40707e-06
404	317	249	122	123	92	42	0.372827	0.98664	3.42056e-06	9.17465e-06
405	340	257	150	155	97	94	0.233914	1.4528	3.2149e-06	1.37439e-05
406	327	259	179	187	117	119	0.168426	1.78126	2.84278e-06	1.68786e-05
407	298	247	129	130	92	82	0.290951	1.2346	3.40271e-06	1.16951e-05
408	337	267	161	165	109	105	0.207692	1.5717	3.09312e-06	1.48928e-05
409	364	279	170	175	112	105	0.19505	1.6345	3.01495e-06	1.54573e-05
410	335	265	145	148	112	52	0.302813	1.19464	3.36642e-06	1.11172e-05
411	317	244	122	127	81	68	0.318428	1.14436	3.43326e-06	1.07819e-05
412	335	255	127	132	86	85	0.282957	1.26246	3.38626e-06	1.19674e-05
413	319	249	118	119	87	47	0.372686	0.98702	3.43412e-06	9.21452e-06
414	353	271	151	156	101	86	0.24213	1.41828	3.23856e-06	1.33753e-05
415	328	261	125	128	86	72	0.310044	1.17104	3.42626e-06	1.10509e-05
416	312	245	151	155	105	68	0.267082	1.3202	3.30178e-06	1.23624e-05
417	338	259	141	146	101	83	0.261799	1.34018	3.31212e-06	1.26514e-05
418	322	252	138	142	99	69	0.288327	1.24366	3.36816e-06	1.16818e-05
419	353	278	137	142	95	88	0.261699	1.34056	3.3213e-06	1.26913e-05
420	309	248	144	145	92	91	0.252915	1.3747	3.29297e-06	1.302e-05
421	326	246	113	116	82	46	0.381715	0.96308	3.4324e-06	8.99205e-06
422	321	253	131	132	96	53	0.333117	1.09926	3.42016e-06	1.02671e-05
423	279	226	131	136	99	47	0.334948	1.09378	3.40781e-06	1.01741e-05
424	330	257	111	113	80	53	0.375334	0.97994	3.45106e-06	9.19464e-06
425	322	274	184	192	119	118	0.164054	1.80756	2.80658e-06	1.71077e-05
426	340	268	127	132	81	98	0.264805	1.32876	3.35194e-06	1.26581e-05
427	295	229	106	107	72	62	0.372261	0.98816	3.47474e-06	9.33415e-06
428	356	282	146	148	109	55	0.298215	1.20994	3.36284e-06	1.12766e-05
429	311	240	138	141	97	82	0.271531	1.30368	3.34418e-06	1.2316e-05
430	317	239	130	134	93	55	0.325621	1.12202	3.41456e-06	1.04863e-05
431	322	248	160	165	115	82	0.23354	1.4544	3.19268e-06	1.36708e-05
432	339	251	107	110	78	44	0.400437	0.9152	3.42257e-06	8.5471e-06
433	331	243	144	149	94	102	0.233186	1.45592	3.22502e-06	1.38303e-05
434	330	250	128	132	89	63	0.316554	1.15026	3.41831e-06	1.07985e-05
435	342	271	156	158	112	73	0.255498	1.36454	3.26972e-06	1.27974e-05
436	326	257	144	149	105	56	0.294841	1.22132	3.3571e-06	1.13862e-05
437	326	255	129	133	89	71	0.301996	1.19734	3.40652e-06	1.128e-05
438	346	283	174	177	111	117	0.181181	1.70826	2.93654e-06	1.62078e-05
439	326	256	146	148	99	78	0.265208	1.32724	3.31474e-06	1.24986e-05
440	323	249	138	141	87	95	0.254112	1.36998	3.30518e-06	1.30068e-05
441	309	252	139	143	103	54	0.309301	1.17344	3.38413e-06	1.09412e-05
442	333	260	104	107	82	34	0.429403	0.84536	3.36928e-06	7.84642e-06
443	340	262	157	160	105	96	0.224383	1.4944	3.17107e-06	1.41324e-05
444	344	272	138	142	86	100	0.246163	1.40176	3.28108e-06	1.33289e-05
445	298	238	123	127	92	46	0.356237	1.03216	3.42449e-06	9.61297e-06
446	312	251	103	106	77	40	0.419086	0.86968	3.39827e-06	8.10877e-06
447	315	263	136	143	97	70	0.285064	1.25504	3.36129e-06	1.17913e-05
448	344	267	145	150	99	100	0.234102	1.452	3.22603e-06	1.37805e-05
449	325	261	143	145	96	74	0.275822	1.288	3.34207e-06	1.21168e-05
450	328	253	127	129	97	40	0.362721	1.01412	3.41215e-06	9.40707e-06
451	334	263	112	117	78	69	0.337341	1.08666	3.46468e-06	1.02706e-05
452	327	257	144	146	105	61	0.292884	1.22798	3.36303e-06	1.14825e-05
453	346	276	183	186	128	92	0.194508	1.63728	2.993e-06	1.53875e-05
454	304	234	127	131	97	54	0.333511	1.09808	3.4231e-06	1.02638e-05
455	318	254	97	101	70	42	0.428065	0.84848	3.39576e-06	7.9328e-06
456	317	249	129	134	96	56	0.323965	1.12712	3.41441e-06	1.05394e-05
457	346	281	139	141	103	50	0.319666	1.14048	3.3935e-06	1.06158e-05
458	326	259	118	124	82	80	0.305221	1.18672	3.43378e-06	1.12502e-05
459	306	243	130	136	94	58	0.316675	1.14988	3.40698e-06	1.07586e-05
460	336	268	147	151	106	66	0.276684	1.28488	3.32861e-06	1.20304e-05
461	284	233	130	132	96	50	0.338253	1.08396	3.41898e-06	1.01077e-05
462	349	277	122	126	86	72	0.313963	1.15848	3.43412e-06	1.0938e-05
463	322	246	141	144	103	56	0.304246	1.18992	3.37832e-06	1.11039e-05
464	297	232	141	148	87	94	0.244427	1.40884	3.26279e-06	1.33488e-05
465	339	260	130	133	92	61	0.317798	1.14634	3.4159e-06	1.07487e-05
466	312	239	114	114	82	41	0.396523	0.92502	3.41545e-06	8.61349e-06
467	328	276	128	129	81	83	0.291295	1.23342	3.40576e-06	1.16918e-05
468	317	254	110	113	75	74	0.337213	1.08704	3.47681e-06	1.03104e-05
469	338	259	156	162	103	80	0.240422	1.42536	3.22049e-06	1.33952e-05
470	327	250	121	123	88	46	0.365299	1.00704	3.42913e-06	9.38718e-06
471	351	286	174	176	112	122	0.177732	1.72748	2.91783e-06	1.6417e-05
472	308	244	128	130	88	59	0.327162	1.1173	3.42638e-06	1.0473e-05
473	312	243	123	127	79	64	0.32499	1.12396	3.43494e-06	1.05694e-05
474	320	247	144	146	107	59	0.295886	1.21778	3.36606e-06	1.13762e-05
475	327	260	134	138	93	70	0.294157	1.22364	3.38549e-06	1.15091e-05
476	329	254	130	133	90	64	0.312972	1.16164	3.41392e-06	1.09081e-05
477	360	281	160	163	107	79	0.240138	1.42654	3.21749e-06	1.33985e-05
478	339	271	160	165	101	109	0.203498	1.5921	3.07391e-06	1.51054e-05
479	293	226	145	146	108	47	0.31456	1.15658	3.37794e-06	1.07386e-05
480	354	279	155	160	106	95	0.22553	1.4893	3.1753e-06	1.40793e-05
481	310	226	145	151	100	82	0.255003	1.36648	3.28457e-06	1.28805e-05
482	322	245	127	132	86	80	0.290265	1.23696	3.39661e-06	1.17017e-05
483	321	255	125	125	93	36	0.379614	0.9686	3.40466e-06	8.96875e-06
484	293	228	123	126	87	53	0.345909	1.06158	3.43434e-06	9.92846e-06
485	331	253	124	126	89	57	0.338924	1.08198	3.43702e-06	1.0141e-05
486	335	258	116	118	85	46	0.376951	0.97564	3.43212e-06	9.10494e-06
487	341	275	127	136	96	62	0.31028	1.17028	3.40412e-06	1.09711e-05
488	296	239	138	144	100	60	0.298102	1.21032	3.37345e-06	1.13164e-05
489	358	277	144	149	101	77	0.264895	1.32842	3.31171e-06	1.25019e-05
490	354	287	117	119	83	53	0.361454	1.01762	3.44586e-06	9.53332e-06
491	330	253	133	134	100	38	0.355113	1.03532	3.40306e-06	9.58304e-06
492	312	248	172	175	114	91	0.209486	1.5631	3.08226e-06	1.47135e-05
493	316	250	145	152	99	89	0.24452	1.40846	3.25428e-06	1.33089e-05
494	332	266	153	155	101	80	0.251227	1.3814	3.26595e-06	1.3e-05
495	346	274	157	164	101	105	0.209	1.56542	3.10081e-06	1.48364e-05
496	343	274	122	123	89	46	0.365299	1.00704	3.42913e-06	9.38718e-06
497	306	235	139	144	98	75	0.276148	1.28682	3.3451e-06	1.21134e-05
498	354	279	162	165	102	111	0.201433	1.6023	3.06412e-06	1.52116e-05
499	314	254	133	139	91	74	0.286413	1.25032	3.37339e-06	1.17781e-05
500	340	260	147	148	95	94	0.244427	1.40884	3.26279e-06	1.33488e-05
501	324	262	140	145	93	91	0.252915	1.3747	3.29297e-06	1.302e-05
502	298	228	124	127	92	53	0.343743	1.06786	3.43224e-06	9.9849e-06
503	333	269	123	129	92	53	0.339453	1.08042	3.42773e-06	1.00978e-05
504	365	284	165	169	107	121	0.186669	1.67842	2.98087e-06	1.59688e-05
505	345	269	122	124	86	47	0.361165	1.01842	3.4299e-06	9.49676e-06
506	302	232	106	108	84	27	0.442223	0.81594	3.33036e-06	7.53094e-06
507	331	248	139	143	90	81	0.269513	1.31114	3.33543e-06	1.23758e-05
508	316	259	148	153	105	59	0.283161	1.26174	3.33318e-06	1.17713e-05
509	354	283	169	175	106	102	0.198057	1.6192	3.02986e-06	1.52979e-05
510	325	256	154	156	104	88	0.239673	1.42848	3.23116e-06	1.34815e-05
511	312	243	164	169	114	96	0.212053	1.55092	3.10454e-06	1.46404e-05
512	335	265	120	123	83	55	0.34891	1.05294	3.44213e-06	9.86538e-06
513	336	264	127	130	95	58	0.328835	1.1122	3.42643e-06	1.04199e-05
514	347	289	168	171	109	108	0.196975	1.62468	3.03162e-06	1.53909e-05
515	305	235	134	137	91	70	0.296011	1.21736	3.3901e-06	1.14526e-05
516	371	284	124	127	86	67	0.320056	1.13926	3.4338e-06	1.07288e-05
517	322	256	126	131	89	58	0.326776	1.11848	3.42342e-06	1.04764e-05
518	334	266	132	134	92	67	0.306291	1.18322	3.40715e-06	1.11239e-05
519	340	266	125	128	92	51	0.345093	1.06394	3.42853e-06	9.93509e-06
520	322	255	117	119	90	34	0.398232	0.92072	3.39445e-06	8.52379e-06
521	337	271	145	152	102	83	0.252118	1.37786	3.27503e-06	1.29901e-05
522	292	230	115	120	80	57	0.351938	1.0443	3.4498e-06	9.8023e-06
523	365	285	135	140	93	78	0.278873	1.277	3.35959e-06	1.20471e-05
524	307	235	127	134	87	78	0.289581	1.23932	3.39052e-06	1.17084e-05
525	318	243	158	162	100	117	0.199078	1.61406	3.05805e-06	1.53611e-05
526	319	255	172	177	110	109	0.188726	1.66746	2.97861e-06	1.57827e-05
527	328	251	123	126	85	70	0.317182	1.14828	3.43563e-06	1.08317e-05
528	328	256	166	168	117	83	0.228016	1.47834	3.16788e-06	1.38933e-05
529	331	256	135	138	88	81	0.27811	1.27974	3.36333e-06	1.20936e-05
530	338	263	128	131	99	46	0.347399	1.05728	3.41798e-06	9.83876e-06
531	320	256	133	138	91	67	0.298693	1.20834	3.39007e-06	1.13497e-05
532	353	285	149	151	111	52	0.297161	1.21348	3.35392e-06	1.12865e-05
533	309	236	126	129	89	58	0.330906	1.10592	3.42934e-06	1.03635e-05
534	326	254	155	160	104	82	0.24099	1.423	3.2265e-06	1.33885e-05
535	320	254	128	129	91	47	0.350001	1.04982	3.42266e-06	9.779e-06
536	341	265	109	111	85	28	0.431762	0.83988	3.34763e-06	7.75341e-06
537	330	262	142	146	99	72	0.276905	1.28408	3.3414e-06	1.20669e-05
538	340	271	118	119	84	56	0.355966	1.03292	3.45028e-06	9.69272e-06
539	340	279	122	125	95	33	0.385467	0.9533	3.39571e-06	8.80935e-06
540	294	232	126	132	101	39	0.357772	1.02786	3.40716e-06	9.52328e-06
541	356	277	145	150	92	104	0.229374	1.4724	3.20963e-06	1.3993e-05
542	311	248	114	122	81	67	0.330265	1.10786	3.45012e-06	1.04465e-05
543	335	272	107	111	89	27	0.43397	0.83478	3.34169e-06	7.70028e-06
544	318	252	98	102	76	40	0.429746	0.84456	3.38768e-06	7.88298e-06
545	321	254	137	141	101	54	0.31321	1.16088	3.39154e-06	1.08283e-05
546	331	267	130	133	110	41	0.351924	1.04434	3.40873e-06	9.68599e-06
547	344	273	163	163	107	74	0.246341	1.40104	3.23515e-06	1.31328e-05
548	342	255	143	149	104	76	0.26625	1.32332	3.3145e-06	1.24488e-05
549	313	248	138	143	102	57	0.304605	1.18874	3.3813e-06	1.11006e-05
550	328	268	135	137	91	69	0.297524	1.21226	3.39163e-06	1.13995e-05
551	313	262	159	160	112	77	0.247214	1.3975	3.24416e-06	1.31229e-05
552	346	264	151	153	112	58	0.284609	1.25664	3.3351e-06	1.17182e-05
553	323	267	166	170	113	99	0.207526	1.5725	3.08306e-06	1.48563e-05
554	342	257	138	140	97	62	0.302583	1.1954	3.388e-06	1.11969e-05
555	333	258	128	129	93	51	0.342933	1.07022	3.42643e-06	9.99153e-06
556	328	239	144	147	100	66	0.283722	1.25976	3.34922e-06	1.18046e-05
557	344	262	135	137	89	70	0.296011	1.21736	3.3901e-06	1.14526e-05
558	301	247	144	149	106	85	0.254305	1.36922	3.28741e-06	1.2927e-05
559	299	240	102	104	73	49	0.405344	0.90302	3.43491e-06	8.47408e-06
560	315	242	120	125	91	46	0.360739	1.0196	3.42705e-06	9.50008e-06
561	341	255	129	131	92	66	0.313712	1.15928	3.41991e-06	1.09014e-05
562	325	274	135	138	88	75	0.286751	1.24914	3.37643e-06	1.17748e-05
563	318	260	114	116	80	54	0.366455	1.00388	3.45095e-06	9.41711e-06
564	334	267	148	152	99	77	0.259952	1.34726	3.29392e-06	1.26713e-05
565	298	230	132	141	91	87	0.264694	1.32918	3.3303e-06	1.25817e-05
566	346	272	156	159	120	58	0.274084	1.29432	3.3046e-06	1.20569e-05
567	303	229	113	115	83	45	0.386084	0.9517	3.42938e-06	8.88247e-06
568	368	290	155	160	108	102	0.217621	1.525	3.14489e-06	1.44512e-05
569	316	245	126	128	90	63	0.324607	1.12514	3.43197e-06	1.05727e-05
570	340	264	143	145	99	75	0.274419	1.2931	3.33965e-06	1.21699e-05
571	346	278	174	177	115	102	0.195585	1.63176	3.01412e-06	1.54108e-05
572	327	262	120	123	93	39	0.378575	0.97134	3.41295e-06	9.01525e-06
573	307	247	90	91	65	34	0.474791	0.74488	3.2966e-06	6.94326e-06
574	327	264	105	114	73	64	0.352636	1.04232	3.46837e-06	9.83555e-06
575	339	277	152	155	108	67	0.268447	1.3151	3.3044e-06	1.23093e-05
576	340	271	135	139	97	56	0.31395	1.15852	3.39747e-06	1.08217e-05
577	322	256	130	134	89	92	0.269626	1.31072	3.35744e-06	1.24522e-05
578	318	255	128	133	95	66	0.309796	1.17184	3.4122e-06	1.10143e-05
579	300	240	114	116	81	53	0.368329	0.99878	3.44902e-06	9.36398e-06
580	327	258	121	126	89	54	0.344149	1.06668	3.43516e-06	9.98159e-06
581	335	248	183	186	123	103	0.183897	1.69338	2.9372e-06	1.5972e-05
582	337	266	123	124	89	49	0.3575	1.02862	3.43308e-06	9.60303e-06
583	288	225	156	162	102	91	0.227306	1.48146	3.17765e-06	1.39796e-05
584	351	270	155	159	103	84	0.240047	1.42692	3.22584e-06	1.34384e-05
585	308	250	139	144	99	67	0.287647	1.24602	3.36213e-06	1.16884e-05
586	331	252	158	160	110	85	0.237331	1.4383	3.21534e-06	1.35479e-05
587	320	258	143	144	96	77	0.273345	1.29702	3.3402e-06	1.22197e-05
588	329	261	147	152	100	83	0.252118	1.37786	3.27503e-06	1.29901e-05
589	329	252	177	181	118	131	0.164511	1.80478	2.82588e-06	1.71775e-05
590	347	279	192	202	124	152	0.129541	2.04376	2.52328e-06	1.94787e-05
591	339	262	173	176	112	125	0.175033	1.74278	2.90142e-06	1.65764e-05
592	292	223	126	132	88	75	0.297762	1.21146	3.40523e-06	1.14361e-05
593	354	282	143	146	97	82	0.263137	1.33508	3.31507e-06	1.25983e-05
594	310	254	156	160	94	126	0.19255	1.6474	3.02812e-06	1.57264e-05
595	324	248	142	145	93	90	0.254209	1.3696	3.2963e-06	1.29669e-05
596	321	257	123	125	90	56	0.342803	1.0706	3.43879e-06	1.00314e-05
597	320	252	139	142	95	75	0.279638	1.27426	3.35581e-06	1.20005e-05
598	334	272	128	131	85	81	0.290608	1.23578	3.39966e-06	1.16984e-05
599	355	289	119	125	84	64	0.329098	1.1114	3.4412e-06	1.04565e-05
600	335	246	153	156	97	101	0.224298	1.49478	3.17881e-06	1.41723e-05
601	311	232	122	128	81	69	0.314824	1.15574	3.42891e-06	1.08915e-05
602	324	263	124	124	84	61	0.336277	1.08982	3.44369e-06	1.02406e-05
603	312	245	140	145	89	92	0.251629	1.3798	3.28958e-06	1.30732e-05
604	355	288	122	125	89	58	0.339324	1.0808	3.43996e-06	1.01377e-05
605	322	249	125	129	92	73	0.306536	1.18242	3.42108e-06	1.11605e-05
606	328	252	133	136	93	89	0.270366	1.30798	3.35408e-06	1.24057e-05
607	332	261	154	155	98	91	0.237521	1.4375	3.2266e-06	1.35845e-05
608	310	243	149	152	93	106	0.224213	1.49516	3.18655e-06	1.42122e-05
609	343	287	127	131	94	48	0.343874	1.06748	3.41984e-06	9.94503e-06
610	299	235	131	140	91	99	0.250549	1.3841	3.29794e-06	1.31629e-05
611	307	237	156	159	99	103	0.217878	1.52382	3.14788e-06	1.44479e-05
612	314	255	113	116	69	118	0.264403	1.33028	3.38903e-06	1.28176e-05
613	303	243	122	123	88	51	0.356101	1.03254	3.43739e-06	9.65285e-06
614	324	243	114	117	86	45	0.381265	0.96426	3.42962e-06	8.99536e-06
615	322	247	137	142	89	87	0.263037	1.33546	3.3243e-06	1.26381e-05
616	333	282	141	143	99	72	0.282172	1.26524	3.35716e-06	1.18976e-05
617	334	266	139	142	94	72	0.283949	1.25896	3.36228e-06	1.18411e-05
618	345	272	140	145	98	87	0.258128	1.3543	3.30597e-06	1.28075e-05
619	302	238	113	115	76	70	0.339867	1.0792	3.47032e-06	1.02108e-05
620	365	280	137	140	99	61	0.30413	1.1903	3.38916e-06	1.11438e-05
621	315	251	145	148	99	76	0.267927	1.31704	3.32025e-06	1.23924e-05
622	307	239	136	142	87	123	0.218918	1.51906	3.18546e-06	1.45509e-05
623	325	255	146	146	99	102	0.237621	1.43708	3.24612e-06	1.36609e-05
624	331	270	124	128	95	42	0.361302	1.01804	3.4168e-06	9.45689e-06
625	313	249	115	117	82	52	0.367894	0.99996	3.44617e-06	9.3673e-06
626	328	266	161	164	110	78	0.239855	1.42772	3.21449e-06	1.34018e-05
627	338	273	127	133	92	54	0.329348	1.11064	3.41755e-06	1.03767e-05
628	329	244	134	135	97	53	0.3269	1.1181	3.41169e-06	1.04365e-05
629	327	262	118	121	92	49	0.364299	1.00978	3.43668e-06	9.43369e-06
630	317	257	152	158	100	117	0.204142	1.58894	3.08975e-06	1.51353e-05
631	332	273	117	123	81	68	0.326528	1.11924	3.44686e-06	1.05561e-05
632	327	256	161	166	99	122	0.189251	1.66468	3.00011e-06	1.58526e-05
633	341	264	157	159	99	98	0.223505	1.49832	3.1698e-06	1.41822e-05
634	336	275	128	133	83	83	0.284068	1.25854	3.38541e-06	1.19176e-05
635	299	232	112	116	75	58	0.359055	1.02428	3.45757e-06	9.62965e-06
636	350	273	156	157	110	77	0.251916	1.37866	3.2632e-06	1.29535e-05
637	307	232	138	144	95	120	0.219518	1.51632	3.18399e-06	1.45044e-05
638	336	265	134	137	95	61	0.309914	1.17146	3.40114e-06	1.09744e-05
639	319	248	158	163	107	85	0.232901	1.45714	3.19477e-06	1.37173e-05
640	329	264	115	118	81	53	0.363731	1.01134	3.44704e-06	9.47688e-06
641	328	251	138	139	96	67	0.296823	1.21462	3.3856e-06	1.14061e-05
642	329	272	156	162	93	138	0.178859	1.72116	2.94703e-06	1.64769e-05
643	338	276	151	157	110	63	0.27056	1.30726	3.30345e-06	1.22097e-05
644	290	231	99	102	73	47	0.414675	0.88026	3.42311e-06	8.25492e-06
645	352	277	142	145	104	68	0.284392	1.2574	3.35525e-06	1.1798e-05
646	309	243	119	120	81	60	0.346594	1.0596	3.45267e-06	9.9617e-06
647	347	266	112	114	91	28	0.423704	0.85872	3.3569e-06	7.92276e-06
648	320	247	125	130	88	85	0.286533	1.2499	3.39671e-06	1.18545e-05
649	307	236	140	146	90	104	0.235209	1.44728	3.23817e-06	1.37672e-05
650	330	258	134	136	90	68	0.300929	1.20088	3.39747e-06	1.12899e-05
651	318	254	128	131	94	53	0.335216	1.09298	3.42279e-06	1.02107e-05
652	341	266	103	107	76	54	0.387763	0.94736	3.45462e-06	8.90909e-06
653	323	257	149	155	101	100	0.226865	1.4834	3.19033e-06	1.40627e-05
654	300	234	121	125	92	53	0.348088	1.0553	3.43633e-06	9.87201e-06
655	311	242	132	133	94	57	0.324347	1.12594	3.41736e-06	1.05361e-05
656	330	269	133	136	99	62	0.31028	1.17028	3.40412e-06	1.09711e-05
657	322	249	124	127	91	53	0.343743	1.06786	3.43224e-06	9.9849e-06
658	318	246	133	136	89	77	0.287429	1.24678	3.3825e-06	1.17681e-05
659	331	265	154	161	100	108	0.209741	1.56188	3.10972e-06	1.48264e-05
660	341	261	133	137	91	68	0.299045	1.20716	3.39308e-06	1.13464e-05
661	342	255	137	140	103	52	0.318415	1.1444	3.39608e-06	1.06656e-05
662	331	261	164	167	116	76	0.237792	1.43636	3.20184e-06	1.34649e-05
663	330	257	130	135	87	82	0.281957	1.266	3.3771e-06	1.19773e-05
664	313	246	151	154	99	102	0.225977	1.48732	3.18911e-06	1.41125e-05
665	316	253	139	146	99	73	0.275497	1.28918	3.33904e-06	1.21201e-05
666	323	247	153	156	105	84	0.244612	1.40808	3.24577e-06	1.3269e-05
667	309	237	106	112	76	57	0.370071	0.99406	3.46043e-06	9.35072e-06
668	332	257	120	123	90	44	0.369044	0.99684	3.42506e-06	9.28092e-06
669	330	259	121	123	89	48	0.361592	1.01724	3.43275e-06	9.49345e-06
670	344	264	146	152	106	63	0.279191	1.27586	3.33003e-06	1.19274e-05
671	300	221	123	127	85	79	0.301056	1.20046	3.42191e-06	1.13664e-05
672	363	296	155	157	106	81	0.246829	1.39906	3.24976e-06	1.31661e-05
673	315	254	176	181	120	92	0.200713	1.60588	3.03182e-06	1.51053e-05
674	339	259	152	155	108	71	0.263027	1.3355	3.29358e-06	1.25218e-05
675	325	263	144	148	98	96	0.241946	1.41904	3.25539e-06	1.3455e-05
676	336	266	174	180	116	94	0.199928	1.6098	3.02992e-06	1.51551e-05
677	334	260	155	159	105	80	0.244994	1.40652	3.24025e-06	1.32258e-05
678	289	228	119	120	83	65	0.337868	1.0851	3.4555e-06	1.02274e-05
679	314	245	110	113	78	70	0.344163	1.06664	3.47532e-06	1.00979e-05
680	355	283	158	162	101	89	0.229636	1.47126	3.18582e-06	1.38734e-05
681	331	261	141	145	95	85	0.260774	1.3441	3.31215e-06	1.27012e-05
682	316	254	111	113	77	56	0.369635	0.99524	3.45758e-06	9.35404e-06
683	332	260	156	164	112	70	0.249844	1.38692	3.24215e-06	1.29767e-05
684	326	260	120	126	86	61	0.33208	1.10238	3.4382e-06	1.03535e-05
685	347	276	125	128	92	45	0.355817	1.03334	3.42163e-06	9.61629e-06
686	336	271	135	139	101	48	0.327025	1.11772	3.39995e-06	1.03966e-05
687	307	237	127	130	91	58	0.328835	1.1122	3.42643e-06	1.04199e-05
688	348	276	156	162	110	75	0.246631	1.39986	3.23815e-06	1.31295e-05
689	305	227	122	125	86	67	0.324101	1.1267	3.44062e-06	1.06159e-05
690	330	253	148	151	96	84	0.252415	1.37668	3.27806e-06	1.29868e-05
691	318	253	163	169	108	105	0.20254	1.59682	3.06212e-06	1.51186e-05
692	289	237	131	136	79	104	0.250454	1.38448	3.30668e-06	1.32027e-05
693	327	262	160	164	109	82	0.235012	1.44812	3.19953e-06	1.36143e-05
694	324	248	113	113	81	41	0.399021	0.91874	3.41444e-06	8.55704e-06
695	337	271	154	160	97	94	0.226684	1.4842	3.1795e-06	1.40261e-05
696	318	240	147	152	103	81	0.254702	1.36766	3.28154e-06	1.28838e-05
697	351	273	140	144	100	72	0.280405	1.27152	3.35197e-06	1.1954e-05
698	308	249	135	138	88	86	0.271107	1.30524	3.35068e-06	1.23592e-05
699	356	286	168	172	105	115	0.188877	1.66666	2.9879e-06	1.58193e-05
700	319	247	119	121	80	60	0.344425	1.06588	3.4505e-06	1.00182e-05
701	313	254	155	163	108	82	0.236492	1.44184	3.20633e-06	1.35579e-05
702	329	262	138	142	93	79	0.273991	1.29466	3.34627e-06	1.22131e-05
703	330	257	152	157	98	90	0.235756	1.44496	3.21671e-06	1.36443e-05
704	339	265	138	141	94	86	0.266048	1.32408	3.3332e-06	1.25286e-05
705	327	247	120	122	86	52	0.356522	1.03136	3.44027e-06	9.64953e-06
706	308	247	147	149	100	79	0.262207	1.33862	3.30597e-06	1.26082e-05
707	309	246	109	109	78	59	0.373282	0.98542	3.46692e-06	9.28765e-06
708	323	260	119	120	87	38	0.387748	0.9474	3.40938e-06	8.79277e-06
709	321	248	175	176	111	116	0.183254	1.69688	2.95007e-06	1.60982e-05
710	323	258	143	147	90	90	0.251036	1.38216	3.28349e-06	1.30798e-05
711	330	248	116	119	81	50	0.367027	1.00232	3.44048e-06	9.37392e-06
712	320	263	150	157	99	110	0.212894	1.54696	3.13102e-06	1.47069e-05
713	341	275	138	144	95	84	0.263759	1.33272	3.32116e-06	1.25916e-05
714	336	255	132	138	91	83	0.275287	1.28994	3.35846e-06	1.21998e-05
715	318	253	130	135	84	96	0.262527	1.3374	3.33967e-06	1.27212e-05
716	312	232	135	141	88	111	0.2342	1.45158	3.24528e-06	1.38569e-05
717	348	270	160	168	108	100	0.20908	1.56504	3.09365e-06	1.47965e-05
718	322	245	137	146	87	98	0.242518	1.41668	3.26148e-06	1.34484e-05
719	322	248	143	145	103	58	0.299273	1.2064	3.37179e-06	1.12666e-05
720	332	271	137	142	93	83	0.268458	1.31506	3.33576e-06	1.24256e-05
721	303	243	94	95	77	22	0.492235	0.7088	3.21501e-06	6.53145e-06
722	343	257	173	176	116	94	0.205013	1.58468	3.06071e-06	1.49293e-05
723	299	226	124	132	88	62	0.318173	1.14516	3.41888e-06	1.07453e-05
724	360	282	162	168	106	92	0.217787	1.52424	3.12991e-06	1.43715e-05
725	314	262	161	167	106	103	0.207202	1.57406	3.0872e-06	1.48995e-05
726	331	250	123	127	94	51	0.347267	1.05766	3.43053e-06	9.87864e-06
727	324	246	129	131	86	67	0.312116	1.16438	3.41909e-06	1.09546e-05
728	338	271	172	174	115	87	0.21515	1.53642	3.10773e-06	1.44445e-05
729	333	258	132	135	98	59	0.317049	1.1487	3.40995e-06	1.07553e-05
730	300	240	109	113	81	46	0.388975	0.94424	3.43181e-06	8.82271e-06
731	345	272	141	145	94	69	0.282946	1.2625	3.35322e-06	1.18511e-05
732	368	279	129	131	96	46	0.347399	1.05728	3.41798e-06	9.83876e-06
733	336	258	141	143	103	68	0.287987	1.24484	3.36515e-06	1.16851e-05
734	318	249	122	125	83	66	0.325758	1.1216	3.4409e-06	1.05627e-05
735	304	246	139	141	95	73	0.284284	1.25778	3.36531e-06	1.18378e-05
736	325	261	115	117	94	33	0.405327	0.90306	3.38763e-06	8.35776e-06
737	331	251	136	140	93	100	0.249275	1.3892	3.29441e-06	1.3216e-05
738	335	251	129	129	99	37	0.368314	0.99882	3.40604e-06	9.24767e-06
739	314	243	161	168	107	105	0.203816	1.59054	3.06991e-06	1.50622e-05
740	347	293	142	147	93	82	0.26149	1.34136	3.30908e-06	1.26547e-05
741	304	237	140	147	92	92	0.248488	1.39236	3.27658e-06	1.31861e-05
742	348	270	174	181	119	124	0.17049	1.76908	2.86517e-06	1.68055e-05
743	317	255	108	112	76	80	0.329111	1.11136	3.47962e-06	1.05728e-05
744	308	235	140	141	93	80	0.274315	1.29348	3.34932e-06	1.22098e-05
745	327	255	111	114	78	56	0.367321	1.00152	3.45667e-06	9.41049e-06
746	390	311	180	185	117	103	0.185055	1.6871	2.94525e-06	1.59155e-05
747	336	267	134	138	92	64	0.303298	1.19304	3.39399e-06	1.11903e-05
748	294	226	105	109	70	60	0.371384	0.99052	3.46901e-06	9.34078e-06
749	349	273	128	131	96	53	0.335216	1.09298	3.42279e-06	1.02107e-05
750	306	239	146	149	101	64	0.283053	1.26212	3.3432e-06	1.18112e-05
751	329	265	164	166	123	66	0.25181	1.37908	3.24258e-06	1.28771e-05
752	318	250	148	150	100	73	0.268662	1.3143	3.31687e-06	1.23459e-05
753	319	260	138	145	101	64	0.290254	1.237	3.36271e-06	1.15854e-05
754	328	265	103	109	75	66	0.360191	1.02112	3.4793e-06	9.65958e-06
755	302	233	134	138	93	69	0.295662	1.21854	3.38709e-06	1.1456e-05
756	338	272	130	138	99	72	0.291172	1.23384	3.38207e-06	1.16154e-05
757	289	233	122	127	83	92	0.281743	1.26676	3.397e-06	1.20571e-05
758	352	284	160	165	104	89	0.22535	1.4901	3.16453e-06	1.40427e-05
759	341	273	155	155	97	94	0.233914	1.4528	3.2149e-06	1.37439e-05
760	363	288	146	151	104	73	0.26698	1.32058	3.31117e-06	1.24023e-05
761	348	279	162	164	113	77	0.241082	1.42262	3.21812e-06	1.33487e-05
762	327	247	154	158	107	92	0.231902	1.46144	3.20187e-06	1.3807e-05
763	329	266	166	168	109	84	0.226856	1.48344	3.16382e-06	1.39464e-05
764	315	254	111	114	75	61	0.358072	1.02702	3.46476e-06	9.67615e-06
765	340	260	126	130	82	78	0.296947	1.2142	3.40972e-06	1.14826e-05
766	341	261	152	156	102	73	0.258727	1.35198	3.28184e-06	1.26845e-05
767	323	267	144	147	102	65	0.285173	1.25466	3.3512e-06	1.17515e-05
768	311	246	141	146	93	90	0.252617	1.37588	3.28992e-06	1.30233e-05
769	348	277	139	143	98	63	0.295425	1.21934	3.37358e-06	1.14194e-05
770	321	244	148	152	97	77	0.259952	1.34726	3.29392e-06	1.26713e-05
771	336	263	121	126	88	54	0.344149	1.06668	3.43516e-06	9.98159e-06
772	331	252	136	137	95	60	0.311499	1.16636	3.40198e-06	1.09213e-05
773	290	232	143	146	90	89	0.253909	1.37078	3.29325e-06	1.29702e-05
774	341	261	144	145	90	108	0.231911	1.4614	3.22897e-06	1.39233e-05
775	297	233	141	142	96	79	0.273991	1.29466	3.34627e-06	1.22131e-05
776	358	267	185	190	120	126	0.159486	1.8358	2.77822e-06	1.74198e-05
777	313	246	126	128	96	48	0.350414	1.04864	3.42554e-06	9.77569e-06
778	313	245	120	122	82	56	0.349322	1.05176	3.44504e-06	9.86207e-06
779	323	258	153	157	94	94	0.230995	1.46536	3.20085e-06	1.38568e-05
780	345	253	145	145	100	73	0.277232	1.2829	3.34442e-06	1.20636e-05
781	332	251	135	143	91	85	0.26407	1.33154	3.3242e-06	1.25883e-05
782	308	243	124	125	89	53	0.348088	1.0553	3.43633e-06	9.87201e-06
783	343	268	156	164	101	106	0.207937	1.57052	3.09608e-06	1.48895e-05
784	300	238	132	137	100	56	0.317919	1.14596	3.40452e-06	1.07088e-05
785	362	299	149	153	115	42	0.308807	1.17504	3.35613e-06	1.08681e-05
786	323	254	150	153	97	117	0.210654	1.55754	3.12885e-06	1.48531e-05
787	337	261	149	154	103	93	0.236592	1.44142	3.22576e-06	1.36343e-05
788	331	261	150	155	97	92	0.236313	1.4426	3.22274e-06	1.36376e-05
789	320	248	141	144	100	62	0.295077	1.22052	3.37058e-06	1.14227e-05
790	334	255	133	137	100	65	0.303656	1.19186	3.39699e-06	1.1187e-05
791	319	248	126	128	94	46	0.354007	1.03844	3.42304e-06	9.66942e-06
792	346	269	141	144	91	86	0.261082	1.34292	3.3152e-06	1.26979e-05
793	324	265	128	131	90	51	0.338653	1.08278	3.42189e-06	1.01044e-05
794	356	270	126	128	93	47	0.352206	1.04354	3.42434e-06	9.72255e-06
795	316	242	155	162	89	155	0.164005	1.80786	2.85043e-06	1.73802e-05
796	314	242	136	141	97	62	0.300689	1.20168	3.38376e-06	1.12534e-05
797	326	261	134	139	96	57	0.312353	1.16362	3.39678e-06	1.08748e-05
798	286	228	99	102	70	59	0.390058	0.94146	3.4686e-06	8.89251e-06
799	335	276	157	163	96	121	0.193837	1.64074	3.02968e-06	1.56301e-05
800	327	261	155	159	104	130	0.18985	1.66152	3.01529e-06	1.58825e-05
801	348	270	149	153	106	70	0.267713	1.31784	3.30781e-06	1.23558e-05
802	305	247	111	112	76	51	0.38157	0.96346	3.44631e-06	9.03192e-06
803	346	264	122	123	89	47	0.36344	1.01214	3.43099e-06	9.44032e-06
804	318	266	122	128	86	69	0.314824	1.15574	3.42891e-06	1.08915e-05
805	323	253	169	174	117	91	0.210805	1.55682	3.08978e-06	1.4657e-05
806	327	250	131	133	94	56	0.326006	1.12084	3.41752e-06	1.0483e-05
807	322	261	155	161	100	103	0.215159	1.53638	3.13288e-06	1.45608e-05
808	337	270	128	135	88	77	0.28924	1.2405	3.38748e-06	1.17117e-05
809	287	231	135	141	91	70	0.288667	1.24248	3.37118e-06	1.16784e-05
810	350	269	145	148	96	87	0.25331	1.37314	3.28717e-06	1.29768e-05
811	307	239	151	156	107	90	0.237241	1.43868	3.22358e-06	1.35878e-05
812	379	322	141	142	98	119	0.223429	1.49866	3.20362e-06	1.43384e-05
813	357	281	176	182	120	105	0.186661	1.67846	2.95904e-06	1.58524e-05
814	332	274	163	169	122	70	0.24212	1.41832	3.21027e-06	1.3259e-05
815	329	260	161	163	105	102	0.213559	1.54384	3.12236e-06	1.46205e-05
816	348	277	146	151	98	78	0.260258	1.34608	3.29695e-06	1.2668e-05
817	339	266	123	126	92	48	0.354843	1.03608	3.42877e-06	9.66279e-06
818	311	253	125	130	80	97	0.269523	1.3111	3.36692e-06	1.24921e-05
819	327	260	168	173	99	130	0.173871	1.74944	2.89891e-06	1.66728e-05
820	310	232	120	122	87	46	0.3676	1.00076	3.42998e-06	9.33073e-06
821	321	246	121	127	93	49	0.350828	1.04746	3.42842e-06	9.77237e-06
822	321	249	145	150	97	78	0.261898	1.3398	3.30293e-06	1.26115e-05
823	342	269	172	177	116	111	0.186811	1.67766	2.96824e-06	1.5889e-05
824	330	265	138	147	88	113	0.223251	1.49946	3.1929e-06	1.43018e-05
825	301	220	122	128	78	77	0.302238	1.19654	3.42029e-06	1.13165e-05
826	340	264	126	129	85	89	0.282516	1.26402	3.39319e-06	1.20106e-05
827	295	235	130	132	91	73	0.300815	1.20126	3.40818e-06	1.13298e-05
828	356	295	179	185	120	92	0.195734	1.631	3.00081e-06	1.53311e-05
829	312	262	134	139	98	53	0.318791	1.14322	3.39904e-06	1.06623e-05
830	324	256	159	164	117	77	0.241082	1.42262	3.21812e-06	1.33487e-05
831	322	251	143	145	93	88	0.256815	1.3594	3.3028e-06	1.28606e-05
832	354	267	158	165	109	84	0.23117	1.4646	3.18485e-06	1.3777e-05
833	331	255	133	134	89	60	0.317423	1.14752	3.41292e-06	1.0752e-05
834	314	242	106	109	62	96	0.309091	1.17412	3.47838e-06	1.12536e-05
835	342	260	105	107	80	37	0.422883	0.86066	3.38552e-06	8.00582e-06
836	298	243	100	105	70	53	0.394672	0.9297	3.45064e-06	8.74306e-06
837	360	295	168	172	109	106	0.197748	1.62076	3.03368e-06	1.53411e-05
838	313	246	154	156	106	74	0.257411	1.35708	3.27882e-06	1.27377e-05
839	332	262	138	146	93	90	0.252617	1.37588	3.28992e-06	1.30233e-05
840	298	240	130	132	87	76	0.296248	1.21656	3.40365e-06	1.14892e-05
841	320	242	118	122	85	62	0.338795	1.08236	3.44923e-06	1.01809e-05
842	333	252	136	140	97	62	0.302583	1.1954	3.388e-06	1.11969e-05
843	330	261	131	134	94	55	0.325621	1.12202	3.41456e-06	1.04863e-05
844	344	269	143	146	98	65	0.286969	1.24838	3.35611e-06	1.1695e-05
845	332	248	143	149	99	92	0.245387	1.40492	3.26338e-06	1.32989e-05
846	332	256	144	147	100	75	0.270994	1.30566	3.32856e-06	1.22828e-05
847	315	244	126	129	85	67	0.316061	1.15182	3.42663e-06	1.08417e-05
848	319	258	152	154	100	89	0.241468	1.42102	3.24093e-06	1.34218e-05
849	325	263	115	115	87	39	0.398081	0.9211	3.40903e-06	8.56367e-06
850	329	251	136	139	93	76	0.283507	1.26052	3.36929e-06	1.18843e-05
851	334	259	131	134	92	61	0.315808	1.15262	3.41234e-06	1.08051e-05
852	332	255	131	135	95	59	0.317049	1.1487	3.40995e-06	1.07553e-05
853	347	284	164	170	116	78	0.230986	1.4654	3.17385e-06	1.37405e-05
854	304	241	148	152	98	98	0.23355	1.45436	3.21997e-06	1.37871e-05
855	299	242	167	173	104	141	0.164386	1.80554	2.83684e-06	1.72572e-05
856	317	248	107	111	80	62	0.363026	1.01328	3.47051e-06	9.55994e-06
857	328	262	144	150	102	66	0.278427	1.2786	3.33386e-06	1.19739e-05
858	326	253	168	178	115	100	0.196353	1.62784	3.01618e-06	1.5361e-05
859	333	254	145	150	105	72	0.270036	1.3092	3.31948e-06	1.22927e-05
860	336	270	135	136	99	48	0.333244	1.09888	3.40818e-06	1.02273e-05
861	284	227	128	129	88	67	0.316061	1.15182	3.42663e-06	1.08417e-05
862	349	287	143	149	95	83	0.256912	1.35902	3.29381e-06	1.28207e-05
863	306	242	114	117	86	39	0.393112	0.93366	3.41086e-06	8.67656e-06
864	375	291	132	137	90	78	0.284176	1.25816	3.37537e-06	1.18777e-05
865	318	251	133	138	96	59	0.311131	1.16754	3.39899e-06	1.09246e-05
866	337	275	159	166	93	201	0.126492	2.06758	2.53616e-06	2.00501e-05
867	319	237	110	111	87	25	0.438419	0.82458	3.32936e-06	7.59401e-06
868	333	262	142	146	98	88	0.255207	1.36568	3.29653e-06	1.29171e-05
869	295	227	134	138	87	80	0.279532	1.27464	3.36568e-06	1.20404e-05
870	314	249	137	139	97	62	0.304489	1.18912	3.39215e-06	1.11405e-05
871	332	268	145	148	102	69	0.277665	1.28134	3.33765e-06	1.20204e-05
872	308	248	141	146	98	72	0.276905	1.28408	3.3414e-06	1.20669e-05
873	358	276	119	123	85	56	0.347136	1.05804	3.44307e-06	9.91851e-06
874	320	256	141	145	103	64	0.290254	1.237	3.36271e-06	1.15854e-05
875	348	279	153	157	108	79	0.249359	1.38886	3.25658e-06	1.30598e-05
876	329	244	113	118	84	55	0.36004	1.02154	3.45032e-06	9.58314e-06
877	308	257	145	148	99	73	0.272058	1.30174	3.32808e-06	1.2233e-05
878	339	274	157	164	109	82	0.235012	1.44812	3.19953e-06	1.36143e-05
879	338	266	133	140	90	76	0.281732	1.2668	3.3641e-06	1.19408e-05
880	355	272	151	154	105	74	0.260665	1.34452	3.29084e-06	1.26248e-05
881	310	257	118	122	82	58	0.345777	1.06196	3.44682e-06	9.96833e-06
882	338	266	142	143	96	86	0.262727	1.33664	3.32125e-06	1.26415e-05
883	321	254	147	150	101	65	0.27985	1.2735	3.33604e-06	1.19208e-05
884	312	250	108	112	80	48	0.387453	0.94816	3.43769e-06	8.87252e-06
885	331	267	122	123	79	87	0.296372	1.21614	3.42773e-06	1.15656e-05
886	319	256	159	165	107	100	0.213056	1.5462	3.11641e-06	1.46272e-05
887	341	272	134	136	89	77	0.287429	1.24678	3.3825e-06	1.17681e-05
888	296	239	119	120	86	49	0.366594	1.0035	3.43764e-06	9.37724e-06
889	358	289	126	129	88	59	0.329223	1.11102	3.42938e-06	1.04166e-05
890	312	247	125	128	87	64	0.322956	1.13024	3.43167e-06	1.06258e-05
891	314	233	166	168	112	97	0.212303	1.54974	3.10751e-06	1.46371e-05
892	323	249	135	145	100	66	0.287308	1.2472	3.35912e-06	1.16917e-05
893	326	254	155	160	99	134	0.184852	1.6882	2.98563e-06	1.61515e-05
894	349	267	147	153	105	78	0.25701	1.35864	3.28481e-06	1.27809e-05
895	328	256	138	140	93	79	0.277454	1.2821	3.35725e-06	1.21002e-05
896	309	232	140	143	95	91	0.256112	1.36214	3.30567e-06	1.29071e-05
897	304	244	107	110	75	54	0.380526	0.9662	3.45458e-06	9.07843e-06
898	322	262	192	201	114	167	0.120756	2.11398	2.4416e-06	2.02192e-05
899	314	243	111	115	77	65	0.348645	1.0537	3.46732e-06	9.94513e-06
900	324	259	135	136	90	78	0.285967	1.25188	3.38049e-06	1.18213e-05
901	324	259	163	166	106	98	0.213893	1.54228	3.11799e-06	1.45774e-05
902	333	265	151	154	96	117	0.209335	1.56382	3.12108e-06	1.49095e-05
903	334	266	140	144	99	65	0.290596	1.23582	3.36572e-06	1.15821e-05
904	337	260	125	128	80	109	0.256728	1.35974	3.34177e-06	1.30168e-05
905	345	272	138	140	92	91	0.260983	1.3433	3.32435e-06	1.27378e-05
906	302	240	139	143	93	89	0.258738	1.35194	3.31207e-06	1.28009e-05
907	333	256	114	120	81	73	0.32436	1.1259	3.45523e-06	1.06524e-05
908	316	248	150	157	101	93	0.232176	1.46026	3.20488e-06	1.38037e-05
909	332	260	143	148	97	78	0.265208	1.32724	3.31474e-06	1.24986e-05
910	326	256	155	159	105	91	0.231629	1.46262	3.19886e-06	1.38103e-05
911	351	278	150	159	105	112	0.208103	1.56972	3.10617e-06	1.49261e-05
912	335	271	147	155	98	88	0.241183	1.4222	3.2379e-06	1.34251e-05
913	333	251	149	155	97	101	0.225711	1.4885	3.1861e-06	1.41158e-05
914	348	272	111	111	81	45	0.395905	0.92658	3.42723e-06	8.65668e-06
915	305	247	113	117	81	53	0.366023	1.00506	3.44809e-06	9.42043e-06
916	371	289	157	162	102	106	0.210565	1.55796	3.11144e-06	1.47766e-05
917	317	244	96	98	70	36	0.449761	0.79904	3.34831e-06	7.44466e-06
918	342	261	152	153	96	89	0.242989	1.41474	3.24763e-06	1.33653e-05
919	327	259	142	144	92	80	0.269195	1.31232	3.33239e-06	1.23791e-05
920	302	240	120	122	82	62	0.338795	1.08236	3.44923e-06	1.01809e-05
921	332	258	163	166	100	107	0.204297	1.58818	3.07581e-06	1.50556e-05
922	371	286	177	181	120	97	0.195659	1.63138	3.00747e-06	1.53709e-05
923	337	255	151	155	103	88	0.241183	1.4222	3.2379e-06	1.34251e-05
924	319	250	130	133	90	64	0.312972	1.16164	3.41392e-06	1.09081e-05
925	333	260	129	133	93	57	0.324347	1.12594	3.41736e-06	1.05361e-05
926	319	253	123	126	90	47	0.356657	1.03098	3.42735e-06	9.60966e-06
927	320	254	160	164	114	88	0.227929	1.47872	3.17577e-06	1.39331e-05
928	328	263	134	137	93	58	0.314692	1.15616	3.40341e-06	1.0815e-05
929	314	247	140	143	105	48	0.318912	1.14284	3.38761e-06	1.06224e-05
930	338	271	167	168	120	63	0.252501	1.37634	3.23974e-06	1.28306e-05
931	303	228	126	128	89	85	0.290155	1.23734	3.40689e-06	1.17416e-05
932	353	273	152	155	110	59	0.279627	1.2743	3.32315e-06	1.18842e-05
933	309	248	121	125	92	44	0.364438	1.0094	3.42346e-06	9.39381e-06
934	319	253	134	136	92	76	0.288898	1.24168	3.38444e-06	1.1715e-05
935	320	261	153	158	105	80	0.246538	1.40024	3.24675e-06	1.31694e-05
936	344	263	126	129	78	123	0.23754	1.43742	3.28212e-06	1.38171e-05
937	330	269	123	126	97	41	0.36774	1.00038	3.41662e-06	9.29086e-06
938	324	261	149	153	103	75	0.260973	1.34334	3.29386e-06	1.26215e-05
939	340	261	142	144	100	59	0.299626	1.20522	3.37478e-06	1.12633e-05
940	295	231	111	113	86	39	0.403112	0.90854	3.40661e-06	8.45077e-06
941	356	303	147	150	98	85	0.252713	1.3755	3.28109e-06	1.29835e-05
942	311	251	146	148	103	63	0.286293	1.25074	3.35009e-06	1.17016e-05
943	319	253	128	128	96	53	0.341591	1.07414	3.43004e-06	1.00414e-05
944	322	250	115	122	78	74	0.318682	1.14356	3.44766e-06	1.08185e-05
945	331	268	133	140	91	72	0.287538	1.2464	3.37232e-06	1.17283e-05
946	331	243	108	112	81	46	0.391426	0.93796	3.43134e-06	8.76626e-06
947	332	258	149	155	103	94	0.233914	1.4528	3.2149e-06	1.37439e-05
948	315	242	129	133	93	62	0.316181	1.15144	3.41532e-06	1.08018e-05
949	329	262	132	138	94	88	0.268356	1.31544	3.34519e-06	1.24655e-05
950	342	272	139	141	100	62	0.300689	1.20168	3.38376e-06	1.12534e-05
951	313	239	114	120	85	45	0.374149	0.9831	3.42897e-06	9.16471e-06
952	328	247	135	137	96	51	0.32613	1.12046	3.40581e-06	1.04431e-05
953	323	254	127	130	90	80	0.293934	1.2244	3.40636e-06	1.15888e-05
954	317	250	132	133	94	66	0.309796	1.17184	3.4122e-06	1.10143e-05
955	333	260	163	164	113	75	0.243553	1.41242	3.22523e-06	1.32424e-05
956	342	264	133	133	97	48	0.339582	1.08004	3.41549e-06	1.00579e-05
957	344	284	136	139	98	69	0.293811	1.22482	3.38247e-06	1.15124e-05
958	301	232	117	120	85	52	0.361028	1.0188	3.44299e-06	9.53664e-06
959	334	271	129	133	85	82	0.285521	1.25344	3.38755e-06	1.18645e-05
960	315	239	144	148	101	92	0.246933	1.39864	3.27e-06	1.32425e-05
961	297	228	125	129	84	75	0.303425	1.19262	3.41861e-06	1.12667e-05
962	325	256	127	134	87	77	0.291062	1.23422	3.39239e-06	1.16552e-05
963	315	243	121	121	83	60	0.344425	1.06588	3.4505e-06	1.00182e-05
964	334	259	155	163	103	99	0.216852	1.52854	3.13593e-06	1.44611e-05
965	302	238	134	136	84	91	0.267622	1.31818	3.34848e-06	1.2512e-05
966	346	264	108	113	87	32	0.417763	0.87284	3.37504e-06	8.07884e-06
967	304	239	132	136	96	56	0.319921	1.13968	3.40791e-06	1.06523e-05
968	368	290	171	177	122	97	0.200637	1.60626	3.03867e-06	1.51451e-05
969	317	253	117	123	84	58	0.343613	1.06824	3.44464e-06	1.00248e-05
970	349	275	172	176	116	123	0.176828	1.73258	2.91238e-06	1.64702e-05
971	326	256	134	141	93	81	0.272919	1.29858	3.34678e-06	1.22629e-05
972	309	260	127	129	87	58	0.330906	1.10592	3.42934e-06	1.03635e-05
973	336	260	147	151	97	87	0.248583	1.39198	3.26791e-06	1.31462e-05
974	321	255	106	107	77	40	0.416462	0.87596	3.4005e-06	8.16522e-06
975	342	260	135	138	90	70	0.294157	1.22364	3.38549e-06	1.15091e-05
976	324	261	119	122	82	66	0.331954	1.10276	3.45013e-06	1.03934e-05
977	325	247	129	133	82	83	0.284068	1.25854	3.38541e-06	1.19176e-05
978	318	260	133	134	93	55	0.325621	1.12202	3.41456e-06	1.04863e-05
979	355	269	141	143	100	69	0.286522	1.24994	3.36325e-06	1.17382e-05
980	328	260	122	125	89	68	0.322452	1.1318	3.44025e-06	1.0669e-05
981	319	245	124	128	91	50	0.346858	1.05884	3.42763e-06	9.88195e-06
982	337	267	145	148	90	97	0.240715	1.42414	3.25162e-06	1.35082e-05
983	312	251	157	162	113	72	0.250434	1.38456	3.24815e-06	1.29701e-05
984	351	283	152	157	103	88	0.238173	1.43476	3.22438e-06	1.3538e-05
985	308	244	129	132	86	67	0.310162	1.17066	3.4152e-06	1.1011e-05
986	315	237	129	134	83	76	0.29255	1.22912	3.39419e-06	1.16021e-05
987	320	254	147	150	107	57	0.291504	1.2327	3.35106e-06	1.14957e-05
988	309	235	127	135	88	66	0.30593	1.1844	3.40415e-06	1.11272e-05
989	329	248	140	142	101	60	0.30187	1.19776	3.38201e-06	1.12036e-05
990	311	243	147	150	98	92	0.24385	1.4112	3.25672e-06	1.33554e-05
991	339	263	139	142	103	59	0.303413	1.19266	3.38318e-06	1.11504e-05
992	292	238	152	155	99	78	0.253802	1.3712	3.27247e-06	1.28938e-05
993	354	270	126	130	90	81	0.292439	1.2295	3.40457e-06	1.1642e-05
994	310	245	125	127	92	52	0.345501	1.06276	3.43144e-06	9.93177e-06
995	324	251	115	118	85	41	0.386687	0.95014	3.41803e-06	8.83928e-06
996	321	244	135	142	96	74	0.281068	1.26916	3.35803e-06	1.19474e-05
997	310	247	151	152	107	62	0.280618	1.27076	3.33214e-06	1.18743e-05
998	330	269	131	132	93	53	0.333117	1.09926	3.42016e-06	1.02671e-05
999	337	266	125	131	82	81	0.290608	1.23578	3.39966e-06	1.16984e-05
1000	341	280	162	162	110	81	0.239199	1.43046	3.21682e-06	1.34483e-05