Hist	Tr_Tot	Tr_in	DSBs	DSBt	RIFs	NComb	PSurv	lPSurv	PMut*	PMut
1	118	97	49	49	40	10	0.69857	0.35872	2.30337e-06	3.29726e-06
2	116	89	31	32	28	4	0.801428	0.22136	1.61797e-06	2.01886e-06
3	115	94	48	48	39	12	0.695837	0.36264	2.32902e-06	3.34708e-06
4	113	89	21	21	20	1	0.871988	0.13698	1.07999e-06	1.23853e-06
5	112	90	34	35	28	10	0.762769	0.2708	1.91226e-06	2.507e-06
6	110	75	38	42	35	8	0.737448	0.30456	2.0618e-06	2.79586e-06
7	109	89	35	35	27	10	0.762769	0.2708	1.91226e-06	2.507e-06
8	108	87	42	45	32	20	0.680723	0.3846	2.45251e-06	3.60281e-06
9	107	78	42	43	31	13	0.71438	0.33634	2.22742e-06	3.11798e-06
10	114	90	50	53	37	21	0.644075	0.43994	2.64555e-06	4.10752e-06
11	104	82	32	32	28	5	0.797351	0.22646	1.6521e-06	2.07199e-06
12	102	82	33	34	25	13	0.75592	0.27982	1.97291e-06	2.60995e-06
13	101	85	24	24	20	4	0.84272	0.17112	1.32077e-06	1.56728e-06
14	99	78	31	31	25	10	0.782172	0.24568	1.7843e-06	2.28121e-06
15	98	77	54	58	40	37	0.575256	0.55294	3.01428e-06	5.23989e-06
16	128	106	38	38	30	8	0.756207	0.27944	1.94351e-06	2.57007e-06
17	93	71	34	35	26	13	0.751187	0.2861	2.00296e-06	2.6664e-06
18	90	72	33	36	23	17	0.731411	0.31278	2.14697e-06	2.93538e-06
19	102	82	33	34	27	7	0.779408	0.24922	1.78574e-06	2.29115e-06
20	111	85	32	33	24	15	0.752962	0.28374	2.00271e-06	2.65977e-06
21	113	89	29	29	25	4	0.81667	0.20252	1.51044e-06	1.84951e-06
22	111	96	24	24	20	7	0.829925	0.18642	1.43301e-06	1.72667e-06
23	116	89	43	45	35	20	0.680723	0.3846	2.45251e-06	3.60281e-06
24	101	84	34	34	27	10	0.767574	0.26452	1.88098e-06	2.45055e-06
25	100	75	34	37	29	11	0.749417	0.28846	2.00321e-06	2.67303e-06
26	92	74	30	31	23	9	0.786172	0.24058	1.75165e-06	2.22807e-06
27	105	85	33	34	23	16	0.744442	0.29512	2.06162e-06	2.76935e-06
28	117	85	40	42	31	16	0.707965	0.34536	2.28031e-06	3.22093e-06
29	118	91	47	49	39	17	0.674071	0.39442	2.4733e-06	3.6692e-06
30	109	87	44	44	33	15	0.702704	0.35282	2.30535e-06	3.28069e-06
31	101	81	24	24	19	5	0.838434	0.17622	1.3586e-06	1.62041e-06
32	96	75	36	36	29	8	0.765765	0.26688	1.88162e-06	2.45718e-06
33	113	84	31	31	25	8	0.790191	0.23548	1.71862e-06	2.17494e-06
34	126	101	39	42	32	13	0.718881	0.33006	2.20088e-06	3.06153e-06
35	123	92	41	41	34	8	0.742094	0.29828	2.0329e-06	2.73942e-06
36	121	89	39	40	30	12	0.731689	0.3124	2.11861e-06	2.8955e-06
37	118	88	34	35	25	14	0.747366	0.2912	2.03249e-06	2.71953e-06
38	114	90	37	39	29	12	0.736298	0.30612	2.09039e-06	2.83905e-06
39	115	89	28	28	21	8	0.80522	0.21664	1.61495e-06	2.0056e-06
40	113	89	23	23	17	7	0.835153	0.18014	1.3949e-06	1.67023e-06
41	112	88	52	55	43	23	0.629581	0.4627	2.724e-06	4.32668e-06
42	111	88	28	29	22	11	0.788029	0.23822	1.75056e-06	2.22145e-06
43	109	82	33	33	25	11	0.768481	0.26334	1.88065e-06	2.44724e-06
44	108	84	37	38	28	12	0.740937	0.29984	2.06174e-06	2.78261e-06
45	107	79	28	29	26	4	0.81667	0.20252	1.51044e-06	1.84951e-06
46	106	82	32	33	25	12	0.764571	0.26844	1.91171e-06	2.50037e-06
47	104	78	35	35	29	6	0.778489	0.2504	1.78622e-06	2.29447e-06
48	103	84	36	36	30	21	0.716641	0.33318	2.25592e-06	3.14791e-06
49	101	82	32	33	25	10	0.77241	0.25824	1.84923e-06	2.3941e-06
50	121	96	46	48	32	24	0.654529	0.42384	2.60809e-06	3.98468e-06
51	98	77	26	26	22	4	0.832202	0.18368	1.39824e-06	1.68017e-06
52	96	78	42	44	31	18	0.692034	0.36812	2.38066e-06	3.44009e-06
53	94	71	29	29	24	5	0.812516	0.20762	1.54593e-06	1.90265e-06
54	115	93	37	37	28	12	0.745604	0.29356	2.03264e-06	2.72616e-06
55	118	92	46	48	35	20	0.668018	0.40344	2.51986e-06	3.77215e-06
56	84	65	34	34	28	9	0.771499	0.25942	1.8496e-06	2.39742e-06
57	95	73	29	29	24	5	0.812516	0.20762	1.54593e-06	1.90265e-06
58	121	92	43	45	35	12	0.709071	0.3438	2.25324e-06	3.17774e-06
59	116	92	44	49	34	40	0.599464	0.51172	2.93213e-06	4.89126e-06
60	100	80	32	32	27	5	0.797351	0.22646	1.6521e-06	2.07199e-06
61	102	79	37	40	23	27	0.677802	0.3889	2.50278e-06	3.6925e-06
62	111	89	33	35	26	11	0.758889	0.2759	1.94285e-06	2.56013e-06
63	105	86	30	30	24	9	0.791124	0.2343	1.71803e-06	2.17163e-06
64	95	83	29	29	26	3	0.820846	0.19742	1.47455e-06	1.79638e-06
65	109	89	23	23	21	2	0.856724	0.15464	1.20332e-06	1.40456e-06
66	109	88	38	39	30	10	0.743847	0.29592	2.03278e-06	2.73279e-06
67	89	72	37	39	29	13	0.732553	0.31122	2.11868e-06	2.89219e-06
68	135	103	50	51	44	11	0.686341	0.37638	2.377e-06	3.46329e-06
69	130	98	37	38	26	18	0.718607	0.33044	2.22869e-06	3.10141e-06
70	127	98	52	52	37	22	0.644836	0.43876	2.64654e-06	4.10421e-06
71	103	77	42	42	32	12	0.722556	0.32496	2.17374e-06	3.0084e-06
72	118	83	25	25	21	5	0.833185	0.1825	1.39713e-06	1.67686e-06
73	102	76	25	25	22	3	0.841727	0.1723	1.32201e-06	1.57059e-06
74	117	94	32	32	28	5	0.797351	0.22646	1.6521e-06	2.07199e-06
75	115	88	36	38	25	27	0.686369	0.37634	2.45693e-06	3.57961e-06
76	114	86	31	33	22	18	0.74153	0.29904	2.0905e-06	2.81917e-06
77	112	95	30	31	24	10	0.782172	0.24568	1.7843e-06	2.28121e-06
78	111	92	37	38	33	6	0.76396	0.26924	1.88225e-06	2.46381e-06
79	110	82	29	31	26	5	0.802374	0.22018	1.61722e-06	2.01554e-06
80	108	84	33	33	27	7	0.784319	0.24294	1.75272e-06	2.2347e-06
81	107	82	26	26	23	3	0.836457	0.17858	1.36095e-06	1.62704e-06
82	106	85	30	30	25	8	0.795169	0.2292	1.68456e-06	2.11849e-06
83	105	80	34	34	26	11	0.76367	0.26962	1.91199e-06	2.50368e-06
84	107	81	36	38	29	10	0.748533	0.28964	2.00333e-06	2.67634e-06
85	102	81	25	26	19	9	0.811249	0.20918	1.57856e-06	1.94584e-06
86	100	78	35	35	27	9	0.766669	0.2657	1.8813e-06	2.45386e-06
87	98	81	23	25	18	9	0.81636	0.2029	1.54242e-06	1.88939e-06
88	97	77	25	28	25	3	0.826017	0.19114	1.43721e-06	1.73993e-06
89	108	78	37	39	28	14	0.728826	0.31632	2.14663e-06	2.94532e-06
90	86	68	35	36	25	16	0.735151	0.30768	2.11888e-06	2.88224e-06
91	89	70	26	30	18	20	0.747964	0.2904	2.06146e-06	2.75609e-06
92	111	92	29	30	22	10	0.7871	0.2394	1.75111e-06	2.22476e-06
93	106	86	34	34	27	10	0.767574	0.26452	1.88098e-06	2.45055e-06
94	88	75	29	29	25	5	0.812516	0.20762	1.54593e-06	1.90265e-06
95	116	94	46	46	39	8	0.719154	0.32968	2.17303e-06	3.02166e-06
96	101	71	44	45	32	17	0.691218	0.3693	2.38014e-06	3.44341e-06
97	119	97	56	58	40	31	0.593131	0.52234	2.91885e-06	4.92109e-06
98	116	87	44	47	34	16	0.686081	0.37676	2.40346e-06	3.50317e-06
99	105	87	29	30	26	4	0.811558	0.2088	1.5468e-06	1.90596e-06
100	112	88	45	46	34	13	0.701047	0.35518	2.30457e-06	3.28732e-06
101	98	73	25	25	21	4	0.837445	0.1774	1.35978e-06	1.62372e-06
102	111	85	23	24	18	7	0.829925	0.18642	1.43301e-06	1.72667e-06
103	126	100	40	41	33	9	0.738318	0.30338	2.06179e-06	2.79255e-06
104	108	77	43	44	40	4	0.743252	0.29672	2.00398e-06	2.69623e-06
105	113	91	45	46	35	13	0.701047	0.35518	2.30457e-06	3.28732e-06
106	97	81	38	38	31	8	0.756207	0.27944	1.94351e-06	2.57007e-06
107	119	102	34	35	29	7	0.774529	0.2555	1.81828e-06	2.3476e-06
108	122	93	36	38	27	14	0.733418	0.31004	2.11875e-06	2.88887e-06
109	119	90	41	43	32	14	0.710746	0.34144	2.25386e-06	3.17111e-06
110	117	94	27	27	25	2	0.835471	0.17976	1.36211e-06	1.63035e-06
111	116	86	34	34	30	5	0.787399	0.23902	1.72038e-06	2.18488e-06
112	114	93	21	21	17	5	0.854379	0.15738	1.23976e-06	1.45107e-06
113	113	88	38	42	28	20	0.693669	0.36576	2.38169e-06	3.43346e-06
114	111	87	26	26	25	1	0.845033	0.16838	1.2851e-06	1.52077e-06
115	110	80	38	39	33	7	0.755315	0.28062	1.94372e-06	2.57339e-06
116	109	91	32	33	21	30	0.697509	0.36024	2.41113e-06	3.45677e-06
117	107	76	40	41	30	14	0.719729	0.32888	2.20109e-06	3.05822e-06
118	106	89	32	33	23	14	0.756812	0.27864	1.97273e-06	2.60664e-06
119	105	80	33	36	28	9	0.761869	0.27198	1.91253e-06	2.51031e-06
120	103	80	26	27	21	10	0.80207	0.22056	1.64859e-06	2.05542e-06
121	102	83	37	39	28	13	0.732553	0.31122	2.11868e-06	2.89219e-06
122	101	76	50	53	38	23	0.637539	0.45014	2.68645e-06	4.21379e-06
123	99	79	28	28	25	3	0.826017	0.19114	1.43721e-06	1.73993e-06
124	98	77	28	28	23	6	0.813475	0.20644	1.54506e-06	1.89933e-06
125	95	74	33	34	28	6	0.783394	0.24412	1.75325e-06	2.23802e-06
126	92	76	33	33	28	5	0.79236	0.23274	1.68649e-06	2.12844e-06
127	124	93	42	44	31	24	0.671179	0.39872	2.52289e-06	3.75889e-06
128	112	87	34	35	26	9	0.766669	0.2657	1.8813e-06	2.45386e-06
129	95	71	32	34	26	15	0.748249	0.29002	2.03241e-06	2.71622e-06
130	118	90	38	39	31	11	0.740063	0.30102	2.06176e-06	2.78592e-06
131	116	96	27	29	25	4	0.81667	0.20252	1.51044e-06	1.84951e-06
132	109	84	44	44	32	16	0.699129	0.35792	2.33077e-06	3.33383e-06
133	119	85	39	43	28	32	0.648405	0.43324	2.6763e-06	4.12751e-06
134	88	66	22	23	20	4	0.848029	0.16484	1.28123e-06	1.51083e-06
135	105	81	39	40	30	13	0.727967	0.3175	2.14651e-06	2.94864e-06
136	109	84	28	28	26	2	0.83024	0.18604	1.40045e-06	1.6868e-06
137	114	74	35	36	26	14	0.742687	0.29748	2.06168e-06	2.77598e-06
138	109	79	39	41	26	23	0.68744	0.37478	2.43108e-06	3.53642e-06
139	90	72	29	29	24	6	0.808382	0.21272	1.58102e-06	1.95578e-06
140	132	105	44	48	37	18	0.674867	0.39324	2.47398e-06	3.66588e-06
141	113	88	32	35	28	9	0.766669	0.2657	1.8813e-06	2.45386e-06
142	128	100	28	30	26	4	0.811558	0.2088	1.5468e-06	1.90596e-06
143	125	96	43	44	33	14	0.706297	0.34772	2.27961e-06	3.22756e-06
144	122	101	35	38	27	18	0.718607	0.33044	2.22869e-06	3.10141e-06
145	120	92	42	42	33	10	0.729964	0.31476	2.11845e-06	2.90213e-06
146	118	101	38	39	29	11	0.740063	0.30102	2.06176e-06	2.78592e-06
147	125	102	38	38	26	27	0.686369	0.37634	2.45693e-06	3.57961e-06
148	115	85	36	37	29	10	0.753249	0.28336	1.97343e-06	2.61989e-06
149	113	95	34	34	28	6	0.783394	0.24412	1.75325e-06	2.23802e-06
150	112	90	28	28	24	5	0.817634	0.20134	1.50952e-06	1.8462e-06
151	110	83	37	37	30	8	0.760971	0.27316	1.9128e-06	2.51363e-06
152	109	85	35	35	32	3	0.790492	0.2351	1.68775e-06	2.13507e-06
153	108	89	37	39	26	24	0.692588	0.36732	2.40789e-06	3.47665e-06
154	106	80	31	31	26	5	0.802374	0.22018	1.61722e-06	2.01554e-06
155	105	77	38	39	26	16	0.72143	0.32652	2.20151e-06	3.05159e-06
156	104	84	42	43	35	8	0.732831	0.31084	2.09026e-06	2.85231e-06
157	102	73	23	24	19	6	0.834168	0.18132	1.39602e-06	1.67354e-06
158	104	78	31	32	25	11	0.773322	0.25706	1.84885e-06	2.39079e-06
159	99	72	35	37	26	13	0.741812	0.29866	2.06171e-06	2.77929e-06
160	97	78	21	22	16	7	0.840415	0.17386	1.35624e-06	1.61378e-06
161	95	72	21	21	20	1	0.871988	0.13698	1.07999e-06	1.23853e-06
162	93	72	31	31	26	5	0.802374	0.22018	1.61722e-06	2.01554e-06
163	115	92	37	39	28	20	0.706862	0.34692	2.30728e-06	3.26412e-06
164	112	83	29	30	26	5	0.807429	0.2139	1.58183e-06	1.95909e-06
165	111	90	25	25	22	3	0.841727	0.1723	1.32201e-06	1.57059e-06
166	119	91	33	34	25	12	0.759785	0.27472	1.94263e-06	2.55682e-06
167	116	90	36	37	26	16	0.730548	0.31396	2.14686e-06	2.93869e-06
168	101	79	29	30	25	5	0.807429	0.2139	1.58183e-06	1.95909e-06
169	100	75	28	28	24	5	0.817634	0.20134	1.50952e-06	1.8462e-06
170	109	88	41	41	32	11	0.730826	0.31358	2.11853e-06	2.89882e-06
171	103	76	26	28	21	9	0.801124	0.22174	1.6493e-06	2.05873e-06
172	114	84	35	35	32	3	0.790492	0.2351	1.68775e-06	2.13507e-06
173	132	105	34	34	30	5	0.787399	0.23902	1.72038e-06	2.18488e-06
174	107	82	36	36	29	8	0.765765	0.26688	1.88162e-06	2.45718e-06
175	101	80	27	27	21	7	0.814436	0.20526	1.54418e-06	1.89602e-06
176	76	61	33	34	25	11	0.76367	0.26962	1.91199e-06	2.50368e-06
177	113	81	38	39	28	14	0.728826	0.31632	2.14663e-06	2.94532e-06
178	97	75	32	33	28	6	0.788329	0.23784	1.71979e-06	2.18157e-06
179	99	77	22	22	16	8	0.836139	0.17896	1.39377e-06	1.66691e-06
180	118	90	48	49	35	25	0.647122	0.43522	2.64949e-06	4.09426e-06
181	102	78	39	40	27	16	0.716914	0.3328	2.22819e-06	3.10804e-06
182	118	87	42	42	33	14	0.715224	0.33516	2.22768e-06	3.11466e-06
183	117	100	37	38	25	19	0.714952	0.33554	2.25534e-06	3.15454e-06
184	115	90	24	24	22	2	0.85136	0.16092	1.24384e-06	1.46101e-06
185	113	89	40	42	29	16	0.707965	0.34536	2.28031e-06	3.22093e-06
186	112	89	31	31	24	9	0.786172	0.24058	1.75165e-06	2.22807e-06
187	111	87	21	21	19	2	0.867552	0.14208	1.12059e-06	1.29167e-06
188	109	86	24	24	19	6	0.834168	0.18132	1.39602e-06	1.67354e-06
189	108	86	26	26	23	3	0.836457	0.17858	1.36095e-06	1.62704e-06
190	107	81	37	39	26	18	0.714109	0.33672	2.25505e-06	3.15785e-06
191	105	79	29	31	25	10	0.782172	0.24568	1.7843e-06	2.28121e-06
192	104	85	26	27	22	5	0.822785	0.19506	1.47258e-06	1.78975e-06
193	103	77	27	28	22	8	0.80522	0.21664	1.61495e-06	2.0056e-06
194	101	79	46	47	33	19	0.675664	0.39206	2.47466e-06	3.66257e-06
195	100	81	38	39	26	25	0.689065	0.37242	2.43225e-06	3.52979e-06
196	98	74	27	27	21	8	0.810292	0.21036	1.57938e-06	1.94915e-06
197	108	90	23	25	21	5	0.833185	0.1825	1.39713e-06	1.67686e-06
198	112	84	26	27	24	3	0.831221	0.18486	1.39935e-06	1.68348e-06
199	91	71	35	36	24	29	0.687991	0.37398	2.45817e-06	3.57298e-06
200	88	69	25	25	19	6	0.828946	0.1876	1.43407e-06	1.72999e-06
201	95	68	40	41	32	12	0.727108	0.31868	2.14639e-06	2.95195e-06
202	113	87	31	31	26	6	0.798293	0.22528	1.65141e-06	2.06867e-06
203	116	87	27	29	25	4	0.81667	0.20252	1.51044e-06	1.84951e-06
204	101	81	35	35	29	6	0.778489	0.2504	1.78622e-06	2.29447e-06
205	100	75	33	34	22	21	0.725699	0.32062	2.20251e-06	3.03502e-06
206	98	76	36	37	29	11	0.749417	0.28846	2.00321e-06	2.67303e-06
207	105	75	37	38	30	12	0.740937	0.29984	2.06174e-06	2.78261e-06
208	109	85	41	41	32	11	0.730826	0.31358	2.11853e-06	2.89882e-06
209	94	73	22	22	21	1	0.866529	0.14326	1.12214e-06	1.29498e-06
210	109	88	35	35	29	8	0.770589	0.2606	1.84998e-06	2.40073e-06
211	90	76	24	24	22	2	0.85136	0.16092	1.24384e-06	1.46101e-06
212	106	84	36	37	28	14	0.738038	0.30376	2.09044e-06	2.83243e-06
213	113	85	37	37	30	11	0.749417	0.28846	2.00321e-06	2.67303e-06
214	97	83	36	38	24	33	0.665684	0.40694	2.59511e-06	3.8984e-06
215	115	88	36	37	26	16	0.730548	0.31396	2.14686e-06	2.93869e-06
216	123	101	43	44	36	8	0.728243	0.31712	2.11829e-06	2.90876e-06
217	121	85	40	40	31	14	0.724264	0.3226	2.17407e-06	3.00177e-06
218	119	91	40	41	30	18	0.705196	0.34928	2.30652e-06	3.27075e-06
219	117	96	41	41	31	13	0.723409	0.32378	2.17391e-06	3.00508e-06
220	115	89	43	44	34	12	0.713538	0.33752	2.22716e-06	3.12129e-06
221	107	78	39	40	33	7	0.750587	0.2869	1.97392e-06	2.62984e-06
222	112	89	48	50	37	15	0.676718	0.3905	2.4493e-06	3.61938e-06
223	111	92	26	26	25	1	0.845033	0.16838	1.2851e-06	1.52077e-06
224	110	81	47	50	31	43	0.586666	0.5333	2.99617e-06	5.10711e-06
225	108	84	26	26	24	3	0.836457	0.17858	1.36095e-06	1.62704e-06
226	107	85	23	23	20	4	0.848029	0.16484	1.28123e-06	1.51083e-06
227	106	83	28	29	23	7	0.80427	0.21782	1.61571e-06	2.00891e-06
228	104	80	27	28	19	18	0.765183	0.26764	1.94122e-06	2.53693e-06
229	103	83	36	39	24	28	0.678602	0.38772	2.50349e-06	3.68919e-06
230	102	81	21	23	16	14	0.805864	0.21584	1.6457e-06	2.04216e-06
231	100	75	33	35	27	10	0.762769	0.2708	1.91226e-06	2.507e-06
232	128	108	49	51	32	26	0.635794	0.45288	2.70867e-06	4.26029e-06
233	96	72	22	22	19	3	0.857735	0.15346	1.2019e-06	1.40125e-06
234	94	73	23	23	19	4	0.848029	0.16484	1.28123e-06	1.51083e-06
235	92	72	26	27	23	5	0.822785	0.19506	1.47258e-06	1.78975e-06
236	102	79	30	33	27	7	0.784319	0.24294	1.75272e-06	2.2347e-06
237	121	90	41	43	30	17	0.699954	0.35674	2.33121e-06	3.33051e-06
238	106	82	32	32	25	8	0.785245	0.24176	1.75219e-06	2.23139e-06
239	116	91	27	27	24	3	0.831221	0.18486	1.39935e-06	1.68348e-06
240	101	79	28	28	22	7	0.809337	0.21154	1.5802e-06	1.95247e-06
241	115	92	42	42	34	9	0.733696	0.30966	2.0903e-06	2.849e-06
242	113	89	36	38	29	13	0.737168	0.30494	2.09042e-06	2.83574e-06
243	120	83	47	51	37	24	0.642313	0.44268	2.66818e-06	4.15402e-06
244	98	74	43	45	29	23	0.670387	0.3999	2.52213e-06	3.76221e-06
245	133	108	46	47	35	18	0.679118	0.38696	2.45123e-06	3.60943e-06
246	97	84	25	25	22	4	0.837445	0.1774	1.35978e-06	1.62372e-06
247	115	95	44	44	30	16	0.699129	0.35792	2.33077e-06	3.33383e-06
248	124	96	30	30	26	4	0.811558	0.2088	1.5468e-06	1.90596e-06
249	113	85	45	45	36	10	0.71634	0.3336	2.20022e-06	3.07147e-06
250	131	100	41	41	34	7	0.745888	0.29318	2.00367e-06	2.68628e-06
251	127	106	37	38	29	18	0.718607	0.33044	2.22869e-06	3.10141e-06
252	124	99	47	48	36	14	0.688775	0.37284	2.37858e-06	3.45335e-06
253	121	90	27	28	20	9	0.801124	0.22174	1.6493e-06	2.05873e-06
254	119	95	30	31	24	11	0.778194	0.25078	1.81657e-06	2.33434e-06
255	125	98	49	52	35	33	0.609656	0.49486	2.85848e-06	4.68867e-06
256	116	84	62	64	41	39	0.548362	0.60082	3.11735e-06	5.68484e-06
257	114	90	28	29	23	9	0.796108	0.22802	1.68391e-06	2.11518e-06
258	113	86	36	36	30	9	0.761869	0.27198	1.91253e-06	2.51031e-06
259	111	80	35	36	30	6	0.773616	0.25668	1.8187e-06	2.35091e-06
260	110	90	38	39	32	7	0.755315	0.28062	1.94372e-06	2.57339e-06
261	108	82	39	40	29	16	0.716914	0.3328	2.22819e-06	3.10804e-06
262	107	86	37	40	26	16	0.716914	0.3328	2.22819e-06	3.10804e-06
263	106	88	36	36	28	10	0.757994	0.27708	1.94308e-06	2.56345e-06
264	105	83	30	31	25	7	0.794232	0.23038	1.68521e-06	2.12181e-06
265	103	79	28	28	24	4	0.821815	0.19624	1.47357e-06	1.79307e-06
266	102	82	37	38	30	9	0.75236	0.28454	1.9736e-06	2.62321e-06
267	100	85	42	46	34	14	0.697481	0.36028	2.3299e-06	3.34045e-06
268	99	78	34	34	28	6	0.783394	0.24412	1.75325e-06	2.23802e-06
269	97	77	39	41	30	18	0.705196	0.34928	2.30652e-06	3.27075e-06
270	95	67	37	39	32	10	0.743847	0.29592	2.03278e-06	2.73279e-06
271	112	87	32	34	23	22	0.722007	0.32572	2.22967e-06	3.08815e-06
272	112	89	40	40	32	10	0.73919	0.3022	2.06178e-06	2.78924e-06
273	86	75	25	25	22	3	0.841727	0.1723	1.32201e-06	1.57059e-06
274	125	93	36	36	29	7	0.76968	0.26178	1.85035e-06	2.40405e-06
275	116	91	18	18	16	2	0.884051	0.12324	9.92191e-07	1.12232e-06
276	101	87	32	32	23	19	0.742405	0.29786	2.0905e-06	2.81585e-06
277	114	83	23	24	18	8	0.825703	0.19152	1.46959e-06	1.77981e-06
278	118	87	22	23	18	6	0.839423	0.17504	1.35743e-06	1.61709e-06
279	124	103	42	44	33	14	0.706297	0.34772	2.27961e-06	3.22756e-06
280	107	85	25	29	24	6	0.808382	0.21272	1.58102e-06	1.95578e-06
281	92	66	21	22	18	4	0.853372	0.15856	1.24113e-06	1.45438e-06
282	109	88	37	39	34	6	0.759177	0.27552	1.91332e-06	2.52026e-06
283	90	70	30	30	28	2	0.819878	0.1986	1.47553e-06	1.79969e-06
284	118	94	33	34	28	7	0.779408	0.24922	1.78574e-06	2.29115e-06
285	113	91	31	32	23	13	0.765474	0.26726	1.91143e-06	2.49705e-06
286	97	81	42	42	32	14	0.715224	0.33516	2.22768e-06	3.11466e-06
287	95	82	37	37	29	10	0.753249	0.28336	1.97343e-06	2.61989e-06
288	105	76	33	33	31	2	0.804576	0.21744	1.58424e-06	1.96904e-06
289	102	81	22	22	19	3	0.857735	0.15346	1.2019e-06	1.40125e-06
290	120	98	28	28	22	7	0.809337	0.21154	1.5802e-06	1.95247e-06
291	118	94	41	42	36	7	0.741218	0.29946	2.03296e-06	2.74273e-06
292	116	87	38	38	31	9	0.75236	0.28454	1.9736e-06	2.62321e-06
293	114	87	42	44	32	14	0.706297	0.34772	2.27961e-06	3.22756e-06
294	113	88	49	52	39	18	0.658125	0.41836	2.56121e-06	3.89167e-06
295	110	93	43	43	34	12	0.718033	0.33124	2.20066e-06	3.06485e-06
296	110	86	38	41	31	14	0.719729	0.32888	2.20109e-06	3.05822e-06
297	109	87	23	23	21	3	0.852365	0.15974	1.24249e-06	1.45769e-06
298	108	78	23	24	21	6	0.834168	0.18132	1.39602e-06	1.67354e-06
299	106	83	47	48	35	26	0.647886	0.43404	2.65047e-06	4.09095e-06
300	105	80	37	40	28	20	0.702437	0.3532	2.33249e-06	3.32057e-06
301	104	82	22	22	20	2	0.862121	0.14836	1.16224e-06	1.34811e-06
302	102	84	47	49	35	16	0.677517	0.38932	2.44995e-06	3.61606e-06
303	101	83	24	25	21	4	0.837445	0.1774	1.35978e-06	1.62372e-06
304	99	79	26	27	22	6	0.8186	0.20016	1.50858e-06	1.84288e-06
305	97	79	36	36	33	3	0.785543	0.24138	1.72153e-06	2.19151e-06
306	87	66	30	30	23	9	0.791124	0.2343	1.71803e-06	2.17163e-06
307	93	76	42	43	31	15	0.707131	0.34654	2.27996e-06	3.22424e-06
308	90	68	23	23	18	6	0.839423	0.17504	1.35743e-06	1.61709e-06
309	108	85	32	34	24	13	0.75592	0.27982	1.97291e-06	2.60995e-06
310	116	89	39	40	32	10	0.73919	0.3022	2.06178e-06	2.78924e-06
311	116	88	43	46	34	20	0.676461	0.39088	2.47534e-06	3.65925e-06
312	101	80	45	45	33	20	0.680723	0.3846	2.45251e-06	3.60281e-06
313	96	69	24	27	18	18	0.770004	0.26136	1.90998e-06	2.48048e-06
314	122	90	39	43	32	13	0.71438	0.33634	2.22742e-06	3.11798e-06
315	121	85	43	46	35	17	0.686891	0.37558	2.40402e-06	3.49985e-06
316	107	80	36	36	30	9	0.761869	0.27198	1.91253e-06	2.51031e-06
317	133	98	34	37	21	27	0.690693	0.37006	2.43342e-06	3.52316e-06
318	98	78	41	42	29	24	0.679662	0.38616	2.47804e-06	3.646e-06
319	116	93	37	38	24	43	0.632585	0.45794	2.80219e-06	4.42974e-06
320	103	87	34	35	28	9	0.766669	0.2657	1.8813e-06	2.45386e-06
321	113	91	28	28	25	3	0.826017	0.19114	1.43721e-06	1.73993e-06
322	97	82	24	28	16	22	0.749732	0.28804	2.06136e-06	2.74946e-06
323	112	89	52	55	40	22	0.632801	0.4576	2.7043e-06	4.27355e-06
324	125	105	42	43	36	8	0.732831	0.31084	2.09026e-06	2.85231e-06
325	123	96	45	48	34	16	0.681786	0.38304	2.4269e-06	3.55962e-06
326	120	99	40	41	30	12	0.727108	0.31868	2.14639e-06	2.95195e-06
327	118	99	36	37	29	10	0.753249	0.28336	1.97343e-06	2.61989e-06
328	116	90	49	49	34	27	0.640555	0.44542	2.69067e-06	4.20053e-06
329	111	84	28	29	21	15	0.772116	0.25862	1.87931e-06	2.43398e-06
330	113	87	52	56	39	23	0.62564	0.46898	2.74226e-06	4.38313e-06
331	112	97	25	26	24	2	0.840734	0.17348	1.32323e-06	1.5739e-06
332	111	86	45	45	32	18	0.687702	0.3744	2.40458e-06	3.49654e-06
333	109	77	37	38	31	7	0.760074	0.27434	1.91306e-06	2.51694e-06
334	108	81	35	36	29	8	0.765765	0.26688	1.88162e-06	2.45718e-06
335	99	73	31	32	25	8	0.785245	0.24176	1.75219e-06	2.23139e-06
336	105	85	40	40	25	23	0.691771	0.3685	2.40734e-06	3.47997e-06
337	104	81	30	30	21	15	0.767283	0.2649	1.91086e-06	2.49043e-06
338	103	82	37	38	24	21	0.707696	0.34574	2.30766e-06	3.26081e-06
339	101	75	38	40	32	10	0.73919	0.3022	2.06178e-06	2.78924e-06
340	100	79	33	33	25	10	0.77241	0.25824	1.84923e-06	2.3941e-06
341	98	76	30	31	24	8	0.790191	0.23548	1.71862e-06	2.17494e-06
342	96	72	26	27	23	4	0.826992	0.18996	1.43617e-06	1.73662e-06
343	94	66	26	27	20	7	0.814436	0.20526	1.54418e-06	1.89602e-06
344	112	99	29	31	20	14	0.766378	0.26608	1.91115e-06	2.49374e-06
345	95	81	36	37	26	15	0.734284	0.30886	2.11882e-06	2.88556e-06
346	103	77	30	31	24	8	0.790191	0.23548	1.71862e-06	2.17494e-06
347	116	92	46	48	37	15	0.685272	0.37794	2.40289e-06	3.50648e-06
348	101	84	43	45	33	16	0.694752	0.3642	2.3554e-06	3.39027e-06
349	112	91	37	37	29	10	0.753249	0.28336	1.97343e-06	2.61989e-06
350	99	79	28	29	25	5	0.812516	0.20762	1.54593e-06	1.90265e-06
351	92	74	27	27	21	8	0.810292	0.21036	1.57938e-06	1.94915e-06
352	107	83	37	38	30	11	0.744725	0.29474	2.03271e-06	2.72947e-06
353	92	72	30	32	20	29	0.705492	0.34886	2.36141e-06	3.34719e-06
354	109	84	43	44	38	7	0.731967	0.31202	2.09022e-06	2.85563e-06
355	90	70	32	36	24	21	0.716641	0.33318	2.25592e-06	3.14791e-06
356	117	84	32	32	26	7	0.78926	0.23666	1.71921e-06	2.17826e-06
357	113	87	24	24	20	5	0.838434	0.17622	1.3586e-06	1.62041e-06
358	135	100	44	45	39	7	0.727385	0.3183	2.1182e-06	2.91207e-06
359	130	102	32	33	21	18	0.74153	0.29904	2.0905e-06	2.81917e-06
360	126	98	48	49	33	25	0.647122	0.43522	2.64949e-06	4.09426e-06
361	123	102	48	50	32	36	0.607988	0.4976	2.87893e-06	4.73518e-06
362	121	92	32	33	24	13	0.760682	0.27354	1.9424e-06	2.5535e-06
363	125	98	44	44	30	23	0.67461	0.39362	2.49994e-06	3.70576e-06
364	117	101	38	40	32	9	0.74297	0.2971	2.03284e-06	2.7361e-06
365	115	91	46	48	35	19	0.671434	0.39834	2.49707e-06	3.71902e-06
366	114	90	37	37	26	14	0.738038	0.30376	2.09044e-06	2.83243e-06
367	112	90	37	38	36	2	0.779705	0.24884	1.75533e-06	2.25128e-06
368	111	87	30	31	21	20	0.743282	0.29668	2.09051e-06	2.81254e-06
369	89	64	22	22	18	5	0.849031	0.16366	1.27992e-06	1.50751e-06
370	108	85	37	37	29	9	0.7571	0.27826	1.94329e-06	2.56676e-06
371	107	87	41	45	30	21	0.67726	0.3897	2.47602e-06	3.65594e-06
372	106	86	27	27	22	6	0.8186	0.20016	1.50858e-06	1.84288e-06
373	104	80	33	36	29	8	0.765765	0.26688	1.88162e-06	2.45718e-06
374	103	78	39	40	31	11	0.73543	0.3073	2.09036e-06	2.84237e-06
375	102	78	29	29	27	2	0.825043	0.19232	1.43825e-06	1.74325e-06
376	100	79	43	44	26	30	0.650952	0.42932	2.65438e-06	4.07769e-06
377	98	85	36	38	28	21	0.707696	0.34574	2.30766e-06	3.26081e-06
378	96	79	50	51	36	23	0.645597	0.43758	2.64752e-06	4.10089e-06
379	109	89	21	21	16	6	0.850033	0.16248	1.27862e-06	1.5042e-06
380	93	76	17	17	16	1	0.894169	0.11186	9.05563e-07	1.01274e-06
381	88	68	35	37	28	11	0.749417	0.28846	2.00321e-06	2.67303e-06
382	120	98	53	54	37	27	0.620754	0.47682	2.7827e-06	4.48277e-06
383	116	91	43	45	35	15	0.698305	0.3591	2.33034e-06	3.33714e-06
384	101	74	39	40	32	11	0.73543	0.3073	2.09036e-06	2.84237e-06
385	109	83	23	23	21	2	0.856724	0.15464	1.20332e-06	1.40456e-06
386	123	97	46	48	36	17	0.678317	0.38814	2.45059e-06	3.61275e-06
387	123	99	45	46	34	13	0.701047	0.35518	2.30457e-06	3.28732e-06
388	115	98	38	39	35	4	0.76696	0.26532	1.85143e-06	2.41399e-06
389	133	106	58	58	42	21	0.624165	0.47134	2.73993e-06	4.38976e-06
390	111	86	30	30	25	6	0.803322	0.219	1.61647e-06	2.01223e-06
391	97	71	30	30	28	2	0.819878	0.1986	1.47553e-06	1.79969e-06
392	94	69	29	31	22	12	0.774235	0.25588	1.84847e-06	2.38747e-06
393	113	93	39	40	27	20	0.702437	0.3532	2.33249e-06	3.32057e-06
394	98	69	27	27	25	2	0.835471	0.17976	1.36211e-06	1.63035e-06
395	114	86	28	28	24	5	0.817634	0.20134	1.50952e-06	1.8462e-06
396	118	87	31	32	26	6	0.793295	0.23156	1.68585e-06	2.12512e-06
397	103	80	34	37	24	19	0.719456	0.32926	2.22894e-06	3.09809e-06
398	121	98	33	34	28	7	0.779408	0.24922	1.78574e-06	2.29115e-06
399	119	90	29	31	24	17	0.754741	0.28138	2.00243e-06	2.65314e-06
400	117	88	37	41	28	29	0.666723	0.40538	2.57036e-06	3.85521e-06
401	116	88	39	41	29	18	0.705196	0.34928	2.30652e-06	3.27075e-06
402	114	94	24	25	21	5	0.833185	0.1825	1.39713e-06	1.67686e-06
403	110	84	38	40	24	25	0.684751	0.3787	2.45568e-06	3.58623e-06
404	111	88	24	25	18	9	0.81636	0.2029	1.54242e-06	1.88939e-06
405	110	85	38	38	30	10	0.748533	0.28964	2.00333e-06	2.67634e-06
406	109	93	28	29	25	5	0.812516	0.20762	1.54593e-06	1.90265e-06
407	107	80	24	25	22	4	0.837445	0.1774	1.35978e-06	1.62372e-06
408	106	80	41	43	30	15	0.707131	0.34654	2.27996e-06	3.22424e-06
409	120	93	46	48	37	16	0.681786	0.38304	2.4269e-06	3.55962e-06
410	103	83	41	43	29	23	0.67886	0.38734	2.47737e-06	3.64931e-06
411	102	86	42	46	32	28	0.649417	0.43168	2.65243e-06	4.08432e-06
412	100	78	42	44	34	12	0.713538	0.33752	2.22716e-06	3.12129e-06
413	99	81	29	29	22	10	0.792059	0.23312	1.71743e-06	2.16831e-06
414	108	90	43	46	29	52	0.574601	0.55408	3.07958e-06	5.35952e-06
415	95	68	25	27	21	6	0.8186	0.20016	1.50858e-06	1.84288e-06
416	92	70	30	31	25	6	0.798293	0.22528	1.65141e-06	2.06867e-06
417	89	68	42	44	31	15	0.702704	0.35282	2.30535e-06	3.28069e-06
418	103	80	25	25	20	6	0.828946	0.1876	1.43407e-06	1.72999e-06
419	116	91	44	44	37	10	0.720853	0.32732	2.17339e-06	3.01503e-06
420	101	77	36	36	30	6	0.773616	0.25668	1.8187e-06	2.35091e-06
421	90	68	30	31	28	3	0.8106	0.20998	1.54766e-06	1.90928e-06
422	109	83	37	38	32	6	0.76396	0.26924	1.88225e-06	2.46381e-06
423	105	85	37	39	32	7	0.755315	0.28062	1.94372e-06	2.57339e-06
424	91	69	21	21	18	3	0.863139	0.14718	1.16075e-06	1.3448e-06
425	107	75	38	38	28	26	0.689878	0.37124	2.43284e-06	3.52647e-06
426	109	81	32	33	28	5	0.79236	0.23274	1.68649e-06	2.12844e-06
427	90	69	32	33	24	10	0.77241	0.25824	1.84923e-06	2.3941e-06
428	100	77	31	31	26	6	0.798293	0.22528	1.65141e-06	2.06867e-06
429	113	95	29	30	24	7	0.799235	0.2241	1.65071e-06	2.06536e-06
430	98	83	40	41	31	13	0.723409	0.32378	2.17391e-06	3.00508e-06
431	106	81	35	38	25	21	0.707696	0.34574	2.30766e-06	3.26081e-06
432	128	97	32	35	27	11	0.758889	0.2759	1.94285e-06	2.56013e-06
433	125	95	32	32	25	10	0.777276	0.25196	1.817e-06	2.33766e-06
434	122	96	34	34	28	7	0.779408	0.24922	1.78574e-06	2.29115e-06
435	120	85	50	53	36	28	0.621487	0.47564	2.78392e-06	4.47945e-06
436	118	100	22	22	15	14	0.810941	0.20956	1.6103e-06	1.98571e-06
437	111	88	48	51	34	25	0.639045	0.44778	2.68856e-06	4.20716e-06
438	114	87	58	61	43	27	0.594057	0.52078	2.89775e-06	4.8779e-06
439	113	94	28	29	26	4	0.81667	0.20252	1.51044e-06	1.84951e-06
440	112	91	40	42	28	20	0.693669	0.36576	2.38169e-06	3.43346e-06
441	110	91	39	41	27	21	0.694488	0.36458	2.3822e-06	3.43015e-06
442	109	85	22	22	18	5	0.849031	0.16366	1.27992e-06	1.50751e-06
443	99	74	33	33	27	7	0.784319	0.24294	1.75272e-06	2.2347e-06
444	106	83	36	36	26	15	0.738909	0.30258	2.09046e-06	2.82911e-06
445	105	83	26	27	24	4	0.826992	0.18996	1.43617e-06	1.73662e-06
446	104	83	32	32	26	8	0.785245	0.24176	1.75219e-06	2.23139e-06
447	102	81	25	26	20	9	0.811249	0.20918	1.57856e-06	1.94584e-06
448	101	78	25	26	14	20	0.766991	0.26528	1.94072e-06	2.5303e-06
449	99	75	37	37	26	22	0.708532	0.34456	2.30804e-06	3.25749e-06
450	97	78	29	29	21	10	0.792059	0.23312	1.71743e-06	2.16831e-06
451	95	72	27	28	24	4	0.821815	0.19624	1.47357e-06	1.79307e-06
452	93	76	32	32	27	5	0.797351	0.22646	1.6521e-06	2.07199e-06
453	113	89	40	41	34	8	0.742094	0.29828	2.0329e-06	2.73942e-06
454	100	79	24	25	20	6	0.828946	0.1876	1.43407e-06	1.72999e-06
455	82	62	25	25	23	3	0.841727	0.1723	1.32201e-06	1.57059e-06
456	101	73	40	42	29	24	0.679662	0.38616	2.47804e-06	3.646e-06
457	109	85	28	29	24	7	0.80427	0.21782	1.61571e-06	2.00891e-06
458	123	97	47	49	34	22	0.657099	0.41992	2.5856e-06	3.93486e-06
459	105	81	18	19	18	1	0.883009	0.12442	9.93948e-07	1.12564e-06
460	105	84	18	18	15	6	0.8662	0.14364	1.15625e-06	1.33486e-06
461	134	96	52	55	39	28	0.61373	0.4882	2.81846e-06	4.59235e-06
462	133	101	38	39	28	15	0.725119	0.32142	2.17424e-06	2.99845e-06
463	101	80	26	27	17	14	0.785873	0.24096	1.78232e-06	2.26795e-06
464	115	94	39	40	30	14	0.724264	0.3226	2.17407e-06	3.00177e-06
465	113	90	25	25	20	6	0.828946	0.1876	1.43407e-06	1.72999e-06
466	98	82	26	28	24	6	0.813475	0.20644	1.54506e-06	1.89933e-06
467	133	102	30	35	24	17	0.736019	0.3065	2.11895e-06	2.87893e-06
468	129	96	45	46	36	12	0.704632	0.35008	2.27891e-06	3.23419e-06
469	125	102	26	26	23	3	0.836457	0.17858	1.36095e-06	1.62704e-06
470	119	94	43	43	30	20	0.689327	0.37204	2.40569e-06	3.48991e-06
471	126	105	36	36	29	9	0.761869	0.27198	1.91253e-06	2.51031e-06
472	118	89	50	50	40	14	0.680179	0.3854	2.42568e-06	3.56624e-06
473	116	88	36	36	32	5	0.777571	0.25158	1.78669e-06	2.29778e-06
474	115	92	46	46	35	14	0.697481	0.36028	2.3299e-06	3.34045e-06
475	113	89	33	36	23	22	0.712996	0.33828	2.28233e-06	3.20104e-06
476	112	87	40	41	31	17	0.708801	0.34418	2.28065e-06	3.21762e-06
477	113	92	36	36	28	9	0.761869	0.27198	1.91253e-06	2.51031e-06
478	109	87	35	36	28	11	0.754138	0.28218	1.97326e-06	2.61658e-06
479	108	91	37	37	29	15	0.734284	0.30886	2.11882e-06	2.88556e-06
480	107	82	32	32	25	11	0.773322	0.25706	1.84885e-06	2.39079e-06
481	105	72	33	34	26	9	0.771499	0.25942	1.8496e-06	2.39742e-06
482	104	84	36	36	27	10	0.757994	0.27708	1.94308e-06	2.56345e-06
483	110	77	24	25	20	6	0.828946	0.1876	1.43407e-06	1.72999e-06
484	101	72	34	34	29	8	0.775444	0.25432	1.81786e-06	2.34428e-06
485	99	72	32	35	27	8	0.770589	0.2606	1.84998e-06	2.40073e-06
486	98	81	34	37	30	8	0.760971	0.27316	1.9128e-06	2.51363e-06
487	96	71	21	22	17	6	0.844712	0.16876	1.3183e-06	1.56065e-06
488	112	85	45	47	31	35	0.622719	0.47366	2.81014e-06	4.5127e-06
489	91	76	21	21	15	12	0.824416	0.19308	1.50291e-06	1.823e-06
490	87	69	31	31	25	9	0.786172	0.24058	1.75165e-06	2.22807e-06
491	116	96	26	26	19	8	0.815397	0.20408	1.5433e-06	1.8927e-06
492	101	72	23	23	21	3	0.852365	0.15974	1.24249e-06	1.45769e-06
493	110	85	35	36	25	15	0.738909	0.30258	2.09046e-06	2.82911e-06
494	112	88	27	29	23	6	0.808382	0.21272	1.58102e-06	1.95578e-06
495	105	79	33	33	26	7	0.784319	0.24294	1.75272e-06	2.2347e-06
496	123	99	49	50	34	21	0.656324	0.4211	2.58472e-06	3.93818e-06
497	111	89	42	43	37	6	0.740344	0.30064	2.03302e-06	2.74605e-06
498	109	90	32	33	27	7	0.784319	0.24294	1.75272e-06	2.2347e-06
499	91	66	28	28	22	6	0.813475	0.20644	1.54506e-06	1.89933e-06
500	114	82	35	36	29	10	0.757994	0.27708	1.94308e-06	2.56345e-06
501	113	86	35	36	26	17	0.731411	0.31278	2.14697e-06	2.93538e-06
502	98	73	34	34	26	11	0.76367	0.26962	1.91199e-06	2.50368e-06
503	107	80	51	52	36	25	0.635045	0.45406	2.70758e-06	4.26361e-06
504	91	59	38	41	28	17	0.708801	0.34418	2.28065e-06	3.21762e-06
505	103	81	34	36	24	17	0.731411	0.31278	2.14697e-06	2.93538e-06
506	123	93	44	46	32	24	0.662801	0.41128	2.56623e-06	3.87179e-06
507	121	97	32	33	27	6	0.788329	0.23784	1.71979e-06	2.18157e-06
508	119	98	39	39	32	9	0.74765	0.29082	2.00344e-06	2.67966e-06
509	117	81	39	40	28	16	0.716914	0.3328	2.22819e-06	3.10804e-06
510	115	89	36	39	27	22	0.699689	0.35712	2.35822e-06	3.37039e-06
511	111	84	47	51	33	31	0.619787	0.47838	2.80513e-06	4.52596e-06
512	112	84	38	38	30	9	0.75236	0.28454	1.9736e-06	2.62321e-06
513	111	87	38	40	28	18	0.709638	0.343	2.28099e-06	3.2143e-06
514	109	86	39	40	29	19	0.706028	0.3481	2.3069e-06	3.26743e-06
515	108	75	44	46	36	11	0.708235	0.34498	2.25293e-06	3.18105e-06
516	107	87	32	32	24	8	0.785245	0.24176	1.75219e-06	2.23139e-06
517	120	91	34	34	30	4	0.791425	0.23392	1.68712e-06	2.13175e-06
518	104	82	36	36	30	6	0.773616	0.25668	1.8187e-06	2.35091e-06
519	103	86	33	33	27	9	0.776359	0.25314	1.81743e-06	2.34097e-06
520	101	75	36	36	30	6	0.773616	0.25668	1.8187e-06	2.35091e-06
521	100	84	33	34	25	11	0.76367	0.26962	1.91199e-06	2.50368e-06
522	87	74	19	21	15	8	0.841407	0.17268	1.35506e-06	1.61047e-06
523	105	89	53	54	37	25	0.627118	0.46662	2.74458e-06	4.3765e-06
524	94	72	31	31	23	10	0.782172	0.24568	1.7843e-06	2.28121e-06
525	91	66	30	31	24	8	0.790191	0.23548	1.71862e-06	2.17494e-06
526	122	93	34	38	29	13	0.737168	0.30494	2.09042e-06	2.83574e-06
527	117	93	47	47	35	21	0.668807	0.40226	2.52062e-06	3.76883e-06
528	101	82	31	33	24	11	0.768481	0.26334	1.88065e-06	2.44724e-06
529	103	83	33	33	22	18	0.74153	0.29904	2.0905e-06	2.81917e-06
530	123	99	33	34	30	4	0.791425	0.23392	1.68712e-06	2.13175e-06
531	105	74	41	42	28	21	0.690141	0.37086	2.40624e-06	3.4866e-06
532	116	96	38	39	33	7	0.755315	0.28062	1.94372e-06	2.57339e-06
533	93	72	34	35	22	28	0.695865	0.3626	2.41005e-06	3.4634e-06
534	129	104	43	47	30	24	0.658652	0.41756	2.58734e-06	3.92823e-06
535	113	85	50	52	38	19	0.654777	0.42346	2.58297e-06	3.94481e-06
536	112	86	34	34	26	10	0.767574	0.26452	1.88098e-06	2.45055e-06
537	113	87	39	41	31	17	0.708801	0.34418	2.28065e-06	3.21762e-06
538	98	70	37	37	29	9	0.7571	0.27826	1.94329e-06	2.56676e-06
539	108	89	41	44	26	32	0.644346	0.43952	2.69591e-06	4.18396e-06
540	118	96	40	41	33	10	0.734563	0.30848	2.09033e-06	2.84568e-06
541	127	94	43	44	33	13	0.709908	0.34262	2.25355e-06	3.17443e-06
542	124	100	30	30	26	4	0.811558	0.2088	1.5468e-06	1.90596e-06
543	121	98	45	47	37	13	0.696658	0.36146	2.32946e-06	3.34377e-06
544	119	84	33	33	23	17	0.745321	0.29394	2.06158e-06	2.76604e-06
545	117	88	35	38	28	14	0.733418	0.31004	2.11875e-06	2.88887e-06
546	115	89	38	39	31	10	0.743847	0.29592	2.03278e-06	2.73279e-06
547	114	90	49	52	35	30	0.619056	0.47956	2.80387e-06	4.52927e-06
548	112	96	49	49	36	16	0.677517	0.38932	2.44995e-06	3.61606e-06
549	111	86	35	37	24	23	0.704928	0.34966	2.33375e-06	3.31062e-06
550	110	84	47	49	37	16	0.677517	0.38932	2.44995e-06	3.61606e-06
551	100	80	41	44	29	28	0.657625	0.41912	2.61171e-06	3.97142e-06
552	107	85	31	31	25	7	0.794232	0.23038	1.68521e-06	2.12181e-06
553	106	83	41	43	32	13	0.71438	0.33634	2.22742e-06	3.11798e-06
554	105	83	32	32	27	8	0.785245	0.24176	1.75219e-06	2.23139e-06
555	103	85	32	32	25	8	0.785245	0.24176	1.75219e-06	2.23139e-06
556	102	75	28	30	23	12	0.779112	0.2496	1.81613e-06	2.33103e-06
557	108	87	38	39	29	11	0.740063	0.30102	2.06176e-06	2.78592e-06
558	99	82	40	41	30	22	0.690955	0.36968	2.40679e-06	3.48328e-06
559	97	74	27	28	24	4	0.821815	0.19624	1.47357e-06	1.79307e-06
560	95	78	34	35	26	10	0.762769	0.2708	1.91226e-06	2.507e-06
561	96	83	28	29	25	5	0.812516	0.20762	1.54593e-06	1.90265e-06
562	96	73	39	40	27	17	0.713267	0.3379	2.25476e-06	3.16117e-06
563	85	64	24	25	21	5	0.833185	0.1825	1.39713e-06	1.67686e-06
564	101	85	31	33	27	6	0.788329	0.23784	1.71979e-06	2.18157e-06
565	107	72	30	31	25	12	0.774235	0.25588	1.84847e-06	2.38747e-06
566	117	89	57	59	43	21	0.620258	0.47762	2.75779e-06	4.44621e-06
567	105	83	35	38	27	13	0.737168	0.30494	2.09042e-06	2.83574e-06
568	117	98	43	44	36	9	0.724539	0.32222	2.14601e-06	2.96189e-06
569	111	81	29	32	21	21	0.734871	0.30806	2.14738e-06	2.92212e-06
570	109	86	35	36	31	6	0.773616	0.25668	1.8187e-06	2.35091e-06
571	91	68	33	33	27	8	0.780329	0.24804	1.78526e-06	2.28784e-06
572	112	96	36	36	28	10	0.757994	0.27708	1.94308e-06	2.56345e-06
573	113	85	36	36	31	5	0.777571	0.25158	1.78669e-06	2.29778e-06
574	98	74	33	33	23	13	0.760682	0.27354	1.9424e-06	2.5535e-06
575	108	76	24	24	20	5	0.838434	0.17622	1.3586e-06	1.62041e-06
576	109	78	43	43	37	7	0.736578	0.30574	2.06181e-06	2.79918e-06
577	103	82	34	34	29	5	0.787399	0.23902	1.72038e-06	2.18488e-06
578	108	83	33	33	28	8	0.780329	0.24804	1.78526e-06	2.28784e-06
579	103	80	45	47	36	13	0.696658	0.36146	2.32946e-06	3.34377e-06
580	120	86	37	38	30	9	0.75236	0.28454	1.9736e-06	2.62321e-06
581	118	93	53	55	35	28	0.61373	0.4882	2.81846e-06	4.59235e-06
582	116	81	34	35	30	5	0.78247	0.2453	1.75377e-06	2.24133e-06
583	114	89	40	43	28	30	0.655052	0.42304	2.63412e-06	4.02124e-06
584	113	85	35	35	30	6	0.778489	0.2504	1.78622e-06	2.29447e-06
585	111	88	39	39	30	10	0.743847	0.29592	2.03278e-06	2.73279e-06
586	110	88	37	38	24	28	0.682877	0.38144	2.48071e-06	3.63274e-06
587	109	89	26	26	19	11	0.803017	0.21938	1.64787e-06	2.0521e-06
588	108	89	41	41	32	13	0.723409	0.32378	2.17391e-06	3.00508e-06
589	106	79	32	32	24	9	0.78125	0.24686	1.78478e-06	2.28452e-06
590	105	80	25	25	22	4	0.837445	0.1774	1.35978e-06	1.62372e-06
591	107	79	28	28	21	10	0.797048	0.22684	1.68326e-06	2.11186e-06
592	102	82	48	48	36	14	0.688775	0.37284	2.37858e-06	3.45335e-06
593	101	81	37	38	23	30	0.675947	0.39164	2.52737e-06	3.739e-06
594	99	72	23	23	21	2	0.856724	0.15464	1.20332e-06	1.40456e-06
595	97	79	28	28	23	7	0.809337	0.21154	1.5802e-06	1.95247e-06
596	94	68	34	37	27	18	0.723135	0.32416	2.20191e-06	3.04496e-06
597	104	78	28	29	23	6	0.808382	0.21272	1.58102e-06	1.95578e-06
598	90	74	36	37	27	16	0.730548	0.31396	2.14686e-06	2.93869e-06
599	117	90	41	42	31	18	0.700781	0.35556	2.33164e-06	3.3272e-06
600	101	76	27	29	25	4	0.81667	0.20252	1.51044e-06	1.84951e-06
601	127	106	32	35	29	7	0.774529	0.2555	1.81828e-06	2.3476e-06
602	123	100	46	50	40	11	0.690665	0.3701	2.35299e-06	3.40685e-06
603	105	84	25	27	24	3	0.831221	0.18486	1.39935e-06	1.68348e-06
604	107	85	33	33	24	11	0.768481	0.26334	1.88065e-06	2.44724e-06
605	112	81	50	52	36	23	0.641555	0.44386	2.66716e-06	4.15734e-06
606	105	78	27	29	23	7	0.80427	0.21782	1.61571e-06	2.00891e-06
607	109	86	36	38	28	17	0.722282	0.32534	2.20171e-06	3.04827e-06
608	99	75	30	31	23	10	0.782172	0.24568	1.7843e-06	2.28121e-06
609	113	87	39	41	29	14	0.719729	0.32888	2.20109e-06	3.05822e-06
610	98	78	26	26	23	3	0.836457	0.17858	1.36095e-06	1.62704e-06
611	101	81	24	26	23	6	0.823757	0.19388	1.47159e-06	1.78644e-06
612	119	99	45	47	30	35	0.622719	0.47366	2.81014e-06	4.5127e-06
613	103	86	27	28	26	2	0.83024	0.18604	1.40045e-06	1.6868e-06
614	97	75	28	29	23	9	0.796108	0.22802	1.68391e-06	2.11518e-06
615	122	100	35	37	26	16	0.730548	0.31396	2.14686e-06	2.93869e-06
616	120	95	46	46	34	14	0.697481	0.36028	2.3299e-06	3.34045e-06
617	118	92	38	40	31	12	0.731689	0.3124	2.11861e-06	2.8955e-06
618	116	91	33	33	28	6	0.788329	0.23784	1.71979e-06	2.18157e-06
619	115	95	34	34	30	4	0.791425	0.23392	1.68712e-06	2.13175e-06
620	113	89	46	46	36	12	0.704632	0.35008	2.27891e-06	3.23419e-06
621	112	88	29	29	23	8	0.800179	0.22292	1.65001e-06	2.06205e-06
622	110	84	26	27	22	5	0.822785	0.19506	1.47258e-06	1.78975e-06
623	109	92	27	27	23	5	0.822785	0.19506	1.47258e-06	1.78975e-06
624	108	80	38	39	26	21	0.703266	0.35202	2.33291e-06	3.31725e-06
625	107	78	27	30	23	9	0.791124	0.2343	1.71803e-06	2.17163e-06
626	105	82	41	41	34	8	0.742094	0.29828	2.0329e-06	2.73942e-06
627	104	85	39	41	30	13	0.723409	0.32378	2.17391e-06	3.00508e-06
628	103	79	35	35	27	8	0.770589	0.2606	1.84998e-06	2.40073e-06
629	101	81	30	31	27	5	0.802374	0.22018	1.61722e-06	2.01554e-06
630	99	80	32	32	28	5	0.797351	0.22646	1.6521e-06	2.07199e-06
631	120	90	33	33	27	8	0.780329	0.24804	1.78526e-06	2.28784e-06
632	96	65	23	24	21	3	0.847029	0.16602	1.28252e-06	1.51414e-06
633	93	74	31	31	26	5	0.802374	0.22018	1.61722e-06	2.01554e-06
634	124	93	50	52	37	19	0.654777	0.42346	2.58297e-06	3.94481e-06
635	117	93	39	40	30	12	0.731689	0.3124	2.11861e-06	2.8955e-06
636	101	81	23	23	18	7	0.835153	0.18014	1.3949e-06	1.67023e-06
637	77	61	32	32	24	8	0.785245	0.24176	1.75219e-06	2.23139e-06
638	134	92	35	37	21	24	0.701342	0.35476	2.35914e-06	3.36376e-06
639	106	88	26	26	24	2	0.840734	0.17348	1.32323e-06	1.5739e-06
640	97	82	33	33	25	19	0.737758	0.30414	2.11906e-06	2.8723e-06
641	89	65	37	37	25	16	0.730548	0.31396	2.14686e-06	2.93869e-06
642	102	80	43	47	35	16	0.686081	0.37676	2.40346e-06	3.50317e-06
643	91	67	46	50	33	25	0.643071	0.4415	2.6692e-06	4.15071e-06
644	90	70	35	36	29	11	0.754138	0.28218	1.97326e-06	2.61658e-06
645	114	98	31	31	24	8	0.790191	0.23548	1.71862e-06	2.17494e-06
646	98	83	28	28	26	2	0.83024	0.18604	1.40045e-06	1.6868e-06
647	104	77	36	39	27	18	0.714109	0.33672	2.25505e-06	3.15785e-06
648	118	92	32	32	25	9	0.78125	0.24686	1.78478e-06	2.28452e-06
649	129	101	46	46	38	9	0.715495	0.33478	2.2e-06	3.07479e-06
650	126	104	48	49	32	29	0.634055	0.45562	2.73074e-06	4.3068e-06
651	123	89	44	44	36	8	0.728243	0.31712	2.11829e-06	2.90876e-06
652	121	99	44	44	33	16	0.699129	0.35792	2.33077e-06	3.33383e-06
653	118	99	44	44	35	15	0.702704	0.35282	2.30535e-06	3.28069e-06
654	109	82	46	47	37	11	0.703801	0.35126	2.27856e-06	3.2375e-06
655	115	86	31	33	24	12	0.764571	0.26844	1.91171e-06	2.50037e-06
656	113	85	29	31	24	8	0.790191	0.23548	1.71862e-06	2.17494e-06
657	112	88	32	34	23	19	0.733139	0.31042	2.14718e-06	2.92875e-06
658	111	84	39	41	29	22	0.690955	0.36968	2.40679e-06	3.48328e-06
659	109	86	42	42	33	10	0.729964	0.31476	2.11845e-06	2.90213e-06
660	108	92	44	49	32	49	0.57257	0.55762	3.07439e-06	5.36946e-06
661	107	87	56	59	40	29	0.595461	0.51842	2.90065e-06	4.87127e-06
662	106	77	34	35	27	9	0.766669	0.2657	1.8813e-06	2.45386e-06
663	104	79	34	35	27	12	0.755028	0.281	1.97309e-06	2.61326e-06
664	103	79	27	30	19	18	0.755633	0.2802	2.00229e-06	2.64983e-06
665	108	88	32	32	27	6	0.793295	0.23156	1.68585e-06	2.12512e-06
666	100	82	40	40	33	9	0.74297	0.2971	2.03284e-06	2.7361e-06
667	98	77	34	34	27	9	0.771499	0.25942	1.8496e-06	2.39742e-06
668	96	76	27	27	23	5	0.822785	0.19506	1.47258e-06	1.78975e-06
669	94	76	34	35	21	28	0.695865	0.3626	2.41005e-06	3.4634e-06
670	110	86	37	38	26	17	0.722282	0.32534	2.20171e-06	3.04827e-06
671	117	97	44	45	36	12	0.709071	0.3438	2.25324e-06	3.17774e-06
672	84	67	33	33	28	6	0.788329	0.23784	1.71979e-06	2.18157e-06
673	78	58	29	30	25	6	0.803322	0.219	1.61647e-06	2.01223e-06
674	123	98	43	43	36	7	0.736578	0.30574	2.06181e-06	2.79918e-06
675	106	79	29	29	24	6	0.808382	0.21272	1.58102e-06	1.95578e-06
676	113	93	36	38	25	16	0.725975	0.32024	2.1744e-06	2.99514e-06
677	109	81	39	42	34	8	0.737448	0.30456	2.0618e-06	2.79586e-06
678	119	91	40	41	33	8	0.742094	0.29828	2.0329e-06	2.73942e-06
679	129	101	36	36	30	10	0.757994	0.27708	1.94308e-06	2.56345e-06
680	110	90	23	24	22	3	0.847029	0.16602	1.28252e-06	1.51414e-06
681	114	92	29	29	27	2	0.825043	0.19232	1.43825e-06	1.74325e-06
682	98	86	34	34	28	8	0.775444	0.25432	1.81786e-06	2.34428e-06
683	121	101	46	47	36	23	0.66202	0.41246	2.56539e-06	3.8751e-06
684	119	101	34	37	30	8	0.760971	0.27316	1.9128e-06	2.51363e-06
685	103	82	34	34	26	11	0.76367	0.26962	1.91199e-06	2.50368e-06
686	108	84	34	35	25	16	0.739782	0.3014	2.09047e-06	2.8258e-06
687	126	107	42	43	34	12	0.718033	0.33124	2.20066e-06	3.06485e-06
688	107	91	20	20	18	2	0.873017	0.1358	1.07837e-06	1.23522e-06
689	119	92	37	37	28	11	0.749417	0.28846	2.00321e-06	2.67303e-06
690	117	92	38	38	31	8	0.756207	0.27944	1.94351e-06	2.57007e-06
691	115	88	52	56	38	29	0.606785	0.49958	2.85306e-06	4.70193e-06
692	114	90	30	33	23	17	0.745321	0.29394	2.06158e-06	2.76604e-06
693	112	93	43	46	33	24	0.662801	0.41128	2.56623e-06	3.87179e-06
694	111	84	32	33	25	10	0.77241	0.25824	1.84923e-06	2.3941e-06
695	110	88	37	38	27	18	0.718607	0.33044	2.22869e-06	3.10141e-06
696	108	84	43	44	34	13	0.709908	0.34262	2.25355e-06	3.17443e-06
697	107	84	25	25	19	7	0.824729	0.1927	1.47059e-06	1.78312e-06
698	106	82	32	34	26	9	0.771499	0.25942	1.8496e-06	2.39742e-06
699	105	86	41	42	36	7	0.741218	0.29946	2.03296e-06	2.74273e-06
700	103	84	38	39	30	11	0.740063	0.30102	2.06176e-06	2.78592e-06
701	102	82	33	34	27	8	0.775444	0.25432	1.81786e-06	2.34428e-06
702	100	83	31	31	28	3	0.8106	0.20998	1.54766e-06	1.90928e-06
703	98	77	29	29	23	7	0.80427	0.21782	1.61571e-06	2.00891e-06
704	97	70	33	33	26	10	0.77241	0.25824	1.84923e-06	2.3941e-06
705	96	74	17	17	14	4	0.880593	0.12716	1.03218e-06	1.17214e-06
706	92	70	37	41	30	14	0.719729	0.32888	2.20109e-06	3.05822e-06
707	89	61	34	36	22	35	0.667257	0.40458	2.59681e-06	3.89178e-06
708	101	87	29	29	24	5	0.812516	0.20762	1.54593e-06	1.90265e-06
709	121	100	31	31	27	5	0.802374	0.22018	1.61722e-06	2.01554e-06
710	106	87	51	51	40	15	0.672482	0.39678	2.47193e-06	3.67583e-06
711	106	80	35	36	28	12	0.750302	0.28728	2.00309e-06	2.66971e-06
712	96	77	24	24	19	8	0.825703	0.19152	1.46959e-06	1.77981e-06
713	99	73	41	42	35	9	0.733696	0.30966	2.0903e-06	2.849e-06
714	109	85	41	44	32	19	0.688514	0.37322	2.40513e-06	3.49323e-06
715	91	74	23	24	20	5	0.838434	0.17622	1.3586e-06	1.62041e-06
716	110	89	30	31	26	5	0.802374	0.22018	1.61722e-06	2.01554e-06
717	114	90	53	57	40	26	0.612283	0.49056	2.81588e-06	4.59898e-06
718	98	75	32	33	27	6	0.788329	0.23784	1.71979e-06	2.18157e-06
719	109	87	41	42	31	14	0.715224	0.33516	2.22768e-06	3.11466e-06
720	113	83	34	34	25	13	0.75592	0.27982	1.97291e-06	2.60995e-06
721	103	81	29	29	27	2	0.825043	0.19232	1.43825e-06	1.74325e-06
722	92	70	22	22	18	4	0.853372	0.15856	1.24113e-06	1.45438e-06
723	124	96	40	41	29	14	0.719729	0.32888	2.20109e-06	3.05822e-06
724	122	98	38	38	31	8	0.756207	0.27944	1.94351e-06	2.57007e-06
725	119	97	26	27	20	13	0.789891	0.23586	1.74946e-06	2.21482e-06
726	117	97	44	46	34	13	0.701047	0.35518	2.30457e-06	3.28732e-06
727	116	86	45	49	26	65	0.527704	0.63922	3.2821e-06	6.21959e-06
728	94	74	22	22	22	0	0.870959	0.13816	1.0816e-06	1.24185e-06
729	113	91	27	31	22	15	0.762479	0.27118	1.94194e-06	2.54687e-06
730	111	88	38	39	29	11	0.740063	0.30102	2.06176e-06	2.78592e-06
731	110	89	33	34	27	10	0.767574	0.26452	1.88098e-06	2.45055e-06
732	109	78	36	36	29	9	0.761869	0.27198	1.91253e-06	2.51031e-06
733	107	78	37	38	32	7	0.760074	0.27434	1.91306e-06	2.51694e-06
734	106	82	53	54	38	22	0.636787	0.45132	2.6854e-06	4.2171e-06
735	105	79	40	41	31	12	0.727108	0.31868	2.14639e-06	2.95195e-06
736	104	84	37	37	27	12	0.745604	0.29356	2.03264e-06	2.72616e-06
737	102	80	41	45	34	13	0.705464	0.3489	2.27926e-06	3.23087e-06
738	101	71	22	22	19	4	0.853372	0.15856	1.24113e-06	1.45438e-06
739	116	88	37	41	27	28	0.670132	0.40028	2.5479e-06	3.80208e-06
740	97	80	28	29	20	15	0.772116	0.25862	1.87931e-06	2.43398e-06
741	95	72	31	31	24	7	0.794232	0.23038	1.68521e-06	2.12181e-06
742	92	71	24	24	20	4	0.84272	0.17112	1.32077e-06	1.56728e-06
743	117	100	33	35	31	4	0.786471	0.2402	1.72095e-06	2.1882e-06
744	101	79	41	41	30	15	0.716068	0.33398	2.22794e-06	3.11135e-06
745	115	98	37	38	26	22	0.704096	0.35084	2.33333e-06	3.31394e-06
746	123	98	41	41	35	6	0.749702	0.28808	1.97408e-06	2.63315e-06
747	106	84	21	22	19	3	0.857735	0.15346	1.2019e-06	1.40125e-06
748	104	85	37	37	30	13	0.741812	0.29866	2.06171e-06	2.77929e-06
749	135	106	48	48	38	12	0.695837	0.36264	2.32902e-06	3.34708e-06
750	100	76	36	37	29	9	0.7571	0.27826	1.94329e-06	2.56676e-06
751	105	81	23	23	19	6	0.839423	0.17504	1.35743e-06	1.61709e-06
752	129	93	33	36	23	23	0.709369	0.34338	2.30841e-06	3.25418e-06
753	114	98	43	44	36	10	0.720853	0.32732	2.17339e-06	3.01503e-06
754	98	75	27	27	22	6	0.8186	0.20016	1.50858e-06	1.84288e-06
755	101	80	38	38	26	28	0.682877	0.38144	2.48071e-06	3.63274e-06
756	119	96	47	49	38	15	0.680982	0.38422	2.42629e-06	3.56293e-06
757	133	109	35	36	30	10	0.757994	0.27708	1.94308e-06	2.56345e-06
758	128	100	33	34	25	12	0.759785	0.27472	1.94263e-06	2.55682e-06
759	125	97	34	34	25	10	0.767574	0.26452	1.88098e-06	2.45055e-06
760	122	95	24	24	15	14	0.800819	0.22212	1.68061e-06	2.09861e-06
761	120	91	36	39	30	11	0.740063	0.30102	2.06176e-06	2.78592e-06
762	111	98	35	36	24	16	0.735151	0.30768	2.11888e-06	2.88224e-06
763	116	92	32	32	27	5	0.797351	0.22646	1.6521e-06	2.07199e-06
764	115	95	40	41	31	16	0.712425	0.33908	2.25446e-06	3.16448e-06
765	113	91	28	30	24	7	0.799235	0.2241	1.65071e-06	2.06536e-06
766	112	88	41	44	25	48	0.593855	0.52112	2.98952e-06	5.03409e-06
767	110	95	44	45	33	14	0.701875	0.354	2.30496e-06	3.28401e-06
768	109	96	32	33	29	4	0.796411	0.22764	1.65279e-06	2.0753e-06
769	108	82	44	45	36	12	0.709071	0.3438	2.25324e-06	3.17774e-06
770	106	88	33	34	23	13	0.75592	0.27982	1.97291e-06	2.60995e-06
771	105	79	36	36	27	11	0.754138	0.28218	1.97326e-06	2.61658e-06
772	104	87	36	38	24	23	0.700515	0.35594	2.35868e-06	3.36707e-06
773	108	80	31	32	27	6	0.793295	0.23156	1.68585e-06	2.12512e-06
774	101	78	29	30	24	7	0.799235	0.2241	1.65071e-06	2.06536e-06
775	99	76	41	41	31	12	0.727108	0.31868	2.14639e-06	2.95195e-06
776	97	78	27	29	18	29	0.718909	0.33002	2.28458e-06	3.17784e-06
777	95	80	37	40	26	20	0.702437	0.3532	2.33249e-06	3.32057e-06
778	102	79	26	26	22	4	0.832202	0.18368	1.39824e-06	1.68017e-06
779	117	90	46	46	36	16	0.690403	0.37048	2.37963e-06	3.44672e-06
780	87	65	27	27	19	11	0.797989	0.22566	1.6826e-06	2.10855e-06
781	101	83	28	29	24	7	0.80427	0.21782	1.61571e-06	2.00891e-06
782	113	91	48	48	37	12	0.695837	0.36264	2.32902e-06	3.34708e-06
783	106	89	29	30	26	7	0.799235	0.2241	1.65071e-06	2.06536e-06
784	110	83	31	33	25	10	0.77241	0.25824	1.84923e-06	2.3941e-06
785	96	79	24	25	21	5	0.833185	0.1825	1.39713e-06	1.67686e-06
786	116	91	35	35	27	12	0.755028	0.281	1.97309e-06	2.61326e-06
787	110	83	29	30	25	5	0.807429	0.2139	1.58183e-06	1.95909e-06
788	107	82	41	41	35	6	0.749702	0.28808	1.97408e-06	2.63315e-06
789	114	89	31	32	25	11	0.773322	0.25706	1.84885e-06	2.39079e-06
790	98	77	30	31	23	10	0.782172	0.24568	1.7843e-06	2.28121e-06
791	109	78	50	52	41	15	0.668272	0.40306	2.49417e-06	3.73227e-06
792	103	82	25	27	23	5	0.822785	0.19506	1.47258e-06	1.78975e-06
793	103	78	40	40	32	9	0.74297	0.2971	2.03284e-06	2.7361e-06
794	105	87	32	34	25	20	0.729409	0.31552	2.17501e-06	2.98188e-06
795	112	88	31	32	23	12	0.769388	0.26216	1.88032e-06	2.44392e-06
796	107	80	27	29	24	6	0.808382	0.21272	1.58102e-06	1.95578e-06
797	120	92	36	37	33	4	0.776654	0.25276	1.78715e-06	2.30109e-06
798	118	88	46	47	30	30	0.638802	0.44816	2.71302e-06	4.24703e-06
799	117	94	45	49	33	21	0.660459	0.41482	2.56372e-06	3.88173e-06
800	115	92	36	36	28	10	0.757994	0.27708	1.94308e-06	2.56345e-06
801	113	83	38	40	33	10	0.73919	0.3022	2.06178e-06	2.78924e-06
802	119	92	50	51	35	26	0.635794	0.45288	2.70867e-06	4.26029e-06
803	111	87	34	34	26	12	0.759785	0.27472	1.94263e-06	2.55682e-06
804	109	92	27	28	26	2	0.83024	0.18604	1.40045e-06	1.6868e-06
805	108	89	39	39	33	7	0.755315	0.28062	1.94372e-06	2.57339e-06
806	107	87	29	29	24	6	0.808382	0.21272	1.58102e-06	1.95578e-06
807	105	76	48	52	35	21	0.648133	0.43366	2.62563e-06	4.05107e-06
808	104	84	34	34	27	8	0.775444	0.25432	1.81786e-06	2.34428e-06
809	103	77	31	31	26	6	0.798293	0.22528	1.65141e-06	2.06867e-06
810	101	75	39	39	32	7	0.755315	0.28062	1.94372e-06	2.57339e-06
811	100	76	33	33	26	10	0.77241	0.25824	1.84923e-06	2.3941e-06
812	98	77	35	36	28	9	0.761869	0.27198	1.91253e-06	2.51031e-06
813	123	95	43	44	27	25	0.667764	0.40382	2.54553e-06	3.81202e-06
814	94	78	33	35	26	11	0.758889	0.2759	1.94285e-06	2.56013e-06
815	91	68	32	35	24	23	0.713837	0.3371	2.28266e-06	3.19773e-06
816	102	73	24	24	19	8	0.825703	0.19152	1.46959e-06	1.77981e-06
817	117	90	37	37	27	16	0.730548	0.31396	2.14686e-06	2.93869e-06
818	123	95	35	36	30	7	0.76968	0.26178	1.85035e-06	2.40405e-06
819	106	85	37	39	25	25	0.689065	0.37242	2.43225e-06	3.52979e-06
820	116	90	43	44	36	9	0.724539	0.32222	2.14601e-06	2.96189e-06
821	135	101	44	45	32	18	0.687702	0.3744	2.40458e-06	3.49654e-06
822	109	90	38	39	30	12	0.736298	0.30612	2.09039e-06	2.83905e-06
823	104	79	36	37	26	13	0.741812	0.29866	2.06171e-06	2.77929e-06
824	127	107	46	46	40	6	0.726527	0.31948	2.11811e-06	2.91539e-06
825	114	92	49	49	39	11	0.695016	0.36382	2.32858e-06	3.3504e-06
826	98	67	22	22	20	2	0.862121	0.14836	1.16224e-06	1.34811e-06
827	106	82	28	28	21	7	0.809337	0.21154	1.5802e-06	1.95247e-06
828	119	97	38	39	31	12	0.736298	0.30612	2.09039e-06	2.83905e-06
829	103	84	37	40	29	13	0.727967	0.3175	2.14651e-06	2.94864e-06
830	108	91	32	34	25	13	0.75592	0.27982	1.97291e-06	2.60995e-06
831	126	98	52	53	40	17	0.657349	0.41954	2.56037e-06	3.89499e-06
832	123	88	42	42	33	10	0.729964	0.31476	2.11845e-06	2.90213e-06
833	121	97	28	28	25	3	0.826017	0.19114	1.43721e-06	1.73993e-06
834	119	98	33	33	26	7	0.784319	0.24294	1.75272e-06	2.2347e-06
835	117	82	44	47	35	19	0.675664	0.39206	2.47466e-06	3.66257e-06
836	94	72	31	31	25	9	0.786172	0.24058	1.75165e-06	2.22807e-06
837	114	94	42	44	29	18	0.692034	0.36812	2.38066e-06	3.44009e-06
838	112	84	35	35	31	5	0.78247	0.2453	1.75377e-06	2.24133e-06
839	111	84	30	31	21	17	0.754741	0.28138	2.00243e-06	2.65314e-06
840	110	88	33	33	26	8	0.780329	0.24804	1.78526e-06	2.28784e-06
841	108	78	31	33	27	12	0.764571	0.26844	1.91171e-06	2.50037e-06
842	104	81	21	21	18	3	0.863139	0.14718	1.16075e-06	1.3448e-06
843	106	84	23	24	16	10	0.817324	0.20172	1.54153e-06	1.88607e-06
844	104	78	29	30	25	6	0.803322	0.219	1.61647e-06	2.01223e-06
845	103	83	31	32	25	10	0.777276	0.25196	1.817e-06	2.33766e-06
846	102	77	28	28	25	3	0.826017	0.19114	1.43721e-06	1.73993e-06
847	113	87	34	35	27	11	0.758889	0.2759	1.94285e-06	2.56013e-06
848	98	79	30	31	23	10	0.782172	0.24568	1.7843e-06	2.28121e-06
849	96	78	21	21	21	0	0.876446	0.13188	1.03894e-06	1.1854e-06
850	94	78	30	30	25	8	0.795169	0.2292	1.68456e-06	2.11849e-06
851	92	72	23	24	19	5	0.838434	0.17622	1.3586e-06	1.62041e-06
852	102	85	37	37	33	4	0.776654	0.25276	1.78715e-06	2.30109e-06
853	105	86	39	42	31	15	0.711585	0.34026	2.25416e-06	3.1678e-06
854	112	85	39	41	28	21	0.694488	0.36458	2.3822e-06	3.43015e-06
855	106	83	28	29	25	4	0.81667	0.20252	1.51044e-06	1.84951e-06
856	111	91	30	31	24	14	0.766378	0.26608	1.91115e-06	2.49374e-06
857	107	84	33	34	27	9	0.771499	0.25942	1.8496e-06	2.39742e-06
858	98	76	26	26	24	2	0.840734	0.17348	1.32323e-06	1.5739e-06
859	107	81	54	55	41	19	0.642557	0.4423	2.64357e-06	4.11415e-06
860	108	78	38	38	32	7	0.760074	0.27434	1.91306e-06	2.51694e-06
861	114	86	26	26	25	1	0.845033	0.16838	1.2851e-06	1.52077e-06
862	98	69	28	30	20	16	0.763379	0.27	1.9417e-06	2.54356e-06
863	110	89	15	18	13	6	0.8662	0.14364	1.15625e-06	1.33486e-06
864	116	91	44	44	33	14	0.706297	0.34772	2.27961e-06	3.22756e-06
865	136	110	30	31	26	6	0.798293	0.22528	1.65141e-06	2.06867e-06
866	131	108	46	48	31	28	0.641311	0.44424	2.69172e-06	4.19721e-06
867	127	95	40	40	30	20	0.702437	0.3532	2.33249e-06	3.32057e-06
868	124	95	38	40	27	15	0.720579	0.3277	2.2013e-06	3.0549e-06
869	117	87	54	55	38	22	0.632801	0.4576	2.7043e-06	4.27355e-06
870	104	82	44	46	36	15	0.693933	0.36538	2.35492e-06	3.39359e-06
871	117	83	26	26	22	4	0.832202	0.18368	1.39824e-06	1.68017e-06
872	116	93	36	37	33	4	0.776654	0.25276	1.78715e-06	2.30109e-06
873	114	86	46	48	34	22	0.661239	0.41364	2.56456e-06	3.87842e-06
874	113	89	30	30	23	7	0.799235	0.2241	1.65071e-06	2.06536e-06
875	111	90	38	39	25	24	0.692588	0.36732	2.40789e-06	3.47665e-06
876	95	77	23	24	17	8	0.825703	0.19152	1.46959e-06	1.77981e-06
877	109	95	49	49	35	16	0.677517	0.38932	2.44995e-06	3.61606e-06
878	107	83	39	40	34	6	0.754425	0.2818	1.94393e-06	2.5767e-06
879	106	76	27	27	23	5	0.822785	0.19506	1.47258e-06	1.78975e-06
880	105	88	27	29	22	8	0.800179	0.22292	1.65001e-06	2.06205e-06
881	103	88	31	32	24	10	0.777276	0.25196	1.817e-06	2.33766e-06
882	102	80	29	29	26	3	0.820846	0.19742	1.47455e-06	1.79638e-06
883	100	82	26	26	23	4	0.832202	0.18368	1.39824e-06	1.68017e-06
884	99	79	25	25	21	5	0.833185	0.1825	1.39713e-06	1.67686e-06
885	97	80	36	36	27	12	0.750302	0.28728	2.00309e-06	2.66971e-06
886	95	78	22	22	16	12	0.819255	0.19936	1.53975e-06	1.87945e-06
887	117	90	33	33	28	7	0.784319	0.24294	1.75272e-06	2.2347e-06
888	89	73	20	21	17	4	0.858748	0.15228	1.20047e-06	1.39793e-06
889	86	71	31	33	23	12	0.764571	0.26844	1.91171e-06	2.50037e-06
890	124	99	54	55	43	15	0.6558	0.4219	2.55868e-06	3.90162e-06
891	106	79	24	27	20	9	0.806171	0.21546	1.61418e-06	2.00228e-06
892	108	86	42	45	32	19	0.684203	0.3795	2.4287e-06	3.54967e-06
893	136	105	55	55	39	24	0.626379	0.4678	2.74342e-06	4.37981e-06
894	110	83	41	41	30	22	0.690955	0.36968	2.40679e-06	3.48328e-06
895	105	78	33	33	28	5	0.79236	0.23274	1.68649e-06	2.12844e-06
896	104	85	31	32	29	4	0.801428	0.22136	1.61797e-06	2.01886e-06
897	114	97	37	39	30	14	0.728826	0.31632	2.14663e-06	2.94532e-06
898	98	77	29	30	22	14	0.771206	0.2598	1.87965e-06	2.43729e-06
899	102	81	35	35	29	6	0.778489	0.2504	1.78622e-06	2.29447e-06
900	119	98	41	43	33	13	0.71438	0.33634	2.22742e-06	3.11798e-06
901	103	78	36	36	28	11	0.754138	0.28218	1.97326e-06	2.61658e-06
902	117	91	27	27	23	4	0.826992	0.18996	1.43617e-06	1.73662e-06
903	127	94	32	34	24	16	0.744442	0.29512	2.06162e-06	2.76935e-06
904	107	79	37	38	31	7	0.760074	0.27434	1.91306e-06	2.51694e-06
905	122	100	34	36	27	13	0.746485	0.29238	2.03256e-06	2.72285e-06
906	120	98	34	34	26	12	0.759785	0.27472	1.94263e-06	2.55682e-06
907	118	88	42	43	31	13	0.71438	0.33634	2.22742e-06	3.11798e-06
908	116	87	31	33	27	8	0.780329	0.24804	1.78526e-06	2.28784e-06
909	114	100	32	32	26	7	0.78926	0.23666	1.71921e-06	2.17826e-06
910	115	88	30	32	28	5	0.797351	0.22646	1.6521e-06	2.07199e-06
911	112	85	39	39	33	7	0.755315	0.28062	1.94372e-06	2.57339e-06
912	110	81	41	42	32	10	0.729964	0.31476	2.11845e-06	2.90213e-06
913	109	82	32	33	25	10	0.77241	0.25824	1.84923e-06	2.3941e-06
914	108	88	38	38	28	20	0.711315	0.34064	2.28167e-06	3.20767e-06
915	106	78	43	46	35	15	0.693933	0.36538	2.35492e-06	3.39359e-06
916	91	73	22	22	18	4	0.853372	0.15856	1.24113e-06	1.45438e-06
917	104	86	38	39	30	16	0.72143	0.32652	2.20151e-06	3.05159e-06
918	102	79	28	29	26	4	0.81667	0.20252	1.51044e-06	1.84951e-06
919	101	81	34	34	26	9	0.771499	0.25942	1.8496e-06	2.39742e-06
920	99	76	39	39	27	20	0.706862	0.34692	2.30728e-06	3.26412e-06
921	96	77	29	30	24	7	0.799235	0.2241	1.65071e-06	2.06536e-06
922	95	78	28	29	24	5	0.812516	0.20762	1.54593e-06	1.90265e-06
923	93	76	31	32	25	9	0.78125	0.24686	1.78478e-06	2.28452e-06
924	90	71	32	33	28	5	0.79236	0.23274	1.68649e-06	2.12844e-06
925	114	88	19	19	17	2	0.878517	0.12952	1.03557e-06	1.17877e-06
926	100	78	32	34	24	12	0.759785	0.27472	1.94263e-06	2.55682e-06
927	106	81	26	26	20	9	0.811249	0.20918	1.57856e-06	1.94584e-06
928	122	94	39	40	28	13	0.727967	0.3175	2.14651e-06	2.94864e-06
929	110	84	17	17	16	1	0.894169	0.11186	9.05563e-07	1.01274e-06
930	110	91	21	23	18	6	0.839423	0.17504	1.35743e-06	1.61709e-06
931	127	94	45	46	35	17	0.686891	0.37558	2.40402e-06	3.49985e-06
932	121	99	45	48	35	20	0.668018	0.40344	2.51986e-06	3.77215e-06
933	114	90	25	26	21	6	0.823757	0.19388	1.47159e-06	1.78644e-06
934	98	74	29	29	18	14	0.776064	0.25352	1.84769e-06	2.38085e-06
935	110	88	52	55	35	31	0.604412	0.5035	2.87201e-06	4.75175e-06
936	116	90	34	36	28	9	0.761869	0.27198	1.91253e-06	2.51031e-06
937	103	80	33	34	25	12	0.759785	0.27472	1.94263e-06	2.55682e-06
938	102	78	22	24	16	11	0.813166	0.20682	1.5769e-06	1.93921e-06
939	129	106	55	55	45	10	0.672738	0.3964	2.44604e-06	3.63595e-06
940	125	94	35	37	31	7	0.764862	0.26806	1.88194e-06	2.46049e-06
941	123	107	47	48	36	20	0.668018	0.40344	2.51986e-06	3.77215e-06
942	120	99	34	35	28	9	0.766669	0.2657	1.8813e-06	2.45386e-06
943	118	95	35	36	30	7	0.76968	0.26178	1.85035e-06	2.40405e-06
944	94	69	22	23	17	16	0.797686	0.22604	1.71377e-06	2.14843e-06
945	115	97	42	45	34	13	0.705464	0.3489	2.27926e-06	3.23087e-06
946	113	92	38	39	33	7	0.755315	0.28062	1.94372e-06	2.57339e-06
947	112	94	33	34	27	10	0.767574	0.26452	1.88098e-06	2.45055e-06
948	111	89	40	41	29	15	0.716068	0.33398	2.22794e-06	3.11135e-06
949	109	88	34	34	28	7	0.779408	0.24922	1.78574e-06	2.29115e-06
950	105	83	25	25	21	4	0.837445	0.1774	1.35978e-06	1.62372e-06
951	107	81	37	38	32	7	0.760074	0.27434	1.91306e-06	2.51694e-06
952	105	85	31	31	24	9	0.786172	0.24058	1.75165e-06	2.22807e-06
953	104	75	31	32	25	8	0.785245	0.24176	1.75219e-06	2.23139e-06
954	103	74	30	30	29	1	0.82407	0.1935	1.43929e-06	1.74656e-06
955	101	81	28	28	21	8	0.80522	0.21664	1.61495e-06	2.0056e-06
956	100	76	39	39	32	7	0.755315	0.28062	1.94372e-06	2.57339e-06
957	98	75	26	27	24	3	0.831221	0.18486	1.39935e-06	1.68348e-06
958	96	75	29	31	22	13	0.770296	0.26098	1.87999e-06	2.44061e-06
959	94	77	27	28	25	4	0.821815	0.19624	1.47357e-06	1.79307e-06
960	102	79	37	37	32	5	0.772703	0.25786	1.81912e-06	2.35423e-06
961	87	68	22	22	19	3	0.857735	0.15346	1.2019e-06	1.40125e-06
962	83	66	33	33	22	22	0.726556	0.31944	2.2027e-06	3.0317e-06
963	106	86	31	34	28	9	0.771499	0.25942	1.8496e-06	2.39742e-06
964	100	81	29	30	28	2	0.819878	0.1986	1.47553e-06	1.79969e-06
965	136	102	40	42	32	12	0.722556	0.32496	2.17374e-06	3.0084e-06
966	110	88	37	40	29	14	0.724264	0.3226	2.17407e-06	3.00177e-06
967	105	84	37	39	25	19	0.710476	0.34182	2.28133e-06	3.21099e-06
968	114	84	28	28	24	6	0.813475	0.20644	1.54506e-06	1.89933e-06
969	114	89	36	38	29	10	0.748533	0.28964	2.00333e-06	2.67634e-06
970	98	79	30	30	27	3	0.815707	0.2037	1.51136e-06	1.85283e-06
971	104	77	27	27	22	5	0.822785	0.19506	1.47258e-06	1.78975e-06
972	119	90	34	35	32	3	0.790492	0.2351	1.68775e-06	2.13507e-06
973	103	88	47	47	35	16	0.686081	0.37676	2.40346e-06	3.50317e-06
974	105	85	32	34	29	5	0.787399	0.23902	1.72038e-06	2.18488e-06
975	130	105	36	36	27	12	0.750302	0.28728	2.00309e-06	2.66971e-06
976	126	103	42	44	32	18	0.692034	0.36812	2.38066e-06	3.44009e-06
977	114	92	39	39	30	9	0.74765	0.29082	2.00344e-06	2.67966e-06
978	101	77	33	34	24	12	0.759785	0.27472	1.94263e-06	2.55682e-06
979	119	88	49	50	41	9	0.697746	0.3599	2.30297e-06	3.30058e-06
980	117	88	36	37	25	14	0.738038	0.30376	2.09044e-06	2.83243e-06
981	115	85	27	30	23	7	0.799235	0.2241	1.65071e-06	2.06536e-06
982	114	91	24	24	21	3	0.847029	0.16602	1.28252e-06	1.51414e-06
983	112	85	24	24	20	4	0.84272	0.17112	1.32077e-06	1.56728e-06
984	127	91	72	77	53	33	0.521076	0.65186	3.17849e-06	6.09986e-06
985	110	92	45	46	38	9	0.715495	0.33478	2.2e-06	3.07479e-06
986	108	85	25	26	20	7	0.819566	0.19898	1.50765e-06	1.83957e-06
987	107	81	34	34	27	9	0.771499	0.25942	1.8496e-06	2.39742e-06
988	106	83	42	44	34	17	0.695573	0.36302	2.35588e-06	3.38696e-06
989	104	78	28	29	25	4	0.81667	0.20252	1.51044e-06	1.84951e-06
990	98	81	32	34	26	15	0.748249	0.29002	2.03241e-06	2.71622e-06
991	102	80	34	34	28	6	0.783394	0.24412	1.75325e-06	2.23802e-06
992	100	82	35	35	29	7	0.774529	0.2555	1.81828e-06	2.3476e-06
993	98	78	35	36	25	20	0.720305	0.32808	2.22918e-06	3.09478e-06
994	96	75	26	27	23	4	0.826992	0.18996	1.43617e-06	1.73662e-06
995	117	94	35	35	30	5	0.78247	0.2453	1.75377e-06	2.24133e-06
996	91	70	35	37	27	17	0.726832	0.31906	2.17455e-06	2.99183e-06
997	88	72	31	31	23	12	0.774235	0.25588	1.84847e-06	2.38747e-06
998	109	85	34	35	29	8	0.770589	0.2606	1.84998e-06	2.40073e-06
999	106	81	40	42	30	16	0.707965	0.34536	2.28031e-06	3.22093e-06
1000	105	83	42	43	30	32	0.648405	0.43324	2.6763e-06	4.12751e-06