Hist	Tr_Tot	Tr_in	DSBs	DSBt	RIFs	NComb	PSurv	lPSurv	PMut*	PMut
1	231	187	66	70	44	36	0.536226	0.6232	3.1445e-06	5.86413e-06
2	228	180	74	79	49	47	0.479112	0.73582	3.333e-06	6.95662e-06
3	226	180	72	75	47	40	0.509156	0.675	3.23767e-06	6.3589e-06
4	224	175	69	70	40	54	0.489192	0.715	3.33655e-06	6.82052e-06
5	222	176	53	54	37	30	0.611329	0.49212	2.83789e-06	4.64217e-06
6	220	164	88	92	53	64	0.404882	0.90416	3.47943e-06	8.5937e-06
7	218	178	69	69	49	24	0.573659	0.55572	2.96586e-06	5.17008e-06
8	216	168	69	75	46	40	0.509156	0.675	3.23767e-06	6.3589e-06
9	214	161	82	84	50	53	0.45031	0.79782	3.40329e-06	7.55766e-06
10	225	181	92	94	50	86	0.357393	1.02892	3.52944e-06	9.87553e-06
11	211	155	71	72	46	34	0.534962	0.62556	3.14063e-06	5.87076e-06
12	209	162	54	57	42	21	0.628097	0.46506	2.72174e-06	4.33331e-06
13	207	163	52	54	37	25	0.627118	0.46662	2.74458e-06	4.3765e-06
14	204	165	58	60	40	29	0.591733	0.5247	2.91589e-06	4.92772e-06
15	202	162	69	73	42	48	0.494979	0.70324	3.30204e-06	6.67107e-06
16	244	197	86	88	53	69	0.404728	0.90454	3.49425e-06	8.63358e-06
17	195	148	80	82	42	82	0.393309	0.93316	3.53413e-06	8.98563e-06
18	192	149	65	69	46	41	0.526018	0.64242	3.19469e-06	6.07335e-06
19	208	158	79	81	47	63	0.436058	0.82998	3.45343e-06	7.91965e-06
20	221	173	67	69	43	44	0.518031	0.65772	3.22876e-06	6.23275e-06
21	224	176	60	64	43	44	0.534555	0.62632	3.18088e-06	5.95051e-06
22	221	183	56	56	39	26	0.616141	0.48428	2.79884e-06	4.54253e-06
23	228	178	77	79	47	54	0.46231	0.77152	3.38806e-06	7.32855e-06
24	206	163	58	59	38	35	0.577515	0.54902	2.99735e-06	5.19007e-06
25	205	162	78	80	48	56	0.454753	0.788	3.40668e-06	7.49127e-06
26	194	157	55	55	37	26	0.620022	0.478	2.78147e-06	4.48608e-06
27	212	172	65	65	42	28	0.576373	0.551	2.97225e-06	5.15682e-06
28	229	177	82	82	51	73	0.411782	0.88726	3.50321e-06	8.50743e-06
29	230	176	76	76	45	48	0.485741	0.72208	3.32267e-06	6.84041e-06
30	218	174	61	64	42	30	0.574118	0.55492	2.98923e-06	5.20664e-06
31	206	167	63	65	41	35	0.55616	0.5867	3.07487e-06	5.52876e-06
32	200	155	85	86	56	49	0.453854	0.78998	3.38485e-06	7.45802e-06
33	223	175	75	76	41	57	0.463949	0.76798	3.39546e-06	7.31861e-06
34	242	199	78	80	45	66	0.432142	0.839	3.46691e-06	8.0226e-06
35	238	173	85	90	48	74	0.389614	0.9426	3.51125e-06	9.01214e-06
36	234	179	75	75	44	47	0.4913	0.7107	3.30686e-06	6.73083e-06
37	231	170	82	82	45	61	0.437771	0.82606	3.44518e-06	7.86983e-06
38	240	192	79	79	50	53	0.464674	0.76642	3.3807e-06	7.27542e-06
39	226	172	75	78	52	41	0.497112	0.69894	3.27168e-06	6.58137e-06
40	224	183	84	87	56	54	0.439657	0.82176	3.42059e-06	7.78013e-06
41	222	181	86	89	46	86	0.368793	0.99752	3.53794e-06	9.59329e-06
42	220	168	53	55	36	26	0.620022	0.478	2.78147e-06	4.48608e-06
43	218	163	71	72	42	46	0.503204	0.68676	3.27503e-06	6.50835e-06
44	194	152	57	60	39	34	0.576834	0.5502	2.99572e-06	5.19338e-06
45	215	157	68	69	44	42	0.523342	0.64752	3.20624e-06	6.12648e-06
46	213	172	69	71	47	29	0.552236	0.59378	3.06416e-06	5.54864e-06
47	211	159	60	61	42	27	0.594057	0.52078	2.89775e-06	4.8779e-06
48	209	172	61	62	40	34	0.569635	0.56276	3.02264e-06	5.30628e-06
49	207	165	63	65	41	47	0.523143	0.6479	3.22589e-06	6.16635e-06
50	219	174	70	73	45	43	0.507763	0.67774	3.25243e-06	6.4054e-06
51	202	159	65	67	44	41	0.532666	0.62986	3.17493e-06	5.96045e-06
52	200	156	57	60	39	34	0.576834	0.5502	2.99572e-06	5.19338e-06
53	196	147	79	80	47	51	0.466499	0.7625	3.37073e-06	7.2256e-06
54	226	176	87	88	55	44	0.459765	0.77704	3.3587e-06	7.30525e-06
55	231	183	89	94	50	82	0.364758	1.00852	3.52466e-06	9.663e-06
56	182	139	75	76	48	54	0.471102	0.75268	3.37272e-06	7.15921e-06
57	198	150	41	41	33	9	0.738318	0.30338	2.06179e-06	2.79255e-06
58	234	179	86	90	58	50	0.440344	0.8202	3.40691e-06	7.73694e-06
59	228	180	76	78	43	70	0.428768	0.84684	3.48255e-06	8.12224e-06
60	205	159	44	44	34	10	0.720853	0.32732	2.17339e-06	3.01503e-06
61	232	180	90	91	47	98	0.34257	1.07128	3.54347e-06	1.03438e-05
62	220	172	87	87	52	51	0.446436	0.80646	3.40217e-06	7.62073e-06
63	212	170	71	72	43	44	0.508363	0.67656	3.25458e-06	6.40209e-06
64	198	158	60	60	37	39	0.562311	0.5757	3.06968e-06	5.45905e-06
65	217	170	80	82	48	49	0.465399	0.76486	3.36587e-06	7.23223e-06
66	218	173	74	77	45	58	0.458699	0.77936	3.40731e-06	7.42819e-06
67	190	153	76	79	49	56	0.457618	0.78172	3.40231e-06	7.43482e-06
68	255	195	74	76	49	42	0.500834	0.69148	3.26625e-06	6.52161e-06
69	248	188	91	94	44	122	0.297447	1.21252	3.5064e-06	1.17883e-05
70	243	192	68	72	46	36	0.529533	0.63576	3.16503e-06	5.97702e-06
71	238	175	82	86	49	56	0.437937	0.82568	3.42903e-06	7.82995e-06
72	230	166	64	65	44	32	0.564734	0.5714	3.03226e-06	5.36936e-06
73	208	164	53	53	34	25	0.631069	0.46034	2.72625e-06	4.32005e-06
74	229	182	69	70	52	22	0.575912	0.5518	2.94882e-06	5.12026e-06
75	227	181	72	74	44	56	0.472215	0.75032	3.37756e-06	7.15258e-06
76	225	171	88	89	51	62	0.416812	0.87512	3.46708e-06	8.31809e-06
77	223	185	74	74	47	33	0.530986	0.63302	3.14902e-06	5.93052e-06
78	221	172	64	66	38	49	0.514592	0.66438	3.25689e-06	6.32907e-06
79	219	170	58	59	42	22	0.617103	0.48272	2.77655e-06	4.49934e-06
80	217	170	68	69	42	43	0.52068	0.65262	3.2176e-06	6.17961e-06
81	215	172	71	73	49	44	0.50518	0.68284	3.26272e-06	6.45854e-06
82	213	169	68	70	48	26	0.564283	0.5722	3.0092e-06	5.3328e-06
83	212	167	69	70	45	35	0.538968	0.6181	3.13194e-06	5.81099e-06
84	215	169	74	75	46	57	0.466872	0.7617	3.3905e-06	7.26216e-06
85	208	158	55	57	35	36	0.58184	0.54156	2.98502e-06	5.13031e-06
86	205	161	70	74	44	48	0.49188	0.70952	3.30913e-06	6.72752e-06
87	203	160	87	91	55	55	0.426569	0.85198	3.43775e-06	8.05906e-06
88	200	161	62	64	38	49	0.521097	0.65182	3.23923e-06	6.21617e-06
89	216	164	79	81	50	45	0.477983	0.73818	3.32832e-06	6.96325e-06
90	185	151	61	62	44	28	0.587335	0.53216	2.92932e-06	4.98748e-06
91	189	151	71	73	47	43	0.507763	0.67774	3.25243e-06	6.4054e-06
92	221	182	72	75	48	33	0.527662	0.6393	3.15909e-06	5.98697e-06
93	214	170	61	61	48	20	0.615648	0.48508	2.77409e-06	4.50597e-06
94	188	154	55	56	38	28	0.609888	0.49448	2.83524e-06	4.6488e-06
95	228	180	100	102	59	78	0.354035	1.03836	3.50567e-06	9.90204e-06
96	206	153	64	65	42	28	0.576373	0.551	2.97225e-06	5.15682e-06
97	209	163	61	64	32	57	0.500264	0.69262	3.32237e-06	6.64124e-06
98	228	174	66	66	44	32	0.561199	0.57768	3.04495e-06	5.4258e-06
99	212	168	79	82	51	51	0.460676	0.77506	3.38067e-06	7.3385e-06
100	222	177	88	91	46	94	0.34963	1.05088	3.54219e-06	1.01313e-05
101	203	160	65	67	45	32	0.557686	0.58396	3.05737e-06	5.48225e-06
102	220	172	79	81	49	49	0.468331	0.75858	3.36064e-06	7.17578e-06
103	241	192	87	92	54	64	0.404882	0.90416	3.47943e-06	8.5937e-06
104	217	164	65	67	40	56	0.493437	0.70636	3.33438e-06	6.75745e-06
105	223	178	73	78	47	58	0.455828	0.78564	3.41171e-06	7.48464e-06
106	201	162	73	75	52	30	0.535797	0.624	3.12239e-06	5.82757e-06
107	232	194	68	70	51	24	0.570068	0.562	2.97948e-06	5.22653e-06
108	236	184	63	66	44	30	0.566952	0.56748	3.01592e-06	5.31954e-06
109	233	174	93	98	51	98	0.327837	1.11524	3.52061e-06	1.07389e-05
110	230	178	67	70	46	36	0.536226	0.6232	3.1445e-06	5.86413e-06
111	227	176	75	80	48	47	0.476113	0.7421	3.33901e-06	7.01307e-06
112	225	177	71	74	44	45	0.499464	0.69422	3.28054e-06	6.56812e-06
113	223	181	58	61	40	40	0.555948	0.58708	3.09587e-06	5.56863e-06
114	221	163	101	104	52	119	0.283648	1.26002	3.45864e-06	1.21934e-05
115	219	162	85	89	46	84	0.372574	0.98732	3.53462e-06	9.48703e-06
116	217	173	62	62	42	26	0.593356	0.52196	2.8963e-06	4.88121e-06
117	216	160	74	77	45	49	0.480244	0.73346	3.3377e-06	6.94999e-06
118	214	173	60	60	40	32	0.582748	0.54	2.96451e-06	5.08712e-06
119	212	166	73	78	50	35	0.512559	0.66834	3.20994e-06	6.26257e-06
120	210	160	68	68	40	52	0.500454	0.69224	3.30368e-06	6.60136e-06
121	208	166	72	73	43	55	0.47762	0.73894	3.36388e-06	7.043e-06
122	206	156	72	72	48	66	0.454408	0.78876	3.44033e-06	7.57102e-06
123	204	161	59	60	40	32	0.582748	0.54	2.96451e-06	5.08712e-06
124	202	152	62	64	44	28	0.580004	0.54472	2.95824e-06	5.10038e-06
125	198	152	83	86	50	61	0.426911	0.85118	3.45611e-06	8.09562e-06
126	194	159	57	58	37	33	0.587112	0.53254	2.95162e-06	5.02736e-06
127	239	171	88	91	57	51	0.435361	0.83158	3.41607e-06	7.84652e-06
128	221	171	71	74	46	43	0.504584	0.68402	3.26055e-06	6.46185e-06
129	198	150	84	87	52	54	0.439657	0.82176	3.42059e-06	7.78013e-06
130	231	182	63	63	45	21	0.604871	0.50274	2.82596e-06	4.672e-06
131	228	194	74	74	46	46	0.496923	0.69932	3.29025e-06	6.62125e-06
132	218	166	84	85	46	80	0.389925	0.9418	3.52832e-06	9.0487e-06
133	232	173	76	81	46	56	0.451906	0.79428	3.41086e-06	7.54771e-06
134	188	148	60	61	44	26	0.597094	0.51568	2.88084e-06	4.82477e-06
135	212	160	59	63	42	40	0.549009	0.59964	3.11921e-06	5.68153e-06
136	218	165	76	81	45	63	0.436058	0.82998	3.45343e-06	7.91965e-06
137	225	163	98	99	57	74	0.368203	0.99912	3.50536e-06	9.52017e-06
138	218	163	65	67	38	50	0.50877	0.67576	3.27579e-06	6.43865e-06
139	190	155	60	66	45	25	0.581596	0.54198	2.93931e-06	5.05387e-06
140	250	197	87	87	47	74	0.397023	0.92376	3.5108e-06	8.8428e-06
141	223	175	80	84	45	94	0.365343	1.00692	3.55702e-06	9.73612e-06
142	245	195	59	62	42	30	0.581375	0.54236	2.96138e-06	5.09375e-06
143	240	183	78	80	48	52	0.464126	0.7676	3.37825e-06	7.27873e-06
144	237	191	66	67	45	36	0.546424	0.60436	3.11177e-06	5.69478e-06
145	233	177	71	74	47	40	0.512364	0.66872	3.22915e-06	6.30245e-06
146	230	191	70	71	41	49	0.498685	0.69578	3.29696e-06	6.61131e-06
147	240	195	79	80	53	47	0.476113	0.7421	3.33901e-06	7.01307e-06
148	226	171	70	73	45	38	0.520878	0.65224	3.19805e-06	6.13974e-06
149	224	186	67	68	37	60	0.480446	0.73304	3.37582e-06	7.02643e-06
150	222	176	64	65	39	46	0.525818	0.6428	3.21444e-06	6.11322e-06
151	220	171	72	75	48	37	0.517006	0.6597	3.20518e-06	6.1995e-06
152	218	174	79	80	50	49	0.471281	0.7523	3.35521e-06	7.11933e-06
153	216	178	70	77	47	43	0.495167	0.70286	3.28355e-06	6.63119e-06
154	214	169	73	76	45	44	0.495752	0.70168	3.28578e-06	6.62788e-06
155	212	161	48	48	34	33	0.625165	0.46974	2.79004e-06	4.46288e-06
156	211	170	78	80	48	46	0.478547	0.737	3.33066e-06	6.95994e-06
157	209	157	67	68	44	33	0.551375	0.59534	3.0832e-06	5.59183e-06
158	210	162	69	69	41	43	0.52068	0.65262	3.2176e-06	6.17961e-06
159	204	142	56	58	38	30	0.596164	0.51724	2.9021e-06	4.86796e-06
160	202	159	59	61	37	31	0.582061	0.54118	2.96294e-06	5.09043e-06
161	199	156	67	68	44	36	0.543003	0.61064	3.12294e-06	5.75123e-06
162	195	158	63	68	42	41	0.529332	0.63614	3.18493e-06	6.0169e-06
163	226	182	86	88	52	62	0.419438	0.86884	3.46525e-06	8.26165e-06
164	221	167	87	87	50	55	0.437421	0.82686	3.42643e-06	7.83327e-06
165	180	146	44	46	30	30	0.642827	0.44188	2.69382e-06	4.19059e-06
166	232	181	80	81	56	38	0.495355	0.70248	3.26504e-06	6.59132e-06
167	228	177	68	72	40	63	0.461414	0.77346	3.41982e-06	7.41162e-06
168	206	167	68	68	48	31	0.557028	0.58514	3.05561e-06	5.48557e-06
169	205	159	79	79	47	84	0.396722	0.92452	3.53977e-06	8.92255e-06
170	218	174	81	82	50	50	0.463032	0.76996	3.37335e-06	7.28536e-06
171	209	159	49	50	39	14	0.680179	0.3854	2.42568e-06	3.56624e-06
172	225	166	63	65	38	36	0.55333	0.5918	3.08863e-06	5.58189e-06
173	251	195	82	89	50	80	0.380252	0.96692	3.52665e-06	9.27449e-06
174	215	161	79	80	55	40	0.493417	0.7064	3.27685e-06	6.64114e-06
175	206	170	67	69	41	43	0.52068	0.65262	3.2176e-06	6.17961e-06
176	171	140	53	55	35	27	0.616868	0.4831	2.8001e-06	4.53921e-06
177	223	168	83	85	52	66	0.418784	0.8704	3.47793e-06	8.30484e-06
178	201	155	68	69	39	80	0.431141	0.84132	3.51188e-06	8.14554e-06
179	204	163	64	64	48	20	0.604158	0.50392	2.82462e-06	4.67531e-06
180	230	181	72	75	48	71	0.4347	0.8331	3.48022e-06	8.00603e-06
181	208	167	56	58	38	25	0.611561	0.49174	2.81458e-06	4.60229e-06
182	231	178	75	75	47	45	0.496337	0.7005	3.28802e-06	6.62456e-06
183	229	193	78	80	47	52	0.464126	0.7676	3.37825e-06	7.27873e-06
184	226	173	68	70	49	41	0.522725	0.6487	3.2042e-06	6.12979e-06
185	224	173	92	97	48	98	0.329902	1.10896	3.52417e-06	1.06825e-05
186	222	177	67	67	43	39	0.538127	0.61966	3.1503e-06	5.85418e-06
187	220	177	54	55	37	27	0.616868	0.4831	2.8001e-06	4.53921e-06
188	218	167	72	75	45	66	0.445927	0.8076	3.45164e-06	7.74036e-06
189	217	173	76	79	50	43	0.488987	0.71542	3.29777e-06	6.74409e-06
190	215	165	61	67	41	57	0.490927	0.71146	3.3435e-06	6.81058e-06
191	213	165	60	64	34	52	0.513184	0.66712	3.27184e-06	6.37557e-06
192	211	170	55	55	36	28	0.61373	0.4882	2.81846e-06	4.59235e-06
193	209	167	74	76	49	40	0.505969	0.68128	3.24597e-06	6.41535e-06
194	207	167	69	74	41	78	0.422097	0.86252	3.51249e-06	8.32151e-06
195	205	160	60	61	44	26	0.597094	0.51568	2.88084e-06	4.82477e-06
196	202	163	65	66	40	41	0.536022	0.62358	3.16468e-06	5.904e-06
197	216	178	69	70	46	39	0.528084	0.6385	3.18093e-06	6.02353e-06
198	222	177	78	79	48	57	0.45529	0.78682	3.40919e-06	7.48795e-06
199	192	148	73	76	49	44	0.495752	0.70168	3.28578e-06	6.62788e-06
200	188	149	70	74	43	47	0.494395	0.70442	3.29978e-06	6.67438e-06
201	198	150	58	58	44	18	0.633788	0.45604	2.68115e-06	4.23036e-06
202	224	173	81	84	51	50	0.457252	0.78252	3.38287e-06	7.39826e-06
203	228	171	67	68	47	31	0.557028	0.58514	3.05561e-06	5.48557e-06
204	206	166	46	49	33	30	0.630829	0.46072	2.75037e-06	4.35993e-06
205	204	156	71	73	46	40	0.515592	0.66244	3.22039e-06	6.246e-06
206	241	199	87	92	52	69	0.394688	0.92966	3.49669e-06	8.85937e-06
207	212	158	72	75	43	51	0.481379	0.7311	3.34239e-06	6.94336e-06
208	218	169	60	61	40	25	0.600147	0.51058	2.86368e-06	4.77163e-06
209	197	156	63	65	41	31	0.567622	0.5663	3.0176e-06	5.31622e-06
210	218	166	60	63	45	29	0.580689	0.54354	2.95981e-06	5.09706e-06
211	191	152	46	46	36	13	0.701047	0.35518	2.30457e-06	3.28732e-06
212	213	171	70	72	42	50	0.493042	0.70716	3.31368e-06	6.72089e-06
213	224	174	54	57	34	30	0.599919	0.51096	2.88652e-06	4.81151e-06
214	201	163	60	62	39	35	0.566737	0.56786	3.03738e-06	5.35941e-06
215	226	176	81	82	49	88	0.381456	0.96376	3.54923e-06	9.30442e-06
216	238	202	84	85	41	96	0.359371	1.0234	3.55735e-06	9.89883e-06
217	235	176	87	88	55	54	0.436905	0.82804	3.42384e-06	7.83658e-06
218	232	183	87	91	54	47	0.444333	0.81118	3.39204e-06	7.63399e-06
219	229	188	57	58	41	21	0.624165	0.47134	2.73993e-06	4.38976e-06
220	227	179	72	73	49	44	0.50518	0.68284	3.26272e-06	6.45854e-06
221	201	152	55	56	43	18	0.641799	0.44348	2.64258e-06	4.11746e-06
222	223	172	74	77	45	53	0.470547	0.75386	3.3703e-06	7.16252e-06
223	221	183	60	62	41	31	0.578417	0.54746	2.97704e-06	5.14688e-06
224	219	170	79	82	50	44	0.477419	0.73936	3.32597e-06	6.96656e-06
225	217	168	71	75	45	62	0.455117	0.7872	3.42605e-06	7.52783e-06
226	215	176	65	67	46	38	0.540879	0.61456	3.13767e-06	5.80105e-06
227	213	170	82	84	46	67	0.419278	0.86922	3.48065e-06	8.30152e-06
228	211	160	60	60	43	26	0.600856	0.5094	2.86507e-06	4.76832e-06
229	209	168	65	67	41	35	0.549218	0.59926	3.0985e-06	5.64165e-06
230	207	170	56	56	41	22	0.628839	0.46388	2.72287e-06	4.33e-06
231	205	161	65	66	43	33	0.558344	0.58278	3.05913e-06	5.47894e-06
232	245	202	90	95	55	74	0.37757	0.974	3.50928e-06	9.29438e-06
233	200	159	67	69	42	46	0.512774	0.66792	3.25048e-06	6.33901e-06
234	197	147	80	81	53	44	0.480427	0.73308	3.31981e-06	6.91012e-06
235	193	148	55	56	37	32	0.597572	0.51488	2.90499e-06	4.86133e-06
236	208	159	71	74	44	65	0.451031	0.79622	3.44172e-06	7.63078e-06
237	234	179	58	58	40	30	0.596164	0.51724	2.9021e-06	4.86796e-06
238	213	166	78	82	54	38	0.492254	0.70876	3.27239e-06	6.64776e-06
239	228	179	85	89	44	84	0.372574	0.98732	3.53462e-06	9.48703e-06
240	206	155	66	67	44	33	0.554849	0.58906	3.0713e-06	5.53538e-06
241	227	186	89	92	51	70	0.39268	0.93476	3.49976e-06	8.9125e-06
242	237	193	86	88	55	51	0.443641	0.81274	3.40591e-06	7.67718e-06
243	233	170	87	89	50	62	0.416812	0.87512	3.46708e-06	8.31809e-06
244	203	151	64	66	44	41	0.536022	0.62358	3.16468e-06	5.904e-06
245	251	190	69	71	42	63	0.464321	0.76718	3.41516e-06	7.35517e-06
246	202	156	59	63	37	49	0.524379	0.64554	3.23003e-06	6.15973e-06
247	223	188	61	64	40	36	0.556816	0.58552	3.07666e-06	5.52544e-06
248	239	185	71	73	45	49	0.492461	0.70834	3.31141e-06	6.7242e-06
249	224	166	74	74	48	47	0.494395	0.70442	3.29978e-06	6.67438e-06
250	249	190	80	82	52	61	0.437771	0.82606	3.44518e-06	7.86983e-06
251	244	192	74	77	49	51	0.475371	0.74366	3.35434e-06	7.05626e-06
252	239	183	72	73	46	44	0.50518	0.68284	3.26272e-06	6.45854e-06
253	236	183	69	71	50	27	0.557898	0.58358	3.03629e-06	5.44238e-06
254	232	184	86	90	51	72	0.393608	0.9324	3.50542e-06	8.90587e-06
255	241	192	89	92	47	85	0.36376	1.01126	3.53193e-06	9.7095e-06
256	227	169	80	83	48	72	0.411297	0.88844	3.50044e-06	8.51074e-06
257	225	177	79	81	49	44	0.480427	0.73308	3.31981e-06	6.91012e-06
258	223	173	69	70	42	57	0.481764	0.7303	3.36268e-06	6.97992e-06
259	221	160	58	58	41	24	0.614688	0.48664	2.79631e-06	4.54916e-06
260	219	183	71	72	47	53	0.485556	0.72246	3.34077e-06	6.88029e-06
261	186	137	59	60	39	28	0.594758	0.5196	2.8992e-06	4.87459e-06
262	216	171	62	65	47	22	0.594283	0.5204	2.87515e-06	4.83802e-06
263	214	167	65	68	45	30	0.559876	0.58004	3.04149e-06	5.43243e-06
264	212	169	68	68	41	43	0.52396	0.64634	3.20829e-06	6.12316e-06
265	210	164	69	71	47	45	0.508963	0.67538	3.25674e-06	6.39877e-06
266	208	161	52	54	34	32	0.605125	0.50232	2.8734e-06	4.74843e-06
267	206	167	80	83	52	42	0.479295	0.73544	3.31516e-06	6.91675e-06
268	203	160	64	66	40	39	0.541517	0.61338	3.13958e-06	5.79774e-06
269	201	165	70	72	42	51	0.490534	0.71226	3.32289e-06	6.77402e-06
270	198	149	61	62	47	37	0.560986	0.57806	3.06617e-06	5.46568e-06
271	221	170	65	65	43	38	0.547715	0.602	3.11549e-06	5.68816e-06
272	222	183	67	69	43	37	0.536859	0.62202	3.14643e-06	5.86081e-06
273	185	145	56	58	40	22	0.62099	0.47644	2.75899e-06	4.44289e-06
274	240	188	72	76	49	39	0.508556	0.67618	3.23554e-06	6.36221e-06
275	228	177	67	68	44	39	0.534759	0.62594	3.16076e-06	5.91063e-06
276	206	164	82	84	53	43	0.473871	0.74682	3.32957e-06	7.02633e-06
277	225	172	70	72	45	40	0.51884	0.65616	3.21139e-06	6.18956e-06
278	231	181	57	57	43	18	0.637781	0.44976	2.66204e-06	4.17391e-06
279	240	193	61	63	42	37	0.557474	0.58434	3.07844e-06	5.52213e-06
280	215	164	59	61	35	43	0.547507	0.60238	3.13614e-06	5.72803e-06
281	194	146	43	44	29	32	0.644346	0.43952	2.69591e-06	4.18396e-06
282	218	171	85	87	49	68	0.40936	0.89316	3.48939e-06	8.524e-06
283	191	148	60	61	44	24	0.603216	0.50548	2.84627e-06	4.7185e-06
284	231	177	61	62	44	21	0.608682	0.49646	2.8094e-06	4.61555e-06
285	224	177	58	58	42	21	0.624165	0.47134	2.73993e-06	4.38976e-06
286	201	163	60	65	44	29	0.573441	0.5561	2.9876e-06	5.20996e-06
287	198	164	74	76	47	44	0.495752	0.70168	3.28578e-06	6.62788e-06
288	212	160	65	67	46	33	0.554849	0.58906	3.0713e-06	5.53538e-06
289	208	166	60	66	41	44	0.527883	0.63888	3.20077e-06	6.0634e-06
290	233	182	80	85	49	112	0.331211	1.105	3.56017e-06	1.0749e-05
291	230	180	75	75	49	37	0.517006	0.6597	3.20518e-06	6.1995e-06
292	228	178	77	79	48	54	0.46231	0.77152	3.38806e-06	7.32855e-06
293	226	182	74	75	46	36	0.51965	0.6546	3.19396e-06	6.14637e-06
294	223	171	84	91	52	64	0.407433	0.89788	3.47836e-06	8.53726e-06
295	220	182	76	79	48	52	0.46705	0.76132	3.37317e-06	7.22229e-06
296	220	171	78	81	52	45	0.477983	0.73818	3.32832e-06	6.96325e-06
297	218	171	70	71	40	46	0.506374	0.68048	3.26708e-06	6.45191e-06
298	216	166	64	67	40	37	0.543644	0.60946	3.12482e-06	5.74792e-06
299	214	164	82	84	48	64	0.425743	0.85392	3.46645e-06	8.14212e-06
300	212	161	59	63	37	40	0.549009	0.59964	3.11921e-06	5.68153e-06
301	210	172	59	63	37	47	0.529755	0.63534	3.20685e-06	6.05346e-06
302	208	166	62	64	40	42	0.540036	0.61612	3.1561e-06	5.84424e-06
303	206	174	70	77	40	77	0.416337	0.87626	3.51294e-06	8.43772e-06
304	204	159	64	68	46	29	0.562739	0.57494	3.02714e-06	5.3793e-06
305	201	164	78	81	43	68	0.425079	0.85548	3.47941e-06	8.18531e-06
306	186	147	56	56	37	27	0.613006	0.48938	2.81717e-06	4.59566e-06
307	195	161	69	71	43	41	0.519452	0.65498	3.21346e-06	6.18624e-06
308	191	152	64	66	36	67	0.469456	0.75618	3.42021e-06	7.28547e-06
309	217	174	58	58	42	27	0.605355	0.50194	2.85035e-06	4.70856e-06
310	228	180	61	61	41	27	0.594057	0.52078	2.89775e-06	4.8779e-06
311	228	166	69	75	43	49	0.486314	0.7209	3.32498e-06	6.8371e-06
312	206	161	72	74	43	53	0.479496	0.73502	3.3532e-06	6.99318e-06
313	199	148	67	68	43	50	0.505585	0.68204	3.28382e-06	6.4951e-06
314	237	185	79	82	48	56	0.449077	0.80056	3.41486e-06	7.60416e-06
315	234	173	71	72	46	40	0.51884	0.65616	3.21139e-06	6.18956e-06
316	214	160	73	74	50	39	0.514984	0.66362	3.2183e-06	6.24932e-06
317	252	190	79	83	48	52	0.455463	0.78644	3.39233e-06	7.44808e-06
318	203	158	72	73	45	41	0.512969	0.66754	3.23126e-06	6.29914e-06
319	228	184	53	56	40	23	0.62564	0.46898	2.74226e-06	4.38313e-06
320	209	175	74	76	44	55	0.468706	0.75778	3.38047e-06	7.21234e-06
321	224	180	73	73	48	33	0.534331	0.62674	3.1387e-06	5.87407e-06
322	201	171	58	60	37	43	0.550956	0.5961	3.12479e-06	5.67158e-06
323	222	184	73	74	43	52	0.481948	0.72992	3.34474e-06	6.94005e-06
324	241	196	57	59	41	30	0.592432	0.52352	2.91737e-06	4.9244e-06
325	237	196	72	74	48	41	0.509758	0.67382	3.23981e-06	6.35558e-06
326	234	191	85	86	44	67	0.414045	0.88178	3.48395e-06	8.41442e-06
327	231	190	75	76	48	46	0.490721	0.71188	3.30458e-06	6.73414e-06
328	228	171	68	68	43	36	0.543003	0.61064	3.12294e-06	5.75123e-06
329	220	170	49	50	34	21	0.656324	0.4211	2.58472e-06	3.93818e-06
330	224	176	74	76	47	40	0.505969	0.68128	3.24597e-06	6.41535e-06
331	222	186	66	67	47	27	0.572089	0.55846	2.98435e-06	5.21659e-06
332	220	167	64	64	39	38	0.551166	0.59572	3.104e-06	5.63171e-06
333	218	163	79	83	50	56	0.446266	0.80684	3.41867e-06	7.66061e-06
334	216	176	73	73	47	38	0.520878	0.65224	3.19805e-06	6.13974e-06
335	204	154	55	56	35	26	0.616141	0.48428	2.79884e-06	4.54253e-06
336	213	164	71	72	44	47	0.500644	0.69186	3.28497e-06	6.56149e-06
337	211	166	76	79	47	62	0.443827	0.81232	3.44127e-06	7.75362e-06
338	209	163	68	70	45	41	0.522725	0.6487	3.2042e-06	6.12979e-06
339	207	161	88	90	58	46	0.449419	0.7998	3.38161e-06	7.52441e-06
340	205	160	57	58	42	22	0.62099	0.47644	2.75899e-06	4.44289e-06
341	202	159	89	92	44	97	0.342166	1.07246	3.54042e-06	1.03471e-05
342	199	155	62	67	39	46	0.519255	0.65536	3.23294e-06	6.22612e-06
343	196	150	48	51	37	17	0.665658	0.40698	2.51758e-06	3.78209e-06
344	222	193	75	77	45	49	0.480244	0.73346	3.3377e-06	6.94999e-06
345	199	159	70	71	49	27	0.557898	0.58358	3.03629e-06	5.44238e-06
346	209	158	63	63	46	22	0.601794	0.50784	2.84355e-06	4.72513e-06
347	228	185	76	77	44	51	0.475371	0.74366	3.35434e-06	7.05626e-06
348	206	166	58	62	45	25	0.59639	0.51686	2.87942e-06	4.82808e-06
349	222	174	71	72	44	41	0.516201	0.66126	3.22248e-06	6.24269e-06
350	224	183	67	70	40	60	0.47445	0.7456	3.38725e-06	7.13932e-06
351	212	166	69	70	43	39	0.528084	0.6385	3.18093e-06	6.02353e-06
352	215	168	75	77	44	52	0.472953	0.74876	3.36241e-06	7.10939e-06
353	217	173	70	71	47	31	0.546632	0.60398	3.09115e-06	5.65491e-06
354	218	168	79	82	48	51	0.460676	0.77506	3.38067e-06	7.3385e-06
355	191	148	71	73	47	44	0.50518	0.68284	3.26272e-06	6.45854e-06
356	229	163	73	76	44	62	0.452268	0.79348	3.43013e-06	7.58428e-06
357	224	172	81	84	53	49	0.45959	0.77742	3.37575e-06	7.34513e-06
358	254	189	82	87	48	65	0.415671	0.87786	3.47693e-06	8.3646e-06
359	247	189	69	71	49	31	0.546632	0.60398	3.09115e-06	5.65491e-06
360	242	187	85	85	52	56	0.440696	0.8194	3.42575e-06	7.77351e-06
361	238	205	75	75	52	42	0.503989	0.6852	3.25837e-06	6.46516e-06
362	222	174	66	66	41	35	0.552678	0.59298	3.08682e-06	5.5852e-06
363	250	206	88	93	51	63	0.404404	0.90534	3.47667e-06	8.59702e-06
364	229	195	70	75	48	47	0.4913	0.7107	3.30686e-06	6.73083e-06
365	227	178	97	99	56	84	0.349896	1.05012	3.51698e-06	1.00515e-05
366	224	176	87	89	49	68	0.404251	0.90572	3.49147e-06	8.63689e-06
367	222	182	66	66	38	44	0.527883	0.63888	3.20077e-06	6.0634e-06
368	220	170	64	70	40	49	0.501827	0.6895	3.2894e-06	6.55486e-06
369	190	140	50	53	33	27	0.624665	0.47054	2.76497e-06	4.42632e-06
370	217	168	74	78	47	56	0.460501	0.77544	3.39775e-06	7.37837e-06
371	215	173	54	56	35	49	0.547945	0.60158	3.15868e-06	5.76459e-06
372	213	165	83	85	54	47	0.461395	0.7735	3.36602e-06	7.29531e-06
373	211	170	68	69	48	28	0.562075	0.57612	3.02543e-06	5.38261e-06
374	209	163	75	76	50	40	0.505969	0.68128	3.24597e-06	6.41535e-06
375	207	161	59	61	39	36	0.567406	0.56668	3.03908e-06	5.3561e-06
376	205	164	47	50	30	31	0.623691	0.4721	2.78759e-06	4.46951e-06
377	203	169	63	63	41	32	0.571872	0.55884	3.00602e-06	5.25646e-06
378	200	161	86	88	51	53	0.439139	0.82294	3.41801e-06	7.78345e-06
379	218	169	58	60	38	34	0.576834	0.5502	2.99572e-06	5.19338e-06
380	196	150	66	67	45	33	0.554849	0.58906	3.0713e-06	5.53538e-06
381	189	148	57	58	42	24	0.614688	0.48664	2.79631e-06	4.54916e-06
382	233	188	78	80	46	51	0.466499	0.7625	3.37073e-06	7.2256e-06
383	228	181	83	83	48	61	0.43503	0.83234	3.44817e-06	7.92628e-06
384	206	161	81	82	51	49	0.465399	0.76486	3.36587e-06	7.23223e-06
385	218	171	58	59	41	21	0.620258	0.47762	2.75779e-06	4.44621e-06
386	237	188	96	99	58	62	0.391441	0.93792	3.477e-06	8.88257e-06
387	213	164	65	66	39	46	0.522526	0.64908	3.22381e-06	6.16967e-06
388	226	191	88	90	47	75	0.387632	0.9477	3.51399e-06	9.06527e-06
389	252	197	88	91	52	65	0.40536	0.90298	3.4822e-06	8.59039e-06
390	220	169	77	78	52	42	0.494583	0.70404	3.28132e-06	6.63451e-06
391	200	154	59	60	32	47	0.539831	0.6165	3.17643e-06	5.88412e-06
392	210	157	67	67	41	36	0.546424	0.60436	3.11177e-06	5.69478e-06
393	224	186	74	75	51	51	0.481379	0.7311	3.34239e-06	6.94336e-06
394	202	153	49	50	35	20	0.65968	0.416	2.56289e-06	3.88504e-06
395	224	175	66	69	50	28	0.562075	0.57612	3.02543e-06	5.38261e-06
396	231	185	78	79	46	62	0.443827	0.81232	3.44127e-06	7.75362e-06
397	209	154	59	62	37	36	0.563854	0.57296	3.05189e-06	5.41255e-06
398	235	187	86	89	53	57	0.427577	0.84962	3.44304e-06	8.05243e-06
399	232	184	70	73	45	41	0.512969	0.66754	3.23126e-06	6.29914e-06
400	230	178	89	89	50	70	0.400148	0.91592	3.49856e-06	8.74316e-06
401	227	184	71	72	46	39	0.521493	0.65106	3.2001e-06	6.13642e-06
402	225	175	80	82	44	58	0.44452	0.81076	3.42744e-06	7.71043e-06
403	220	163	72	73	51	42	0.510359	0.67264	3.24194e-06	6.35227e-06
404	221	177	72	77	39	79	0.412112	0.88646	3.52108e-06	8.54399e-06
405	219	163	73	74	53	29	0.541929	0.61262	3.09874e-06	5.71799e-06
406	217	185	68	70	41	53	0.491693	0.7099	3.32748e-06	6.76739e-06
407	215	164	67	68	48	27	0.568508	0.56474	2.99776e-06	5.27303e-06
408	214	165	72	73	46	43	0.507763	0.67774	3.25243e-06	6.4054e-06
409	234	184	81	81	53	52	0.46122	0.77388	3.38313e-06	7.33518e-06
410	210	173	76	79	42	88	0.388711	0.94492	3.5509e-06	9.13508e-06
411	208	171	78	83	53	55	0.448548	0.80174	3.41232e-06	7.60748e-06
412	206	160	89	94	52	65	0.397794	0.92182	3.48457e-06	8.75973e-06
413	203	168	67	68	46	32	0.554194	0.59024	3.06952e-06	5.5387e-06
414	217	178	66	68	48	26	0.571415	0.55964	2.98273e-06	5.2199e-06
415	198	151	65	69	43	45	0.515396	0.66282	3.23972e-06	6.28588e-06
416	194	145	69	69	42	53	0.494791	0.70362	3.32051e-06	6.71094e-06
417	190	148	56	56	41	18	0.641799	0.44348	2.64258e-06	4.11746e-06
418	189	157	78	79	47	48	0.476675	0.74092	3.34138e-06	7.00975e-06
419	228	175	69	69	42	47	0.510166	0.67302	3.26105e-06	6.39214e-06
420	207	157	72	76	44	57	0.463949	0.76798	3.39546e-06	7.31861e-06
421	191	146	47	50	33	27	0.636545	0.4517	2.70976e-06	4.25698e-06
422	218	169	73	80	41	135	0.303948	1.1909	3.55278e-06	1.16888e-05
423	213	167	67	70	50	29	0.555715	0.5875	3.05209e-06	5.49219e-06
424	192	150	69	70	39	52	0.494207	0.7048	3.31824e-06	6.71426e-06
425	215	152	69	71	46	32	0.543851	0.60908	3.10432e-06	5.70804e-06
426	218	166	75	78	42	83	0.401262	0.91314	3.53631e-06	8.81297e-06
427	192	142	65	69	43	36	0.539604	0.61692	3.13385e-06	5.80768e-06
428	205	159	91	95	50	76	0.373738	0.9842	3.51338e-06	9.40065e-06
429	224	188	63	65	44	28	0.576373	0.551	2.97225e-06	5.15682e-06
430	202	166	58	60	37	32	0.582748	0.54	2.96451e-06	5.08712e-06
431	214	169	81	83	48	52	0.455463	0.78644	3.39233e-06	7.44808e-06
432	244	188	70	71	43	48	0.501235	0.69068	3.28719e-06	6.55817e-06
433	240	186	84	88	53	50	0.445909	0.80764	3.39963e-06	7.62405e-06
434	236	185	80	81	52	37	0.497888	0.69738	3.25528e-06	6.53818e-06
435	233	176	87	88	53	45	0.457426	0.78214	3.36592e-06	7.35838e-06
436	230	190	74	77	43	65	0.442613	0.81506	3.45243e-06	7.80012e-06
437	221	178	77	81	50	51	0.463578	0.76878	3.3758e-06	7.28205e-06
438	225	173	71	71	43	44	0.511565	0.67028	3.24621e-06	6.34564e-06
439	223	177	81	84	46	75	0.402516	0.91002	3.51259e-06	8.72659e-06
440	221	179	74	76	46	61	0.454581	0.78838	3.42351e-06	7.53114e-06
441	220	183	61	62	42	29	0.584347	0.53726	2.94547e-06	5.04061e-06
442	218	173	61	62	38	34	0.569635	0.56276	3.02264e-06	5.30628e-06
443	204	159	58	61	42	48	0.533722	0.62788	3.19897e-06	5.9937e-06
444	214	170	74	75	46	44	0.498875	0.6954	3.27832e-06	6.57143e-06
445	212	169	52	53	34	32	0.608937	0.49604	2.85712e-06	4.69199e-06
446	210	167	63	63	43	30	0.577735	0.54864	2.97545e-06	5.15019e-06
447	208	163	60	61	39	35	0.570307	0.56158	3.02432e-06	5.30297e-06
448	206	155	76	77	49	43	0.495167	0.70286	3.28355e-06	6.63119e-06
449	204	152	76	78	47	47	0.482131	0.72954	3.32679e-06	6.90017e-06
450	201	158	72	74	43	46	0.496923	0.69932	3.29025e-06	6.62125e-06
451	198	146	65	72	45	41	0.516201	0.66126	3.22248e-06	6.24269e-06
452	195	150	71	72	43	39	0.521493	0.65106	3.2001e-06	6.13642e-06
453	224	177	84	84	57	45	0.469062	0.75702	3.34563e-06	7.13259e-06
454	205	161	76	79	48	53	0.464674	0.76642	3.3807e-06	7.27542e-06
455	179	136	49	49	37	23	0.653757	0.42502	2.60718e-06	3.988e-06
456	207	151	49	49	35	20	0.663836	0.40972	2.54156e-06	3.8286e-06
457	218	173	73	75	44	63	0.452802	0.7923	3.43268e-06	7.58096e-06
458	237	182	80	81	52	44	0.480427	0.73308	3.31981e-06	6.91012e-06
459	213	161	70	72	46	36	0.529533	0.63576	3.16503e-06	5.97702e-06
460	212	161	58	58	36	33	0.587112	0.53254	2.95162e-06	5.02736e-06
461	253	192	93	93	54	76	0.378462	0.97164	3.51506e-06	9.28775e-06
462	251	194	62	65	45	29	0.573441	0.5561	2.9876e-06	5.20996e-06
463	206	158	54	55	35	30	0.607502	0.4984	2.85442e-06	4.69861e-06
464	227	175	65	67	44	35	0.549218	0.59926	3.0985e-06	5.64165e-06
465	224	178	70	72	42	66	0.454408	0.78876	3.44033e-06	7.57102e-06
466	202	160	72	74	49	35	0.525597	0.64322	3.17292e-06	6.03678e-06
467	252	187	75	77	50	40	0.502801	0.68756	3.25403e-06	6.47179e-06
468	246	189	69	72	47	39	0.521493	0.65106	3.2001e-06	6.13642e-06
469	241	189	81	82	48	76	0.40553	0.90256	3.51466e-06	8.66683e-06
470	215	168	57	59	44	22	0.617103	0.48272	2.77655e-06	4.49934e-06
471	241	195	105	107	63	73	0.351952	1.04426	3.49088e-06	9.91862e-06
472	231	178	90	91	46	79	0.377426	0.97438	3.52299e-06	9.33425e-06
473	228	173	70	73	42	48	0.494979	0.70324	3.30204e-06	6.67107e-06
474	226	177	95	96	51	82	0.360206	1.02108	3.52133e-06	9.77589e-06
475	224	176	67	69	46	35	0.542363	0.61182	3.12105e-06	5.75455e-06
476	222	167	92	95	52	82	0.362475	1.0148	3.52305e-06	9.71944e-06
477	224	184	63	64	44	30	0.574118	0.55492	2.98923e-06	5.20664e-06
478	218	175	69	73	40	108	0.364496	1.00924	3.59359e-06	9.85906e-06
479	216	163	80	84	50	50	0.457252	0.78252	3.38287e-06	7.39826e-06
480	214	162	71	74	49	35	0.525597	0.64322	3.17292e-06	6.03678e-06
481	213	158	74	74	48	33	0.530986	0.63302	3.14902e-06	5.93052e-06
482	211	166	60	60	43	25	0.603928	0.5043	2.84763e-06	4.71519e-06
483	219	165	79	81	55	39	0.492835	0.70758	3.27462e-06	6.64445e-06
484	207	157	63	65	44	30	0.570524	0.5612	3.00272e-06	5.26309e-06
485	204	155	66	71	44	49	0.498685	0.69578	3.29696e-06	6.61131e-06
486	202	167	72	77	44	70	0.431469	0.84056	3.48014e-06	8.06579e-06
487	199	157	62	64	43	29	0.577054	0.54982	2.97385e-06	5.15351e-06
488	222	172	65	66	43	32	0.561199	0.57768	3.04495e-06	5.4258e-06
489	192	160	63	64	41	35	0.559663	0.58042	3.06265e-06	5.47231e-06
490	187	146	82	82	53	62	0.435544	0.83116	3.4508e-06	7.92296e-06
491	228	192	62	64	45	26	0.58595	0.53452	2.9263e-06	4.99411e-06
492	207	145	69	70	50	33	0.544493	0.6079	3.10618e-06	5.70473e-06
493	220	179	58	58	41	24	0.614688	0.48664	2.79631e-06	4.54916e-06
494	222	178	75	76	49	47	0.488224	0.71698	3.31372e-06	6.78728e-06
495	213	169	57	57	37	31	0.596868	0.51606	2.90355e-06	4.86464e-06
496	205	162	62	62	40	36	0.563854	0.57296	3.05189e-06	5.41255e-06
497	221	172	75	78	49	40	0.499654	0.69384	3.26186e-06	6.52824e-06
498	218	177	72	75	51	33	0.527662	0.6393	3.15909e-06	5.98697e-06
499	192	136	55	56	35	33	0.594532	0.51998	2.92181e-06	4.91446e-06
500	225	165	70	70	49	29	0.555715	0.5875	3.05209e-06	5.49219e-06
501	224	173	67	69	41	60	0.477438	0.73932	3.38164e-06	7.08288e-06
502	202	159	51	51	36	20	0.65555	0.42228	2.58385e-06	3.94149e-06
503	215	171	94	96	51	97	0.333678	1.09758	3.52794e-06	1.05729e-05
504	193	142	73	74	41	63	0.455655	0.78602	3.42858e-06	7.52451e-06
505	209	160	76	77	45	67	0.438121	0.82526	3.46396e-06	7.90639e-06
506	238	179	73	76	45	52	0.475932	0.74248	3.35672e-06	7.05294e-06
507	234	186	71	72	47	37	0.526839	0.64086	3.17692e-06	6.03016e-06
508	231	181	85	85	51	56	0.440696	0.8194	3.42575e-06	7.77351e-06
509	229	159	71	72	42	53	0.485556	0.72246	3.34077e-06	6.88029e-06
510	226	176	89	93	52	78	0.374621	0.98184	3.5192e-06	9.39402e-06
511	224	176	70	72	46	37	0.526839	0.64086	3.17692e-06	6.03016e-06
512	222	170	73	74	42	47	0.494395	0.70442	3.29978e-06	6.67438e-06
513	220	181	61	61	46	21	0.612516	0.49018	2.79252e-06	4.5591e-06
514	219	173	59	61	39	36	0.567406	0.56668	3.03908e-06	5.3561e-06
515	217	166	70	71	44	34	0.538332	0.61928	3.13003e-06	5.81431e-06
516	215	170	70	73	39	57	0.472773	0.74914	3.37998e-06	7.14927e-06
517	234	188	85	88	52	54	0.436905	0.82804	3.42384e-06	7.83658e-06
518	211	161	54	56	37	34	0.591508	0.52508	2.93837e-06	4.96759e-06
519	209	173	78	79	53	35	0.50935	0.67462	3.21859e-06	6.31902e-06
520	207	162	84	86	51	47	0.458507	0.77978	3.37083e-06	7.35175e-06
521	205	164	61	61	45	23	0.6063	0.50038	2.82861e-06	4.66537e-06
522	187	151	73	77	40	76	0.418466	0.87116	3.50866e-06	8.38459e-06
523	212	173	73	75	49	40	0.509156	0.675	3.23767e-06	6.3589e-06
524	197	155	63	63	40	37	0.557474	0.58434	3.07844e-06	5.52213e-06
525	193	146	66	69	50	25	0.570741	0.56082	2.9811e-06	5.22321e-06
526	237	187	89	96	54	61	0.400925	0.91398	3.47205e-06	8.66009e-06
527	229	176	94	96	49	87	0.351137	1.04658	3.52596e-06	1.00416e-05
528	207	170	66	66	42	36	0.549866	0.59808	3.10033e-06	5.63834e-06
529	232	174	68	71	46	39	0.524778	0.64478	3.19064e-06	6.07997e-06
530	237	187	71	77	46	53	0.470547	0.75386	3.3703e-06	7.16252e-06
531	213	155	63	63	38	41	0.546216	0.60474	3.13237e-06	5.73466e-06
532	206	171	86	86	52	59	0.431288	0.84098	3.44571e-06	7.98935e-06
533	196	153	47	47	33	20	0.672226	0.39716	2.49779e-06	3.7157e-06
534	246	203	92	94	54	84	0.361057	1.01872	3.52726e-06	9.76926e-06
535	224	167	71	74	52	29	0.541929	0.61262	3.09874e-06	5.71799e-06
536	222	178	61	64	42	40	0.545572	0.60592	3.13048e-06	5.73797e-06
537	224	176	77	78	48	75	0.417972	0.87234	3.50591e-06	8.3879e-06
538	202	156	72	75	48	50	0.48384	0.726	3.33377e-06	6.89023e-06
539	216	175	72	72	46	42	0.513575	0.66636	3.23337e-06	6.29582e-06
540	231	182	54	58	41	24	0.614688	0.48664	2.79631e-06	4.54916e-06
541	243	184	84	87	56	44	0.462661	0.77076	3.35374e-06	7.2488e-06
542	239	190	85	86	50	76	0.39547	0.92768	3.51676e-06	8.89262e-06
543	235	188	77	81	53	37	0.497888	0.69738	3.25528e-06	6.53818e-06
544	232	177	84	84	49	70	0.412912	0.88452	3.49362e-06	8.46092e-06
545	229	184	95	98	50	74	0.370523	0.99284	3.50653e-06	9.46372e-06
546	227	176	75	78	44	47	0.482131	0.72954	3.32679e-06	6.90017e-06
547	225	175	74	76	47	51	0.478366	0.73738	3.34847e-06	6.99981e-06
548	223	179	68	69	42	50	0.502419	0.68832	3.29162e-06	6.55154e-06
549	221	175	58	60	37	32	0.582748	0.54	2.96451e-06	5.08712e-06
550	219	169	90	94	55	59	0.410155	0.89122	3.46209e-06	8.44093e-06
551	205	171	49	49	36	20	0.663836	0.40972	2.54156e-06	3.8286e-06
552	215	169	71	75	50	37	0.517006	0.6597	3.20518e-06	6.1995e-06
553	214	167	46	48	36	16	0.681786	0.38304	2.4269e-06	3.55962e-06
554	212	171	61	63	38	37	0.557474	0.58434	3.07844e-06	5.52213e-06
555	210	167	43	45	23	37	0.62419	0.4713	2.81265e-06	4.50607e-06
556	208	164	69	73	47	66	0.451563	0.79504	3.44428e-06	7.62747e-06
557	216	168	61	61	42	24	0.603216	0.50548	2.84627e-06	4.7185e-06
558	203	154	81	82	53	54	0.453681	0.79036	3.40166e-06	7.4979e-06
559	200	155	71	74	42	51	0.484412	0.72482	3.3361e-06	6.88692e-06
560	197	158	48	48	34	19	0.671434	0.39834	2.49707e-06	3.71902e-06
561	199	165	56	56	43	17	0.645081	0.43838	2.62182e-06	4.06433e-06
562	199	156	85	90	53	73	0.391606	0.9375	3.5084e-06	8.95901e-06
563	184	136	70	73	49	35	0.528908	0.63694	3.16305e-06	5.98034e-06
564	207	169	80	82	46	68	0.422418	0.86176	3.48147e-06	8.24176e-06
565	215	155	62	63	42	31	0.574796	0.55374	2.99085e-06	5.20333e-06
566	230	181	74	75	43	42	0.503989	0.6852	3.25837e-06	6.46516e-06
567	213	170	67	68	44	29	0.562739	0.57494	3.02714e-06	5.3793e-06
568	228	187	82	84	51	51	0.454926	0.78762	3.38983e-06	7.45139e-06
569	221	159	58	61	40	28	0.591035	0.52588	2.91441e-06	4.93103e-06
570	218	163	80	81	49	47	0.473132	0.74838	3.34482e-06	7.06952e-06
571	192	148	69	69	44	43	0.52068	0.65262	3.2176e-06	6.17961e-06
572	223	180	79	80	50	48	0.473691	0.7472	3.3472e-06	7.0662e-06
573	224	160	66	72	44	52	0.488039	0.71736	3.33192e-06	6.82715e-06
574	202	160	56	56	38	26	0.616141	0.48428	2.79884e-06	4.54253e-06
575	216	158	64	65	45	28	0.576373	0.551	2.97225e-06	5.15682e-06
576	217	161	96	100	52	86	0.344177	1.0666	3.5155e-06	1.02142e-05
577	209	162	64	65	47	21	0.597321	0.5153	2.85812e-06	4.78489e-06
578	217	164	66	66	40	38	0.544286	0.60828	3.12671e-06	5.7446e-06
579	209	166	77	77	49	41	0.500244	0.69266	3.26405e-06	6.52493e-06
580	233	168	83	86	51	74	0.399525	0.91748	3.51036e-06	8.78635e-06
581	230	177	85	88	55	76	0.390534	0.94024	3.51696e-06	9.00551e-06
582	228	167	76	77	47	57	0.461045	0.77426	3.40023e-06	7.37506e-06
583	225	171	85	85	51	51	0.452078	0.7939	3.39413e-06	7.50784e-06
584	223	171	75	78	47	42	0.494583	0.70404	3.28132e-06	6.63451e-06
585	221	173	58	59	44	24	0.61084	0.49292	2.81329e-06	4.60561e-06
586	219	168	69	71	36	74	0.438989	0.82328	3.48542e-06	7.93964e-06
587	218	178	60	60	39	34	0.576834	0.5502	2.99572e-06	5.19338e-06
588	216	169	66	67	41	52	0.503607	0.68596	3.29606e-06	6.54492e-06
589	214	161	67	70	46	46	0.509564	0.6742	3.2589e-06	6.39546e-06
590	212	164	56	57	35	32	0.593831	0.52116	2.92033e-06	4.91778e-06
591	215	168	80	81	49	49	0.468331	0.75858	3.36064e-06	7.17578e-06
592	208	166	81	85	53	68	0.414534	0.8806	3.48669e-06	8.4111e-06
593	206	164	69	71	40	51	0.493625	0.70598	3.31596e-06	6.71757e-06
594	204	146	64	65	41	36	0.55333	0.5918	3.08863e-06	5.58189e-06
595	201	158	75	78	47	54	0.465222	0.76524	3.38315e-06	7.27211e-06
596	196	145	62	64	38	48	0.523761	0.64672	3.22796e-06	6.16304e-06
597	210	155	68	68	44	34	0.54857	0.60044	3.09666e-06	5.64497e-06
598	191	146	62	62	42	24	0.59944	0.51176	2.86229e-06	4.77495e-06
599	229	179	95	101	55	79	0.354453	1.03718	3.50863e-06	9.89873e-06
600	207	161	59	63	39	56	0.505989	0.68124	3.30495e-06	6.53166e-06
601	243	197	63	65	40	45	0.528507	0.6377	3.2028e-06	6.06009e-06
602	238	197	88	91	49	78	0.379356	0.96928	3.52085e-06	9.28112e-06
603	213	173	69	69	47	25	0.570741	0.56082	2.9811e-06	5.22321e-06
604	215	169	66	68	41	67	0.463597	0.76874	3.42986e-06	7.39836e-06
605	222	162	65	67	38	52	0.503607	0.68596	3.29606e-06	6.54492e-06
606	213	166	65	68	45	38	0.537493	0.62084	3.14836e-06	5.8575e-06
607	218	177	61	61	39	34	0.573223	0.55648	3.00933e-06	5.24983e-06
608	204	162	51	51	39	13	0.679376	0.38658	2.42507e-06	3.56956e-06
609	224	170	70	73	47	35	0.528908	0.63694	3.16305e-06	5.98034e-06
610	202	164	44	44	32	17	0.695573	0.36302	2.35588e-06	3.38696e-06
611	207	163	46	46	37	11	0.708235	0.34498	2.25293e-06	3.18105e-06
612	231	193	90	91	46	88	0.360494	1.02028	3.53733e-06	9.81245e-06
613	209	170	79	81	48	60	0.442781	0.81468	3.43609e-06	7.76025e-06
614	200	155	73	73	45	54	0.480062	0.73384	3.35557e-06	6.98987e-06
615	237	192	76	77	48	45	0.490142	0.71306	3.30231e-06	6.73746e-06
616	233	182	71	72	50	33	0.537697	0.62046	3.12812e-06	5.81762e-06
617	231	186	84	89	55	52	0.438621	0.82412	3.41544e-06	7.78676e-06
618	228	184	87	90	59	42	0.458681	0.7794	3.35382e-06	7.31188e-06
619	226	185	79	82	51	52	0.458333	0.78016	3.38783e-06	7.39163e-06
620	224	179	71	71	49	31	0.546632	0.60398	3.09115e-06	5.65491e-06
621	222	180	71	72	41	51	0.490534	0.71226	3.32289e-06	6.77402e-06
622	220	167	74	76	48	41	0.503395	0.68638	3.2562e-06	6.46848e-06
623	218	188	61	64	43	29	0.577054	0.54982	2.97385e-06	5.15351e-06
624	216	169	76	76	42	53	0.473511	0.74758	3.36481e-06	7.10608e-06
625	234	174	56	58	42	20	0.627357	0.46624	2.72061e-06	4.33662e-06
626	213	164	71	73	48	43	0.507763	0.67774	3.25243e-06	6.4054e-06
627	211	170	63	64	35	50	0.518446	0.65692	3.25029e-06	6.26931e-06
628	209	159	60	66	44	47	0.519868	0.65418	3.23504e-06	6.2228e-06
629	207	160	84	87	52	60	0.426407	0.85236	3.45345e-06	8.09893e-06
630	204	166	66	66	43	33	0.558344	0.58278	3.05913e-06	5.47894e-06
631	233	177	77	78	43	53	0.467601	0.76014	3.3756e-06	7.21897e-06
632	199	150	52	54	35	28	0.617596	0.48192	2.80136e-06	4.5359e-06
633	196	160	56	57	42	21	0.628097	0.46506	2.72174e-06	4.33331e-06
634	192	153	64	66	41	32	0.561199	0.57768	3.04495e-06	5.4258e-06
635	229	173	84	89	50	66	0.408395	0.89552	3.48387e-06	8.53063e-06
636	207	166	70	71	43	39	0.524778	0.64478	3.19064e-06	6.07997e-06
637	172	139	52	53	38	21	0.644075	0.43994	2.64555e-06	4.10752e-06
638	253	187	73	76	49	48	0.485741	0.72208	3.32267e-06	6.84041e-06
639	213	172	62	66	42	37	0.547069	0.60318	3.11363e-06	5.69147e-06
640	201	168	59	59	37	30	0.592432	0.52352	2.91737e-06	4.9244e-06
641	190	143	70	70	48	29	0.555715	0.5875	3.05209e-06	5.49219e-06
642	209	164	70	72	46	39	0.521493	0.65106	3.2001e-06	6.13642e-06
643	192	144	63	63	40	47	0.529755	0.63534	3.20685e-06	6.05346e-06
644	191	155	58	62	41	31	0.578417	0.54746	2.97704e-06	5.14688e-06
645	224	180	56	56	42	17	0.645081	0.43838	2.62182e-06	4.06433e-06
646	202	163	59	60	44	24	0.607016	0.4992	2.82994e-06	4.66205e-06
647	210	168	69	72	51	27	0.554405	0.58986	3.04857e-06	5.49882e-06
648	231	183	81	82	59	32	0.50755	0.67816	3.21227e-06	6.32897e-06
649	247	196	90	91	55	50	0.437587	0.82648	3.41029e-06	7.79339e-06
650	242	183	96	97	57	65	0.39037	0.94066	3.48564e-06	8.92908e-06
651	238	185	97	99	60	60	0.395454	0.92772	3.47063e-06	8.7763e-06
652	234	183	83	85	49	58	0.436224	0.8296	3.43734e-06	7.87977e-06
653	231	182	78	81	48	53	0.458874	0.77898	3.3903e-06	7.38832e-06
654	218	173	66	69	45	34	0.545136	0.60672	3.10805e-06	5.70141e-06
655	226	174	72	76	44	58	0.461589	0.77308	3.40272e-06	7.37174e-06
656	224	166	70	75	39	66	0.445927	0.8076	3.45164e-06	7.74036e-06
657	222	177	74	77	43	47	0.485168	0.72326	3.32036e-06	6.84373e-06
658	220	176	75	76	45	51	0.478366	0.73738	3.34847e-06	6.99981e-06
659	218	174	64	65	36	50	0.5152	0.6632	3.25903e-06	6.32575e-06
660	217	185	80	82	47	62	0.435544	0.83116	3.4508e-06	7.92296e-06
661	215	174	76	76	43	49	0.48327	0.72718	3.33144e-06	6.89354e-06
662	213	162	88	91	57	50	0.437587	0.82648	3.41029e-06	7.79339e-06
663	211	166	66	68	40	42	0.526639	0.64124	3.19672e-06	6.07003e-06
664	209	161	72	77	46	51	0.475371	0.74366	3.35434e-06	7.05626e-06
665	217	177	68	69	39	47	0.510166	0.67302	3.26105e-06	6.39214e-06
666	205	161	51	51	36	18	0.662271	0.41208	2.53996e-06	3.83523e-06
667	202	154	67	68	47	36	0.543003	0.61064	3.12294e-06	5.75123e-06
668	200	162	72	76	46	57	0.463949	0.76798	3.39546e-06	7.31861e-06
669	196	160	68	71	40	68	0.45263	0.79268	3.44942e-06	7.62084e-06
670	219	176	64	64	37	39	0.548362	0.60082	3.11735e-06	5.68484e-06
671	229	187	81	84	51	44	0.47146	0.75192	3.33769e-06	7.07946e-06
672	182	141	46	48	34	20	0.668018	0.40344	2.51986e-06	3.77215e-06
673	189	145	69	71	40	142	0.310342	1.17008	3.58529e-06	1.15527e-05
674	238	182	73	77	51	42	0.497699	0.69776	3.27389e-06	6.57806e-06
675	213	163	68	68	47	31	0.557028	0.58514	3.05561e-06	5.48557e-06
676	224	181	75	79	40	83	0.39875	0.91942	3.53668e-06	8.86942e-06
677	254	189	86	87	52	64	0.417797	0.87276	3.4725e-06	8.31147e-06
678	232	181	77	78	47	53	0.467601	0.76014	3.3756e-06	7.21897e-06
679	246	191	78	80	42	58	0.450138	0.7982	3.41994e-06	7.59753e-06
680	219	176	54	58	39	29	0.599212	0.51214	2.8851e-06	4.81482e-06
681	224	178	78	79	43	55	0.459958	0.77662	3.39527e-06	7.38169e-06
682	202	166	63	64	46	22	0.598027	0.51412	2.85951e-06	4.78158e-06
683	234	183	65	66	41	36	0.549866	0.59808	3.10033e-06	5.63834e-06
684	231	186	91	96	58	56	0.41128	0.88848	3.45246e-06	8.39443e-06
685	209	171	64	68	39	55	0.492855	0.70754	3.33208e-06	6.76076e-06
686	217	170	78	81	51	44	0.480427	0.73308	3.31981e-06	6.91012e-06
687	242	193	69	70	44	48	0.504393	0.6844	3.27942e-06	6.50173e-06
688	215	172	57	60	42	28	0.594758	0.5196	2.8992e-06	4.87459e-06
689	232	177	66	66	43	29	0.569851	0.56238	3.00107e-06	5.2664e-06
690	229	182	78	79	44	60	0.448377	0.80212	3.4289e-06	7.64735e-06
691	227	173	84	87	47	64	0.417797	0.87276	3.4725e-06	8.31147e-06
692	225	177	45	46	37	10	0.711856	0.33988	2.22663e-06	3.12792e-06
693	223	179	59	62	43	28	0.587335	0.53216	2.92932e-06	4.98748e-06
694	221	176	88	90	53	61	0.41632	0.8763	3.46437e-06	8.32141e-06
695	219	169	74	76	47	47	0.488224	0.71698	3.31372e-06	6.78728e-06
696	217	176	75	78	51	64	0.442091	0.81624	3.44983e-06	7.80344e-06
697	215	172	78	80	47	64	0.436573	0.8288	3.45606e-06	7.91633e-06
698	213	168	79	80	51	49	0.471281	0.7523	3.35521e-06	7.11933e-06
699	212	172	53	55	36	30	0.607502	0.4984	2.85442e-06	4.69861e-06
700	210	167	80	83	49	60	0.437254	0.82724	3.44257e-06	7.87314e-06
701	208	167	80	83	51	38	0.489173	0.71504	3.27952e-06	6.70421e-06
702	205	169	52	54	36	24	0.630325	0.46152	2.72513e-06	4.32337e-06
703	203	165	73	74	50	52	0.481948	0.72992	3.34474e-06	6.94005e-06
704	222	174	68	69	44	40	0.528707	0.63732	3.18293e-06	6.02021e-06
705	200	165	66	66	43	34	0.555504	0.58788	3.07309e-06	5.53207e-06
706	194	151	50	53	36	23	0.637539	0.45014	2.68645e-06	4.21379e-06
707	189	145	61	63	40	32	0.571872	0.55884	3.00602e-06	5.25646e-06
708	207	168	79	84	47	60	0.434517	0.83352	3.44554e-06	7.92959e-06
709	215	167	55	59	40	26	0.604641	0.50312	2.84899e-06	4.71187e-06
710	214	170	64	65	43	38	0.547715	0.602	3.11549e-06	5.68816e-06
711	213	164	72	73	51	32	0.537063	0.62164	3.12621e-06	5.82094e-06
712	200	162	55	57	39	25	0.615414	0.48546	2.79758e-06	4.54584e-06
713	227	177	68	72	44	41	0.516201	0.66126	3.22248e-06	6.24269e-06
714	219	174	74	76	44	48	0.485741	0.72208	3.32267e-06	6.84041e-06
715	192	151	54	54	41	15	0.659931	0.41562	2.53755e-06	3.84517e-06
716	219	172	57	57	39	26	0.612283	0.49056	2.81588e-06	4.59898e-06
717	224	180	76	79	43	65	0.437088	0.82762	3.45869e-06	7.91302e-06
718	202	155	77	82	44	64	0.431124	0.84136	3.46159e-06	8.02923e-06
719	217	166	69	72	40	60	0.468528	0.75816	3.39787e-06	7.25222e-06
720	224	168	85	87	53	69	0.407278	0.89826	3.49327e-06	8.57713e-06
721	209	167	72	74	48	48	0.49188	0.70952	3.30913e-06	6.72752e-06
722	193	155	71	74	47	45	0.499464	0.69422	3.28054e-06	6.56812e-06
723	239	186	75	79	50	45	0.484024	0.72562	3.31574e-06	6.85035e-06
724	236	190	68	69	46	31	0.553541	0.59142	3.06773e-06	5.54201e-06
725	233	189	67	70	45	43	0.51742	0.6589	3.22666e-06	6.23606e-06
726	230	185	71	73	45	49	0.492461	0.70834	3.31141e-06	6.7242e-06
727	227	171	72	74	45	47	0.494395	0.70442	3.29978e-06	6.67438e-06
728	196	156	70	73	40	52	0.484984	0.72364	3.33843e-06	6.8836e-06
729	223	185	53	58	35	36	0.578197	0.54784	2.99897e-06	5.18676e-06
730	221	178	79	80	52	41	0.490907	0.7115	3.28627e-06	6.69427e-06
731	219	165	56	58	36	35	0.581154	0.54274	2.98342e-06	5.13362e-06
732	217	167	62	63	43	28	0.583658	0.53844	2.94393e-06	5.04393e-06
733	216	163	65	66	36	56	0.496546	0.70008	3.32735e-06	6.701e-06
734	214	171	69	70	47	48	0.504393	0.6844	3.27942e-06	6.50173e-06
735	212	156	65	66	44	33	0.558344	0.58278	3.05913e-06	5.47894e-06
736	210	170	68	69	42	46	0.512774	0.66792	3.25048e-06	6.33901e-06
737	208	164	75	77	45	45	0.490142	0.71306	3.30231e-06	6.73746e-06
738	206	155	46	50	37	15	0.676718	0.3905	2.4493e-06	3.61938e-06
739	228	174	83	84	50	63	0.42792	0.84882	3.46144e-06	8.08899e-06
740	201	165	65	66	44	50	0.511975	0.66948	3.26753e-06	6.3822e-06
741	198	157	51	55	31	65	0.50819	0.6769	3.33285e-06	6.55828e-06
742	194	155	66	68	41	42	0.526639	0.64124	3.19672e-06	6.07003e-06
743	229	191	76	76	43	46	0.490721	0.71188	3.30458e-06	6.73414e-06
744	207	164	56	57	40	25	0.615414	0.48546	2.79758e-06	4.54584e-06
745	226	187	80	81	48	50	0.465949	0.76368	3.3683e-06	7.22892e-06
746	238	196	60	62	36	46	0.535818	0.62396	3.18484e-06	5.94388e-06
747	213	163	59	59	39	31	0.589418	0.52862	2.93385e-06	4.97754e-06
748	211	164	67	67	41	37	0.543644	0.60946	3.12482e-06	5.74792e-06
749	254	195	107	110	57	91	0.315089	1.1549	3.47996e-06	1.10444e-05
750	205	162	75	80	45	68	0.427757	0.8492	3.47718e-06	8.12887e-06
751	212	157	85	89	57	52	0.438621	0.82412	3.41544e-06	7.78676e-06
752	201	147	62	68	40	51	0.503013	0.68714	3.29384e-06	6.54823e-06
753	224	195	50	50	39	13	0.683656	0.3803	2.40176e-06	3.51311e-06
754	202	161	62	64	42	34	0.562525	0.57532	3.04842e-06	5.41918e-06
755	206	160	72	73	45	53	0.482517	0.72874	3.34709e-06	6.93673e-06
756	232	192	78	78	52	31	0.523122	0.64794	3.16491e-06	6.05004e-06
757	251	199	98	101	48	101	0.316833	1.14938	3.5066e-06	1.10677e-05
758	245	189	69	71	51	23	0.569396	0.56318	2.97785e-06	5.22984e-06
759	240	188	73	76	41	64	0.447678	0.80368	3.44289e-06	7.69054e-06
760	237	186	66	72	45	39	0.521493	0.65106	3.2001e-06	6.13642e-06
761	233	180	81	86	52	51	0.449248	0.80018	3.39824e-06	7.56429e-06
762	220	183	81	84	46	84	0.384458	0.95592	3.53886e-06	9.20479e-06
763	228	177	55	55	39	19	0.642557	0.4423	2.64357e-06	4.11415e-06
764	226	181	77	78	46	50	0.47481	0.74484	3.35196e-06	7.05957e-06
765	224	165	56	56	42	16	0.648379	0.43328	2.60078e-06	4.0112e-06
766	222	175	92	93	57	51	0.429927	0.84414	3.42197e-06	7.95942e-06
767	220	183	93	94	53	75	0.378016	0.97282	3.51217e-06	9.29106e-06
768	218	178	56	61	36	40	0.555948	0.58708	3.09587e-06	5.56863e-06
769	216	167	72	74	40	61	0.460326	0.77582	3.41481e-06	7.41825e-06
770	214	174	71	72	49	29	0.548779	0.60006	3.07595e-06	5.60509e-06
771	212	165	71	77	49	52	0.472953	0.74876	3.36241e-06	7.10939e-06
772	211	166	50	51	40	15	0.672482	0.39678	2.47193e-06	3.67583e-06
773	209	166	74	78	43	83	0.401262	0.91314	3.53631e-06	8.81297e-06
774	206	162	52	56	36	25	0.619291	0.47918	2.78024e-06	4.4894e-06
775	204	159	80	83	47	60	0.437254	0.82724	3.44257e-06	7.87314e-06
776	202	162	50	51	37	20	0.65555	0.42228	2.58385e-06	3.94149e-06
777	199	158	67	70	39	54	0.489192	0.715	3.33655e-06	6.82052e-06
778	208	165	68	69	43	64	0.467797	0.75972	3.41277e-06	7.29541e-06
779	229	178	70	71	47	39	0.524778	0.64478	3.19064e-06	6.07997e-06
780	186	140	49	50	32	26	0.6398	0.4466	2.68962e-06	4.20384e-06
781	207	167	60	62	37	40	0.552468	0.59336	3.10768e-06	5.62508e-06
782	224	175	75	77	52	36	0.513164	0.66716	3.21203e-06	6.25926e-06
783	213	168	80	81	56	36	0.500434	0.69228	3.24534e-06	6.48505e-06
784	220	165	71	75	48	39	0.51176	0.6699	3.22704e-06	6.30576e-06
785	200	155	63	63	43	38	0.554638	0.58944	3.09225e-06	5.57526e-06
786	228	177	66	68	45	32	0.554194	0.59024	3.06952e-06	5.5387e-06
787	220	163	67	68	42	52	0.500454	0.69224	3.30368e-06	6.60136e-06
788	215	170	93	96	55	67	0.388843	0.94458	3.49138e-06	8.97889e-06
789	224	180	83	84	53	58	0.438972	0.82332	3.43422e-06	7.82332e-06
790	202	159	57	62	43	25	0.59639	0.51686	2.87942e-06	4.82808e-06
791	218	168	83	83	54	40	0.484208	0.72524	3.29769e-06	6.81048e-06
792	210	168	62	63	44	22	0.601794	0.50784	2.84355e-06	4.72513e-06
793	209	166	72	74	50	52	0.481948	0.72992	3.34474e-06	6.94005e-06
794	212	172	71	74	44	59	0.465046	0.76562	3.4004e-06	7.31198e-06
795	223	180	64	66	44	34	0.555504	0.58788	3.07309e-06	5.53207e-06
796	215	165	71	74	44	48	0.49188	0.70952	3.30913e-06	6.72752e-06
797	234	181	66	68	47	27	0.568508	0.56474	2.99776e-06	5.27303e-06
798	231	169	58	59	39	30	0.592432	0.52352	2.91737e-06	4.9244e-06
799	229	181	58	59	42	22	0.617103	0.48272	2.77655e-06	4.49934e-06
800	226	174	67	68	46	44	0.521295	0.65144	3.21967e-06	6.1763e-06
801	224	170	59	61	43	26	0.597094	0.51568	2.88084e-06	4.82477e-06
802	232	177	88	90	49	88	0.362765	1.014	3.53914e-06	9.75601e-06
803	220	173	56	56	41	17	0.645081	0.43838	2.62182e-06	4.06433e-06
804	218	169	75	80	52	58	0.450138	0.7982	3.41994e-06	7.59753e-06
805	217	179	67	69	44	35	0.542363	0.61182	3.12105e-06	5.75455e-06
806	215	174	92	94	58	57	0.41436	0.88102	3.45355e-06	8.33467e-06
807	213	152	62	62	40	38	0.558132	0.58316	3.08023e-06	5.51881e-06
808	211	168	69	69	42	41	0.526018	0.64242	3.19469e-06	6.07335e-06
809	209	165	67	70	46	34	0.541723	0.613	3.11917e-06	5.75786e-06
810	207	152	70	72	51	27	0.554405	0.58986	3.04857e-06	5.49882e-06
811	205	160	69	70	48	34	0.541723	0.613	3.11917e-06	5.75786e-06
812	202	156	76	77	48	47	0.485168	0.72326	3.32036e-06	6.84373e-06
813	237	189	76	78	44	53	0.467601	0.76014	3.3756e-06	7.21897e-06
814	196	148	65	65	42	37	0.550516	0.5969	3.10217e-06	5.63502e-06
815	192	152	71	74	50	43	0.504584	0.68402	3.26055e-06	6.46185e-06
816	207	160	59	60	37	41	0.556605	0.5859	3.09768e-06	5.56532e-06
817	229	173	72	73	45	39	0.518228	0.65734	3.20932e-06	6.19287e-06
818	238	192	79	81	49	48	0.470726	0.75348	3.35281e-06	7.12265e-06
819	213	169	74	75	49	47	0.4913	0.7107	3.30686e-06	6.73083e-06
820	228	181	89	92	55	58	0.417463	0.87356	3.45446e-06	8.2749e-06
821	255	202	78	79	51	42	0.491487	0.71032	3.28852e-06	6.69095e-06
822	219	168	64	66	41	47	0.519868	0.65418	3.23504e-06	6.2228e-06
823	211	165	76	80	42	69	0.425581	0.8543	3.4821e-06	8.182e-06
824	243	197	95	95	55	64	0.397325	0.923	3.48178e-06	8.76305e-06
825	225	179	57	57	37	27	0.609169	0.49566	2.83392e-06	4.65211e-06
826	203	144	45	46	32	18	0.683397	0.38068	2.4281e-06	3.55299e-06
827	201	158	52	55	34	42	0.571438	0.5596	3.04931e-06	5.33621e-06
828	232	180	84	92	50	80	0.373156	0.98576	3.52402e-06	9.44384e-06
829	209	169	65	68	45	33	0.551375	0.59534	3.0832e-06	5.59183e-06
830	217	175	86	87	46	81	0.3831	0.95946	3.53016e-06	9.21473e-06
831	242	195	90	95	53	70	0.385351	0.9536	3.4997e-06	9.08185e-06
832	238	183	85	87	60	32	0.491861	0.70956	3.25179e-06	6.6112e-06
833	235	191	59	59	37	32	0.586419	0.53372	2.95008e-06	5.03067e-06
834	232	189	72	75	46	50	0.48384	0.726	3.33377e-06	6.89023e-06
835	229	170	72	76	43	52	0.475932	0.74248	3.35672e-06	7.05294e-06
836	197	156	62	64	40	39	0.548362	0.60082	3.11735e-06	5.68484e-06
837	225	182	86	89	52	73	0.394073	0.93122	3.50826e-06	8.90256e-06
838	223	166	64	67	43	34	0.552026	0.59416	3.08501e-06	5.58852e-06
839	221	167	72	76	37	73	0.427594	0.84958	3.49291e-06	8.16874e-06
840	219	170	60	64	43	34	0.562525	0.57532	3.04842e-06	5.41918e-06
841	217	166	62	62	40	41	0.549657	0.59846	3.12107e-06	5.67821e-06
842	211	159	57	58	39	26	0.60845	0.49684	2.83259e-06	4.65542e-06
843	213	171	61	61	48	14	0.634778	0.45448	2.65792e-06	4.18717e-06
844	211	150	90	94	51	74	0.379948	0.96772	3.50994e-06	9.23793e-06
845	209	164	68	69	43	47	0.510166	0.67302	3.26105e-06	6.39214e-06
846	207	157	81	83	50	49	0.462486	0.77114	3.37091e-06	7.28868e-06
847	223	179	56	57	43	19	0.634537	0.45486	2.68221e-06	4.22704e-06
848	203	163	60	65	37	47	0.523143	0.6479	3.22589e-06	6.16635e-06
849	200	155	56	58	38	38	0.57233	0.55804	3.02935e-06	5.29302e-06
850	197	161	70	73	44	57	0.472773	0.74914	3.37998e-06	7.14927e-06
851	229	180	58	58	41	21	0.624165	0.47134	2.73993e-06	4.38976e-06
852	207	174	56	57	36	32	0.593831	0.52116	2.92033e-06	4.91778e-06
853	212	170	76	78	51	40	0.499654	0.69384	3.26186e-06	6.52824e-06
854	222	173	71	72	45	50	0.493042	0.70716	3.31368e-06	6.72089e-06
855	213	161	71	72	48	43	0.510962	0.67146	3.24407e-06	6.34895e-06
856	220	184	59	61	40	32	0.5791	0.54628	2.97864e-06	5.14357e-06
857	228	180	86	89	43	89	0.363193	1.01282	3.54211e-06	9.75269e-06
858	219	175	77	78	49	42	0.494583	0.70404	3.28132e-06	6.63451e-06
859	215	162	88	90	52	79	0.379804	0.9681	3.52375e-06	9.27781e-06
860	216	170	75	77	43	65	0.442613	0.81506	3.45243e-06	7.80012e-06
861	225	169	64	65	40	37	0.550516	0.5969	3.10217e-06	5.63502e-06
862	203	150	59	62	39	38	0.558132	0.58316	3.08023e-06	5.51881e-06
863	219	176	73	73	45	43	0.507763	0.67774	3.25243e-06	6.4054e-06
864	227	176	61	62	40	29	0.584347	0.53726	2.94547e-06	5.04061e-06
865	257	203	63	66	42	43	0.530582	0.63378	3.18894e-06	6.01027e-06
866	249	207	88	88	56	43	0.462116	0.77194	3.35132e-06	7.25212e-06
867	244	183	66	70	40	42	0.520066	0.6538	3.21553e-06	6.18293e-06
868	239	184	67	69	49	27	0.564949	0.57102	3.01088e-06	5.32948e-06
869	230	175	98	100	54	78	0.35851	1.0258	3.5095e-06	9.78915e-06
870	211	171	66	70	38	56	0.484228	0.7252	3.35414e-06	6.92679e-06
871	230	174	67	79	40	109	0.349232	1.05202	3.57993e-06	1.02509e-05
872	227	177	59	60	41	31	0.585728	0.5349	2.94855e-06	5.03399e-06
873	225	167	60	61	43	28	0.591035	0.52588	2.91441e-06	4.93103e-06
874	223	166	55	55	35	22	0.632801	0.4576	2.7043e-06	4.27355e-06
875	221	167	83	85	49	63	0.425241	0.8551	3.46377e-06	8.14544e-06
876	245	195	81	82	56	39	0.48975	0.71386	3.28177e-06	6.7009e-06
877	217	184	80	81	48	57	0.449608	0.79938	3.4174e-06	7.60085e-06
878	216	168	76	78	44	52	0.469992	0.75504	3.36789e-06	7.16584e-06
879	214	159	74	78	42	61	0.448907	0.80094	3.43146e-06	7.64404e-06
880	212	176	92	97	50	100	0.326554	1.11916	3.52311e-06	1.07887e-05
881	210	170	69	69	45	32	0.550725	0.59652	3.08139e-06	5.59515e-06
882	208	161	60	63	45	40	0.549009	0.59964	3.11921e-06	5.68153e-06
883	206	165	47	47	33	17	0.682591	0.38186	2.4275e-06	3.5563e-06
884	203	158	56	58	40	24	0.614688	0.48664	2.79631e-06	4.54916e-06
885	201	159	55	55	39	20	0.639288	0.4474	2.66409e-06	4.16728e-06
886	198	161	75	79	45	65	0.437088	0.82762	3.45869e-06	7.91302e-06
887	229	173	70	70	43	39	0.528084	0.6385	3.18093e-06	6.02353e-06
888	190	148	60	60	41	28	0.594758	0.5196	2.8992e-06	4.87459e-06
889	185	152	59	63	32	59	0.498306	0.69654	3.3342e-06	6.69106e-06
890	239	184	70	72	38	61	0.466144	0.76326	3.40535e-06	7.30535e-06
891	213	162	80	87	51	82	0.381151	0.96456	3.53245e-06	9.26786e-06
892	216	168	69	70	43	47	0.506972	0.6793	3.26925e-06	6.44859e-06
893	255	198	78	81	51	41	0.487834	0.71778	3.29323e-06	6.75072e-06
894	219	169	71	71	50	29	0.552236	0.59378	3.06416e-06	5.54864e-06
895	212	154	69	71	48	34	0.538332	0.61928	3.13003e-06	5.81431e-06
896	211	168	79	83	45	84	0.38688	0.94964	3.53931e-06	9.14834e-06
897	225	182	64	67	46	34	0.552026	0.59416	3.08501e-06	5.58852e-06
898	203	160	69	72	52	31	0.54321	0.61026	3.10246e-06	5.71136e-06
899	208	168	68	70	45	35	0.538968	0.6181	3.13194e-06	5.81099e-06
900	232	189	75	77	48	45	0.490142	0.71306	3.30231e-06	6.73746e-06
901	209	163	63	64	45	25	0.588946	0.52942	2.90997e-06	4.94098e-06
902	229	180	61	64	39	41	0.542797	0.61102	3.1434e-06	5.79111e-06
903	243	186	69	71	50	28	0.555059	0.58868	3.05033e-06	5.49551e-06
904	215	161	77	80	54	46	0.478547	0.737	3.33066e-06	6.95994e-06
905	236	186	64	65	36	52	0.509972	0.6734	3.28015e-06	6.43202e-06
906	233	188	62	65	37	48	0.520482	0.653	3.23713e-06	6.21949e-06
907	230	168	81	87	51	74	0.397023	0.92376	3.5108e-06	8.8428e-06
908	228	170	62	64	47	23	0.594984	0.51922	2.87658e-06	4.83471e-06
909	226	185	69	71	45	38	0.527461	0.63968	3.17892e-06	6.02684e-06
910	227	173	63	66	45	26	0.578637	0.54708	2.9551e-06	5.107e-06
911	222	167	72	74	44	43	0.504584	0.68402	3.26055e-06	6.46185e-06
912	220	167	75	77	48	51	0.475371	0.74366	3.35434e-06	7.05626e-06
913	218	162	80	85	53	50	0.45439	0.7888	3.38734e-06	7.45471e-06
914	216	173	54	55	38	34	0.595234	0.5188	2.92328e-06	4.91115e-06
915	214	160	56	56	39	22	0.628839	0.46388	2.72287e-06	4.33e-06
916	221	173	88	88	54	74	0.394538	0.93004	3.51109e-06	8.89925e-06
917	210	172	56	57	41	25	0.615414	0.48546	2.79758e-06	4.54584e-06
918	208	164	76	78	47	45	0.487074	0.71934	3.30913e-06	6.79391e-06
919	206	160	62	64	41	32	0.568292	0.56512	3.01928e-06	5.31291e-06
920	204	159	70	71	39	70	0.448037	0.80288	3.46203e-06	7.7271e-06
921	200	155	60	64	45	29	0.577054	0.54982	2.97385e-06	5.15351e-06
922	198	157	69	69	41	49	0.504988	0.68322	3.28162e-06	6.49841e-06
923	195	158	56	60	38	35	0.5739	0.5553	3.01098e-06	5.24652e-06
924	191	153	60	61	37	31	0.582061	0.54118	2.96294e-06	5.09043e-06
925	224	173	77	78	43	53	0.467601	0.76014	3.3756e-06	7.21897e-06
926	205	166	54	55	39	21	0.636036	0.4525	2.68434e-06	4.22042e-06
927	213	157	73	74	52	33	0.530986	0.63302	3.14902e-06	5.93052e-06
928	236	183	78	79	49	48	0.476675	0.74092	3.34138e-06	7.00975e-06
929	219	168	62	64	44	30	0.574118	0.55492	2.98923e-06	5.20664e-06
930	219	168	69	70	44	39	0.528084	0.6385	3.18093e-06	6.02353e-06
931	244	191	70	72	44	39	0.521493	0.65106	3.2001e-06	6.13642e-06
932	235	199	81	85	49	57	0.438454	0.8245	3.43162e-06	7.82664e-06
933	225	176	57	57	40	28	0.60607	0.50076	2.85171e-06	4.70524e-06
934	203	162	63	63	45	23	0.598733	0.51294	2.8609e-06	4.77826e-06
935	220	166	69	72	47	36	0.529533	0.63576	3.16503e-06	5.97702e-06
936	227	182	81	81	53	46	0.475552	0.74328	3.33665e-06	7.01638e-06
937	210	157	63	64	34	50	0.518446	0.65692	3.25029e-06	6.26931e-06
938	209	163	62	66	42	37	0.547069	0.60318	3.11363e-06	5.69147e-06
939	246	197	80	81	48	61	0.440529	0.81978	3.44202e-06	7.81338e-06
940	241	188	77	81	50	60	0.442781	0.81468	3.43609e-06	7.76025e-06
941	237	193	84	86	56	41	0.472754	0.74918	3.32486e-06	7.03295e-06
942	234	183	63	67	43	37	0.543644	0.60946	3.12482e-06	5.74792e-06
943	231	177	69	69	41	49	0.504988	0.68322	3.28162e-06	6.49841e-06
944	197	146	50	50	34	29	0.630085	0.4619	2.74922e-06	4.36324e-06
945	226	185	73	73	41	63	0.458525	0.77974	3.4243e-06	7.46807e-06
946	224	188	70	71	43	47	0.503798	0.68558	3.27723e-06	6.50504e-06
947	222	186	58	60	43	26	0.600856	0.5094	2.86507e-06	4.76832e-06
948	220	182	84	86	48	77	0.393458	0.93278	3.51978e-06	8.94575e-06
949	218	173	67	69	43	34	0.545136	0.60672	3.10805e-06	5.70141e-06
950	212	162	63	66	44	32	0.561199	0.57768	3.04495e-06	5.4258e-06
951	215	172	72	73	43	49	0.492461	0.70834	3.31141e-06	6.7242e-06
952	213	174	76	76	49	38	0.511156	0.67108	3.22493e-06	6.30908e-06
953	211	163	60	60	42	25	0.603928	0.5043	2.84763e-06	4.71519e-06
954	209	151	73	73	48	48	0.494979	0.70324	3.30204e-06	6.67107e-06
955	207	165	73	73	46	55	0.47762	0.73894	3.36388e-06	7.043e-06
956	205	166	69	72	44	47	0.500644	0.69186	3.28497e-06	6.56149e-06
957	202	162	78	81	49	54	0.45654	0.78408	3.39732e-06	7.44145e-06
958	199	157	58	59	36	48	0.540468	0.61532	3.17838e-06	5.8808e-06
959	196	150	83	84	49	78	0.396405	0.92532	3.52245e-06	8.88599e-06
960	208	165	72	75	46	50	0.48384	0.726	3.33377e-06	6.89023e-06
961	187	144	46	48	30	26	0.647886	0.43404	2.65047e-06	4.09095e-06
962	181	145	69	69	50	25	0.570741	0.56082	2.9811e-06	5.22321e-06
963	213	161	61	62	41	39	0.555293	0.58826	3.09406e-06	5.57195e-06
964	206	167	61	63	39	43	0.540673	0.61494	3.15803e-06	5.84093e-06
965	216	165	66	67	46	29	0.566284	0.56866	3.01424e-06	5.32285e-06
966	219	173	73	76	46	67	0.440881	0.81898	3.46089e-06	7.84994e-06
967	203	163	73	75	46	50	0.48384	0.726	3.33377e-06	6.89023e-06
968	225	178	66	67	43	42	0.529957	0.63496	3.18694e-06	6.01358e-06
969	225	169	79	83	50	57	0.443996	0.81194	3.42487e-06	7.71374e-06
970	203	160	70	70	39	54	0.489192	0.715	3.33655e-06	6.82052e-06
971	211	164	72	74	36	79	0.41995	0.86762	3.51693e-06	8.37465e-06
972	232	181	56	59	38	30	0.592432	0.52352	2.91737e-06	4.9244e-06
973	210	170	72	73	50	34	0.531613	0.63184	3.15098e-06	5.9272e-06
974	212	168	71	71	44	47	0.503798	0.68558	3.27723e-06	6.50504e-06
975	247	196	85	89	49	74	0.392068	0.93632	3.51124e-06	8.95569e-06
976	242	190	88	89	53	70	0.400148	0.91592	3.49856e-06	8.74316e-06
977	225	170	62	66	41	42	0.533295	0.62868	3.17691e-06	5.95714e-06
978	206	152	57	62	39	40	0.552468	0.59336	3.10768e-06	5.62508e-06
979	232	182	66	69	42	48	0.50757	0.67812	3.27143e-06	6.44528e-06
980	229	174	71	74	53	29	0.541929	0.61262	3.09874e-06	5.71799e-06
981	227	175	64	64	42	35	0.559663	0.58042	3.06265e-06	5.47231e-06
982	224	178	50	50	35	20	0.65968	0.416	2.56289e-06	3.88504e-06
983	222	166	66	69	49	22	0.57954	0.54552	2.93468e-06	5.06381e-06
984	209	152	75	76	51	33	0.524358	0.64558	3.16891e-06	6.04341e-06
985	219	185	72	73	46	41	0.512969	0.66754	3.23126e-06	6.29914e-06
986	217	179	73	74	51	36	0.522924	0.64832	3.18456e-06	6.08992e-06
987	215	170	60	62	42	31	0.578417	0.54746	2.97704e-06	5.14688e-06
988	213	169	85	86	53	48	0.456174	0.78488	3.37792e-06	7.40489e-06
989	211	159	82	83	51	47	0.467227	0.76094	3.35582e-06	7.18241e-06
990	202	163	57	61	37	35	0.570307	0.56158	3.02432e-06	5.30297e-06
991	207	167	66	69	40	45	0.515396	0.66282	3.23972e-06	6.28588e-06
992	205	160	64	65	42	30	0.570524	0.5612	3.00272e-06	5.26309e-06
993	203	157	70	71	47	43	0.514181	0.66518	3.23549e-06	6.29251e-06
994	200	158	56	60	35	55	0.518249	0.6573	3.26973e-06	6.30918e-06
995	229	178	66	67	50	23	0.58388	0.53806	2.92177e-06	5.00405e-06
996	193	152	61	63	41	30	0.577735	0.54864	2.97545e-06	5.15019e-06
997	189	154	61	62	41	29	0.584347	0.53726	2.94547e-06	5.04061e-06
998	218	168	80	83	46	64	0.428425	0.84764	3.4641e-06	8.08568e-06
999	213	167	65	68	48	41	0.529332	0.63614	3.18493e-06	6.0169e-06
1000	212	165	75	75	49	34	0.524977	0.6444	3.17092e-06	6.0401e-06