Hist	Tr_Tot	Tr_in	DSBs	DSBt	RIFs	NComb	PSurv	lPSurv	PMut*	PMut
1	461	453	30	30	24	7	0.799235	0.2241	1.65071e-06	2.06536e-06
2	412	402	26	28	17	21	0.753565	0.28294	2.03186e-06	2.69633e-06
3	489	483	13	13	11	2	0.912251	0.09184	7.66369e-07	8.40085e-07
4	427	413	16	16	13	4	0.88614	0.12088	9.88662e-07	1.11569e-06
5	430	418	23	23	21	2	0.856724	0.15464	1.20332e-06	1.40456e-06
6	450	437	25	25	21	5	0.833185	0.1825	1.39713e-06	1.67686e-06
7	430	420	23	23	19	4	0.848029	0.16484	1.28123e-06	1.51083e-06
8	399	387	13	13	12	1	0.916915	0.08674	7.21568e-07	7.86952e-07
9	387	380	21	21	14	11	0.828631	0.18798	1.46657e-06	1.76986e-06
10	475	462	18	18	14	5	0.870628	0.13854	1.1159e-06	1.28172e-06
11	445	439	13	13	11	2	0.912251	0.09184	7.66369e-07	8.40085e-07
12	424	413	23	23	18	7	0.835153	0.18014	1.3949e-06	1.67023e-06
13	428	415	22	23	20	3	0.852365	0.15974	1.24249e-06	1.45769e-06
14	419	410	19	19	14	6	0.860777	0.14992	1.1976e-06	1.3913e-06
15	439	427	19	20	12	12	0.82961	0.1868	1.46555e-06	1.76655e-06
16	440	428	24	24	19	7	0.829925	0.18642	1.43301e-06	1.72667e-06
17	451	442	20	21	16	5	0.854379	0.15738	1.23976e-06	1.45107e-06
18	428	421	16	17	12	6	0.871656	0.13736	1.11433e-06	1.27841e-06
19	467	454	20	20	16	4	0.864158	0.146	1.15925e-06	1.34148e-06
20	417	407	19	19	17	2	0.878517	0.12952	1.03557e-06	1.17877e-06
21	435	422	33	34	20	27	0.703829	0.35122	2.36051e-06	3.35381e-06
22	430	421	12	12	10	2	0.917998	0.08556	7.19378e-07	7.83638e-07
23	447	439	28	28	23	8	0.80522	0.21664	1.61495e-06	2.0056e-06
24	441	435	17	17	14	4	0.880593	0.12716	1.03218e-06	1.17214e-06
25	450	437	19	19	17	2	0.878517	0.12952	1.03557e-06	1.17877e-06
26	453	442	28	28	20	12	0.78896	0.23704	1.75002e-06	2.21813e-06
27	400	396	13	13	12	1	0.916915	0.08674	7.21568e-07	7.86952e-07
28	471	459	27	27	19	9	0.806171	0.21546	1.61418e-06	2.00228e-06
29	419	407	21	21	16	5	0.854379	0.15738	1.23976e-06	1.45107e-06
30	445	434	14	14	13	1	0.911175	0.09302	7.68485e-07	8.434e-07
31	432	426	13	13	11	2	0.912251	0.09184	7.66369e-07	8.40085e-07
32	439	427	10	10	9	1	0.934354	0.0679	5.77066e-07	6.17609e-07
33	433	423	19	19	16	3	0.874048	0.13462	1.07674e-06	1.2319e-06
34	402	394	23	23	20	3	0.852365	0.15974	1.24249e-06	1.45769e-06
35	440	433	12	12	11	1	0.922692	0.08046	6.7403e-07	7.30504e-07
36	418	406	12	14	12	2	0.90654	0.09812	8.12743e-07	8.96533e-07
37	445	438	17	18	14	4	0.87508	0.13344	1.07511e-06	1.22859e-06
38	422	413	20	21	17	4	0.858748	0.15228	1.20047e-06	1.39793e-06
39	457	447	22	22	18	4	0.853372	0.15856	1.24113e-06	1.45438e-06
40	433	423	16	18	11	11	0.844391	0.16914	1.35147e-06	1.60052e-06
41	451	437	18	19	13	8	0.852042	0.16012	1.27599e-06	1.49757e-06
42	444	440	17	18	17	1	0.888572	0.11814	9.50052e-07	1.06919e-06
43	493	482	23	23	15	11	0.818289	0.20054	1.54064e-06	1.88276e-06
44	457	446	10	10	10	0	0.939131	0.0628	5.30117e-07	5.64476e-07
45	407	396	17	17	16	1	0.894169	0.11186	9.05563e-07	1.01274e-06
46	420	412	9	9	8	1	0.94024	0.06162	5.27627e-07	5.61162e-07
47	424	414	15	16	12	7	0.872686	0.13618	1.11276e-06	1.27509e-06
48	431	426	13	13	11	2	0.912251	0.09184	7.66369e-07	8.40085e-07
49	435	422	18	19	14	5	0.865178	0.14482	1.15776e-06	1.33817e-06
50	424	419	13	13	11	2	0.912251	0.09184	7.66369e-07	8.40085e-07
51	446	434	20	20	14	12	0.82961	0.1868	1.46555e-06	1.76655e-06
52	459	450	16	16	12	4	0.88614	0.12088	9.88662e-07	1.11569e-06
53	460	449	15	15	11	4	0.891723	0.1146	9.44554e-07	1.05925e-06
54	410	397	12	12	10	2	0.917998	0.08556	7.19378e-07	7.83638e-07
55	485	474	19	19	18	1	0.883009	0.12442	9.93948e-07	1.12564e-06
56	426	416	30	31	22	14	0.766378	0.26608	1.91115e-06	2.49374e-06
57	428	419	18	18	12	9	0.853048	0.15894	1.27467e-06	1.49426e-06
58	437	427	23	23	14	12	0.814126	0.20564	1.57606e-06	1.93589e-06
59	435	421	13	13	12	1	0.916915	0.08674	7.21568e-07	7.86952e-07
60	410	401	16	18	14	5	0.870628	0.13854	1.1159e-06	1.28172e-06
61	431	419	13	14	12	2	0.90654	0.09812	8.12743e-07	8.96533e-07
62	431	417	22	22	18	5	0.849031	0.16366	1.27992e-06	1.50751e-06
63	450	442	17	18	15	4	0.87508	0.13344	1.07511e-06	1.22859e-06
64	430	423	14	14	10	6	0.888234	0.11852	9.8511e-07	1.10907e-06
65	427	416	19	19	17	2	0.878517	0.12952	1.03557e-06	1.17877e-06
66	463	455	15	15	13	2	0.900865	0.1044	8.58507e-07	9.5298e-07
67	438	430	26	26	21	6	0.823757	0.19388	1.47159e-06	1.78644e-06
68	445	432	9	9	8	1	0.94024	0.06162	5.27627e-07	5.61162e-07
69	450	440	21	21	16	6	0.850033	0.16248	1.27862e-06	1.5042e-06
70	407	395	22	23	18	5	0.843715	0.16994	1.31954e-06	1.56396e-06
71	466	455	27	27	18	15	0.781875	0.24606	1.8148e-06	2.32108e-06
72	416	406	19	21	15	12	0.824416	0.19308	1.50291e-06	1.823e-06
73	440	430	19	19	13	7	0.856398	0.15502	1.23701e-06	1.44444e-06
74	429	414	18	18	14	5	0.870628	0.13854	1.1159e-06	1.28172e-06
75	432	422	25	25	18	11	0.808075	0.2131	1.61264e-06	1.99566e-06
76	440	426	11	13	11	2	0.912251	0.09184	7.66369e-07	8.40085e-07
77	457	452	12	12	12	0	0.92741	0.07536	6.28201e-07	6.77371e-07
78	452	442	20	20	17	4	0.864158	0.146	1.15925e-06	1.34148e-06
79	398	389	20	20	18	2	0.873017	0.1358	1.07837e-06	1.23522e-06
80	469	464	23	24	20	4	0.84272	0.17112	1.32077e-06	1.56728e-06
81	418	407	18	19	13	7	0.856398	0.15502	1.23701e-06	1.44444e-06
82	456	449	15	15	10	6	0.882673	0.1248	1.02877e-06	1.16551e-06
83	431	418	15	15	12	3	0.896282	0.1095	9.01762e-07	1.00611e-06
84	403	400	15	15	13	2	0.900865	0.1044	8.58507e-07	9.5298e-07
85	442	433	22	22	15	10	0.827654	0.18916	1.46758e-06	1.77318e-06
86	426	413	9	9	6	3	0.930698	0.07182	6.21174e-07	6.67428e-07
87	445	436	18	18	15	3	0.879554	0.12834	1.03388e-06	1.17546e-06
88	425	416	13	13	11	2	0.912251	0.09184	7.66369e-07	8.40085e-07
89	431	421	25	25	19	7	0.824729	0.1927	1.47059e-06	1.78312e-06
90	432	421	21	21	18	3	0.863139	0.14718	1.16075e-06	1.3448e-06
91	465	457	18	18	15	3	0.879554	0.12834	1.03388e-06	1.17546e-06
92	433	419	19	19	14	5	0.865178	0.14482	1.15776e-06	1.33817e-06
93	473	463	21	22	17	9	0.831886	0.18406	1.43088e-06	1.72005e-06
94	443	428	14	15	14	1	0.905471	0.0993	8.14786e-07	8.99847e-07
95	432	423	18	18	16	2	0.884051	0.12324	9.92191e-07	1.12232e-06
96	456	450	21	22	14	11	0.823444	0.19426	1.50387e-06	1.82631e-06
97	406	393	16	16	13	4	0.88614	0.12088	9.88662e-07	1.11569e-06
98	411	403	14	14	10	7	0.883716	0.12362	1.02705e-06	1.1622e-06
99	423	412	22	22	19	3	0.857735	0.15346	1.2019e-06	1.40125e-06
100	436	426	22	22	17	8	0.836139	0.17896	1.39377e-06	1.66691e-06
101	434	423	26	26	19	10	0.807122	0.21428	1.61341e-06	1.99897e-06
102	430	420	15	15	12	3	0.896282	0.1095	9.01762e-07	1.00611e-06
103	445	436	19	19	16	3	0.874048	0.13462	1.07674e-06	1.2319e-06
104	438	429	10	10	9	1	0.934354	0.0679	5.77066e-07	6.17609e-07
105	459	449	26	26	20	8	0.815397	0.20408	1.5433e-06	1.8927e-06
106	409	403	7	7	6	1	0.952124	0.04906	4.26805e-07	4.48266e-07
107	482	477	21	21	19	2	0.867552	0.14208	1.12059e-06	1.29167e-06
108	424	412	17	18	13	8	0.857409	0.15384	1.23563e-06	1.44112e-06
109	431	424	10	10	10	0	0.939131	0.0628	5.30117e-07	5.64476e-07
110	436	431	20	21	18	3	0.863139	0.14718	1.16075e-06	1.3448e-06
111	432	425	16	16	14	2	0.895225	0.11068	9.03665e-07	1.00943e-06
112	447	440	18	18	14	4	0.87508	0.13344	1.07511e-06	1.22859e-06
113	383	378	19	20	17	4	0.864158	0.146	1.15925e-06	1.34148e-06
114	434	422	20	20	17	4	0.864158	0.146	1.15925e-06	1.34148e-06
115	448	438	19	19	13	16	0.817978	0.20092	1.57267e-06	1.92264e-06
116	435	426	15	15	12	4	0.891723	0.1146	9.44554e-07	1.05925e-06
117	426	421	22	24	19	6	0.834168	0.18132	1.39602e-06	1.67354e-06
118	419	416	12	12	12	0	0.92741	0.07536	6.28201e-07	6.77371e-07
119	437	430	15	16	15	1	0.899802	0.10558	8.60476e-07	9.56295e-07
120	451	445	25	25	18	10	0.812207	0.208	1.57773e-06	1.94252e-06
121	449	436	20	20	18	2	0.873017	0.1358	1.07837e-06	1.23522e-06
122	401	393	15	17	13	4	0.880593	0.12716	1.03218e-06	1.17214e-06
123	464	454	18	18	13	6	0.8662	0.14364	1.15625e-06	1.33486e-06
124	414	405	11	11	9	2	0.923781	0.07928	6.71764e-07	7.2719e-07
125	445	435	17	18	13	6	0.8662	0.14364	1.15625e-06	1.33486e-06
126	428	422	20	20	17	3	0.868576	0.1409	1.11903e-06	1.28835e-06
127	416	401	18	18	15	4	0.87508	0.13344	1.07511e-06	1.22859e-06
128	439	429	21	21	16	6	0.850033	0.16248	1.27862e-06	1.5042e-06
129	446	439	20	20	16	5	0.859762	0.1511	1.19904e-06	1.39462e-06
130	451	446	19	20	17	3	0.868576	0.1409	1.11903e-06	1.28835e-06
131	419	412	10	10	9	1	0.934354	0.0679	5.77066e-07	6.17609e-07
132	467	456	15	16	12	4	0.88614	0.12088	9.88662e-07	1.11569e-06
133	417	406	15	15	13	2	0.900865	0.1044	8.58507e-07	9.5298e-07
134	457	445	14	14	12	2	0.90654	0.09812	8.12743e-07	8.96533e-07
135	430	419	15	15	13	2	0.900865	0.1044	8.58507e-07	9.5298e-07
136	411	401	12	12	12	0	0.92741	0.07536	6.28201e-07	6.77371e-07
137	441	429	16	16	14	2	0.895225	0.11068	9.03665e-07	1.00943e-06
138	495	486	12	12	11	1	0.922692	0.08046	6.7403e-07	7.30504e-07
139	453	440	26	26	20	7	0.819566	0.19898	1.50765e-06	1.83957e-06
140	400	390	20	22	15	10	0.827654	0.18916	1.46758e-06	1.77318e-06
141	413	403	15	15	14	1	0.905471	0.0993	8.14786e-07	8.99847e-07
142	425	416	10	10	10	0	0.939131	0.0628	5.30117e-07	5.64476e-07
143	443	436	19	20	16	4	0.864158	0.146	1.15925e-06	1.34148e-06
144	432	426	16	16	14	2	0.895225	0.11068	9.03665e-07	1.00943e-06
145	427	414	22	22	15	8	0.836139	0.17896	1.39377e-06	1.66691e-06
146	442	434	18	18	15	3	0.879554	0.12834	1.03388e-06	1.17546e-06
147	432	420	16	17	13	5	0.876113	0.13226	1.07348e-06	1.22528e-06
148	455	443	25	26	16	17	0.778816	0.24998	1.8465e-06	2.3709e-06
149	440	429	16	16	14	3	0.890671	0.11578	9.46393e-07	1.06256e-06
150	419	411	18	18	14	5	0.870628	0.13854	1.1159e-06	1.28172e-06
151	421	414	21	21	17	5	0.854379	0.15738	1.23976e-06	1.45107e-06
152	427	419	19	19	12	10	0.843395	0.17032	1.35267e-06	1.60384e-06
153	433	422	20	20	17	4	0.864158	0.146	1.15925e-06	1.34148e-06
154	412	407	13	13	12	1	0.916915	0.08674	7.21568e-07	7.86952e-07
155	444	434	18	18	14	5	0.870628	0.13854	1.1159e-06	1.28172e-06
156	428	420	10	10	10	0	0.939131	0.0628	5.30117e-07	5.64476e-07
157	457	446	18	18	15	3	0.879554	0.12834	1.03388e-06	1.17546e-06
158	407	396	22	22	20	2	0.862121	0.14836	1.16224e-06	1.34811e-06
159	479	469	18	18	15	3	0.879554	0.12834	1.03388e-06	1.17546e-06
160	423	407	11	11	11	0	0.933252	0.06908	5.79478e-07	6.20924e-07
161	453	448	25	25	20	5	0.833185	0.1825	1.39713e-06	1.67686e-06
162	435	428	14	14	11	3	0.901929	0.10322	8.56531e-07	9.49666e-07
163	445	433	20	20	18	2	0.873017	0.1358	1.07837e-06	1.23522e-06
164	446	434	13	13	11	2	0.912251	0.09184	7.66369e-07	8.40085e-07
165	379	365	18	18	14	5	0.870628	0.13854	1.1159e-06	1.28172e-06
166	460	447	22	22	15	11	0.823444	0.19426	1.50387e-06	1.82631e-06
167	410	405	17	17	14	4	0.880593	0.12716	1.03218e-06	1.17214e-06
168	440	430	16	16	14	2	0.895225	0.11068	9.03665e-07	1.00943e-06
169	419	404	13	13	13	0	0.921604	0.08164	6.7629e-07	7.33819e-07
170	426	415	16	16	13	6	0.877148	0.13108	1.07184e-06	1.22196e-06
171	437	430	16	16	13	4	0.88614	0.12088	9.88662e-07	1.11569e-06
172	458	447	13	13	12	1	0.916915	0.08674	7.21568e-07	7.86952e-07
173	448	438	17	17	15	2	0.889621	0.11696	9.48225e-07	1.06588e-06
174	411	399	35	35	27	15	0.743564	0.2963	2.06165e-06	2.77266e-06
175	462	454	17	18	15	4	0.87508	0.13344	1.07511e-06	1.22859e-06
176	413	404	18	18	15	3	0.879554	0.12834	1.03388e-06	1.17546e-06
177	425	416	24	25	19	7	0.824729	0.1927	1.47059e-06	1.78312e-06
178	427	418	11	11	10	1	0.928505	0.07418	6.25865e-07	6.74057e-07
179	453	446	20	21	15	7	0.845709	0.16758	1.31705e-06	1.55733e-06
180	438	430	14	15	12	4	0.891723	0.1146	9.44554e-07	1.05925e-06
181	433	425	15	15	12	3	0.896282	0.1095	9.01762e-07	1.00611e-06
182	450	445	16	17	16	1	0.894169	0.11186	9.05563e-07	1.01274e-06
183	425	418	12	12	11	1	0.922692	0.08046	6.7403e-07	7.30504e-07
184	465	448	17	17	14	3	0.885095	0.12206	9.90429e-07	1.11901e-06
185	416	407	20	21	16	5	0.854379	0.15738	1.23976e-06	1.45107e-06
186	466	458	18	18	15	3	0.879554	0.12834	1.03388e-06	1.17546e-06
187	429	424	14	15	13	2	0.900865	0.1044	8.58507e-07	9.5298e-07
188	419	404	18	20	16	5	0.859762	0.1511	1.19904e-06	1.39462e-06
189	440	432	28	28	22	6	0.813475	0.20644	1.54506e-06	1.89933e-06
190	400	391	12	12	11	1	0.922692	0.08046	6.7403e-07	7.30504e-07
191	452	439	20	20	15	5	0.859762	0.1511	1.19904e-06	1.39462e-06
192	397	387	21	21	15	6	0.850033	0.16248	1.27862e-06	1.5042e-06
193	469	462	12	12	9	6	0.899461	0.10596	8.96016e-07	9.9617e-07
194	473	461	21	21	18	6	0.850033	0.16248	1.27862e-06	1.5042e-06
195	445	431	16	16	12	4	0.88614	0.12088	9.88662e-07	1.11569e-06
196	451	438	18	19	14	6	0.860777	0.14992	1.1976e-06	1.3913e-06
197	431	421	17	17	13	4	0.880593	0.12716	1.03218e-06	1.17214e-06
198	441	433	19	20	17	3	0.868576	0.1409	1.11903e-06	1.28835e-06
199	456	448	20	21	17	5	0.854379	0.15738	1.23976e-06	1.45107e-06
200	454	441	27	28	20	9	0.801124	0.22174	1.6493e-06	2.05873e-06
201	446	440	20	20	14	8	0.846707	0.1664	1.3158e-06	1.55402e-06
202	433	429	10	10	10	0	0.939131	0.0628	5.30117e-07	5.64476e-07
203	420	409	20	20	16	4	0.864158	0.146	1.15925e-06	1.34148e-06
204	433	427	19	19	14	6	0.860777	0.14992	1.1976e-06	1.3913e-06
205	432	423	17	18	16	2	0.884051	0.12324	9.92191e-07	1.12232e-06
206	464	451	14	14	12	2	0.90654	0.09812	8.12743e-07	8.96533e-07
207	443	435	19	19	16	3	0.874048	0.13462	1.07674e-06	1.2319e-06
208	468	458	18	18	14	5	0.870628	0.13854	1.1159e-06	1.28172e-06
209	456	449	19	19	14	6	0.860777	0.14992	1.1976e-06	1.3913e-06
210	405	401	21	22	16	6	0.844712	0.16876	1.3183e-06	1.56065e-06
211	477	469	25	26	17	18	0.774855	0.25508	1.87827e-06	2.42404e-06
212	422	409	20	21	20	1	0.871988	0.13698	1.07999e-06	1.23853e-06
213	468	457	12	12	10	2	0.917998	0.08556	7.19378e-07	7.83638e-07
214	434	423	23	23	18	8	0.830905	0.18524	1.43195e-06	1.72336e-06
215	451	441	18	18	13	6	0.8662	0.14364	1.15625e-06	1.33486e-06
216	445	435	20	21	15	7	0.845709	0.16758	1.31705e-06	1.55733e-06
217	402	390	13	13	11	2	0.912251	0.09184	7.66369e-07	8.40085e-07
218	458	452	17	17	10	22	0.803354	0.21896	1.70997e-06	2.12854e-06
219	408	397	19	19	17	2	0.878517	0.12952	1.03557e-06	1.17877e-06
220	481	471	15	15	13	2	0.900865	0.1044	8.58507e-07	9.5298e-07
221	425	413	14	14	12	2	0.90654	0.09812	8.12743e-07	8.96533e-07
222	421	409	14	14	14	0	0.915834	0.08792	7.23753e-07	7.90266e-07
223	439	426	16	17	13	4	0.880593	0.12716	1.03218e-06	1.17214e-06
224	466	461	15	16	13	3	0.890671	0.11578	9.46393e-07	1.06256e-06
225	447	437	28	28	21	9	0.801124	0.22174	1.6493e-06	2.05873e-06
226	419	415	19	20	16	4	0.864158	0.146	1.15925e-06	1.34148e-06
227	461	449	24	24	21	3	0.847029	0.16602	1.28252e-06	1.51414e-06
228	445	435	27	27	22	6	0.8186	0.20016	1.50858e-06	1.84288e-06
229	458	447	21	21	19	2	0.867552	0.14208	1.12059e-06	1.29167e-06
230	426	414	22	23	18	8	0.830905	0.18524	1.43195e-06	1.72336e-06
231	412	404	18	18	15	4	0.87508	0.13344	1.07511e-06	1.22859e-06
232	437	426	16	16	14	2	0.895225	0.11068	9.03665e-07	1.00943e-06
233	415	403	18	18	15	4	0.87508	0.13344	1.07511e-06	1.22859e-06
234	449	443	16	16	12	5	0.881632	0.12598	1.03048e-06	1.16883e-06
235	444	439	26	26	19	14	0.790824	0.23468	1.74891e-06	2.2115e-06
236	464	458	20	20	16	6	0.855388	0.1562	1.23839e-06	1.44775e-06
237	414	410	15	15	13	2	0.900865	0.1044	8.58507e-07	9.5298e-07
238	478	473	24	25	20	8	0.820534	0.1978	1.50671e-06	1.83626e-06
239	428	419	21	22	15	8	0.836139	0.17896	1.39377e-06	1.66691e-06
240	425	416	15	15	12	3	0.896282	0.1095	9.01762e-07	1.00611e-06
241	439	430	16	16	15	1	0.899802	0.10558	8.60476e-07	9.56295e-07
242	443	438	16	16	15	1	0.899802	0.10558	8.60476e-07	9.56295e-07
243	450	442	9	9	8	1	0.94024	0.06162	5.27627e-07	5.61162e-07
244	394	386	21	22	16	8	0.836139	0.17896	1.39377e-06	1.66691e-06
245	467	458	18	18	15	3	0.879554	0.12834	1.03388e-06	1.17546e-06
246	417	414	21	21	16	5	0.854379	0.15738	1.23976e-06	1.45107e-06
247	503	497	23	23	18	6	0.839423	0.17504	1.35743e-06	1.61709e-06
248	458	442	13	14	12	2	0.90654	0.09812	8.12743e-07	8.96533e-07
249	436	426	11	12	10	2	0.917998	0.08556	7.19378e-07	7.83638e-07
250	412	403	17	17	13	5	0.876113	0.13226	1.07348e-06	1.22528e-06
251	433	424	26	27	19	13	0.789891	0.23586	1.74946e-06	2.21482e-06
252	452	442	18	20	12	14	0.821191	0.197	1.53794e-06	1.87282e-06
253	451	446	17	18	13	5	0.870628	0.13854	1.1159e-06	1.28172e-06
254	431	422	21	21	18	4	0.858748	0.15228	1.20047e-06	1.39793e-06
255	419	408	17	17	16	1	0.894169	0.11186	9.05563e-07	1.01274e-06
256	446	435	14	14	13	1	0.911175	0.09302	7.68485e-07	8.434e-07
257	431	418	24	25	20	5	0.833185	0.1825	1.39713e-06	1.67686e-06
258	446	443	18	19	15	5	0.865178	0.14482	1.15776e-06	1.33817e-06
259	442	435	17	17	16	1	0.894169	0.11186	9.05563e-07	1.01274e-06
260	387	380	11	11	9	2	0.923781	0.07928	6.71764e-07	7.2719e-07
261	455	446	21	21	16	8	0.841407	0.17268	1.35506e-06	1.61047e-06
262	403	389	14	14	12	2	0.90654	0.09812	8.12743e-07	8.96533e-07
263	474	465	24	25	18	8	0.820534	0.1978	1.50671e-06	1.83626e-06
264	421	413	21	21	15	8	0.841407	0.17268	1.35506e-06	1.61047e-06
265	434	425	16	16	15	1	0.899802	0.10558	8.60476e-07	9.56295e-07
266	433	423	14	15	13	2	0.900865	0.1044	8.58507e-07	9.5298e-07
267	473	461	34	34	22	18	0.736888	0.30532	2.11901e-06	2.87562e-06
268	444	432	20	20	15	5	0.859762	0.1511	1.19904e-06	1.39462e-06
269	412	406	17	18	15	3	0.879554	0.12834	1.03388e-06	1.17546e-06
270	457	445	15	15	10	5	0.887187	0.1197	9.86889e-07	1.11238e-06
271	407	397	20	21	16	5	0.854379	0.15738	1.23976e-06	1.45107e-06
272	479	467	22	22	17	6	0.844712	0.16876	1.3183e-06	1.56065e-06
273	423	416	22	22	16	7	0.840415	0.17386	1.35624e-06	1.61378e-06
274	438	426	33	34	26	11	0.76367	0.26962	1.91199e-06	2.50368e-06
275	430	420	13	13	12	1	0.916915	0.08674	7.21568e-07	7.86952e-07
276	425	417	14	14	12	2	0.90654	0.09812	8.12743e-07	8.96533e-07
277	446	435	26	26	21	9	0.811249	0.20918	1.57856e-06	1.94584e-06
278	426	410	19	19	13	6	0.860777	0.14992	1.1976e-06	1.3913e-06
279	477	467	14	14	12	2	0.90654	0.09812	8.12743e-07	8.96533e-07
280	443	438	12	12	11	1	0.922692	0.08046	6.7403e-07	7.30504e-07
281	467	460	18	18	15	3	0.879554	0.12834	1.03388e-06	1.17546e-06
282	425	415	20	20	16	4	0.864158	0.146	1.15925e-06	1.34148e-06
283	420	411	14	14	13	1	0.911175	0.09302	7.68485e-07	8.434e-07
284	436	427	14	14	11	4	0.89734	0.10832	8.99852e-07	1.0028e-06
285	452	438	22	24	18	9	0.821503	0.19662	1.50577e-06	1.83294e-06
286	447	440	25	25	18	10	0.812207	0.208	1.57773e-06	1.94252e-06
287	436	427	11	11	10	1	0.928505	0.07418	6.25865e-07	6.74057e-07
288	462	452	13	13	10	4	0.902993	0.10204	8.54549e-07	9.46352e-07
289	413	402	11	12	9	4	0.908682	0.09576	8.0864e-07	8.89904e-07
290	422	414	15	15	15	0	0.910101	0.0942	7.70595e-07	8.46714e-07
291	427	422	12	12	11	1	0.922692	0.08046	6.7403e-07	7.30504e-07
292	431	426	15	15	14	1	0.905471	0.0993	8.14786e-07	8.99847e-07
293	438	428	20	20	17	3	0.868576	0.1409	1.11903e-06	1.28835e-06
294	466	458	18	18	12	8	0.857409	0.15384	1.23563e-06	1.44112e-06
295	449	440	25	26	18	9	0.811249	0.20918	1.57856e-06	1.94584e-06
296	391	379	15	15	14	1	0.905471	0.0993	8.14786e-07	8.99847e-07
297	465	457	18	18	13	8	0.857409	0.15384	1.23563e-06	1.44112e-06
298	415	405	10	10	8	2	0.929601	0.073	6.23523e-07	6.70742e-07
299	449	442	23	23	16	11	0.818289	0.20054	1.54064e-06	1.88276e-06
300	429	423	14	14	12	2	0.90654	0.09812	8.12743e-07	8.96533e-07
301	441	431	12	13	10	3	0.90761	0.09694	8.10694e-07	8.93218e-07
302	420	409	19	19	17	2	0.878517	0.12952	1.03557e-06	1.17877e-06
303	448	437	14	14	11	3	0.901929	0.10322	8.56531e-07	9.49666e-07
304	420	412	23	24	15	14	0.800819	0.22212	1.68061e-06	2.09861e-06
305	458	446	21	21	15	7	0.845709	0.16758	1.31705e-06	1.55733e-06
306	436	429	26	28	15	20	0.757418	0.27784	2.002e-06	2.6432e-06
307	418	407	23	23	17	7	0.835153	0.18014	1.3949e-06	1.67023e-06
308	437	425	22	23	17	8	0.830905	0.18524	1.43195e-06	1.72336e-06
309	430	422	18	18	15	3	0.879554	0.12834	1.03388e-06	1.17546e-06
310	452	444	18	19	14	8	0.852042	0.16012	1.27599e-06	1.49757e-06
311	441	425	21	21	19	2	0.867552	0.14208	1.12059e-06	1.29167e-06
312	403	398	15	15	13	2	0.900865	0.1044	8.58507e-07	9.5298e-07
313	453	442	19	20	14	8	0.846707	0.1664	1.3158e-06	1.55402e-06
314	479	466	14	15	11	5	0.887187	0.1197	9.86889e-07	1.11238e-06
315	472	463	25	25	20	5	0.833185	0.1825	1.39713e-06	1.67686e-06
316	420	409	13	13	13	0	0.921604	0.08164	6.7629e-07	7.33819e-07
317	387	375	11	11	8	4	0.914407	0.08948	7.62118e-07	8.33456e-07
318	432	419	20	20	15	8	0.846707	0.1664	1.3158e-06	1.55402e-06
319	444	434	16	16	14	2	0.895225	0.11068	9.03665e-07	1.00943e-06
320	443	434	13	13	13	0	0.921604	0.08164	6.7629e-07	7.33819e-07
321	420	411	20	20	14	9	0.8424	0.1715	1.35386e-06	1.60715e-06
322	456	450	18	18	15	3	0.879554	0.12834	1.03388e-06	1.17546e-06
323	405	396	19	19	15	5	0.865178	0.14482	1.15776e-06	1.33817e-06
324	476	465	14	14	11	3	0.901929	0.10322	8.56531e-07	9.49666e-07
325	422	412	23	24	17	13	0.804914	0.21702	1.64643e-06	2.04547e-06
326	432	422	13	14	12	3	0.901929	0.10322	8.56531e-07	9.49666e-07
327	434	425	25	25	20	6	0.828946	0.1876	1.43407e-06	1.72999e-06
328	435	427	17	18	16	2	0.884051	0.12324	9.92191e-07	1.12232e-06
329	452	440	15	15	13	3	0.896282	0.1095	9.01762e-07	1.00611e-06
330	431	424	22	22	18	5	0.849031	0.16366	1.27992e-06	1.50751e-06
331	403	390	15	16	13	3	0.890671	0.11578	9.46393e-07	1.06256e-06
332	421	415	10	10	8	3	0.924872	0.0781	6.69492e-07	7.23876e-07
333	479	467	27	28	20	11	0.792994	0.23194	1.71683e-06	2.165e-06
334	424	417	37	38	26	14	0.733418	0.31004	2.11875e-06	2.88887e-06
335	426	415	19	20	16	4	0.864158	0.146	1.15925e-06	1.34148e-06
336	435	428	21	21	17	4	0.858748	0.15228	1.20047e-06	1.39793e-06
337	519	510	24	24	16	10	0.817324	0.20172	1.54153e-06	1.88607e-06
338	446	444	15	15	15	0	0.910101	0.0942	7.70595e-07	8.46714e-07
339	441	437	15	15	14	1	0.905471	0.0993	8.14786e-07	8.99847e-07
340	460	453	20	20	17	3	0.868576	0.1409	1.11903e-06	1.28835e-06
341	411	398	15	16	12	5	0.881632	0.12598	1.03048e-06	1.16883e-06
342	459	451	18	18	16	2	0.884051	0.12324	9.92191e-07	1.12232e-06
343	426	416	27	28	20	10	0.797048	0.22684	1.68326e-06	2.11186e-06
344	436	427	17	17	13	4	0.880593	0.12716	1.03218e-06	1.17214e-06
345	437	426	25	25	16	19	0.775769	0.2539	1.87792e-06	2.42072e-06
346	394	387	14	14	10	5	0.892776	0.11342	9.42711e-07	1.05593e-06
347	448	436	15	15	14	1	0.905471	0.0993	8.14786e-07	8.99847e-07
348	452	445	21	22	17	5	0.849031	0.16366	1.27992e-06	1.50751e-06
349	463	455	17	18	15	3	0.879554	0.12834	1.03388e-06	1.17546e-06
350	414	405	15	16	10	7	0.872686	0.13618	1.11276e-06	1.27509e-06
351	439	431	12	12	11	1	0.922692	0.08046	6.7403e-07	7.30504e-07
352	428	417	19	19	14	8	0.852042	0.16012	1.27599e-06	1.49757e-06
353	409	405	20	20	17	4	0.864158	0.146	1.15925e-06	1.34148e-06
354	439	423	20	20	17	3	0.868576	0.1409	1.11903e-06	1.28835e-06
355	441	434	13	13	11	2	0.912251	0.09184	7.66369e-07	8.40085e-07
356	456	449	23	23	16	7	0.835153	0.18014	1.3949e-06	1.67023e-06
357	436	427	16	16	14	2	0.895225	0.11068	9.03665e-07	1.00943e-06
358	441	432	11	11	9	2	0.923781	0.07928	6.71764e-07	7.2719e-07
359	435	423	18	19	13	16	0.817978	0.20092	1.57267e-06	1.92264e-06
360	453	444	22	22	17	6	0.844712	0.16876	1.3183e-06	1.56065e-06
361	430	421	19	19	15	7	0.856398	0.15502	1.23701e-06	1.44444e-06
362	459	448	28	28	23	6	0.813475	0.20644	1.54506e-06	1.89933e-06
363	440	435	14	14	10	5	0.892776	0.11342	9.42711e-07	1.05593e-06
364	413	402	22	23	15	11	0.818289	0.20054	1.54064e-06	1.88276e-06
365	452	442	18	18	15	3	0.879554	0.12834	1.03388e-06	1.17546e-06
366	461	457	11	11	7	5	0.909755	0.09458	8.06579e-07	8.8659e-07
367	470	465	16	16	13	3	0.890671	0.11578	9.46393e-07	1.06256e-06
368	419	413	8	8	7	1	0.946163	0.05534	4.77542e-07	5.04714e-07
369	439	432	19	19	17	3	0.874048	0.13462	1.07674e-06	1.2319e-06
370	431	424	12	12	12	0	0.92741	0.07536	6.28201e-07	6.77371e-07
371	446	437	23	23	19	4	0.848029	0.16484	1.28123e-06	1.51083e-06
372	442	430	20	21	16	5	0.854379	0.15738	1.23976e-06	1.45107e-06
373	426	417	8	8	8	0	0.951001	0.05024	4.29454e-07	4.51581e-07
374	454	443	27	27	17	16	0.777898	0.25116	1.8469e-06	2.37422e-06
375	403	397	16	16	15	1	0.899802	0.10558	8.60476e-07	9.56295e-07
376	474	465	15	15	14	1	0.905471	0.0993	8.14786e-07	8.99847e-07
377	421	410	18	18	15	3	0.879554	0.12834	1.03388e-06	1.17546e-06
378	420	415	15	15	12	3	0.896282	0.1095	9.01762e-07	1.00611e-06
379	433	424	25	25	20	7	0.824729	0.1927	1.47059e-06	1.78312e-06
380	444	435	18	18	15	3	0.879554	0.12834	1.03388e-06	1.17546e-06
381	444	436	10	11	9	2	0.923781	0.07928	6.71764e-07	7.2719e-07
382	368	361	22	23	15	12	0.814126	0.20564	1.57606e-06	1.93589e-06
383	413	404	12	12	11	1	0.922692	0.08046	6.7403e-07	7.30504e-07
384	451	441	27	27	23	4	0.826992	0.18996	1.43617e-06	1.73662e-06
385	474	463	24	24	17	10	0.817324	0.20172	1.54153e-06	1.88607e-06
386	423	418	10	10	9	1	0.934354	0.0679	5.77066e-07	6.17609e-07
387	431	422	27	27	19	11	0.797989	0.22566	1.6826e-06	2.10855e-06
388	435	430	11	11	10	1	0.928505	0.07418	6.25865e-07	6.74057e-07
389	433	426	23	23	16	9	0.826678	0.19034	1.46859e-06	1.77649e-06
390	445	430	21	22	17	8	0.836139	0.17896	1.39377e-06	1.66691e-06
391	446	441	13	13	12	1	0.916915	0.08674	7.21568e-07	7.86952e-07
392	459	448	16	16	14	2	0.895225	0.11068	9.03665e-07	1.00943e-06
393	409	397	25	26	17	15	0.786801	0.23978	1.78182e-06	2.26464e-06
394	452	442	15	15	13	2	0.900865	0.1044	8.58507e-07	9.5298e-07
395	425	415	17	17	15	3	0.885095	0.12206	9.90429e-07	1.11901e-06
396	441	429	18	18	13	7	0.861793	0.14874	1.19616e-06	1.38799e-06
397	436	426	23	24	18	7	0.829925	0.18642	1.43301e-06	1.72667e-06
398	449	440	16	16	14	2	0.895225	0.11068	9.03665e-07	1.00943e-06
399	447	434	16	18	13	6	0.8662	0.14364	1.15625e-06	1.33486e-06
400	459	445	29	29	18	22	0.745038	0.29432	2.09051e-06	2.80591e-06
401	462	450	27	27	22	6	0.8186	0.20016	1.50858e-06	1.84288e-06
402	412	403	17	17	13	4	0.880593	0.12716	1.03218e-06	1.17214e-06
403	420	409	17	18	12	9	0.853048	0.15894	1.27467e-06	1.49426e-06
404	427	419	20	20	17	4	0.864158	0.146	1.15925e-06	1.34148e-06
405	452	435	17	17	14	4	0.880593	0.12716	1.03218e-06	1.17214e-06
406	438	427	19	19	13	7	0.856398	0.15502	1.23701e-06	1.44444e-06
407	404	399	18	18	16	3	0.879554	0.12834	1.03388e-06	1.17546e-06
408	449	435	21	22	14	10	0.827654	0.18916	1.46758e-06	1.77318e-06
409	481	468	18	19	13	7	0.856398	0.15502	1.23701e-06	1.44444e-06
410	447	432	18	18	15	6	0.8662	0.14364	1.15625e-06	1.33486e-06
411	426	418	19	19	18	1	0.883009	0.12442	9.93948e-07	1.12564e-06
412	447	435	24	24	19	5	0.838434	0.17622	1.3586e-06	1.62041e-06
413	429	413	12	12	11	1	0.922692	0.08046	6.7403e-07	7.30504e-07
414	468	457	18	18	13	6	0.8662	0.14364	1.15625e-06	1.33486e-06
415	439	434	20	20	18	2	0.873017	0.1358	1.07837e-06	1.23522e-06
416	420	415	19	20	15	5	0.859762	0.1511	1.19904e-06	1.39462e-06
417	451	440	16	16	14	2	0.895225	0.11068	9.03665e-07	1.00943e-06
418	432	421	26	26	17	13	0.794867	0.22958	1.71562e-06	2.15837e-06
419	468	460	15	15	11	6	0.882673	0.1248	1.02877e-06	1.16551e-06
420	417	408	23	23	21	2	0.856724	0.15464	1.20332e-06	1.40456e-06
421	437	424	15	15	13	2	0.900865	0.1044	8.58507e-07	9.5298e-07
422	430	419	16	16	14	2	0.895225	0.11068	9.03665e-07	1.00943e-06
423	382	374	23	24	19	6	0.834168	0.18132	1.39602e-06	1.67354e-06
424	441	431	29	30	24	6	0.803322	0.219	1.61647e-06	2.01223e-06
425	432	426	27	28	22	7	0.809337	0.21154	1.5802e-06	1.95247e-06
426	453	445	18	18	15	3	0.879554	0.12834	1.03388e-06	1.17546e-06
427	400	396	17	17	16	1	0.894169	0.11186	9.05563e-07	1.01274e-06
428	471	465	20	20	17	4	0.864158	0.146	1.15925e-06	1.34148e-06
429	420	409	18	18	13	5	0.870628	0.13854	1.1159e-06	1.28172e-06
430	426	414	17	17	14	3	0.885095	0.12206	9.90429e-07	1.11901e-06
431	432	421	10	10	10	0	0.939131	0.0628	5.30117e-07	5.64476e-07
432	451	443	22	24	20	4	0.84272	0.17112	1.32077e-06	1.56728e-06
433	443	437	13	13	12	1	0.916915	0.08674	7.21568e-07	7.86952e-07
434	442	432	25	25	19	6	0.828946	0.1876	1.43407e-06	1.72999e-06
435	455	452	20	20	16	4	0.864158	0.146	1.15925e-06	1.34148e-06
436	437	431	14	15	10	6	0.882673	0.1248	1.02877e-06	1.16551e-06
437	437	421	19	20	13	9	0.8424	0.1715	1.35386e-06	1.60715e-06
438	459	453	13	13	10	4	0.902993	0.10204	8.54549e-07	9.46352e-07
439	437	431	25	25	18	13	0.799875	0.2233	1.68127e-06	2.10192e-06
440	434	423	20	20	17	3	0.868576	0.1409	1.11903e-06	1.28835e-06
441	417	409	12	13	11	2	0.912251	0.09184	7.66369e-07	8.40085e-07
442	444	433	13	13	10	3	0.90761	0.09694	8.10694e-07	8.93218e-07
443	453	443	22	24	17	14	0.800819	0.22212	1.68061e-06	2.09861e-06
444	458	453	19	20	15	8	0.846707	0.1664	1.3158e-06	1.55402e-06
445	408	400	18	18	14	5	0.870628	0.13854	1.1159e-06	1.28172e-06
446	428	424	23	24	19	6	0.834168	0.18132	1.39602e-06	1.67354e-06
447	424	417	17	17	12	6	0.871656	0.13736	1.11433e-06	1.27841e-06
448	457	449	14	14	11	4	0.89734	0.10832	8.99852e-07	1.0028e-06
449	435	430	22	24	20	5	0.838434	0.17622	1.3586e-06	1.62041e-06
450	439	428	28	28	22	6	0.813475	0.20644	1.54506e-06	1.89933e-06
451	446	436	30	30	23	8	0.795169	0.2292	1.68456e-06	2.11849e-06
452	437	424	16	16	13	4	0.88614	0.12088	9.88662e-07	1.11569e-06
453	460	452	18	19	14	6	0.860777	0.14992	1.1976e-06	1.3913e-06
454	411	401	16	16	15	1	0.899802	0.10558	8.60476e-07	9.56295e-07
455	427	420	20	20	14	7	0.851037	0.1613	1.27731e-06	1.50088e-06
456	426	417	19	20	15	6	0.855388	0.1562	1.23839e-06	1.44775e-06
457	460	450	22	24	16	9	0.821503	0.19662	1.50577e-06	1.83294e-06
458	437	430	10	10	10	0	0.939131	0.0628	5.30117e-07	5.64476e-07
459	413	405	16	16	14	2	0.895225	0.11068	9.03665e-07	1.00943e-06
460	448	445	21	21	17	4	0.858748	0.15228	1.20047e-06	1.39793e-06
461	387	383	8	8	8	0	0.951001	0.05024	4.29454e-07	4.51581e-07
462	463	451	26	26	22	5	0.827969	0.18878	1.43512e-06	1.7333e-06
463	432	422	23	23	17	9	0.826678	0.19034	1.46859e-06	1.77649e-06
464	403	392	17	17	15	2	0.889621	0.11696	9.48225e-07	1.06588e-06
465	438	430	16	16	15	1	0.899802	0.10558	8.60476e-07	9.56295e-07
466	420	402	27	28	20	10	0.797048	0.22684	1.68326e-06	2.11186e-06
467	439	435	20	20	16	5	0.859762	0.1511	1.19904e-06	1.39462e-06
468	427	421	13	13	13	0	0.921604	0.08164	6.7629e-07	7.33819e-07
469	450	437	11	11	11	0	0.933252	0.06908	5.79478e-07	6.20924e-07
470	438	429	17	19	15	5	0.865178	0.14482	1.15776e-06	1.33817e-06
471	469	461	21	22	19	3	0.857735	0.15346	1.2019e-06	1.40125e-06
472	416	412	15	15	12	3	0.896282	0.1095	9.01762e-07	1.00611e-06
473	421	407	21	21	16	6	0.850033	0.16248	1.27862e-06	1.5042e-06
474	429	421	12	12	9	4	0.908682	0.09576	8.0864e-07	8.89904e-07
475	438	433	19	19	15	4	0.869602	0.13972	1.11747e-06	1.28504e-06
476	440	427	27	28	22	6	0.813475	0.20644	1.54506e-06	1.89933e-06
477	476	460	15	16	13	3	0.890671	0.11578	9.46393e-07	1.06256e-06
478	452	442	20	20	14	7	0.851037	0.1613	1.27731e-06	1.50088e-06
479	398	387	14	14	13	1	0.911175	0.09302	7.68485e-07	8.434e-07
480	469	462	17	18	15	4	0.87508	0.13344	1.07511e-06	1.22859e-06
481	418	407	16	17	15	2	0.889621	0.11696	9.48225e-07	1.06588e-06
482	432	420	19	19	15	4	0.869602	0.13972	1.11747e-06	1.28504e-06
483	431	423	20	21	18	4	0.858748	0.15228	1.20047e-06	1.39793e-06
484	438	433	27	28	20	9	0.801124	0.22174	1.6493e-06	2.05873e-06
485	442	433	27	28	21	8	0.80522	0.21664	1.61495e-06	2.0056e-06
486	447	435	13	13	12	1	0.916915	0.08674	7.21568e-07	7.86952e-07
487	454	444	17	17	15	2	0.889621	0.11696	9.48225e-07	1.06588e-06
488	402	390	18	19	12	10	0.843395	0.17032	1.35267e-06	1.60384e-06
489	473	460	24	24	21	4	0.84272	0.17112	1.32077e-06	1.56728e-06
490	469	463	27	27	19	10	0.80207	0.22056	1.64859e-06	2.05542e-06
491	442	430	24	25	19	7	0.824729	0.1927	1.47059e-06	1.78312e-06
492	421	413	21	21	16	5	0.854379	0.15738	1.23976e-06	1.45107e-06
493	425	418	21	21	17	6	0.850033	0.16248	1.27862e-06	1.5042e-06
494	444	434	17	17	14	3	0.885095	0.12206	9.90429e-07	1.11901e-06
495	460	444	21	21	16	8	0.841407	0.17268	1.35506e-06	1.61047e-06
496	456	448	14	14	13	1	0.911175	0.09302	7.68485e-07	8.434e-07
497	414	405	23	23	15	14	0.805864	0.21584	1.6457e-06	2.04216e-06
498	469	460	16	16	12	4	0.88614	0.12088	9.88662e-07	1.11569e-06
499	423	417	14	14	12	2	0.90654	0.09812	8.12743e-07	8.96533e-07
500	453	437	21	21	18	3	0.863139	0.14718	1.16075e-06	1.3448e-06
501	434	424	13	13	11	2	0.912251	0.09184	7.66369e-07	8.40085e-07
502	405	396	16	17	15	2	0.889621	0.11696	9.48225e-07	1.06588e-06
503	445	435	16	16	15	1	0.899802	0.10558	8.60476e-07	9.56295e-07
504	482	473	20	20	14	9	0.8424	0.1715	1.35386e-06	1.60715e-06
505	459	454	11	11	11	0	0.933252	0.06908	5.79478e-07	6.20924e-07
506	409	403	20	21	19	2	0.867552	0.14208	1.12059e-06	1.29167e-06
507	443	435	21	21	15	8	0.841407	0.17268	1.35506e-06	1.61047e-06
508	425	418	13	13	11	2	0.912251	0.09184	7.66369e-07	8.40085e-07
509	469	456	24	24	20	5	0.838434	0.17622	1.3586e-06	1.62041e-06
510	436	428	23	23	18	5	0.843715	0.16994	1.31954e-06	1.56396e-06
511	421	414	16	16	14	2	0.895225	0.11068	9.03665e-07	1.00943e-06
512	447	432	17	17	14	3	0.885095	0.12206	9.90429e-07	1.11901e-06
513	384	374	15	15	13	2	0.900865	0.1044	8.58507e-07	9.5298e-07
514	461	448	22	23	14	14	0.805864	0.21584	1.6457e-06	2.04216e-06
515	412	403	20	20	16	4	0.864158	0.146	1.15925e-06	1.34148e-06
516	489	477	21	21	16	5	0.854379	0.15738	1.23976e-06	1.45107e-06
517	432	421	14	14	13	1	0.911175	0.09302	7.68485e-07	8.434e-07
518	446	434	20	21	14	9	0.837127	0.17778	1.39264e-06	1.6636e-06
519	453	449	32	33	22	16	0.749132	0.28884	2.03232e-06	2.7129e-06
520	432	424	19	19	14	6	0.860777	0.14992	1.1976e-06	1.3913e-06
521	449	443	20	20	19	1	0.877481	0.1307	1.03726e-06	1.18209e-06
522	397	385	13	13	12	1	0.916915	0.08674	7.21568e-07	7.86952e-07
523	482	473	24	24	22	2	0.85136	0.16092	1.24384e-06	1.46101e-06
524	415	408	23	25	17	12	0.803965	0.2182	1.64715e-06	2.04879e-06
525	427	416	13	13	10	4	0.902993	0.10204	8.54549e-07	9.46352e-07
526	428	422	17	17	15	2	0.889621	0.11696	9.48225e-07	1.06588e-06
527	439	430	17	17	15	2	0.889621	0.11696	9.48225e-07	1.06588e-06
528	439	428	17	17	15	2	0.889621	0.11696	9.48225e-07	1.06588e-06
529	442	433	19	19	15	5	0.865178	0.14482	1.15776e-06	1.33817e-06
530	451	446	18	18	17	1	0.888572	0.11814	9.50052e-07	1.06919e-06
531	430	424	12	12	10	2	0.917998	0.08556	7.19378e-07	7.83638e-07
532	467	458	20	20	15	5	0.859762	0.1511	1.19904e-06	1.39462e-06
533	417	407	20	20	17	4	0.864158	0.146	1.15925e-06	1.34148e-06
534	437	430	25	25	17	12	0.803965	0.2182	1.64715e-06	2.04879e-06
535	430	420	13	13	11	2	0.912251	0.09184	7.66369e-07	8.40085e-07
536	454	440	15	15	13	2	0.900865	0.1044	8.58507e-07	9.5298e-07
537	441	435	22	22	17	6	0.844712	0.16876	1.3183e-06	1.56065e-06
538	453	439	23	23	18	5	0.843715	0.16994	1.31954e-06	1.56396e-06
539	453	447	12	12	11	1	0.922692	0.08046	6.7403e-07	7.30504e-07
540	400	385	25	25	17	9	0.81636	0.2029	1.54242e-06	1.88939e-06
541	471	459	23	23	19	4	0.848029	0.16484	1.28123e-06	1.51083e-06
542	419	411	18	18	15	4	0.87508	0.13344	1.07511e-06	1.22859e-06
543	447	443	20	20	15	6	0.855388	0.1562	1.23839e-06	1.44775e-06
544	427	412	18	19	12	8	0.852042	0.16012	1.27599e-06	1.49757e-06
545	431	419	23	23	15	12	0.814126	0.20564	1.57606e-06	1.93589e-06
546	442	431	25	26	19	9	0.811249	0.20918	1.57856e-06	1.94584e-06
547	457	444	26	27	20	11	0.797989	0.22566	1.6826e-06	2.10855e-06
548	455	443	18	18	14	4	0.87508	0.13344	1.07511e-06	1.22859e-06
549	421	410	23	24	18	8	0.825703	0.19152	1.46959e-06	1.77981e-06
550	439	433	26	26	22	5	0.827969	0.18878	1.43512e-06	1.7333e-06
551	422	415	20	20	19	1	0.877481	0.1307	1.03726e-06	1.18209e-06
552	460	454	15	15	13	2	0.900865	0.1044	8.58507e-07	9.5298e-07
553	433	427	19	19	14	6	0.860777	0.14992	1.1976e-06	1.3913e-06
554	455	439	19	19	15	6	0.860777	0.14992	1.1976e-06	1.3913e-06
555	444	433	16	16	15	1	0.899802	0.10558	8.60476e-07	9.56295e-07
556	439	427	20	20	17	6	0.855388	0.1562	1.23839e-06	1.44775e-06
557	457	438	17	18	16	3	0.879554	0.12834	1.03388e-06	1.17546e-06
558	407	402	21	21	15	7	0.845709	0.16758	1.31705e-06	1.55733e-06
559	426	412	14	14	13	1	0.911175	0.09302	7.68485e-07	8.434e-07
560	424	419	12	12	9	3	0.913328	0.09066	7.64246e-07	8.36771e-07
561	454	444	22	22	16	8	0.836139	0.17896	1.39377e-06	1.66691e-06
562	435	422	12	12	10	2	0.917998	0.08556	7.19378e-07	7.83638e-07
563	427	419	15	15	12	3	0.896282	0.1095	9.01762e-07	1.00611e-06
564	446	437	18	18	17	1	0.888572	0.11814	9.50052e-07	1.06919e-06
565	405	401	20	20	14	7	0.851037	0.1613	1.27731e-06	1.50088e-06
566	460	451	19	19	16	3	0.874048	0.13462	1.07674e-06	1.2319e-06
567	410	400	18	18	16	3	0.879554	0.12834	1.03388e-06	1.17546e-06
568	485	476	16	16	13	3	0.890671	0.11578	9.46393e-07	1.06256e-06
569	425	418	16	16	11	8	0.868246	0.14128	1.15323e-06	1.32823e-06
570	453	441	22	24	16	16	0.792692	0.23232	1.74779e-06	2.20487e-06
571	460	446	28	29	21	11	0.788029	0.23822	1.75056e-06	2.22145e-06
572	437	428	28	28	21	8	0.80522	0.21664	1.61495e-06	2.0056e-06
573	414	406	16	17	12	7	0.867222	0.14246	1.15474e-06	1.33154e-06
574	438	431	9	9	7	2	0.935457	0.06672	5.74646e-07	6.14295e-07
575	452	443	15	15	14	1	0.905471	0.0993	8.14786e-07	8.99847e-07
576	453	444	20	21	15	7	0.845709	0.16758	1.31705e-06	1.55733e-06
577	432	421	17	18	13	7	0.861793	0.14874	1.19616e-06	1.38799e-06
578	427	414	20	20	16	5	0.859762	0.1511	1.19904e-06	1.39462e-06
579	407	395	18	18	15	4	0.87508	0.13344	1.07511e-06	1.22859e-06
580	438	428	12	12	10	2	0.917998	0.08556	7.19378e-07	7.83638e-07
581	447	438	30	31	18	23	0.731996	0.31198	2.17545e-06	2.97194e-06
582	450	434	22	22	14	14	0.810941	0.20956	1.6103e-06	1.98571e-06
583	392	380	19	20	18	2	0.873017	0.1358	1.07837e-06	1.23522e-06
584	466	457	15	15	11	4	0.891723	0.1146	9.44554e-07	1.05925e-06
585	416	407	20	20	15	5	0.859762	0.1511	1.19904e-06	1.39462e-06
586	442	431	20	21	16	5	0.854379	0.15738	1.23976e-06	1.45107e-06
587	429	423	16	16	14	2	0.895225	0.11068	9.03665e-07	1.00943e-06
588	440	432	23	25	20	6	0.828946	0.1876	1.43407e-06	1.72999e-06
589	440	432	27	27	21	9	0.806171	0.21546	1.61418e-06	2.00228e-06
590	460	447	25	27	22	6	0.8186	0.20016	1.50858e-06	1.84288e-06
591	452	444	22	22	14	10	0.827654	0.18916	1.46758e-06	1.77318e-06
592	397	391	18	18	16	3	0.879554	0.12834	1.03388e-06	1.17546e-06
593	469	458	25	25	20	6	0.828946	0.1876	1.43407e-06	1.72999e-06
594	418	411	16	16	15	1	0.899802	0.10558	8.60476e-07	9.56295e-07
595	435	426	18	18	15	4	0.87508	0.13344	1.07511e-06	1.22859e-06
596	431	425	10	10	9	1	0.934354	0.0679	5.77066e-07	6.17609e-07
597	429	418	24	24	18	7	0.829925	0.18642	1.43301e-06	1.72667e-06
598	446	439	22	23	16	9	0.826678	0.19034	1.46859e-06	1.77649e-06
599	470	466	13	13	11	2	0.912251	0.09184	7.66369e-07	8.40085e-07
600	448	439	19	19	14	5	0.865178	0.14482	1.15776e-06	1.33817e-06
601	419	405	26	26	18	10	0.807122	0.21428	1.61341e-06	1.99897e-06
602	434	418	18	18	15	3	0.879554	0.12834	1.03388e-06	1.17546e-06
603	420	412	21	21	16	7	0.845709	0.16758	1.31705e-06	1.55733e-06
604	470	464	21	22	16	7	0.840415	0.17386	1.35624e-06	1.61378e-06
605	432	419	25	26	20	8	0.815397	0.20408	1.5433e-06	1.8927e-06
606	439	427	17	17	15	2	0.889621	0.11696	9.48225e-07	1.06588e-06
607	443	430	24	24	20	4	0.84272	0.17112	1.32077e-06	1.56728e-06
608	418	409	14	14	12	3	0.901929	0.10322	8.56531e-07	9.49666e-07
609	456	442	25	26	19	9	0.811249	0.20918	1.57856e-06	1.94584e-06
610	405	392	10	10	10	0	0.939131	0.0628	5.30117e-07	5.64476e-07
611	415	403	15	15	14	1	0.905471	0.0993	8.14786e-07	8.99847e-07
612	422	413	11	11	11	0	0.933252	0.06908	5.79478e-07	6.20924e-07
613	440	433	18	18	16	2	0.884051	0.12324	9.92191e-07	1.12232e-06
614	434	422	15	15	12	4	0.891723	0.1146	9.44554e-07	1.05925e-06
615	432	424	21	21	20	1	0.871988	0.13698	1.07999e-06	1.23853e-06
616	445	438	16	16	15	1	0.899802	0.10558	8.60476e-07	9.56295e-07
617	445	433	17	17	11	7	0.867222	0.14246	1.15474e-06	1.33154e-06
618	458	448	18	18	15	4	0.87508	0.13344	1.07511e-06	1.22859e-06
619	409	396	20	20	15	8	0.846707	0.1664	1.3158e-06	1.55402e-06
620	482	475	16	16	14	2	0.895225	0.11068	9.03665e-07	1.00943e-06
621	424	422	20	21	15	9	0.837127	0.17778	1.39264e-06	1.6636e-06
622	415	406	17	18	15	3	0.879554	0.12834	1.03388e-06	1.17546e-06
623	436	425	19	20	15	6	0.855388	0.1562	1.23839e-06	1.44775e-06
624	442	438	16	16	13	3	0.890671	0.11578	9.46393e-07	1.06256e-06
625	422	409	14	15	13	2	0.900865	0.1044	8.58507e-07	9.5298e-07
626	439	429	20	21	18	3	0.863139	0.14718	1.16075e-06	1.3448e-06
627	451	444	15	16	11	6	0.877148	0.13108	1.07184e-06	1.22196e-06
628	440	429	27	28	19	14	0.780953	0.24724	1.81525e-06	2.3244e-06
629	437	428	19	19	17	3	0.874048	0.13462	1.07674e-06	1.2319e-06
630	426	421	19	19	18	1	0.883009	0.12442	9.93948e-07	1.12564e-06
631	443	434	20	20	17	4	0.864158	0.146	1.15925e-06	1.34148e-06
632	437	430	17	19	13	7	0.856398	0.15502	1.23701e-06	1.44444e-06
633	454	442	27	28	21	8	0.80522	0.21664	1.61495e-06	2.0056e-06
634	449	443	17	17	13	7	0.867222	0.14246	1.15474e-06	1.33154e-06
635	406	399	20	21	16	5	0.854379	0.15738	1.23976e-06	1.45107e-06
636	464	452	23	24	18	8	0.825703	0.19152	1.46959e-06	1.77981e-06
637	414	403	18	19	9	25	0.781281	0.24682	1.87573e-06	2.40083e-06
638	448	437	22	22	15	12	0.819255	0.19936	1.53975e-06	1.87945e-06
639	428	419	15	15	13	2	0.900865	0.1044	8.58507e-07	9.5298e-07
640	440	432	10	10	10	0	0.939131	0.0628	5.30117e-07	5.64476e-07
641	439	428	20	20	18	2	0.873017	0.1358	1.07837e-06	1.23522e-06
642	440	427	19	19	16	3	0.874048	0.13462	1.07674e-06	1.2319e-06
643	451	445	15	16	15	1	0.899802	0.10558	8.60476e-07	9.56295e-07
644	395	388	15	15	14	1	0.905471	0.0993	8.14786e-07	8.99847e-07
645	467	457	18	18	14	5	0.870628	0.13854	1.1159e-06	1.28172e-06
646	417	406	14	14	12	2	0.90654	0.09812	8.12743e-07	8.96533e-07
647	461	451	22	24	15	12	0.809029	0.21192	1.61186e-06	1.99234e-06
648	430	423	16	16	13	4	0.88614	0.12088	9.88662e-07	1.11569e-06
649	415	409	20	20	17	3	0.868576	0.1409	1.11903e-06	1.28835e-06
650	441	435	21	21	17	4	0.858748	0.15228	1.20047e-06	1.39793e-06
651	427	417	15	15	13	2	0.900865	0.1044	8.58507e-07	9.5298e-07
652	454	445	19	20	14	8	0.846707	0.1664	1.3158e-06	1.55402e-06
653	433	417	20	20	16	5	0.859762	0.1511	1.19904e-06	1.39462e-06
654	406	393	23	23	18	5	0.843715	0.16994	1.31954e-06	1.56396e-06
655	450	438	21	21	14	11	0.828631	0.18798	1.46657e-06	1.76986e-06
656	441	438	23	23	17	8	0.830905	0.18524	1.43195e-06	1.72336e-06
657	432	418	15	15	10	6	0.882673	0.1248	1.02877e-06	1.16551e-06
658	427	415	19	20	13	8	0.846707	0.1664	1.3158e-06	1.55402e-06
659	442	436	9	9	9	0	0.945048	0.05652	4.80111e-07	5.08028e-07
660	454	441	17	17	15	2	0.889621	0.11696	9.48225e-07	1.06588e-06
661	455	438	23	23	17	6	0.839423	0.17504	1.35743e-06	1.61709e-06
662	443	436	23	23	19	7	0.835153	0.18014	1.3949e-06	1.67023e-06
663	422	419	19	19	16	3	0.874048	0.13462	1.07674e-06	1.2319e-06
664	421	409	18	19	13	10	0.843395	0.17032	1.35267e-06	1.60384e-06
665	425	419	29	29	22	13	0.780032	0.24842	1.81569e-06	2.32771e-06
666	433	425	22	23	13	14	0.805864	0.21584	1.6457e-06	2.04216e-06
667	417	412	18	18	15	4	0.87508	0.13344	1.07511e-06	1.22859e-06
668	444	438	19	19	15	7	0.856398	0.15502	1.23701e-06	1.44444e-06
669	441	431	18	18	14	5	0.870628	0.13854	1.1159e-06	1.28172e-06
670	457	449	21	22	18	6	0.844712	0.16876	1.3183e-06	1.56065e-06
671	407	399	20	20	16	5	0.859762	0.1511	1.19904e-06	1.39462e-06
672	479	471	17	17	13	4	0.880593	0.12716	1.03218e-06	1.17214e-06
673	423	414	21	21	14	8	0.841407	0.17268	1.35506e-06	1.61047e-06
674	452	442	13	13	12	1	0.916915	0.08674	7.21568e-07	7.86952e-07
675	435	423	10	10	8	2	0.929601	0.073	6.23523e-07	6.70742e-07
676	448	435	15	16	14	2	0.895225	0.11068	9.03665e-07	1.00943e-06
677	446	438	18	19	14	6	0.860777	0.14992	1.1976e-06	1.3913e-06
678	394	388	6	6	6	0	0.963021	0.03768	3.26161e-07	3.38686e-07
679	422	414	18	18	16	3	0.879554	0.12834	1.03388e-06	1.17546e-06
680	471	464	16	16	14	2	0.895225	0.11068	9.03665e-07	1.00943e-06
681	443	434	29	29	21	13	0.780032	0.24842	1.81569e-06	2.32771e-06
682	425	416	14	17	11	7	0.867222	0.14246	1.15474e-06	1.33154e-06
683	444	435	17	17	15	2	0.889621	0.11696	9.48225e-07	1.06588e-06
684	437	420	23	23	21	2	0.856724	0.15464	1.20332e-06	1.40456e-06
685	461	451	21	21	16	5	0.854379	0.15738	1.23976e-06	1.45107e-06
686	448	440	17	17	14	3	0.885095	0.12206	9.90429e-07	1.11901e-06
687	415	405	13	13	11	2	0.912251	0.09184	7.66369e-07	8.40085e-07
688	462	451	23	24	19	6	0.834168	0.18132	1.39602e-06	1.67354e-06
689	413	406	14	14	11	4	0.89734	0.10832	8.99852e-07	1.0028e-06
690	441	430	21	21	17	4	0.858748	0.15228	1.20047e-06	1.39793e-06
691	427	419	10	10	10	0	0.939131	0.0628	5.30117e-07	5.64476e-07
692	394	391	21	21	19	2	0.867552	0.14208	1.12059e-06	1.29167e-06
693	438	430	30	31	23	11	0.778194	0.25078	1.81657e-06	2.33434e-06
694	435	427	19	19	16	3	0.874048	0.13462	1.07674e-06	1.2319e-06
695	449	437	20	20	16	7	0.851037	0.1613	1.27731e-06	1.50088e-06
696	428	418	17	19	14	7	0.856398	0.15502	1.23701e-06	1.44444e-06
697	465	457	19	19	15	5	0.865178	0.14482	1.15776e-06	1.33817e-06
698	415	412	16	16	15	1	0.899802	0.10558	8.60476e-07	9.56295e-07
699	471	465	19	19	15	5	0.865178	0.14482	1.15776e-06	1.33817e-06
700	429	418	12	12	11	1	0.922692	0.08046	6.7403e-07	7.30504e-07
701	422	411	14	14	12	2	0.90654	0.09812	8.12743e-07	8.96533e-07
702	440	433	12	12	11	1	0.922692	0.08046	6.7403e-07	7.30504e-07
703	441	433	15	15	13	2	0.900865	0.1044	8.58507e-07	9.5298e-07
704	451	441	19	19	15	4	0.869602	0.13972	1.11747e-06	1.28504e-06
705	438	436	22	22	19	3	0.857735	0.15346	1.2019e-06	1.40125e-06
706	415	409	20	20	16	4	0.864158	0.146	1.15925e-06	1.34148e-06
707	417	412	18	19	14	8	0.852042	0.16012	1.27599e-06	1.49757e-06
708	433	422	17	17	15	2	0.889621	0.11696	9.48225e-07	1.06588e-06
709	431	419	25	25	16	12	0.803965	0.2182	1.64715e-06	2.04879e-06
710	433	428	21	21	15	8	0.841407	0.17268	1.35506e-06	1.61047e-06
711	441	433	15	16	13	3	0.890671	0.11578	9.46393e-07	1.06256e-06
712	430	422	18	18	14	5	0.870628	0.13854	1.1159e-06	1.28172e-06
713	454	442	19	19	16	3	0.874048	0.13462	1.07674e-06	1.2319e-06
714	448	438	16	16	12	4	0.88614	0.12088	9.88662e-07	1.11569e-06
715	428	417	15	15	13	2	0.900865	0.1044	8.58507e-07	9.5298e-07
716	420	407	12	12	11	1	0.922692	0.08046	6.7403e-07	7.30504e-07
717	463	445	22	23	17	8	0.830905	0.18524	1.43195e-06	1.72336e-06
718	432	419	27	29	21	14	0.776064	0.25352	1.84769e-06	2.38085e-06
719	433	424	13	13	11	2	0.912251	0.09184	7.66369e-07	8.40085e-07
720	443	432	16	17	14	3	0.885095	0.12206	9.90429e-07	1.11901e-06
721	410	401	17	17	13	5	0.876113	0.13226	1.07348e-06	1.22528e-06
722	456	443	13	13	12	1	0.916915	0.08674	7.21568e-07	7.86952e-07
723	405	394	25	25	16	14	0.795806	0.2284	1.71501e-06	2.15505e-06
724	476	468	13	14	11	3	0.901929	0.10322	8.56531e-07	9.49666e-07
725	422	411	13	13	9	6	0.89383	0.11224	9.40861e-07	1.05262e-06
726	442	433	17	17	15	3	0.885095	0.12206	9.90429e-07	1.11901e-06
727	434	421	18	18	17	1	0.888572	0.11814	9.50052e-07	1.06919e-06
728	454	443	19	20	16	4	0.864158	0.146	1.15925e-06	1.34148e-06
729	445	436	15	15	12	3	0.896282	0.1095	9.01762e-07	1.00611e-06
730	407	401	17	18	14	5	0.870628	0.13854	1.1159e-06	1.28172e-06
731	458	448	18	18	16	2	0.884051	0.12324	9.92191e-07	1.12232e-06
732	485	474	20	20	16	4	0.864158	0.146	1.15925e-06	1.34148e-06
733	448	434	22	22	17	7	0.840415	0.17386	1.35624e-06	1.61378e-06
734	428	421	13	14	10	5	0.892776	0.11342	9.42711e-07	1.05593e-06
735	411	405	11	11	10	1	0.928505	0.07418	6.25865e-07	6.74057e-07
736	436	430	19	20	15	5	0.859762	0.1511	1.19904e-06	1.39462e-06
737	442	438	17	17	14	3	0.885095	0.12206	9.90429e-07	1.11901e-06
738	447	437	12	12	10	2	0.917998	0.08556	7.19378e-07	7.83638e-07
739	422	419	19	20	17	4	0.864158	0.146	1.15925e-06	1.34148e-06
740	461	450	19	19	18	1	0.883009	0.12442	9.93948e-07	1.12564e-06
741	411	408	17	17	14	3	0.885095	0.12206	9.90429e-07	1.11901e-06
742	462	440	23	23	21	2	0.856724	0.15464	1.20332e-06	1.40456e-06
743	426	419	9	9	6	4	0.925964	0.07692	6.67214e-07	7.20561e-07
744	415	406	11	11	9	2	0.923781	0.07928	6.71764e-07	7.2719e-07
745	437	430	20	20	17	3	0.868576	0.1409	1.11903e-06	1.28835e-06
746	511	490	20	20	17	3	0.868576	0.1409	1.11903e-06	1.28835e-06
747	448	440	18	18	17	1	0.888572	0.11814	9.50052e-07	1.06919e-06
748	442	434	17	17	12	7	0.867222	0.14246	1.15474e-06	1.33154e-06
749	463	449	15	17	13	6	0.871656	0.13736	1.11433e-06	1.27841e-06
750	414	410	17	17	14	3	0.885095	0.12206	9.90429e-07	1.11901e-06
751	440	434	17	17	12	8	0.862811	0.14756	1.19471e-06	1.38467e-06
752	428	423	15	15	12	4	0.891723	0.1146	9.44554e-07	1.05925e-06
753	428	420	11	11	10	1	0.928505	0.07418	6.25865e-07	6.74057e-07
754	439	430	11	12	10	2	0.917998	0.08556	7.19378e-07	7.83638e-07
755	408	405	22	22	18	4	0.853372	0.15856	1.24113e-06	1.45438e-06
756	450	441	18	18	17	1	0.888572	0.11814	9.50052e-07	1.06919e-06
757	394	386	15	15	13	2	0.900865	0.1044	8.58507e-07	9.5298e-07
758	467	457	21	24	16	15	0.796745	0.22722	1.71439e-06	2.15174e-06
759	454	444	16	16	14	2	0.895225	0.11068	9.03665e-07	1.00943e-06
760	479	466	13	14	11	3	0.901929	0.10322	8.56531e-07	9.49666e-07
761	462	454	25	27	22	5	0.822785	0.19506	1.47258e-06	1.78975e-06
762	438	429	18	18	13	6	0.8662	0.14364	1.15625e-06	1.33486e-06
763	441	429	25	26	20	8	0.815397	0.20408	1.5433e-06	1.8927e-06
764	424	414	13	16	12	5	0.881632	0.12598	1.03048e-06	1.16883e-06
765	452	438	20	20	18	2	0.873017	0.1358	1.07837e-06	1.23522e-06
766	454	438	16	17	13	7	0.867222	0.14246	1.15474e-06	1.33154e-06
767	433	424	18	18	11	14	0.83157	0.18444	1.4635e-06	1.75992e-06
768	419	411	16	16	14	2	0.895225	0.11068	9.03665e-07	1.00943e-06
769	462	452	19	20	17	3	0.868576	0.1409	1.11903e-06	1.28835e-06
770	431	422	15	15	14	1	0.905471	0.0993	8.14786e-07	8.99847e-07
771	448	436	17	17	13	5	0.876113	0.13226	1.07348e-06	1.22528e-06
772	442	431	24	24	19	6	0.834168	0.18132	1.39602e-06	1.67354e-06
773	395	387	11	11	10	1	0.928505	0.07418	6.25865e-07	6.74057e-07
774	454	444	18	18	16	2	0.884051	0.12324	9.92191e-07	1.12232e-06
775	403	392	11	11	9	3	0.919082	0.08438	7.17181e-07	7.80323e-07
776	474	462	15	16	14	3	0.890671	0.11578	9.46393e-07	1.06256e-06
777	421	413	23	25	18	8	0.820534	0.1978	1.50671e-06	1.83626e-06
778	422	417	20	20	16	4	0.864158	0.146	1.15925e-06	1.34148e-06
779	433	426	21	21	18	4	0.858748	0.15228	1.20047e-06	1.39793e-06
780	458	443	29	29	26	4	0.81667	0.20252	1.51044e-06	1.84951e-06
781	444	434	16	16	16	0	0.904403	0.10048	8.16822e-07	9.03162e-07
782	416	408	15	15	11	4	0.891723	0.1146	9.44554e-07	1.05925e-06
783	457	442	17	17	15	2	0.889621	0.11696	9.48225e-07	1.06588e-06
784	406	395	21	23	15	12	0.814126	0.20564	1.57606e-06	1.93589e-06
785	478	469	22	22	17	6	0.844712	0.16876	1.3183e-06	1.56065e-06
786	433	423	19	19	15	4	0.869602	0.13972	1.11747e-06	1.28504e-06
787	449	436	18	18	12	7	0.861793	0.14874	1.19616e-06	1.38799e-06
788	435	430	12	12	12	0	0.92741	0.07536	6.28201e-07	6.77371e-07
789	407	392	16	16	13	3	0.890671	0.11578	9.46393e-07	1.06256e-06
790	446	430	23	23	21	2	0.856724	0.15464	1.20332e-06	1.40456e-06
791	428	416	16	17	15	2	0.889621	0.11696	9.48225e-07	1.06588e-06
792	459	453	18	20	15	8	0.846707	0.1664	1.3158e-06	1.55402e-06
793	434	429	12	12	10	2	0.917998	0.08556	7.19378e-07	7.83638e-07
794	472	463	17	18	14	4	0.87508	0.13344	1.07511e-06	1.22859e-06
795	425	415	19	19	14	5	0.865178	0.14482	1.15776e-06	1.33817e-06
796	422	414	20	20	18	2	0.873017	0.1358	1.07837e-06	1.23522e-06
797	436	423	10	10	10	0	0.939131	0.0628	5.30117e-07	5.64476e-07
798	390	378	19	19	14	6	0.860777	0.14992	1.1976e-06	1.3913e-06
799	447	438	18	19	16	4	0.869602	0.13972	1.11747e-06	1.28504e-06
800	438	427	20	20	17	3	0.868576	0.1409	1.11903e-06	1.28835e-06
801	462	451	18	19	16	3	0.874048	0.13462	1.07674e-06	1.2319e-06
802	413	406	14	14	12	3	0.901929	0.10322	8.56531e-07	9.49666e-07
803	460	445	24	24	19	6	0.834168	0.18132	1.39602e-06	1.67354e-06
804	427	413	22	23	14	16	0.797686	0.22604	1.71377e-06	2.14843e-06
805	433	418	25	25	19	9	0.81636	0.2029	1.54242e-06	1.88939e-06
806	438	430	15	15	13	3	0.896282	0.1095	9.01762e-07	1.00611e-06
807	432	427	17	17	14	3	0.885095	0.12206	9.90429e-07	1.11901e-06
808	449	440	10	10	8	2	0.929601	0.073	6.23523e-07	6.70742e-07
809	391	382	19	20	17	4	0.864158	0.146	1.15925e-06	1.34148e-06
810	465	455	17	17	12	8	0.862811	0.14756	1.19471e-06	1.38467e-06
811	415	406	26	26	22	5	0.827969	0.18878	1.43512e-06	1.7333e-06
812	497	494	10	10	10	0	0.939131	0.0628	5.30117e-07	5.64476e-07
813	472	469	14	14	13	1	0.911175	0.09302	7.68485e-07	8.434e-07
814	443	433	20	22	13	15	0.806816	0.21466	1.64497e-06	2.03885e-06
815	440	430	12	12	11	1	0.922692	0.08046	6.7403e-07	7.30504e-07
816	462	453	21	21	16	5	0.854379	0.15738	1.23976e-06	1.45107e-06
817	451	441	23	23	18	7	0.835153	0.18014	1.3949e-06	1.67023e-06
818	423	408	18	18	14	4	0.87508	0.13344	1.07511e-06	1.22859e-06
819	438	429	15	16	13	3	0.890671	0.11578	9.46393e-07	1.06256e-06
820	418	406	20	21	17	4	0.858748	0.15228	1.20047e-06	1.39793e-06
821	430	421	21	21	18	3	0.863139	0.14718	1.16075e-06	1.3448e-06
822	430	421	20	22	16	13	0.815087	0.20446	1.57522e-06	1.93258e-06
823	455	444	17	17	12	9	0.858422	0.15266	1.23425e-06	1.43781e-06
824	441	432	22	24	18	8	0.825703	0.19152	1.46959e-06	1.77981e-06
825	408	399	13	13	12	1	0.916915	0.08674	7.21568e-07	7.86952e-07
826	453	449	17	17	15	2	0.889621	0.11696	9.48225e-07	1.06588e-06
827	401	391	16	16	9	10	0.859435	0.15148	1.23285e-06	1.43449e-06
828	472	468	18	18	12	7	0.861793	0.14874	1.19616e-06	1.38799e-06
829	420	412	9	9	7	2	0.935457	0.06672	5.74646e-07	6.14295e-07
830	434	422	22	23	15	14	0.805864	0.21584	1.6457e-06	2.04216e-06
831	432	425	17	18	14	4	0.87508	0.13344	1.07511e-06	1.22859e-06
832	469	459	14	14	13	1	0.911175	0.09302	7.68485e-07	8.434e-07
833	443	438	15	16	13	3	0.890671	0.11578	9.46393e-07	1.06256e-06
834	423	408	21	21	20	1	0.871988	0.13698	1.07999e-06	1.23853e-06
835	455	444	19	19	16	3	0.874048	0.13462	1.07674e-06	1.2319e-06
836	405	396	14	14	13	1	0.911175	0.09302	7.68485e-07	8.434e-07
837	476	468	24	24	19	6	0.834168	0.18132	1.39602e-06	1.67354e-06
838	422	414	27	27	23	5	0.822785	0.19506	1.47258e-06	1.78975e-06
839	444	439	16	16	14	2	0.895225	0.11068	9.03665e-07	1.00943e-06
840	404	398	6	7	5	2	0.947281	0.05416	4.74966e-07	5.014e-07
841	409	401	12	13	12	1	0.916915	0.08674	7.21568e-07	7.86952e-07
842	445	435	22	22	20	2	0.862121	0.14836	1.16224e-06	1.34811e-06
843	441	431	17	17	12	5	0.876113	0.13226	1.07348e-06	1.22528e-06
844	458	446	28	28	20	14	0.780953	0.24724	1.81525e-06	2.3244e-06
845	444	435	17	18	14	5	0.870628	0.13854	1.1159e-06	1.28172e-06
846	444	433	13	13	11	2	0.912251	0.09184	7.66369e-07	8.40085e-07
847	424	416	10	10	6	7	0.906196	0.0985	8.48569e-07	9.36408e-07
848	428	416	11	11	9	2	0.923781	0.07928	6.71764e-07	7.2719e-07
849	435	426	15	15	12	3	0.896282	0.1095	9.01762e-07	1.00611e-06
850	440	433	22	23	17	8	0.830905	0.18524	1.43195e-06	1.72336e-06
851	446	433	15	15	13	2	0.900865	0.1044	8.58507e-07	9.5298e-07
852	443	437	19	19	14	6	0.860777	0.14992	1.1976e-06	1.3913e-06
853	460	449	18	18	12	6	0.8662	0.14364	1.15625e-06	1.33486e-06
854	411	403	17	18	16	2	0.884051	0.12324	9.92191e-07	1.12232e-06
855	405	397	25	25	16	11	0.808075	0.2131	1.61264e-06	1.99566e-06
856	426	417	15	16	14	2	0.895225	0.11068	9.03665e-07	1.00943e-06
857	438	431	21	21	17	5	0.854379	0.15738	1.23976e-06	1.45107e-06
858	437	432	16	16	14	2	0.895225	0.11068	9.03665e-07	1.00943e-06
859	445	432	19	19	15	4	0.869602	0.13972	1.11747e-06	1.28504e-06
860	448	440	24	24	17	8	0.825703	0.19152	1.46959e-06	1.77981e-06
861	388	377	17	18	11	9	0.853048	0.15894	1.27467e-06	1.49426e-06
862	463	457	16	16	12	4	0.88614	0.12088	9.88662e-07	1.11569e-06
863	414	407	12	12	8	6	0.899461	0.10596	8.96016e-07	9.9617e-07
864	493	482	14	14	12	2	0.90654	0.09812	8.12743e-07	8.96533e-07
865	428	421	12	12	10	2	0.917998	0.08556	7.19378e-07	7.83638e-07
866	449	437	15	15	11	6	0.882673	0.1248	1.02877e-06	1.16551e-06
867	428	421	20	21	19	2	0.867552	0.14208	1.12059e-06	1.29167e-06
868	444	437	17	17	14	3	0.885095	0.12206	9.90429e-07	1.11901e-06
869	450	440	22	23	15	11	0.818289	0.20054	1.54064e-06	1.88276e-06
870	423	410	18	18	16	2	0.884051	0.12324	9.92191e-07	1.12232e-06
871	444	437	22	23	20	3	0.852365	0.15974	1.24249e-06	1.45769e-06
872	416	409	13	13	11	2	0.912251	0.09184	7.66369e-07	8.40085e-07
873	474	470	18	18	15	3	0.879554	0.12834	1.03388e-06	1.17546e-06
874	429	421	22	22	16	8	0.836139	0.17896	1.39377e-06	1.66691e-06
875	463	448	24	24	19	6	0.834168	0.18132	1.39602e-06	1.67354e-06
876	440	428	17	19	15	6	0.860777	0.14992	1.1976e-06	1.3913e-06
877	416	408	26	27	20	10	0.80207	0.22056	1.64859e-06	2.05542e-06
878	452	446	19	19	16	3	0.874048	0.13462	1.07674e-06	1.2319e-06
879	450	443	21	21	18	3	0.863139	0.14718	1.16075e-06	1.3448e-06
880	470	457	17	18	14	4	0.87508	0.13344	1.07511e-06	1.22859e-06
881	419	413	17	18	15	3	0.879554	0.12834	1.03388e-06	1.17546e-06
882	450	438	16	16	10	12	0.850713	0.16168	1.31075e-06	1.54076e-06
883	431	425	26	27	19	10	0.80207	0.22056	1.64859e-06	2.05542e-06
884	421	413	10	10	10	0	0.939131	0.0628	5.30117e-07	5.64476e-07
885	442	433	8	8	7	1	0.946163	0.05534	4.77542e-07	5.04714e-07
886	429	424	15	15	13	2	0.900865	0.1044	8.58507e-07	9.5298e-07
887	454	444	23	23	15	10	0.822473	0.19544	1.50482e-06	1.82963e-06
888	402	395	16	16	12	5	0.881632	0.12598	1.03048e-06	1.16883e-06
889	473	461	11	11	10	1	0.928505	0.07418	6.25865e-07	6.74057e-07
890	421	403	15	15	12	3	0.896282	0.1095	9.01762e-07	1.00611e-06
891	423	406	24	24	16	10	0.817324	0.20172	1.54153e-06	1.88607e-06
892	433	422	18	18	13	6	0.8662	0.14364	1.15625e-06	1.33486e-06
893	436	423	27	28	20	9	0.801124	0.22174	1.6493e-06	2.05873e-06
894	463	450	20	21	19	2	0.867552	0.14208	1.12059e-06	1.29167e-06
895	439	424	18	18	14	5	0.870628	0.13854	1.1159e-06	1.28172e-06
896	416	408	8	8	5	4	0.931797	0.07064	6.18819e-07	6.64114e-07
897	412	403	13	13	12	1	0.916915	0.08674	7.21568e-07	7.86952e-07
898	432	425	30	30	22	10	0.7871	0.2394	1.75111e-06	2.22476e-06
899	423	414	18	18	15	3	0.879554	0.12834	1.03388e-06	1.17546e-06
900	434	428	14	14	11	4	0.89734	0.10832	8.99852e-07	1.0028e-06
901	434	426	21	21	18	3	0.863139	0.14718	1.16075e-06	1.3448e-06
902	445	436	24	24	19	7	0.829925	0.18642	1.43301e-06	1.72667e-06
903	445	430	22	22	18	7	0.840415	0.17386	1.35624e-06	1.61378e-06
904	449	439	19	19	15	5	0.865178	0.14482	1.15776e-06	1.33817e-06
905	459	446	15	15	11	5	0.887187	0.1197	9.86889e-07	1.11238e-06
906	409	402	19	19	16	3	0.874048	0.13462	1.07674e-06	1.2319e-06
907	445	436	13	13	12	1	0.916915	0.08674	7.21568e-07	7.86952e-07
908	425	422	20	20	14	7	0.851037	0.1613	1.27731e-06	1.50088e-06
909	444	434	25	25	20	6	0.828946	0.1876	1.43407e-06	1.72999e-06
910	436	426	22	22	21	1	0.866529	0.14326	1.12214e-06	1.29498e-06
911	465	459	28	28	23	5	0.817634	0.20134	1.50952e-06	1.8462e-06
912	447	434	27	28	20	10	0.797048	0.22684	1.68326e-06	2.11186e-06
913	445	437	16	16	15	1	0.899802	0.10558	8.60476e-07	9.56295e-07
914	462	451	29	29	23	8	0.800179	0.22292	1.65001e-06	2.06205e-06
915	412	398	18	18	16	2	0.884051	0.12324	9.92191e-07	1.12232e-06
916	489	477	24	24	16	10	0.817324	0.20172	1.54153e-06	1.88607e-06
917	427	418	12	12	11	1	0.922692	0.08046	6.7403e-07	7.30504e-07
918	455	445	26	26	19	9	0.811249	0.20918	1.57856e-06	1.94584e-06
919	438	430	13	13	12	1	0.916915	0.08674	7.21568e-07	7.86952e-07
920	408	403	20	20	16	7	0.851037	0.1613	1.27731e-06	1.50088e-06
921	444	435	21	21	15	7	0.845709	0.16758	1.31705e-06	1.55733e-06
922	489	477	17	17	15	2	0.889621	0.11696	9.48225e-07	1.06588e-06
923	449	433	16	16	12	4	0.88614	0.12088	9.88662e-07	1.11569e-06
924	429	418	16	16	13	4	0.88614	0.12088	9.88662e-07	1.11569e-06
925	445	435	18	18	15	3	0.879554	0.12834	1.03388e-06	1.17546e-06
926	428	420	13	13	9	5	0.8984	0.10714	8.97937e-07	9.99485e-07
927	473	465	16	16	13	3	0.890671	0.11578	9.46393e-07	1.06256e-06
928	439	432	21	21	16	6	0.850033	0.16248	1.27862e-06	1.5042e-06
929	423	417	21	22	17	6	0.844712	0.16876	1.3183e-06	1.56065e-06
930	451	445	20	21	17	4	0.858748	0.15228	1.20047e-06	1.39793e-06
931	410	399	16	16	12	4	0.88614	0.12088	9.88662e-07	1.11569e-06
932	468	457	17	17	12	6	0.871656	0.13736	1.11433e-06	1.27841e-06
933	417	409	14	14	10	6	0.888234	0.11852	9.8511e-07	1.10907e-06
934	428	418	17	17	13	5	0.876113	0.13226	1.07348e-06	1.22528e-06
935	430	420	17	17	14	3	0.885095	0.12206	9.90429e-07	1.11901e-06
936	457	448	19	20	13	13	0.825389	0.1919	1.50195e-06	1.81968e-06
937	441	432	15	15	12	3	0.896282	0.1095	9.01762e-07	1.00611e-06
938	434	428	19	20	17	3	0.868576	0.1409	1.11903e-06	1.28835e-06
939	453	440	22	22	21	1	0.866529	0.14326	1.12214e-06	1.29498e-06
940	400	390	10	10	6	6	0.910829	0.0934	8.04513e-07	8.83275e-07
941	471	465	18	18	14	5	0.870628	0.13854	1.1159e-06	1.28172e-06
942	420	415	23	24	21	3	0.847029	0.16602	1.28252e-06	1.51414e-06
943	429	422	17	17	17	0	0.898741	0.10676	8.6244e-07	9.59609e-07
944	432	422	17	17	17	0	0.898741	0.10676	8.6244e-07	9.59609e-07
945	443	434	17	17	12	8	0.862811	0.14756	1.19471e-06	1.38467e-06
946	443	433	16	16	13	3	0.890671	0.11578	9.46393e-07	1.06256e-06
947	444	431	22	23	17	8	0.830905	0.18524	1.43195e-06	1.72336e-06
948	423	413	13	13	12	1	0.916915	0.08674	7.21568e-07	7.86952e-07
949	440	433	22	24	18	8	0.825703	0.19152	1.46959e-06	1.77981e-06
950	455	437	17	18	14	4	0.87508	0.13344	1.07511e-06	1.22859e-06
951	422	413	28	29	21	10	0.792059	0.23312	1.71743e-06	2.16831e-06
952	439	432	14	14	12	2	0.90654	0.09812	8.12743e-07	8.96533e-07
953	434	422	18	18	15	3	0.879554	0.12834	1.03388e-06	1.17546e-06
954	426	417	25	26	17	13	0.794867	0.22958	1.71562e-06	2.15837e-06
955	444	435	16	16	14	3	0.890671	0.11578	9.46393e-07	1.06256e-06
956	456	448	18	18	15	3	0.879554	0.12834	1.03388e-06	1.17546e-06
957	458	448	23	23	21	2	0.856724	0.15464	1.20332e-06	1.40456e-06
958	408	397	13	14	9	11	0.86587	0.14402	1.19034e-06	1.37473e-06
959	446	442	23	23	19	4	0.848029	0.16484	1.28123e-06	1.51083e-06
960	424	415	23	24	20	5	0.838434	0.17622	1.3586e-06	1.62041e-06
961	403	393	15	16	10	8	0.868246	0.14128	1.15323e-06	1.32823e-06
962	435	423	12	12	10	2	0.917998	0.08556	7.19378e-07	7.83638e-07
963	424	413	13	15	10	7	0.878183	0.1299	1.07019e-06	1.21865e-06
964	446	435	18	18	15	3	0.879554	0.12834	1.03388e-06	1.17546e-06
965	408	397	14	14	12	2	0.90654	0.09812	8.12743e-07	8.96533e-07
966	460	454	7	8	7	1	0.946163	0.05534	4.77542e-07	5.04714e-07
967	411	402	8	9	7	3	0.930698	0.07182	6.21174e-07	6.67428e-07
968	486	473	19	19	17	2	0.878517	0.12952	1.03557e-06	1.17877e-06
969	426	415	16	16	16	0	0.904403	0.10048	8.16822e-07	9.03162e-07
970	463	450	26	26	20	8	0.815397	0.20408	1.5433e-06	1.8927e-06
971	437	429	17	17	14	4	0.880593	0.12716	1.03218e-06	1.17214e-06
972	417	410	19	19	16	4	0.869602	0.13972	1.11747e-06	1.28504e-06
973	448	444	20	21	19	2	0.867552	0.14208	1.12059e-06	1.29167e-06
974	431	423	21	21	13	11	0.828631	0.18798	1.46657e-06	1.76986e-06
975	456	445	16	16	13	3	0.890671	0.11578	9.46393e-07	1.06256e-06
976	434	427	19	20	16	5	0.859762	0.1511	1.19904e-06	1.39462e-06
977	436	427	19	19	17	3	0.874048	0.13462	1.07674e-06	1.2319e-06
978	427	416	17	17	15	2	0.889621	0.11696	9.48225e-07	1.06588e-06
979	471	460	18	18	13	6	0.8662	0.14364	1.15625e-06	1.33486e-06
980	438	428	16	16	14	2	0.895225	0.11068	9.03665e-07	1.00943e-06
981	429	417	16	16	13	3	0.890671	0.11578	9.46393e-07	1.06256e-06
982	450	444	15	15	10	8	0.873716	0.135	1.11117e-06	1.27178e-06
983	420	417	13	13	10	4	0.902993	0.10204	8.54549e-07	9.46352e-07
984	466	455	22	22	19	3	0.857735	0.15346	1.2019e-06	1.40125e-06
985	416	402	13	13	10	4	0.902993	0.10204	8.54549e-07	9.46352e-07
986	424	417	17	17	14	3	0.885095	0.12206	9.90429e-07	1.11901e-06
987	429	415	16	16	14	2	0.895225	0.11068	9.03665e-07	1.00943e-06
988	417	401	18	18	13	7	0.861793	0.14874	1.19616e-06	1.38799e-06
989	440	429	16	16	12	7	0.872686	0.13618	1.11276e-06	1.27509e-06
990	419	408	17	18	12	10	0.848708	0.16404	1.31328e-06	1.54739e-06
991	452	444	14	14	13	1	0.911175	0.09302	7.68485e-07	8.434e-07
992	398	390	19	20	15	6	0.855388	0.1562	1.23839e-06	1.44775e-06
993	469	457	19	19	16	3	0.874048	0.13462	1.07674e-06	1.2319e-06
994	418	412	18	18	14	4	0.87508	0.13344	1.07511e-06	1.22859e-06
995	434	424	25	26	19	8	0.815397	0.20408	1.5433e-06	1.8927e-06
996	431	425	14	15	11	7	0.878183	0.1299	1.07019e-06	1.21865e-06
997	418	408	25	25	23	2	0.84603	0.1672	1.28381e-06	1.51746e-06
998	442	433	22	22	19	3	0.857735	0.15346	1.2019e-06	1.40125e-06
999	450	445	14	14	10	4	0.89734	0.10832	8.99852e-07	1.0028e-06
1000	454	448	26	26	19	8	0.815397	0.20408	1.5433e-06	1.8927e-06