Hist	Tr_Tot	Tr_in	DSBs	DSBt	RIFs	NComb	PSurv	lPSurv	PMut*	PMut
1	2	1	3	3	3	0	0.981336	0.01884	1.66182e-07	1.69343e-07
2	4	4	22	24	4	107	0.498366	0.69642	3.5085e-06	7.03999e-06
3	4	4	19	20	10	18	0.804608	0.2174	1.67789e-06	2.08535e-06
4	3	3	12	13	8	9	0.880258	0.12754	1.06689e-06	1.21202e-06
5	2	2	18	19	5	50	0.687757	0.37432	2.56476e-06	3.72916e-06
6	0	0	0	0	0	0	1	-0	0	0
7	10	10	39	42	15	127	0.401937	0.91146	3.66515e-06	9.11872e-06
8	5	5	23	24	11	40	0.70137	0.35472	2.44082e-06	3.48007e-06
9	6	6	71	77	16	318	0.121802	2.10536	2.58741e-06	2.12428e-05
10	3	3	6	7	3	5	0.932897	0.06946	6.16458e-07	6.60799e-07
11	5	5	39	43	13	86	0.492313	0.70864	3.44457e-06	6.9967e-06
12	8	8	74	78	21	246	0.174743	1.74444	3.0534e-06	1.74737e-05
13	6	6	26	28	13	54	0.636838	0.45124	2.83375e-06	4.44973e-06
14	4	4	11	11	8	4	0.914407	0.08948	7.62118e-07	8.33456e-07
15	2	2	12	13	4	21	0.828002	0.18874	1.53149e-06	1.84962e-06
16	2	2	4	4	3	1	0.970232	0.03022	2.70621e-07	2.78924e-07
17	4	4	36	41	15	103	0.457133	0.78278	3.55973e-06	7.78707e-06
18	3	3	10	10	8	3	0.924872	0.0781	6.69492e-07	7.23876e-07
19	5	5	39	43	11	135	0.383452	0.95854	3.68123e-06	9.60023e-06
20	6	6	49	52	14	157	0.32392	1.12726	3.6529e-06	1.12772e-05
21	7	7	56	60	13	335	0.12427	2.0853	2.63284e-06	2.11865e-05
22	9	9	40	41	21	52	0.592929	0.52268	3.01047e-06	5.07728e-06
23	4	3	24	26	9	123	0.453582	0.79058	3.63002e-06	8.00302e-06
24	2	2	2	2	2	0	0.987519	0.01256	1.11486e-07	1.12895e-07
25	3	3	12	12	11	1	0.922692	0.08046	6.7403e-07	7.30504e-07
26	5	5	36	37	19	87	0.508617	0.67606	3.4134e-06	6.71115e-06
27	7	6	37	40	20	52	0.596665	0.5164	2.99575e-06	5.02083e-06
28	5	5	49	53	15	194	0.266538	1.32224	3.54483e-06	1.32996e-05
29	4	4	25	26	7	142	0.411692	0.88748	3.71039e-06	9.01255e-06
30	2	2	17	17	6	36	0.747994	0.29036	2.14854e-06	2.8724e-06
31	4	4	24	26	12	39	0.696157	0.36218	2.46428e-06	3.53983e-06
32	2	2	10	10	3	14	0.874415	0.1342	1.14403e-06	1.30834e-06
33	3	3	4	4	4	0	0.975193	0.02512	2.20189e-07	2.2579e-07
34	7	7	27	28	10	62	0.611378	0.49204	2.98034e-06	4.87479e-06
35	2	2	29	35	6	227	0.252208	1.3775	3.54022e-06	1.40369e-05
36	11	11	89	96	28	259	0.146054	1.92378	2.80138e-06	1.91805e-05
37	4	4	9	9	8	1	0.94024	0.06162	5.27627e-07	5.61162e-07
38	7	7	53	57	24	94	0.432852	0.83736	3.55459e-06	8.21203e-06
39	3	3	31	33	9	105	0.475808	0.74274	3.54085e-06	7.44176e-06
40	11	10	83	86	20	382	0.0830527	2.48828	2.08889e-06	2.51514e-05
41	7	7	105	115	27	420	0.0570287	2.8642	1.64285e-06	2.88074e-05
42	5	5	44	45	18	115	0.419329	0.8691	3.62739e-06	8.65046e-06
43	5	5	59	61	19	178	0.275029	1.29088	3.54815e-06	1.2901e-05
44	3	3	24	26	9	48	0.664926	0.40808	2.67169e-06	4.01803e-06
45	4	4	19	19	9	16	0.817978	0.20092	1.57267e-06	1.92264e-06
46	5	4	37	40	10	80	0.517265	0.6592	3.36665e-06	6.50856e-06
47	3	3	8	8	4	7	0.917649	0.08594	7.55696e-07	8.23513e-07
48	5	5	49	52	12	157	0.32392	1.12726	3.6529e-06	1.12772e-05
49	3	3	32	38	12	93	0.490201	0.71294	3.47376e-06	7.0864e-06
50	9	9	68	72	21	227	0.199916	1.60986	3.22373e-06	1.61255e-05
51	4	4	40	42	17	96	0.470782	0.75336	3.51749e-06	7.47159e-06
52	4	4	9	10	6	7	0.906196	0.0985	8.48569e-07	9.36408e-07
53	4	4	49	52	18	128	0.375551	0.97936	3.65649e-06	9.73632e-06
54	2	2	17	19	7	31	0.757736	0.27742	2.06076e-06	2.71963e-06
55	5	5	34	39	12	111	0.444405	0.81102	3.59934e-06	8.09924e-06
56	6	6	25	28	16	33	0.70883	0.34414	2.36319e-06	3.33393e-06
57	5	5	18	19	8	25	0.781281	0.24682	1.87573e-06	2.40083e-06
58	2	2	13	13	5	29	0.794899	0.22954	1.80814e-06	2.27468e-06
59	1	1	0	0	0	0	1	-0	0	0
60	4	4	12	12	6	8	0.890333	0.11616	9.81536e-07	1.10244e-06
61	7	7	55	58	20	130	0.357994	1.02724	3.64483e-06	1.01813e-05
62	5	4	58	60	18	157	0.308048	1.1775	3.61302e-06	1.17288e-05
63	5	5	30	32	12	77	0.552302	0.59366	3.25725e-06	5.89758e-06
64	6	6	22	25	7	72	0.592029	0.5242	3.10032e-06	5.23678e-06
65	6	6	53	55	20	129	0.366667	1.0033	3.65157e-06	9.9588e-06
66	4	4	15	16	10	12	0.850713	0.16168	1.31075e-06	1.54076e-06
67	2	2	30	34	8	186	0.312822	1.16212	3.69193e-06	1.1802e-05
68	3	3	16	17	7	32	0.76341	0.26996	2.03057e-06	2.65987e-06
69	5	5	54	55	20	105	0.41441	0.8809	3.59857e-06	8.6836e-06
70	6	5	21	22	16	7	0.840415	0.17386	1.35624e-06	1.61378e-06
71	6	6	38	41	19	109	0.443357	0.81338	3.59379e-06	8.10587e-06
72	4	4	39	40	19	80	0.517265	0.6592	3.36665e-06	6.50856e-06
73	2	2	9	10	4	21	0.843749	0.1699	1.41773e-06	1.68027e-06
74	4	4	29	31	14	32	0.699157	0.35788	2.41219e-06	3.45014e-06
75	5	5	26	27	7	101	0.504262	0.68466	3.47463e-06	6.89054e-06
76	2	2	16	16	7	16	0.833535	0.18208	1.46143e-06	1.75329e-06
77	6	6	39	41	15	95	0.47617	0.74198	3.50557e-06	7.36201e-06
78	3	3	4	5	3	3	0.954374	0.0467	4.21487e-07	4.41638e-07
79	4	4	46	51	16	232	0.222355	1.50348	3.38107e-06	1.52057e-05
80	4	4	29	31	14	63	0.596915	0.51598	3.04264e-06	5.09727e-06
81	4	3	7	7	6	1	0.952124	0.04906	4.26805e-07	4.48266e-07
82	2	2	45	50	8	181	0.290225	1.2371	3.61025e-06	1.24395e-05
83	6	6	31	34	12	113	0.453926	0.78982	3.59658e-06	7.92327e-06
84	5	5	15	16	6	46	0.715281	0.33508	2.39425e-06	3.34729e-06
85	1	1	13	15	3	78	0.611402	0.492	3.05157e-06	4.9911e-06
86	1	1	3	3	3	0	0.981336	0.01884	1.66182e-07	1.69343e-07
87	3	3	11	12	6	13	0.867916	0.14166	1.1874e-06	1.3681e-06
88	9	9	102	109	24	399	0.065913	2.71942	1.80291e-06	2.73529e-05
89	6	6	37	40	18	65	0.558389	0.5827	3.18927e-06	5.71156e-06
90	7	7	46	47	14	148	0.349952	1.04996	3.68036e-06	1.05168e-05
91	6	5	30	31	7	105	0.481822	0.73018	3.53121e-06	7.32886e-06
92	9	9	55	59	26	159	0.306843	1.18142	3.61417e-06	1.17786e-05
93	6	6	60	68	17	430	0.0728	2.62004	1.94272e-06	2.66857e-05
94	4	4	46	49	14	139	0.361816	1.01662	3.67295e-06	1.01514e-05
95	6	6	22	23	6	96	0.530444	0.63404	3.39436e-06	6.39908e-06
96	4	3	37	39	8	148	0.367982	0.99972	3.70381e-06	1.00652e-05
97	7	7	60	63	16	328	0.126383	2.06844	2.652e-06	2.09839e-05
98	11	9	44	50	21	93	0.454617	0.7883	3.52954e-06	7.76377e-06
99	6	6	22	23	15	13	0.809985	0.21074	1.61108e-06	1.98903e-06
100	7	7	27	31	12	113	0.46256	0.77098	3.58665e-06	7.75393e-06
101	3	2	5	5	5	0	0.969088	0.0314	2.73513e-07	2.82238e-07
102	6	6	9	9	8	1	0.94024	0.06162	5.27627e-07	5.61162e-07
103	3	3	36	45	9	244	0.217186	1.527	3.3674e-06	1.55046e-05
104	5	5	20	20	11	25	0.77639	0.2531	1.90781e-06	2.45728e-06
105	3	3	27	32	7	88	0.522171	0.64976	3.38474e-06	6.48204e-06
106	3	3	35	38	7	155	0.357314	1.02914	3.70915e-06	1.03807e-05
107	3	3	13	14	6	17	0.839776	0.17462	1.42219e-06	1.69353e-06
108	4	4	20	21	9	36	0.729439	0.31548	2.25994e-06	3.09819e-06
109	3	3	15	16	6	30	0.776095	0.25348	1.93803e-06	2.49716e-06
110	4	4	36	41	10	131	0.396301	0.92558	3.67562e-06	9.2748e-06
111	2	2	32	38	9	121	0.424969	0.85574	3.64373e-06	8.57413e-06
112	1	1	13	14	5	17	0.839776	0.17462	1.42219e-06	1.69353e-06
113	1	1	0	0	0	0	1	-0	0	0
114	7	7	26	29	16	19	0.756525	0.27902	2.00215e-06	2.64651e-06
115	5	5	42	46	12	142	0.363099	1.01308	3.68237e-06	1.01415e-05
116	5	5	5	6	5	1	0.958122	0.04278	3.7541e-07	3.91819e-07
117	7	7	55	58	23	92	0.434552	0.83344	3.54691e-06	8.16222e-06
118	7	7	53	58	16	174	0.286035	1.25164	3.58092e-06	1.25191e-05
119	0	0	0	0	0	0	1	-0	0	0
120	5	4	35	37	10	150	0.368852	0.99736	3.71011e-06	1.00585e-05
121	6	5	73	77	20	378	0.0896932	2.41136	2.19128e-06	2.44308e-05
122	4	4	17	19	8	40	0.723742	0.32332	2.31441e-06	3.19783e-06
123	5	5	60	63	27	99	0.40635	0.90054	3.58254e-06	8.81639e-06
124	6	6	48	50	23	82	0.48085	0.7322	3.45217e-06	7.1793e-06
125	4	4	36	41	12	121	0.417037	0.87458	3.64635e-06	8.74347e-06
126	8	7	49	51	17	115	0.403822	0.90678	3.63002e-06	8.98915e-06
127	6	6	31	36	15	49	0.621276	0.47598	2.88001e-06	4.63564e-06
128	1	1	1	1	1	0	0.99374	0.00628	5.60942e-08	5.64476e-08
129	4	4	10	10	7	6	0.910829	0.0934	8.04513e-07	8.83275e-07
130	2	2	10	10	8	3	0.924872	0.0781	6.69492e-07	7.23876e-07
131	5	5	30	32	11	75	0.557964	0.58346	3.23135e-06	5.79131e-06
132	3	3	11	12	7	7	0.894885	0.11106	9.39006e-07	1.0493e-06
133	6	6	30	33	14	75	0.554471	0.58974	3.24242e-06	5.84776e-06
134	3	3	9	9	5	7	0.911905	0.09222	8.0244e-07	8.79961e-07
135	9	9	119	128	34	443	0.0467407	3.06314	1.4379e-06	3.07633e-05
136	3	3	7	7	4	4	0.937667	0.06436	5.69789e-07	6.07666e-07
137	1	1	5	6	2	10	0.915138	0.08868	7.96186e-07	8.70018e-07
138	3	3	5	5	4	1	0.964158	0.0365	3.23351e-07	3.35371e-07
139	1	1	12	12	7	11	0.876814	0.13146	1.1064e-06	1.26184e-06
140	1	1	0	0	0	0	1	-0	0	0
141	7	7	19	20	13	9	0.8424	0.1715	1.35386e-06	1.60715e-06
142	12	12	94	100	27	427	0.0604644	2.8057	1.71312e-06	2.83326e-05
143	4	4	22	22	12	39	0.713866	0.33706	2.36578e-06	3.31404e-06
144	5	5	32	37	9	147	0.374539	0.98206	3.70761e-06	9.89914e-06
145	7	7	93	104	23	582	0.0267473	3.62132	9.84144e-07	3.67941e-05
146	5	5	40	43	16	140	0.373798	0.98404	3.68785e-06	9.86589e-06
147	9	9	77	82	21	290	0.136155	1.99396	2.72819e-06	2.00373e-05
148	9	9	55	64	20	327	0.126234	2.06962	2.64929e-06	2.09872e-05
149	3	3	1	1	1	0	0.99374	0.00628	5.60942e-08	5.64476e-08
150	4	4	7	7	7	0	0.956992	0.04396	3.78139e-07	3.95133e-07
151	6	6	42	45	16	151	0.348994	1.0527	3.68651e-06	1.05633e-05
152	5	5	29	34	14	99	0.487522	0.71842	3.50012e-06	7.17941e-06
153	5	5	20	20	10	18	0.804608	0.2174	1.67789e-06	2.08535e-06
154	11	10	94	101	31	328	0.0995515	2.30708	2.30252e-06	2.31289e-05
155	3	3	16	16	11	8	0.868246	0.14128	1.15323e-06	1.32823e-06
156	9	9	79	85	21	408	0.0731971	2.6146	1.93799e-06	2.64764e-05
157	3	3	12	12	4	29	0.799907	0.22326	1.77438e-06	2.21823e-06
158	4	4	15	15	9	16	0.838786	0.1758	1.42329e-06	1.69685e-06
159	4	4	24	26	11	94	0.525881	0.64268	3.39833e-06	6.46216e-06
160	9	9	49	53	17	333	0.131186	2.03114	2.71359e-06	2.06851e-05
161	3	3	9	9	8	1	0.94024	0.06162	5.27627e-07	5.61162e-07
162	6	6	34	36	6	211	0.271938	1.30218	3.60134e-06	1.32432e-05
163	2	2	24	26	5	231	0.261485	1.34138	3.59317e-06	1.37414e-05
164	1	1	3	3	3	0	0.981336	0.01884	1.66182e-07	1.69343e-07
165	3	3	12	13	6	16	0.849387	0.16324	1.34539e-06	1.58395e-06
166	1	1	17	18	5	79	0.596939	0.51594	3.11219e-06	5.21358e-06
167	1	1	4	4	4	0	0.975193	0.02512	2.20189e-07	2.2579e-07
168	3	3	7	10	2	29	0.810017	0.2107	1.70536e-06	2.10534e-06
169	5	5	25	27	9	65	0.605888	0.50106	3.01596e-06	4.97774e-06
170	7	7	42	45	15	86	0.486169	0.7212	3.45646e-06	7.1096e-06
171	4	4	7	7	6	1	0.952124	0.04906	4.26805e-07	4.48266e-07
172	4	4	26	27	9	44	0.674381	0.39396	2.60442e-06	3.86195e-06
173	5	5	44	53	11	261	0.189391	1.66394	3.19304e-06	1.68595e-05
174	7	6	28	31	15	36	0.685039	0.37828	2.50907e-06	3.66267e-06
175	5	5	19	20	12	15	0.817013	0.2021	1.57353e-06	1.92595e-06
176	10	10	62	63	29	109	0.386146	0.95154	3.60958e-06	9.34772e-06
177	7	7	37	40	19	66	0.555548	0.5878	3.20257e-06	5.7647e-06
178	4	4	42	43	11	188	0.292632	1.22884	3.6334e-06	1.24163e-05
179	5	5	47	48	15	209	0.254784	1.36734	3.51967e-06	1.38143e-05
180	1	1	8	8	4	7	0.917649	0.08594	7.55696e-07	8.23513e-07
181	5	5	18	18	13	7	0.861793	0.14874	1.19616e-06	1.38799e-06
182	2	2	14	15	6	22	0.813508	0.2064	1.63974e-06	2.01564e-06
183	11	10	57	62	32	47	0.533093	0.62906	3.19696e-06	5.99701e-06
184	5	5	57	65	18	219	0.217599	1.5251	3.33041e-06	1.53053e-05
185	4	4	25	29	10	80	0.554261	0.59012	3.26329e-06	5.88764e-06
186	3	2	7	10	4	12	0.88338	0.124	1.06189e-06	1.20207e-06
187	2	2	15	16	4	34	0.760423	0.27388	2.06051e-06	2.70969e-06
188	4	4	14	14	12	2	0.90654	0.09812	8.12743e-07	8.96533e-07
189	1	1	7	8	3	15	0.880963	0.12674	1.09995e-06	1.24858e-06
190	3	3	13	14	6	23	0.814468	0.20522	1.63898e-06	2.01233e-06
191	2	2	26	29	8	61	0.610657	0.49322	2.97885e-06	4.87811e-06
192	3	3	16	17	8	30	0.771237	0.25976	1.96943e-06	2.55361e-06
193	1	1	5	5	2	6	0.939883	0.062	5.64905e-07	6.01037e-07
194	5	4	42	45	14	107	0.436791	0.8283	3.59278e-06	8.22539e-06
195	6	6	31	34	13	68	0.571026	0.56032	3.15908e-06	5.53228e-06
196	3	3	18	22	8	38	0.717516	0.33196	2.33975e-06	3.26091e-06
197	7	7	64	68	11	366	0.100899	2.29364	2.34944e-06	2.32852e-05
198	3	3	20	25	5	128	0.444947	0.8098	3.65401e-06	8.21224e-06
199	9	9	44	46	19	91	0.470961	0.75298	3.50005e-06	7.43171e-06
200	3	3	41	49	6	320	0.143744	1.93972	2.84162e-06	1.97686e-05
201	4	4	30	33	13	53	0.620307	0.47754	2.90231e-06	4.67883e-06
202	6	6	21	27	14	21	0.758312	0.27666	2.00186e-06	2.63988e-06
203	9	9	45	47	21	84	0.485022	0.72356	3.45153e-06	7.11623e-06
204	12	12	92	98	30	192	0.202982	1.59464	3.1936e-06	1.57334e-05
205	6	6	34	34	13	51	0.622744	0.47362	2.88269e-06	4.62901e-06
206	2	2	2	3	1	3	0.966436	0.03414	3.17709e-07	3.28742e-07
207	4	4	16	16	10	9	0.863829	0.14638	1.19326e-06	1.38136e-06
208	5	5	14	14	9	7	0.883716	0.12362	1.02705e-06	1.1622e-06
209	4	4	5	7	2	15	0.886513	0.12046	1.05684e-06	1.19213e-06
210	7	7	26	27	17	22	0.754455	0.28176	2.03176e-06	2.69302e-06
211	5	5	51	52	14	164	0.31256	1.16296	3.64104e-06	1.16491e-05
212	6	6	27	27	15	41	0.684778	0.37866	2.53542e-06	3.70255e-06
213	6	6	63	68	15	253	0.179543	1.71734	3.10271e-06	1.72811e-05
214	4	4	69	80	13	516	0.0435433	3.134	1.39045e-06	3.19325e-05
215	3	3	8	10	3	18	0.856758	0.1546	1.30302e-06	1.52087e-06
216	3	3	4	4	4	0	0.975193	0.02512	2.20189e-07	2.2579e-07
217	4	4	17	17	8	31	0.767313	0.26486	2.00019e-06	2.60674e-06
218	2	2	2	2	2	0	0.987519	0.01256	1.11486e-07	1.12895e-07
219	3	3	16	16	12	10	0.859435	0.15148	1.23285e-06	1.43449e-06
220	1	1	4	6	1	15	0.892097	0.11418	1.01314e-06	1.13568e-06
221	5	5	78	86	21	471	0.0527506	2.94218	1.5762e-06	2.98802e-05
222	8	8	40	44	15	78	0.509605	0.67412	3.3777e-06	6.62808e-06
223	5	4	23	26	11	76	0.576442	0.55088	3.17375e-06	5.50576e-06
224	6	6	18	19	10	24	0.785276	0.24172	1.84359e-06	2.3477e-06
225	2	2	5	5	4	1	0.964158	0.0365	3.23351e-07	3.35371e-07
226	9	9	49	51	22	123	0.387678	0.94758	3.64968e-06	9.41421e-06
227	3	3	37	40	8	163	0.338748	1.0825	3.69865e-06	1.09186e-05
228	5	5	25	26	11	38	0.699717	0.35708	2.4397e-06	3.4867e-06
229	3	3	15	19	9	32	0.753882	0.28252	2.09034e-06	2.77277e-06
230	7	6	54	61	19	211	0.232427	1.45918	3.40608e-06	1.46544e-05
231	3	3	4	4	3	1	0.970232	0.03022	2.70621e-07	2.78924e-07
232	0	0	0	0	0	0	1	-0	0	0
233	7	6	27	28	15	25	0.738348	0.30334	2.14775e-06	2.90886e-06
234	2	2	0	0	0	0	1	-0	0	0
235	5	5	30	34	12	59	0.597847	0.51442	3.02157e-06	5.05408e-06
236	4	4	18	18	8	23	0.794264	0.23034	1.77766e-06	2.23812e-06
237	5	5	29	30	13	52	0.635337	0.4536	2.83129e-06	4.45635e-06
238	4	4	39	44	11	119	0.413449	0.88322	3.64106e-06	8.80655e-06
239	6	6	33	37	15	70	0.554682	0.58936	3.22153e-06	5.80789e-06
240	5	5	12	12	10	2	0.917998	0.08556	7.19378e-07	7.83638e-07
241	1	1	0	0	0	0	1	-0	0	0
242	4	4	15	16	7	25	0.79614	0.22798	1.77658e-06	2.23149e-06
243	2	2	17	18	5	69	0.628173	0.46494	2.94126e-06	4.68225e-06
244	2	2	20	20	12	12	0.82961	0.1868	1.46555e-06	1.76655e-06
245	4	4	8	8	4	5	0.927057	0.07574	6.64929e-07	7.17247e-07
246	3	3	4	4	3	1	0.970232	0.03022	2.70621e-07	2.78924e-07
247	1	1	8	8	7	1	0.946163	0.05534	4.77542e-07	5.04714e-07
248	7	7	57	62	25	115	0.376868	0.97586	3.62173e-06	9.61007e-06
249	5	5	44	50	15	159	0.324685	1.1249	3.65938e-06	1.12706e-05
250	3	3	18	20	7	35	0.737787	0.3041	2.20496e-06	2.98861e-06
251	9	9	67	72	23	280	0.152566	1.88016	2.88983e-06	1.89415e-05
252	3	3	4	4	3	1	0.970232	0.03022	2.70621e-07	2.78924e-07
253	6	6	42	47	20	110	0.42479	0.85616	3.60973e-06	8.49769e-06
254	6	6	57	61	21	200	0.245839	1.40308	3.45894e-06	1.40699e-05
255	9	9	91	92	15	564	0.0316138	3.45416	1.11155e-06	3.51603e-05
256	4	4	25	26	12	52	0.651499	0.42848	2.75621e-06	4.23056e-06
257	6	6	58	60	16	326	0.130107	2.0394	2.69429e-06	2.07083e-05
258	3	3	21	21	10	25	0.77153	0.25938	1.93942e-06	2.51373e-06
259	4	4	46	49	10	335	0.133158	2.01622	2.73847e-06	2.05656e-05
260	3	3	6	6	5	1	0.958122	0.04278	3.7541e-07	3.91819e-07
261	5	4	16	16	10	12	0.850713	0.16168	1.31075e-06	1.54076e-06
262	7	6	77	81	20	248	0.169741	1.77348	3.01279e-06	1.77493e-05
263	2	2	18	18	3	120	0.484305	0.72504	3.58e-06	7.39204e-06
264	5	5	34	34	21	24	0.71468	0.33592	2.28299e-06	3.19442e-06
265	5	4	50	54	19	112	0.402395	0.91032	3.62119e-06	8.99909e-06
266	7	7	38	41	11	122	0.414916	0.87968	3.64985e-06	8.7966e-06
267	4	4	37	44	7	238	0.225346	1.49012	3.40934e-06	1.51294e-05
268	5	5	19	22	9	68	0.615722	0.48496	2.98927e-06	4.8549e-06
269	6	6	25	26	16	17	0.778816	0.24998	1.8465e-06	2.3709e-06
270	4	4	54	62	10	266	0.174477	1.74596	3.07659e-06	1.76332e-05
271	4	4	42	43	16	81	0.505029	0.68314	3.39937e-06	6.73104e-06
272	2	2	10	10	8	2	0.929601	0.073	6.23523e-07	6.70742e-07
273	4	4	57	57	14	212	0.237127	1.43916	3.43401e-06	1.44818e-05
274	1	1	9	11	5	12	0.87785	0.13028	1.10479e-06	1.25852e-06
275	7	7	36	39	13	86	0.504837	0.68352	3.41821e-06	6.77091e-06
276	6	6	24	25	14	21	0.767897	0.2641	1.94047e-06	2.52699e-06
277	2	1	3	3	3	0	0.981336	0.01884	1.66182e-07	1.69343e-07
278	7	6	45	47	18	121	0.401616	0.91226	3.64753e-06	9.08215e-06
279	4	4	24	25	12	29	0.737197	0.3049	2.17624e-06	2.95205e-06
280	6	6	23	26	12	28	0.736328	0.30608	2.17612e-06	2.95537e-06
281	4	4	2	2	2	0	0.987519	0.01256	1.11486e-07	1.12895e-07
282	5	5	17	17	10	17	0.824103	0.19346	1.5352e-06	1.86287e-06
283	7	7	105	117	23	566	0.0267463	3.62136	9.80994e-07	3.66778e-05
284	4	4	15	15	7	16	0.838786	0.1758	1.42329e-06	1.69685e-06
285	4	4	55	63	19	186	0.260738	1.34424	3.50405e-06	1.3439e-05
286	3	3	14	16	5	66	0.64592	0.43708	2.84848e-06	4.40995e-06
287	6	6	44	48	19	105	0.433034	0.83694	3.58919e-06	8.28847e-06
288	5	5	33	33	13	54	0.617152	0.48264	2.92034e-06	4.73196e-06
289	3	3	13	14	6	36	0.76222	0.27152	2.06033e-06	2.70306e-06
290	5	5	25	25	11	80	0.56836	0.565	3.21797e-06	5.66185e-06
291	3	3	4	4	3	1	0.970232	0.03022	2.70621e-07	2.78924e-07
292	4	4	29	30	10	99	0.499924	0.6933	3.47628e-06	6.95361e-06
293	1	1	3	4	3	1	0.970232	0.03022	2.70621e-07	2.78924e-07
294	5	5	33	34	17	36	0.672253	0.39712	2.57608e-06	3.83201e-06
295	2	2	22	24	10	26	0.753279	0.28332	2.06113e-06	2.73621e-06
296	3	3	5	6	4	3	0.948399	0.05298	4.72383e-07	4.98085e-07
297	5	4	20	20	4	48	0.690458	0.3704	2.54043e-06	3.67935e-06
298	6	6	16	16	10	10	0.859435	0.15148	1.23285e-06	1.43449e-06
299	4	4	10	10	8	2	0.929601	0.073	6.23523e-07	6.70742e-07
300	3	3	5	5	3	2	0.959253	0.0416	3.72674e-07	3.88504e-07
301	1	1	2	2	2	0	0.987519	0.01256	1.11486e-07	1.12895e-07
302	3	2	6	6	6	0	0.963021	0.03768	3.26161e-07	3.38686e-07
303	6	6	28	30	12	62	0.603747	0.5046	3.0113e-06	4.98769e-06
304	5	5	10	11	4	16	0.860123	0.15068	1.26529e-06	1.47105e-06
305	5	4	22	22	14	23	0.77456	0.25546	1.90845e-06	2.46391e-06
306	4	4	45	50	11	178	0.294699	1.2218	3.61893e-06	1.22801e-05
307	11	10	36	37	22	32	0.673303	0.39556	2.55103e-06	3.78882e-06
308	5	5	34	35	17	110	0.458039	0.7808	3.58201e-06	7.82032e-06
309	6	5	17	18	12	12	0.840095	0.17424	1.38923e-06	1.65366e-06
310	3	3	10	10	6	7	0.906196	0.0985	8.48569e-07	9.36408e-07
311	5	5	36	41	14	82	0.50881	0.67568	3.39441e-06	6.67127e-06
312	7	7	25	25	15	14	0.795806	0.2284	1.71501e-06	2.15505e-06
313	4	3	5	5	3	3	0.954374	0.0467	4.21487e-07	4.41638e-07
314	4	4	6	6	6	0	0.963021	0.03768	3.26161e-07	3.38686e-07
315	3	3	32	34	13	71	0.562356	0.57562	3.20075e-06	5.69168e-06
316	6	6	44	45	18	141	0.367255	1.0017	3.68427e-06	1.00319e-05
317	5	4	42	44	15	107	0.439543	0.82202	3.5906e-06	8.16895e-06
318	4	4	19	21	10	29	0.75595	0.27978	2.06092e-06	2.72626e-06
319	7	7	54	55	15	147	0.334506	1.0951	3.6512e-06	1.09152e-05
320	2	2	5	5	5	0	0.969088	0.0314	2.73513e-07	2.82238e-07
321	5	4	27	28	12	34	0.705224	0.34924	2.38864e-06	3.38706e-06
322	3	3	10	10	6	6	0.910829	0.0934	8.04513e-07	8.83275e-07
323	5	5	34	35	18	33	0.678345	0.3881	2.52959e-06	3.72906e-06
324	2	2	16	17	5	78	0.603771	0.50456	3.08165e-06	5.104e-06
325	13	13	73	85	18	508	0.0439545	3.1246	1.3973e-06	3.17897e-05
326	5	5	39	42	11	154	0.350232	1.04916	3.69611e-06	1.05533e-05
327	4	4	24	27	12	43	0.677829	0.38886	2.58172e-06	3.80881e-06
328	1	1	0	0	0	0	1	-0	0	0
329	3	3	10	10	6	5	0.915486	0.0883	7.59984e-07	8.30142e-07
330	10	10	56	60	21	159	0.304922	1.1877	3.60876e-06	1.1835e-05
331	6	6	50	53	13	305	0.151323	1.88834	2.905e-06	1.91973e-05
332	7	7	41	43	20	122	0.409737	0.89224	3.65055e-06	8.9095e-06
333	6	5	38	41	13	80	0.514027	0.66548	3.37459e-06	6.56501e-06
334	4	4	44	49	13	127	0.384651	0.95542	3.65951e-06	9.51385e-06
335	5	5	23	26	11	82	0.55907	0.58148	3.25634e-06	5.82456e-06
336	9	8	46	51	16	152	0.334379	1.09548	3.66315e-06	1.09551e-05
337	6	5	47	51	15	121	0.391653	0.93738	3.64548e-06	9.30794e-06
338	4	4	19	21	7	69	0.616449	0.48378	2.99076e-06	4.85159e-06
339	3	3	29	33	10	64	0.586466	0.53364	3.08675e-06	5.2633e-06
340	11	10	78	81	31	140	0.29444	1.22268	3.53649e-06	1.20109e-05
341	4	4	37	39	13	89	0.497172	0.69882	3.44555e-06	6.93031e-06
342	4	4	17	17	6	40	0.73289	0.31076	2.26092e-06	3.08494e-06
343	4	4	27	28	12	50	0.649963	0.43084	2.75402e-06	4.23719e-06
344	6	6	37	38	13	66	0.56257	0.57524	3.17953e-06	5.6518e-06
345	0	0	0	0	0	0	1	-0	0	0
346	7	7	33	35	16	47	0.631599	0.4595	2.8251e-06	4.47293e-06
347	3	2	14	14	10	7	0.883716	0.12362	1.02705e-06	1.1622e-06
348	4	4	8	8	6	3	0.936562	0.06554	5.72221e-07	6.1098e-07
349	3	2	10	10	9	1	0.934354	0.0679	5.77066e-07	6.17609e-07
350	5	4	7	7	5	2	0.947281	0.05416	4.74966e-07	5.014e-07
351	3	3	21	23	6	55	0.653809	0.42494	2.75948e-06	4.22062e-06
352	4	4	33	34	15	63	0.585775	0.53482	3.08505e-06	5.26661e-06
353	2	2	13	14	4	32	0.777929	0.25112	1.93745e-06	2.49053e-06
354	1	1	11	12	3	45	0.737227	0.30486	2.26208e-06	3.06837e-06
355	1	1	1	1	1	0	0.99374	0.00628	5.60942e-08	5.64476e-08
356	4	4	25	27	12	28	0.731718	0.31236	2.2038e-06	3.01181e-06
357	9	9	36	40	21	51	0.599715	0.5113	2.9792e-06	4.9677e-06
358	2	2	14	15	4	32	0.773059	0.2574	1.96896e-06	2.54698e-06
359	9	9	25	29	14	26	0.729993	0.31472	2.20344e-06	3.01844e-06
360	6	5	15	17	11	8	0.862811	0.14756	1.19471e-06	1.38467e-06
361	6	5	51	56	15	238	0.208988	1.56548	3.30342e-06	1.58068e-05
362	4	4	15	15	8	16	0.838786	0.1758	1.42329e-06	1.69685e-06
363	4	4	24	25	10	34	0.718636	0.3304	2.31237e-06	3.21772e-06
364	5	5	12	12	8	5	0.90406	0.10086	8.52562e-07	9.43037e-07
365	5	5	22	24	15	24	0.761001	0.27312	2.00139e-06	2.62994e-06
366	6	6	43	49	11	231	0.226317	1.48582	3.40374e-06	1.50397e-05
367	5	5	48	52	15	125	0.381341	0.96406	3.65208e-06	9.57693e-06
368	9	9	42	44	19	71	0.528126	0.63842	3.30404e-06	6.25615e-06
369	4	4	16	16	7	16	0.833535	0.18208	1.46143e-06	1.75329e-06
370	4	4	9	9	7	3	0.930698	0.07182	6.21174e-07	6.67428e-07
371	5	5	50	58	16	255	0.18924	1.66474	3.18357e-06	1.68229e-05
372	2	2	17	18	9	16	0.823131	0.19464	1.53612e-06	1.86619e-06
373	5	5	11	11	7	10	0.886849	0.12008	1.02188e-06	1.15226e-06
374	3	3	21	23	6	82	0.569703	0.56264	3.22179e-06	5.65522e-06
375	9	7	54	58	18	139	0.341933	1.07314	3.64483e-06	1.06595e-05
376	3	3	9	9	7	2	0.935457	0.06672	5.74646e-07	6.14295e-07
377	2	2	4	5	2	6	0.939883	0.062	5.64905e-07	6.01037e-07
378	3	3	7	8	6	2	0.94135	0.06044	5.2513e-07	5.57847e-07
379	5	5	33	35	15	67	0.570353	0.5615	3.15724e-06	5.53559e-06
380	3	2	50	52	13	153	0.330595	1.10686	3.65792e-06	1.10647e-05
381	1	1	27	32	7	279	0.197136	1.62386	3.27847e-06	1.66305e-05
382	1	0	2	2	2	0	0.987519	0.01256	1.11486e-07	1.12895e-07
383	4	4	43	47	14	107	0.431339	0.84086	3.59663e-06	8.33829e-06
384	10	8	34	37	20	41	0.643097	0.44146	2.74411e-06	4.26702e-06
385	5	4	14	15	12	3	0.896282	0.1095	9.01762e-07	1.00611e-06
386	7	7	55	60	22	117	0.377759	0.9735	3.62778e-06	9.60344e-06
387	11	11	94	98	27	419	0.0637784	2.75234	1.7727e-06	2.77947e-05
388	6	6	26	27	9	126	0.443898	0.81216	3.64834e-06	8.21887e-06
389	6	6	51	55	23	71	0.492875	0.7075	3.38954e-06	6.87708e-06
390	6	6	28	29	13	59	0.616917	0.48302	2.94383e-06	4.77184e-06
391	4	4	24	29	10	43	0.669369	0.40142	2.62507e-06	3.92171e-06
392	7	6	58	65	22	161	0.292497	1.2293	3.57535e-06	1.22235e-05
393	9	9	52	53	22	104	0.421793	0.86324	3.59266e-06	8.51758e-06
394	5	5	29	32	13	57	0.61161	0.49166	2.95708e-06	4.83492e-06
395	6	5	18	19	5	50	0.687757	0.37432	2.56476e-06	3.72916e-06
396	2	2	4	4	4	0	0.975193	0.02512	2.20189e-07	2.2579e-07
397	10	10	62	65	21	153	0.304678	1.1885	3.59473e-06	1.17985e-05
398	5	5	31	32	17	57	0.61161	0.49166	2.95708e-06	4.83492e-06
399	3	3	8	8	7	1	0.946163	0.05534	4.77542e-07	5.04714e-07
400	5	4	29	34	13	58	0.600904	0.50932	3.00509e-06	5.00094e-06
401	4	4	46	49	16	89	0.466909	0.76162	3.49939e-06	7.49479e-06
402	7	7	54	59	17	202	0.246419	1.40072	3.46547e-06	1.40633e-05
403	3	2	9	10	8	2	0.929601	0.073	6.23523e-07	6.70742e-07
404	9	9	96	105	26	545	0.0321	3.4389	1.11979e-06	3.48846e-05
405	2	2	4	4	4	0	0.975193	0.02512	2.20189e-07	2.2579e-07
406	0	0	0	0	0	0	1	-0	0	0
407	3	2	12	13	8	11	0.871325	0.13774	1.14865e-06	1.31828e-06
408	1	1	18	19	4	58	0.660261	0.41512	2.74288e-06	4.15423e-06
409	4	4	24	26	14	31	0.725148	0.32138	2.25867e-06	3.11477e-06
410	4	4	57	61	14	240	0.200472	1.60708	3.2467e-06	1.61953e-05
411	6	6	22	22	13	37	0.721185	0.32686	2.3134e-06	3.20778e-06
412	5	4	50	52	15	153	0.330595	1.10686	3.65792e-06	1.10647e-05
413	3	3	10	10	7	6	0.910829	0.0934	8.04513e-07	8.83275e-07
414	7	7	17	20	15	7	0.851037	0.1613	1.27731e-06	1.50088e-06
415	2	2	12	12	9	4	0.908682	0.09576	8.0864e-07	8.89904e-07
416	6	5	24	25	9	64	0.616683	0.4834	2.9673e-06	4.81171e-06
417	5	5	20	21	13	15	0.811898	0.20838	1.60951e-06	1.9824e-06
418	6	5	53	57	25	112	0.394885	0.92916	3.62048e-06	9.16843e-06
419	4	4	28	29	18	15	0.772116	0.25862	1.87931e-06	2.43398e-06
420	5	4	27	29	10	65	0.598326	0.51362	3.04586e-06	5.09064e-06
421	10	10	73	75	22	208	0.216146	1.5318	3.30386e-06	1.52853e-05
422	6	5	17	18	13	6	0.8662	0.14364	1.15625e-06	1.33486e-06
423	5	5	22	22	11	33	0.736048	0.30646	2.20464e-06	2.99524e-06
424	2	2	6	6	6	0	0.963021	0.03768	3.26161e-07	3.38686e-07
425	11	10	90	96	32	197	0.200372	1.60758	3.18315e-06	1.58862e-05
426	4	4	14	14	6	23	0.814468	0.20522	1.63898e-06	2.01233e-06
427	5	5	34	34	20	39	0.662046	0.41242	2.6425e-06	3.99141e-06
428	3	2	14	14	4	38	0.754485	0.28172	2.1196e-06	2.80933e-06
429	4	3	4	4	4	0	0.975193	0.02512	2.20189e-07	2.2579e-07
430	5	5	25	25	12	35	0.714981	0.3355	2.3386e-06	3.27085e-06
431	8	8	43	49	16	115	0.408926	0.89422	3.62973e-06	8.87625e-06
432	3	2	4	4	4	0	0.975193	0.02512	2.20189e-07	2.2579e-07
433	1	1	2	2	2	0	0.987519	0.01256	1.11486e-07	1.12895e-07
434	2	2	15	15	7	19	0.82605	0.1911	1.53335e-06	1.85624e-06
435	1	1	7	8	4	10	0.903716	0.10124	8.88274e-07	9.82913e-07
436	6	6	36	39	20	64	0.564779	0.57132	3.16388e-06	5.60198e-06
437	8	7	49	53	20	89	0.455327	0.78674	3.51539e-06	7.72058e-06
438	5	5	23	25	12	31	0.729716	0.3151	2.2317e-06	3.05832e-06
439	6	5	56	59	18	205	0.242678	1.41602	3.45154e-06	1.42227e-05
440	4	3	24	27	8	75	0.575763	0.55206	3.17192e-06	5.50908e-06
441	5	5	13	15	5	26	0.79708	0.2268	1.77604e-06	2.22818e-06
442	3	2	26	27	8	125	0.446168	0.80706	3.64329e-06	8.16574e-06
443	7	7	31	33	15	47	0.639582	0.44694	2.7886e-06	4.36003e-06
444	7	6	23	25	14	29	0.737197	0.3049	2.17624e-06	2.95205e-06
445	6	6	56	58	18	155	0.315139	1.15474	3.62713e-06	1.15096e-05
446	7	7	33	38	15	67	0.559708	0.58034	3.1931e-06	5.70493e-06
447	4	3	26	33	6	198	0.296105	1.21704	3.66672e-06	1.23831e-05
448	4	4	24	25	13	28	0.740966	0.2998	2.148e-06	2.89892e-06
449	8	8	45	50	20	82	0.48085	0.7322	3.45217e-06	7.1793e-06
450	6	5	13	13	11	2	0.912251	0.09184	7.66369e-07	8.40085e-07
451	3	2	5	5	3	3	0.954374	0.0467	4.21487e-07	4.41638e-07
452	7	6	42	42	17	94	0.475609	0.74316	3.50301e-06	7.36532e-06
453	2	2	2	2	2	0	0.987519	0.01256	1.11486e-07	1.12895e-07
454	4	4	17	18	8	38	0.735768	0.30684	2.23314e-06	3.03512e-06
455	4	4	15	16	7	25	0.79614	0.22798	1.77658e-06	2.23149e-06
456	5	5	50	52	13	214	0.242208	1.41796	3.46497e-06	1.43058e-05
457	3	3	19	19	8	47	0.69836	0.35902	2.49298e-06	3.56976e-06
458	7	7	20	21	12	15	0.811898	0.20838	1.60951e-06	1.9824e-06
459	5	5	33	33	13	57	0.607781	0.49794	2.97288e-06	4.89136e-06
460	2	2	5	5	4	1	0.964158	0.0365	3.23351e-07	3.35371e-07
461	3	2	10	10	3	18	0.856758	0.1546	1.30302e-06	1.52087e-06
462	1	1	4	4	2	3	0.960386	0.04042	3.69931e-07	3.8519e-07
463	6	5	84	90	17	819	0.00872031	4.7421	4.23776e-07	4.85964e-05
464	8	8	55	60	20	113	0.385544	0.9531	3.62061e-06	9.39091e-06
465	5	5	10	10	7	4	0.920167	0.0832	7.14978e-07	7.77009e-07
466	7	7	60	61	28	149	0.318867	1.14298	3.62238e-06	1.13602e-05
467	2	2	0	0	0	0	1	-0	0	0
468	4	4	29	31	6	124	0.437324	0.82708	3.64658e-06	8.33839e-06
469	3	3	16	17	5	78	0.603771	0.50456	3.08165e-06	5.104e-06
470	7	7	42	45	23	34	0.633814	0.456	2.75498e-06	4.34667e-06
471	3	3	7	8	3	15	0.880963	0.12674	1.09995e-06	1.24858e-06
472	4	4	24	29	11	70	0.583261	0.53912	3.12413e-06	5.3563e-06
473	3	1	15	15	8	14	0.847385	0.1656	1.34783e-06	1.59058e-06
474	7	7	86	91	20	334	0.102809	2.27488	2.35261e-06	2.28832e-05
475	4	4	35	36	13	97	0.486373	0.72078	3.49509e-06	7.18603e-06
476	2	2	7	7	6	1	0.952124	0.04906	4.26805e-07	4.48266e-07
477	8	8	89	100	21	620	0.0225956	3.79	8.71904e-07	3.85873e-05
478	4	4	22	22	13	24	0.77062	0.26056	1.93968e-06	2.51704e-06
479	5	5	14	14	12	2	0.90654	0.09812	8.12743e-07	8.96533e-07
480	4	4	29	30	13	73	0.570809	0.5607	3.18064e-06	5.57215e-06
481	6	6	38	43	14	152	0.351607	1.04524	3.69311e-06	1.05035e-05
482	5	5	81	91	12	783	0.0104122	4.56478	4.86665e-07	4.674e-05
483	5	5	47	53	21	149	0.335297	1.09274	3.65761e-06	1.09086e-05
484	4	4	9	9	8	1	0.94024	0.06162	5.27627e-07	5.61162e-07
485	1	1	5	6	2	7	0.929248	0.07338	6.6034e-07	7.10618e-07
486	2	2	5	5	5	0	0.969088	0.0314	2.73513e-07	2.82238e-07
487	4	4	45	48	13	157	0.33216	1.10214	3.67083e-06	1.10514e-05
488	3	2	0	0	0	0	1	-0	0	0
489	1	1	0	0	0	0	1	-0	0	0
490	4	4	35	40	14	99	0.469494	0.7561	3.5297e-06	7.51809e-06
491	4	4	31	34	10	141	0.393521	0.93262	3.70343e-06	9.411e-06
492	6	6	31	31	22	16	0.7586	0.27628	1.97237e-06	2.60001e-06
493	8	8	33	34	20	22	0.722007	0.32572	2.22967e-06	3.08815e-06
494	3	3	35	39	11	156	0.353271	1.04052	3.7059e-06	1.04902e-05
495	7	7	35	37	12	57	0.592704	0.52306	3.03296e-06	5.11715e-06
496	6	6	24	24	17	10	0.817324	0.20172	1.54153e-06	1.88607e-06
497	5	5	5	6	3	4	0.943574	0.05808	5.20116e-07	5.51218e-07
498	4	4	23	24	11	61	0.630136	0.46182	2.89602e-06	4.59587e-06
499	7	6	61	66	12	383	0.0936885	2.36778	2.2556e-06	2.40756e-05
500	3	2	24	25	15	23	0.760104	0.2743	2.00155e-06	2.63325e-06
501	6	6	65	72	13	538	0.0409272	3.19596	1.33627e-06	3.26499e-05
502	3	3	19	19	10	17	0.813817	0.20602	1.60791e-06	1.97577e-06
503	5	5	48	51	16	94	0.449473	0.79968	3.53886e-06	7.87335e-06
504	3	3	24	27	7	108	0.486577	0.72036	3.53375e-06	7.26247e-06
505	2	2	6	6	4	3	0.948399	0.05298	4.72383e-07	4.98085e-07
506	7	7	15	15	14	1	0.905471	0.0993	8.14786e-07	8.99847e-07
507	5	5	23	23	10	34	0.727719	0.31784	2.25944e-06	3.10482e-06
508	7	6	54	59	16	152	0.317995	1.14572	3.62726e-06	1.14067e-05
509	5	5	12	13	9	5	0.8984	0.10714	8.97937e-07	9.99485e-07
510	5	5	47	49	21	177	0.298072	1.21042	3.62769e-06	1.21705e-05
511	4	4	34	36	19	52	0.611843	0.49128	2.93381e-06	4.79504e-06
512	3	2	5	7	4	4	0.937667	0.06436	5.69789e-07	6.07666e-07
513	4	4	25	26	18	17	0.778816	0.24998	1.8465e-06	2.3709e-06
514	2	2	13	14	9	11	0.86587	0.14402	1.19034e-06	1.37473e-06
515	4	4	19	20	8	25	0.77639	0.2531	1.90781e-06	2.45728e-06
516	1	1	1	1	1	0	0.99374	0.00628	5.60942e-08	5.64476e-08
517	8	8	63	67	21	158	0.2933	1.22656	3.57152e-06	1.2177e-05
518	5	5	33	37	12	90	0.500894	0.69136	3.44142e-06	6.87055e-06
519	0	0	0	0	0	0	1	-0	0	0
520	8	8	64	69	24	120	0.351579	1.04532	3.61102e-06	1.02709e-05
521	4	4	37	40	11	97	0.474307	0.7459	3.51548e-06	7.41182e-06
522	7	6	91	100	15	705	0.0146473	4.2235	6.31352e-07	4.31037e-05
523	4	4	26	28	11	48	0.656626	0.42064	2.71248e-06	4.13093e-06
524	5	5	20	21	15	12	0.824416	0.19308	1.50291e-06	1.823e-06
525	4	4	16	18	9	15	0.82734	0.18954	1.50001e-06	1.81305e-06
526	7	7	71	77	21	220	0.200777	1.60556	3.21962e-06	1.60358e-05
527	4	4	42	47	12	201	0.267066	1.32026	3.56074e-06	1.33328e-05
528	2	2	33	35	10	158	0.358581	1.0256	3.71874e-06	1.03707e-05
529	3	3	4	4	3	1	0.970232	0.03022	2.70621e-07	2.78924e-07
530	5	5	8	9	6	6	0.916567	0.08712	7.57843e-07	8.26828e-07
531	4	4	35	35	16	67	0.570353	0.5615	3.15724e-06	5.53559e-06
532	4	4	59	62	17	251	0.188349	1.66946	3.17107e-06	1.68362e-05
533	3	2	9	10	7	3	0.924872	0.0781	6.69492e-07	7.23876e-07
534	2	2	10	10	4	21	0.843749	0.1699	1.41773e-06	1.68027e-06
535	8	8	83	92	19	455	0.055119	2.89826	1.61878e-06	2.93688e-05
536	5	4	16	20	7	42	0.711913	0.3398	2.39242e-06	3.36055e-06
537	1	1	0	0	0	0	1	-0	0	0
538	3	3	11	11	9	2	0.923781	0.07928	6.71764e-07	7.2719e-07
539	4	4	29	32	11	100	0.491172	0.71096	3.49697e-06	7.11964e-06
540	4	4	50	56	18	159	0.312678	1.16258	3.62996e-06	1.16092e-05
541	4	4	28	32	13	40	0.667003	0.40496	2.62243e-06	3.93165e-06
542	3	3	33	34	10	97	0.49252	0.70822	3.48366e-06	7.07314e-06
543	1	1	0	0	0	0	1	-0	0	0
544	5	5	47	51	13	178	0.292854	1.22808	3.61281e-06	1.23365e-05
545	8	6	64	70	17	209	0.221906	1.5055	3.34106e-06	1.50562e-05
546	3	2	30	32	14	70	0.572376	0.55796	3.16275e-06	5.52565e-06
547	5	5	39	41	14	103	0.457133	0.78278	3.55973e-06	7.78707e-06
548	2	2	25	25	9	47	0.672536	0.3967	2.62857e-06	3.90845e-06
549	8	8	86	94	26	277	0.134927	2.00302	2.70178e-06	2.0024e-05
550	5	5	28	30	16	33	0.699982	0.3567	2.41272e-06	3.44682e-06
551	8	8	67	71	30	119	0.348966	1.05278	3.60504e-06	1.03306e-05
552	5	5	49	52	12	214	0.242208	1.41796	3.46497e-06	1.43058e-05
553	2	2	4	4	3	1	0.970232	0.03022	2.70621e-07	2.78924e-07
554	4	3	7	7	6	1	0.952124	0.04906	4.26805e-07	4.48266e-07
555	4	4	29	32	8	166	0.350793	1.04756	3.72767e-06	1.06264e-05
556	4	4	40	46	9	243	0.21693	1.52818	3.36414e-06	1.5508e-05
557	3	2	34	39	12	135	0.393207	0.93342	3.68609e-06	9.37444e-06
558	6	6	38	38	20	34	0.662298	0.41204	2.61709e-06	3.95154e-06
559	5	5	16	16	9	14	0.84208	0.17188	1.38693e-06	1.64703e-06
560	4	4	24	26	11	35	0.710504	0.34178	2.36406e-06	3.3273e-06
561	4	4	46	51	20	82	0.47784	0.73848	3.45753e-06	7.23575e-06
562	3	3	9	9	5	7	0.911905	0.09222	8.0244e-07	8.79961e-07
563	7	7	28	30	15	31	0.707159	0.3465	2.3623e-06	3.34056e-06
564	3	2	5	5	5	0	0.969088	0.0314	2.73513e-07	2.82238e-07
565	5	5	33	36	19	44	0.637322	0.45048	2.78508e-06	4.36997e-06
566	2	2	8	10	2	36	0.78161	0.2464	1.93626e-06	2.47727e-06
567	2	2	2	2	2	0	0.987519	0.01256	1.11486e-07	1.12895e-07
568	4	4	7	8	4	5	0.927057	0.07574	6.64929e-07	7.17247e-07
569	4	4	12	12	10	2	0.917998	0.08556	7.19378e-07	7.83638e-07
570	1	1	0	0	0	0	1	-0	0	0
571	5	5	37	39	11	155	0.355077	1.03542	3.70598e-06	1.04371e-05
572	2	2	6	6	5	1	0.958122	0.04278	3.7541e-07	3.91819e-07
573	8	7	34	35	17	38	0.661265	0.4136	2.64158e-06	3.99473e-06
574	4	4	4	5	2	6	0.939883	0.062	5.64905e-07	6.01037e-07
575	4	4	29	31	16	38	0.678087	0.38848	2.55567e-06	3.76894e-06
576	6	6	36	38	18	59	0.583016	0.53954	3.07825e-06	5.27987e-06
577	5	5	34	38	10	136	0.393671	0.93224	3.68914e-06	9.37112e-06
578	7	6	26	30	12	40	0.675434	0.3924	2.57932e-06	3.81876e-06
579	7	7	22	23	15	23	0.769711	0.26174	1.93995e-06	2.52036e-06
580	1	1	2	2	1	1	0.982495	0.01766	1.63122e-07	1.66028e-07
581	3	3	17	17	12	7	0.867222	0.14246	1.15474e-06	1.33154e-06
582	4	4	26	29	8	106	0.48543	0.72272	3.52864e-06	7.2691e-06
583	5	5	27	30	17	21	0.744159	0.2955	2.09051e-06	2.80923e-06
584	5	4	45	48	16	112	0.417847	0.87264	3.61872e-06	8.6604e-06
585	4	4	16	18	7	27	0.778225	0.25074	1.90716e-06	2.45065e-06
586	2	2	23	26	7	114	0.474886	0.74468	3.57343e-06	7.52482e-06
587	6	6	18	19	12	11	0.839105	0.17542	1.39037e-06	1.65697e-06
588	7	7	37	40	15	81	0.514634	0.6643	3.37687e-06	6.56169e-06
589	1	1	0	0	0	0	1	-0	0	0
590	4	4	35	38	11	244	0.226947	1.48304	3.42905e-06	1.51095e-05
591	2	2	16	17	6	25	0.791156	0.23426	1.81012e-06	2.28794e-06
592	5	5	45	50	16	137	0.363237	1.0127	3.66928e-06	1.01016e-05
593	3	3	16	16	7	45	0.718938	0.32998	2.36829e-06	3.29416e-06
594	6	6	21	21	15	12	0.824416	0.19308	1.50291e-06	1.823e-06
595	2	2	5	5	4	1	0.964158	0.0365	3.23351e-07	3.35371e-07
596	4	4	27	28	13	32	0.712454	0.33904	2.33742e-06	3.2808e-06
597	1	1	4	4	4	0	0.975193	0.02512	2.20189e-07	2.2579e-07
598	4	4	48	53	14	152	0.330206	1.10804	3.6547e-06	1.1068e-05
599	7	7	51	56	22	155	0.319123	1.14218	3.63695e-06	1.13967e-05
600	3	3	15	17	5	78	0.603771	0.50456	3.08165e-06	5.104e-06
601	8	8	72	79	21	235	0.183669	1.69462	3.11239e-06	1.69457e-05
602	7	7	47	49	17	94	0.455154	0.78712	3.5322e-06	7.76045e-06
603	5	5	19	20	13	14	0.821191	0.197	1.53794e-06	1.87282e-06
604	4	4	23	25	8	76	0.580074	0.5446	3.161e-06	5.44931e-06
605	5	5	21	22	12	24	0.77062	0.26056	1.93968e-06	2.51704e-06
606	5	4	10	10	4	16	0.865541	0.1444	1.2244e-06	1.41461e-06
607	5	5	14	15	8	18	0.830274	0.186	1.49708e-06	1.80311e-06
608	8	8	36	38	16	59	0.583016	0.53954	3.07825e-06	5.27987e-06
609	5	5	32	35	8	116	0.444236	0.8114	3.61569e-06	8.13912e-06
610	2	1	1	1	1	0	0.99374	0.00628	5.60942e-08	5.64476e-08
611	6	6	18	18	13	6	0.8662	0.14364	1.15625e-06	1.33486e-06
612	5	5	30	32	12	95	0.503858	0.68546	3.45343e-06	6.85398e-06
613	5	5	12	12	9	3	0.913328	0.09066	7.64246e-07	8.36771e-07
614	4	4	19	20	10	24	0.78036	0.248	1.8761e-06	2.40415e-06
615	5	5	15	15	12	4	0.891723	0.1146	9.44554e-07	1.05925e-06
616	3	3	37	38	9	175	0.322665	1.13114	3.69236e-06	1.14433e-05
617	4	4	52	59	18	158	0.308412	1.17632	3.61627e-06	1.17255e-05
618	3	3	20	23	11	67	0.614996	0.48614	2.98778e-06	4.85822e-06
619	3	3	39	42	10	104	0.451961	0.79416	3.56898e-06	7.89665e-06
620	3	3	9	11	3	36	0.776716	0.25268	1.96798e-06	2.53372e-06
621	5	5	34	36	11	89	0.506627	0.67998	3.42529e-06	6.76097e-06
622	3	3	34	34	11	95	0.49757	0.69802	3.4665e-06	6.96687e-06
623	2	2	3	3	3	0	0.981336	0.01884	1.66182e-07	1.69343e-07
624	1	0	0	0	0	0	1	-0	0	0
625	4	4	7	7	7	0	0.956992	0.04396	3.78139e-07	3.95133e-07
626	6	6	41	47	11	137	0.370145	0.99386	3.67639e-06	9.93229e-06
627	5	5	22	24	10	48	0.67333	0.39552	2.62944e-06	3.90514e-06
628	7	7	36	37	18	62	0.577781	0.54856	3.11009e-06	5.38282e-06
629	2	2	4	4	4	0	0.975193	0.02512	2.20189e-07	2.2579e-07
630	8	8	32	32	17	51	0.630615	0.46106	2.84793e-06	4.51612e-06
631	4	4	12	12	12	0	0.92741	0.07536	6.28201e-07	6.77371e-07
632	0	0	0	0	0	0	1	-0	0	0
633	4	4	47	50	14	188	0.280046	1.2728	3.58779e-06	1.28114e-05
634	6	6	48	54	20	115	0.396286	0.92562	3.62938e-06	9.15849e-06
635	7	7	36	39	17	47	0.615931	0.48462	2.89409e-06	4.69872e-06
636	5	4	42	49	12	215	0.245559	1.40422	3.48437e-06	1.41896e-05
637	8	7	77	84	21	326	0.111903	2.19012	2.46893e-06	2.2063e-05
638	4	4	13	13	8	11	0.871325	0.13774	1.14865e-06	1.31828e-06
639	5	5	15	15	11	7	0.878183	0.1299	1.07019e-06	1.21865e-06
640	6	6	10	10	5	9	0.896999	0.1087	9.35279e-07	1.04267e-06
641	1	1	3	4	2	3	0.960386	0.04042	3.69931e-07	3.8519e-07
642	5	4	23	25	12	30	0.733447	0.31	2.20414e-06	3.00519e-06
643	2	2	5	6	4	3	0.948399	0.05298	4.72383e-07	4.98085e-07
644	7	7	32	32	14	45	0.65021	0.43046	2.72914e-06	4.19732e-06
645	3	3	9	9	7	2	0.935457	0.06672	5.74646e-07	6.14295e-07
646	4	3	32	35	8	151	0.371614	0.9899	3.71568e-06	9.99878e-06
647	3	3	2	2	1	1	0.982495	0.01766	1.63122e-07	1.66028e-07
648	2	2	28	31	13	50	0.637832	0.44968	2.81063e-06	4.40654e-06
649	3	2	4	5	3	3	0.954374	0.0467	4.21487e-07	4.41638e-07
650	1	1	18	18	3	76	0.606143	0.50064	3.06355e-06	5.05418e-06
651	5	5	39	40	20	59	0.575739	0.5521	3.10483e-06	5.39276e-06
652	4	4	33	35	10	89	0.509819	0.6737	3.41809e-06	6.70452e-06
653	4	4	16	17	12	8	0.862811	0.14756	1.19471e-06	1.38467e-06
654	5	4	36	38	15	59	0.583016	0.53954	3.07825e-06	5.27987e-06
655	3	3	30	32	14	48	0.640337	0.44576	2.78977e-06	4.35672e-06
656	6	6	30	32	12	66	0.584172	0.53756	3.10377e-06	5.31311e-06
657	6	6	32	32	11	57	0.61161	0.49166	2.95708e-06	4.83492e-06
658	8	7	76	81	24	268	0.153281	1.87548	2.88352e-06	1.8812e-05
659	4	4	19	20	12	15	0.817013	0.2021	1.57353e-06	1.92595e-06
660	5	4	35	37	16	49	0.617387	0.48226	2.89683e-06	4.69209e-06
661	4	2	14	15	9	16	0.838786	0.1758	1.42329e-06	1.69685e-06
662	3	3	5	5	3	2	0.959253	0.0416	3.72674e-07	3.88504e-07
663	7	7	44	48	15	201	0.265394	1.32654	3.55343e-06	1.33893e-05
664	8	8	44	46	19	127	0.391966	0.93658	3.66273e-06	9.34451e-06
665	5	5	33	35	14	55	0.606349	0.5003	2.96989e-06	4.89799e-06
666	4	4	49	54	11	175	0.291819	1.23162	3.60294e-06	1.23465e-05
667	2	2	13	16	5	32	0.768219	0.26368	2e-06	2.60342e-06
668	3	3	2	2	2	0	0.987519	0.01256	1.11486e-07	1.12895e-07
669	6	6	40	44	17	78	0.509605	0.67412	3.3777e-06	6.62808e-06
670	3	3	17	17	6	27	0.783127	0.24446	1.87497e-06	2.39421e-06
671	5	5	42	43	25	38	0.628864	0.46384	2.79612e-06	4.44631e-06
672	5	5	40	44	14	220	0.247012	1.39832	3.50089e-06	1.4173e-05
673	4	4	18	19	10	24	0.785276	0.24172	1.84359e-06	2.3477e-06
674	3	3	24	25	13	20	0.771823	0.259	1.90938e-06	2.47385e-06
675	4	4	30	31	9	84	0.53629	0.62308	3.33201e-06	6.21306e-06
676	2	2	27	29	8	78	0.559943	0.57992	3.23724e-06	5.78137e-06
677	1	1	3	3	2	1	0.976344	0.02394	2.17213e-07	2.22476e-07
678	6	6	73	76	26	238	0.18432	1.69108	3.1216e-06	1.69357e-05
679	7	7	76	85	19	344	0.101449	2.2882	2.34102e-06	2.30759e-05
680	5	5	36	43	15	138	0.37763	0.97384	3.68553e-06	9.75963e-06
681	3	3	46	50	13	134	0.368837	0.9974	3.66706e-06	9.94223e-06
682	5	5	8	8	5	4	0.931797	0.07064	6.18819e-07	6.64114e-07
683	5	5	38	40	16	100	0.467106	0.7612	3.53656e-06	7.57122e-06
684	3	3	6	6	4	3	0.948399	0.05298	4.72383e-07	4.98085e-07
685	6	6	41	44	17	81	0.501867	0.68942	3.40641e-06	6.78748e-06
686	2	2	3	3	3	0	0.981336	0.01884	1.66182e-07	1.69343e-07
687	8	8	23	23	12	25	0.7619	0.27194	2.00123e-06	2.62662e-06
688	4	4	28	32	9	234	0.247992	1.39436	3.53128e-06	1.42395e-05
689	5	5	25	26	16	23	0.755346	0.28058	2.03165e-06	2.6897e-06
690	5	4	64	69	14	354	0.106595	2.23872	2.42013e-06	2.2704e-05
691	7	6	34	36	16	41	0.647148	0.43518	2.72487e-06	4.21057e-06
692	6	6	29	30	9	81	0.547989	0.6015	3.28641e-06	5.99722e-06
693	1	1	5	5	5	0	0.969088	0.0314	2.73513e-07	2.82238e-07
694	6	6	50	51	18	132	0.370286	0.99348	3.66302e-06	9.89241e-06
695	2	2	1	1	1	0	0.99374	0.00628	5.60942e-08	5.64476e-08
696	6	6	48	60	10	361	0.108837	2.2179	2.45624e-06	2.25679e-05
697	4	4	44	52	9	407	0.0905132	2.40226	2.22305e-06	2.45605e-05
698	5	5	12	12	9	3	0.913328	0.09066	7.64246e-07	8.36771e-07
699	3	3	48	51	12	233	0.221224	1.50858	3.37563e-06	1.52589e-05
700	2	2	18	19	5	52	0.680777	0.38452	2.61107e-06	3.83543e-06
701	5	5	42	44	13	171	0.317137	1.14842	3.66911e-06	1.15695e-05
702	1	1	16	16	7	30	0.776095	0.25348	1.93803e-06	2.49716e-06
703	3	3	6	6	4	2	0.953248	0.04788	4.2415e-07	4.44952e-07
704	1	1	5	5	3	3	0.954374	0.0467	4.21487e-07	4.41638e-07
705	2	2	20	24	8	44	0.687207	0.37512	2.53758e-06	3.6926e-06
706	6	5	19	21	12	18	0.799571	0.22368	1.71252e-06	2.1418e-06
707	6	6	33	36	13	106	0.464553	0.76668	3.56044e-06	7.66423e-06
708	7	7	47	51	22	149	0.339534	1.08018	3.6655e-06	1.07957e-05
709	4	4	79	82	13	826	0.00884803	4.72756	4.29278e-07	4.85167e-05
710	7	7	25	28	9	50	0.649963	0.43084	2.75402e-06	4.23719e-06
711	3	3	12	12	7	9	0.885804	0.12126	1.02361e-06	1.15557e-06
712	7	7	102	107	25	323	0.0983463	2.31926	2.28182e-06	2.32019e-05
713	3	3	21	24	7	89	0.546282	0.60462	3.32336e-06	6.0836e-06
714	6	6	21	22	9	61	0.6381	0.44926	2.86059e-06	4.48297e-06
715	3	2	8	9	6	6	0.916567	0.08712	7.57843e-07	8.26828e-07
716	5	5	29	30	15	49	0.645132	0.4383	2.7721e-06	4.29695e-06
717	6	6	9	9	6	4	0.925964	0.07692	6.67214e-07	7.20561e-07
718	6	6	69	74	20	369	0.0956921	2.34662	2.27587e-06	2.37833e-05
719	4	4	15	15	9	12	0.856073	0.1554	1.27068e-06	1.48431e-06
720	3	3	41	43	12	274	0.18873	1.66744	3.20571e-06	1.69857e-05
721	8	8	42	44	18	76	0.514829	0.66392	3.35762e-06	6.52182e-06
722	4	4	22	22	12	31	0.743594	0.29626	2.14823e-06	2.88898e-06
723	4	4	32	35	5	163	0.349553	1.0511	3.71798e-06	1.06364e-05
724	2	2	24	27	2	189	0.321917	1.13346	3.72338e-06	1.15663e-05
725	6	6	22	23	13	18	0.789591	0.23624	1.78029e-06	2.25469e-06
726	4	4	61	65	20	272	0.166061	1.7954	3.00925e-06	1.81213e-05
727	5	5	38	39	15	80	0.520524	0.65292	3.35848e-06	6.45211e-06
728	3	3	7	7	5	2	0.947281	0.05416	4.74966e-07	5.014e-07
729	1	1	0	0	0	0	1	-0	0	0
730	3	3	19	19	5	38	0.731162	0.31312	2.26044e-06	3.09157e-06
731	1	1	7	7	4	4	0.937667	0.06436	5.69789e-07	6.07666e-07
732	6	6	29	33	13	131	0.41672	0.87534	3.67681e-06	8.82322e-06
733	5	5	32	34	15	65	0.57983	0.54502	3.11536e-06	5.37288e-06
734	6	5	35	39	14	127	0.409581	0.89262	3.6655e-06	8.94937e-06
735	7	7	55	57	20	147	0.330331	1.10766	3.64292e-06	1.10281e-05
736	5	5	10	11	5	16	0.860123	0.15068	1.26529e-06	1.47105e-06
737	4	4	54	61	16	163	0.296894	1.21438	3.59361e-06	1.2104e-05
738	2	2	15	15	4	36	0.757448	0.2778	2.09019e-06	2.75951e-06
739	5	5	7	7	7	0	0.956992	0.04396	3.78139e-07	3.95133e-07
740	3	3	28	29	9	71	0.580294	0.54422	3.13907e-06	5.40944e-06
741	8	8	23	24	12	17	0.78866	0.23742	1.7808e-06	2.25801e-06
742	3	3	21	23	15	29	0.746515	0.29234	2.11947e-06	2.83916e-06
743	2	2	10	13	5	21	0.828002	0.18874	1.53149e-06	1.84962e-06
744	3	3	12	12	5	22	0.828979	0.18756	1.53055e-06	1.8463e-06
745	0	0	0	0	0	0	1	-0	0	0
746	3	3	12	12	6	12	0.872354	0.13656	1.14712e-06	1.31497e-06
747	2	2	16	16	10	8	0.868246	0.14128	1.15323e-06	1.32823e-06
748	6	6	52	59	16	216	0.229439	1.47212	3.39734e-06	1.48072e-05
749	5	5	12	14	6	29	0.789923	0.23582	1.84141e-06	2.33113e-06
750	8	8	86	93	22	344	0.096478	2.33844	2.26988e-06	2.35274e-05
751	4	4	36	38	8	129	0.407979	0.89654	3.67148e-06	8.99919e-06
752	4	4	22	23	9	33	0.73144	0.31274	2.23213e-06	3.05169e-06
753	4	4	25	31	10	85	0.533562	0.62818	3.3434e-06	6.2662e-06
754	1	1	9	10	3	28	0.814159	0.2056	1.67082e-06	2.05221e-06
755	4	4	27	27	15	43	0.677829	0.38886	2.58172e-06	3.80881e-06
756	2	2	8	8	7	1	0.946163	0.05534	4.77542e-07	5.04714e-07
757	2	2	2	2	2	0	0.987519	0.01256	1.11486e-07	1.12895e-07
758	1	1	1	1	1	0	0.99374	0.00628	5.60942e-08	5.64476e-08
759	6	6	81	88	20	343	0.100065	2.30194	2.3207e-06	2.31921e-05
760	5	5	27	30	13	48	0.648431	0.4332	2.75182e-06	4.24382e-06
761	6	6	51	57	19	167	0.298299	1.20966	3.60666e-06	1.20908e-05
762	2	2	9	9	5	5	0.921254	0.08202	7.12769e-07	7.73694e-07
763	3	3	7	7	7	0	0.956992	0.04396	3.78139e-07	3.95133e-07
764	8	8	52	56	19	128	0.366235	1.00448	3.64848e-06	9.96212e-06
765	3	3	14	15	4	38	0.749762	0.288	2.14865e-06	2.86578e-06
766	4	4	45	50	10	142	0.354091	1.0382	3.67097e-06	1.03673e-05
767	4	4	10	10	9	1	0.934354	0.0679	5.77066e-07	6.17609e-07
768	6	6	24	26	8	112	0.479755	0.73448	3.55909e-06	7.41856e-06
769	4	4	50	54	20	124	0.378507	0.97152	3.64756e-06	9.63669e-06
770	8	7	41	49	14	183	0.289089	1.24102	3.61052e-06	1.24893e-05
771	3	3	8	8	6	3	0.936562	0.06554	5.72221e-07	6.1098e-07
772	4	4	61	63	17	174	0.277193	1.28304	3.54846e-06	1.28014e-05
773	4	4	15	17	5	39	0.736637	0.30566	2.23334e-06	3.0318e-06
774	4	3	18	20	9	33	0.745351	0.2939	2.14836e-06	2.88235e-06
775	3	3	9	10	4	21	0.843749	0.1699	1.41773e-06	1.68027e-06
776	2	2	15	15	5	27	0.793025	0.2319	1.80914e-06	2.28131e-06
777	8	8	48	55	14	148	0.332805	1.1002	3.65031e-06	1.09683e-05
778	5	5	57	59	18	264	0.179619	1.71692	3.11774e-06	1.73576e-05
779	7	7	39	44	15	105	0.444049	0.81182	3.58023e-06	8.06268e-06
780	3	3	1	1	1	0	0.99374	0.00628	5.60942e-08	5.64476e-08
781	2	2	6	8	2	21	0.854414	0.15734	1.33919e-06	1.56738e-06
782	5	5	37	39	10	107	0.453563	0.79062	3.57712e-06	7.88671e-06
783	2	2	22	22	7	54	0.661292	0.41356	2.7186e-06	4.11104e-06
784	3	3	16	18	12	12	0.840095	0.17424	1.38923e-06	1.65366e-06
785	1	1	1	1	1	0	0.99374	0.00628	5.60942e-08	5.64476e-08
786	8	8	29	29	11	49	0.649196	0.43202	2.75292e-06	4.24051e-06
787	5	5	50	53	15	186	0.277637	1.28144	3.57444e-06	1.28745e-05
788	7	7	8	8	8	0	0.951001	0.05024	4.29454e-07	4.51581e-07
789	5	5	14	15	6	17	0.834519	0.1809	1.46039e-06	1.74998e-06
790	2	2	22	24	6	106	0.500914	0.69132	3.49982e-06	6.98686e-06
791	7	7	30	32	11	72	0.566567	0.56816	3.19086e-06	5.63191e-06
792	5	5	21	23	10	55	0.653809	0.42494	2.75948e-06	4.22062e-06
793	8	8	33	34	15	45	0.642094	0.44302	2.76756e-06	4.31021e-06
794	4	4	30	34	8	138	0.399589	0.91732	3.69683e-06	9.2516e-06
795	4	4	23	26	9	67	0.603518	0.50498	3.03422e-06	5.02756e-06
796	5	5	58	62	18	247	0.192231	1.64906	3.19557e-06	1.66237e-05
797	7	6	62	65	25	142	0.322259	1.1324	3.61381e-06	1.1214e-05
798	5	5	30	30	9	104	0.487337	0.7188	3.51822e-06	7.21928e-06
799	3	3	12	16	3	69	0.636112	0.45238	2.90662e-06	4.56935e-06
800	2	2	8	9	4	15	0.875448	0.13302	1.14248e-06	1.30503e-06
801	4	4	5	5	4	1	0.964158	0.0365	3.23351e-07	3.35371e-07
802	4	4	15	17	4	49	0.70001	0.35666	2.49423e-06	3.56314e-06
803	4	4	18	18	12	12	0.840095	0.17424	1.38923e-06	1.65366e-06
804	3	3	9	10	4	13	0.878886	0.1291	1.10318e-06	1.25521e-06
805	6	6	39	44	11	160	0.335437	1.09232	3.68478e-06	1.0985e-05
806	0	0	0	0	0	0	1	-0	0	0
807	5	5	24	28	14	50	0.649963	0.43084	2.75402e-06	4.23719e-06
808	2	2	11	12	4	23	0.824762	0.19266	1.56658e-06	1.89943e-06
809	2	2	22	24	5	107	0.498366	0.69642	3.5085e-06	7.03999e-06
810	4	4	18	19	14	8	0.852042	0.16012	1.27599e-06	1.49757e-06
811	4	4	16	17	9	24	0.795201	0.22916	1.77712e-06	2.23481e-06
812	1	1	1	1	1	0	0.99374	0.00628	5.60942e-08	5.64476e-08
813	5	5	39	41	16	79	0.516655	0.66038	3.36439e-06	6.51187e-06
814	6	6	31	34	17	41	0.655328	0.42262	2.68532e-06	4.09768e-06
815	3	3	8	8	6	3	0.936562	0.06554	5.72221e-07	6.1098e-07
816	5	5	41	42	13	85	0.497948	0.69726	3.42943e-06	6.88712e-06
817	4	4	20	20	10	25	0.77639	0.2531	1.90781e-06	2.45728e-06
818	8	8	37	39	18	54	0.59433	0.52032	3.01364e-06	5.07065e-06
819	2	2	7	7	4	6	0.928152	0.07456	6.62638e-07	7.13932e-07
820	8	7	55	61	27	87	0.437456	0.82678	3.52847e-06	8.06589e-06
821	7	6	55	62	22	165	0.292041	1.23086	3.58239e-06	1.22667e-05
822	5	5	17	17	10	22	0.803354	0.21896	1.70997e-06	2.12854e-06
823	4	4	44	47	14	196	0.273964	1.29476	3.57992e-06	1.30671e-05
824	4	4	35	39	11	85	0.507418	0.67842	3.40872e-06	6.71778e-06
825	5	5	40	43	13	204	0.269701	1.31044	3.57797e-06	1.32664e-05
826	5	5	40	42	11	112	0.433892	0.83496	3.61073e-06	8.32172e-06
827	6	6	43	44	11	200	0.273537	1.29632	3.58616e-06	1.31103e-05
828	3	3	19	20	9	25	0.77639	0.2531	1.90781e-06	2.45728e-06
829	4	4	31	32	8	110	0.466751	0.76196	3.5711e-06	7.65098e-06
830	5	5	17	18	13	7	0.861793	0.14874	1.19616e-06	1.38799e-06
831	4	4	36	43	11	182	0.301725	1.19824	3.65011e-06	1.20975e-05
832	4	4	21	21	14	11	0.828631	0.18798	1.46657e-06	1.76986e-06
833	2	2	26	27	6	112	0.476751	0.74076	3.56372e-06	7.475e-06
834	5	5	46	48	13	243	0.214223	1.54074	3.34634e-06	1.56209e-05
835	3	3	28	31	10	80	0.547343	0.60268	3.28435e-06	6.00053e-06
836	4	4	28	30	6	117	0.456074	0.7851	3.60755e-06	7.91001e-06
837	2	2	8	8	4	7	0.917649	0.08594	7.55696e-07	8.23513e-07
838	2	2	2	2	2	0	0.987519	0.01256	1.11486e-07	1.12895e-07
839	1	1	5	6	4	3	0.948399	0.05298	4.72383e-07	4.98085e-07
840	8	8	34	36	10	120	0.43254	0.83808	3.63684e-06	8.4081e-06
841	8	8	85	92	21	328	0.10534	2.25056	2.38289e-06	2.26209e-05
842	3	3	13	13	4	16	0.849387	0.16324	1.34539e-06	1.58395e-06
843	5	5	26	29	16	20	0.752676	0.28412	2.03196e-06	2.69964e-06
844	4	4	34	35	10	103	0.474687	0.7451	3.53565e-06	7.44839e-06
845	8	7	35	35	21	42	0.647912	0.434	2.72594e-06	4.20726e-06
846	5	4	26	27	12	35	0.706057	0.34806	2.38912e-06	3.38375e-06
847	7	7	52	55	24	76	0.480465	0.733	3.43184e-06	7.14274e-06
848	6	6	19	19	13	16	0.817978	0.20092	1.57267e-06	1.92264e-06
849	8	8	24	25	11	41	0.693433	0.3661	2.48918e-06	3.58965e-06
850	4	4	45	48	14	139	0.364095	1.01034	3.67554e-06	1.0095e-05
851	4	4	39	39	10	152	0.360552	1.02012	3.70564e-06	1.02777e-05
852	3	3	11	12	8	10	0.881298	0.12636	1.06523e-06	1.2087e-06
853	6	6	80	89	18	465	0.0533746	2.93042	1.58687e-06	2.97308e-05
854	5	5	23	25	13	20	0.771823	0.259	1.90938e-06	2.47385e-06
855	6	6	19	22	9	34	0.732304	0.31156	2.23234e-06	3.04838e-06
856	5	5	11	11	9	2	0.923781	0.07928	6.71764e-07	7.2719e-07
857	2	1	21	23	8	63	0.62767	0.46574	2.91596e-06	4.64569e-06
858	0	0	0	0	0	0	1	-0	0	0
859	6	6	22	23	9	53	0.660512	0.41474	2.71758e-06	4.11435e-06
860	2	2	11	11	6	8	0.895942	0.10988	9.37145e-07	1.04599e-06
861	4	4	18	25	11	60	0.629393	0.463	2.89469e-06	4.59918e-06
862	3	3	13	13	8	8	0.884759	0.12244	1.02533e-06	1.15888e-06
863	5	5	13	15	6	24	0.805252	0.2166	1.70867e-06	2.12191e-06
864	3	3	22	23	5	106	0.50407	0.68504	3.49341e-06	6.93041e-06
865	2	2	19	21	8	47	0.689644	0.37158	2.53972e-06	3.68266e-06
866	3	3	8	8	8	0	0.951001	0.05024	4.29454e-07	4.51581e-07
867	3	3	42	48	10	187	0.285036	1.25514	3.60439e-06	1.26454e-05
868	8	8	37	42	13	133	0.389824	0.94206	3.67897e-06	9.43751e-06
869	5	5	60	62	18	190	0.257082	1.35836	3.49505e-06	1.35951e-05
870	6	6	28	29	16	38	0.686657	0.37592	2.51045e-06	3.65604e-06
871	3	3	21	23	12	18	0.789591	0.23624	1.78029e-06	2.25469e-06
872	5	5	46	51	17	141	0.353674	1.03938	3.66781e-06	1.03706e-05
873	5	5	48	55	16	132	0.3611	1.0186	3.65368e-06	1.01182e-05
874	8	8	57	58	23	141	0.338463	1.08334	3.64381e-06	1.07657e-05
875	5	5	36	38	11	86	0.508017	0.67724	3.41106e-06	6.71446e-06
876	2	2	8	9	4	9	0.90265	0.10242	8.90218e-07	9.86227e-07
877	7	7	45	47	17	160	0.329177	1.11116	3.67175e-06	1.11543e-05
878	5	5	26	29	12	55	0.629632	0.46262	2.87068e-06	4.55931e-06
879	4	4	40	43	18	90	0.482372	0.72904	3.47753e-06	7.20923e-06
880	4	4	21	22	11	24	0.77062	0.26056	1.93968e-06	2.51704e-06
881	5	5	6	6	6	0	0.963021	0.03768	3.26161e-07	3.38686e-07
882	6	6	48	52	16	96	0.442126	0.81616	3.55295e-06	8.03606e-06
883	6	5	38	43	12	171	0.319135	1.14214	3.67421e-06	1.1513e-05
884	5	4	8	9	8	1	0.94024	0.06162	5.27627e-07	5.61162e-07
885	2	2	6	6	4	3	0.948399	0.05298	4.72383e-07	4.98085e-07
886	5	4	20	20	12	15	0.817013	0.2021	1.57353e-06	1.92595e-06
887	3	3	11	12	7	9	0.885804	0.12126	1.02361e-06	1.15557e-06
888	5	5	17	18	11	10	0.848708	0.16404	1.31328e-06	1.54739e-06
889	3	3	28	31	11	117	0.453219	0.79138	3.61055e-06	7.96646e-06
890	2	2	8	8	4	10	0.903716	0.10124	8.88274e-07	9.82913e-07
891	3	3	46	49	14	125	0.388594	0.94522	3.65573e-06	9.40758e-06
892	5	5	26	26	10	44	0.678629	0.38768	2.58252e-06	3.8055e-06
893	4	4	9	10	7	4	0.920167	0.0832	7.14978e-07	7.77009e-07
894	3	3	5	5	4	1	0.964158	0.0365	3.23351e-07	3.35371e-07
895	2	2	17	19	3	71	0.617905	0.48142	2.99373e-06	4.84496e-06
896	5	5	17	18	10	19	0.810633	0.20994	1.64201e-06	2.02559e-06
897	3	3	23	32	6	108	0.471536	0.75176	3.5576e-06	7.54471e-06
898	8	8	96	106	25	606	0.0233705	3.75628	8.92337e-07	3.81822e-05
899	6	6	45	47	14	114	0.416212	0.87656	3.6253e-06	8.71022e-06
900	5	5	43	49	9	168	0.312072	1.16452	3.64885e-06	1.16923e-05
901	8	8	69	74	28	197	0.230059	1.46942	3.36907e-06	1.46444e-05
902	5	5	10	10	9	1	0.934354	0.0679	5.77066e-07	6.17609e-07
903	4	4	19	21	8	38	0.722036	0.32568	2.31374e-06	3.20446e-06
904	6	5	32	32	19	25	0.720032	0.32846	2.25705e-06	3.13465e-06
905	6	6	16	16	10	9	0.863829	0.14638	1.19326e-06	1.38136e-06
906	8	8	52	57	21	202	0.249534	1.38816	3.4811e-06	1.39504e-05
907	4	4	19	20	8	40	0.719211	0.3296	2.34052e-06	3.25428e-06
908	4	4	33	38	6	343	0.136977	1.98794	2.79019e-06	2.03697e-05
909	3	3	36	38	12	133	0.39974	0.91694	3.6823e-06	9.21172e-06
910	6	5	51	56	16	165	0.303255	1.19318	3.61724e-06	1.1928e-05
911	6	6	35	38	15	130	0.405903	0.90164	3.67437e-06	9.05232e-06
912	3	3	13	13	10	4	0.902993	0.10204	8.54549e-07	9.46352e-07
913	7	7	28	28	17	24	0.742123	0.29824	2.1193e-06	2.85573e-06
914	2	2	11	11	9	2	0.923781	0.07928	6.71764e-07	7.2719e-07
915	7	7	49	56	21	112	0.397373	0.92288	3.62086e-06	9.11198e-06
916	3	2	8	9	4	15	0.875448	0.13302	1.14248e-06	1.30503e-06
917	5	5	27	29	12	47	0.655852	0.42182	2.71145e-06	4.13424e-06
918	2	2	10	10	8	3	0.924872	0.0781	6.69492e-07	7.23876e-07
919	0	0	0	0	0	0	1	-0	0	0
920	7	7	23	25	13	67	0.60732	0.4987	3.01906e-06	4.97111e-06
921	4	3	26	29	14	47	0.655852	0.42182	2.71145e-06	4.13424e-06
922	4	3	21	23	8	32	0.73518	0.30764	2.20448e-06	2.99856e-06
923	4	4	23	24	11	47	0.676773	0.39042	2.60693e-06	3.852e-06
924	6	6	25	26	12	46	0.671743	0.39788	2.6277e-06	3.91176e-06
925	5	5	21	23	8	64	0.624477	0.47084	2.93431e-06	4.69882e-06
926	4	4	5	6	5	1	0.958122	0.04278	3.7541e-07	3.91819e-07
927	6	5	28	29	15	23	0.741248	0.29942	2.11926e-06	2.85904e-06
928	2	2	8	8	7	1	0.946163	0.05534	4.77542e-07	5.04714e-07
929	6	6	43	45	17	94	0.466732	0.762	3.51667e-06	7.53466e-06
930	6	6	39	40	19	60	0.572811	0.5572	3.11947e-06	5.4459e-06
931	5	4	22	24	7	51	0.663106	0.41082	2.69522e-06	4.06454e-06
932	5	5	17	17	14	3	0.885095	0.12206	9.90429e-07	1.11901e-06
933	2	2	11	11	6	11	0.882338	0.12518	1.06356e-06	1.20539e-06
934	6	6	31	31	17	60	0.606118	0.50068	2.99293e-06	4.93787e-06
935	4	4	15	15	10	8	0.873716	0.135	1.11117e-06	1.27178e-06
936	5	5	13	14	8	10	0.870298	0.13892	1.15018e-06	1.3216e-06
937	2	2	10	10	4	21	0.843749	0.1699	1.41773e-06	1.68027e-06
938	8	8	36	42	10	145	0.366682	1.00326	3.69436e-06	1.00751e-05
939	4	4	33	39	12	202	0.279397	1.27512	3.61383e-06	1.29344e-05
940	5	5	11	11	5	12	0.87785	0.13028	1.10479e-06	1.25852e-06
941	3	3	14	14	9	5	0.892776	0.11342	9.42711e-07	1.05593e-06
942	4	4	35	38	17	70	0.55121	0.59564	3.23248e-06	5.86433e-06
943	4	4	41	42	12	121	0.414426	0.88086	3.64692e-06	8.79992e-06
944	5	5	31	34	18	39	0.662046	0.41242	2.6425e-06	3.99141e-06
945	3	3	18	21	10	33	0.740685	0.30018	2.17672e-06	2.9388e-06
946	1	1	9	10	5	15	0.869967	0.1393	1.18444e-06	1.36147e-06
947	3	3	29	33	9	103	0.480686	0.73254	3.52607e-06	7.33549e-06
948	8	8	15	15	12	3	0.896282	0.1095	9.01762e-07	1.00611e-06
949	4	4	23	24	10	26	0.753279	0.28332	2.06113e-06	2.73621e-06
950	5	5	31	35	12	82	0.528348	0.638	3.34581e-06	6.33259e-06
951	4	3	13	13	8	11	0.871325	0.13774	1.14865e-06	1.31828e-06
952	2	2	18	18	7	25	0.786203	0.24054	1.84316e-06	2.34439e-06
953	7	7	68	69	21	263	0.169548	1.77462	3.02964e-06	1.78689e-05
954	8	8	102	117	27	422	0.0557454	2.88696	1.6181e-06	2.90266e-05
955	3	3	21	22	8	29	0.751218	0.28606	2.09042e-06	2.78271e-06
956	4	4	32	32	15	36	0.68075	0.38456	2.53179e-06	3.71912e-06
957	3	3	22	23	8	55	0.653809	0.42494	2.75948e-06	4.22062e-06
958	6	6	14	14	12	2	0.90654	0.09812	8.12743e-07	8.96533e-07
959	8	8	61	65	24	136	0.332272	1.1018	3.62018e-06	1.08952e-05
960	7	7	73	84	23	353	0.0975081	2.32782	2.29121e-06	2.34976e-05
961	5	5	51	55	16	229	0.220182	1.5133	3.36265e-06	1.52721e-05
962	8	8	38	43	22	53	0.58255	0.54034	3.05449e-06	5.24331e-06
963	4	4	21	21	7	45	0.696714	0.36138	2.49172e-06	3.57639e-06
964	3	3	15	15	13	2	0.900865	0.1044	8.58507e-07	9.5298e-07
965	5	5	78	84	20	597	0.0280934	3.57222	1.02435e-06	3.64621e-05
966	2	2	14	14	4	55	0.691827	0.36842	2.56847e-06	3.71259e-06
967	6	6	17	18	12	7	0.861793	0.14874	1.19616e-06	1.38799e-06
968	5	5	29	31	10	59	0.609217	0.49558	2.97587e-06	4.88473e-06
969	7	7	67	68	22	149	0.305154	1.18694	3.58717e-06	1.17553e-05
970	3	3	14	15	6	25	0.801156	0.2217	1.74255e-06	2.17504e-06
971	2	1	8	8	4	10	0.903716	0.10124	8.88274e-07	9.82913e-07
972	3	2	9	9	8	1	0.94024	0.06162	5.27627e-07	5.61162e-07
973	1	1	10	10	2	36	0.78161	0.2464	1.93626e-06	2.47727e-06
974	6	6	28	28	16	34	0.705224	0.34924	2.38864e-06	3.38706e-06
975	6	6	37	40	16	76	0.527926	0.6388	3.32383e-06	6.29603e-06
976	7	7	59	63	24	116	0.372604	0.98724	3.62158e-06	9.71965e-06
977	8	8	48	50	16	148	0.34342	1.0688	3.66982e-06	1.06861e-05
978	4	4	32	33	17	46	0.642852	0.44184	2.7687e-06	4.3069e-06
979	5	4	12	14	7	14	0.852723	0.15932	1.30819e-06	1.53413e-06
980	2	2	16	19	6	52	0.680777	0.38452	2.61107e-06	3.83543e-06
981	5	5	58	65	13	359	0.106554	2.2391	2.42346e-06	2.27439e-05
982	3	3	5	5	5	0	0.969088	0.0314	2.73513e-07	2.82238e-07
983	8	8	30	34	13	74	0.553818	0.59092	3.24043e-06	5.85108e-06
984	3	3	14	15	4	42	0.734621	0.3084	2.26139e-06	3.07831e-06
985	4	3	17	19	7	33	0.750047	0.28762	2.11956e-06	2.8259e-06
986	3	3	9	9	8	1	0.94024	0.06162	5.27627e-07	5.61162e-07
987	5	5	42	47	16	133	0.377774	0.97346	3.67187e-06	9.71975e-06
988	3	3	12	12	9	4	0.908682	0.09576	8.0864e-07	8.89904e-07
989	2	2	34	42	11	114	0.429489	0.84516	3.61972e-06	8.42798e-06
990	2	2	18	19	7	48	0.694808	0.36412	2.51722e-06	3.6229e-06
991	5	5	15	16	12	7	0.872686	0.13618	1.11276e-06	1.27509e-06
992	5	5	46	50	12	209	0.251604	1.3799	3.50414e-06	1.39272e-05
993	4	4	16	16	12	5	0.881632	0.12598	1.03048e-06	1.16883e-06
994	5	5	13	14	6	20	0.827025	0.18992	1.53242e-06	1.85293e-06
995	6	6	39	40	17	56	0.584616	0.5368	3.05951e-06	5.23336e-06
996	5	5	77	82	16	282	0.141825	1.95316	2.78151e-06	1.96123e-05
997	4	3	19	22	8	60	0.641363	0.44416	2.84113e-06	4.42984e-06
998	1	1	1	1	1	0	0.99374	0.00628	5.60942e-08	5.64476e-08
999	2	2	3	3	2	1	0.976344	0.02394	2.17213e-07	2.22476e-07
1000	1	1	8	8	3	15	0.880963	0.12674	1.09995e-06	1.24858e-06