Hist	Tr_Tot	Tr_in	DSBs	DSBt	RIFs	NComb	PSurv	lPSurv	PMut*	PMut
1	11	11	158	181	33	1121	0.00105546	6.85378	7.36492e-08	6.97793e-05
2	11	11	93	114	30	943	0.00398499	5.52522	2.2531e-07	5.65396e-05
3	12	12	177	198	39	913	0.00274016	5.89974	1.63552e-07	5.96872e-05
4	12	12	163	203	24	1665	5.73499e-05	9.76634	5.73072e-09	9.99256e-05
5	12	12	88	100	31	336	0.0961736	2.3416	2.25984e-06	2.34975e-05
6	9	9	137	167	26	1148	0.0010042	6.90356	7.07197e-08	7.04237e-05
7	15	15	168	200	42	857	0.00360044	5.6267	2.04594e-07	5.68247e-05
8	11	11	149	176	37	955	0.00253952	5.97578	1.5409e-07	6.0677e-05
9	12	11	113	133	27	708	0.0117249	4.44604	5.29096e-07	4.51258e-05
10	9	9	87	107	21	532	0.0338722	3.38516	1.16205e-06	3.43068e-05
11	11	11	139	160	35	1154	0.00101771	6.8902	7.15932e-08	7.03473e-05
12	15	15	140	155	43	700	0.0106372	4.5434	4.887e-07	4.59426e-05
13	10	10	115	129	24	800	0.00752052	4.89012	3.74434e-07	4.97883e-05
14	12	12	93	108	21	718	0.013036	4.34004	5.76791e-07	4.4246e-05
15	13	13	154	187	40	989	0.00199271	6.21826	1.25749e-07	6.31044e-05
16	5	5	23	24	16	12	0.809029	0.21192	1.61186e-06	1.99234e-06
17	11	11	148	174	29	1241	0.00059806	7.42182	4.53091e-08	7.57602e-05
18	12	12	129	153	26	1899	2.3802e-05	10.6457	2.60719e-09	0.000109536
19	10	10	67	74	16	443	0.0656105	2.72402	1.8184e-06	2.77151e-05
20	15	14	158	185	43	989	0.0020179	6.2057	1.2711e-07	6.29915e-05
21	12	12	194	241	29	2733	1.94705e-07	15.4518	3.09225e-11	0.000158817
22	13	13	197	240	37	2117	4.53403e-06	12.3039	5.71425e-10	0.00012603
23	9	9	133	172	26	1549	0.000125895	8.98006	1.15839e-08	9.20123e-05
24	12	12	149	179	36	1890	2.11659e-05	10.7631	2.33938e-09	0.000110526
25	7	6	33	39	11	200	0.282262	1.26492	3.62088e-06	1.28281e-05
26	11	11	95	108	30	407	0.0636765	2.75394	1.76521e-06	2.77216e-05
27	12	12	219	267	33	2288	1.59992e-06	13.3456	2.18613e-10	0.00013664
28	17	16	273	344	47	4160	7.04358e-11	23.3763	1.69364e-14	0.000240452
29	13	12	258	323	39	3527	2.02815e-09	20.0161	4.17056e-13	0.000205633
30	6	6	29	32	13	47	0.643611	0.44066	2.76984e-06	4.30358e-06
31	10	10	90	103	29	474	0.0466893	3.06424	1.44733e-06	3.09992e-05
32	12	11	164	198	32	1685	5.34406e-05	9.83694	5.38179e-09	0.000100706
33	13	12	111	138	37	670	0.0137924	4.28364	5.98437e-07	4.3389e-05
34	16	16	190	219	42	1305	0.000325281	8.03082	2.65758e-08	8.17009e-05
35	11	11	184	224	30	2069	6.40379e-06	11.9586	7.84957e-10	0.000122577
36	15	15	164	184	37	898	0.00322985	5.73532	1.87654e-07	5.81e-05
37	10	10	89	99	28	425	0.0614691	2.78922	1.73158e-06	2.81699e-05
38	17	16	337	410	46	4417	1.25475e-11	25.1015	3.23516e-15	0.000257833
39	13	13	108	140	25	1026	0.00221656	6.1118	1.38352e-07	6.24173e-05
40	20	19	299	344	50	2768	8.52976e-08	16.2771	1.42012e-11	0.000166491
41	17	17	138	170	39	975	0.00238132	6.0401	1.46215e-07	6.1401e-05
42	6	6	78	101	17	800	0.00896632	4.71428	4.32246e-07	4.82078e-05
43	13	13	59	67	27	193	0.245352	1.40506	3.44394e-06	1.40367e-05
44	10	9	129	155	26	954	0.00291234	5.8388	1.73105e-07	5.94385e-05
45	7	7	69	77	24	237	0.184103	1.69226	3.11853e-06	1.6939e-05
46	11	10	101	116	33	517	0.0345558	3.36518	1.17551e-06	3.40178e-05
47	7	7	90	104	23	722	0.0130977	4.33532	5.79346e-07	4.42327e-05
48	11	11	141	174	41	1223	0.00065556	7.33002	4.90384e-08	7.48038e-05
49	7	7	84	99	23	472	0.0483678	3.02892	1.48331e-06	3.06672e-05
50	14	14	137	156	45	1023	0.00203557	6.19698	1.28569e-07	6.31611e-05
51	9	9	102	115	27	696	0.0139566	4.2718	6.06726e-07	4.34722e-05
52	17	17	226	274	42	2574	3.56077e-07	14.8481	5.42061e-11	0.000152231
53	9	8	88	95	29	487	0.0459455	3.0803	1.43526e-06	3.12384e-05
54	6	6	37	43	22	104	0.449131	0.80044	3.57199e-06	7.9531e-06
55	12	12	181	206	44	1128	0.000870468	7.04648	6.22928e-08	7.15625e-05
56	15	15	125	137	35	498	0.0333679	3.40016	1.14097e-06	3.41937e-05
57	9	9	133	152	22	1658	8.18715e-05	9.41036	7.91491e-09	9.66749e-05
58	9	9	194	226	38	1658	5.14407e-05	9.87508	5.1879e-09	0.000100852
59	12	12	119	135	28	999	0.00262493	5.9427	1.59335e-07	6.07005e-05
60	12	11	116	135	30	1084	0.00170158	6.3762	1.10971e-07	6.52168e-05
61	19	19	214	243	51	1802	2.21818e-05	10.7162	2.42808e-09	0.000109463
62	10	10	166	206	31	1322	0.00032364	8.03588	2.64965e-08	8.18703e-05
63	15	15	162	193	38	1045	0.00144227	6.54154	9.57932e-08	6.64186e-05
64	11	11	200	249	30	2233	2.37142e-06	12.952	3.14692e-10	0.000132702
65	10	10	141	169	39	636	0.013502	4.30492	5.85072e-07	4.33324e-05
66	10	10	110	135	27	820	0.00654012	5.0298	3.34786e-07	5.11897e-05
67	9	9	139	160	34	854	0.00469997	5.3602	2.55713e-07	5.44074e-05
68	12	11	167	187	26	1505	0.000143402	8.84986	1.29809e-08	9.05212e-05
69	10	10	97	109	27	618	0.0215728	3.83632	8.41106e-07	3.89891e-05
70	12	11	81	91	32	208	0.195483	1.63228	3.16457e-06	1.61884e-05
71	17	17	218	256	44	1896	1.26573e-05	11.2773	1.458e-09	0.000115191
72	7	7	73	82	24	531	0.039833	3.22306	1.30821e-06	3.28424e-05
73	8	8	65	71	21	311	0.131076	2.03198	2.69127e-06	2.05322e-05
74	13	12	90	103	38	211	0.17854	1.72294	3.03969e-06	1.70252e-05
75	11	11	149	175	38	902	0.00334864	5.6992	1.93567e-07	5.78045e-05
76	6	6	71	84	20	355	0.0965186	2.33802	2.27821e-06	2.36039e-05
77	12	12	144	162	35	1020	0.00199052	6.21936	1.2608e-07	6.33404e-05
78	9	9	33	33	17	41	0.659456	0.41634	2.66501e-06	4.04123e-06
79	11	11	76	87	27	259	0.154547	1.86726	2.88576e-06	1.86724e-05
80	13	13	146	160	36	845	0.00492072	5.3143	2.6537e-07	5.39292e-05
81	6	6	32	34	14	76	0.548197	0.60112	3.2658e-06	5.95734e-06
82	12	12	78	90	26	248	0.160414	1.83	2.92872e-06	1.82573e-05
83	12	12	170	198	35	1562	0.00010007	9.20964	9.42367e-09	9.41707e-05
84	13	12	234	278	35	4625	9.95108e-12	25.3333	2.60155e-15	0.000261433
85	9	9	121	149	29	909	0.00380431	5.57162	2.15738e-07	5.67088e-05
86	4	4	84	106	18	634	0.0202605	3.89908	8.03734e-07	3.96699e-05
87	6	6	94	103	21	601	0.0244301	3.71194	9.22166e-07	3.77472e-05
88	13	13	65	74	26	170	0.264023	1.33172	3.48768e-06	1.32098e-05
89	12	11	170	192	41	1075	0.00124545	6.68826	8.46358e-08	6.79561e-05
90	15	13	138	167	29	1258	0.000573037	7.46456	4.37046e-08	7.62683e-05
91	12	10	84	97	20	700	0.0153114	4.17916	6.53315e-07	4.26687e-05
92	11	11	78	91	23	580	0.0293202	3.52948	1.05418e-06	3.5954e-05
93	12	12	218	266	47	3815	6.67835e-10	21.127	1.454e-13	0.000217718
94	11	11	109	129	30	634	0.0175356	4.04352	7.18403e-07	4.09682e-05
95	12	12	125	148	33	1629	9.73362e-05	9.23734	9.238e-09	9.49082e-05
96	14	14	173	203	36	1631	6.82086e-05	9.59294	6.69257e-09	9.81191e-05
97	17	15	182	206	46	1170	0.00070263	7.26068	5.18499e-08	7.3794e-05
98	14	12	183	208	39	1774	3.18765e-05	10.3536	3.37889e-09	0.000105999
99	15	15	246	275	39	2469	6.04478e-07	14.3189	8.86824e-11	0.000146709
100	18	16	274	325	41	2778	9.13288e-08	16.2088	1.5156e-11	0.000165949
101	9	8	90	111	29	357	0.0806384	2.51778	2.03485e-06	2.52342e-05
102	14	13	242	282	45	2370	9.58439e-07	13.858	1.35949e-10	0.000141844
103	11	11	174	216	32	1913	1.49204e-05	11.1128	1.69849e-09	0.000113836
104	6	6	21	24	10	43	0.690721	0.37002	2.51386e-06	3.63947e-06
105	7	7	62	73	21	345	0.108833	2.21794	2.44348e-06	2.24516e-05
106	10	10	101	125	30	560	0.0262261	3.641	9.65397e-07	3.68105e-05
107	8	6	140	162	25	888	0.00390241	5.54616	2.1981e-07	5.63268e-05
108	15	14	203	234	38	1704	3.86904e-05	10.1599	4.01404e-09	0.000103748
109	7	7	160	206	32	1214	0.000561398	7.48508	4.27403e-08	7.61319e-05
110	6	6	34	36	10	90	0.50405	0.68508	3.43465e-06	6.8141e-06
111	9	9	57	59	25	110	0.393954	0.93152	3.61456e-06	9.17506e-06
112	11	11	154	178	38	904	0.0032528	5.72824	1.88923e-07	5.80801e-05
113	7	7	53	63	19	208	0.233065	1.45644	3.40458e-06	1.46079e-05
114	12	12	144	169	35	1136	0.00105426	6.85492	7.36914e-08	6.9899e-05
115	13	13	85	91	34	280	0.135406	1.99948	2.71001e-06	2.0014e-05
116	14	12	114	126	35	586	0.0228254	3.77988	8.73037e-07	3.82485e-05
117	15	15	148	174	41	593	0.016293	4.11702	6.73387e-07	4.13299e-05
118	18	17	247	298	43	2416	6.85553e-07	14.193	9.95363e-11	0.000145191
119	9	9	98	118	29	642	0.0180386	4.01524	7.35477e-07	4.07723e-05
120	11	10	141	162	29	1089	0.00140003	6.57126	9.38114e-08	6.70066e-05
121	11	11	158	183	37	1468	0.000177589	8.63604	1.56863e-08	8.83294e-05
122	10	10	146	175	36	1151	0.000940499	6.9691	6.6808e-08	7.10346e-05
123	14	14	161	188	37	1170	0.000786719	7.14764	5.72558e-08	7.2778e-05
124	16	15	199	220	40	1650	5.56405e-05	9.7966	5.56896e-09	0.000100088
125	9	9	89	108	27	566	0.0283015	3.56484	1.02366e-06	3.61697e-05
126	13	13	207	242	36	2168	3.45199e-06	12.5766	4.44799e-10	0.000128853
127	11	11	66	73	30	150	0.294216	1.22344	3.55727e-06	1.20907e-05
128	9	9	194	234	35	2280	2.05031e-06	13.0975	2.75464e-10	0.000134352
129	13	13	148	168	33	1291	0.000481242	7.63914	3.75745e-08	7.80782e-05
130	7	6	94	104	25	545	0.0323022	3.43262	1.12503e-06	3.48281e-05
131	15	15	117	145	38	609	0.0180159	4.0165	7.30419e-07	4.0543e-05
132	11	11	168	200	29	1965	1.26545e-05	11.2775	1.46407e-09	0.000115696
133	12	12	150	173	37	1368	0.000314905	8.06324	2.59644e-08	8.24517e-05
134	8	8	85	97	27	410	0.0671948	2.70016	1.83173e-06	2.726e-05
135	16	16	268	304	53	2020	4.97483e-06	12.2111	6.19312e-10	0.000124489
136	10	10	79	88	23	381	0.0824354	2.49574	2.07829e-06	2.52111e-05
137	7	7	95	109	28	527	0.0343134	3.37222	1.17194e-06	3.4154e-05
138	6	6	79	103	19	769	0.010371	4.56874	4.84052e-07	4.66735e-05
139	7	7	86	108	21	611	0.0224977	3.79434	8.6753e-07	3.85607e-05
140	3	3	5	5	4	1	0.964158	0.0365	3.23351e-07	3.35371e-07
141	14	13	166	200	37	1414	0.000210211	8.4674	1.81664e-08	8.64199e-05
142	18	18	266	317	43	4078	1.26781e-10	22.7886	2.97392e-14	0.000234571
143	12	12	250	298	48	2394	7.66953e-07	14.0808	1.10458e-10	0.000144022
144	14	14	190	220	34	2052	7.16144e-06	11.8468	8.69741e-10	0.000121448
145	12	12	213	236	39	1520	9.7654e-05	9.23408	9.18769e-09	9.40841e-05
146	12	11	121	142	29	560	0.0235705	3.74776	8.90261e-07	3.77702e-05
147	14	14	113	119	45	265	0.122601	2.09882	2.5498e-06	2.07976e-05
148	15	15	147	172	32	1636	8.07817e-05	9.42376	7.80633e-09	9.66349e-05
149	9	9	137	162	37	712	0.00957538	4.64856	4.49807e-07	4.69753e-05
150	9	9	82	93	22	408	0.0696105	2.66484	1.87447e-06	2.6928e-05
151	14	13	102	128	39	582	0.0230051	3.77204	8.77617e-07	3.81488e-05
152	15	14	268	323	39	3361	4.72906e-09	19.1695	9.30741e-13	0.000196813
153	12	12	66	74	30	181	0.249619	1.38782	3.4433e-06	1.37942e-05
154	15	15	411	489	46	13898	7.6491e-33	73.9507	5.85958e-36	0.000766048
155	9	9	83	92	30	388	0.0775711	2.55656	2.00202e-06	2.58089e-05
156	16	16	98	109	36	411	0.0620001	2.78062	1.73541e-06	2.79905e-05
157	7	7	119	154	24	2787	2.55302e-07	15.1808	4.0025e-11	0.000156775
158	10	10	92	101	35	234	0.160786	1.82768	2.91576e-06	1.81344e-05
159	12	12	177	214	36	2096	5.94167e-06	12.0335	7.33481e-10	0.000123447
160	13	12	131	153	35	888	0.00412933	5.48964	2.30494e-07	5.58188e-05
161	7	7	63	84	19	428	0.0665155	2.71032	1.82802e-06	2.74826e-05
162	11	11	174	204	37	2188	3.95741e-06	12.4399	5.05642e-10	0.000127771
163	10	10	130	155	32	809	0.00610102	5.0993	3.15631e-07	5.17341e-05
164	10	9	73	84	24	378	0.0858357	2.45532	2.13095e-06	2.48259e-05
165	9	9	89	102	24	623	0.0219748	3.81786	8.53932e-07	3.88596e-05
166	5	5	74	90	24	388	0.0785516	2.544	2.01846e-06	2.5696e-05
167	3	2	5	5	4	1	0.964158	0.0365	3.23351e-07	3.35371e-07
168	10	10	79	88	23	566	0.0320891	3.43924	1.12443e-06	3.50408e-05
169	7	7	112	127	28	605	0.0205877	3.88306	8.09395e-07	3.93144e-05
170	15	15	189	218	37	1804	2.56892e-05	10.5694	2.77849e-09	0.000108158
171	17	17	186	214	44	1693	4.63996e-05	9.97822	4.73435e-09	0.000102034
172	6	5	76	94	16	602	0.0257191	3.66052	9.59125e-07	3.72923e-05
173	9	9	191	222	32	2518	6.56752e-07	14.236	9.60964e-11	0.000146321
174	18	17	128	143	45	486	0.034162	3.37664	1.15791e-06	3.38947e-05
175	14	14	159	188	39	1052	0.00143608	6.54584	9.5511e-08	6.65083e-05
176	15	15	270	317	44	2896	5.261e-08	16.7604	9.03669e-12	0.000171768
177	11	11	155	174	33	1073	0.0014088	6.56502	9.41552e-08	6.68338e-05
178	6	6	38	39	13	96	0.479736	0.73452	3.50315e-06	7.30224e-06
179	14	14	182	223	41	1544	9.37536e-05	9.27484	8.87148e-09	9.46255e-05
180	11	11	164	200	34	1862	2.13983e-05	10.7522	2.35859e-09	0.000110224
181	10	10	108	132	34	744	0.00981975	4.62336	4.61353e-07	4.69822e-05
182	10	10	128	142	31	696	0.0117799	4.44136	5.30052e-07	4.49963e-05
183	19	18	177	199	43	1136	0.000873223	7.04332	6.25161e-08	7.15924e-05
184	9	9	215	264	33	2658	2.47039e-07	15.2137	3.85702e-11	0.00015613
185	7	7	87	107	20	1263	0.000814236	7.11326	5.9559e-08	7.31471e-05
186	14	13	140	164	39	896	0.00369964	5.59952	2.10379e-07	5.68648e-05
187	10	10	83	95	30	610	0.0245363	3.7076	9.2683e-07	3.77738e-05
188	13	13	110	128	38	431	0.0496906	3.00194	1.49696e-06	3.01257e-05
189	7	7	127	143	31	621	0.0171606	4.06514	7.04746e-07	4.10677e-05
190	9	9	112	134	31	754	0.00921502	4.68692	4.38879e-07	4.76264e-05
191	12	11	159	184	37	1481	0.000165156	8.70862	1.47115e-08	8.90766e-05
192	17	17	104	123	33	963	0.00340082	5.68374	1.97623e-07	5.81103e-05
193	7	7	89	104	25	521	0.0365081	3.31022	1.22496e-06	3.35529e-05
194	12	12	131	149	35	861	0.0048595	5.32682	2.63183e-07	5.41584e-05
195	16	16	126	151	33	927	0.00342731	5.67598	1.98023e-07	5.77781e-05
196	9	8	113	129	21	820	0.00679125	4.99212	3.45342e-07	5.0851e-05
197	10	10	201	225	37	1869	1.76478e-05	10.9449	1.97667e-09	0.000112007
198	12	12	218	272	41	1730	2.66916e-05	10.5312	2.86332e-09	0.000107274
199	13	13	145	173	31	1393	0.000277209	8.19074	2.32245e-08	8.378e-05
200	9	9	194	235	27	2295	1.88742e-06	13.1803	2.5519e-10	0.000135206
201	11	11	128	145	31	856	0.00511182	5.2762	2.74336e-07	5.36669e-05
202	15	15	143	185	27	2228	3.6361e-06	12.5246	4.68415e-10	0.000128824
203	15	14	123	146	46	422	0.0464639	3.06908	1.42475e-06	3.06636e-05
204	21	21	341	419	55	8166	5.8931e-20	44.2779	2.69631e-23	0.000457537
205	11	11	75	94	28	300	0.119993	2.12032	2.54938e-06	2.1246e-05
206	9	9	75	86	26	324	0.11164	2.19248	2.46385e-06	2.20697e-05
207	9	9	72	81	23	254	0.164626	1.80408	2.97447e-06	1.80681e-05
208	12	11	234	279	43	1758	2.21445e-05	10.7179	2.41723e-09	0.000109157
209	12	12	249	297	41	3362	5.53951e-09	19.0114	1.08241e-12	0.000195399
210	14	14	261	297	44	3272	8.76622e-09	18.5524	1.67099e-12	0.000190617
211	15	15	225	256	42	1933	1.04806e-05	11.466	1.22788e-09	0.000117157
212	13	13	199	240	40	1405	0.000171196	8.6727	1.50994e-08	8.81996e-05
213	12	12	210	253	31	2708	2.05126e-07	15.3996	3.2444e-11	0.000158166
214	13	13	69	75	33	125	0.330054	1.1085	3.58941e-06	1.08752e-05
215	10	10	71	81	27	195	0.222422	1.50318	3.32147e-06	1.49332e-05
216	12	12	141	170	34	1193	0.000783374	7.1519	5.71738e-08	7.2984e-05
217	11	11	200	243	31	3288	1.1341e-08	18.2948	2.13686e-12	0.000188419
218	9	9	128	154	34	1057	0.00173314	6.35782	1.12402e-07	6.48547e-05
219	11	11	172	203	37	2084	6.76844e-06	11.9032	8.27025e-10	0.000122188
220	9	9	120	134	32	698	0.0122611	4.40132	5.47472e-07	4.4651e-05
221	12	12	106	121	36	415	0.0563383	2.87638	1.62708e-06	2.88804e-05
222	16	16	229	268	36	1940	9.37898e-06	11.577	1.10865e-09	0.000118206
223	10	10	165	194	31	1115	0.00100294	6.90482	7.04007e-08	7.01944e-05
224	12	11	107	129	28	1018	0.002474	6.00192	1.51833e-07	6.13713e-05
225	7	7	75	85	31	197	0.214703	1.5385	3.2775e-06	1.52653e-05
226	15	15	124	141	36	1093	0.00156514	6.45978	1.03352e-07	6.60337e-05
227	12	12	200	246	34	2186	3.07108e-06	12.6935	3.99349e-10	0.000130035
228	9	9	129	153	28	1255	0.000635347	7.36134	4.78534e-08	7.53186e-05
229	6	6	77	96	24	318	0.108102	2.22468	2.41233e-06	2.23153e-05
230	10	9	182	225	29	2450	9.11659e-07	13.908	1.30255e-10	0.000142877
231	5	5	113	134	17	928	0.00379405	5.57432	2.15774e-07	5.68716e-05
232	12	12	161	187	40	1073	0.00129835	6.64666	8.77265e-08	6.75676e-05
233	12	12	81	101	24	596	0.0253778	3.67388	9.48333e-07	3.73686e-05
234	10	10	96	109	27	958	0.00380926	5.57032	2.17335e-07	5.70544e-05
235	13	12	140	166	36	951	0.00275985	5.89258	1.65315e-07	5.99e-05
236	13	13	205	243	36	1810	2.1295e-05	10.757	2.34006e-09	0.000109888
237	10	10	81	91	27	392	0.0764835	2.57068	1.98589e-06	2.59649e-05
238	11	11	69	78	25	324	0.117392	2.14224	2.53778e-06	2.16181e-05
239	16	16	103	122	31	400	0.0604366	2.80616	1.70068e-06	2.81399e-05
240	9	8	109	130	27	677	0.0139944	4.2691	6.06087e-07	4.33094e-05
241	7	7	31	34	13	58	0.600904	0.50932	3.00509e-06	5.00094e-06
242	9	9	47	54	14	224	0.227292	1.48152	3.39802e-06	1.495e-05
243	7	7	72	94	17	682	0.0171027	4.06852	7.10495e-07	4.15429e-05
244	11	11	105	118	30	623	0.0198741	3.91834	7.90248e-07	3.97628e-05
245	13	13	145	167	50	661	0.0120359	4.41986	5.36174e-07	4.45478e-05
246	7	7	54	61	20	204	0.240874	1.42348	3.44028e-06	1.42825e-05
247	11	10	93	111	26	573	0.0267993	3.61938	9.83829e-07	3.6711e-05
248	19	18	250	292	45	2186	2.30056e-06	12.9824	3.05127e-10	0.000132632
249	9	9	87	99	23	428	0.0605358	2.80452	1.71494e-06	2.83293e-05
250	11	11	101	117	33	370	0.0726748	2.62176	1.90871e-06	2.62637e-05
251	18	17	161	192	49	1291	0.000413911	7.78986	3.28781e-08	7.94329e-05
252	9	9	56	62	20	266	0.174477	1.74596	3.07659e-06	1.76332e-05
253	10	10	126	148	31	567	0.0219028	3.82114	8.42837e-07	3.84808e-05
254	11	10	76	92	24	599	0.0264457	3.63266	9.79021e-07	3.702e-05
255	11	11	140	166	33	1804	3.56101e-05	10.2429	3.74699e-09	0.000105223
256	10	10	126	147	30	1388	0.000334806	8.00196	2.74697e-08	8.20467e-05
257	7	7	63	72	23	309	0.131591	2.02806	2.69529e-06	2.04824e-05
258	6	6	61	70	21	149	0.301345	1.1995	3.57641e-06	1.18682e-05
259	13	12	134	164	34	1581	0.000112448	9.09302	1.0487e-08	9.3261e-05
260	13	13	197	236	36	1840	1.90951e-05	10.8661	2.12121e-09	0.000111087
261	9	9	89	109	27	852	0.00654064	5.02972	3.36335e-07	5.14223e-05
262	13	12	178	215	43	1486	0.000132517	8.9288	1.20713e-08	9.10922e-05
263	6	6	39	46	12	350	0.125697	2.07388	2.66393e-06	2.11932e-05
264	11	10	94	116	29	682	0.0148957	4.20668	6.37311e-07	4.27848e-05
265	9	9	181	219	32	2085	6.09026e-06	12.0088	7.49983e-10	0.000123145
266	14	14	158	181	32	1522	0.000136542	8.89888	1.2437e-08	9.10857e-05
267	13	12	117	129	29	835	0.0062911	5.06862	3.24922e-07	5.1648e-05
268	18	18	222	269	40	2074	4.70578e-06	12.2667	5.90023e-10	0.000125383
269	10	10	171	199	36	1637	6.78358e-05	9.59842	6.6623e-09	9.82121e-05
270	6	6	48	51	15	167	0.309753	1.17198	3.64024e-06	1.17521e-05
271	15	15	266	311	47	2315	1.05752e-06	13.7596	1.48644e-10	0.000140559
272	11	11	177	203	28	1908	1.66078e-05	11.0056	1.87397e-09	0.000112837
273	7	7	147	176	27	1483	0.000171903	8.66858	1.52532e-08	8.87313e-05
274	6	6	82	90	28	521	0.0398633	3.2223	1.30603e-06	3.27627e-05
275	16	15	159	175	38	1106	0.00118312	6.7396	8.12137e-08	6.86436e-05
276	18	18	227	273	41	1942	8.99681e-06	11.6186	1.06698e-09	0.000118595
277	5	4	39	42	11	115	0.427304	0.85026	3.62401e-06	8.48112e-06
278	14	14	172	213	38	1487	0.000133509	8.92134	1.21537e-08	9.10324e-05
279	18	18	236	285	44	2858	7.80747e-08	16.3656	1.3112e-11	0.000167942
280	14	14	168	198	36	1864	2.14488e-05	10.7498	2.36402e-09	0.000110217
281	7	7	70	77	18	341	0.108321	2.22266	2.43341e-06	2.24649e-05
282	11	11	104	113	29	526	0.0336333	3.39224	1.15452e-06	3.43266e-05
283	15	15	171	202	38	1775	3.29322e-05	10.3211	3.48139e-09	0.000105714
284	13	13	212	243	39	2215	2.69924e-06	12.8225	3.54699e-10	0.000131407
285	7	7	158	192	25	2242	3.23993e-06	12.64	4.21069e-10	0.000129963
286	9	9	76	89	19	603	0.0264045	3.63422	9.78635e-07	3.70632e-05
287	11	10	192	237	29	2772	1.63646e-07	15.6256	2.62919e-11	0.000160663
288	14	14	121	133	36	541	0.0274788	3.59434	9.96178e-07	3.62526e-05
289	7	7	48	60	15	245	0.196656	1.6263	3.22604e-06	1.64045e-05
290	7	6	91	117	19	1048	0.00228918	6.07956	1.42589e-07	6.2288e-05
291	6	6	18	20	11	25	0.77639	0.2531	1.90781e-06	2.45728e-06
292	10	10	142	163	30	1154	0.000998716	6.90904	7.04261e-08	7.05167e-05
293	5	4	80	90	20	486	0.0476535	3.0438	1.47264e-06	3.0903e-05
294	12	11	164	190	28	2147	5.32605e-06	12.1429	6.64702e-10	0.000124802
295	12	12	100	121	30	783	0.00862423	4.75318	4.17701e-07	4.84335e-05
296	10	9	61	76	24	324	0.118875	2.12968	2.55643e-06	2.15052e-05
297	7	7	81	93	25	335	0.10101	2.29254	2.32819e-06	2.30492e-05
298	12	12	101	113	30	454	0.0485559	3.02504	1.48101e-06	3.05011e-05
299	7	7	111	134	24	898	0.00442131	5.42132	2.44399e-07	5.52776e-05
300	9	9	27	29	18	27	0.72628	0.31982	2.23082e-06	3.07158e-06
301	9	9	87	109	21	538	0.0324414	3.42832	1.12696e-06	3.47384e-05
302	11	11	65	72	24	158	0.284233	1.25796	3.54134e-06	1.24593e-05
303	17	16	221	248	41	3097	2.91113e-08	17.3521	5.19789e-12	0.000178553
304	15	15	193	221	28	1683	4.67274e-05	9.97118	4.76143e-09	0.000101898
305	13	12	138	168	33	1215	0.000709082	7.25154	5.25004e-08	7.404e-05
306	15	15	171	200	43	969	0.0020337	6.1979	1.27667e-07	6.27756e-05
307	16	16	147	170	33	1172	0.000871931	7.0448	6.26641e-08	7.18682e-05
308	13	13	158	190	36	1522	0.000129038	8.9554	1.18191e-08	9.15938e-05
309	11	10	81	89	30	333	0.104641	2.25722	2.37715e-06	2.27172e-05
310	11	11	163	188	34	1819	2.87308e-05	10.4575	3.08171e-09	0.000107261
311	11	11	121	139	31	818	0.00644326	5.04472	3.30599e-07	5.13092e-05
312	13	13	41	49	22	72	0.509197	0.67492	3.35638e-06	6.59152e-06
313	9	9	75	80	27	185	0.235534	1.4459	3.37884e-06	1.43455e-05
314	6	5	54	66	14	578	0.0346562	3.36228	1.19344e-06	3.44365e-05
315	13	13	165	203	36	1606	7.74839e-05	9.46544	7.49973e-09	9.67908e-05
316	15	15	157	178	40	1266	0.000513408	7.57444	3.96938e-08	7.73143e-05
317	17	17	285	339	46	2847	5.88296e-08	16.6486	1.00249e-11	0.000170406
318	12	12	122	144	23	1007	0.00238151	6.04002	1.46781e-07	6.16336e-05
319	14	14	182	219	37	1685	4.68378e-05	9.96882	4.77237e-09	0.000101891
320	4	4	48	58	16	219	0.227378	1.48114	3.39024e-06	1.49101e-05
321	13	13	165	191	31	1578	9.63734e-05	9.24728	9.1194e-09	9.46257e-05
322	6	6	59	66	16	387	0.0917966	2.38818	2.22956e-06	2.42881e-05
323	10	9	157	182	38	827	0.0046978	5.36066	2.5469e-07	5.42146e-05
324	11	11	154	190	28	1241	0.000540887	7.5223	4.14662e-08	7.66633e-05
325	17	17	197	231	45	1239	0.000422391	7.76958	3.33146e-08	7.88714e-05
326	10	10	142	165	36	818	0.00547261	5.208	2.88827e-07	5.27768e-05
327	12	12	190	235	38	1651	5.03808e-05	9.8959	5.08786e-09	0.000100988
328	11	11	88	95	35	186	0.213269	1.5452	3.25135e-06	1.52453e-05
329	11	11	92	99	27	379	0.0777218	2.55462	1.99945e-06	2.57258e-05
330	16	16	254	299	33	2715	1.48272e-07	15.7242	2.38917e-11	0.000161134
331	11	11	109	127	28	591	0.0221114	3.81166	8.52851e-07	3.85706e-05
332	16	16	131	146	32	657	0.0140157	4.26758	6.04774e-07	4.31499e-05
333	16	16	224	265	45	1780	2.16133e-05	10.7422	2.36743e-09	0.000109536
334	10	10	88	100	30	361	0.084661	2.4691	2.10178e-06	2.48258e-05
335	13	12	135	163	31	974	0.00250106	5.99104	1.52446e-07	6.09527e-05
336	12	11	128	161	38	914	0.00343933	5.67248	1.98283e-07	5.76518e-05
337	15	15	240	277	53	1546	6.6112e-05	9.62416	6.46443e-09	9.77799e-05
338	11	10	185	220	33	1578	8.03274e-05	9.4294	7.73253e-09	9.62627e-05
339	11	10	154	177	32	1551	0.000120765	9.02166	1.11588e-08	9.24008e-05
340	20	18	281	321	50	1843	1.10268e-05	11.4152	1.2796e-09	0.000116044
341	14	14	169	196	39	1288	0.000409866	7.79968	3.25841e-08	7.94993e-05
342	13	13	133	162	31	951	0.00283005	5.86746	1.68881e-07	5.96742e-05
343	12	12	144	167	33	821	0.00532225	5.23586	2.8234e-07	5.30491e-05
344	14	12	184	208	42	731	0.00651049	5.03434	3.2931e-07	5.05815e-05
345	4	4	42	53	16	277	0.174551	1.74554	3.09123e-06	1.77096e-05
346	17	17	276	349	48	2847	5.52488e-08	16.7114	9.4459e-12	0.00017097
347	9	9	86	97	31	303	0.115966	2.15446	2.50194e-06	2.15748e-05
348	6	5	110	124	32	408	0.0572963	2.85952	1.64313e-06	2.86778e-05
349	10	10	97	114	26	660	0.016875	4.08192	7.00364e-07	4.15029e-05
350	12	12	92	110	28	480	0.0433348	3.1388	1.37428e-06	3.17132e-05
351	11	11	148	178	29	1934	1.7018e-05	10.9812	1.91975e-09	0.000112807
352	5	5	50	52	17	144	0.346123	1.06096	3.66422e-06	1.05865e-05
353	13	13	167	199	37	1755	3.71621e-05	10.2002	3.88277e-09	0.000104482
354	6	6	43	50	19	290	0.16646	1.793	3.03473e-06	1.8231e-05
355	5	5	104	132	24	1390	0.000364144	7.91796	2.96072e-08	8.13062e-05
356	13	12	119	138	35	499	0.0329904	3.41154	1.13168e-06	3.43032e-05
357	12	12	153	176	37	1590	9.96068e-05	9.21428	9.40453e-09	9.44166e-05
358	7	7	63	76	14	337	0.111249	2.19598	2.46928e-06	2.21959e-05
359	14	14	196	224	42	2376	1.33802e-06	13.5243	1.85836e-10	0.000138889
360	13	13	233	290	38	2851	7.84111e-08	16.3613	1.31615e-11	0.000167853
361	16	16	261	292	43	2229	1.84753e-06	13.2017	2.49263e-10	0.000134917
362	9	9	133	149	32	671	0.0128063	4.35782	5.64284e-07	4.40631e-05
363	12	12	144	169	37	866	0.00417801	5.47792	2.32101e-07	5.5553e-05
364	14	14	123	147	34	917	0.00369838	5.59986	2.10885e-07	5.70209e-05
365	12	12	222	270	37	3539	2.66117e-09	19.7445	5.40961e-13	0.000203279
366	11	11	122	138	32	727	0.0103131	4.57434	4.7871e-07	4.64176e-05
367	10	10	186	219	31	1437	0.000165917	8.70402	1.47193e-08	8.87144e-05
368	12	12	78	93	29	324	0.106838	2.23644	2.4001e-06	2.24648e-05
369	12	12	141	158	37	773	0.00719377	4.93454	3.59621e-07	4.99907e-05
370	9	9	46	54	25	89	0.452476	0.79302	3.51892e-06	7.77703e-06
371	9	9	93	111	21	810	0.00800187	4.82808	3.94521e-07	4.93036e-05
372	7	7	63	80	14	802	0.0101265	4.5926	4.77248e-07	4.71286e-05
373	18	18	205	235	43	1257	0.000375783	7.8865	3.00828e-08	8.00536e-05
374	13	13	204	244	48	2103	4.74879e-06	12.2576	5.96032e-10	0.000125512
375	11	11	113	129	30	619	0.0189298	3.96702	7.60431e-07	4.01712e-05
376	4	4	41	44	14	104	0.44632	0.80672	3.57482e-06	8.00955e-06
377	9	8	96	114	15	1429	0.000334184	8.00382	2.75242e-08	8.23624e-05
378	9	9	58	69	18	286	0.150782	1.89192	2.87858e-06	1.9091e-05
379	13	12	84	98	21	668	0.0179128	4.02224	7.3487e-07	4.10248e-05
380	9	9	161	187	31	1422	0.000218973	8.42656	1.8856e-08	8.61111e-05
381	9	9	111	128	26	1024	0.00241456	6.02624	1.48818e-07	6.16337e-05
382	3	2	8	8	7	1	0.946163	0.05534	4.77542e-07	5.04714e-07
383	6	5	93	107	20	665	0.0171894	4.06346	7.11187e-07	4.13735e-05
384	17	17	193	239	41	1935	1.15431e-05	11.3694	1.34251e-09	0.000116304
385	14	14	151	175	41	1084	0.0013236	6.6274	8.93095e-08	6.74747e-05
386	14	14	173	204	36	1301	0.000364779	7.91622	2.94163e-08	8.06416e-05
387	17	17	231	270	35	2617	2.93233e-07	15.0423	4.5243e-11	0.00015429
388	16	16	219	257	44	1464	0.000113881	9.08036	1.05105e-08	9.2294e-05
389	19	19	130	158	36	1136	0.00112966	6.78584	7.82605e-08	6.9278e-05
390	15	15	98	107	30	623	0.0212955	3.84926	8.33545e-07	3.91419e-05
391	10	10	143	176	31	1903	2.01848e-05	10.8106	2.24147e-09	0.000111047
392	16	14	238	277	53	1499	8.40196e-05	9.38446	8.00561e-09	9.52827e-05
393	15	14	173	210	37	1629	6.59443e-05	9.6267	6.48945e-09	9.8408e-05
394	9	9	185	211	35	1469	0.000148195	8.81698	1.33321e-08	8.99631e-05
395	17	15	175	202	35	1118	0.000939315	6.97036	6.65085e-08	7.08053e-05
396	14	13	147	173	34	1487	0.000171635	8.67014	1.52368e-08	8.87745e-05
397	16	16	172	210	45	1040	0.0013297	6.6228	8.92397e-08	6.71125e-05
398	10	10	117	136	34	760	0.00882576	4.73008	4.2415e-07	4.80581e-05
399	7	7	121	143	19	1093	0.0015456	6.47234	1.02236e-07	6.61466e-05
400	14	13	158	192	38	1349	0.000307923	8.08566	2.54082e-08	8.25146e-05
401	13	13	259	300	42	2977	3.87281e-08	17.0667	6.78175e-12	0.000175112
402	16	16	227	264	46	2551	4.26344e-07	14.668	6.41413e-11	0.000150445
403	14	13	148	174	43	1094	0.00126571	6.67212	8.60047e-08	6.79496e-05
404	13	13	207	261	38	2424	8.30299e-07	14.0015	1.19171e-10	0.000143528
405	6	5	42	47	16	112	0.420479	0.86636	3.61779e-06	8.60396e-06
406	6	5	31	37	11	95	0.488283	0.71686	3.48449e-06	7.13622e-06
407	11	11	179	226	37	3293	1.23011e-08	18.2136	2.30921e-12	0.000187725
408	13	13	145	164	31	1019	0.00197572	6.22682	1.25261e-07	6.34001e-05
409	17	17	253	319	50	2758	1.05019e-07	16.0691	1.72808e-11	0.000164548
410	14	14	217	260	36	3264	1.15198e-08	18.2792	2.16691e-12	0.000188103
411	12	11	44	48	20	118	0.405255	0.90324	3.63886e-06	8.9792e-06
412	17	17	211	256	40	2428	8.39483e-07	13.9905	1.20431e-10	0.000143458
413	9	8	73	82	21	326	0.113318	2.17756	2.48734e-06	2.19501e-05
414	11	10	184	215	30	1583	8.08027e-05	9.4235	7.77695e-09	9.62461e-05
415	9	9	98	117	29	474	0.0427597	3.15216	1.35931e-06	3.17895e-05
416	12	12	40	46	25	61	0.548823	0.59998	3.20387e-06	5.83771e-06
417	9	9	185	221	28	2399	1.21256e-06	13.6228	1.69687e-10	0.000139941
418	15	15	134	164	39	1063	0.0015786	6.45122	1.03774e-07	6.5738e-05
419	12	12	132	147	27	651	0.0143607	4.24326	6.15895e-07	4.28875e-05
420	14	13	214	253	39	2429	8.51097e-07	13.9767	1.21998e-10	0.000143342
421	19	19	262	325	43	3148	1.38387e-08	18.0958	2.56858e-12	0.000185609
422	12	12	108	124	30	977	0.00314664	5.76142	1.85371e-07	5.89106e-05
423	11	11	154	179	44	979	0.00220502	6.11702	1.36979e-07	6.21215e-05
424	10	10	95	114	28	656	0.0172228	4.06152	7.11137e-07	4.12904e-05
425	16	16	140	163	31	1322	0.000423973	7.76584	3.36817e-08	7.9443e-05
426	7	7	53	58	20	162	0.304087	1.19044	3.61303e-06	1.18815e-05
427	12	12	154	172	42	1059	0.00153219	6.48106	1.01089e-07	6.5977e-05
428	8	8	177	231	25	2785	1.59029e-07	15.6542	2.56061e-11	0.000161015
429	8	7	19	21	11	38	0.722036	0.32568	2.31374e-06	3.20446e-06
430	8	8	85	99	22	716	0.0139354	4.27332	6.08027e-07	4.36317e-05
431	8	8	97	112	26	687	0.0148901	4.20706	6.37662e-07	4.28246e-05
432	8	8	64	75	23	219	0.204354	1.5879	3.24305e-06	1.58697e-05
433	6	5	19	24	10	72	0.595758	0.51792	3.08623e-06	5.18033e-06
434	6	5	54	60	20	153	0.314397	1.1571	3.62067e-06	1.15162e-05
435	7	7	99	109	23	736	0.0118181	4.43812	5.34875e-07	4.52588e-05
436	8	8	82	91	20	424	0.0649667	2.73388	1.79732e-06	2.76652e-05
437	9	7	66	76	25	227	0.194956	1.63498	3.18778e-06	1.63513e-05
438	8	8	101	117	23	679	0.0150307	4.19766	6.41538e-07	4.26818e-05
439	8	7	107	128	24	780	0.00838056	4.78184	4.07875e-07	4.86692e-05
440	8	8	86	91	25	301	0.121653	2.10658	2.57051e-06	2.11298e-05
441	8	8	88	108	24	1419	0.000365173	7.91514	2.97588e-08	8.14924e-05
442	7	7	75	95	21	562	0.0313419	3.4628	1.10397e-06	3.52234e-05
443	8	8	94	111	18	939	0.00414447	5.48598	2.32744e-07	5.61578e-05
444	8	8	116	145	26	746	0.00895807	4.7152	4.28395e-07	4.78223e-05
445	8	8	136	163	25	1012	0.00206043	6.18484	1.29749e-07	6.29718e-05
446	8	8	116	141	27	825	0.0061397	5.09298	3.17999e-07	5.1794e-05
447	8	8	49	54	24	117	0.392264	0.93582	3.63423e-06	9.26475e-06
448	8	8	87	106	32	327	0.0969674	2.33338	2.26497e-06	2.3358e-05
449	11	10	105	128	29	782	0.00829552	4.79204	4.04618e-07	4.87755e-05
450	8	8	25	28	16	33	0.70883	0.34414	2.36319e-06	3.33393e-06
451	8	8	117	138	32	707	0.0114206	4.47234	5.17979e-07	4.53549e-05
452	9	9	147	177	28	1154	0.000914658	6.99696	6.52215e-08	7.13069e-05
453	8	8	110	132	25	703	0.0121035	4.41426	5.42282e-07	4.48037e-05
454	8	8	55	64	11	555	0.0394619	3.23242	1.30625e-06	3.31016e-05
455	8	8	95	119	22	953	0.00366979	5.60762	2.10474e-07	5.73532e-05
456	8	8	115	134	28	1149	0.00122917	6.70142	8.4338e-08	6.8614e-05
457	8	8	74	94	21	864	0.00676008	4.99672	3.46205e-07	5.12132e-05
458	8	8	150	178	29	1959	1.49808e-05	11.1087	1.70984e-09	0.000114136
459	8	8	119	152	27	1181	0.000932483	6.97766	6.65143e-08	7.13303e-05
460	8	7	152	179	32	974	0.00226197	6.09152	1.39916e-07	6.18559e-05
461	8	8	103	130	21	1196	0.000991789	6.916	7.03035e-08	7.08855e-05
462	6	5	13	14	9	7	0.883716	0.12362	1.02705e-06	1.1622e-06
463	8	8	46	50	23	90	0.461626	0.773	3.51037e-06	7.60437e-06
464	12	12	116	130	32	637	0.0171613	4.0651	7.0677e-07	4.1184e-05
465	11	11	110	134	34	721	0.0109041	4.51862	5.00202e-07	4.5873e-05
466	8	8	71	86	22	403	0.0746175	2.59538	1.95999e-06	2.62672e-05
467	6	5	73	93	15	950	0.00438731	5.42904	2.44488e-07	5.57262e-05
468	8	7	58	72	13	424	0.0732	2.61456	1.94659e-06	2.65927e-05
469	8	8	135	156	30	961	0.00279261	5.88078	1.67184e-07	5.98668e-05
470	8	8	57	64	22	225	0.212371	1.54942	3.30611e-06	1.55676e-05
471	8	8	91	107	25	493	0.0413261	3.18626	1.33213e-06	3.22346e-05
472	8	8	128	150	28	1020	0.00214632	6.144	1.34495e-07	6.2663e-05
473	8	8	131	148	27	882	0.00439345	5.42764	2.42596e-07	5.52177e-05
474	8	7	92	103	24	429	0.0587338	2.83474	1.68027e-06	2.86082e-05
475	8	8	96	115	16	922	0.00440771	5.4244	2.44541e-07	5.54803e-05
476	8	8	153	174	35	1530	0.000136974	8.89572	1.24805e-08	9.11157e-05
477	13	13	137	159	40	641	0.0140151	4.26762	6.03119e-07	4.30335e-05
478	8	7	61	74	18	439	0.0669627	2.70362	1.84165e-06	2.75026e-05
479	8	8	34	38	15	87	0.505433	0.68234	3.42057e-06	6.7676e-06
480	8	8	84	96	23	559	0.0316259	3.45378	1.11071e-06	3.51204e-05
481	10	10	115	137	27	680	0.0131892	4.32836	5.78528e-07	4.38639e-05
482	8	8	215	257	31	4580	1.42829e-11	24.972	3.68294e-15	0.000257857
483	8	7	85	96	18	702	0.0152515	4.18308	6.51519e-07	4.27185e-05
484	6	6	93	107	33	501	0.039674	3.22706	1.29574e-06	3.26596e-05
485	6	5	66	72	24	282	0.151017	1.89036	2.87655e-06	1.90478e-05
486	7	7	59	71	17	382	0.0912566	2.39408	2.21796e-06	2.43047e-05
487	8	7	102	128	29	757	0.00942358	4.66454	4.47122e-07	4.74471e-05
488	8	8	88	109	20	683	0.015486	4.16782	6.57268e-07	4.24428e-05
489	8	8	180	212	30	2079	6.56171e-06	11.9343	8.03355e-10	0.000122431
490	8	8	98	121	17	948	0.00371759	5.59468	2.12648e-07	5.72004e-05
491	7	7	99	119	26	641	0.0180174	4.01642	7.34669e-07	4.07756e-05
492	10	10	139	172	26	1461	0.000197206	8.53126	1.72233e-08	8.73366e-05
493	12	12	131	153	31	1050	0.00180745	6.31584	1.16447e-07	6.44263e-05
494	7	7	95	120	16	1058	0.00213476	6.1494	1.34466e-07	6.29886e-05
495	10	10	70	80	24	219	0.198037	1.6193	3.19869e-06	1.6152e-05
496	8	8	134	165	33	1399	0.000282707	8.1711	2.36476e-08	8.36472e-05
497	8	8	53	59	19	258	0.1852	1.68632	3.15558e-06	1.70388e-05
498	8	8	117	137	24	1211	0.000879234	7.03646	6.33731e-08	7.20776e-05
499	10	9	166	197	26	2571	5.86402e-07	14.3493	8.66266e-11	0.000147726
500	8	8	93	102	21	773	0.0102256	4.58286	4.78861e-07	4.68296e-05
501	8	8	79	83	25	298	0.129894	2.04104	2.66527e-06	2.05188e-05
502	8	8	89	98	20	737	0.012599	4.37414	5.63061e-07	4.4691e-05
503	8	8	94	110	29	361	0.0795078	2.5319	2.01873e-06	2.53903e-05
504	3	3	37	43	9	254	0.208996	1.56544	3.32786e-06	1.59231e-05
505	8	8	20	20	13	8	0.846707	0.1664	1.3158e-06	1.55402e-06
506	8	8	131	164	27	879	0.00403471	5.51282	2.25789e-07	5.59615e-05
507	8	8	61	65	24	166	0.285133	1.2548	3.56108e-06	1.24892e-05
508	9	9	138	165	26	1717	5.58467e-05	9.7929	5.61503e-09	0.000100544
509	8	8	76	87	24	457	0.0563	2.87706	1.64356e-06	2.91928e-05
510	8	8	136	176	29	1253	0.000555534	7.49558	4.25043e-08	7.65107e-05
511	8	7	100	110	19	734	0.0118646	4.4342	5.36385e-07	4.5209e-05
512	8	8	54	58	21	123	0.371005	0.99154	3.63931e-06	9.80934e-06
513	8	7	131	152	23	1182	0.000927739	6.98276	6.62252e-08	7.13835e-05
514	8	8	131	166	29	1916	2.01143e-05	10.8141	2.23618e-09	0.000111174
515	8	8	84	98	27	347	0.0920761	2.38514	2.20698e-06	2.39691e-05
516	8	8	71	90	22	576	0.0301129	3.5028	1.07458e-06	3.5685e-05
517	11	11	180	207	35	1648	6.09925e-05	9.70476	6.05339e-09	9.92482e-05
518	8	8	136	164	25	1593	0.000105772	9.15422	9.93189e-09	9.38986e-05
519	6	6	87	106	21	947	0.0041057	5.49538	2.31153e-07	5.63006e-05
520	10	10	103	117	25	802	0.00802687	4.82496	3.9506e-07	4.92172e-05
521	8	8	89	96	21	389	0.075262	2.58678	1.96342e-06	2.60878e-05
522	10	10	169	194	30	2379	1.59089e-06	13.3512	2.18516e-10	0.000137355
523	10	10	154	187	27	2085	7.4458e-06	11.8079	9.03462e-10	0.000121338
524	8	7	32	34	18	41	0.655328	0.42262	2.68532e-06	4.09768e-06
525	8	8	93	114	24	830	0.00709106	4.94892	3.58351e-07	5.05356e-05
526	9	9	40	52	11	308	0.149964	1.89736	2.89435e-06	1.93003e-05
527	8	8	55	62	26	155	0.307322	1.17986	3.60654e-06	1.17354e-05
528	8	7	75	88	22	316	0.114837	2.16424	2.49857e-06	2.17575e-05
529	8	8	76	84	27	236	0.177086	1.73112	3.06023e-06	1.7281e-05
530	8	8	93	104	23	593	0.0252881	3.67742	9.45233e-07	3.73785e-05
531	8	7	74	89	28	200	0.206198	1.57892	3.22709e-06	1.56505e-05
532	8	8	85	94	24	320	0.108357	2.22232	2.41731e-06	2.23087e-05
533	8	8	59	68	25	169	0.275563	1.28894	3.53215e-06	1.28179e-05
534	2	2	13	13	8	8	0.884759	0.12244	1.02533e-06	1.15888e-06
535	10	10	94	110	38	246	0.14293	1.9454	2.75569e-06	1.928e-05
536	8	7	47	54	12	301	0.153475	1.87422	2.92235e-06	1.90413e-05
537	8	8	161	208	26	2212	3.41463e-06	12.5874	4.41416e-10	0.000129272
538	8	8	75	82	27	251	0.166117	1.79506	2.98432e-06	1.79651e-05
539	8	8	116	133	24	911	0.00416375	5.48134	2.32803e-07	5.59119e-05
540	9	9	139	160	33	842	0.00499659	5.299	2.68665e-07	5.37698e-05
541	6	6	90	103	21	620	0.0221739	3.80884	8.59386e-07	3.87567e-05
542	7	7	106	119	22	764	0.00962184	4.64372	4.55219e-07	4.7311e-05
543	7	7	61	66	21	155	0.299698	1.20498	3.58474e-06	1.19612e-05
544	9	9	140	155	28	1031	0.0019665	6.2315	1.24931e-07	6.35297e-05
545	15	13	182	221	35	2052	7.1166e-06	11.8531	8.64698e-10	0.000121504
546	7	7	91	114	20	756	0.0103422	4.57152	4.81986e-07	4.66037e-05
547	8	8	158	188	26	1812	2.9775e-05	10.4218	3.18264e-09	0.00010689
548	8	7	94	100	24	382	0.0760625	2.5762	1.97319e-06	2.59416e-05
549	13	13	148	174	34	1513	0.00014938	8.80902	1.34759e-08	9.02124e-05
550	8	8	57	60	22	170	0.288287	1.2438	3.58038e-06	1.24195e-05
551	11	10	108	122	32	501	0.0361073	3.32126	1.20982e-06	3.35063e-05
552	10	10	177	218	26	2221	3.06293e-06	12.6961	3.99143e-10	0.000130314
553	4	4	52	67	14	454	0.0648188	2.73616	1.80873e-06	2.79045e-05
554	8	8	57	62	23	298	0.148205	1.90916	2.86531e-06	1.93334e-05
555	8	8	165	191	24	2495	8.97206e-07	13.924	1.28613e-10	0.000143349
556	8	8	115	140	20	1467	0.000233834	8.3609	2.00744e-08	8.58491e-05
557	10	8	99	124	28	762	0.00942	4.66492	4.47328e-07	4.7487e-05
558	8	8	164	197	33	2228	3.37215e-06	12.6	4.36697e-10	0.000129501
559	8	8	91	103	26	606	0.023815	3.73744	9.05275e-07	3.80128e-05
560	8	8	31	32	16	40	0.667003	0.40496	2.62243e-06	3.93165e-06
561	9	9	170	190	32	1647	6.82113e-05	9.5929	6.70077e-09	9.82354e-05
562	7	7	72	82	18	386	0.0834456	2.48356	2.09767e-06	2.51381e-05
563	12	12	83	91	30	550	0.0341675	3.37648	1.174e-06	3.436e-05
564	6	5	20	20	12	15	0.817013	0.2021	1.57353e-06	1.92595e-06
565	8	8	88	103	24	636	0.0204364	3.89044	8.09419e-07	3.96068e-05
566	8	8	23	27	14	58	0.627909	0.46536	2.89203e-06	4.60581e-06
567	6	6	113	125	23	1056	0.00208998	6.1706	1.32013e-07	6.31646e-05
568	8	8	59	75	17	270	0.157552	1.848	2.92724e-06	1.85795e-05
569	10	10	169	196	28	1403	0.000227997	8.38618	1.95187e-08	8.56096e-05
570	7	7	36	37	20	55	0.598781	0.51286	3.00042e-06	5.01089e-06
571	8	8	109	127	21	1030	0.00235654	6.05056	1.45861e-07	6.1896e-05
572	8	8	79	92	25	631	0.0224636	3.79586	8.69795e-07	3.87202e-05
573	12	12	87	96	27	369	0.0833439	2.48478	2.08569e-06	2.50251e-05
574	7	7	97	116	21	1039	0.0024118	6.02738	1.48937e-07	6.17533e-05
575	7	7	70	84	20	371	0.0889554	2.41962	2.17532e-06	2.4454e-05
576	9	9	117	131	26	788	0.00789536	4.84148	3.88954e-07	4.92636e-05
577	9	9	94	112	27	820	0.0075564	4.88536	3.76999e-07	4.98914e-05
578	9	9	138	160	34	1441	0.000235476	8.3539	2.0156e-08	8.55966e-05
579	9	9	116	143	29	749	0.00893356	4.71794	4.27639e-07	4.78688e-05
580	8	7	84	102	18	694	0.0152991	4.17996	6.52234e-07	4.26321e-05
581	8	8	47	51	17	159	0.322652	1.13118	3.65468e-06	1.1327e-05
582	8	8	119	148	23	1244	0.000693444	7.27384	5.16283e-08	7.44519e-05
583	8	8	99	107	26	357	0.0826897	2.49266	2.06794e-06	2.50084e-05
584	10	10	100	115	23	710	0.0129949	4.3432	5.74582e-07	4.4216e-05
585	11	10	55	60	26	122	0.368248	0.999	3.63427e-06	9.86911e-06
586	8	8	172	210	32	2583	5.08348e-07	14.4921	7.57932e-11	0.000149097
587	8	8	116	143	21	1561	0.000142077	8.85914	1.29309e-08	9.10129e-05
588	11	11	165	198	25	1823	2.64372e-05	10.5407	2.85623e-09	0.000108038
589	5	5	27	28	18	38	0.690983	0.36964	2.48726e-06	3.59959e-06
590	8	7	81	92	25	400	0.0729661	2.61776	1.9297e-06	2.64465e-05
591	3	3	1	1	1	0	0.99374	0.00628	5.60942e-08	5.64476e-08
592	8	8	135	163	36	1142	0.00106175	6.84784	7.41939e-08	6.98791e-05
593	8	8	138	167	33	1274	0.000528134	7.54616	4.07289e-08	7.71184e-05
594	8	8	89	100	28	449	0.0540471	2.9179	1.59447e-06	2.95016e-05
595	8	7	102	119	22	836	0.00666477	5.01092	3.40814e-07	5.11366e-05
596	8	8	117	130	35	498	0.0348675	3.3562	1.17847e-06	3.37985e-05
597	8	8	53	59	23	193	0.257994	1.35482	3.50487e-06	1.35851e-05
598	7	7	96	112	29	399	0.0646828	2.73826	1.78022e-06	2.75223e-05
599	11	11	189	226	38	1553	8.78763e-05	9.33958	8.37224e-09	9.5273e-05
600	9	9	131	156	27	891	0.00399073	5.52378	2.2407e-07	5.61475e-05
601	13	13	122	141	30	836	0.00580474	5.14908	3.04044e-07	5.23785e-05
602	8	7	81	91	27	265	0.146171	1.92298	2.80897e-06	1.9217e-05
603	8	8	74	82	25	214	0.200617	1.60636	3.20971e-06	1.59992e-05
604	8	8	66	77	24	393	0.0830876	2.48786	2.09612e-06	2.52278e-05
605	10	10	118	137	29	881	0.00473175	5.35346	2.58087e-07	5.45437e-05
606	7	7	93	118	23	760	0.009882	4.61704	4.6487e-07	4.7042e-05
607	9	9	127	141	30	693	0.0120369	4.41978	5.39017e-07	4.47804e-05
608	12	11	181	220	36	1575	8.15658e-05	9.4141	7.83874e-09	9.61033e-05
609	6	6	62	70	16	354	0.105928	2.245	2.41096e-06	2.27605e-05
610	5	4	54	66	21	375	0.09759	2.32698	2.30805e-06	2.36505e-05
611	9	9	36	41	16	83	0.506222	0.68078	3.40404e-06	6.72441e-06
612	8	8	127	149	28	1009	0.00228447	6.08162	1.41688e-07	6.20221e-05
613	9	9	124	140	26	787	0.00749964	4.8929	3.72871e-07	4.97185e-05
614	8	8	140	174	32	1223	0.00065556	7.33002	4.90384e-08	7.48038e-05
615	8	8	45	49	20	69	0.517048	0.65962	3.32571e-06	6.43212e-06
616	8	8	105	131	25	1063	0.00194211	6.24398	1.24053e-07	6.38752e-05
617	10	9	170	206	29	1598	7.92043e-05	9.44348	7.64599e-09	9.65351e-05
618	6	6	85	102	18	603	0.0243345	3.71586	9.19771e-07	3.7797e-05
619	8	8	237	279	30	2704	1.77815e-07	15.5425	2.83475e-11	0.000159421
620	8	7	85	100	18	488	0.0442987	3.1168	1.39868e-06	3.15738e-05
621	8	8	78	98	21	748	0.0119116	4.43024	5.39305e-07	4.52755e-05
622	7	7	94	115	20	731	0.0116751	4.4503	5.29252e-07	4.53318e-05
623	8	8	83	106	22	636	0.0200549	3.90928	7.97708e-07	3.97762e-05
624	2	2	26	29	3	302	0.178651	1.72232	3.15913e-06	1.76832e-05
625	9	9	121	147	23	1282	0.000574874	7.46136	4.39287e-08	7.64146e-05
626	7	7	70	82	18	499	0.0468943	3.05986	1.46039e-06	3.11422e-05
627	8	8	87	103	22	477	0.0459804	3.07954	1.43269e-06	3.11586e-05
628	10	10	120	137	30	1227	0.000810337	7.11806	5.90961e-08	7.29278e-05
629	8	7	96	116	18	867	0.00579836	5.15018	3.05077e-07	5.26144e-05
630	15	14	196	228	42	2620	3.75939e-07	14.7938	5.71724e-11	0.000152079
631	8	8	110	128	22	867	0.00537746	5.22554	2.86574e-07	5.32918e-05
632	6	6	49	61	12	920	0.00625059	5.07508	3.27067e-07	5.23258e-05
633	8	8	113	131	24	674	0.0141212	4.26008	6.10125e-07	4.32064e-05
634	10	10	179	211	33	1714	4.24799e-05	10.0665	4.37461e-09	0.000102981
635	11	11	106	122	29	559	0.0268615	3.61706	9.82812e-07	3.65881e-05
636	9	8	56	75	17	367	0.0960679	2.3427	2.28002e-06	2.37335e-05
637	10	10	145	168	27	841	0.00477606	5.34414	2.5871e-07	5.41682e-05
638	8	8	44	53	16	354	0.117862	2.13824	2.5695e-06	2.18009e-05
639	8	8	52	58	24	146	0.329941	1.10884	3.63972e-06	1.10314e-05
640	11	11	121	141	25	945	0.00332934	5.70498	1.93668e-07	5.817e-05
641	8	8	41	44	22	64	0.547321	0.60272	3.22056e-06	5.88422e-06
642	11	11	145	170	33	1361	0.000332557	8.0087	2.72398e-08	8.19104e-05
643	6	6	31	36	16	67	0.566782	0.56778	3.16947e-06	5.59204e-06
644	11	11	161	204	23	2480	8.92607e-07	13.9291	1.27898e-10	0.000143286
645	6	6	30	32	17	36	0.68075	0.38456	2.53179e-06	3.71912e-06
646	9	9	47	54	17	127	0.37276	0.98682	3.65159e-06	9.79609e-06
647	8	7	48	51	21	158	0.324302	1.12608	3.65614e-06	1.12739e-05
648	7	7	122	139	23	962	0.00309143	5.77912	1.82272e-07	5.89604e-05
649	8	7	107	123	29	694	0.0134089	4.31184	5.87542e-07	4.38175e-05
650	8	8	105	117	24	782	0.00888883	4.72296	4.28037e-07	4.81545e-05
651	8	8	96	112	25	560	0.028457	3.55936	1.02664e-06	3.60767e-05
652	8	8	66	86	18	542	0.0367256	3.30428	1.23592e-06	3.36527e-05
653	11	11	125	150	32	950	0.00306717	5.787	1.8079e-07	5.89437e-05
654	10	8	52	63	19	179	0.270214	1.30854	3.5309e-06	1.3067e-05
655	7	6	72	75	19	424	0.0718338	2.6334	1.92242e-06	2.6762e-05
656	13	13	186	225	36	1857	1.87616e-05	10.8837	2.08946e-09	0.000111369
657	10	10	192	221	31	1868	1.81892e-05	10.9147	2.03224e-09	0.000111728
658	15	15	207	244	42	1391	0.000179305	8.62642	1.57218e-08	8.76815e-05
659	8	7	50	61	18	186	0.264033	1.33168	3.51853e-06	1.33261e-05
660	8	7	119	150	20	883	0.00431654	5.4453	2.39066e-07	5.53838e-05
661	10	9	37	40	18	54	0.59061	0.5266	3.02811e-06	5.1271e-06
662	10	10	140	168	34	1703	5.88605e-05	9.74034	5.88423e-09	9.9969e-05
663	11	11	71	83	23	277	0.144577	1.93394	2.80524e-06	1.9403e-05
664	18	18	161	194	38	981	0.00198642	6.22142	1.25293e-07	6.30745e-05
665	8	8	124	133	24	683	0.0133193	4.31854	5.83353e-07	4.37975e-05
666	6	6	32	44	10	196	0.279174	1.27592	3.60073e-06	1.28978e-05
667	7	6	110	125	23	1485	0.000234396	8.3585	2.01484e-08	8.59588e-05
668	6	6	22	25	12	50	0.662324	0.412	2.69424e-06	4.06785e-06
669	11	11	193	236	41	2811	1.34974e-07	15.8182	2.19575e-11	0.000162679
670	9	8	128	163	21	1458	0.000211891	8.45944	1.83644e-08	8.66692e-05
671	8	8	113	140	27	824	0.00620997	5.0816	3.20958e-07	5.16844e-05
672	8	8	72	83	19	410	0.07337	2.61224	1.94209e-06	2.64698e-05
673	8	8	123	156	37	1214	0.000768492	7.17108	5.63378e-08	7.33095e-05
674	6	6	32	34	11	118	0.442498	0.81532	3.62359e-06	8.18894e-06
675	8	8	109	132	23	1237	0.000794609	7.13766	5.8147e-08	7.31769e-05
676	8	8	71	81	31	328	0.112874	2.18148	2.48323e-06	2.19999e-05
677	6	6	18	19	12	14	0.826364	0.19072	1.50098e-06	1.81637e-06
678	10	10	231	273	31	2446	6.88301e-07	14.189	1.00061e-10	0.000145374
679	11	11	113	133	33	711	0.0115469	4.46134	5.22903e-07	4.52852e-05
680	8	8	53	61	17	309	0.141002	1.95898	2.80051e-06	1.98615e-05
681	8	8	131	171	30	973	0.00239067	6.03618	1.46671e-07	6.13511e-05
682	11	10	83	108	25	655	0.0179756	4.01874	7.35177e-07	4.08986e-05
683	8	8	81	91	25	444	0.0586669	2.83588	1.68537e-06	2.87279e-05
684	8	8	18	18	15	4	0.87508	0.13344	1.07511e-06	1.22859e-06
685	11	11	143	162	35	706	0.00987292	4.61796	4.60636e-07	4.66566e-05
686	8	8	128	157	38	635	0.0146332	4.22446	6.23403e-07	4.26019e-05
687	11	11	76	87	22	350	0.0971635	2.33136	2.28408e-06	2.35076e-05
688	10	10	79	96	20	642	0.0207112	3.87708	8.18724e-07	3.95305e-05
689	8	8	105	121	25	492	0.0380414	3.26908	1.25429e-06	3.29717e-05
690	10	10	102	112	28	664	0.0167433	4.08976	6.96562e-07	4.16026e-05
691	11	10	100	118	30	967	0.00343843	5.67274	1.99569e-07	5.80406e-05
692	12	12	123	150	30	1584	0.000120918	9.0204	1.12006e-08	9.26301e-05
693	8	8	131	153	26	1283	0.000550799	7.50414	4.23049e-08	7.68064e-05
694	8	8	158	198	31	1487	0.000146697	8.82714	1.323e-08	9.01857e-05
695	6	6	60	67	12	1102	0.00237927	6.04096	1.48311e-07	6.23348e-05
696	12	12	126	156	22	1347	0.000389994	7.84938	3.13462e-08	8.03762e-05
697	11	11	110	126	27	588	0.0225938	3.79008	8.66579e-07	3.83547e-05
698	10	10	128	155	34	821	0.00573883	5.1605	3.00552e-07	5.23717e-05
699	8	8	144	175	28	1258	0.000544959	7.5148	4.18092e-08	7.67199e-05
700	8	8	120	135	29	1036	0.00217354	6.1314	1.36208e-07	6.26664e-05
701	8	8	101	122	26	605	0.0212444	3.85166	8.29217e-07	3.90322e-05
702	8	8	103	118	26	610	0.0212364	3.85204	8.29749e-07	3.90721e-05
703	8	8	136	158	32	1097	0.00137825	6.58694	9.26265e-08	6.72058e-05
704	7	7	68	77	24	231	0.189824	1.66166	3.15491e-06	1.66202e-05
705	8	8	128	156	19	1736	5.36365e-05	9.83328	5.41971e-09	0.000101045
706	10	10	186	229	41	1714	3.79394e-05	10.1795	3.94558e-09	0.000103997
707	9	9	133	159	23	942	0.00301933	5.80272	1.78221e-07	5.90266e-05
708	12	11	99	122	30	954	0.00358298	5.63156	2.06293e-07	5.75757e-05
709	9	9	80	94	22	436	0.0599695	2.81392	1.70746e-06	2.84721e-05
710	12	11	130	151	32	936	0.00327355	5.72188	1.90705e-07	5.82563e-05
711	6	6	40	45	19	94	0.466732	0.762	3.51667e-06	7.53466e-06
712	12	12	121	146	38	678	0.0125922	4.37468	5.57401e-07	4.42657e-05
713	8	8	122	139	26	1122	0.00136702	6.59512	9.22216e-08	6.74617e-05
714	12	12	66	71	26	227	0.201175	1.60358	3.23268e-06	1.6069e-05
715	8	8	91	114	23	945	0.00394455	5.53542	2.23443e-07	5.66459e-05
716	9	9	70	73	21	356	0.102896	2.27404	2.37031e-06	2.30361e-05
717	9	9	106	127	27	960	0.00336758	5.69356	1.95915e-07	5.81767e-05
718	9	9	120	141	31	1453	0.000249568	8.29578	2.12536e-08	8.51617e-05
719	8	7	89	120	27	1245	0.000822551	7.1031	5.99842e-08	7.29245e-05
720	11	10	125	144	27	995	0.00253181	5.97882	1.5443e-07	6.0996e-05
721	13	12	124	136	36	473	0.0381443	3.26638	1.25147e-06	3.28089e-05
722	13	13	162	185	33	1335	0.000345575	7.9703	2.81214e-08	8.13756e-05
723	8	8	109	120	23	854	0.00604212	5.109	3.15093e-07	5.21495e-05
724	6	6	68	90	17	940	0.00470467	5.3592	2.58877e-07	5.50255e-05
725	11	11	91	102	32	275	0.129631	2.04306	2.6405e-06	2.03693e-05
726	11	11	129	151	41	681	0.0120176	4.42138	5.37276e-07	4.47073e-05
727	7	7	117	136	29	780	0.00796993	4.83208	3.91489e-07	4.91208e-05
728	8	8	96	110	26	727	0.0122958	4.3985	5.51306e-07	4.48371e-05
729	8	8	98	122	25	629	0.018797	3.97406	7.57656e-07	4.03074e-05
730	5	5	87	97	18	906	0.00535481	5.22976	2.87093e-07	5.36141e-05
731	7	7	88	93	24	371	0.0840671	2.47614	2.09849e-06	2.4962e-05
732	13	13	173	198	45	823	0.00433627	5.44074	2.38084e-07	5.49052e-05
733	8	7	144	176	32	1218	0.000664099	7.31708	4.95756e-08	7.4651e-05
734	10	10	185	224	33	1880	1.67901e-05	10.9947	1.88947e-09	0.000112535
735	11	11	196	234	40	1878	1.59298e-05	11.0473	1.79995e-09	0.000112993
736	9	9	104	122	29	677	0.0147154	4.21886	6.3067e-07	4.28578e-05
737	9	9	78	91	25	358	0.090965	2.39728	2.19757e-06	2.41584e-05
738	8	8	110	135	24	799	0.00727945	4.9227	3.6451e-07	5.00739e-05
739	9	9	142	164	23	1375	0.00032153	8.04242	2.64669e-08	8.23156e-05
740	8	8	72	82	19	310	0.122952	2.09596	2.59429e-06	2.11e-05
741	12	10	111	122	37	788	0.00835446	4.78496	4.07326e-07	4.87556e-05
742	8	8	125	145	26	933	0.00345166	5.6689	1.99362e-07	5.77582e-05
743	8	7	101	114	20	863	0.00599266	5.11722	3.1335e-07	5.2289e-05
744	8	8	69	84	18	336	0.106339	2.24112	2.40267e-06	2.25944e-05
745	5	5	14	14	9	15	0.848386	0.16442	1.34661e-06	1.58726e-06
746	6	6	43	44	19	125	0.40099	0.91382	3.65917e-06	9.12534e-06
747	8	8	106	138	23	931	0.00364376	5.61474	2.0863e-07	5.72568e-05
748	11	10	150	187	32	1356	0.000306602	8.08996	2.53267e-08	8.26043e-05
749	12	11	138	157	33	889	0.00400641	5.51986	2.2475e-07	5.60977e-05
750	15	15	131	160	41	963	0.00269569	5.9161	1.62278e-07	6.01989e-05
751	6	6	72	77	22	419	0.0727694	2.62046	1.93634e-06	2.66093e-05
752	8	8	63	75	20	729	0.015163	4.1889	6.51517e-07	4.29677e-05
753	9	9	90	104	23	668	0.0172504	4.05992	7.13537e-07	4.13635e-05
754	8	8	56	71	16	525	0.0440082	3.12338	1.40398e-06	3.19027e-05
755	8	7	108	131	23	1082	0.00176275	6.34088	1.14376e-07	6.48848e-05
756	10	10	90	99	28	446	0.0552261	2.89632	1.61734e-06	2.92857e-05
757	6	6	72	91	16	759	0.0117679	4.44238	5.35025e-07	4.54648e-05
758	6	6	77	85	18	736	0.0137406	4.2874	6.03269e-07	4.39041e-05
759	11	11	118	140	31	536	0.0269762	3.6128	9.8145e-07	3.63821e-05
760	10	10	166	193	23	1479	0.00015768	8.75494	1.4109e-08	8.94784e-05
761	12	12	222	264	38	1875	1.33978e-05	11.2204	1.53441e-09	0.000114527
762	9	8	78	93	23	590	0.0275146	3.59304	1.00698e-06	3.65982e-05
763	7	7	98	119	15	1591	0.000141754	8.86142	1.29353e-08	9.12522e-05
764	11	11	141	169	28	1627	8.61845e-05	9.35902	8.27262e-09	9.59874e-05
765	8	8	90	106	21	592	0.0251002	3.68488	9.39708e-07	3.74383e-05
766	11	11	113	131	41	355	0.0718496	2.63318	1.88655e-06	2.62569e-05
767	10	9	91	107	30	578	0.0267891	3.61976	9.84523e-07	3.67509e-05
768	10	9	121	140	24	1418	0.000300219	8.111	2.49919e-08	8.32455e-05
769	8	8	76	90	25	299	0.123675	2.0901	2.5931e-06	2.09671e-05
770	13	13	135	162	28	1003	0.0021708	6.13266	1.35538e-07	6.24371e-05
771	8	8	87	106	23	570	0.0280805	3.57268	1.01846e-06	3.62694e-05
772	5	5	78	92	20	657	0.0196739	3.92846	7.88959e-07	4.01017e-05
773	9	9	90	103	23	475	0.0464518	3.06934	1.44244e-06	3.10524e-05
774	8	8	70	76	23	307	0.129642	2.04298	2.67087e-06	2.06019e-05
775	7	7	91	106	19	592	0.0251002	3.68488	9.39708e-07	3.74383e-05
776	8	8	160	188	31	1341	0.000328906	8.01974	2.69254e-08	8.18638e-05
777	13	12	222	274	40	2391	9.05462e-07	13.9148	1.29036e-10	0.000142508
778	10	10	76	80	38	134	0.305502	1.1858	3.55471e-06	1.16357e-05
779	12	11	98	111	31	337	0.0892977	2.41578	2.15846e-06	2.41716e-05
780	8	8	84	96	31	336	0.0986201	2.31648	2.29506e-06	2.32717e-05
781	5	5	59	72	18	521	0.044634	3.10926	1.41698e-06	3.17466e-05
782	11	10	132	161	27	1382	0.000316154	8.05928	2.60885e-08	8.25181e-05
783	8	8	46	53	18	118	0.392727	0.93464	3.63722e-06	9.26144e-06
784	8	8	38	39	18	112	0.442144	0.81612	3.60452e-06	8.15237e-06
785	6	6	79	101	17	648	0.0194661	3.93908	7.81205e-07	4.01315e-05
786	13	13	149	181	38	1727	4.79966e-05	9.94438	4.8946e-09	0.000101978
787	9	9	169	195	29	1235	0.000540455	7.5231	4.14133e-08	7.66268e-05
788	9	9	126	150	28	1020	0.00214632	6.144	1.34495e-07	6.2663e-05
789	8	8	77	86	24	331	0.107724	2.22818	2.4175e-06	2.24416e-05
790	8	8	82	98	28	495	0.0432854	3.13994	1.3779e-06	3.18328e-05
791	10	10	79	87	20	350	0.0971635	2.33136	2.28408e-06	2.35076e-05
792	8	8	90	104	32	410	0.0643049	2.74412	1.77836e-06	2.76552e-05
793	15	14	155	184	37	1618	8.21207e-05	9.40732	7.91282e-09	9.63559e-05
794	9	8	62	73	20	290	0.144072	1.93744	2.81363e-06	1.95293e-05
795	7	6	76	91	20	606	0.025679	3.66208	9.58739e-07	3.73355e-05
796	10	10	147	166	39	879	0.00398435	5.52538	2.2342e-07	5.60744e-05
797	13	12	176	211	41	991	0.00169651	6.37918	1.09536e-07	6.45654e-05
798	8	8	86	108	22	1207	0.00107661	6.83394	7.56081e-08	7.02281e-05
799	8	8	87	102	25	525	0.036223	3.31806	1.219e-06	3.36526e-05
800	8	8	61	67	12	567	0.0364265	3.31246	1.23517e-06	3.39085e-05
801	8	7	57	62	21	166	0.290556	1.23596	3.57961e-06	1.23199e-05
802	8	8	43	48	19	100	0.444218	0.81144	3.56387e-06	8.0228e-06
803	8	8	102	119	25	789	0.00847004	4.77122	4.11977e-07	4.86394e-05
804	7	7	129	162	22	1487	0.000183911	8.60106	1.62124e-08	8.81536e-05
805	14	14	139	160	30	1102	0.00132678	6.625	8.96697e-08	6.75844e-05
806	4	4	22	25	14	16	0.78773	0.2386	1.78131e-06	2.26132e-06
807	8	7	99	116	26	680	0.0150485	4.19648	6.42245e-07	4.26785e-05
808	6	6	41	45	16	115	0.419329	0.8691	3.62739e-06	8.65046e-06
809	8	8	79	94	29	488	0.0459997	3.07912	1.4368e-06	3.12351e-05
810	8	8	141	158	30	1134	0.00114124	6.77564	7.89416e-08	6.91718e-05
811	8	8	47	51	21	107	0.420639	0.86598	3.60239e-06	8.56408e-06
812	8	8	139	166	26	1276	0.000526068	7.55008	4.05958e-08	7.71683e-05
813	14	14	175	215	36	1488	0.000131172	8.939	1.19627e-08	9.11984e-05
814	10	10	132	155	36	691	0.0111368	4.4975	5.06328e-07	4.54644e-05
815	7	7	55	60	20	188	0.263	1.3356	3.51787e-06	1.33759e-05
816	12	12	134	156	27	1182	0.000904725	7.00788	6.47867e-08	7.16093e-05
817	10	10	103	125	26	686	0.0137929	4.2836	6.00065e-07	4.35053e-05
818	14	14	76	80	30	220	0.19703	1.6244	3.19289e-06	1.62051e-05
819	6	6	12	15	8	17	0.834519	0.1809	1.46039e-06	1.74998e-06
820	11	10	89	100	26	432	0.0589421	2.8312	1.68564e-06	2.85983e-05
821	11	11	177	212	24	2147	4.63878e-06	12.2811	5.84689e-10	0.000126044
822	9	9	147	180	26	1753	4.2301e-05	10.0707	4.36982e-09	0.000103303
823	8	8	104	128	24	674	0.0143897	4.24124	6.19292e-07	4.30371e-05
824	12	12	96	107	27	507	0.0384783	3.25766	1.26895e-06	3.29784e-05
825	8	8	84	95	23	772	0.0107398	4.5338	4.98126e-07	4.63814e-05
826	12	11	91	109	25	466	0.0468352	3.06112	1.44781e-06	3.09129e-05
827	9	9	152	186	33	1625	7.82517e-05	9.45558	7.57795e-09	9.68407e-05
828	8	8	121	149	33	933	0.00336603	5.69402	1.95176e-07	5.7984e-05
829	9	9	93	111	19	1248	0.000857165	7.06188	6.22095e-08	7.25759e-05
830	11	11	136	152	38	522	0.0268696	3.61676	9.75784e-07	3.63156e-05
831	7	7	136	158	31	866	0.00447683	5.40884	2.45922e-07	5.49321e-05
832	9	9	115	139	27	1261	0.000672829	7.30402	5.03593e-08	7.48472e-05
833	6	6	114	138	23	958	0.00317502	5.75244	1.86347e-07	5.86914e-05
834	10	10	164	199	27	1840	2.40898e-05	10.6337	2.62575e-09	0.000108998
835	7	6	49	55	19	225	0.22472	1.4929	3.38419e-06	1.50596e-05
836	6	6	62	73	15	735	0.0148919	4.20694	6.42935e-07	4.31736e-05
837	3	3	3	3	3	0	0.981336	0.01884	1.66182e-07	1.69343e-07
838	6	6	81	96	14	975	0.00379004	5.57538	2.1688e-07	5.72238e-05
839	7	7	84	97	16	410	0.0671948	2.70016	1.83173e-06	2.726e-05
840	11	11	79	96	26	372	0.0820784	2.50008	2.06711e-06	2.51845e-05
841	13	13	132	158	35	706	0.0101241	4.59284	4.70068e-07	4.64308e-05
842	8	8	117	137	22	989	0.0027278	5.90426	1.64437e-07	6.02821e-05
843	8	8	134	161	27	819	0.00558327	5.18798	2.93703e-07	5.26042e-05
844	9	9	84	100	26	448	0.0543234	2.9128	1.59974e-06	2.94484e-05
845	10	10	65	83	26	404	0.0756498	2.58164	1.97832e-06	2.6151e-05
846	9	9	116	134	19	1135	0.00132014	6.63002	8.95979e-08	6.78702e-05
847	12	11	154	189	29	1612	8.20551e-05	9.40812	7.90349e-09	9.63193e-05
848	11	11	216	253	36	1719	3.18097e-05	10.3557	3.35965e-09	0.000105617
849	12	12	75	85	21	444	0.0609196	2.7982	1.72946e-06	2.83892e-05
850	9	9	62	69	21	222	0.208979	1.56552	3.27898e-06	1.56905e-05
851	5	5	34	39	19	53	0.597369	0.51522	2.99731e-06	5.01752e-06
852	8	8	51	61	11	379	0.0986694	2.31598	2.3267e-06	2.35808e-05
853	8	7	118	139	26	1348	0.000431726	7.74772	3.43091e-08	7.94698e-05
854	8	8	113	139	35	714	0.010951	4.51432	5.01375e-07	4.57833e-05
855	8	7	116	131	24	1077	0.00180828	6.31538	1.16849e-07	6.46191e-05
856	9	9	106	120	23	646	0.0174538	4.0482	7.17311e-07	4.10978e-05
857	5	5	48	63	10	303	0.143569	1.94094	2.82193e-06	1.96556e-05
858	3	3	10	10	7	3	0.924872	0.0781	6.69492e-07	7.23876e-07
859	8	8	78	99	26	402	0.0691194	2.67192	1.86262e-06	2.69479e-05
860	5	5	64	76	17	329	0.115882	2.15518	2.52286e-06	2.17708e-05
861	10	10	101	122	28	429	0.0521276	2.95406	1.54719e-06	2.96807e-05
862	10	9	71	86	21	383	0.0826302	2.49338	2.08265e-06	2.52045e-05
863	8	8	44	51	15	216	0.24126	1.42188	3.46343e-06	1.43556e-05
864	4	4	14	17	9	19	0.81574	0.20366	1.60631e-06	1.96914e-06
865	8	7	89	114	19	1051	0.0022973	6.07602	1.43071e-07	6.2278e-05
866	6	6	39	41	13	180	0.308671	1.17548	3.66649e-06	1.18783e-05
867	8	8	124	147	28	1108	0.00139626	6.57396	9.37857e-08	6.71694e-05
868	14	14	138	166	36	1260	0.000570795	7.46848	4.3562e-08	7.63181e-05
869	9	9	69	87	23	391	0.0788301	2.54046	2.02483e-06	2.5686e-05
870	11	11	84	92	27	476	0.0495209	3.00536	1.50962e-06	3.04846e-05
871	4	4	32	38	13	140	0.385721	0.95264	3.69662e-06	9.58366e-06
872	10	10	97	111	27	350	0.0835692	2.48208	2.07772e-06	2.48623e-05
873	13	12	170	207	38	1127	0.000869441	7.04766	6.22222e-08	7.15658e-05
874	14	14	237	288	38	2702	1.69767e-07	15.5888	2.71326e-11	0.000159823
875	8	7	88	102	23	566	0.0293883	3.52716	1.05301e-06	3.5831e-05
876	6	5	105	116	17	1211	0.00100318	6.90458	7.11177e-08	7.08922e-05
877	11	10	149	172	38	1051	0.00159599	6.44026	1.0462e-07	6.5552e-05
878	11	11	175	222	33	2393	1.24241e-06	13.5985	1.73538e-10	0.000139679
879	8	8	127	146	21	948	0.00317744	5.75168	1.86235e-07	5.86116e-05
880	9	9	160	201	28	1374	0.000256167	8.26968	2.1608e-08	8.4351e-05
881	9	8	76	88	16	783	0.0106102	4.54594	4.94124e-07	4.65707e-05
882	12	12	164	210	36	1363	0.00025606	8.2701	2.15793e-08	8.42745e-05
883	10	10	120	135	29	742	0.00973527	4.632	4.57998e-07	4.70453e-05
884	10	10	118	137	27	1027	0.00224722	6.09806	1.40005e-07	6.23011e-05
885	8	8	75	92	22	533	0.0370288	3.29606	1.24095e-06	3.35132e-05
886	11	10	112	121	32	472	0.0421264	3.16708	1.34421e-06	3.1909e-05
887	6	6	55	66	17	377	0.0965997	2.33718	2.29489e-06	2.37568e-05
888	9	9	73	86	22	583	0.029796	3.51338	1.06763e-06	3.58311e-05
889	8	8	173	216	28	2258	2.56826e-06	12.8723	3.39441e-10	0.000132167
890	8	8	149	184	25	1799	3.26254e-05	10.3304	3.45741e-09	0.000105973
891	8	8	120	150	23	2102	8.61333e-06	11.6622	1.03492e-09	0.000120153
892	9	9	68	78	25	356	0.0997149	2.30544	2.32519e-06	2.33183e-05
893	7	7	57	65	19	334	0.121044	2.1116	2.59223e-06	2.14156e-05
894	8	7	80	100	25	433	0.0586422	2.8363	1.68018e-06	2.86514e-05
895	7	7	117	143	28	716	0.010571	4.54964	4.87486e-07	4.61154e-05
896	11	10	112	135	28	739	0.00988536	4.6167	4.63484e-07	4.68859e-05
897	10	10	77	94	21	583	0.0283361	3.56362	1.02811e-06	3.62827e-05
898	15	15	239	287	48	1861	1.24541e-05	11.2935	1.43324e-09	0.000115081
899	8	8	64	75	23	297	0.137284	1.9857	2.74763e-06	2.00141e-05
900	9	9	209	235	32	1850	1.826e-05	10.9108	2.03711e-09	0.000111562
901	13	13	250	295	39	2790	1.03717e-07	16.0816	1.71023e-11	0.000164894
902	10	10	74	86	28	248	0.164494	1.80488	2.96608e-06	1.80315e-05
903	8	8	186	221	32	1476	0.000134294	8.91548	1.22072e-08	9.08995e-05
904	7	7	54	65	18	448	0.0676776	2.693	1.85929e-06	2.74728e-05
905	11	11	128	156	27	1427	0.000259338	8.25738	2.19469e-08	8.46269e-05
906	13	12	169	200	30	2409	1.3147e-06	13.5419	1.83122e-10	0.000139287
907	8	8	124	141	26	911	0.00395973	5.53158	2.23184e-07	5.63635e-05
908	10	10	84	107	20	774	0.0098591	4.61936	4.65005e-07	4.7165e-05
909	11	11	160	196	32	1818	2.74628e-05	10.5027	2.95664e-09	0.00010766
910	10	10	175	197	38	996	0.00180578	6.31676	1.15644e-07	6.40408e-05
911	8	7	90	102	30	372	0.0790433	2.53776	2.01744e-06	2.55232e-05
912	8	8	106	136	25	1562	0.000147707	8.82028	1.33927e-08	9.06709e-05
913	12	11	145	174	32	1227	0.000642323	7.35042	4.81847e-08	7.50163e-05
914	4	4	26	28	11	51	0.646657	0.43594	2.77437e-06	4.29033e-06
915	9	9	100	119	32	930	0.00412652	5.49032	2.31626e-07	5.61311e-05
916	6	6	26	27	18	15	0.781875	0.24606	1.8148e-06	2.32108e-06
917	11	10	171	212	34	1433	0.000176947	8.63966	1.55902e-08	8.81068e-05
918	8	7	87	101	23	375	0.0783335	2.54678	2.00739e-06	2.56262e-05
919	5	5	17	18	10	12	0.840095	0.17424	1.38923e-06	1.65366e-06
920	10	10	86	102	21	1296	0.000710061	7.25016	5.29835e-08	7.46183e-05
921	6	6	58	69	18	244	0.186799	1.67772	3.14932e-06	1.68594e-05
922	8	7	63	75	18	392	0.0845679	2.4702	2.11942e-06	2.50618e-05
923	7	7	102	119	22	882	0.00527108	5.24552	2.82428e-07	5.35807e-05
924	11	10	102	118	28	605	0.0217849	3.82654	8.45392e-07	3.88064e-05
925	11	11	113	136	23	996	0.00264872	5.93368	1.60506e-07	6.05975e-05
926	10	10	98	113	26	829	0.00717222	4.93754	3.61666e-07	5.0426e-05
927	8	8	117	136	32	649	0.0155456	4.16398	6.55406e-07	4.21603e-05
928	3	3	29	35	11	99	0.48447	0.7247	3.50555e-06	7.23585e-06
929	16	16	177	203	41	1616	7.36313e-05	9.51644	7.16596e-09	9.73221e-05
930	14	14	115	131	36	905	0.00434739	5.43818	2.41194e-07	5.54802e-05
931	8	8	111	133	23	895	0.00451776	5.39974	2.48755e-07	5.50617e-05
932	13	13	175	195	45	1089	0.00113798	6.7785	7.8372e-08	6.88693e-05
933	8	8	78	92	27	515	0.0405889	3.20426	1.32144e-06	3.25568e-05
934	11	11	188	229	34	1686	4.37631e-05	10.0367	4.48611e-09	0.000102509
935	7	6	107	130	22	759	0.00921152	4.6873	4.39079e-07	4.76663e-05
936	10	8	155	184	23	1554	0.000113817	9.08092	1.05799e-08	9.29554e-05
937	7	7	143	177	35	1475	0.000177941	8.63406	1.57233e-08	8.83627e-05
938	10	10	55	60	20	165	0.295732	1.2183	3.59428e-06	1.21538e-05
939	7	7	63	79	17	749	0.0133529	4.31602	5.90949e-07	4.42561e-05
940	13	13	158	188	36	1485	0.000157807	8.75414	1.41261e-08	8.9515e-05
941	10	10	110	139	26	904	0.00415551	5.48332	2.32204e-07	5.58786e-05
942	8	8	81	90	26	385	0.0797626	2.5287	2.03686e-06	2.55366e-05
943	7	6	112	130	26	749	0.0096935	4.6363	4.56903e-07	4.7135e-05
944	8	8	89	97	25	345	0.0936061	2.36866	2.22842e-06	2.38064e-05
945	8	8	44	51	26	59	0.53731	0.62118	3.23121e-06	6.01369e-06
946	5	5	49	57	19	130	0.360249	1.02096	3.64746e-06	1.01248e-05
947	7	7	118	144	25	1062	0.00179901	6.32052	1.16137e-07	6.45559e-05
948	14	14	120	142	37	964	0.00300295	5.80816	1.77883e-07	5.9236e-05
949	8	8	107	139	24	1135	0.00127933	6.66142	8.71893e-08	6.81524e-05
950	9	9	100	109	29	844	0.00681302	4.98892	3.47445e-07	5.09972e-05
951	7	6	90	104	19	686	0.0157373	4.15172	6.66002e-07	4.23199e-05
952	8	8	99	118	19	810	0.00765773	4.87204	3.80579e-07	4.96987e-05
953	14	14	185	219	36	1883	1.70626e-05	10.9786	1.91804e-09	0.000112412
954	15	15	234	269	34	2987	4.47122e-08	16.923	7.77515e-12	0.000173893
955	7	7	51	55	22	92	0.442816	0.8146	3.53938e-06	7.99287e-06
956	7	7	153	182	30	1254	0.00053227	7.53836	4.09329e-08	7.69025e-05
957	8	8	66	79	25	428	0.0686372	2.67892	1.86696e-06	2.72004e-05
958	13	13	151	173	31	1331	0.000380304	7.87454	3.0609e-08	8.04857e-05
959	12	12	130	151	36	705	0.0106331	4.54378	4.88938e-07	4.59825e-05
960	14	14	154	180	38	1118	0.00107848	6.8322	7.5023e-08	6.95635e-05
961	8	8	148	188	20	1631	7.49462e-05	9.49874	7.2902e-09	9.72724e-05
962	10	10	94	111	21	956	0.00380028	5.57268	2.16848e-07	5.7061e-05
963	10	10	161	186	35	1066	0.00135402	6.60468	9.09076e-08	6.71392e-05
964	8	8	203	245	36	1764	2.65893e-05	10.535	2.85986e-09	0.000107557
965	12	12	116	136	24	859	0.00532693	5.23498	2.84023e-07	5.33183e-05
966	10	10	48	64	16	271	0.167962	1.78402	3.02528e-06	1.80117e-05
967	11	11	182	216	34	1574	8.40684e-05	9.38388	8.0558e-09	9.58243e-05
968	9	9	78	88	22	501	0.0447019	3.10774	1.412e-06	3.15871e-05
969	10	10	189	224	34	1643	5.62323e-05	9.78602	5.61997e-09	9.99421e-05
970	9	9	45	47	22	149	0.348172	1.05506	3.68013e-06	1.05699e-05
971	8	8	153	179	27	2129	6.25568e-06	11.982	7.70855e-10	0.000123225
972	9	9	96	106	31	484	0.0435398	3.13408	1.38021e-06	3.16999e-05
973	6	5	74	93	15	1223	0.00109026	6.82134	7.65706e-08	7.02315e-05
974	14	14	173	201	37	1121	0.00093088	6.97938	6.60071e-08	7.09083e-05
975	13	12	121	146	33	1580	0.000126549	8.97488	1.16668e-08	9.21918e-05
976	13	13	162	193	34	1512	0.000133256	8.92324	1.21572e-08	9.12318e-05
977	14	14	144	175	30	1084	0.0013236	6.6274	8.93095e-08	6.74747e-05
978	6	5	56	63	17	299	0.146528	1.92054	2.84894e-06	1.9443e-05
979	12	12	222	257	38	1712	3.2148e-05	10.3452	3.39069e-09	0.000105471
980	6	6	59	71	19	580	0.033244	3.40388	1.15772e-06	3.4825e-05
981	10	9	143	166	30	1358	0.000346274	7.96828	2.82301e-08	8.15252e-05
982	10	10	100	117	23	696	0.0137824	4.28436	6.00709e-07	4.35851e-05
983	12	12	221	260	39	2043	5.83229e-06	12.0521	7.18699e-10	0.000123228
984	6	6	51	56	22	107	0.407636	0.89738	3.60608e-06	8.84632e-06
985	8	8	93	111	23	438	0.0533501	2.93088	1.57586e-06	2.9538e-05
986	10	10	99	126	24	858	0.00570119	5.16708	3.00457e-07	5.27007e-05
987	12	12	100	111	33	351	0.0831441	2.48718	2.07157e-06	2.49154e-05
988	8	8	51	55	19	149	0.331112	1.1053	3.64933e-06	1.10215e-05
989	9	8	62	73	20	360	0.100818	2.29444	2.34388e-06	2.32486e-05
990	8	8	146	162	26	1193	0.000823736	7.10166	5.97476e-08	7.25324e-05
991	11	11	46	52	18	101	0.430994	0.84166	3.578e-06	8.30173e-06
992	11	10	212	265	29	2396	9.3399e-07	13.8838	1.32875e-10	0.000142266
993	8	8	147	190	25	2604	5.1784e-07	14.4736	7.72016e-11	0.000149084
994	13	13	179	206	31	1378	0.000243236	8.32148	2.06375e-08	8.48458e-05
995	9	9	110	133	30	677	0.0137332	4.28794	5.97101e-07	4.34787e-05
996	9	9	46	60	19	222	0.221131	1.509	3.35731e-06	1.51824e-05
997	9	9	92	113	26	533	0.0324537	3.42794	1.1261e-06	3.46986e-05
998	10	10	149	191	31	2007	1.08085e-05	11.4352	1.26913e-09	0.00011742
999	5	5	34	38	12	149	0.368417	0.99854	3.70696e-06	1.00619e-05
1000	8	7	153	176	37	1013	0.00188924	6.27158	1.20456e-07	6.37587e-05