Hist	Tr_Tot	Tr_in	DSBs	DSBt	RIFs	NComb	PSurv	lPSurv	PMut*	PMut
1	18	18	101	106	30	302	0.110154	2.20588	2.42665e-06	2.20297e-05
2	9	9	34	34	14	59	0.597847	0.51442	3.02157e-06	5.05408e-06
3	23	23	130	137	38	378	0.0615343	2.78816	1.71174e-06	2.78177e-05
4	12	12	62	67	23	127	0.343537	1.06846	3.61741e-06	1.05299e-05
5	13	12	68	69	21	220	0.211122	1.55532	3.29016e-06	1.55842e-05
6	16	16	74	76	29	129	0.321364	1.13518	3.58135e-06	1.11442e-05
7	15	14	64	66	27	87	0.423933	0.85818	3.53905e-06	8.34813e-06
8	16	16	105	112	33	272	0.123618	2.09056	2.56808e-06	2.07744e-05
9	11	10	52	56	16	133	0.357014	1.02998	3.65146e-06	1.02278e-05
10	21	21	92	96	42	148	0.257257	1.35768	3.41706e-06	1.32827e-05
11	15	15	66	71	22	169	0.27042	1.30778	3.51202e-06	1.29873e-05
12	12	12	51	51	23	84	0.47299	0.74868	3.4727e-06	7.34202e-06
13	12	12	60	61	24	132	0.347747	1.05628	3.63635e-06	1.04569e-05
14	11	11	78	83	25	237	0.177295	1.72994	3.06325e-06	1.72777e-05
15	14	14	91	98	30	214	0.181438	1.70684	3.06674e-06	1.69024e-05
16	15	12	60	62	23	113	0.380732	0.96566	3.6184e-06	9.5038e-06
17	17	17	132	141	35	442	0.0432967	3.13968	1.36142e-06	3.1444e-05
18	14	14	87	91	27	239	0.166897	1.79038	2.9767e-06	1.78356e-05
19	20	19	61	61	25	98	0.41359	0.88288	3.5777e-06	8.65036e-06
20	10	10	36	40	20	62	0.566998	0.5674	3.14806e-06	5.55216e-06
21	14	14	111	118	28	401	0.0616588	2.78614	1.72442e-06	2.79672e-05
22	13	13	70	75	24	149	0.29203	1.2309	3.54828e-06	1.21504e-05
23	10	9	29	30	15	31	0.707159	0.3465	2.3623e-06	3.34056e-06
24	15	15	59	64	19	152	0.308165	1.17712	3.60211e-06	1.16889e-05
25	21	20	64	66	30	74	0.452992	0.79188	3.46874e-06	7.6574e-06
26	17	16	124	134	39	397	0.0569137	2.86622	1.63102e-06	2.86579e-05
27	7	6	31	33	19	21	0.730271	0.31434	2.17516e-06	2.97857e-06
28	20	20	99	107	37	263	0.133553	2.01326	2.67291e-06	2.00139e-05
29	11	10	51	51	21	130	0.374082	0.98328	3.66082e-06	9.78614e-06
30	15	15	55	59	19	259	0.184258	1.69142	3.14932e-06	1.70919e-05
31	13	13	47	51	17	102	0.431503	0.84048	3.58079e-06	8.29841e-06
32	14	14	75	80	24	184	0.236738	1.4408	3.38354e-06	1.42923e-05
33	13	13	53	59	24	108	0.397993	0.92132	3.60932e-06	9.06879e-06
34	19	17	82	83	32	115	0.330305	1.10774	3.56579e-06	1.07955e-05
35	17	17	69	73	33	92	0.395486	0.92764	3.5629e-06	9.00893e-06
36	11	10	32	34	18	33	0.682618	0.38182	2.50699e-06	3.67261e-06
37	18	18	88	95	31	307	0.11506	2.1623	2.49386e-06	2.16744e-05
38	11	11	41	41	25	25	0.680464	0.38498	2.47871e-06	3.64268e-06
39	18	17	69	72	25	205	0.223653	1.49766	3.34507e-06	1.49565e-05
40	13	13	83	85	24	289	0.134297	2.0077	2.70656e-06	2.01535e-05
41	17	17	125	133	32	407	0.0544245	2.91094	1.58554e-06	2.91327e-05
42	15	15	91	100	33	200	0.192434	1.648	3.13118e-06	1.62714e-05
43	24	22	94	95	36	236	0.165266	1.8002	2.95858e-06	1.7902e-05
44	18	17	103	105	34	251	0.143776	1.9395	2.76962e-06	1.92634e-05
45	9	9	35	35	21	22	0.717487	0.332	2.25621e-06	3.1446e-06
46	11	10	32	32	14	39	0.670414	0.39986	2.60021e-06	3.87852e-06
47	12	12	43	45	20	120	0.408771	0.8946	3.64465e-06	8.91613e-06
48	21	21	67	70	27	92	0.403008	0.9088	3.56242e-06	8.83959e-06
49	14	13	68	74	26	162	0.275018	1.29092	3.51602e-06	1.27847e-05
50	5	5	12	12	7	7	0.894885	0.11106	9.39006e-07	1.0493e-06
51	16	15	68	71	29	107	0.37099	0.99158	3.59602e-06	9.69303e-06
52	18	18	117	128	34	392	0.0606255	2.80304	1.70076e-06	2.80535e-05
53	18	17	134	142	30	464	0.0384591	3.25816	1.25643e-06	3.26694e-05
54	9	8	31	31	14	66	0.587852	0.53128	3.09014e-06	5.25667e-06
55	23	23	134	144	37	459	0.03896	3.24522	1.26685e-06	3.25166e-05
56	12	12	109	116	27	359	0.0773527	2.55938	1.98199e-06	2.56227e-05
57	12	12	51	51	23	76	0.492688	0.70788	3.4079e-06	6.91695e-06
58	14	14	67	69	20	224	0.206859	1.57572	3.26769e-06	1.57967e-05
59	11	10	40	46	18	59	0.554449	0.58978	3.1778e-06	5.73145e-06
60	9	8	25	29	16	25	0.733726	0.30962	2.17572e-06	2.96531e-06
61	10	10	64	72	24	218	0.209306	1.56396	3.27506e-06	1.56473e-05
62	13	13	90	97	26	251	0.151184	1.88926	2.84404e-06	1.88119e-05
63	16	15	46	48	22	56	0.555971	0.58704	3.16066e-06	5.68494e-06
64	13	13	69	75	24	153	0.286133	1.2513	3.53744e-06	1.23629e-05
65	12	12	65	68	25	172	0.271379	1.30424	3.52178e-06	1.29773e-05
66	19	19	78	84	34	135	0.296408	1.21602	3.53157e-06	1.19146e-05
67	14	14	87	95	30	402	0.0708777	2.6468	1.894e-06	2.67221e-05
68	6	6	32	36	12	109	0.457499	0.78198	3.57931e-06	7.82363e-06
69	16	16	47	47	17	98	0.451599	0.79496	3.54961e-06	7.86009e-06
70	9	7	61	64	17	213	0.225774	1.48822	3.37081e-06	1.493e-05
71	19	19	117	126	36	451	0.0454392	3.09138	1.41204e-06	3.10755e-05
72	10	10	38	42	16	76	0.521336	0.65136	3.3412e-06	6.40892e-06
73	15	15	57	61	16	215	0.227733	1.47958	3.3857e-06	1.48669e-05
74	13	13	38	41	21	36	0.643341	0.44108	2.7195e-06	4.22715e-06
75	13	13	90	95	27	260	0.146226	1.9226	2.8042e-06	1.91772e-05
76	15	14	46	47	21	91	0.468013	0.75926	3.50455e-06	7.48816e-06
77	24	24	132	140	39	377	0.0606946	2.8019	1.69544e-06	2.79339e-05
78	17	16	42	45	16	173	0.311954	1.1649	3.6599e-06	1.17322e-05
79	7	7	45	46	13	129	0.387988	0.94678	3.66679e-06	9.45077e-06
80	20	19	82	87	33	140	0.283552	1.26036	3.50175e-06	1.23496e-05
81	11	10	23	23	12	23	0.769711	0.26174	1.93995e-06	2.52036e-06
82	17	17	64	68	22	144	0.313035	1.16144	3.59665e-06	1.14896e-05
83	13	13	64	66	21	152	0.304319	1.18968	3.5915e-06	1.18018e-05
84	8	8	29	29	13	58	0.620072	0.47792	2.92594e-06	4.71871e-06
85	15	15	87	91	30	228	0.176527	1.73428	3.04529e-06	1.72511e-05
86	14	13	56	61	20	122	0.365942	1.00528	3.63218e-06	9.92555e-06
87	15	14	74	77	25	159	0.274046	1.29446	3.50632e-06	1.27946e-05
88	12	12	87	93	26	280	0.133716	2.01204	2.69128e-06	2.01269e-05
89	13	12	89	91	25	213	0.190562	1.65778	3.13552e-06	1.64541e-05
90	20	18	78	81	29	176	0.245053	1.40628	3.41205e-06	1.39237e-05
91	19	17	45	48	23	49	0.576177	0.55134	3.06124e-06	5.31301e-06
92	13	13	54	56	25	74	0.482353	0.72908	3.42129e-06	7.09292e-06
93	21	21	110	119	31	449	0.0479681	3.03722	1.46658e-06	3.05741e-05
94	15	14	66	72	19	220	0.207182	1.57416	3.26384e-06	1.57535e-05
95	13	13	45	48	20	134	0.373499	0.98484	3.67125e-06	9.82933e-06
96	17	16	97	102	27	284	0.123816	2.08896	2.58125e-06	2.08475e-05
97	14	13	46	49	20	99	0.443694	0.81262	3.56114e-06	8.02612e-06
98	21	21	120	125	43	314	0.0919601	2.3864	2.18311e-06	2.37398e-05
99	11	11	35	36	15	51	0.614971	0.48618	2.91614e-06	4.74191e-06
100	14	14	59	60	30	56	0.515612	0.6624	3.28049e-06	6.36232e-06
101	13	13	66	71	26	120	0.347191	1.05788	3.60515e-06	1.03838e-05
102	18	18	79	80	30	154	0.275877	1.2878	3.50318e-06	1.26983e-05
103	15	15	72	78	22	359	0.0982009	2.32074	2.30553e-06	2.34777e-05
104	14	14	51	52	20	97	0.439877	0.82126	3.55825e-06	8.0892e-06
105	18	18	60	67	26	132	0.334888	1.09396	3.6153e-06	1.07956e-05
106	9	9	21	22	12	17	0.798628	0.22486	1.71315e-06	2.14511e-06
107	22	21	66	69	31	87	0.416021	0.87702	3.54345e-06	8.51747e-06
108	12	12	57	60	22	130	0.353525	1.0398	3.63925e-06	1.02942e-05
109	13	13	73	80	25	161	0.266202	1.3235	3.47933e-06	1.30703e-05
110	14	14	36	37	20	27	0.690693	0.37006	2.43342e-06	3.52316e-06
111	15	15	76	83	29	121	0.32035	1.13834	3.56046e-06	1.11143e-05
112	16	15	88	92	34	160	0.248141	1.39376	3.39816e-06	1.36945e-05
113	4	4	8	8	5	4	0.931797	0.07064	6.18819e-07	6.64114e-07
114	13	13	69	72	26	189	0.242668	1.41606	3.42318e-06	1.41064e-05
115	16	15	54	54	25	67	0.506202	0.68082	3.34503e-06	6.60809e-06
116	14	14	25	27	14	19	0.766087	0.26646	1.94097e-06	2.53362e-06
117	12	12	63	65	25	103	0.393175	0.9335	3.59433e-06	9.14181e-06
118	9	8	46	49	17	109	0.421633	0.86362	3.6081e-06	8.55745e-06
119	14	14	82	88	27	241	0.168345	1.78174	2.99191e-06	1.77725e-05
120	9	8	57	61	15	314	0.137452	1.98448	2.76652e-06	2.01271e-05
121	16	16	73	77	25	203	0.218961	1.51886	3.31343e-06	1.51325e-05
122	16	16	56	59	22	131	0.353943	1.03862	3.64237e-06	1.02909e-05
123	19	18	113	122	35	307	0.0971149	2.33186	2.25292e-06	2.31985e-05
124	10	10	67	70	24	178	0.259915	1.3474	3.48521e-06	1.3409e-05
125	15	15	74	80	27	201	0.217078	1.5275	3.29862e-06	1.51956e-05
126	12	12	46	46	20	73	0.516242	0.66118	3.34283e-06	6.47531e-06
127	16	15	53	58	19	162	0.304087	1.19044	3.61303e-06	1.18815e-05
128	14	14	69	72	25	168	0.270101	1.30896	3.50877e-06	1.29906e-05
129	6	6	6	6	6	0	0.963021	0.03768	3.26161e-07	3.38686e-07
130	16	15	86	93	32	149	0.260816	1.34394	3.43403e-06	1.31665e-05
131	11	11	34	36	14	63	0.578463	0.54738	3.11185e-06	5.37951e-06
132	19	17	73	78	29	141	0.298514	1.20894	3.55073e-06	1.18947e-05
133	10	10	45	48	20	74	0.507205	0.67884	3.36852e-06	6.64134e-06
134	18	18	92	96	35	230	0.169334	1.77588	2.98699e-06	1.76396e-05
135	13	13	110	114	33	300	0.10583	2.24592	2.36795e-06	2.2375e-05
136	9	9	45	50	16	105	0.427629	0.8495	3.59267e-06	8.40137e-06
137	15	15	58	60	27	84	0.446999	0.8052	3.50896e-06	7.85004e-06
138	15	15	117	123	27	678	0.0145489	4.23024	6.25128e-07	4.29674e-05
139	17	17	67	69	25	149	0.303243	1.19322	3.58183e-06	1.18117e-05
140	7	7	18	19	10	17	0.813817	0.20602	1.60791e-06	1.97577e-06
141	10	9	48	50	19	105	0.427629	0.8495	3.59267e-06	8.40137e-06
142	12	12	52	54	23	92	0.445606	0.80832	3.53652e-06	7.93642e-06
143	21	20	114	120	30	376	0.0691692	2.6712	1.8504e-06	2.67518e-05
144	13	13	54	58	23	121	0.374809	0.98134	3.6368e-06	9.70308e-06
145	11	11	70	73	24	236	0.189751	1.66204	3.16128e-06	1.66601e-05
146	15	14	76	79	24	224	0.194267	1.63852	3.17845e-06	1.63612e-05
147	13	13	94	100	28	308	0.110936	2.1988	2.44168e-06	2.20098e-05
148	17	17	60	62	26	106	0.394569	0.92996	3.60316e-06	9.13187e-06
149	15	15	64	69	21	166	0.27806	1.27992	3.53553e-06	1.2715e-05
150	11	11	39	42	21	36	0.639314	0.44736	2.73856e-06	4.28359e-06
151	11	11	67	72	18	206	0.222515	1.50276	3.33988e-06	1.50097e-05
152	12	12	31	33	18	55	0.614012	0.48774	2.93811e-06	4.7851e-06
153	13	13	65	71	20	253	0.176192	1.73618	3.07464e-06	1.74505e-05
154	13	13	112	125	29	1013	0.00260246	5.9513	1.58437e-07	6.08799e-05
155	15	15	50	52	25	59	0.533946	0.62746	3.24113e-06	6.07013e-06
156	16	16	40	42	20	100	0.461275	0.77376	3.5445e-06	7.68412e-06
157	18	18	111	118	35	493	0.0385677	3.25534	1.26716e-06	3.28555e-05
158	9	9	43	43	19	56	0.573705	0.55564	3.09956e-06	5.40271e-06
159	22	22	111	119	37	289	0.108477	2.22122	2.39438e-06	2.20728e-05
160	12	12	52	59	19	127	0.361237	1.01822	3.64067e-06	1.00783e-05
161	17	17	87	88	35	185	0.223993	1.49614	3.31443e-06	1.4797e-05
162	14	14	70	75	27	134	0.315247	1.1544	3.57913e-06	1.13534e-05
163	17	16	46	47	21	60	0.548175	0.60116	3.20191e-06	5.84103e-06
164	16	15	64	69	27	125	0.342727	1.07082	3.61116e-06	1.05365e-05
165	17	16	46	49	17	103	0.434734	0.83302	3.58163e-06	8.23865e-06
166	18	17	101	106	31	264	0.13371	2.01208	2.67562e-06	2.00106e-05
167	9	9	29	31	17	28	0.713566	0.33748	2.31025e-06	3.23761e-06
168	15	13	75	79	27	170	0.255861	1.36312	3.45208e-06	1.3492e-05
169	11	10	65	66	20	245	0.189384	1.66398	3.17089e-06	1.67432e-05
170	12	11	56	61	24	125	0.360386	1.02058	3.63447e-06	1.0085e-05
171	14	13	21	22	14	15	0.806816	0.21466	1.64497e-06	2.03885e-06
172	10	10	20	21	12	22	0.783425	0.24408	1.84444e-06	2.35433e-06
173	16	16	39	42	21	37	0.636062	0.45246	2.75843e-06	4.33673e-06
174	9	9	60	64	22	134	0.337794	1.08532	3.62537e-06	1.07325e-05
175	19	19	93	101	29	244	0.152792	1.87868	2.85196e-06	1.86657e-05
176	10	10	25	26	15	19	0.770913	0.26018	1.90968e-06	2.47717e-06
177	12	12	48	52	25	72	0.499694	0.69376	3.37836e-06	6.76087e-06
178	12	12	59	62	22	145	0.323402	1.12886	3.62341e-06	1.12041e-05
179	17	17	99	103	38	207	0.18222	1.70254	3.06361e-06	1.68127e-05
180	14	14	53	60	18	123	0.366374	1.0041	3.63525e-06	9.92224e-06
181	11	11	77	78	27	177	0.248443	1.39254	3.43038e-06	1.38075e-05
182	16	16	74	76	30	146	0.294676	1.22188	3.55009e-06	1.20475e-05
183	12	11	52	54	13	180	0.284472	1.25712	3.5878e-06	1.26121e-05
184	19	19	88	92	25	347	0.0956117	2.34746	2.25934e-06	2.36304e-05
185	10	10	47	51	18	128	0.377917	0.97308	3.65819e-06	9.67988e-06
186	19	18	64	66	28	118	0.361939	1.01628	3.61767e-06	9.99526e-06
187	13	13	46	50	14	132	0.372619	0.9872	3.66506e-06	9.83596e-06
188	11	11	48	51	24	66	0.518466	0.65688	3.31073e-06	6.38562e-06
189	15	15	68	72	22	223	0.204036	1.58946	3.24681e-06	1.59129e-05
190	17	17	43	45	23	58	0.560795	0.5784	3.15271e-06	5.62187e-06
191	17	17	127	137	33	454	0.0417624	3.17576	1.33037e-06	3.18558e-05
192	7	7	50	53	14	182	0.283359	1.26104	3.58788e-06	1.2662e-05
193	20	20	101	109	35	333	0.09229	2.38282	2.20076e-06	2.38461e-05
194	16	16	74	76	29	125	0.327987	1.11478	3.58545e-06	1.09317e-05
195	16	16	64	73	19	319	0.124265	2.08534	2.61828e-06	2.10702e-05
196	17	15	61	68	22	143	0.314636	1.15634	3.59833e-06	1.14365e-05
197	13	12	112	121	32	662	0.0159854	4.13608	6.71456e-07	4.20043e-05
198	15	15	40	43	21	45	0.60681	0.49954	2.92376e-06	4.81824e-06
199	10	10	58	63	22	210	0.230699	1.46664	3.39455e-06	1.47142e-05
200	17	16	90	101	24	354	0.0871887	2.43968	2.13703e-06	2.45104e-05
201	16	16	88	95	25	265	0.142545	1.9481	2.77147e-06	1.94428e-05
202	20	20	91	103	39	170	0.220063	1.51384	3.26722e-06	1.48467e-05
203	11	11	81	82	27	229	0.185842	1.68286	3.12144e-06	1.67962e-05
204	13	13	69	76	28	113	0.348687	1.05358	3.58941e-06	1.02941e-05
205	13	12	84	89	29	367	0.0879823	2.43062	2.15765e-06	2.45237e-05
206	14	14	69	74	26	133	0.318855	1.14302	3.58515e-06	1.12438e-05
207	15	15	67	75	27	197	0.228619	1.4757	3.36088e-06	1.47008e-05
208	20	20	91	95	36	201	0.197563	1.6217	3.16936e-06	1.60423e-05
209	17	17	74	80	32	138	0.299333	1.2062	3.54655e-06	1.18482e-05
210	8	8	22	23	11	29	0.746515	0.29234	2.11947e-06	2.83916e-06
211	21	20	130	141	33	546	0.0254744	3.67008	9.41786e-07	3.69698e-05
212	11	11	39	42	19	49	0.598302	0.51366	2.97615e-06	4.97433e-06
213	13	13	78	79	21	249	0.171012	1.76602	3.02513e-06	1.76895e-05
214	13	13	77	84	28	462	0.0559263	2.88372	1.63803e-06	2.92891e-05
215	18	18	93	97	29	263	0.142209	1.95046	2.76588e-06	1.94494e-05
216	15	15	80	83	25	204	0.209792	1.56164	3.25687e-06	1.55243e-05
217	8	8	33	35	11	94	0.496983	0.6992	3.46406e-06	6.97019e-06
218	18	18	73	77	30	182	0.243714	1.41176	3.41607e-06	1.40167e-05
219	9	9	75	82	19	324	0.114479	2.16736	2.50067e-06	2.18439e-05
220	22	21	96	104	31	260	0.138191	1.97912	2.72031e-06	1.96852e-05
221	12	12	51	52	20	115	0.401294	0.91306	3.62995e-06	9.04559e-06
222	11	11	41	45	17	77	0.509004	0.6753	3.37541e-06	6.6314e-06
223	14	14	116	123	35	341	0.0811432	2.51154	2.03357e-06	2.50615e-05
224	12	12	86	90	32	201	0.203864	1.5903	3.21292e-06	1.57601e-05
225	16	16	131	143	40	450	0.0410469	3.19304	1.31276e-06	3.19819e-05
226	11	11	41	42	18	79	0.513421	0.66666	3.37231e-06	6.56832e-06
227	18	17	40	40	20	35	0.650704	0.4297	2.67932e-06	4.11757e-06
228	15	15	70	73	23	284	0.148549	1.90684	2.8537e-06	1.92105e-05
229	18	17	86	92	35	158	0.250685	1.38356	3.40636e-06	1.35882e-05
230	12	11	78	91	21	304	0.119806	2.12188	2.55058e-06	2.12892e-05
231	9	9	11	11	8	6	0.905127	0.09968	8.50568e-07	9.39723e-07
232	14	13	102	112	21	642	0.0187313	3.97756	7.57374e-07	4.04336e-05
233	10	10	52	58	17	157	0.311941	1.16494	3.62347e-06	1.16159e-05
234	16	16	63	69	20	183	0.254967	1.36662	3.47221e-06	1.36183e-05
235	15	15	60	62	24	87	0.434717	0.83306	3.53092e-06	8.12234e-06
236	19	19	106	118	32	339	0.0845899	2.46994	2.08709e-06	2.4673e-05
237	10	10	45	46	24	54	0.56877	0.56428	3.10877e-06	5.46578e-06
238	21	21	116	121	36	315	0.0938197	2.36638	2.21106e-06	2.35671e-05
239	12	12	35	39	11	150	0.364248	1.00992	3.70493e-06	1.01714e-05
240	12	11	61	63	24	99	0.40635	0.90054	3.58254e-06	8.81639e-06
241	14	14	44	48	23	43	0.594081	0.52074	2.96697e-06	4.99421e-06
242	18	18	147	157	34	598	0.0176722	4.03576	7.18128e-07	4.06359e-05
243	16	16	76	81	24	313	0.121848	2.10498	2.58354e-06	2.12029e-05
244	6	6	34	36	18	38	0.657126	0.41988	2.66213e-06	4.05118e-06
245	19	19	110	116	32	317	0.09583	2.34518	2.24157e-06	2.33911e-05
246	10	10	27	28	14	39	0.687468	0.37474	2.51113e-06	3.65273e-06
247	26	26	102	111	39	256	0.134973	2.00268	2.68162e-06	1.98678e-05
248	18	18	105	108	40	175	0.207891	1.57074	3.20041e-06	1.53947e-05
249	14	14	67	68	23	111	0.370412	0.99314	3.60641e-06	9.73622e-06
250	9	9	64	68	19	188	0.250114	1.38584	3.45844e-06	1.38275e-05
251	12	12	82	93	22	471	0.0504819	2.98614	1.52836e-06	3.02754e-05
252	17	17	104	106	33	244	0.148069	1.91008	2.80559e-06	1.89479e-05
253	17	17	106	117	30	363	0.0753162	2.58606	1.95007e-06	2.58917e-05
254	13	13	67	70	20	193	0.240773	1.4239	3.42043e-06	1.4206e-05
255	11	11	56	60	23	143	0.330847	1.1061	3.63432e-06	1.09849e-05
256	16	16	90	96	31	289	0.125333	2.07678	2.60373e-06	2.07745e-05
257	13	12	49	50	24	57	0.546238	0.6047	3.19603e-06	5.85097e-06
258	16	16	64	66	24	127	0.345701	1.06218	3.62069e-06	1.04735e-05
259	15	14	67	70	22	354	0.105928	2.245	2.41096e-06	2.27605e-05
260	5	5	17	19	5	70	0.621065	0.47632	2.97604e-06	4.79183e-06
261	17	17	80	87	27	215	0.193426	1.64286	3.15953e-06	1.63346e-05
262	8	6	50	53	18	90	0.45301	0.79184	3.52157e-06	7.77371e-06
263	21	21	94	96	30	224	0.174596	1.74528	3.02415e-06	1.73208e-05
264	11	11	47	48	19	79	0.494435	0.70434	3.41506e-06	6.90701e-06
265	14	14	117	127	31	439	0.0480045	3.03646	1.46387e-06	3.04943e-05
266	13	13	45	47	20	59	0.550978	0.59606	3.189e-06	5.7879e-06
267	21	20	122	131	27	626	0.0180379	4.01528	7.33349e-07	4.0656e-05
268	15	15	56	61	22	113	0.38313	0.95938	3.61957e-06	9.44736e-06
269	9	9	25	26	13	29	0.732582	0.31118	2.20397e-06	3.0085e-06
270	18	18	129	144	38	441	0.0427058	3.15342	1.3478e-06	3.15602e-05
271	8	8	55	59	22	152	0.317995	1.14572	3.62726e-06	1.14067e-05
272	22	21	114	124	33	305	0.096886	2.33422	2.24825e-06	2.32051e-05
273	11	11	55	57	21	150	0.325315	1.12296	3.63946e-06	1.11875e-05
274	14	13	46	47	22	43	0.597823	0.51446	2.95191e-06	4.93776e-06
275	20	19	96	101	33	217	0.175348	1.74098	3.02145e-06	1.72311e-05
276	13	13	49	49	20	79	0.491339	0.71062	3.42142e-06	6.96346e-06
277	16	16	57	60	34	48	0.537084	0.6216	3.1888e-06	5.93725e-06
278	12	11	84	90	26	302	0.121797	2.1054	2.57314e-06	2.11265e-05
279	18	18	104	113	29	442	0.0516203	2.96384	1.54156e-06	2.98635e-05
280	15	15	71	73	24	254	0.173108	1.75384	3.04956e-06	1.76165e-05
281	19	19	58	60	26	106	0.399557	0.9174	3.60359e-06	9.01898e-06
282	12	12	68	73	24	168	0.26841	1.31524	3.50196e-06	1.30471e-05
283	11	11	51	55	25	70	0.495395	0.7024	3.38055e-06	6.82394e-06
284	14	14	49	53	21	133	0.363804	1.01114	3.6593e-06	1.00584e-05
285	17	16	123	134	30	496	0.0343511	3.37112	1.16512e-06	3.3918e-05
286	16	16	74	79	33	121	0.328499	1.11322	3.57686e-06	1.08885e-05
287	14	14	66	72	23	204	0.224796	1.49256	3.35023e-06	1.49034e-05
288	19	19	131	141	34	507	0.0310803	3.47118	1.08463e-06	3.48976e-05
289	10	10	42	44	22	42	0.612308	0.49052	2.88721e-06	4.71529e-06
290	11	11	45	46	18	106	0.436276	0.82948	3.58999e-06	8.22871e-06
291	12	11	55	57	18	183	0.274924	1.29126	3.55776e-06	1.29409e-05
292	13	13	49	54	23	83	0.466536	0.76242	3.47953e-06	7.45823e-06
293	14	14	53	57	18	168	0.296781	1.21476	3.60408e-06	1.21439e-05
294	20	20	121	126	34	454	0.0447493	3.10668	1.39774e-06	3.12349e-05
295	16	16	47	47	21	105	0.435762	0.83066	3.5872e-06	8.23202e-06
296	16	16	89	99	26	495	0.0430144	3.14622	1.3717e-06	3.18892e-05
297	19	18	91	94	30	198	0.201872	1.60012	3.19492e-06	1.58264e-05
298	10	10	58	60	15	184	0.268421	1.3152	3.53332e-06	1.31634e-05
299	25	24	139	147	35	508	0.0297788	3.51396	1.05088e-06	3.52895e-05
300	12	12	75	78	24	136	0.306224	1.18344	3.56108e-06	1.1629e-05
301	15	14	52	59	21	115	0.384036	0.95702	3.62558e-06	9.44073e-06
302	11	10	32	32	14	60	0.602324	0.50696	3.0082e-06	4.99432e-06
303	13	12	105	114	24	496	0.0389483	3.24552	1.27708e-06	3.27891e-05
304	11	11	12	12	11	1	0.922692	0.08046	6.7403e-07	7.30504e-07
305	18	18	87	91	38	200	0.203624	1.59148	3.2098e-06	1.57634e-05
306	14	14	87	94	21	330	0.10297	2.27332	2.35183e-06	2.284e-05
307	10	10	35	36	21	30	0.684491	0.37908	2.48204e-06	3.62611e-06
308	19	18	74	78	26	219	0.20054	1.60674	3.21648e-06	1.60391e-05
309	13	13	34	36	13	105	0.466928	0.76158	3.55384e-06	7.6111e-06
310	17	17	89	98	20	354	0.088847	2.42084	2.16263e-06	2.4341e-05
311	15	13	91	97	29	330	0.101048	2.29216	2.32505e-06	2.30094e-05
312	8	7	30	32	12	54	0.62104	0.47636	2.90368e-06	4.67552e-06
313	17	16	90	97	31	240	0.159907	1.83316	2.91469e-06	1.82274e-05
314	22	20	82	84	35	135	0.296408	1.21602	3.53157e-06	1.19146e-05
315	20	20	88	90	29	204	0.200769	1.6056	3.19613e-06	1.59195e-05
316	11	11	38	40	22	34	0.654031	0.4246	2.65827e-06	4.06443e-06
317	12	12	78	82	25	181	0.237388	1.43806	3.38178e-06	1.42458e-05
318	13	13	66	75	22	198	0.227456	1.4808	3.35587e-06	1.47539e-05
319	13	13	62	62	26	89	0.430305	0.84326	3.54081e-06	8.22861e-06
320	15	15	53	59	19	161	0.303729	1.19162	3.60977e-06	1.18849e-05
321	11	11	62	69	22	198	0.23619	1.44312	3.40474e-06	1.44153e-05
322	17	17	78	84	29	187	0.22736	1.48122	3.33708e-06	1.46775e-05
323	8	7	26	33	9	92	0.508424	0.67644	3.43238e-06	6.75103e-06
324	21	21	73	78	35	121	0.330569	1.10694	3.58073e-06	1.0832e-05
325	11	10	50	51	16	175	0.297369	1.21278	3.62111e-06	1.21771e-05
326	13	12	62	70	26	115	0.358402	1.0261	3.60612e-06	1.00616e-05
327	13	13	73	81	29	187	0.231684	1.46238	3.36131e-06	1.45082e-05
328	14	14	43	45	19	56	0.566544	0.5682	3.12483e-06	5.5156e-06
329	17	17	55	59	22	109	0.395969	0.92642	3.612e-06	9.12193e-06
330	13	13	51	53	24	88	0.457655	0.78164	3.50904e-06	7.66744e-06
331	8	8	39	42	16	117	0.422967	0.86046	3.63218e-06	8.58738e-06
332	11	11	61	64	27	162	0.292843	1.22812	3.5786e-06	1.22202e-05
333	22	20	119	125	36	326	0.0865009	2.4476	2.10867e-06	2.43774e-05
334	12	12	56	61	21	103	0.403177	0.90838	3.59473e-06	8.91602e-06
335	12	11	51	51	25	62	0.529152	0.63648	3.2665e-06	6.17309e-06
336	14	13	85	91	30	449	0.0571898	2.86138	1.65813e-06	2.89935e-05
337	20	19	69	72	29	125	0.336331	1.08966	3.60072e-06	1.07059e-05
338	16	16	82	87	28	225	0.183809	1.69386	3.1001e-06	1.68659e-05
339	15	14	48	50	20	79	0.488264	0.7169	3.42756e-06	7.0199e-06
340	18	18	98	111	27	352	0.0827211	2.49228	2.06543e-06	2.49686e-05
341	9	9	42	47	20	58	0.553795	0.59096	3.17589e-06	5.73476e-06
342	18	18	72	76	24	224	0.197962	1.61968	3.20537e-06	1.61919e-05
343	12	11	53	57	19	103	0.413433	0.88326	3.59283e-06	8.69023e-06
344	14	14	66	68	26	106	0.379979	0.96764	3.59861e-06	9.47056e-06
345	14	13	107	117	33	362	0.0757013	2.58096	1.95601e-06	2.58386e-05
346	14	14	49	51	21	117	0.399724	0.91698	3.63566e-06	9.09541e-06
347	16	16	105	114	37	243	0.141533	1.95522	2.73816e-06	1.93464e-05
348	17	16	97	104	37	221	0.168601	1.78022	2.96957e-06	1.7613e-05
349	19	19	65	68	25	151	0.302057	1.19714	3.58286e-06	1.18615e-05
350	10	10	37	39	16	75	0.533968	0.62742	3.30336e-06	6.18645e-06
351	24	24	91	99	38	192	0.201711	1.60092	3.18499e-06	1.57899e-05
352	12	12	72	77	26	184	0.241241	1.42196	3.40704e-06	1.4123e-05
353	9	9	40	40	13	99	0.469494	0.7561	3.5297e-06	7.51809e-06
354	14	13	76	83	26	198	0.216311	1.53104	3.28912e-06	1.52055e-05
355	14	14	79	87	22	446	0.0595487	2.82096	1.70359e-06	2.86083e-05
356	18	18	39	40	17	49	0.605864	0.5011	2.94537e-06	4.86143e-06
357	14	14	72	77	27	191	0.23278	1.45766	3.37413e-06	1.44949e-05
358	15	14	70	74	31	122	0.337254	1.08692	3.59491e-06	1.06594e-05
359	22	22	97	101	37	181	0.210687	1.55738	3.22738e-06	1.53183e-05
360	17	17	102	111	30	403	0.0637759	2.75238	1.76521e-06	2.76784e-05
361	13	13	62	67	24	170	0.275888	1.28776	3.5354e-06	1.28146e-05
362	18	17	94	101	36	178	0.213936	1.54208	3.24303e-06	1.51589e-05
363	15	15	52	57	25	69	0.491713	0.70986	3.38481e-06	6.8837e-06
364	22	21	80	88	35	245	0.164946	1.80214	2.96655e-06	1.7985e-05
365	17	17	63	66	29	109	0.378939	0.97038	3.60639e-06	9.51706e-06
366	8	8	38	42	9	185	0.299015	1.20726	3.64812e-06	1.22004e-05
367	20	20	125	131	37	318	0.0867712	2.44448	2.10776e-06	2.4291e-05
368	11	11	48	54	22	99	0.429979	0.84402	3.57242e-06	8.30836e-06
369	14	14	57	59	26	93	0.429635	0.84482	3.55385e-06	8.2718e-06
370	13	13	18	18	13	5	0.870628	0.13854	1.1159e-06	1.28172e-06
371	16	15	62	67	26	110	0.374651	0.98176	3.60663e-06	9.62664e-06
372	15	15	97	105	27	544	0.0322641	3.4338	1.12381e-06	3.48315e-05
373	16	15	91	96	29	262	0.143836	1.93908	2.78177e-06	1.93399e-05
374	17	17	92	95	33	325	0.104968	2.2541	2.37551e-06	2.26308e-05
375	8	8	41	44	16	65	0.544537	0.60782	3.23311e-06	5.93735e-06
376	21	21	93	97	28	243	0.157479	1.84846	2.89554e-06	1.83868e-05
377	11	10	40	42	25	30	0.659179	0.41676	2.61351e-06	3.9648e-06
378	11	11	24	26	13	24	0.751503	0.28568	2.06125e-06	2.74283e-06
379	13	12	45	47	21	64	0.537106	0.62156	3.2514e-06	6.05356e-06
380	15	15	61	64	19	216	0.222346	1.50352	3.35507e-06	1.50894e-05
381	15	15	73	77	28	265	0.159604	1.83506	2.94098e-06	1.84268e-05
382	14	13	42	44	22	83	0.496774	0.69962	3.42464e-06	6.89375e-06
383	10	9	56	60	25	88	0.437972	0.8256	3.53118e-06	8.06258e-06
384	14	12	34	34	19	29	0.696686	0.36142	2.41059e-06	3.46008e-06
385	21	20	88	90	39	146	0.269874	1.3098	3.46457e-06	1.28377e-05
386	8	8	42	44	14	73	0.522767	0.64862	3.32606e-06	6.36242e-06
387	13	13	31	33	12	56	0.610889	0.49284	2.95562e-06	4.83823e-06
388	14	14	50	51	17	100	0.435927	0.83028	3.57118e-06	8.19215e-06
389	14	14	46	46	16	63	0.543253	0.61018	3.22909e-06	5.94398e-06
390	16	15	58	62	21	202	0.24182	1.41956	3.44175e-06	1.42327e-05
391	16	15	84	93	28	353	0.0921498	2.38434	2.21211e-06	2.40056e-05
392	18	16	102	107	34	245	0.146393	1.92146	2.78989e-06	1.90575e-05
393	9	9	32	35	20	32	0.681813	0.383	2.5063e-06	3.67593e-06
394	19	17	123	138	31	540	0.0267655	3.62064	9.76452e-07	3.64817e-05
395	12	12	80	87	26	195	0.214197	1.54086	3.2712e-06	1.52719e-05
396	15	14	85	91	29	175	0.231314	1.46398	3.33902e-06	1.4435e-05
397	14	14	73	75	32	142	0.302643	1.1952	3.56468e-06	1.17785e-05
398	9	9	56	58	19	124	0.369118	0.99664	3.64041e-06	9.86248e-06
399	16	16	124	134	36	366	0.066662	2.70812	1.80059e-06	2.70107e-05
400	18	15	97	110	35	250	0.140044	1.9658	2.72981e-06	1.94925e-05
401	18	18	104	110	32	336	0.0903197	2.4044	2.17327e-06	2.4062e-05
402	9	9	52	57	21	128	0.363942	1.01076	3.64618e-06	1.00186e-05
403	17	17	80	85	24	192	0.220248	1.513	3.30364e-06	1.49996e-05
404	12	12	61	67	20	174	0.270317	1.30816	3.52146e-06	1.30272e-05
405	17	16	74	78	36	123	0.327214	1.11714	3.57917e-06	1.09383e-05
406	14	13	58	60	28	80	0.456211	0.7848	3.48432e-06	7.63751e-06
407	15	15	96	104	30	378	0.0757043	2.58092	1.9649e-06	2.59549e-05
408	16	16	93	98	27	274	0.133609	2.01284	2.68425e-06	2.00904e-05
409	22	21	140	147	41	453	0.0394209	3.23346	1.27594e-06	3.23671e-05
410	16	16	85	87	37	144	0.277826	1.28076	3.49009e-06	1.25621e-05
411	12	12	15	15	10	15	0.843074	0.1707	1.38577e-06	1.64371e-06
412	16	15	72	74	28	110	0.358538	1.02572	3.59319e-06	1.00218e-05
413	12	10	46	48	20	70	0.517658	0.65844	3.32793e-06	6.42881e-06
414	20	16	95	100	33	239	0.157725	1.8469	2.89325e-06	1.83436e-05
415	14	14	68	72	31	106	0.370553	0.99276	3.59301e-06	9.69635e-06
416	5	4	15	15	5	27	0.793025	0.2319	1.80914e-06	2.28131e-06
417	17	17	72	76	26	162	0.271585	1.30348	3.50279e-06	1.28976e-05
418	13	13	35	38	17	47	0.619811	0.47834	2.87733e-06	4.64227e-06
419	20	20	87	93	28	356	0.0907506	2.39964	2.19299e-06	2.4165e-05
420	10	10	49	55	19	144	0.339663	1.0798	3.65335e-06	1.07558e-05
421	14	14	74	80	32	135	0.303948	1.1909	3.55278e-06	1.16888e-05
422	13	13	92	97	24	315	0.109081	2.21566	2.42296e-06	2.22124e-05
423	20	20	138	146	36	660	0.0138029	4.28288	5.97791e-07	4.33093e-05
424	15	15	79	84	31	222	0.190192	1.65972	3.14524e-06	1.65372e-05
425	21	21	97	102	32	222	0.169864	1.77276	2.98165e-06	1.75532e-05
426	17	17	83	94	28	443	0.0578663	2.84962	1.6691e-06	2.88441e-05
427	9	9	50	53	21	106	0.417513	0.87344	3.60056e-06	8.62384e-06
428	20	18	99	102	31	314	0.10625	2.24196	2.38441e-06	2.24415e-05
429	11	10	37	37	17	43	0.636571	0.45166	2.78391e-06	4.37329e-06
430	12	9	67	71	19	323	0.123294	2.09318	2.61012e-06	2.11698e-05
431	13	13	86	95	27	338	0.0982343	2.3204	2.29098e-06	2.33215e-05
432	17	16	66	69	26	147	0.306352	1.18302	3.58599e-06	1.17055e-05
433	15	15	22	23	20	3	0.852365	0.15974	1.24249e-06	1.45769e-06
434	15	13	60	63	27	103	0.398145	0.92094	3.59482e-06	9.02892e-06
435	17	17	57	59	24	123	0.368682	0.99782	3.63734e-06	9.86579e-06
436	3	3	7	7	4	4	0.937667	0.06436	5.69789e-07	6.07666e-07
437	14	12	69	73	22	242	0.184033	1.69264	3.12468e-06	1.69789e-05
438	18	17	91	99	27	224	0.171337	1.76412	2.99672e-06	1.74901e-05
439	14	13	79	81	36	151	0.278377	1.27878	3.50626e-06	1.25954e-05
440	13	11	73	76	20	225	0.196955	1.62478	3.19953e-06	1.6245e-05
441	10	10	43	47	15	160	0.329177	1.11116	3.67175e-06	1.11543e-05
442	15	14	55	58	21	121	0.374809	0.98134	3.6368e-06	9.70308e-06
443	17	16	43	44	19	68	0.536269	0.62312	3.2695e-06	6.09675e-06
444	18	17	70	74	32	80	0.417814	0.87272	3.52124e-06	8.42778e-06
445	9	9	47	52	16	101	0.430994	0.84166	3.578e-06	8.30173e-06
446	11	11	47	50	18	134	0.368837	0.9974	3.66706e-06	9.94223e-06
447	12	10	57	62	19	124	0.359961	1.02176	3.63138e-06	1.00883e-05
448	18	17	80	87	27	207	0.201481	1.60206	3.20547e-06	1.59095e-05
449	14	13	50	50	21	92	0.456941	0.7832	3.52331e-06	7.71063e-06
450	12	12	29	33	16	40	0.662828	0.41124	2.64342e-06	3.9881e-06
451	16	16	112	119	36	471	0.042877	3.14942	1.36104e-06	3.1743e-05
452	14	14	62	66	23	123	0.352826	1.04178	3.62032e-06	1.02609e-05
453	18	18	66	72	25	167	0.271482	1.30386	3.51229e-06	1.29375e-05
454	9	9	45	48	14	138	0.365957	1.00524	3.67489e-06	1.00419e-05
455	23	23	81	92	34	170	0.235803	1.44476	3.35449e-06	1.42258e-05
456	12	12	47	51	17	105	0.424952	0.85578	3.59416e-06	8.45781e-06
457	18	18	69	72	26	180	0.254066	1.37016	3.46247e-06	1.36282e-05
458	14	14	50	50	21	66	0.521733	0.6506	3.30214e-06	6.32917e-06
459	16	16	97	100	37	230	0.165134	1.801	2.95018e-06	1.78654e-05
460	16	16	71	72	35	109	0.364926	1.00806	3.59662e-06	9.85575e-06
461	5	5	9	10	8	2	0.929601	0.073	6.23523e-07	6.70742e-07
462	19	19	72	81	26	268	0.153281	1.87548	2.88352e-06	1.8812e-05
463	13	11	103	109	32	491	0.0412287	3.18862	1.32926e-06	3.22412e-05
464	12	12	55	60	25	94	0.424773	0.8562	3.56018e-06	8.38138e-06
465	17	17	133	145	31	627	0.0164357	4.1083	6.82072e-07	4.14994e-05
466	11	11	46	47	18	83	0.487502	0.71846	3.44327e-06	7.06309e-06
467	14	14	51	53	19	104	0.421793	0.86324	3.59266e-06	8.51758e-06
468	14	13	54	57	23	126	0.367673	1.00056	3.64449e-06	9.9123e-06
469	16	15	63	64	28	97	0.407946	0.89662	3.57629e-06	8.76657e-06
470	16	15	32	32	18	30	0.701903	0.35396	2.38669e-06	3.40032e-06
471	19	18	107	117	33	412	0.0586622	2.83596	1.67159e-06	2.84952e-05
472	10	10	45	45	18	93	0.469118	0.7569	3.50972e-06	7.48153e-06
473	11	9	67	72	23	160	0.281349	1.26816	3.5353e-06	1.25655e-05
474	13	13	93	96	27	233	0.166763	1.79118	2.96822e-06	1.7799e-05
475	14	14	78	82	26	284	0.140386	1.96336	2.7682e-06	1.97185e-05
476	15	15	92	96	34	179	0.219637	1.51578	3.27914e-06	1.49298e-05
477	13	13	40	43	23	38	0.628864	0.46384	2.79612e-06	4.44631e-06
478	17	17	71	77	29	148	0.289859	1.23836	3.53923e-06	1.22102e-05
479	12	12	49	52	26	76	0.489603	0.71416	3.4142e-06	6.9734e-06
480	20	20	83	88	23	255	0.156744	1.85314	2.90233e-06	1.85164e-05
481	11	11	38	42	16	85	0.497948	0.69726	3.42943e-06	6.88712e-06
482	13	13	50	52	20	84	0.470029	0.75496	3.4775e-06	7.39846e-06
483	13	13	29	31	19	24	0.728272	0.31708	2.20308e-06	3.02507e-06
484	23	23	85	89	38	142	0.277171	1.28312	3.4837e-06	1.25688e-05
485	15	15	74	78	29	254	0.167757	1.78524	3.00264e-06	1.78987e-05
486	16	15	49	49	20	91	0.462171	0.77182	3.51299e-06	7.60105e-06
487	17	17	119	133	36	488	0.0360071	3.32404	1.20395e-06	3.34365e-05
488	8	8	57	62	21	119	0.369258	0.99626	3.62707e-06	9.8226e-06
489	21	21	106	109	34	263	0.131886	2.02582	2.65444e-06	2.01268e-05
490	20	20	89	93	24	382	0.0794808	2.53224	2.03046e-06	2.55465e-05
491	15	15	80	83	26	200	0.214115	1.54124	3.27849e-06	1.53118e-05
492	11	11	51	54	19	114	0.398312	0.92052	3.62677e-06	9.10536e-06
493	12	12	50	53	19	151	0.331894	1.10294	3.65576e-06	1.10148e-05
494	15	15	73	78	28	251	0.170343	1.76994	3.02178e-06	1.77393e-05
495	18	18	53	55	26	62	0.516025	0.6616	3.30198e-06	6.39888e-06
496	18	18	83	91	30	248	0.159409	1.83628	2.91938e-06	1.83138e-05
497	10	9	23	23	8	37	0.71667	0.33314	2.33937e-06	3.26422e-06
498	16	16	82	87	30	158	0.258681	1.35216	3.442e-06	1.3306e-05
499	11	10	83	87	24	349	0.0976603	2.32626	2.29057e-06	2.34544e-05
500	17	16	57	60	29	66	0.489975	0.7134	3.37772e-06	6.89365e-06
501	14	13	32	34	19	43	0.648677	0.43282	2.727e-06	4.20395e-06
502	8	7	56	60	26	92	0.429128	0.846	3.55108e-06	8.27511e-06
503	15	15	60	67	24	113	0.368963	0.99706	3.61068e-06	9.78604e-06
504	22	22	77	83	30	174	0.244476	1.40864	3.40562e-06	1.39303e-05
505	18	18	89	97	30	211	0.185396	1.68526	3.09362e-06	1.66865e-05
506	9	9	6	6	5	1	0.958122	0.04278	3.7541e-07	3.91819e-07
507	22	22	88	90	32	176	0.231587	1.4628	3.3422e-06	1.44317e-05
508	12	11	70	78	28	132	0.312535	1.16304	3.56805e-06	1.14165e-05
509	20	19	124	130	39	447	0.0452252	3.0961	1.406e-06	3.10887e-05
510	14	14	34	35	16	66	0.573269	0.5564	3.14292e-06	5.48246e-06
511	18	17	60	62	28	81	0.448225	0.80246	3.49774e-06	7.80354e-06
512	16	16	53	59	20	119	0.376281	0.97742	3.63233e-06	9.65326e-06
513	16	15	97	103	31	318	0.103453	2.26864	2.34946e-06	2.27105e-05
514	18	17	107	117	37	315	0.0962063	2.34126	2.24558e-06	2.33413e-05
515	9	8	50	53	21	97	0.437123	0.82754	3.56065e-06	8.14564e-06
516	23	22	110	116	37	293	0.108308	2.22278	2.39533e-06	2.21159e-05
517	12	11	48	53	15	164	0.310603	1.16924	3.63578e-06	1.17056e-05
518	16	16	90	95	32	213	0.185834	1.6829	3.0997e-06	1.66799e-05
519	14	14	55	58	25	122	0.372902	0.98644	3.63811e-06	9.75621e-06
520	8	8	48	49	15	105	0.430323	0.84322	3.59101e-06	8.34492e-06
521	16	16	90	96	30	332	0.100653	2.29608	2.32097e-06	2.30592e-05
522	7	6	57	60	15	229	0.213376	1.5447	3.31892e-06	1.55544e-05
523	19	19	99	105	36	287	0.11966	2.1231	2.53395e-06	2.11762e-05
524	10	10	55	58	17	157	0.311941	1.16494	3.62347e-06	1.16159e-05
525	12	11	51	52	28	56	0.542178	0.61216	3.20467e-06	5.91073e-06
526	12	12	51	54	25	52	0.546446	0.60432	3.17545e-06	5.8111e-06
527	23	23	117	120	28	565	0.0263813	3.6351	9.70673e-07	3.6794e-05
528	14	14	59	61	29	81	0.451049	0.79618	3.49432e-06	7.74709e-06
529	15	15	49	52	21	111	0.409565	0.89266	3.61771e-06	8.83306e-06
530	17	17	59	61	19	131	0.349525	1.05118	3.63637e-06	1.04038e-05
531	13	12	51	56	32	44	0.562097	0.57608	3.09093e-06	5.49893e-06
532	20	20	138	151	35	492	0.0315091	3.45748	1.09227e-06	3.46651e-05
533	10	10	67	70	18	227	0.202442	1.5973	3.24162e-06	1.60126e-05
534	14	12	52	57	18	139	0.344087	1.06686	3.64837e-06	1.0603e-05
535	13	13	33	34	20	29	0.696686	0.36142	2.41059e-06	3.46008e-06
536	22	21	105	115	32	350	0.0814961	2.5072	2.04458e-06	2.50881e-05
537	15	15	124	129	35	384	0.0627548	2.76852	1.73736e-06	2.76849e-05
538	18	18	65	68	26	116	0.361086	1.01864	3.61154e-06	1.00019e-05
539	17	17	64	69	30	87	0.416021	0.87702	3.54345e-06	8.51747e-06
540	7	7	64	66	18	160	0.292152	1.23048	3.5721e-06	1.22269e-05
541	20	19	86	88	28	177	0.233321	1.45534	3.35328e-06	1.4372e-05
542	11	11	56	62	21	140	0.331755	1.10336	3.62886e-06	1.09384e-05
543	28	28	112	116	38	212	0.163707	1.80968	2.91597e-06	1.78122e-05
544	12	11	70	73	24	155	0.286809	1.24894	3.5439e-06	1.23563e-05
545	13	11	71	76	24	150	0.288725	1.24228	3.53977e-06	1.226e-05
546	15	15	78	92	26	269	0.142322	1.94966	2.7733e-06	1.9486e-05
547	18	18	125	138	33	536	0.0273172	3.60024	9.90771e-07	3.62692e-05
548	17	16	119	122	38	287	0.107543	2.22986	2.38056e-06	2.21358e-05
549	11	10	50	52	23	82	0.474848	0.74476	3.46269e-06	7.2922e-06
550	14	14	81	87	24	234	0.175563	1.73976	3.04498e-06	1.73441e-05
551	11	10	52	54	22	81	0.471319	0.75222	3.46512e-06	7.35196e-06
552	18	18	77	84	25	304	0.12519	2.07792	2.61574e-06	2.08941e-05
553	13	13	42	48	18	79	0.494435	0.70434	3.41506e-06	6.90701e-06
554	10	10	29	30	13	41	0.671998	0.3975	2.6019e-06	3.87189e-06
555	15	15	66	70	24	177	0.261244	1.3423	3.48915e-06	1.33559e-05
556	14	14	42	48	26	74	0.507205	0.67884	3.36852e-06	6.64134e-06
557	18	16	75	80	24	192	0.227274	1.4816	3.34487e-06	1.47174e-05
558	9	9	58	67	19	212	0.222693	1.50196	3.35069e-06	1.50462e-05
559	22	22	81	81	36	123	0.321107	1.13598	3.56674e-06	1.11076e-05
560	12	11	40	45	16	92	0.471517	0.7518	3.50262e-06	7.4284e-06
561	17	17	95	102	30	337	0.0944901	2.35926	2.23597e-06	2.36635e-05
562	14	14	50	55	22	106	0.412302	0.886	3.60217e-06	8.73674e-06
563	13	13	48	51	24	54	0.551188	0.59568	3.16824e-06	5.74802e-06
564	16	16	76	78	33	104	0.360508	1.02024	3.5794e-06	9.92877e-06
565	8	8	31	31	12	54	0.624952	0.47008	2.8867e-06	4.61907e-06
566	18	18	123	134	30	505	0.0328101	3.41702	1.12854e-06	3.43962e-05
567	9	9	35	36	16	44	0.637322	0.45048	2.78508e-06	4.36997e-06
568	23	23	85	94	34	178	0.22355	1.49812	3.30044e-06	1.47638e-05
569	12	12	66	69	18	157	0.29112	1.23402	3.56238e-06	1.22368e-05
570	17	17	43	47	21	104	0.43799	0.82556	3.58227e-06	8.17889e-06
571	18	17	91	100	33	243	0.15454	1.8673	2.86767e-06	1.85561e-05
572	13	12	35	35	17	35	0.671461	0.3983	2.57527e-06	3.83533e-06
573	16	15	69	73	23	155	0.286809	1.24894	3.5439e-06	1.23563e-05
574	11	11	36	38	12	77	0.531879	0.63134	3.31694e-06	6.23627e-06
575	17	17	94	99	33	255	0.146282	1.92222	2.79944e-06	1.91373e-05
576	10	10	53	61	19	137	0.338992	1.08178	3.63485e-06	1.07226e-05
577	13	13	61	64	22	171	0.279705	1.27402	3.55181e-06	1.26984e-05
578	12	11	55	60	28	97	0.418324	0.8715	3.57281e-06	8.54078e-06
579	12	12	64	70	25	128	0.335411	1.0924	3.60646e-06	1.07524e-05
580	14	14	43	46	19	57	0.560134	0.57958	3.15085e-06	5.62518e-06
581	16	16	95	111	28	369	0.0758513	2.57898	1.96241e-06	2.58718e-05
582	16	16	90	97	26	321	0.105794	2.24626	2.38367e-06	2.25312e-05
583	21	21	134	143	34	466	0.0378305	3.27464	1.24205e-06	3.28321e-05
584	19	18	112	119	42	217	0.156606	1.85402	2.85762e-06	1.82472e-05
585	10	10	39	42	15	80	0.510809	0.67176	3.3823e-06	6.62146e-06
586	15	15	111	116	30	326	0.0915308	2.39108	2.18478e-06	2.38693e-05
587	13	13	39	43	20	49	0.594556	0.51994	2.99108e-06	5.03077e-06
588	14	14	72	74	22	226	0.19843	1.61732	3.21163e-06	1.61852e-05
589	15	15	70	78	19	293	0.137499	1.98414	2.74598e-06	1.99709e-05
590	20	18	83	86	36	112	0.329137	1.11128	3.55647e-06	1.08054e-05
591	17	17	59	62	26	102	0.402701	0.90956	3.59183e-06	8.91934e-06
592	7	7	24	25	11	35	0.714981	0.3355	2.3386e-06	3.27085e-06
593	20	20	125	139	28	753	0.00897583	4.71322	4.29543e-07	4.78555e-05
594	11	11	37	38	17	56	0.592005	0.52424	3.03134e-06	5.12047e-06
595	14	13	66	70	27	125	0.340582	1.0771	3.60778e-06	1.0593e-05
596	13	13	64	66	26	124	0.351031	1.04688	3.62056e-06	1.03141e-05
597	13	12	90	96	33	243	0.158472	1.84218	2.90484e-06	1.83303e-05
598	22	21	86	90	30	219	0.185983	1.6821	3.10898e-06	1.67165e-05
599	13	13	91	98	27	277	0.13158	2.02814	2.66446e-06	2.02498e-05
600	17	16	139	151	29	1051	0.00182098	6.30838	1.1721e-07	6.43666e-05
601	11	11	74	83	20	304	0.125979	2.07164	2.62511e-06	2.08376e-05
602	13	11	40	42	24	36	0.639314	0.44736	2.73856e-06	4.28359e-06
603	11	11	34	40	17	75	0.530625	0.6337	3.31263e-06	6.24289e-06
604	20	20	59	65	27	87	0.426604	0.8519	3.53726e-06	8.29168e-06
605	13	13	66	76	24	216	0.206206	1.57888	3.25121e-06	1.57668e-05
606	14	14	79	80	24	258	0.162318	1.8182	2.95811e-06	1.82242e-05
607	15	15	83	88	33	205	0.202272	1.59814	3.20798e-06	1.58597e-05
608	10	10	30	30	15	40	0.675434	0.3924	2.57932e-06	3.81876e-06
609	17	17	81	86	33	139	0.286797	1.24898	3.5104e-06	1.224e-05
610	14	14	53	58	23	96	0.425777	0.85384	3.56577e-06	8.37475e-06
611	21	21	137	148	39	662	0.0134922	4.30564	5.87296e-07	4.35284e-05
612	11	11	44	45	24	37	0.62419	0.4713	2.81265e-06	4.50607e-06
613	9	9	27	27	12	27	0.735459	0.30726	2.17599e-06	2.95868e-06
614	13	12	80	91	26	215	0.188628	1.66798	3.12374e-06	1.65604e-05
615	15	15	43	45	19	43	0.605379	0.5019	2.92088e-06	4.82487e-06
616	15	14	63	69	23	197	0.237397	1.43802	3.40953e-06	1.43621e-05
617	9	9	38	40	15	64	0.561244	0.5776	3.17576e-06	5.65843e-06
618	18	17	81	85	29	157	0.26329	1.3345	3.45962e-06	1.314e-05
619	9	9	50	54	21	167	0.303972	1.19082	3.62378e-06	1.19214e-05
620	22	22	115	120	38	370	0.0713185	2.6406	1.88516e-06	2.6433e-05
621	12	12	92	102	28	287	0.121936	2.10426	2.56149e-06	2.10069e-05
622	10	8	46	50	16	145	0.348715	1.0535	3.67082e-06	1.05267e-05
623	14	14	66	69	30	131	0.332399	1.10142	3.6083e-06	1.08553e-05
624	14	14	81	87	27	160	0.256056	1.36236	3.43428e-06	1.34123e-05
625	11	11	61	65	20	195	0.245932	1.4027	3.45044e-06	1.40301e-05
626	14	14	58	64	23	142	0.324289	1.12612	3.61827e-06	1.11576e-05
627	18	18	66	69	26	127	0.339249	1.08102	3.61056e-06	1.06428e-05
628	15	15	83	86	25	225	0.184967	1.68758	3.10919e-06	1.68095e-05
629	14	14	52	55	27	75	0.482922	0.7279	3.42373e-06	7.08961e-06
630	12	12	91	100	26	314	0.107593	2.2294	2.4024e-06	2.23286e-05
631	19	19	102	115	30	343	0.0844581	2.4715	2.08748e-06	2.47162e-05
632	14	14	78	83	27	260	0.157672	1.84724	2.91689e-06	1.84998e-05
633	17	15	68	69	30	149	0.303243	1.19322	3.58183e-06	1.18117e-05
634	16	16	93	101	29	305	0.111941	2.18978	2.45228e-06	2.19068e-05
635	8	7	41	47	12	135	0.37394	0.98366	3.67434e-06	9.82602e-06
636	19	19	79	80	25	237	0.180667	1.7111	3.09092e-06	1.71084e-05
637	10	10	33	37	16	35	0.66308	0.41086	2.61799e-06	3.94822e-06
638	16	16	107	113	33	330	0.0913881	2.39264	2.18532e-06	2.39125e-05
639	12	12	69	72	22	458	0.0615466	2.78796	1.74788e-06	2.83992e-05
640	15	15	41	44	22	51	0.584838	0.53642	3.03735e-06	5.19349e-06
641	14	13	57	58	26	78	0.466713	0.76204	3.46224e-06	7.41835e-06
642	23	22	128	135	35	360	0.0683031	2.6838	1.827e-06	2.67484e-05
643	16	16	126	140	32	728	0.0101326	4.592	4.72012e-07	4.65836e-05
644	11	11	65	69	19	205	0.227906	1.47882	3.3701e-06	1.47872e-05
645	19	19	75	81	30	190	0.228166	1.47768	3.34665e-06	1.46676e-05
646	10	8	40	44	18	92	0.474488	0.74552	3.4979e-06	7.37195e-06
647	18	18	35	37	18	60	0.583705	0.53836	3.07995e-06	5.27655e-06
648	13	13	77	79	28	205	0.214034	1.54162	3.28578e-06	1.53517e-05
649	10	9	16	16	13	4	0.88614	0.12088	9.88662e-07	1.11569e-06
650	15	15	55	60	21	127	0.358976	1.0245	3.63814e-06	1.01348e-05
651	14	13	87	96	32	189	0.208716	1.56678	3.22699e-06	1.54611e-05
652	17	17	48	52	28	73	0.497152	0.69886	3.38759e-06	6.814e-06
653	13	13	64	71	19	206	0.223917	1.49648	3.34828e-06	1.49532e-05
654	22	20	121	124	39	278	0.111189	2.19652	2.42065e-06	2.17705e-05
655	11	10	25	26	10	72	0.588323	0.53048	3.11413e-06	5.29323e-06
656	13	13	86	93	22	395	0.0743821	2.59854	1.95158e-06	2.62372e-05
657	13	13	100	108	29	321	0.0987326	2.31534	2.28587e-06	2.31521e-05
658	12	12	66	71	24	151	0.296419	1.21598	3.56619e-06	1.20309e-05
659	15	15	69	74	22	281	0.149895	1.89782	2.86413e-06	1.91076e-05
660	17	16	64	73	25	140	0.309611	1.17244	3.57889e-06	1.15593e-05
661	17	14	30	31	19	26	0.720882	0.32728	2.25733e-06	3.13134e-06
662	15	15	114	120	30	425	0.0538744	2.9211	1.5815e-06	2.93553e-05
663	19	18	65	66	25	126	0.347469	1.05708	3.62074e-06	1.04203e-05
664	11	9	29	31	16	26	0.720882	0.32728	2.25733e-06	3.13134e-06
665	12	12	81	88	19	388	0.0795444	2.53144	2.03499e-06	2.55831e-05
666	13	13	81	82	24	322	0.115653	2.15716	2.51402e-06	2.17376e-05
667	10	9	57	62	22	187	0.261046	1.34306	3.50732e-06	1.34357e-05
668	15	15	79	83	25	276	0.145317	1.92884	2.81187e-06	1.93499e-05
669	9	9	68	75	20	178	0.251881	1.3788	3.44857e-06	1.36913e-05
670	18	18	66	69	34	84	0.422435	0.86172	3.53074e-06	8.35807e-06
671	9	9	72	77	20	238	0.183166	1.69736	3.11239e-06	1.69922e-05
672	22	22	85	89	29	266	0.147265	1.91552	2.8212e-06	1.91573e-05
673	12	12	55	55	25	57	0.529353	0.6361	3.24663e-06	6.13321e-06
674	18	18	114	122	34	390	0.0635988	2.75516	1.75587e-06	2.76086e-05
675	14	13	49	51	23	67	0.515829	0.66198	3.32129e-06	6.43875e-06
676	15	15	63	67	21	216	0.218196	1.52236	3.32941e-06	1.52588e-05
677	16	16	58	61	21	103	0.403177	0.90838	3.59473e-06	8.91602e-06
678	6	6	44	45	12	117	0.415073	0.8793	3.63468e-06	8.75673e-06
679	11	11	60	66	24	185	0.25718	1.35798	3.48612e-06	1.35552e-05
680	20	20	101	106	33	269	0.130344	2.03758	2.64289e-06	2.02763e-05
681	15	15	102	113	20	458	0.0475754	3.04544	1.46121e-06	3.07136e-05
682	12	12	55	58	20	130	0.357994	1.02724	3.64483e-06	1.01813e-05
683	15	15	71	74	34	84	0.409377	0.89312	3.53714e-06	8.64031e-06
684	14	13	43	46	20	138	0.370582	0.99268	3.6795e-06	9.92897e-06
685	8	8	47	55	17	176	0.288517	1.243	3.59379e-06	1.24561e-05
686	16	15	68	68	24	142	0.316244	1.15124	3.59992e-06	1.13834e-05
687	10	9	28	33	7	129	0.420993	0.86514	3.66977e-06	8.71695e-06
688	19	19	110	123	33	382	0.0658326	2.72064	1.79328e-06	2.72399e-05
689	10	10	49	53	18	157	0.321892	1.13354	3.6482e-06	1.13336e-05
690	15	15	114	121	43	248	0.132036	2.02468	2.64167e-06	2.00072e-05
691	12	11	58	61	24	95	0.419967	0.86758	3.56592e-06	8.49096e-06
692	6	6	33	33	15	32	0.69043	0.37044	2.46003e-06	3.56303e-06
693	14	14	78	83	28	177	0.240764	1.42394	3.39229e-06	1.40897e-05
694	11	11	50	54	16	125	0.376582	0.97662	3.64901e-06	9.68982e-06
695	16	16	63	71	23	388	0.0885064	2.42468	2.17933e-06	2.46235e-05
696	12	12	55	59	21	107	0.400028	0.91622	3.60652e-06	9.01566e-06
697	19	19	91	93	31	219	0.182512	1.70094	3.08186e-06	1.68858e-05
698	10	10	61	66	23	237	0.19727	1.62318	3.21908e-06	1.63181e-05
699	20	19	105	110	39	258	0.134445	2.0066	2.67782e-06	1.99176e-05
700	13	13	64	65	28	128	0.34611	1.061	3.62382e-06	1.04701e-05
701	11	11	31	33	13	62	0.592479	0.52344	3.05543e-06	5.15703e-06
702	14	14	95	103	21	457	0.0509179	2.97754	1.53243e-06	3.0096e-05
703	15	15	55	59	25	158	0.308412	1.17632	3.61627e-06	1.17255e-05
704	17	17	67	68	26	84	0.425096	0.85544	3.52899e-06	8.30163e-06
705	14	14	65	69	22	139	0.31911	1.14222	3.59969e-06	1.12804e-05
706	10	8	16	19	10	25	0.781281	0.24682	1.87573e-06	2.40083e-06
707	11	11	51	53	22	79	0.479151	0.73574	3.44473e-06	7.18925e-06
708	13	11	39	42	15	151	0.355632	1.03386	3.6964e-06	1.03939e-05
709	13	13	78	84	30	364	0.0921885	2.38392	2.22009e-06	2.40821e-05
710	13	13	76	81	25	229	0.187012	1.67658	3.13054e-06	1.67398e-05
711	15	13	38	40	21	36	0.647394	0.4348	2.70009e-06	4.1707e-06
712	13	13	61	66	25	123	0.352826	1.04178	3.62032e-06	1.02609e-05
713	17	17	101	107	29	289	0.116967	2.14586	2.50256e-06	2.13954e-05
714	16	16	41	42	22	50	0.595258	0.51876	2.99264e-06	5.02746e-06
715	20	18	65	69	30	88	0.413905	0.88212	3.54741e-06	8.57061e-06
716	11	11	63	67	22	187	0.252976	1.37446	3.4703e-06	1.37179e-05
717	19	19	71	76	33	132	0.316485	1.15048	3.57742e-06	1.13036e-05
718	13	13	69	76	29	105	0.363208	1.01278	3.5845e-06	9.869e-06
719	13	13	43	45	19	63	0.546675	0.6039	3.21857e-06	5.88753e-06
720	15	15	68	73	30	93	0.393474	0.93274	3.56569e-06	9.06206e-06
721	15	14	81	83	28	204	0.209792	1.56164	3.25687e-06	1.55243e-05
722	17	17	88	90	31	266	0.146343	1.9218	2.8118e-06	1.92137e-05
723	8	8	30	31	12	47	0.647666	0.43438	2.75073e-06	4.24714e-06
724	21	21	80	84	28	223	0.189225	1.66482	3.1393e-06	1.65903e-05
725	11	11	94	100	24	383	0.0756756	2.5813	1.96717e-06	2.59948e-05
726	13	13	61	66	26	120	0.358266	1.02648	3.61903e-06	1.01015e-05
727	13	13	76	79	24	203	0.216228	1.53142	3.29649e-06	1.52454e-05
728	16	16	84	87	28	198	0.210945	1.55616	3.25515e-06	1.54313e-05
729	15	14	64	70	26	109	0.369539	0.9955	3.60036e-06	9.74285e-06
730	8	8	49	51	19	135	0.364664	1.00878	3.66553e-06	1.00518e-05
731	18	18	64	65	28	119	0.362366	1.0151	3.62074e-06	9.99194e-06
732	23	23	75	79	31	130	0.313762	1.15912	3.56643e-06	1.13667e-05
733	16	15	94	96	30	252	0.151362	1.88808	2.8469e-06	1.88085e-05
734	12	12	65	70	22	138	0.318733	1.1434	3.5965e-06	1.12837e-05
735	19	19	64	66	25	175	0.270636	1.30698	3.52472e-06	1.30239e-05
736	14	13	76	78	28	143	0.295484	1.21914	3.54609e-06	1.2001e-05
737	10	10	64	71	28	170	0.269044	1.31288	3.50845e-06	1.30404e-05
738	16	15	75	78	31	140	0.30004	1.20384	3.55294e-06	1.18416e-05
739	11	11	58	64	22	171	0.279705	1.27402	3.55181e-06	1.26984e-05
740	18	16	87	91	27	288	0.129992	2.04028	2.65692e-06	2.04391e-05
741	15	13	51	53	18	104	0.421793	0.86324	3.59266e-06	8.51758e-06
742	18	17	73	75	31	130	0.321744	1.134	3.58451e-06	1.11409e-05
743	12	11	63	66	17	283	0.156019	1.85778	2.92726e-06	1.87622e-05
744	10	10	38	40	17	81	0.514634	0.6643	3.37687e-06	6.56169e-06
745	14	13	52	57	24	74	0.479333	0.73536	3.42693e-06	7.14937e-06
746	14	13	80	81	33	146	0.285567	1.25328	3.52095e-06	1.23297e-05
747	16	16	92	99	26	337	0.0962872	2.34042	2.26219e-06	2.34942e-05
748	16	16	79	84	24	201	0.211693	1.55262	3.26459e-06	1.54214e-05
749	19	19	58	61	27	85	0.441941	0.81658	3.51768e-06	7.95963e-06
750	10	10	72	78	27	181	0.243427	1.41294	3.41285e-06	1.402e-05
751	15	15	74	84	31	186	0.228523	1.47612	3.342e-06	1.46244e-05
752	12	12	53	54	23	93	0.443339	0.81342	3.54208e-06	7.98956e-06
753	12	12	50	53	20	101	0.428296	0.84794	3.57978e-06	8.35818e-06
754	14	14	84	93	29	289	0.127717	2.05794	2.63162e-06	2.06051e-05
755	16	15	69	76	22	167	0.264747	1.32898	3.48494e-06	1.31633e-05
756	16	16	48	50	20	82	0.48085	0.7322	3.45217e-06	7.1793e-06
757	6	6	28	31	12	67	0.584862	0.53638	3.1055e-06	5.3098e-06
758	19	17	77	79	35	123	0.325166	1.12342	3.57511e-06	1.09947e-05
759	17	17	71	75	28	130	0.321744	1.134	3.58451e-06	1.11409e-05
760	22	22	74	79	26	156	0.274798	1.29172	3.50316e-06	1.27481e-05
761	13	13	59	60	28	117	0.377759	0.9735	3.62778e-06	9.60344e-06
762	14	13	61	63	22	166	0.288737	1.24224	3.5735e-06	1.23763e-05
763	15	15	88	92	28	321	0.109169	2.21486	2.42889e-06	2.22489e-05
764	10	10	30	32	10	68	0.578244	0.54776	3.13372e-06	5.41938e-06
765	17	15	77	86	28	173	0.241139	1.42238	3.38717e-06	1.40465e-05
766	17	17	103	114	33	261	0.129119	2.04702	2.62148e-06	2.03028e-05
767	13	12	58	66	26	128	0.343943	1.06728	3.62054e-06	1.05266e-05
768	11	10	44	47	18	70	0.520919	0.65216	3.31949e-06	6.37236e-06
769	16	16	107	112	32	421	0.0578177	2.85046	1.65886e-06	2.86912e-05
770	13	13	72	74	23	268	0.16017	1.83152	2.94982e-06	1.84168e-05
771	16	16	104	113	27	320	0.0961698	2.34164	2.24857e-06	2.33812e-05
772	15	15	71	73	26	153	0.289749	1.23874	3.54944e-06	1.22501e-05
773	15	15	79	87	32	140	0.283552	1.26036	3.50175e-06	1.23496e-05
774	17	16	115	127	38	301	0.0970373	2.33266	2.24757e-06	2.31619e-05
775	8	8	24	25	12	24	0.756237	0.2794	2.03155e-06	2.68639e-06
776	21	21	92	93	30	249	0.156619	1.85394	2.89428e-06	1.84798e-05
777	11	9	48	49	25	56	0.55249	0.59332	3.17206e-06	5.74139e-06
778	11	11	68	74	24	218	0.206693	1.57652	3.25752e-06	1.57602e-05
779	13	12	43	44	17	60	0.558601	0.58232	3.16821e-06	5.67169e-06
780	18	18	69	73	31	149	0.295721	1.21834	3.55974e-06	1.20375e-05
781	15	15	50	53	23	84	0.467087	0.76124	3.48209e-06	7.45491e-06
782	10	10	25	26	14	27	0.740093	0.30098	2.14792e-06	2.90223e-06
783	18	18	60	64	23	157	0.300406	1.20262	3.59122e-06	1.19546e-05
784	8	6	18	18	11	11	0.844391	0.16914	1.35147e-06	1.60052e-06
785	22	22	133	144	43	466	0.0375937	3.28092	1.2364e-06	3.28885e-05
786	13	13	40	40	21	30	0.667511	0.4042	2.57118e-06	3.8519e-06
787	16	16	66	71	23	166	0.274589	1.29248	3.5224e-06	1.28279e-05
788	14	14	73	81	25	204	0.212443	1.54908	3.27406e-06	1.54114e-05
789	12	12	48	52	17	154	0.328914	1.11196	3.65679e-06	1.11178e-05
790	16	15	71	76	22	211	0.211532	1.55338	3.27898e-06	1.55011e-05
791	12	12	21	21	14	13	0.820222	0.19818	1.53884e-06	1.87613e-06
792	18	18	115	124	30	443	0.0479297	3.03802	1.46365e-06	3.05375e-05
793	14	14	69	74	26	158	0.280686	1.27052	3.52883e-06	1.25722e-05
794	20	19	94	102	30	375	0.0778431	2.55306	1.99921e-06	2.56826e-05
795	12	11	39	42	22	38	0.632826	0.45756	2.77802e-06	4.38986e-06
796	11	11	39	39	16	58	0.582329	0.54072	3.07655e-06	5.28318e-06
797	14	13	58	62	22	105	0.396587	0.92486	3.60051e-06	9.07874e-06
798	5	5	19	21	6	58	0.65202	0.42768	2.78225e-06	4.26713e-06
799	16	16	107	116	36	311	0.0988077	2.31458	2.27972e-06	2.30723e-05
800	14	13	41	43	15	79	0.510206	0.67294	3.38e-06	6.62477e-06
801	19	19	43	46	23	47	0.589441	0.52858	3.00253e-06	5.09385e-06
802	10	10	10	10	7	4	0.920167	0.0832	7.14978e-07	7.77009e-07
803	18	18	90	94	34	360	0.0883614	2.42632	2.15902e-06	2.4434e-05
804	12	12	67	74	21	162	0.275018	1.29092	3.51602e-06	1.27847e-05
805	13	13	91	97	29	229	0.169135	1.77706	2.98403e-06	1.76429e-05
806	14	14	68	75	23	236	0.187383	1.6746	3.14298e-06	1.6773e-05
807	18	17	90	97	28	232	0.166567	1.79236	2.96527e-06	1.78023e-05
808	16	15	56	58	21	243	0.201183	1.60354	3.25621e-06	1.61853e-05
809	6	6	42	47	21	100	0.447016	0.80516	3.56109e-06	7.96636e-06
810	19	19	50	53	30	64	0.517244	0.65924	3.30635e-06	6.39225e-06
811	10	10	41	42	23	26	0.672764	0.39636	2.52439e-06	3.75226e-06
812	25	25	116	124	35	311	0.0939662	2.36482	2.21045e-06	2.35239e-05
813	20	19	105	116	38	402	0.0621205	2.77868	1.73362e-06	2.79075e-05
814	15	15	61	69	20	235	0.195573	1.63182	3.20372e-06	1.63812e-05
815	14	13	51	52	21	76	0.489603	0.71416	3.4142e-06	6.9734e-06
816	11	11	73	78	27	184	0.23973	1.42824	3.39924e-06	1.41794e-05
817	17	17	65	66	24	102	0.392712	0.93468	3.5914e-06	9.14513e-06
818	11	10	35	37	17	45	0.630111	0.46186	2.82261e-06	4.47956e-06
819	14	14	41	46	16	124	0.398009	0.92128	3.65576e-06	9.18511e-06
820	10	9	32	35	15	53	0.612565	0.4901	2.93524e-06	4.79173e-06
821	11	10	31	32	17	21	0.734871	0.30806	2.14738e-06	2.92212e-06
822	13	13	37	37	19	40	0.646385	0.43636	2.72379e-06	4.21389e-06
823	17	17	116	121	41	239	0.138238	1.97878	2.69964e-06	1.9529e-05
824	15	15	58	67	29	122	0.35241	1.04296	3.61722e-06	1.02642e-05
825	9	7	28	31	15	40	0.671205	0.39868	2.60106e-06	3.8752e-06
826	17	17	63	68	25	124	0.34665	1.05944	3.6145e-06	1.0427e-05
827	23	23	105	109	35	390	0.0690089	2.67352	1.8546e-06	2.68747e-05
828	20	20	106	109	38	255	0.137378	1.98502	2.70658e-06	1.97018e-05
829	11	11	55	59	17	179	0.277088	1.28342	3.55816e-06	1.28413e-05
830	13	13	69	69	29	86	0.418148	0.87192	3.53935e-06	8.46434e-06
831	13	13	77	88	21	442	0.0603955	2.80684	1.71839e-06	2.84523e-05
832	20	20	111	117	35	267	0.122891	2.09646	2.55501e-06	2.07909e-05
833	15	15	113	119	26	440	0.0502211	2.99132	1.51145e-06	3.00959e-05
834	11	11	57	62	24	128	0.352692	1.04216	3.63301e-06	1.03008e-05
835	17	16	50	51	21	84	0.47299	0.74868	3.4727e-06	7.34202e-06
836	8	7	26	26	13	26	0.743877	0.29588	2.11938e-06	2.8491e-06
837	21	20	114	116	30	422	0.0560966	2.88068	1.62513e-06	2.89701e-05
838	11	11	66	74	23	221	0.203555	1.59182	3.2405e-06	1.59196e-05
839	32	32	141	151	45	463	0.0365315	3.30958	1.21008e-06	3.31243e-05
840	24	24	100	104	33	224	0.166041	1.79552	2.95095e-06	1.77724e-05
841	13	13	97	102	29	231	0.162243	1.81866	2.92547e-06	1.80314e-05
842	15	15	69	70	33	78	0.432834	0.8374	3.50411e-06	8.09572e-06
843	15	15	84	93	25	220	0.181583	1.70604	3.07583e-06	1.69389e-05
844	9	9	42	44	21	55	0.573028	0.55682	3.0978e-06	5.40602e-06
845	12	12	43	46	20	71	0.521534	0.65098	3.32168e-06	6.36905e-06
846	15	15	72	75	22	224	0.199209	1.6134	3.21432e-06	1.61354e-05
847	12	12	47	49	15	93	0.457481	0.78202	3.52595e-06	7.70732e-06
848	12	11	44	46	18	83	0.490574	0.71218	3.43728e-06	7.00665e-06
849	14	14	32	33	18	37	0.673047	0.39594	2.57689e-06	3.8287e-06
850	15	15	66	73	25	229	0.196648	1.62634	3.20304e-06	1.62882e-05
851	16	14	108	113	41	297	0.108139	2.22434	2.39626e-06	2.21591e-05
852	15	15	67	69	28	171	0.271059	1.30542	3.51852e-06	1.29807e-05
853	18	16	91	101	30	227	0.16663	1.79198	2.95975e-06	1.77624e-05
854	9	9	56	60	21	111	0.389497	0.9429	3.61634e-06	9.28464e-06
855	8	7	30	32	13	61	0.59926	0.51206	3.02473e-06	5.04745e-06
856	12	12	68	75	32	121	0.336856	1.0881	3.59179e-06	1.06627e-05
857	14	13	58	62	26	102	0.402701	0.90956	3.59183e-06	8.91934e-06
858	14	13	35	36	21	33	0.674098	0.39438	2.5518e-06	3.78551e-06
859	20	20	86	93	33	200	0.201083	1.60404	3.19244e-06	1.58763e-05
860	16	16	54	56	23	79	0.470208	0.75458	3.46007e-06	7.35859e-06
861	17	17	84	93	32	228	0.174324	1.74684	3.02696e-06	1.7364e-05
862	19	18	76	79	30	112	0.343929	1.06732	3.5804e-06	1.04103e-05
863	10	10	33	36	17	37	0.660486	0.41478	2.64065e-06	3.99804e-06
864	24	24	98	102	35	256	0.142821	1.94616	2.76499e-06	1.93598e-05
865	12	12	97	106	23	373	0.0766903	2.56798	1.97877e-06	2.58021e-05
866	16	16	55	58	23	72	0.481216	0.73144	3.41641e-06	7.09955e-06
867	12	12	55	56	27	60	0.518052	0.65768	3.28914e-06	6.34906e-06
868	13	13	45	47	25	73	0.51301	0.66746	3.35086e-06	6.53176e-06
869	16	15	79	85	29	249	0.164688	1.8037	2.96904e-06	1.80282e-05
870	11	11	37	39	15	86	0.504837	0.68352	3.41821e-06	6.77091e-06
871	19	19	56	58	27	98	0.421456	0.86404	3.57437e-06	8.48101e-06
872	17	17	98	110	25	442	0.0526021	2.945	1.56197e-06	2.96941e-05
873	21	21	85	91	34	173	0.233685	1.45378	3.34842e-06	1.43288e-05
874	13	13	64	67	24	152	0.302413	1.19596	3.58609e-06	1.18582e-05
875	19	19	85	90	27	272	0.141933	1.9524	2.77231e-06	1.95325e-05
876	15	15	80	89	27	287	0.132308	2.02262	2.6823e-06	2.02731e-05
877	10	10	67	69	20	175	0.265585	1.32582	3.50392e-06	1.31932e-05
878	17	15	87	94	35	183	0.217922	1.52362	3.27524e-06	1.50295e-05
879	16	16	108	111	27	348	0.084426	2.47188	2.09005e-06	2.4756e-05
880	20	20	89	92	32	230	0.173642	1.75076	3.02377e-06	1.74138e-05
881	11	9	45	51	17	88	0.463439	0.76908	3.50107e-06	7.55455e-06
882	16	16	92	100	30	274	0.131941	2.0254	2.66564e-06	2.02033e-05
883	13	13	50	55	22	98	0.429471	0.8452	3.56963e-06	8.31167e-06
884	11	10	52	56	18	93	0.437806	0.82598	3.5473e-06	8.10245e-06
885	15	15	76	83	23	230	0.183739	1.69424	3.10625e-06	1.69058e-05
886	6	6	34	34	15	37	0.668834	0.40222	2.59852e-06	3.88515e-06
887	17	16	79	85	25	220	0.190939	1.6558	3.14808e-06	1.64874e-05
888	8	8	46	48	14	157	0.33216	1.10214	3.67083e-06	1.10514e-05
889	21	21	145	156	42	553	0.0223712	3.79998	8.54323e-07	3.81885e-05
890	11	11	77	88	22	301	0.123967	2.08774	2.59841e-06	2.09605e-05
891	11	11	59	63	24	91	0.423272	0.85974	3.55181e-06	8.39132e-06
892	13	13	55	58	25	66	0.496168	0.70084	3.36439e-06	6.78075e-06
893	14	12	89	97	28	277	0.132409	2.02186	2.67378e-06	2.01933e-05
894	19	19	47	49	25	56	0.55249	0.59332	3.17206e-06	5.74139e-06
895	14	14	69	73	25	165	0.272548	1.29994	3.51251e-06	1.28877e-05
896	10	10	47	48	19	85	0.479534	0.73494	3.46502e-06	7.22581e-06
897	14	14	47	51	25	53	0.554006	0.59058	3.155e-06	5.69489e-06
898	11	11	75	79	23	240	0.179045	1.72012	3.0816e-06	1.72113e-05
899	11	9	38	39	20	46	0.61908	0.47952	2.87599e-06	4.64558e-06
900	13	13	105	110	29	335	0.0907815	2.3993	2.17956e-06	2.40089e-05
901	14	14	81	88	26	247	0.163272	1.81234	2.95379e-06	1.80913e-05
902	20	19	147	157	36	915	0.00350887	5.65246	2.01687e-07	5.74792e-05
903	16	14	88	92	31	251	0.156006	1.85786	2.89073e-06	1.85296e-05
904	16	14	48	52	18	105	0.422291	0.86206	3.5955e-06	8.51426e-06
905	18	17	68	75	30	137	0.31046	1.1697	3.57427e-06	1.15128e-05
906	9	8	40	42	20	70	0.537536	0.62076	3.27366e-06	6.09012e-06
907	15	15	89	96	39	216	0.181867	1.70448	3.07278e-06	1.68957e-05
908	12	12	58	63	18	198	0.245259	1.40544	3.45241e-06	1.40766e-05
909	15	14	109	116	31	347	0.0822345	2.49818	2.05464e-06	2.49851e-05
910	14	14	94	102	29	239	0.155757	1.85946	2.87472e-06	1.84565e-05
911	10	10	30	32	12	53	0.624215	0.47126	2.88536e-06	4.62238e-06
912	16	15	56	59	25	104	0.406196	0.90092	3.59738e-06	8.85626e-06
913	15	14	60	64	26	104	0.393639	0.93232	3.59727e-06	9.1385e-06
914	18	18	74	74	26	160	0.277837	1.28072	3.52254e-06	1.26784e-05
915	9	9	38	39	17	46	0.61908	0.47952	2.87599e-06	4.64558e-06
916	23	22	105	119	33	327	0.0893656	2.41502	2.15298e-06	2.40918e-05
917	12	12	30	30	16	24	0.73286	0.3108	2.17559e-06	2.96862e-06
918	17	16	83	86	30	159	0.258986	1.35098	3.44521e-06	1.33027e-05
919	14	14	60	63	21	162	0.294687	1.22184	3.58451e-06	1.21638e-05
920	14	14	51	54	23	108	0.410689	0.88992	3.60854e-06	8.78656e-06
921	7	7	28	29	14	30	0.715252	0.33512	2.31096e-06	3.23098e-06
922	23	23	114	123	40	290	0.105248	2.25144	2.35246e-06	2.23517e-05
923	16	15	82	89	28	165	0.246493	1.40042	3.39934e-06	1.37908e-05
924	12	12	62	64	29	79	0.447168	0.80482	3.49246e-06	7.81017e-06
925	15	15	72	77	30	142	0.298866	1.20776	3.55393e-06	1.18914e-05
926	12	12	35	36	17	52	0.611843	0.49128	2.93381e-06	4.79504e-06
927	21	19	122	126	38	290	0.103283	2.27028	2.32604e-06	2.2521e-05
928	14	13	75	78	19	300	0.132677	2.01984	2.69903e-06	2.03429e-05
929	15	14	95	102	25	290	0.120084	2.11956	2.54174e-06	2.11663e-05
930	17	17	100	111	33	590	0.0245737	3.70608	9.2432e-07	3.76143e-05
931	9	9	28	31	10	62	0.599967	0.51088	3.02632e-06	5.04413e-06
932	20	20	94	100	35	197	0.195401	1.6327	3.14831e-06	1.6112e-05
933	10	10	64	67	31	95	0.404437	0.90526	3.57103e-06	8.82964e-06
934	12	12	86	91	23	327	0.106546	2.23918	2.39848e-06	2.25113e-05
935	13	12	75	80	25	218	0.19905	1.6142	3.20447e-06	1.60988e-05
936	18	18	57	61	26	125	0.360386	1.02058	3.63447e-06	1.0085e-05
937	15	15	59	64	22	159	0.297358	1.21282	3.58638e-06	1.20608e-05
938	11	10	23	23	14	21	0.777602	0.25154	1.8772e-06	2.41409e-06
939	17	17	63	66	33	96	0.404914	0.90408	3.57391e-06	8.82633e-06
940	7	7	27	28	14	40	0.683971	0.37984	2.5347e-06	3.70586e-06
941	20	20	110	119	32	455	0.0465225	3.06782	1.43721e-06	3.08929e-05
942	11	11	53	54	26	122	0.382388	0.96132	3.64432e-06	9.53042e-06
943	13	13	45	48	22	60	0.544744	0.60744	3.21261e-06	5.89748e-06
944	13	13	67	75	26	145	0.298048	1.2105	3.55807e-06	1.19379e-05
945	15	15	52	57	21	125	0.369553	0.99546	3.64349e-06	9.85916e-06
946	15	15	57	57	30	50	0.541745	0.61296	3.1823e-06	5.87417e-06
947	15	15	64	67	25	131	0.3366	1.08886	3.6159e-06	1.07424e-05
948	11	11	47	52	22	120	0.391191	0.93856	3.64248e-06	9.31126e-06
949	14	14	107	114	27	455	0.0480064	3.03642	1.46951e-06	3.06106e-05
950	17	17	91	95	35	157	0.247264	1.3973	3.38861e-06	1.37044e-05
951	19	19	62	66	22	141	0.321879	1.13358	3.61062e-06	1.12173e-05
952	14	14	50	52	15	124	0.383291	0.95896	3.65039e-06	9.52379e-06
953	13	13	64	68	26	153	0.298992	1.20734	3.57828e-06	1.19678e-05
954	11	11	43	47	18	102	0.44248	0.81536	3.57197e-06	8.07262e-06
955	15	13	65	68	35	60	0.480446	0.73304	3.37582e-06	7.02643e-06
956	17	17	79	87	32	190	0.219729	1.51536	3.29731e-06	1.50062e-05
957	18	18	124	130	31	520	0.0311669	3.4684	1.08983e-06	3.49675e-05
958	9	9	35	39	18	55	0.591307	0.52542	3.02973e-06	5.12378e-06
959	14	13	36	39	20	48	0.612798	0.48972	2.91192e-06	4.75185e-06
960	12	12	88	94	26	266	0.142713	1.94692	2.77427e-06	1.94395e-05
961	8	8	41	45	16	110	0.430159	0.8436	3.6068e-06	8.38479e-06
962	14	13	71	76	21	338	0.110684	2.20108	2.4626e-06	2.2249e-05
963	13	13	71	73	27	138	0.312785	1.16224	3.58234e-06	1.14531e-05
964	16	15	66	68	24	128	0.33965	1.07984	3.6137e-06	1.06395e-05
965	9	9	44	51	19	107	0.420639	0.86598	3.60239e-06	8.56408e-06
966	18	18	61	67	27	116	0.36336	1.01236	3.61378e-06	9.94544e-06
967	9	9	44	47	18	79	0.49755	0.69806	3.40849e-06	6.85056e-06
968	23	22	137	145	35	544	0.0250972	3.685	9.30838e-07	3.70894e-05
969	12	12	72	77	26	143	0.297346	1.21286	3.55165e-06	1.19445e-05
970	19	18	73	77	24	217	0.203873	1.59026	3.23676e-06	1.58764e-05
971	14	14	101	105	25	383	0.0733363	2.6127	1.92706e-06	2.6277e-05
972	15	15	83	87	32	137	0.287924	1.24506	3.50984e-06	1.21902e-05
973	16	15	73	79	23	241	0.178134	1.72522	3.07539e-06	1.72645e-05
974	8	8	29	32	12	57	0.61161	0.49166	2.95708e-06	4.83492e-06
975	17	17	104	112	30	353	0.0817851	2.50366	2.05102e-06	2.50782e-05
976	13	13	84	89	29	233	0.174258	1.74722	3.03276e-06	1.74039e-05
977	14	14	69	72	30	128	0.331224	1.10496	3.59884e-06	1.08653e-05
978	12	12	55	57	24	116	0.386911	0.94956	3.6296e-06	9.38096e-06
979	20	18	95	100	31	354	0.087738	2.4334	2.14554e-06	2.44539e-05
980	14	14	37	38	22	24	0.696951	0.36104	2.38372e-06	3.42021e-06
981	14	14	114	122	34	337	0.0833372	2.48486	2.06614e-06	2.47925e-05
982	16	16	51	54	24	86	0.459452	0.77772	3.49994e-06	7.61763e-06
983	11	10	39	45	15	107	0.436791	0.8283	3.59278e-06	8.22539e-06
984	19	19	83	89	31	223	0.183375	1.69622	3.09401e-06	1.68725e-05
985	10	9	44	47	19	63	0.539852	0.61646	3.23934e-06	6.00043e-06
986	12	11	50	53	25	87	0.459995	0.77654	3.50254e-06	7.61431e-06
987	13	13	45	47	17	136	0.372038	0.98876	3.67542e-06	9.87915e-06
988	19	17	70	73	25	140	0.309611	1.17244	3.57889e-06	1.15593e-05
989	15	15	87	89	31	191	0.215883	1.53302	3.27543e-06	1.51723e-05
990	28	28	154	168	43	541	0.0220567	3.81414	8.43188e-07	3.82283e-05
991	17	16	96	104	26	306	0.109293	2.21372	2.41859e-06	2.21293e-05
992	7	7	18	20	11	17	0.808722	0.2123	1.6435e-06	2.03222e-06
993	20	20	50	52	22	99	0.435413	0.83146	3.56841e-06	8.19546e-06
994	11	11	61	62	19	260	0.179899	1.71536	3.11484e-06	1.73144e-05
995	13	13	76	84	27	201	0.211693	1.55262	3.26459e-06	1.54214e-05
996	13	13	43	48	21	66	0.528327	0.63804	3.28423e-06	6.21628e-06
997	14	14	73	79	23	197	0.222947	1.50082	3.32784e-06	1.49266e-05
998	15	15	73	76	26	211	0.211532	1.55338	3.27898e-06	1.55011e-05
999	15	15	52	53	23	68	0.506799	0.67964	3.3473e-06	6.60478e-06
1000	17	17	114	119	27	377	0.0692508	2.67002	1.85235e-06	2.67485e-05