Hist	Tr_Tot	Tr_in	DSBs	DSBt	RIFs	NComb	PSurv	lPSurv	PMut*	PMut
1	0	0	0	0	0	0	1	-0	0	0
2	1	1	6	6	6	0	0.963021	0.03768	3.26161e-07	3.38686e-07
3	0	0	0	0	0	0	1	-0	0	0
4	1	1	15	18	9	37	0.73953	0.30174	2.20527e-06	2.98199e-06
5	0	0	0	0	0	0	1	-0	0	0
6	0	0	0	0	0	0	1	-0	0	0
7	2	2	26	30	14	55	0.62569	0.4689	2.88803e-06	4.61575e-06
8	0	0	0	0	0	0	1	-0	0	0
9	2	2	19	20	12	11	0.833851	0.1817	1.42874e-06	1.71342e-06
10	0	0	0	0	0	0	1	-0	0	0
11	2	2	63	78	23	319	0.120424	2.11674	2.57133e-06	2.13524e-05
12	0	0	0	0	0	0	1	-0	0	0
13	2	2	22	34	9	256	0.218904	1.51912	3.39769e-06	1.55213e-05
14	0	0	0	0	0	0	1	-0	0	0
15	0	0	0	0	0	0	1	-0	0	0
16	1	1	5	6	5	1	0.958122	0.04278	3.7541e-07	3.91819e-07
17	0	0	0	0	0	0	1	-0	0	0
18	1	1	4	4	4	0	0.975193	0.02512	2.20189e-07	2.2579e-07
19	0	0	0	0	0	0	1	-0	0	0
20	1	1	6	6	6	0	0.963021	0.03768	3.26161e-07	3.38686e-07
21	0	0	0	0	0	0	1	-0	0	0
22	1	1	8	8	8	0	0.951001	0.05024	4.29454e-07	4.51581e-07
23	0	0	0	0	0	0	1	-0	0	0
24	0	0	0	0	0	0	1	-0	0	0
25	1	1	14	15	13	3	0.896282	0.1095	9.01762e-07	1.00611e-06
26	0	0	0	0	0	0	1	-0	0	0
27	1	1	19	21	9	49	0.682645	0.38178	2.58649e-06	3.78893e-06
28	0	0	0	0	0	0	1	-0	0	0
29	1	1	3	3	3	0	0.981336	0.01884	1.66182e-07	1.69343e-07
30	0	0	0	0	0	0	1	-0	0	0
31	1	1	42	47	7	491	0.0608551	2.79926	1.74906e-06	2.87414e-05
32	0	0	0	0	0	0	1	-0	0	0
33	0	0	0	0	0	0	1	-0	0	0
34	2	2	111	152	20	2677	4.53052e-07	14.6073	6.83281e-11	0.000150818
35	0	0	0	0	0	0	1	-0	0	0
36	3	2	16	16	13	3	0.890671	0.11578	9.46393e-07	1.06256e-06
37	0	0	0	0	0	0	1	-0	0	0
38	2	2	62	86	19	787	0.0105273	4.55378	4.91314e-07	4.66703e-05
39	0	0	0	0	0	0	1	-0	0	0
40	3	3	119	144	17	2239	4.44727e-06	12.3232	5.6522e-10	0.000127094
41	0	0	0	0	0	0	1	-0	0	0
42	0	0	0	0	0	0	1	-0	0	0
43	1	1	2	2	2	0	0.987519	0.01256	1.11486e-07	1.12895e-07
44	0	0	0	0	0	0	1	-0	0	0
45	1	1	7	8	6	2	0.94135	0.06044	5.2513e-07	5.57847e-07
46	0	0	0	0	0	0	1	-0	0	0
47	1	1	5	5	3	2	0.959253	0.0416	3.72674e-07	3.88504e-07
48	0	0	0	0	0	0	1	-0	0	0
49	1	0	2	2	2	0	0.987519	0.01256	1.11486e-07	1.12895e-07
50	1	1	9	11	7	10	0.886849	0.12008	1.02188e-06	1.15226e-06
51	0	0	0	0	0	0	1	-0	0	0
52	1	1	36	50	10	266	0.188134	1.6706	3.18997e-06	1.69558e-05
53	0	0	0	0	0	0	1	-0	0	0
54	1	1	66	82	14	578	0.0313431	3.46276	1.10766e-06	3.53397e-05
55	0	0	0	0	0	0	1	-0	0	0
56	1	1	49	72	8	995	0.00397926	5.52666	2.26546e-07	5.69318e-05
57	0	0	0	0	0	0	1	-0	0	0
58	1	1	5	5	5	0	0.969088	0.0314	2.73513e-07	2.82238e-07
59	1	1	3	3	3	0	0.981336	0.01884	1.66182e-07	1.69343e-07
60	0	0	0	0	0	0	1	-0	0	0
61	2	2	21	21	11	15	0.811898	0.20838	1.60951e-06	1.9824e-06
62	0	0	0	0	0	0	1	-0	0	0
63	2	2	75	100	12	1903	3.25316e-05	10.3333	3.47298e-09	0.000106757
64	0	0	0	0	0	0	1	-0	0	0
65	2	2	9	10	8	2	0.929601	0.073	6.23523e-07	6.70742e-07
66	0	0	0	0	0	0	1	-0	0	0
67	0	0	0	0	0	0	1	-0	0	0
68	1	1	7	7	5	3	0.942462	0.05926	5.22626e-07	5.54533e-07
69	0	0	0	0	0	0	1	-0	0	0
70	1	1	56	69	13	441	0.0683974	2.68242	1.86907e-06	2.73266e-05
71	0	0	0	0	0	0	1	-0	0	0
72	1	1	4	4	2	3	0.960386	0.04042	3.69931e-07	3.8519e-07
73	0	0	0	0	0	0	1	-0	0	0
74	1	1	3	3	3	0	0.981336	0.01884	1.66182e-07	1.69343e-07
75	0	0	0	0	0	0	1	-0	0	0
76	0	0	0	0	0	0	1	-0	0	0
77	1	1	128	184	11	7246	2.8118e-17	38.1101	1.11176e-20	0.00039539
78	0	0	0	0	0	0	1	-0	0	0
79	1	1	14	20	2	154	0.402122	0.911	3.74434e-06	9.31146e-06
80	0	0	0	0	0	0	1	-0	0	0
81	1	1	29	36	11	119	0.434752	0.83298	3.63234e-06	8.35496e-06
82	0	0	0	0	0	0	1	-0	0	0
83	1	1	51	86	10	879	0.00658487	5.02298	3.39507e-07	5.15586e-05
84	0	0	0	0	0	0	1	-0	0	0
85	0	0	0	0	0	0	1	-0	0	0
86	1	1	2	2	2	0	0.987519	0.01256	1.11486e-07	1.12895e-07
87	0	0	0	0	0	0	1	-0	0	0
88	3	3	61	83	19	508	0.0445101	3.11204	1.40994e-06	3.16768e-05
89	0	0	0	0	0	0	1	-0	0	0
90	2	2	61	70	19	368	0.098628	2.3164	2.31819e-06	2.35043e-05
91	0	0	0	0	0	0	1	-0	0	0
92	2	2	13	13	12	1	0.916915	0.08674	7.21568e-07	7.86952e-07
93	0	0	0	0	0	0	1	-0	0	0
94	0	0	0	0	0	0	1	-0	0	0
95	1	1	16	19	9	38	0.731162	0.31312	2.26044e-06	3.09157e-06
96	0	0	0	0	0	0	1	-0	0	0
97	1	1	19	20	9	32	0.749162	0.2888	2.11954e-06	2.82921e-06
98	0	0	0	0	0	0	1	-0	0	0
99	1	1	24	29	9	157	0.374254	0.98282	3.73464e-06	9.97889e-06
100	0	0	0	0	0	0	1	-0	0	0
101	1	1	8	8	6	2	0.94135	0.06044	5.2513e-07	5.57847e-07
102	1	1	22	27	4	254	0.231087	1.46496	3.47091e-06	1.50199e-05
103	0	0	0	0	0	0	1	-0	0	0
104	1	1	40	51	8	322	0.14051	1.96248	2.80846e-06	1.99877e-05
105	0	0	0	0	0	0	1	-0	0	0
106	1	1	46	57	8	471	0.063288	2.76006	1.78746e-06	2.82433e-05
107	0	0	0	0	0	0	1	-0	0	0
108	1	1	12	13	6	22	0.82379	0.19384	1.56747e-06	1.90275e-06
109	0	0	0	0	0	0	1	-0	0	0
110	1	1	16	20	7	51	0.679974	0.3857	2.61025e-06	3.83875e-06
111	1	1	2	2	2	0	0.987519	0.01256	1.11486e-07	1.12895e-07
112	0	0	0	0	0	0	1	-0	0	0
113	1	1	2	2	2	0	0.987519	0.01256	1.11486e-07	1.12895e-07
114	0	0	0	0	0	0	1	-0	0	0
115	2	2	88	113	11	1691	8.8391e-05	9.33374	8.50559e-09	9.62268e-05
116	0	0	0	0	0	0	1	-0	0	0
117	4	4	30	32	15	95	0.503858	0.68546	3.45343e-06	6.85398e-06
118	0	0	0	0	0	0	1	-0	0	0
119	0	0	0	0	0	0	1	-0	0	0
120	1	1	3	3	3	0	0.981336	0.01884	1.66182e-07	1.69343e-07
121	0	0	0	0	0	0	1	-0	0	0
122	1	1	5	5	4	1	0.964158	0.0365	3.23351e-07	3.35371e-07
123	0	0	0	0	0	0	1	-0	0	0
124	1	1	32	39	11	118	0.428819	0.84672	3.6326e-06	8.47117e-06
125	0	0	0	0	0	0	1	-0	0	0
126	1	1	24	30	9	158	0.370019	0.9942	3.73293e-06	1.00885e-05
127	0	0	0	0	0	0	1	-0	0	0
128	0	0	0	0	0	0	1	-0	0	0
129	1	1	9	9	8	1	0.94024	0.06162	5.27627e-07	5.61162e-07
130	0	0	0	0	0	0	1	-0	0	0
131	1	1	26	39	12	238	0.232534	1.45872	3.45246e-06	1.48472e-05
132	0	0	0	0	0	0	1	-0	0	0
133	1	1	35	46	10	355	0.122532	2.09938	2.62941e-06	2.14589e-05
134	0	0	0	0	0	0	1	-0	0	0
135	1	1	15	16	8	29	0.780063	0.24838	1.90649e-06	2.44402e-06
136	0	0	0	0	0	0	1	-0	0	0
137	0	0	0	0	0	0	1	-0	0	0
138	1	1	4	4	3	1	0.970232	0.03022	2.70621e-07	2.78924e-07
139	0	0	0	0	0	0	1	-0	0	0
140	1	1	1	1	1	0	0.99374	0.00628	5.60942e-08	5.64476e-08
141	0	0	0	0	0	0	1	-0	0	0
142	2	2	11	11	9	2	0.923781	0.07928	6.71764e-07	7.2719e-07
143	0	0	0	0	0	0	1	-0	0	0
144	2	2	15	16	13	4	0.88614	0.12088	9.88662e-07	1.11569e-06
145	0	0	0	0	0	0	1	-0	0	0
146	0	0	0	0	0	0	1	-0	0	0
147	1	1	6	7	6	1	0.952124	0.04906	4.26805e-07	4.48266e-07
148	0	0	0	0	0	0	1	-0	0	0
149	1	1	6	7	5	3	0.942462	0.05926	5.22626e-07	5.54533e-07
150	0	0	0	0	0	0	1	-0	0	0
151	1	1	36	52	6	616	0.0311743	3.46816	1.11184e-06	3.56653e-05
152	0	0	0	0	0	0	1	-0	0	0
153	1	1	45	66	7	774	0.0127544	4.36188	5.72042e-07	4.48506e-05
154	0	0	0	0	0	0	1	-0	0	0
155	0	0	0	0	0	0	1	-0	0	0
156	1	1	6	13	2	66	0.658204	0.41824	2.79119e-06	4.24061e-06
157	0	0	0	0	0	0	1	-0	0	0
158	1	1	15	19	8	56	0.66703	0.40492	2.70011e-06	4.04796e-06
159	0	0	0	0	0	0	1	-0	0	0
160	1	1	22	26	8	111	0.482208	0.72938	3.55166e-06	7.36542e-06
161	0	0	0	0	0	0	1	-0	0	0
162	1	1	36	61	7	656	0.0240245	3.72868	9.20108e-07	3.82987e-05
163	1	1	2	2	2	0	0.987519	0.01256	1.11486e-07	1.12895e-07
164	0	0	0	0	0	0	1	-0	0	0
165	1	1	5	6	3	3	0.948399	0.05298	4.72383e-07	4.98085e-07
166	0	0	0	0	0	0	1	-0	0	0
167	1	1	13	15	6	25	0.801156	0.2217	1.74255e-06	2.17504e-06
168	0	0	0	0	0	0	1	-0	0	0
169	3	3	12	13	10	4	0.902993	0.10204	8.54549e-07	9.46352e-07
170	0	0	0	0	0	0	1	-0	0	0
171	2	2	23	28	8	114	0.468959	0.75724	3.58178e-06	7.63772e-06
172	1	1	62	78	7	1125	0.0019747	6.22734	1.26732e-07	6.41778e-05
173	0	0	0	0	0	0	1	-0	0	0
174	1	1	84	115	11	1380	0.000426371	7.7602	3.40309e-08	7.98153e-05
175	0	0	0	0	0	0	1	-0	0	0
176	1	1	36	43	8	157	0.342755	1.07074	3.69118e-06	1.07692e-05
177	0	0	0	0	0	0	1	-0	0	0
178	2	1	7	7	5	2	0.947281	0.05416	4.74966e-07	5.014e-07
179	0	0	0	0	0	0	1	-0	0	0
180	0	0	0	0	0	0	1	-0	0	0
181	1	1	14	18	4	72	0.618635	0.48024	2.99521e-06	4.84165e-06
182	0	0	0	0	0	0	1	-0	0	0
183	1	1	26	30	6	183	0.325726	1.1217	3.71875e-06	1.14168e-05
184	0	0	0	0	0	0	1	-0	0	0
185	1	1	7	7	6	1	0.952124	0.04906	4.26805e-07	4.48266e-07
186	0	0	0	0	0	0	1	-0	0	0
187	1	1	53	67	7	706	0.0179286	4.02136	7.40343e-07	4.1294e-05
188	0	0	0	0	0	0	1	-0	0	0
189	0	0	0	0	0	0	1	-0	0	0
190	1	1	38	56	5	1180	0.00171271	6.36968	1.12796e-07	6.58582e-05
191	0	0	0	0	0	0	1	-0	0	0
192	1	1	5	5	5	0	0.969088	0.0314	2.73513e-07	2.82238e-07
193	0	0	0	0	0	0	1	-0	0	0
194	2	2	32	45	14	182	0.297959	1.2108	3.63819e-06	1.22104e-05
195	0	0	0	0	0	0	1	-0	0	0
196	2	2	29	39	11	287	0.181116	1.70862	3.16059e-06	1.74507e-05
197	0	0	0	0	0	0	1	-0	0	0
198	0	0	0	0	0	0	1	-0	0	0
199	1	1	62	88	8	1964	2.56995e-05	10.569	2.80949e-09	0.000109321
200	0	0	0	0	0	0	1	-0	0	0
201	2	2	11	11	6	9	0.891384	0.11498	9.7974e-07	1.09912e-06
202	0	0	0	0	0	0	1	-0	0	0
203	2	2	143	189	19	3950	5.44083e-10	21.3319	1.19995e-13	0.000220545
204	0	0	0	0	0	0	1	-0	0	0
205	2	2	9	10	7	3	0.924872	0.0781	6.69492e-07	7.23876e-07
206	0	0	0	0	0	0	1	-0	0	0
207	0	0	0	0	0	0	1	-0	0	0
208	1	1	5	5	5	0	0.969088	0.0314	2.73513e-07	2.82238e-07
209	0	0	0	0	0	0	1	-0	0	0
210	1	1	9	9	9	0	0.945048	0.05652	4.80111e-07	5.08028e-07
211	0	0	0	0	0	0	1	-0	0	0
212	1	1	28	35	3	528	0.0543343	2.9126	1.63166e-06	3.003e-05
213	0	0	0	0	0	0	1	-0	0	0
214	1	1	19	20	4	121	0.475827	0.7427	3.59634e-06	7.55807e-06
215	1	1	10	10	5	6	0.910829	0.0934	8.04513e-07	8.83275e-07
216	0	0	0	0	0	0	1	-0	0	0
217	1	1	27	40	10	145	0.371317	0.9907	3.69914e-06	9.96222e-06
218	0	0	0	0	0	0	1	-0	0	0
219	1	1	35	49	10	467	0.0679203	2.68942	1.87318e-06	2.75791e-05
220	0	0	0	0	0	0	1	-0	0	0
221	3	3	88	124	18	2082	1.123e-05	11.3969	1.32091e-09	0.000117623
222	0	0	0	0	0	0	1	-0	0	0
223	2	2	75	92	13	966	0.00406899	5.50436	2.29979e-07	5.65199e-05
224	1	1	52	67	14	415	0.0790828	2.53726	2.04289e-06	2.58323e-05
225	0	0	0	0	0	0	1	-0	0	0
226	2	2	18	18	12	8	0.857409	0.15384	1.23563e-06	1.44112e-06
227	0	0	0	0	0	0	1	-0	0	0
228	2	2	12	12	10	2	0.917998	0.08556	7.19378e-07	7.83638e-07
229	0	0	0	0	0	0	1	-0	0	0
230	3	3	49	81	9	2046	1.76764e-05	10.9433	2.00243e-09	0.000113283
231	0	0	0	0	0	0	1	-0	0	0
232	0	0	0	0	0	0	1	-0	0	0
233	1	1	8	8	7	1	0.946163	0.05534	4.77542e-07	5.04714e-07
234	0	0	0	0	0	0	1	-0	0	0
235	1	1	2	2	1	1	0.982495	0.01766	1.63122e-07	1.66028e-07
236	0	0	0	0	0	0	1	-0	0	0
237	1	1	17	25	4	98	0.518508	0.6568	3.43161e-06	6.61824e-06
238	0	0	0	0	0	0	1	-0	0	0
239	1	1	1	1	1	0	0.99374	0.00628	5.60942e-08	5.64476e-08
240	0	0	0	0	0	0	1	-0	0	0
241	0	0	0	0	0	0	1	-0	0	0
242	1	1	5	5	3	2	0.959253	0.0416	3.72674e-07	3.88504e-07
243	0	0	0	0	0	0	1	-0	0	0
244	1	1	55	67	8	717	0.0169505	4.07746	7.0986e-07	4.18785e-05
245	0	0	0	0	0	0	1	-0	0	0
246	1	1	33	50	10	482	0.0625243	2.7722	1.77773e-06	2.84326e-05
247	0	0	0	0	0	0	1	-0	0	0
248	2	2	7	8	6	2	0.94135	0.06044	5.2513e-07	5.57847e-07
249	0	0	0	0	0	0	1	-0	0	0
250	0	0	0	0	0	0	1	-0	0	0
251	1	1	43	53	8	458	0.0693465	2.66864	1.89501e-06	2.73267e-05
252	0	0	0	0	0	0	1	-0	0	0
253	2	2	21	25	11	81	0.565469	0.5701	3.23164e-06	5.71498e-06
254	0	0	0	0	0	0	1	-0	0	0
255	2	2	51	62	11	583	0.034643	3.36266	1.19437e-06	3.44764e-05
256	0	0	0	0	0	0	1	-0	0	0
257	2	2	21	22	5	122	0.467498	0.76036	3.611e-06	7.7241e-06
258	0	0	0	0	0	0	1	-0	0	0
259	0	0	0	0	0	0	1	-0	0	0
260	1	1	7	7	7	0	0.956992	0.04396	3.78139e-07	3.95133e-07
261	0	0	0	0	0	0	1	-0	0	0
262	1	0	1	1	1	0	0.99374	0.00628	5.60942e-08	5.64476e-08
263	0	0	0	0	0	0	1	-0	0	0
264	1	1	4	4	3	1	0.970232	0.03022	2.70621e-07	2.78924e-07
265	0	0	0	0	0	0	1	-0	0	0
266	1	1	10	12	3	45	0.737227	0.30486	2.26208e-06	3.06837e-06
267	0	0	0	0	0	0	1	-0	0	0
268	0	0	0	0	0	0	1	-0	0	0
269	1	1	23	33	9	234	0.246439	1.40064	3.52308e-06	1.42959e-05
270	0	0	0	0	0	0	1	-0	0	0
271	1	1	14	15	6	45	0.723467	0.3237	2.34238e-06	3.23771e-06
272	0	0	0	0	0	0	1	-0	0	0
273	1	1	39	43	15	138	0.37763	0.97384	3.68553e-06	9.75963e-06
274	0	0	0	0	0	0	1	-0	0	0
275	2	2	46	60	15	906	0.00675549	4.9974	3.4808e-07	5.15255e-05
276	1	1	5	5	3	3	0.954374	0.0467	4.21487e-07	4.41638e-07
277	0	0	0	0	0	0	1	-0	0	0
278	2	2	17	18	14	4	0.87508	0.13344	1.07511e-06	1.22859e-06
279	0	0	0	0	0	0	1	-0	0	0
280	2	2	75	100	12	1540	0.000207164	8.482	1.81206e-08	8.74699e-05
281	0	0	0	0	0	0	1	-0	0	0
282	2	2	55	64	15	322	0.129494	2.04412	2.68332e-06	2.07215e-05
283	0	0	0	0	0	0	1	-0	0	0
284	2	1	11	11	8	6	0.905127	0.09968	8.50568e-07	9.39723e-07
285	1	1	4	4	4	0	0.975193	0.02512	2.20189e-07	2.2579e-07
286	0	0	0	0	0	0	1	-0	0	0
287	1	1	30	38	5	561	0.0450609	3.09974	1.43982e-06	3.19527e-05
288	0	0	0	0	0	0	1	-0	0	0
289	1	1	4	4	3	1	0.970232	0.03022	2.70621e-07	2.78924e-07
290	0	0	0	0	0	0	1	-0	0	0
291	1	0	3	3	3	0	0.981336	0.01884	1.66182e-07	1.69343e-07
292	0	0	0	0	0	0	1	-0	0	0
293	0	0	0	0	0	0	1	-0	0	0
294	1	1	30	36	14	116	0.441455	0.81768	3.61797e-06	8.19556e-06
295	0	0	0	0	0	0	1	-0	0	0
296	1	1	32	39	11	126	0.411675	0.88752	3.66236e-06	8.89624e-06
297	0	0	0	0	0	0	1	-0	0	0
298	1	1	24	32	7	301	0.176213	1.73606	3.13649e-06	1.77994e-05
299	0	0	0	0	0	0	1	-0	0	0
300	1	1	6	6	4	2	0.953248	0.04788	4.2415e-07	4.44952e-07
301	0	0	0	0	0	0	1	-0	0	0
302	0	0	0	0	0	0	1	-0	0	0
303	2	2	50	67	13	1007	0.00386243	5.55646	2.21267e-07	5.72871e-05
304	0	0	0	0	0	0	1	-0	0	0
305	2	1	13	13	12	1	0.916915	0.08674	7.21568e-07	7.86952e-07
306	0	0	0	0	0	0	1	-0	0	0
307	2	2	57	64	21	460	0.064061	2.74792	1.79716e-06	2.80539e-05
308	0	0	0	0	0	0	1	-0	0	0
309	2	1	17	17	8	16	0.828316	0.18836	1.49904e-06	1.80974e-06
310	0	0	0	0	0	0	1	-0	0	0
311	0	0	0	0	0	0	1	-0	0	0
312	1	1	12	12	9	6	0.899461	0.10596	8.96016e-07	9.9617e-07
313	0	0	0	0	0	0	1	-0	0	0
314	1	1	1	1	1	0	0.99374	0.00628	5.60942e-08	5.64476e-08
315	0	0	0	0	0	0	1	-0	0	0
316	1	1	42	63	8	701	0.0188595	3.97074	7.69515e-07	4.08026e-05
317	0	0	0	0	0	0	1	-0	0	0
318	1	1	7	7	6	1	0.952124	0.04906	4.26805e-07	4.48266e-07
319	0	0	0	0	0	0	1	-0	0	0
320	0	0	0	0	0	0	1	-0	0	0
321	1	1	22	30	6	277	0.201675	1.6011	3.30975e-06	1.64113e-05
322	0	0	0	0	0	0	1	-0	0	0
323	1	1	34	44	11	224	0.242024	1.41872	3.48164e-06	1.43855e-05
324	0	0	0	0	0	0	1	-0	0	0
325	1	1	82	107	13	1891	3.30973e-05	10.3161	3.52535e-09	0.000106515
326	0	0	0	0	0	0	1	-0	0	0
327	1	1	28	41	7	302	0.165683	1.79768	3.04203e-06	1.83606e-05
328	1	1	2	2	2	0	0.987519	0.01256	1.11486e-07	1.12895e-07
329	0	0	0	0	0	0	1	-0	0	0
330	3	3	87	113	18	1151	0.00138821	6.57974	9.37526e-08	6.75349e-05
331	0	0	0	0	0	0	1	-0	0	0
332	2	2	25	34	5	407	0.101345	2.28922	2.38612e-06	2.35444e-05
333	0	0	0	0	0	0	1	-0	0	0
334	2	2	12	12	10	2	0.917998	0.08556	7.19378e-07	7.83638e-07
335	0	0	0	0	0	0	1	-0	0	0
336	2	2	45	68	13	1056	0.00298953	5.81264	1.79213e-07	5.99471e-05
337	1	1	20	27	12	58	0.627909	0.46536	2.89203e-06	4.60581e-06
338	0	0	0	0	0	0	1	-0	0	0
339	1	1	58	89	6	1467	0.000322109	8.04062	2.67255e-08	8.29702e-05
340	0	0	0	0	0	0	1	-0	0	0
341	1	1	4	4	4	0	0.975193	0.02512	2.20189e-07	2.2579e-07
342	0	0	0	0	0	0	1	-0	0	0
343	1	1	4	4	3	1	0.970232	0.03022	2.70621e-07	2.78924e-07
344	0	0	0	0	0	0	1	-0	0	0
345	0	0	0	0	0	0	1	-0	0	0
346	1	1	36	51	13	568	0.0400719	3.21708	1.32472e-06	3.30585e-05
347	0	0	0	0	0	0	1	-0	0	0
348	1	1	29	39	9	382	0.111568	2.19312	2.5101e-06	2.24983e-05
349	0	0	0	0	0	0	1	-0	0	0
350	1	1	47	64	10	730	0.0161648	4.12492	6.85385e-07	4.23999e-05
351	0	0	0	0	0	0	1	-0	0	0
352	1	1	100	146	13	2003	1.46338e-05	11.1322	1.67801e-09	0.000114667
353	0	0	0	0	0	0	1	-0	0	0
354	0	0	0	0	0	0	1	-0	0	0
355	1	1	2	2	2	0	0.987519	0.01256	1.11486e-07	1.12895e-07
356	0	0	0	0	0	0	1	-0	0	0
357	2	2	34	47	9	376	0.109398	2.21276	2.47581e-06	2.26311e-05
358	0	0	0	0	0	0	1	-0	0	0
359	3	2	20	23	10	91	0.544145	0.60854	3.33747e-06	6.13342e-06
360	0	0	0	0	0	0	1	-0	0	0
361	2	2	11	11	9	2	0.923781	0.07928	6.71764e-07	7.2719e-07
362	0	0	0	0	0	0	1	-0	0	0
363	0	0	0	0	0	0	1	-0	0	0
364	1	1	73	98	11	2181	7.98026e-06	11.7385	9.68926e-10	0.000121415
365	0	0	0	0	0	0	1	-0	0	0
366	1	1	8	8	6	3	0.936562	0.06554	5.72221e-07	6.1098e-07
367	0	0	0	0	0	0	1	-0	0	0
368	1	1	25	36	5	437	0.0858821	2.45478	2.16864e-06	2.52513e-05
369	0	0	0	0	0	0	1	-0	0	0
370	1	1	14	16	6	46	0.715281	0.33508	2.39425e-06	3.34729e-06
371	0	0	0	0	0	0	1	-0	0	0
372	0	0	0	0	0	0	1	-0	0	0
373	1	1	49	70	17	596	0.0308321	3.4792	1.0982e-06	3.56187e-05
374	0	0	0	0	0	0	1	-0	0	0
375	1	1	40	56	15	348	0.119256	2.12648	2.58207e-06	2.16514e-05
376	0	0	0	0	0	0	1	-0	0	0
377	1	1	22	28	9	114	0.468959	0.75724	3.58178e-06	7.63772e-06
378	0	0	0	0	0	0	1	-0	0	0
379	1	1	30	35	9	190	0.304587	1.1888	3.67666e-06	1.2071e-05
380	0	0	0	0	0	0	1	-0	0	0
381	0	0	0	0	0	0	1	-0	0	0
382	1	0	1	1	1	0	0.99374	0.00628	5.60942e-08	5.64476e-08
383	0	0	0	0	0	0	1	-0	0	0
384	2	2	42	54	16	238	0.211629	1.55292	3.32128e-06	1.56939e-05
385	0	0	0	0	0	0	1	-0	0	0
386	2	2	89	132	9	2185	6.31578e-06	11.9725	7.80296e-10	0.000123547
387	0	0	0	0	0	0	1	-0	0	0
388	3	3	16	20	10	26	0.772441	0.2582	1.93915e-06	2.51042e-06
389	1	1	31	46	6	287	0.173326	1.75258	3.09315e-06	1.78458e-05
390	0	0	0	0	0	0	1	-0	0	0
391	1	1	14	20	6	92	0.551673	0.5948	3.31953e-06	6.01721e-06
392	0	0	0	0	0	0	1	-0	0	0
393	1	1	24	29	12	123	0.445116	0.80942	3.63765e-06	8.17236e-06
394	0	0	0	0	0	0	1	-0	0	0
395	1	1	9	9	7	2	0.935457	0.06672	5.74646e-07	6.14295e-07
396	0	0	0	0	0	0	1	-0	0	0
397	1	1	3	3	3	0	0.981336	0.01884	1.66182e-07	1.69343e-07
398	1	1	9	9	6	6	0.916567	0.08712	7.57843e-07	8.26828e-07
399	0	0	0	0	0	0	1	-0	0	0
400	1	1	11	11	10	1	0.928505	0.07418	6.25865e-07	6.74057e-07
401	0	0	0	0	0	0	1	-0	0	0
402	1	1	14	14	7	11	0.86587	0.14402	1.19034e-06	1.37473e-06
403	0	0	0	0	0	0	1	-0	0	0
404	1	1	31	43	8	501	0.0593004	2.82514	1.7225e-06	2.9047e-05
405	0	0	0	0	0	0	1	-0	0	0
406	0	0	0	0	0	0	1	-0	0	0
407	1	1	7	14	2	78	0.615254	0.48572	3.03607e-06	4.93466e-06
408	0	0	0	0	0	0	1	-0	0	0
409	2	2	42	50	21	132	0.372619	0.9872	3.66506e-06	9.83596e-06
410	0	0	0	0	0	0	1	-0	0	0
411	3	3	14	14	11	3	0.901929	0.10322	8.56531e-07	9.49666e-07
412	0	0	0	0	0	0	1	-0	0	0
413	2	2	48	64	13	1276	0.000998237	6.90952	7.12847e-08	7.14106e-05
414	0	0	0	0	0	0	1	-0	0	0
415	0	0	0	0	0	0	1	-0	0	0
416	1	1	41	52	9	514	0.0524466	2.94796	1.58629e-06	3.02457e-05
417	0	0	0	0	0	0	1	-0	0	0
418	1	1	41	58	13	596	0.0332454	3.40384	1.16164e-06	3.49413e-05
419	0	0	0	0	0	0	1	-0	0	0
420	1	1	12	12	8	7	0.894885	0.11106	9.39006e-07	1.0493e-06
421	0	0	0	0	0	0	1	-0	0	0
422	1	1	49	69	4	2019	2.18738e-05	10.7302	2.43173e-09	0.000111171
423	0	0	0	0	0	0	1	-0	0	0
424	0	0	0	0	0	0	1	-0	0	0
425	1	1	7	7	7	0	0.956992	0.04396	3.78139e-07	3.95133e-07
426	0	0	0	0	0	0	1	-0	0	0
427	1	1	6	6	5	1	0.958122	0.04278	3.7541e-07	3.91819e-07
428	0	0	0	0	0	0	1	-0	0	0
429	1	1	9	9	9	0	0.945048	0.05652	4.80111e-07	5.08028e-07
430	0	0	0	0	0	0	1	-0	0	0
431	1	1	30	41	7	216	0.256897	1.35908	3.5429e-06	1.37911e-05
432	0	0	0	0	0	0	1	-0	0	0
433	0	0	0	0	0	0	1	-0	0	0
434	1	1	18	24	3	231	0.26479	1.32882	3.60869e-06	1.36285e-05
435	0	0	0	0	0	0	1	-0	0	0
436	2	2	39	47	13	266	0.191712	1.65176	3.21817e-06	1.67865e-05
437	0	0	0	0	0	0	1	-0	0	0
438	2	2	8	9	7	2	0.935457	0.06672	5.74646e-07	6.14295e-07
439	0	0	0	0	0	0	1	-0	0	0
440	3	2	29	33	14	155	0.368712	0.99774	3.72341e-06	1.00984e-05
441	0	0	0	0	0	0	1	-0	0	0
442	0	0	0	0	0	0	1	-0	0	0
443	1	1	21	26	11	63	0.615956	0.48458	2.96585e-06	4.81503e-06
444	0	0	0	0	0	0	1	-0	0	0
445	1	1	61	91	10	966	0.00409463	5.49808	2.31196e-07	5.64634e-05
446	0	0	0	0	0	0	1	-0	0	0
447	1	1	48	63	13	738	0.0156163	4.15944	6.67886e-07	4.27685e-05
448	0	0	0	0	0	0	1	-0	0	0
449	1	1	16	18	8	23	0.794264	0.23034	1.77766e-06	2.23812e-06
450	1	1	23	41	2	780	0.0144729	4.23548	6.33307e-07	4.37582e-05
451	0	0	0	0	0	0	1	-0	0	0
452	1	1	3	3	3	0	0.981336	0.01884	1.66182e-07	1.69343e-07
453	0	0	0	0	0	0	1	-0	0	0
454	1	1	2	2	2	0	0.987519	0.01256	1.11486e-07	1.12895e-07
455	0	0	0	0	0	0	1	-0	0	0
456	1	1	16	17	6	66	0.641876	0.44336	2.86688e-06	4.4664e-06
457	0	0	0	0	0	0	1	-0	0	0
458	1	1	12	12	8	5	0.90406	0.10086	8.52562e-07	9.43037e-07
459	1	1	72	101	8	1511	0.000238682	8.34038	2.05232e-08	8.59855e-05
460	0	0	0	0	0	0	1	-0	0	0
461	1	1	3	3	3	0	0.981336	0.01884	1.66182e-07	1.69343e-07
462	0	0	0	0	0	0	1	-0	0	0
463	3	2	91	108	20	1037	0.00256207	5.96694	1.56787e-07	6.11955e-05
464	0	0	0	0	0	0	1	-0	0	0
465	2	2	21	25	8	153	0.391684	0.9373	3.73689e-06	9.54057e-06
466	0	0	0	0	0	0	1	-0	0	0
467	0	0	0	0	0	0	1	-0	0	0
468	1	1	10	11	7	7	0.900523	0.10478	8.94089e-07	9.92856e-07
469	0	0	0	0	0	0	1	-0	0	0
470	1	1	30	34	14	108	0.46565	0.76432	3.56577e-06	7.6576e-06
471	0	0	0	0	0	0	1	-0	0	0
472	2	2	44	54	12	416	0.0853735	2.46072	2.14728e-06	2.51516e-05
473	0	0	0	0	0	0	1	-0	0	0
474	2	2	34	50	6	750	0.0159388	4.139	6.80144e-07	4.26723e-05
475	0	0	0	0	0	0	1	-0	0	0
476	0	0	0	0	0	0	1	-0	0	0
477	1	1	3	3	3	0	0.981336	0.01884	1.66182e-07	1.69343e-07
478	0	0	0	0	0	0	1	-0	0	0
479	1	1	2	2	2	0	0.987519	0.01256	1.11486e-07	1.12895e-07
480	0	0	0	0	0	0	1	-0	0	0
481	1	1	4	4	4	0	0.975193	0.02512	2.20189e-07	2.2579e-07
482	0	0	0	0	0	0	1	-0	0	0
483	1	1	1	1	1	0	0.99374	0.00628	5.60942e-08	5.64476e-08
484	0	0	0	0	0	0	1	-0	0	0
485	0	0	0	0	0	0	1	-0	0	0
486	1	1	9	9	7	2	0.935457	0.06672	5.74646e-07	6.14295e-07
487	0	0	0	0	0	0	1	-0	0	0
488	1	1	14	19	8	35	0.742435	0.29782	2.17694e-06	2.93217e-06
489	0	0	0	0	0	0	1	-0	0	0
490	2	2	34	45	9	391	0.102622	2.2767	2.39266e-06	2.33152e-05
491	0	0	0	0	0	0	1	-0	0	0
492	3	3	66	79	15	613	0.0267179	3.62242	9.89366e-07	3.703e-05
493	0	0	0	0	0	0	1	-0	0	0
494	0	0	0	0	0	0	1	-0	0	0
495	1	1	48	60	11	499	0.0538421	2.9217	1.6099e-06	2.99003e-05
496	0	0	0	0	0	0	1	-0	0	0
497	2	2	6	6	5	1	0.958122	0.04278	3.7541e-07	3.91819e-07
498	0	0	0	0	0	0	1	-0	0	0
499	2	2	40	43	18	118	0.418181	0.87184	3.63691e-06	8.69696e-06
500	0	0	0	0	0	0	1	-0	0	0
501	3	3	19	19	13	8	0.852042	0.16012	1.27599e-06	1.49757e-06
502	1	1	5	5	5	0	0.969088	0.0314	2.73513e-07	2.82238e-07
503	0	0	0	0	0	0	1	-0	0	0
504	1	0	1	1	1	0	0.99374	0.00628	5.60942e-08	5.64476e-08
505	0	0	0	0	0	0	1	-0	0	0
506	1	1	6	6	6	0	0.963021	0.03768	3.26161e-07	3.38686e-07
507	0	0	0	0	0	0	1	-0	0	0
508	1	1	5	5	5	0	0.969088	0.0314	2.73513e-07	2.82238e-07
509	0	0	0	0	0	0	1	-0	0	0
510	1	1	3	3	3	0	0.981336	0.01884	1.66182e-07	1.69343e-07
511	1	1	19	19	10	37	0.734901	0.30802	2.23295e-06	3.03843e-06
512	0	0	0	0	0	0	1	-0	0	0
513	1	1	17	18	10	23	0.794264	0.23034	1.77766e-06	2.23812e-06
514	0	0	0	0	0	0	1	-0	0	0
515	1	1	32	45	13	237	0.22508	1.4913	3.40607e-06	1.51327e-05
516	0	0	0	0	0	0	1	-0	0	0
517	2	2	4	4	4	0	0.975193	0.02512	2.20189e-07	2.2579e-07
518	0	0	0	0	0	0	1	-0	0	0
519	0	0	0	0	0	0	1	-0	0	0
520	1	1	40	57	5	1026	0.00373294	5.59056	2.15511e-07	5.77322e-05
521	0	0	0	0	0	0	1	-0	0	0
522	2	2	21	23	10	79	0.578487	0.54734	3.17926e-06	5.49582e-06
523	0	0	0	0	0	0	1	-0	0	0
524	2	2	9	9	7	2	0.935457	0.06672	5.74646e-07	6.14295e-07
525	0	0	0	0	0	0	1	-0	0	0
526	2	2	6	6	4	2	0.953248	0.04788	4.2415e-07	4.44952e-07
527	0	0	0	0	0	0	1	-0	0	0
528	0	0	0	0	0	0	1	-0	0	0
529	1	1	16	28	5	276	0.205268	1.58344	3.33464e-06	1.62453e-05
530	0	0	0	0	0	0	1	-0	0	0
531	1	1	3	3	3	0	0.981336	0.01884	1.66182e-07	1.69343e-07
532	0	0	0	0	0	0	1	-0	0	0
533	1	1	7	7	7	0	0.956992	0.04396	3.78139e-07	3.95133e-07
534	0	0	0	0	0	0	1	-0	0	0
535	1	1	8	8	5	3	0.936562	0.06554	5.72221e-07	6.1098e-07
536	0	0	0	0	0	0	1	-0	0	0
537	0	0	0	0	0	0	1	-0	0	0
538	1	1	26	30	8	178	0.334138	1.0962	3.72602e-06	1.11511e-05
539	0	0	0	0	0	0	1	-0	0	0
540	1	1	21	27	8	112	0.476751	0.74076	3.56372e-06	7.475e-06
541	0	0	0	0	0	0	1	-0	0	0
542	1	1	31	38	10	282	0.186964	1.67684	3.20242e-06	1.71286e-05
543	0	0	0	0	0	0	1	-0	0	0
544	3	2	51	75	10	2081	1.53545e-05	11.0841	1.76276e-09	0.000114804
545	0	0	0	0	0	0	1	-0	0	0
546	0	0	0	0	0	0	1	-0	0	0
547	2	2	4	4	4	0	0.975193	0.02512	2.20189e-07	2.2579e-07
548	0	0	0	0	0	0	1	-0	0	0
549	2	2	51	71	18	301	0.137934	1.98098	2.7588e-06	2.00009e-05
550	0	0	0	0	0	0	1	-0	0	0
551	2	2	98	132	19	2364	2.53489e-06	12.8854	3.37287e-10	0.000133058
552	0	0	0	0	0	0	1	-0	0	0
553	2	2	10	10	8	2	0.929601	0.073	6.23523e-07	6.70742e-07
554	0	0	0	0	0	0	1	-0	0	0
555	0	0	0	0	0	0	1	-0	0	0
556	1	1	4	4	4	0	0.975193	0.02512	2.20189e-07	2.2579e-07
557	0	0	0	0	0	0	1	-0	0	0
558	1	1	28	37	9	203	0.28149	1.26766	3.62407e-06	1.28746e-05
559	0	0	0	0	0	0	1	-0	0	0
560	1	1	8	8	8	0	0.951001	0.05024	4.29454e-07	4.51581e-07
561	0	0	0	0	0	0	1	-0	0	0
562	1	1	7	7	7	0	0.956992	0.04396	3.78139e-07	3.95133e-07
563	1	1	26	32	9	150	0.380618	0.96596	3.72103e-06	9.7763e-06
564	0	0	0	0	0	0	1	-0	0	0
565	1	1	56	92	12	2383	2.95781e-06	12.7311	3.89868e-10	0.00013181
566	0	0	0	0	0	0	1	-0	0	0
567	1	1	39	51	10	821	0.0110273	4.50738	5.12783e-07	4.65012e-05
568	0	0	0	0	0	0	1	-0	0	0
569	1	1	23	23	11	43	0.695072	0.36374	2.49046e-06	3.58302e-06
570	0	0	0	0	0	0	1	-0	0	0
571	2	2	35	41	15	184	0.302438	1.19588	3.65673e-06	1.20909e-05
572	1	1	2	2	2	0	0.987519	0.01256	1.11486e-07	1.12895e-07
573	0	0	0	0	0	0	1	-0	0	0
574	2	1	1	1	1	0	0.99374	0.00628	5.60942e-08	5.64476e-08
575	0	0	0	0	0	0	1	-0	0	0
576	2	2	42	48	20	281	0.176481	1.73454	3.11312e-06	1.76399e-05
577	0	0	0	0	0	0	1	-0	0	0
578	2	2	33	37	14	163	0.34519	1.06366	3.71054e-06	1.07493e-05
579	0	0	0	0	0	0	1	-0	0	0
580	0	0	0	0	0	0	1	-0	0	0
581	1	1	8	9	7	2	0.935457	0.06672	5.74646e-07	6.14295e-07
582	0	0	0	0	0	0	1	-0	0	0
583	1	1	8	8	6	3	0.936562	0.06554	5.72221e-07	6.1098e-07
584	0	0	0	0	0	0	1	-0	0	0
585	1	1	26	32	8	187	0.315165	1.15466	3.70074e-06	1.17422e-05
586	0	0	0	0	0	0	1	-0	0	0
587	1	1	4	4	3	1	0.970232	0.03022	2.70621e-07	2.78924e-07
588	0	0	0	0	0	0	1	-0	0	0
589	0	0	0	0	0	0	1	-0	0	0
590	1	1	69	82	15	1301	0.000784817	7.15006	5.78842e-08	7.3755e-05
591	0	0	0	0	0	0	1	-0	0	0
592	1	1	51	80	10	1737	8.60054e-05	9.3611	8.32603e-09	9.68082e-05
593	0	0	0	0	0	0	1	-0	0	0
594	1	1	58	76	15	623	0.0258724	3.65458	9.67419e-07	3.7392e-05
595	0	0	0	0	0	0	1	-0	0	0
596	1	1	79	115	12	2036	1.50249e-05	11.1058	1.72292e-09	0.000114671
597	0	0	0	0	0	0	1	-0	0	0
598	0	0	0	0	0	0	1	-0	0	0
599	2	2	57	78	12	1154	0.00170321	6.37524	1.11933e-07	6.57186e-05
600	0	0	0	0	0	0	1	-0	0	0
601	3	3	19	20	17	4	0.864158	0.146	1.15925e-06	1.34148e-06
602	0	0	0	0	0	0	1	-0	0	0
603	2	2	5	5	5	0	0.969088	0.0314	2.73513e-07	2.82238e-07
604	0	0	0	0	0	0	1	-0	0	0
605	2	2	14	18	6	67	0.634613	0.45474	2.90398e-06	4.57598e-06
606	0	0	0	0	0	0	1	-0	0	0
607	0	0	0	0	0	0	1	-0	0	0
608	1	1	28	42	7	232	0.235284	1.44696	3.45814e-06	1.46977e-05
609	0	0	0	0	0	0	1	-0	0	0
610	1	1	25	42	6	342	0.134262	2.00796	2.75806e-06	2.05424e-05
611	0	0	0	0	0	0	1	-0	0	0
612	1	1	15	19	8	56	0.66703	0.40492	2.70011e-06	4.04796e-06
613	0	0	0	0	0	0	1	-0	0	0
614	1	1	46	63	3	1497	0.000325438	8.03034	2.70428e-08	8.30966e-05
615	1	1	53	71	14	694	0.0185872	3.98528	7.59888e-07	4.08822e-05
616	0	0	0	0	0	0	1	-0	0	0
617	1	1	17	19	11	15	0.82216	0.19582	1.53703e-06	1.8695e-06
618	0	0	0	0	0	0	1	-0	0	0
619	1	1	40	46	12	188	0.28717	1.24768	3.61422e-06	1.25856e-05
620	0	0	0	0	0	0	1	-0	0	0
621	1	1	44	53	12	339	0.127232	2.06174	2.67237e-06	2.10039e-05
622	0	0	0	0	0	0	1	-0	0	0
623	1	1	57	81	9	930	0.00523871	5.25168	2.82818e-07	5.39861e-05
624	1	0	1	1	1	0	0.99374	0.00628	5.60942e-08	5.64476e-08
625	0	0	0	0	0	0	1	-0	0	0
626	2	1	16	17	12	8	0.862811	0.14756	1.19471e-06	1.38467e-06
627	0	0	0	0	0	0	1	-0	0	0
628	2	2	57	67	20	292	0.148086	1.90996	2.8576e-06	1.92969e-05
629	0	0	0	0	0	0	1	-0	0	0
630	3	2	39	48	16	180	0.295396	1.21944	3.62553e-06	1.22735e-05
631	0	0	0	0	0	0	1	-0	0	0
632	0	0	0	0	0	0	1	-0	0	0
633	1	1	39	54	8	697	0.0203674	3.89382	8.16366e-07	4.0082e-05
634	0	0	0	0	0	0	1	-0	0	0
635	1	1	12	12	8	5	0.90406	0.10086	8.52562e-07	9.43037e-07
636	0	0	0	0	0	0	1	-0	0	0
637	1	1	14	16	9	14	0.84208	0.17188	1.38693e-06	1.64703e-06
638	0	0	0	0	0	0	1	-0	0	0
639	1	1	15	22	7	106	0.507246	0.67876	3.48679e-06	6.87397e-06
640	0	0	0	0	0	0	1	-0	0	0
641	0	0	0	0	0	0	1	-0	0	0
642	1	1	38	59	10	421	0.0806513	2.51762	2.0727e-06	2.56995e-05
643	0	0	0	0	0	0	1	-0	0	0
644	1	1	70	98	11	1535	0.000215201	8.44394	1.87421e-08	8.70913e-05
645	0	0	0	0	0	0	1	-0	0	0
646	1	1	8	12	6	16	0.854738	0.15696	1.30561e-06	1.5275e-06
647	0	0	0	0	0	0	1	-0	0	0
648	1	1	41	58	10	763	0.0141854	4.25554	6.21529e-07	4.38146e-05
649	0	0	0	0	0	0	1	-0	0	0
650	0	0	0	0	0	0	1	-0	0	0
651	2	2	6	6	6	0	0.963021	0.03768	3.26161e-07	3.38686e-07
652	0	0	0	0	0	0	1	-0	0	0
653	3	3	107	137	23	2733	3.74131e-07	14.7987	5.7222e-11	0.000152946
654	0	0	0	0	0	0	1	-0	0	0
655	2	2	71	89	11	631	0.0228908	3.77702	8.82461e-07	3.85509e-05
656	0	0	0	0	0	0	1	-0	0	0
657	2	2	34	43	10	362	0.120484	2.11624	2.60986e-06	2.16615e-05
658	0	0	0	0	0	0	1	-0	0	0
659	0	0	0	0	0	0	1	-0	0	0
660	1	1	28	36	8	143	0.384666	0.95538	3.7044e-06	9.63016e-06
661	0	0	0	0	0	0	1	-0	0	0
662	1	1	24	26	8	80	0.564802	0.57128	3.2297e-06	5.71829e-06
663	0	0	0	0	0	0	1	-0	0	0
664	1	1	14	21	5	67	0.622769	0.47358	2.95524e-06	4.74532e-06
665	0	0	0	0	0	0	1	-0	0	0
666	1	1	3	3	2	1	0.976344	0.02394	2.17213e-07	2.22476e-07
667	0	0	0	0	0	0	1	-0	0	0
668	0	0	0	0	0	0	1	-0	0	0
669	1	1	38	50	7	607	0.0330511	3.4097	1.15924e-06	3.50742e-05
670	0	0	0	0	0	0	1	-0	0	0
671	1	1	19	26	7	92	0.531273	0.63248	3.37671e-06	6.35589e-06
672	0	0	0	0	0	0	1	-0	0	0
673	1	1	4	4	3	1	0.970232	0.03022	2.70621e-07	2.78924e-07
674	0	0	0	0	0	0	1	-0	0	0
675	1	1	28	36	11	136	0.398647	0.91968	3.69076e-06	9.25823e-06
676	1	1	21	27	4	276	0.206561	1.57716	3.34398e-06	1.61888e-05
677	0	0	0	0	0	0	1	-0	0	0
678	2	2	8	8	8	0	0.951001	0.05024	4.29454e-07	4.51581e-07
679	0	0	0	0	0	0	1	-0	0	0
680	2	1	49	62	9	1231	0.00127162	6.66746	8.76235e-08	6.89067e-05
681	0	0	0	0	0	0	1	-0	0	0
682	3	3	20	25	14	66	0.610425	0.4936	3.00206e-06	4.91798e-06
683	0	0	0	0	0	0	1	-0	0	0
684	2	2	66	89	15	1920	3.19634e-05	10.3509	3.42135e-09	0.00010704
685	1	1	70	97	9	1565	0.000185833	8.59066	1.64702e-08	8.86289e-05
686	0	0	0	0	0	0	1	-0	0	0
687	1	1	8	8	6	2	0.94135	0.06044	5.2513e-07	5.57847e-07
688	0	0	0	0	0	0	1	-0	0	0
689	1	1	9	10	5	15	0.869967	0.1393	1.18444e-06	1.36147e-06
690	0	0	0	0	0	0	1	-0	0	0
691	1	1	32	37	8	168	0.336499	1.08916	3.70652e-06	1.10149e-05
692	0	0	0	0	0	0	1	-0	0	0
693	0	0	0	0	0	0	1	-0	0	0
694	1	1	0	0	0	0	1	-0	0	0
695	0	0	0	0	0	0	1	-0	0	0
696	1	1	6	6	4	2	0.953248	0.04788	4.2415e-07	4.44952e-07
697	0	0	0	0	0	0	1	-0	0	0
698	1	1	27	28	8	135	0.42133	0.86434	3.68811e-06	8.75351e-06
699	0	0	0	0	0	0	1	-0	0	0
700	1	1	4	4	4	0	0.975193	0.02512	2.20189e-07	2.2579e-07
701	0	0	0	0	0	0	1	-0	0	0
702	0	0	0	0	0	0	1	-0	0	0
703	1	1	5	5	3	3	0.954374	0.0467	4.21487e-07	4.41638e-07
704	0	0	0	0	0	0	1	-0	0	0
705	2	2	50	61	19	229	0.21204	1.55098	3.31012e-06	1.56108e-05
706	0	0	0	0	0	0	1	-0	0	0
707	2	2	22	28	11	122	0.450211	0.79804	3.62995e-06	8.06278e-06
708	0	0	0	0	0	0	1	-0	0	0
709	2	2	10	10	8	2	0.929601	0.073	6.23523e-07	6.70742e-07
710	0	0	0	0	0	0	1	-0	0	0
711	0	0	0	0	0	0	1	-0	0	0
712	1	1	64	82	10	1859	4.55883e-05	9.99586	4.71398e-09	0.000103403
713	0	0	0	0	0	0	1	-0	0	0
714	1	1	50	69	12	595	0.0311849	3.46782	1.10735e-06	3.55091e-05
715	0	0	0	0	0	0	1	-0	0	0
716	1	1	75	134	7	7511	9.96333e-18	39.1476	4.05156e-21	0.000406647
717	0	0	0	0	0	0	1	-0	0	0
718	1	1	41	63	13	471	0.0609476	2.79774	1.742e-06	2.85819e-05
719	0	0	0	0	0	0	1	-0	0	0
720	0	0	0	0	0	0	1	-0	0	0
721	1	1	4	4	3	1	0.970232	0.03022	2.70621e-07	2.78924e-07
722	0	0	0	0	0	0	1	-0	0	0
723	1	1	7	7	6	1	0.952124	0.04906	4.26805e-07	4.48266e-07
724	0	0	0	0	0	0	1	-0	0	0
725	1	1	39	53	3	1275	0.0010751	6.83534	7.6049e-08	7.07366e-05
726	0	0	0	0	0	0	1	-0	0	0
727	1	1	13	14	6	23	0.814468	0.20522	1.63898e-06	2.01233e-06
728	1	1	18	21	11	20	0.791457	0.23388	1.77925e-06	2.24806e-06
729	0	0	0	0	0	0	1	-0	0	0
730	1	1	15	20	4	136	0.440784	0.8192	3.68278e-06	8.35507e-06
731	0	0	0	0	0	0	1	-0	0	0
732	2	2	46	55	14	303	0.150966	1.8907	2.89915e-06	1.9204e-05
733	0	0	0	0	0	0	1	-0	0	0
734	3	2	26	30	13	108	0.477496	0.7392	3.54866e-06	7.43181e-06
735	0	0	0	0	0	0	1	-0	0	0
736	2	2	37	48	8	410	0.0914064	2.39244	2.23892e-06	2.44941e-05
737	1	1	5	5	5	0	0.969088	0.0314	2.73513e-07	2.82238e-07
738	0	0	0	0	0	0	1	-0	0	0
739	1	1	66	78	14	1240	0.00109847	6.81384	7.72091e-08	7.02881e-05
740	0	0	0	0	0	0	1	-0	0	0
741	1	1	42	55	10	752	0.0152893	4.1806	6.58371e-07	4.30608e-05
742	0	0	0	0	0	0	1	-0	0	0
743	1	1	54	66	12	539	0.0422826	3.16338	1.36845e-06	3.23643e-05
744	0	0	0	0	0	0	1	-0	0	0
745	0	0	0	0	0	0	1	-0	0	0
746	1	1	2	2	2	0	0.987519	0.01256	1.11486e-07	1.12895e-07
747	0	0	0	0	0	0	1	-0	0	0
748	1	1	4	4	4	0	0.975193	0.02512	2.20189e-07	2.2579e-07
749	0	0	0	0	0	0	1	-0	0	0
750	1	1	1	1	1	0	0.99374	0.00628	5.60942e-08	5.64476e-08
751	0	0	0	0	0	0	1	-0	0	0
752	1	1	5	5	5	0	0.969088	0.0314	2.73513e-07	2.82238e-07
753	0	0	0	0	0	0	1	-0	0	0
754	0	0	0	0	0	0	1	-0	0	0
755	1	1	24	36	5	496	0.0635658	2.75568	1.80439e-06	2.83862e-05
756	0	0	0	0	0	0	1	-0	0	0
757	1	1	12	17	6	27	0.783127	0.24446	1.87497e-06	2.39421e-06
758	0	0	0	0	0	0	1	-0	0	0
759	2	2	33	48	6	862	0.00911677	4.69764	4.42257e-07	4.85103e-05
760	0	0	0	0	0	0	1	-0	0	0
761	2	2	73	88	20	848	0.00761649	4.87744	3.8101e-07	5.00243e-05
762	0	0	0	0	0	0	1	-0	0	0
763	0	0	0	0	0	0	1	-0	0	0
764	1	1	44	57	5	1137	0.00211932	6.15666	1.34852e-07	6.363e-05
765	0	0	0	0	0	0	1	-0	0	0
766	1	1	6	6	5	1	0.958122	0.04278	3.7541e-07	3.91819e-07
767	0	0	0	0	0	0	1	-0	0	0
768	2	2	24	28	13	37	0.694516	0.36454	2.46307e-06	3.54646e-06
769	0	0	0	0	0	0	1	-0	0	0
770	2	2	28	35	10	105	0.46987	0.7553	3.5497e-06	7.55465e-06
771	0	0	0	0	0	0	1	-0	0	0
772	0	0	0	0	0	0	1	-0	0	0
773	1	1	5	5	4	1	0.964158	0.0365	3.23351e-07	3.35371e-07
774	0	0	0	0	0	0	1	-0	0	0
775	1	1	1	1	1	0	0.99374	0.00628	5.60942e-08	5.64476e-08
776	0	0	0	0	0	0	1	-0	0	0
777	1	0	4	4	3	1	0.970232	0.03022	2.70621e-07	2.78924e-07
778	0	0	0	0	0	0	1	-0	0	0
779	1	1	5	5	5	0	0.969088	0.0314	2.73513e-07	2.82238e-07
780	0	0	0	0	0	0	1	-0	0	0
781	0	0	0	0	0	0	1	-0	0	0
782	1	1	22	25	8	40	0.696979	0.361	2.46488e-06	3.53652e-06
783	0	0	0	0	0	0	1	-0	0	0
784	1	1	18	22	8	80	0.57917	0.54616	3.18109e-06	5.4925e-06
785	0	0	0	0	0	0	1	-0	0	0
786	3	3	51	68	15	1182	0.00157226	6.45524	1.04778e-07	6.66419e-05
787	0	0	0	0	0	0	1	-0	0	0
788	2	2	76	117	11	1499	0.000229488	8.37966	1.97936e-08	8.6251e-05
789	1	1	26	34	6	305	0.1705	1.76902	3.09029e-06	1.81248e-05
790	0	0	0	0	0	0	1	-0	0	0
791	1	1	19	22	11	48	0.68184	0.38296	2.5857e-06	3.79224e-06
792	0	0	0	0	0	0	1	-0	0	0
793	2	2	15	16	5	66	0.64592	0.43708	2.84848e-06	4.40995e-06
794	0	0	0	0	0	0	1	-0	0	0
795	2	2	11	11	8	3	0.919082	0.08438	7.17181e-07	7.80323e-07
796	0	0	0	0	0	0	1	-0	0	0
797	2	2	109	140	14	2040	1.25825e-05	11.2832	1.46328e-09	0.000116294
798	1	1	23	26	9	54	0.644887	0.43868	2.79677e-06	4.33683e-06
799	0	0	0	0	0	0	1	-0	0	0
800	1	1	9	10	8	2	0.929601	0.073	6.23523e-07	6.70742e-07
801	0	0	0	0	0	0	1	-0	0	0
802	1	1	5	5	4	1	0.964158	0.0365	3.23351e-07	3.35371e-07
803	0	0	0	0	0	0	1	-0	0	0
804	1	1	23	31	5	351	0.137411	1.98478	2.80313e-06	2.03996e-05
805	0	0	0	0	0	0	1	-0	0	0
806	0	0	0	0	0	0	1	-0	0	0
807	1	1	6	6	6	0	0.963021	0.03768	3.26161e-07	3.38686e-07
808	0	0	0	0	0	0	1	-0	0	0
809	1	1	51	75	10	640	0.0238732	3.735	9.12882e-07	3.82388e-05
810	0	0	0	0	0	0	1	-0	0	0
811	1	1	77	111	9	1857	3.83874e-05	10.1678	4.02815e-09	0.000104934
812	0	0	0	0	0	0	1	-0	0	0
813	2	2	8	9	7	3	0.930698	0.07182	6.21174e-07	6.67428e-07
814	0	0	0	0	0	0	1	-0	0	0
815	0	0	0	0	0	0	1	-0	0	0
816	1	1	9	9	8	1	0.94024	0.06162	5.27627e-07	5.61162e-07
817	0	0	0	0	0	0	1	-0	0	0
818	2	2	58	73	17	511	0.0466753	3.06454	1.45962e-06	3.12717e-05
819	0	0	0	0	0	0	1	-0	0	0
820	2	2	19	20	13	7	0.851037	0.1613	1.27731e-06	1.50088e-06
821	0	0	0	0	0	0	1	-0	0	0
822	2	2	9	9	8	1	0.94024	0.06162	5.27627e-07	5.61162e-07
823	0	0	0	0	0	0	1	-0	0	0
824	0	0	0	0	0	0	1	-0	0	0
825	1	1	4	4	4	0	0.975193	0.02512	2.20189e-07	2.2579e-07
826	0	0	0	0	0	0	1	-0	0	0
827	1	1	36	51	9	678	0.0228666	3.77808	8.89581e-07	3.89031e-05
828	0	0	0	0	0	0	1	-0	0	0
829	1	1	5	5	4	1	0.964158	0.0365	3.23351e-07	3.35371e-07
830	0	0	0	0	0	0	1	-0	0	0
831	1	1	9	9	7	2	0.935457	0.06672	5.74646e-07	6.14295e-07
832	0	0	0	0	0	0	1	-0	0	0
833	0	0	0	0	0	0	1	-0	0	0
834	1	1	48	66	7	621	0.0278317	3.58158	1.02201e-06	3.67213e-05
835	0	0	0	0	0	0	1	-0	0	0
836	1	1	25	29	3	212	0.282714	1.26332	3.64735e-06	1.29012e-05
837	0	0	0	0	0	0	1	-0	0	0
838	1	1	36	52	8	283	0.170357	1.76986	3.06165e-06	1.7972e-05
839	0	0	0	0	0	0	1	-0	0	0
840	3	3	54	74	15	677	0.0198924	3.91742	7.98644e-07	4.01483e-05
841	1	1	6	6	5	1	0.958122	0.04278	3.7541e-07	3.91819e-07
842	0	0	0	0	0	0	1	-0	0	0
843	3	3	47	60	18	466	0.0637109	2.7534	1.79327e-06	2.81469e-05
844	0	0	0	0	0	0	1	-0	0	0
845	2	2	21	22	18	5	0.849031	0.16366	1.27992e-06	1.50751e-06
846	0	0	0	0	0	0	1	-0	0	0
847	2	2	43	48	12	173	0.306132	1.18374	3.64343e-06	1.19015e-05
848	0	0	0	0	0	0	1	-0	0	0
849	2	2	17	19	11	36	0.738658	0.30292	2.20512e-06	2.9853e-06
850	1	1	5	5	5	0	0.969088	0.0314	2.73513e-07	2.82238e-07
851	0	0	0	0	0	0	1	-0	0	0
852	1	1	5	5	5	0	0.969088	0.0314	2.73513e-07	2.82238e-07
853	0	0	0	0	0	0	1	-0	0	0
854	1	1	51	69	7	654	0.0230816	3.76872	8.91965e-07	3.8644e-05
855	0	0	0	0	0	0	1	-0	0	0
856	1	1	26	33	5	354	0.133635	2.01264	2.7625e-06	2.06719e-05
857	0	0	0	0	0	0	1	-0	0	0
858	0	0	0	0	0	0	1	-0	0	0
859	1	1	39	52	7	491	0.0589739	2.83066	1.71164e-06	2.90237e-05
860	0	0	0	0	0	0	1	-0	0	0
861	1	1	24	29	11	55	0.629632	0.46262	2.87068e-06	4.55931e-06
862	0	0	0	0	0	0	1	-0	0	0
863	1	1	50	68	10	471	0.0590636	2.82914	1.70482e-06	2.88642e-05
864	0	0	0	0	0	0	1	-0	0	0
865	1	1	5	6	3	4	0.943574	0.05808	5.20116e-07	5.51218e-07
866	0	0	0	0	0	0	1	-0	0	0
867	0	0	0	0	0	0	1	-0	0	0
868	2	2	45	49	20	126	0.386617	0.95032	3.65768e-06	9.46072e-06
869	0	0	0	0	0	0	1	-0	0	0
870	2	2	44	61	6	1013	0.00388987	5.54938	2.22762e-07	5.72672e-05
871	0	0	0	0	0	0	1	-0	0	0
872	3	3	64	76	15	544	0.0387091	3.25168	1.28493e-06	3.31945e-05
873	0	0	0	0	0	0	1	-0	0	0
874	2	2	59	75	15	554	0.0370162	3.2964	1.24631e-06	3.36694e-05
875	0	0	0	0	0	0	1	-0	0	0
876	0	0	0	0	0	0	1	-0	0	0
877	1	1	31	36	9	153	0.36554	1.00638	3.71443e-06	1.01615e-05
878	0	0	0	0	0	0	1	-0	0	0
879	1	1	9	9	7	2	0.935457	0.06672	5.74646e-07	6.14295e-07
880	0	0	0	0	0	0	1	-0	0	0
881	1	1	86	127	11	2241	4.89812e-06	12.2267	6.1834e-10	0.00012624
882	0	0	0	0	0	0	1	-0	0	0
883	1	1	29	30	6	255	0.225621	1.4889	3.439e-06	1.52424e-05
884	0	0	0	0	0	0	1	-0	0	0
885	0	0	0	0	0	0	1	-0	0	0
886	1	1	15	15	7	18	0.830274	0.186	1.49708e-06	1.80311e-06
887	0	0	0	0	0	0	1	-0	0	0
888	1	1	17	24	7	61	0.630136	0.46182	2.89602e-06	4.59587e-06
889	0	0	0	0	0	0	1	-0	0	0
890	1	1	65	79	11	654	0.0216766	3.83152	8.49908e-07	3.92085e-05
891	0	0	0	0	0	0	1	-0	0	0
892	1	1	14	14	7	11	0.86587	0.14402	1.19034e-06	1.37473e-06
893	0	0	0	0	0	0	1	-0	0	0
894	0	0	0	0	0	0	1	-0	0	0
895	2	2	46	57	11	669	0.0230553	3.76986	8.93707e-07	3.87636e-05
896	0	0	0	0	0	0	1	-0	0	0
897	2	2	70	105	13	1638	0.000121791	9.0132	1.13216e-08	9.29592e-05
898	0	0	0	0	0	0	1	-0	0	0
899	2	2	12	12	9	4	0.908682	0.09576	8.0864e-07	8.89904e-07
900	0	0	0	0	0	0	1	-0	0	0
901	2	2	35	45	12	561	0.0431229	3.1437	1.39494e-06	3.23479e-05
902	1	1	25	33	9	160	0.359429	1.02324	3.72515e-06	1.03641e-05
903	0	0	0	0	0	0	1	-0	0	0
904	1	1	26	29	10	79	0.557095	0.58502	3.25037e-06	5.8345e-06
905	0	0	0	0	0	0	1	-0	0	0
906	1	1	9	10	8	3	0.924872	0.0781	6.69492e-07	7.23876e-07
907	0	0	0	0	0	0	1	-0	0	0
908	1	1	31	47	6	420	0.0874087	2.43716	2.18251e-06	2.4969e-05
909	0	0	0	0	0	0	1	-0	0	0
910	1	1	3	4	3	1	0.970232	0.03022	2.70621e-07	2.78924e-07
911	1	1	13	13	11	2	0.912251	0.09184	7.66369e-07	8.40085e-07
912	0	0	0	0	0	0	1	-0	0	0
913	1	1	4	4	4	0	0.975193	0.02512	2.20189e-07	2.2579e-07
914	0	0	0	0	0	0	1	-0	0	0
915	1	1	20	25	5	146	0.40592	0.9016	3.72173e-06	9.16864e-06
916	0	0	0	0	0	0	1	-0	0	0
917	1	1	26	38	8	249	0.221233	1.50854	3.40149e-06	1.53752e-05
918	0	0	0	0	0	0	1	-0	0	0
919	0	0	0	0	0	0	1	-0	0	0
920	2	2	40	61	8	1379	0.000601563	7.41598	4.61483e-08	7.6714e-05
921	0	0	0	0	0	0	1	-0	0	0
922	2	2	11	11	10	1	0.928505	0.07418	6.25865e-07	6.74057e-07
923	0	0	0	0	0	0	1	-0	0	0
924	3	3	11	11	8	4	0.914407	0.08948	7.62118e-07	8.33456e-07
925	0	0	0	0	0	0	1	-0	0	0
926	2	2	24	28	11	108	0.483531	0.72664	3.53892e-06	7.31892e-06
927	0	0	0	0	0	0	1	-0	0	0
928	0	0	0	0	0	0	1	-0	0	0
929	1	1	33	42	9	468	0.0706117	2.65056	1.92326e-06	2.72371e-05
930	0	0	0	0	0	0	1	-0	0	0
931	1	1	43	57	11	444	0.0726313	2.62236	1.94715e-06	2.68087e-05
932	0	0	0	0	0	0	1	-0	0	0
933	1	1	26	34	6	203	0.286843	1.24882	3.64442e-06	1.27053e-05
934	0	0	0	0	0	0	1	-0	0	0
935	1	1	37	50	8	784	0.0134013	4.3124	5.96076e-07	4.44788e-05
936	0	0	0	0	0	0	1	-0	0	0
937	0	0	0	0	0	0	1	-0	0	0
938	1	1	31	41	9	276	0.189176	1.66508	3.21203e-06	1.69791e-05
939	0	0	0	0	0	0	1	-0	0	0
940	1	1	11	14	6	19	0.831254	0.18482	1.49609e-06	1.7998e-06
941	0	0	0	0	0	0	1	-0	0	0
942	1	1	9	9	7	2	0.935457	0.06672	5.74646e-07	6.14295e-07
943	0	0	0	0	0	0	1	-0	0	0
944	1	1	50	82	8	2247	6.3019e-06	11.9747	7.81555e-10	0.000124019
945	0	0	0	0	0	0	1	-0	0	0
946	0	0	0	0	0	0	1	-0	0	0
947	2	1	20	20	14	8	0.846707	0.1664	1.3158e-06	1.55402e-06
948	0	0	0	0	0	0	1	-0	0	0
949	2	2	77	97	11	3095	7.59144e-08	16.3937	1.28996e-11	0.000169923
950	0	0	0	0	0	0	1	-0	0	0
951	2	1	11	11	8	3	0.919082	0.08438	7.17181e-07	7.80323e-07
952	0	0	0	0	0	0	1	-0	0	0
953	3	3	40	50	18	158	0.326345	1.1198	3.66075e-06	1.12174e-05
954	0	0	0	0	0	0	1	-0	0	0
955	0	0	0	0	0	0	1	-0	0	0
956	1	1	20	20	14	9	0.8424	0.1715	1.35386e-06	1.60715e-06
957	0	0	0	0	0	0	1	-0	0	0
958	1	1	6	7	5	3	0.942462	0.05926	5.22626e-07	5.54533e-07
959	0	0	0	0	0	0	1	-0	0	0
960	1	1	89	136	9	2305	3.33987e-06	12.6096	4.3468e-10	0.000130149
961	0	0	0	0	0	0	1	-0	0	0
962	1	1	20	25	9	60	0.629393	0.463	2.89469e-06	4.59918e-06
963	1	1	9	10	8	2	0.929601	0.073	6.23523e-07	6.70742e-07
964	0	0	0	0	0	0	1	-0	0	0
965	1	1	3	3	3	0	0.981336	0.01884	1.66182e-07	1.69343e-07
966	0	0	0	0	0	0	1	-0	0	0
967	1	1	8	8	4	7	0.917649	0.08594	7.55696e-07	8.23513e-07
968	0	0	0	0	0	0	1	-0	0	0
969	1	1	29	41	5	631	0.0309439	3.47558	1.10907e-06	3.58414e-05
970	0	0	0	0	0	0	1	-0	0	0
971	1	1	14	15	8	14	0.847385	0.1656	1.34783e-06	1.59058e-06
972	1	1	67	91	11	2025	1.84771e-05	10.899	2.08295e-09	0.000112731
973	0	0	0	0	0	0	1	-0	0	0
974	2	2	90	125	15	2212	5.75064e-06	12.0662	7.16452e-10	0.000124587
975	0	0	0	0	0	0	1	-0	0	0
976	3	3	74	103	21	1266	0.000822271	7.10344	6.00922e-08	7.30807e-05
977	0	0	0	0	0	0	1	-0	0	0
978	2	2	41	53	15	537	0.0463497	3.07154	1.46114e-06	3.15243e-05
979	0	0	0	0	0	0	1	-0	0	0
980	0	0	0	0	0	0	1	-0	0	0
981	1	1	33	39	10	206	0.273755	1.29552	3.59903e-06	1.31469e-05
982	0	0	0	0	0	0	1	-0	0	0
983	1	1	16	18	6	34	0.750932	0.28644	2.11957e-06	2.82259e-06
984	0	0	0	0	0	0	1	-0	0	0
985	1	1	32	40	5	393	0.104821	2.2555	2.42548e-06	2.31393e-05
986	0	0	0	0	0	0	1	-0	0	0
987	1	1	36	47	10	598	0.0352616	3.34496	1.21394e-06	3.44267e-05
988	0	0	0	0	0	0	1	-0	0	0
989	0	0	0	0	0	0	1	-0	0	0
990	1	1	1	1	1	0	0.99374	0.00628	5.60942e-08	5.64476e-08
991	0	0	0	0	0	0	1	-0	0	0
992	1	1	4	4	4	0	0.975193	0.02512	2.20189e-07	2.2579e-07
993	0	0	0	0	0	0	1	-0	0	0
994	1	1	8	8	5	6	0.922341	0.08084	7.10553e-07	7.7038e-07
995	0	0	0	0	0	0	1	-0	0	0
996	1	1	4	4	3	1	0.970232	0.03022	2.70621e-07	2.78924e-07
997	0	0	0	0	0	0	1	-0	0	0
998	0	0	0	0	0	0	1	-0	0	0
999	1	1	5	5	3	2	0.959253	0.0416	3.72674e-07	3.88504e-07
1000	0	0	0	0	0	0	1	-0	0	0