Hist	Tr_Tot	Tr_in	DSBs	DSBt	RIFs	NComb	PSurv	lPSurv	PMut*	PMut
1	0	0	0	0	0	0	1	-0	0	0
2	1	1	4	5	4	1	0.964158	0.0365	3.23351e-07	3.35371e-07
3	0	0	0	0	0	0	1	-0	0	0
4	1	1	9	9	5	10	0.898059	0.10752	9.33407e-07	1.03936e-06
5	1	1	4	4	4	0	0.975193	0.02512	2.20189e-07	2.2579e-07
6	0	0	0	0	0	0	1	-0	0	0
7	3	3	15	15	11	7	0.878183	0.1299	1.07019e-06	1.21865e-06
8	0	0	0	0	0	0	1	-0	0	0
9	2	2	13	14	9	6	0.888234	0.11852	9.8511e-07	1.10907e-06
10	0	0	0	0	0	0	1	-0	0	0
11	2	2	44	50	9	184	0.285818	1.2524	3.60099e-06	1.25989e-05
12	0	0	0	0	0	0	1	-0	0	0
13	3	3	12	12	9	3	0.913328	0.09066	7.64246e-07	8.36771e-07
14	1	1	7	7	6	1	0.952124	0.04906	4.26805e-07	4.48266e-07
15	0	0	0	0	0	0	1	-0	0	0
16	1	1	7	9	5	5	0.921254	0.08202	7.12769e-07	7.73694e-07
17	0	0	0	0	0	0	1	-0	0	0
18	1	1	8	8	4	7	0.917649	0.08594	7.55696e-07	8.23513e-07
19	0	0	0	0	0	0	1	-0	0	0
20	1	1	2	2	2	0	0.987519	0.01256	1.11486e-07	1.12895e-07
21	0	0	0	0	0	0	1	-0	0	0
22	1	1	3	3	3	0	0.981336	0.01884	1.66182e-07	1.69343e-07
23	1	1	54	79	6	1094	0.00229845	6.07552	1.43853e-07	6.25871e-05
24	0	0	0	0	0	0	1	-0	0	0
25	1	1	5	5	4	1	0.964158	0.0365	3.23351e-07	3.35371e-07
26	0	0	0	0	0	0	1	-0	0	0
27	1	1	15	17	7	26	0.787131	0.23936	1.84273e-06	2.34107e-06
28	0	0	0	0	0	0	1	-0	0	0
29	1	1	4	4	4	0	0.975193	0.02512	2.20189e-07	2.2579e-07
30	0	0	0	0	0	0	1	-0	0	0
31	1	1	29	34	6	244	0.23272	1.45792	3.46374e-06	1.48837e-05
32	1	1	14	16	5	38	0.745068	0.29428	2.17725e-06	2.92222e-06
33	0	0	0	0	0	0	1	-0	0	0
34	2	2	66	81	15	643	0.0226413	3.78798	8.77054e-07	3.87369e-05
35	0	0	0	0	0	0	1	-0	0	0
36	3	2	8	8	6	2	0.94135	0.06044	5.2513e-07	5.57847e-07
37	0	0	0	0	0	0	1	-0	0	0
38	2	2	58	72	18	523	0.044181	3.11946	1.40729e-06	3.18529e-05
39	1	1	5	5	4	1	0.964158	0.0365	3.23351e-07	3.35371e-07
40	4	4	49	64	22	271	0.167962	1.78402	3.02528e-06	1.80117e-05
41	1	1	23	31	6	177	0.333744	1.09738	3.72274e-06	1.11545e-05
42	0	0	0	0	0	0	1	-0	0	0
43	1	1	0	0	0	0	1	-0	0	0
44	0	0	0	0	0	0	1	-0	0	0
45	1	1	6	7	5	3	0.942462	0.05926	5.22626e-07	5.54533e-07
46	0	0	0	0	0	0	1	-0	0	0
47	1	1	2	4	1	6	0.945804	0.05572	5.15075e-07	5.4459e-07
48	1	1	32	37	5	269	0.201038	1.60426	3.29329e-06	1.63814e-05
49	1	0	2	2	1	1	0.982495	0.01766	1.63122e-07	1.66028e-07
50	1	1	5	7	3	10	0.909409	0.09496	8.42536e-07	9.26465e-07
51	0	0	0	0	0	0	1	-0	0	0
52	1	1	22	27	7	72	0.584639	0.53676	3.12763e-06	5.34968e-06
53	0	0	0	0	0	0	1	-0	0	0
54	1	1	47	69	11	512	0.0476192	3.04452	1.48091e-06	3.10991e-05
55	0	0	0	0	0	0	1	-0	0	0
56	1	1	40	50	7	499	0.0573318	2.8589	1.68188e-06	2.93358e-05
57	1	1	7	7	6	1	0.952124	0.04906	4.26805e-07	4.48266e-07
58	1	1	4	5	3	2	0.959253	0.0416	3.72674e-07	3.88504e-07
59	1	1	2	2	2	0	0.987519	0.01256	1.11486e-07	1.12895e-07
60	0	0	0	0	0	0	1	-0	0	0
61	2	2	15	15	12	3	0.896282	0.1095	9.01762e-07	1.00611e-06
62	0	0	0	0	0	0	1	-0	0	0
63	2	2	55	62	8	876	0.00777408	4.85696	3.89049e-07	5.00444e-05
64	0	0	0	0	0	0	1	-0	0	0
65	3	3	18	20	11	30	0.756843	0.2786	2.06084e-06	2.72295e-06
66	1	1	15	18	9	25	0.786203	0.24054	1.84316e-06	2.34439e-06
67	0	0	0	0	0	0	1	-0	0	0
68	1	1	5	5	5	0	0.969088	0.0314	2.73513e-07	2.82238e-07
69	0	0	0	0	0	0	1	-0	0	0
70	2	2	45	59	11	660	0.0238369	3.73652	9.15297e-07	3.83983e-05
71	0	0	0	0	0	0	1	-0	0	0
72	2	2	7	7	7	0	0.956992	0.04396	3.78139e-07	3.95133e-07
73	0	0	0	0	0	0	1	-0	0	0
74	2	2	57	85	15	1465	0.000333689	8.0053	2.75755e-08	8.26382e-05
75	1	1	19	19	11	29	0.765505	0.26722	2.00054e-06	2.61337e-06
76	0	0	0	0	0	0	1	-0	0	0
77	1	1	110	138	10	3374	1.41431e-08	18.074	2.64562e-12	0.000187061
78	0	0	0	0	0	0	1	-0	0	0
79	1	1	17	17	3	92	0.562165	0.57596	3.28746e-06	5.84786e-06
80	0	0	0	0	0	0	1	-0	0	0
81	1	1	22	26	11	35	0.710504	0.34178	2.36406e-06	3.3273e-06
82	0	0	0	0	0	0	1	-0	0	0
83	1	1	38	46	8	220	0.243929	1.41088	3.48474e-06	1.42859e-05
84	1	1	2	2	2	0	0.987519	0.01256	1.11486e-07	1.12895e-07
85	0	0	0	0	0	0	1	-0	0	0
86	1	1	3	3	3	0	0.981336	0.01884	1.66182e-07	1.69343e-07
87	0	0	0	0	0	0	1	-0	0	0
88	4	4	63	79	22	574	0.0325975	3.42352	1.13954e-06	3.49578e-05
89	0	0	0	0	0	0	1	-0	0	0
90	2	2	43	49	12	240	0.216164	1.53172	3.3544e-06	1.55179e-05
91	0	0	0	0	0	0	1	-0	0	0
92	2	2	6	6	6	0	0.963021	0.03768	3.26161e-07	3.38686e-07
93	1	1	1	1	1	0	0.99374	0.00628	5.60942e-08	5.64476e-08
94	0	0	0	0	0	0	1	-0	0	0
95	2	2	65	81	16	1282	0.000870119	7.04688	6.32481e-08	7.2689e-05
96	0	0	0	0	0	0	1	-0	0	0
97	3	3	74	94	13	964	0.0040594	5.50672	2.29464e-07	5.65265e-05
98	0	0	0	0	0	0	1	-0	0	0
99	2	2	69	81	12	1400	0.000476673	7.64868	3.76375e-08	7.89587e-05
100	1	1	11	11	10	1	0.928505	0.07418	6.25865e-07	6.74057e-07
101	2	2	9	9	8	1	0.94024	0.06162	5.27627e-07	5.61162e-07
102	1	1	12	16	3	91	0.568599	0.56458	3.26278e-06	5.73828e-06
103	0	0	0	0	0	0	1	-0	0	0
104	1	1	23	27	9	77	0.56992	0.56226	3.20029e-06	5.61534e-06
105	0	0	0	0	0	0	1	-0	0	0
106	1	1	54	61	11	542	0.0429688	3.14728	1.38538e-06	3.22415e-05
107	0	0	0	0	0	0	1	-0	0	0
108	1	1	6	6	5	1	0.958122	0.04278	3.7541e-07	3.91819e-07
109	1	1	1	1	1	0	0.99374	0.00628	5.60942e-08	5.64476e-08
110	1	1	10	11	4	16	0.860123	0.15068	1.26529e-06	1.47105e-06
111	1	1	2	2	2	0	0.987519	0.01256	1.11486e-07	1.12895e-07
112	0	0	0	0	0	0	1	-0	0	0
113	1	1	3	3	3	0	0.981336	0.01884	1.66182e-07	1.69343e-07
114	0	0	0	0	0	0	1	-0	0	0
115	2	2	65	84	10	911	0.00566403	5.17362	3.0102e-07	5.31459e-05
116	0	0	0	0	0	0	1	-0	0	0
117	4	4	29	32	19	58	0.608499	0.49676	2.97437e-06	4.88805e-06
118	1	1	44	51	6	907	0.00711194	4.94598	3.63211e-07	5.10706e-05
119	0	0	0	0	0	0	1	-0	0	0
120	2	2	19	21	10	36	0.729439	0.31548	2.25994e-06	3.09819e-06
121	0	0	0	0	0	0	1	-0	0	0
122	2	2	15	15	9	10	0.864849	0.1452	1.1918e-06	1.37805e-06
123	0	0	0	0	0	0	1	-0	0	0
124	2	2	29	35	13	142	0.389068	0.944	3.70416e-06	9.52058e-06
125	0	0	0	0	0	0	1	-0	0	0
126	3	3	62	78	19	1053	0.00285084	5.86014	1.72055e-07	6.03522e-05
127	1	1	24	35	3	528	0.0543343	2.9126	1.63166e-06	3.003e-05
128	0	0	0	0	0	0	1	-0	0	0
129	1	1	6	6	6	0	0.963021	0.03768	3.26161e-07	3.38686e-07
130	0	0	0	0	0	0	1	-0	0	0
131	1	1	14	19	3	71	0.617905	0.48142	2.99373e-06	4.84496e-06
132	0	0	0	0	0	0	1	-0	0	0
133	1	1	32	38	7	178	0.317766	1.14644	3.68695e-06	1.16027e-05
134	0	0	0	0	0	0	1	-0	0	0
135	1	1	9	10	6	7	0.906196	0.0985	8.48569e-07	9.36408e-07
136	1	1	5	5	5	0	0.969088	0.0314	2.73513e-07	2.82238e-07
137	0	0	0	0	0	0	1	-0	0	0
138	1	1	1	1	1	0	0.99374	0.00628	5.60942e-08	5.64476e-08
139	0	0	0	0	0	0	1	-0	0	0
140	1	1	2	2	2	0	0.987519	0.01256	1.11486e-07	1.12895e-07
141	0	0	0	0	0	0	1	-0	0	0
142	2	2	5	5	4	1	0.964158	0.0365	3.23351e-07	3.35371e-07
143	0	0	0	0	0	0	1	-0	0	0
144	2	2	8	8	6	2	0.94135	0.06044	5.2513e-07	5.57847e-07
145	2	2	12	12	11	1	0.922692	0.08046	6.7403e-07	7.30504e-07
146	0	0	0	0	0	0	1	-0	0	0
147	2	2	24	26	14	29	0.732582	0.31118	2.20397e-06	3.0085e-06
148	0	0	0	0	0	0	1	-0	0	0
149	2	2	4	4	4	0	0.975193	0.02512	2.20189e-07	2.2579e-07
150	0	0	0	0	0	0	1	-0	0	0
151	2	2	15	17	13	5	0.876113	0.13226	1.07348e-06	1.22528e-06
152	0	0	0	0	0	0	1	-0	0	0
153	2	2	81	98	16	1465	0.000307529	8.08694	2.56393e-08	8.3372e-05
154	1	1	11	14	7	22	0.818633	0.20012	1.60386e-06	1.9592e-06
155	0	0	0	0	0	0	1	-0	0	0
156	1	1	10	10	5	11	0.887897	0.1189	1.02014e-06	1.14894e-06
157	0	0	0	0	0	0	1	-0	0	0
158	1	1	11	16	3	91	0.568599	0.56458	3.26278e-06	5.73828e-06
159	0	0	0	0	0	0	1	-0	0	0
160	1	1	25	32	11	130	0.42149	0.86396	3.67271e-06	8.71364e-06
161	1	1	14	17	3	81	0.594604	0.51986	3.12964e-06	5.2634e-06
162	1	1	30	39	7	297	0.17211	1.75962	3.09489e-06	1.7982e-05
163	1	1	2	2	2	0	0.987519	0.01256	1.11486e-07	1.12895e-07
164	0	0	0	0	0	0	1	-0	0	0
165	1	1	2	2	2	0	0.987519	0.01256	1.11486e-07	1.12895e-07
166	0	0	0	0	0	0	1	-0	0	0
167	1	1	6	8	4	10	0.903716	0.10124	8.88274e-07	9.82913e-07
168	0	0	0	0	0	0	1	-0	0	0
169	3	3	3	3	3	0	0.981336	0.01884	1.66182e-07	1.69343e-07
170	1	1	80	102	15	1032	0.00272916	5.90376	1.65363e-07	6.05911e-05
171	2	2	12	14	8	21	0.822818	0.19502	1.56834e-06	1.90606e-06
172	2	2	6	7	6	1	0.952124	0.04906	4.26805e-07	4.48266e-07
173	0	0	0	0	0	0	1	-0	0	0
174	2	2	51	58	19	340	0.122672	2.09824	2.61773e-06	2.13392e-05
175	0	0	0	0	0	0	1	-0	0	0
176	2	2	21	24	5	116	0.476008	0.74232	3.57872e-06	7.51819e-06
177	0	0	0	0	0	0	1	-0	0	0
178	3	3	33	41	10	239	0.228463	1.47638	3.42996e-06	1.50132e-05
179	1	1	4	4	4	0	0.975193	0.02512	2.20189e-07	2.2579e-07
180	0	0	0	0	0	0	1	-0	0	0
181	1	1	17	19	8	31	0.757736	0.27742	2.06076e-06	2.71963e-06
182	0	0	0	0	0	0	1	-0	0	0
183	1	1	22	27	5	157	0.378984	0.97026	3.73906e-06	9.866e-06
184	0	0	0	0	0	0	1	-0	0	0
185	1	1	3	3	2	1	0.976344	0.02394	2.17213e-07	2.22476e-07
186	0	0	0	0	0	0	1	-0	0	0
187	1	1	38	45	6	282	0.178923	1.7208	3.13539e-06	1.75237e-05
188	1	1	5	5	5	0	0.969088	0.0314	2.73513e-07	2.82238e-07
189	0	0	0	0	0	0	1	-0	0	0
190	1	1	24	34	6	406	0.101864	2.28412	2.39291e-06	2.34913e-05
191	0	0	0	0	0	0	1	-0	0	0
192	1	1	1	1	1	0	0.99374	0.00628	5.60942e-08	5.64476e-08
193	0	0	0	0	0	0	1	-0	0	0
194	3	3	21	21	16	6	0.850033	0.16248	1.27862e-06	1.5042e-06
195	0	0	0	0	0	0	1	-0	0	0
196	2	2	13	16	7	25	0.79614	0.22798	1.77658e-06	2.23149e-06
197	2	2	13	15	8	14	0.847385	0.1656	1.34783e-06	1.59058e-06
198	0	0	0	0	0	0	1	-0	0	0
199	2	2	44	58	13	661	0.0238651	3.73534	9.16299e-07	3.8395e-05
200	0	0	0	0	0	0	1	-0	0	0
201	2	2	8	8	4	10	0.903716	0.10124	8.88274e-07	9.82913e-07
202	0	0	0	0	0	0	1	-0	0	0
203	2	2	129	172	23	2835	1.78503e-07	15.5387	2.86215e-11	0.000160342
204	0	0	0	0	0	0	1	-0	0	0
205	2	2	7	7	6	1	0.952124	0.04906	4.26805e-07	4.48266e-07
206	1	1	1	1	1	0	0.99374	0.00628	5.60942e-08	5.64476e-08
207	0	0	0	0	0	0	1	-0	0	0
208	1	1	4	4	3	1	0.970232	0.03022	2.70621e-07	2.78924e-07
209	0	0	0	0	0	0	1	-0	0	0
210	1	1	5	6	4	2	0.953248	0.04788	4.2415e-07	4.44952e-07
211	0	0	0	0	0	0	1	-0	0	0
212	1	1	28	36	7	435	0.0867626	2.44458	2.18165e-06	2.51451e-05
213	1	1	9	10	6	7	0.906196	0.0985	8.48569e-07	9.36408e-07
214	1	1	11	11	7	10	0.886849	0.12008	1.02188e-06	1.15226e-06
215	1	1	8	8	4	7	0.917649	0.08594	7.55696e-07	8.23513e-07
216	0	0	0	0	0	0	1	-0	0	0
217	1	1	21	28	4	127	0.438875	0.82354	3.65515e-06	8.32845e-06
218	0	0	0	0	0	0	1	-0	0	0
219	1	1	24	26	7	130	0.437674	0.82628	3.6655e-06	8.37495e-06
220	0	0	0	0	0	0	1	-0	0	0
221	3	3	63	82	15	990	0.00383357	5.56396	2.19397e-07	5.72306e-05
222	2	2	8	8	6	2	0.94135	0.06044	5.2513e-07	5.57847e-07
223	3	3	17	18	11	14	0.83157	0.18444	1.4635e-06	1.75992e-06
224	2	2	27	30	11	80	0.550791	0.5964	3.27395e-06	5.94408e-06
225	0	0	0	0	0	0	1	-0	0	0
226	3	3	71	85	21	851	0.0076435	4.8739	3.82285e-07	5.00144e-05
227	0	0	0	0	0	0	1	-0	0	0
228	2	2	13	13	9	10	0.87578	0.13264	1.10799e-06	1.26515e-06
229	0	0	0	0	0	0	1	-0	0	0
230	3	3	51	71	9	1500	0.000304792	8.09588	2.55134e-08	8.37076e-05
231	1	1	4	4	4	0	0.975193	0.02512	2.20189e-07	2.2579e-07
232	0	0	0	0	0	0	1	-0	0	0
233	1	1	3	3	3	0	0.981336	0.01884	1.66182e-07	1.69343e-07
234	0	0	0	0	0	0	1	-0	0	0
235	1	1	3	3	3	0	0.981336	0.01884	1.66182e-07	1.69343e-07
236	0	0	0	0	0	0	1	-0	0	0
237	1	1	11	20	3	111	0.500724	0.6917	3.51846e-06	7.02674e-06
238	0	0	0	0	0	0	1	-0	0	0
239	1	1	0	0	0	0	1	-0	0	0
240	1	1	14	17	5	46	0.710803	0.34136	2.41939e-06	3.40374e-06
241	0	0	0	0	0	0	1	-0	0	0
242	1	1	3	3	2	1	0.976344	0.02394	2.17213e-07	2.22476e-07
243	0	0	0	0	0	0	1	-0	0	0
244	1	1	44	59	8	435	0.0750936	2.58902	1.98573e-06	2.64434e-05
245	0	0	0	0	0	0	1	-0	0	0
246	1	1	23	31	7	187	0.31715	1.14838	3.70615e-06	1.16858e-05
247	0	0	0	0	0	0	1	-0	0	0
248	2	2	2	2	2	0	0.987519	0.01256	1.11486e-07	1.12895e-07
249	3	3	73	93	19	557	0.0325577	3.42474	1.13447e-06	3.48448e-05
250	0	0	0	0	0	0	1	-0	0	0
251	2	2	52	59	16	477	0.0606146	2.80322	1.73812e-06	2.86749e-05
252	0	0	0	0	0	0	1	-0	0	0
253	2	2	12	12	9	3	0.913328	0.09066	7.64246e-07	8.36771e-07
254	0	0	0	0	0	0	1	-0	0	0
255	3	2	18	19	11	15	0.82216	0.19582	1.53703e-06	1.8695e-06
256	0	0	0	0	0	0	1	-0	0	0
257	2	2	17	18	7	56	0.671232	0.39864	2.67923e-06	3.99152e-06
258	1	1	5	5	4	1	0.964158	0.0365	3.23351e-07	3.35371e-07
259	0	0	0	0	0	0	1	-0	0	0
260	1	1	2	2	2	0	0.987519	0.01256	1.11486e-07	1.12895e-07
261	0	0	0	0	0	0	1	-0	0	0
262	1	0	1	1	1	0	0.99374	0.00628	5.60942e-08	5.64476e-08
263	0	0	0	0	0	0	1	-0	0	0
264	1	1	4	4	4	0	0.975193	0.02512	2.20189e-07	2.2579e-07
265	0	0	0	0	0	0	1	-0	0	0
266	1	1	6	9	3	21	0.849065	0.16362	1.37873e-06	1.62383e-06
267	1	1	17	20	5	81	0.583506	0.5387	3.17004e-06	5.43274e-06
268	0	0	0	0	0	0	1	-0	0	0
269	1	1	15	18	8	46	0.706353	0.34764	2.44411e-06	3.46018e-06
270	0	0	0	0	0	0	1	-0	0	0
271	1	1	17	17	7	46	0.710803	0.34136	2.41939e-06	3.40374e-06
272	0	0	0	0	0	0	1	-0	0	0
273	1	1	22	23	8	46	0.684518	0.37904	2.56176e-06	3.74242e-06
274	1	1	9	10	5	11	0.887897	0.1189	1.02014e-06	1.14894e-06
275	3	3	32	41	9	213	0.260858	1.34378	3.55594e-06	1.36317e-05
276	2	2	16	19	9	55	0.670441	0.39982	2.6783e-06	3.99483e-06
277	0	0	0	0	0	0	1	-0	0	0
278	3	2	31	34	15	87	0.51829	0.65722	3.39055e-06	6.54181e-06
279	0	0	0	0	0	0	1	-0	0	0
280	2	2	58	73	9	681	0.0196134	3.93154	7.90508e-07	4.03044e-05
281	0	0	0	0	0	0	1	-0	0	0
282	2	2	45	54	10	360	0.113595	2.17512	2.51909e-06	2.21761e-05
283	1	1	4	4	3	1	0.970232	0.03022	2.70621e-07	2.78924e-07
284	2	1	7	7	7	0	0.956992	0.04396	3.78139e-07	3.95133e-07
285	1	1	0	0	0	0	1	-0	0	0
286	0	0	0	0	0	0	1	-0	0	0
287	1	1	35	45	4	782	0.0139706	4.2708	6.15968e-07	4.40903e-05
288	0	0	0	0	0	0	1	-0	0	0
289	1	1	2	2	2	0	0.987519	0.01256	1.11486e-07	1.12895e-07
290	0	0	0	0	0	0	1	-0	0	0
291	1	0	6	6	5	1	0.958122	0.04278	3.7541e-07	3.91819e-07
292	1	1	25	30	7	109	0.475067	0.7443	3.55585e-06	7.48495e-06
293	0	0	0	0	0	0	1	-0	0	0
294	1	1	24	29	9	102	0.495435	0.70232	3.49607e-06	7.05657e-06
295	0	0	0	0	0	0	1	-0	0	0
296	1	1	29	37	7	137	0.394136	0.93106	3.69219e-06	9.36781e-06
297	0	0	0	0	0	0	1	-0	0	0
298	1	1	26	32	9	233	0.24926	1.38926	3.53609e-06	1.41864e-05
299	0	0	0	0	0	0	1	-0	0	0
300	1	1	4	4	3	1	0.970232	0.03022	2.70621e-07	2.78924e-07
301	1	1	7	7	5	3	0.942462	0.05926	5.22626e-07	5.54533e-07
302	0	0	0	0	0	0	1	-0	0	0
303	2	2	40	47	12	531	0.049625	3.00326	1.53176e-06	3.08668e-05
304	0	0	0	0	0	0	1	-0	0	0
305	2	1	10	10	6	5	0.915486	0.0883	7.59984e-07	8.30142e-07
306	0	0	0	0	0	0	1	-0	0	0
307	3	3	12	12	10	2	0.917998	0.08556	7.19378e-07	7.83638e-07
308	0	0	0	0	0	0	1	-0	0	0
309	2	1	11	11	11	0	0.933252	0.06908	5.79478e-07	6.20924e-07
310	1	1	28	33	9	135	0.408305	0.89574	3.68935e-06	9.03575e-06
311	0	0	0	0	0	0	1	-0	0	0
312	1	1	6	6	5	1	0.958122	0.04278	3.7541e-07	3.91819e-07
313	0	0	0	0	0	0	1	-0	0	0
314	1	1	1	1	1	0	0.99374	0.00628	5.60942e-08	5.64476e-08
315	0	0	0	0	0	0	1	-0	0	0
316	1	1	33	42	9	270	0.193833	1.64076	3.24025e-06	1.67168e-05
317	0	0	0	0	0	0	1	-0	0	0
318	1	1	4	4	4	0	0.975193	0.02512	2.20189e-07	2.2579e-07
319	1	1	41	47	11	381	0.106644	2.23826	2.4418e-06	2.28968e-05
320	0	0	0	0	0	0	1	-0	0	0
321	1	1	32	42	9	499	0.0602857	2.80866	1.74131e-06	2.88843e-05
322	0	0	0	0	0	0	1	-0	0	0
323	1	1	20	26	10	74	0.582352	0.54068	3.14441e-06	5.39949e-06
324	0	0	0	0	0	0	1	-0	0	0
325	1	1	58	75	11	775	0.0119922	4.4235	5.44587e-07	4.54118e-05
326	1	1	8	8	7	1	0.946163	0.05534	4.77542e-07	5.04714e-07
327	1	1	25	29	5	145	0.397874	0.92162	3.71666e-06	9.34129e-06
328	1	1	1	1	1	0	0.99374	0.00628	5.60942e-08	5.64476e-08
329	0	0	0	0	0	0	1	-0	0	0
330	4	4	71	81	27	485	0.0506822	2.98218	1.53779e-06	3.03419e-05
331	0	0	0	0	0	0	1	-0	0	0
332	2	2	22	28	3	325	0.159879	1.83334	3.01352e-06	1.88488e-05
333	0	0	0	0	0	0	1	-0	0	0
334	2	2	13	13	12	1	0.916915	0.08674	7.21568e-07	7.86952e-07
335	1	1	8	8	6	2	0.94135	0.06044	5.2513e-07	5.57847e-07
336	3	2	33	46	13	316	0.149497	1.90048	2.89825e-06	1.93867e-05
337	1	1	21	27	7	101	0.504262	0.68466	3.47463e-06	6.89054e-06
338	0	0	0	0	0	0	1	-0	0	0
339	1	1	50	71	4	978	0.004367	5.43368	2.4443e-07	5.5972e-05
340	0	0	0	0	0	0	1	-0	0	0
341	2	2	11	11	7	5	0.909755	0.09458	8.06579e-07	8.8659e-07
342	0	0	0	0	0	0	1	-0	0	0
343	1	1	5	5	3	2	0.959253	0.0416	3.72674e-07	3.88504e-07
344	1	1	13	19	8	38	0.731162	0.31312	2.26044e-06	3.09157e-06
345	0	0	0	0	0	0	1	-0	0	0
346	1	1	34	38	11	173	0.325973	1.12094	3.69558e-06	1.13371e-05
347	0	0	0	0	0	0	1	-0	0	0
348	1	1	17	22	4	154	0.397103	0.92356	3.74244e-06	9.42436e-06
349	0	0	0	0	0	0	1	-0	0	0
350	1	1	41	54	8	492	0.0579416	2.84832	1.6913e-06	2.91897e-05
351	0	0	0	0	0	0	1	-0	0	0
352	1	1	81	101	10	1097	0.00197146	6.22898	1.26151e-07	6.39883e-05
353	1	0	3	3	3	0	0.981336	0.01884	1.66182e-07	1.69343e-07
354	0	0	0	0	0	0	1	-0	0	0
355	1	1	2	2	2	0	0.987519	0.01256	1.11486e-07	1.12895e-07
356	0	0	0	0	0	0	1	-0	0	0
357	2	2	21	23	12	35	0.724017	0.32294	2.28642e-06	3.15796e-06
358	0	0	0	0	0	0	1	-0	0	0
359	4	4	23	29	12	66	0.595282	0.51872	3.06199e-06	5.14377e-06
360	0	0	0	0	0	0	1	-0	0	0
361	2	2	7	7	7	0	0.956992	0.04396	3.78139e-07	3.95133e-07
362	1	1	3	3	3	0	0.981336	0.01884	1.66182e-07	1.69343e-07
363	0	0	0	0	0	0	1	-0	0	0
364	1	1	58	66	7	1091	0.00253242	5.97858	1.56235e-07	6.16939e-05
365	0	0	0	0	0	0	1	-0	0	0
366	2	2	26	36	8	143	0.384666	0.95538	3.7044e-06	9.63016e-06
367	0	0	0	0	0	0	1	-0	0	0
368	3	3	27	35	12	95	0.494455	0.7043	3.47271e-06	7.02332e-06
369	0	0	0	0	0	0	1	-0	0	0
370	2	2	6	6	6	0	0.963021	0.03768	3.26161e-07	3.38686e-07
371	1	1	36	50	4	794	0.012735	4.3634	5.73205e-07	4.50101e-05
372	0	0	0	0	0	0	1	-0	0	0
373	1	1	22	35	6	220	0.261375	1.3418	3.57168e-06	1.3665e-05
374	0	0	0	0	0	0	1	-0	0	0
375	1	1	33	38	13	115	0.438174	0.82514	3.61727e-06	8.25533e-06
376	0	0	0	0	0	0	1	-0	0	0
377	1	1	13	15	4	40	0.742153	0.2982	2.20571e-06	2.97204e-06
378	0	0	0	0	0	0	1	-0	0	0
379	1	1	21	22	6	77	0.588099	0.53086	3.13639e-06	5.3331e-06
380	1	1	7	7	4	6	0.928152	0.07456	6.62638e-07	7.13932e-07
381	0	0	0	0	0	0	1	-0	0	0
382	1	0	0	0	0	0	1	-0	0	0
383	0	0	0	0	0	0	1	-0	0	0
384	2	2	36	48	12	237	0.220879	1.51014	3.3799e-06	1.53021e-05
385	0	0	0	0	0	0	1	-0	0	0
386	2	2	85	113	12	1718	7.70204e-05	9.47144	7.52192e-09	9.76614e-05
387	1	1	20	24	9	41	0.697802	0.35982	2.46548e-06	3.5332e-06
388	4	4	14	16	11	11	0.855063	0.15658	1.27201e-06	1.48763e-06
389	1	1	27	32	11	85	0.530222	0.63446	3.3524e-06	6.32265e-06
390	0	0	0	0	0	0	1	-0	0	0
391	2	2	21	21	8	91	0.551022	0.59598	3.31744e-06	6.02052e-06
392	0	0	0	0	0	0	1	-0	0	0
393	2	2	17	20	11	18	0.804608	0.2174	1.67789e-06	2.08535e-06
394	0	0	0	0	0	0	1	-0	0	0
395	2	2	25	32	10	181	0.324958	1.12406	3.71213e-06	1.14234e-05
396	1	1	6	7	3	10	0.909409	0.09496	8.42536e-07	9.26465e-07
397	2	2	6	7	5	2	0.947281	0.05416	4.74966e-07	5.014e-07
398	1	1	8	9	5	7	0.911905	0.09222	8.0244e-07	8.79961e-07
399	0	0	0	0	0	0	1	-0	0	0
400	1	1	8	8	8	0	0.951001	0.05024	4.29454e-07	4.51581e-07
401	0	0	0	0	0	0	1	-0	0	0
402	1	1	12	12	5	18	0.846064	0.16716	1.38227e-06	1.63377e-06
403	0	0	0	0	0	0	1	-0	0	0
404	1	1	29	32	9	234	0.247992	1.39436	3.53128e-06	1.42395e-05
405	1	1	3	3	3	0	0.981336	0.01884	1.66182e-07	1.69343e-07
406	0	0	0	0	0	0	1	-0	0	0
407	1	1	9	9	7	2	0.935457	0.06672	5.74646e-07	6.14295e-07
408	0	0	0	0	0	0	1	-0	0	0
409	2	2	27	39	12	140	0.383307	0.95892	3.69512e-06	9.6401e-06
410	0	0	0	0	0	0	1	-0	0	0
411	3	3	16	17	11	9	0.858422	0.15266	1.23425e-06	1.43781e-06
412	0	0	0	0	0	0	1	-0	0	0
413	2	2	37	43	7	538	0.0491028	3.01384	1.52282e-06	3.10129e-05
414	1	1	13	17	6	39	0.736637	0.30566	2.23334e-06	3.0318e-06
415	0	0	0	0	0	0	1	-0	0	0
416	2	2	39	50	9	861	0.00904901	4.7051	4.39511e-07	4.85701e-05
417	0	0	0	0	0	0	1	-0	0	0
418	2	2	8	8	8	0	0.951001	0.05024	4.29454e-07	4.51581e-07
419	0	0	0	0	0	0	1	-0	0	0
420	3	2	23	25	9	85	0.55405	0.5905	3.28414e-06	5.92751e-06
421	0	0	0	0	0	0	1	-0	0	0
422	2	2	80	90	13	1444	0.00035993	7.9296	2.9444e-08	8.18046e-05
423	1	1	15	19	5	105	0.519536	0.65482	3.45569e-06	6.65149e-06
424	0	0	0	0	0	0	1	-0	0	0
425	1	1	6	7	5	3	0.942462	0.05926	5.22626e-07	5.54533e-07
426	0	0	0	0	0	0	1	-0	0	0
427	1	1	8	10	6	7	0.906196	0.0985	8.48569e-07	9.36408e-07
428	0	0	0	0	0	0	1	-0	0	0
429	1	1	3	3	3	0	0.981336	0.01884	1.66182e-07	1.69343e-07
430	0	0	0	0	0	0	1	-0	0	0
431	1	1	28	35	7	198	0.29241	1.2296	3.65396e-06	1.2496e-05
432	1	1	3	3	3	0	0.981336	0.01884	1.66182e-07	1.69343e-07
433	0	0	0	0	0	0	1	-0	0	0
434	1	1	29	35	6	330	0.14915	1.9028	2.90987e-06	1.95096e-05
435	0	0	0	0	0	0	1	-0	0	0
436	3	3	96	119	21	969	0.00338223	5.68922	1.96857e-07	5.82033e-05
437	0	0	0	0	0	0	1	-0	0	0
438	2	2	7	7	7	0	0.956992	0.04396	3.78139e-07	3.95133e-07
439	1	1	59	70	9	542	0.0406076	3.2038	1.32988e-06	3.27495e-05
440	3	2	23	24	14	32	0.730577	0.31392	2.23192e-06	3.055e-06
441	2	2	9	13	5	36	0.767022	0.26524	2.03001e-06	2.64661e-06
442	0	0	0	0	0	0	1	-0	0	0
443	2	2	91	108	16	1612	0.000136465	8.89944	1.25203e-08	9.17471e-05
444	0	0	0	0	0	0	1	-0	0	0
445	2	2	11	13	8	6	0.89383	0.11224	9.40861e-07	1.05262e-06
446	0	0	0	0	0	0	1	-0	0	0
447	2	2	10	10	8	2	0.929601	0.073	6.23523e-07	6.70742e-07
448	1	1	3	3	3	0	0.981336	0.01884	1.66182e-07	1.69343e-07
449	3	2	7	7	5	2	0.947281	0.05416	4.74966e-07	5.014e-07
450	1	1	16	22	2	210	0.298448	1.20916	3.7007e-06	1.23998e-05
451	0	0	0	0	0	0	1	-0	0	0
452	1	1	0	0	0	0	1	-0	0	0
453	0	0	0	0	0	0	1	-0	0	0
454	1	1	5	5	5	0	0.969088	0.0314	2.73513e-07	2.82238e-07
455	0	0	0	0	0	0	1	-0	0	0
456	1	1	11	11	4	22	0.834202	0.18128	1.4931e-06	1.78985e-06
457	1	1	33	43	6	539	0.048853	3.01894	1.51767e-06	3.1066e-05
458	1	1	7	7	5	2	0.947281	0.05416	4.74966e-07	5.014e-07
459	1	1	53	69	7	704	0.0178863	4.02372	7.38716e-07	4.13007e-05
460	0	0	0	0	0	0	1	-0	0	0
461	1	1	2	2	2	0	0.987519	0.01256	1.11486e-07	1.12895e-07
462	0	0	0	0	0	0	1	-0	0	0
463	3	2	72	84	14	779	0.0111043	4.50042	5.12269e-07	4.61324e-05
464	0	0	0	0	0	0	1	-0	0	0
465	3	2	63	68	12	254	0.17863	1.72244	3.09642e-06	1.73343e-05
466	1	1	65	78	11	1080	0.00248411	5.99784	1.53485e-07	6.17868e-05
467	0	0	0	0	0	0	1	-0	0	0
468	3	3	20	28	9	125	0.443375	0.81334	3.64551e-06	8.22218e-06
469	0	0	0	0	0	0	1	-0	0	0
470	2	2	8	9	7	3	0.930698	0.07182	6.21174e-07	6.67428e-07
471	0	0	0	0	0	0	1	-0	0	0
472	2	2	39	48	11	251	0.205658	1.58154	3.29997e-06	1.60459e-05
473	0	0	0	0	0	0	1	-0	0	0
474	2	2	24	35	8	378	0.116764	2.1476	2.57582e-06	2.206e-05
475	1	0	2	2	2	0	0.987519	0.01256	1.11486e-07	1.12895e-07
476	0	0	0	0	0	0	1	-0	0	0
477	1	1	3	3	3	0	0.981336	0.01884	1.66182e-07	1.69343e-07
478	0	0	0	0	0	0	1	-0	0	0
479	1	1	1	1	1	0	0.99374	0.00628	5.60942e-08	5.64476e-08
480	0	0	0	0	0	0	1	-0	0	0
481	1	1	1	1	1	0	0.99374	0.00628	5.60942e-08	5.64476e-08
482	0	0	0	0	0	0	1	-0	0	0
483	1	1	2	2	2	0	0.987519	0.01256	1.11486e-07	1.12895e-07
484	1	1	63	88	9	1280	0.000841235	7.08064	6.13915e-08	7.29779e-05
485	0	0	0	0	0	0	1	-0	0	0
486	1	1	11	11	9	2	0.923781	0.07928	6.71764e-07	7.2719e-07
487	0	0	0	0	0	0	1	-0	0	0
488	1	1	13	17	4	51	0.692907	0.36686	2.54255e-06	3.6694e-06
489	0	0	0	0	0	0	1	-0	0	0
490	2	2	24	36	6	248	0.225174	1.49088	3.42471e-06	1.52091e-05
491	0	0	0	0	0	0	1	-0	0	0
492	3	3	46	49	16	176	0.299596	1.20532	3.63032e-06	1.21174e-05
493	2	2	63	83	12	1211	0.00123419	6.69734	8.51955e-08	6.90295e-05
494	0	0	0	0	0	0	1	-0	0	0
495	2	2	22	34	9	221	0.261683	1.34062	3.57503e-06	1.36617e-05
496	0	0	0	0	0	0	1	-0	0	0
497	3	2	11	13	9	5	0.8984	0.10714	8.97937e-07	9.99485e-07
498	0	0	0	0	0	0	1	-0	0	0
499	2	2	21	22	10	26	0.7628	0.27076	2.00106e-06	2.62331e-06
500	1	1	9	9	3	21	0.849065	0.16362	1.37873e-06	1.62383e-06
501	3	3	15	15	12	3	0.896282	0.1095	9.01762e-07	1.00611e-06
502	1	1	5	5	2	6	0.939883	0.062	5.64905e-07	6.01037e-07
503	0	0	0	0	0	0	1	-0	0	0
504	1	0	1	1	1	0	0.99374	0.00628	5.60942e-08	5.64476e-08
505	0	0	0	0	0	0	1	-0	0	0
506	1	1	7	7	6	1	0.952124	0.04906	4.26805e-07	4.48266e-07
507	0	0	0	0	0	0	1	-0	0	0
508	1	1	4	4	4	0	0.975193	0.02512	2.20189e-07	2.2579e-07
509	1	1	40	50	11	289	0.167311	1.7879	3.04136e-06	1.81779e-05
510	1	1	7	7	6	1	0.952124	0.04906	4.26805e-07	4.48266e-07
511	1	1	24	26	8	154	0.387252	0.94868	3.73704e-06	9.65015e-06
512	0	0	0	0	0	0	1	-0	0	0
513	1	1	6	7	5	3	0.942462	0.05926	5.22626e-07	5.54533e-07
514	0	0	0	0	0	0	1	-0	0	0
515	1	1	19	32	8	192	0.30723	1.18016	3.68918e-06	1.20079e-05
516	0	0	0	0	0	0	1	-0	0	0
517	3	3	2	2	2	0	0.987519	0.01256	1.11486e-07	1.12895e-07
518	2	2	13	13	12	1	0.916915	0.08674	7.21568e-07	7.86952e-07
519	0	0	0	0	0	0	1	-0	0	0
520	3	3	14	14	9	8	0.87922	0.12872	1.06854e-06	1.21533e-06
521	0	0	0	0	0	0	1	-0	0	0
522	2	2	18	19	13	10	0.843395	0.17032	1.35267e-06	1.60384e-06
523	0	0	0	0	0	0	1	-0	0	0
524	2	2	6	6	5	1	0.958122	0.04278	3.7541e-07	3.91819e-07
525	0	0	0	0	0	0	1	-0	0	0
526	2	2	6	6	5	1	0.958122	0.04278	3.7541e-07	3.91819e-07
527	1	1	15	21	4	93	0.54543	0.60618	3.34174e-06	6.12679e-06
528	0	0	0	0	0	0	1	-0	0	0
529	1	1	7	10	4	21	0.843749	0.1699	1.41773e-06	1.68027e-06
530	0	0	0	0	0	0	1	-0	0	0
531	1	1	2	2	2	0	0.987519	0.01256	1.11486e-07	1.12895e-07
532	0	0	0	0	0	0	1	-0	0	0
533	1	1	4	4	3	1	0.970232	0.03022	2.70621e-07	2.78924e-07
534	0	0	0	0	0	0	1	-0	0	0
535	1	1	1	1	1	0	0.99374	0.00628	5.60942e-08	5.64476e-08
536	1	1	61	84	8	1117	0.00198087	6.22422	1.26957e-07	6.40914e-05
537	0	0	0	0	0	0	1	-0	0	0
538	1	1	21	25	4	177	0.34656	1.0597	3.74831e-06	1.08158e-05
539	0	0	0	0	0	0	1	-0	0	0
540	1	1	13	15	7	14	0.847385	0.1656	1.34783e-06	1.59058e-06
541	0	0	0	0	0	0	1	-0	0	0
542	1	1	27	31	11	191	0.310746	1.16878	3.69735e-06	1.18983e-05
543	0	0	0	0	0	0	1	-0	0	0
544	3	2	36	42	9	561	0.0439431	3.12486	1.41402e-06	3.21785e-05
545	2	2	14	18	9	30	0.766408	0.26604	2.00037e-06	2.61005e-06
546	0	0	0	0	0	0	1	-0	0	0
547	2	2	3	3	3	0	0.981336	0.01884	1.66182e-07	1.69343e-07
548	0	0	0	0	0	0	1	-0	0	0
549	3	3	50	72	12	559	0.0367705	3.30306	1.24158e-06	3.37657e-05
550	0	0	0	0	0	0	1	-0	0	0
551	2	2	55	82	5	1161	0.00160271	6.43606	1.06286e-07	6.63163e-05
552	0	0	0	0	0	0	1	-0	0	0
553	2	2	6	6	5	1	0.958122	0.04278	3.7541e-07	3.91819e-07
554	1	1	5	5	4	1	0.964158	0.0365	3.23351e-07	3.35371e-07
555	0	0	0	0	0	0	1	-0	0	0
556	1	1	3	3	2	1	0.976344	0.02394	2.17213e-07	2.22476e-07
557	0	0	0	0	0	0	1	-0	0	0
558	1	1	14	18	8	19	0.810633	0.20994	1.64201e-06	2.02559e-06
559	0	0	0	0	0	0	1	-0	0	0
560	1	1	1	1	1	0	0.99374	0.00628	5.60942e-08	5.64476e-08
561	1	1	9	9	6	4	0.925964	0.07692	6.67214e-07	7.20561e-07
562	1	1	8	8	7	1	0.946163	0.05534	4.77542e-07	5.04714e-07
563	1	1	20	27	7	107	0.489065	0.71526	3.52583e-06	7.20934e-06
564	0	0	0	0	0	0	1	-0	0	0
565	1	1	46	66	12	706	0.0180415	4.01508	7.43988e-07	4.12376e-05
566	0	0	0	0	0	0	1	-0	0	0
567	1	1	22	26	4	253	0.233732	1.45358	3.48502e-06	1.49103e-05
568	0	0	0	0	0	0	1	-0	0	0
569	1	1	26	27	9	75	0.575763	0.55206	3.17192e-06	5.50908e-06
570	1	1	8	8	7	1	0.946163	0.05534	4.77542e-07	5.04714e-07
571	2	2	32	35	10	236	0.240894	1.4234	3.49659e-06	1.45151e-05
572	2	2	19	21	12	19	0.795504	0.22878	1.74607e-06	2.19493e-06
573	0	0	0	0	0	0	1	-0	0	0
574	2	1	4	4	4	0	0.975193	0.02512	2.20189e-07	2.2579e-07
575	0	0	0	0	0	0	1	-0	0	0
576	2	2	33	38	13	256	0.213474	1.54424	3.3616e-06	1.57471e-05
577	0	0	0	0	0	0	1	-0	0	0
578	3	3	28	32	13	81	0.541149	0.61406	3.30648e-06	6.11011e-06
579	1	1	29	35	5	228	0.250925	1.3826	3.53555e-06	1.409e-05
580	0	0	0	0	0	0	1	-0	0	0
581	1	1	1	1	1	0	0.99374	0.00628	5.60942e-08	5.64476e-08
582	0	0	0	0	0	0	1	-0	0	0
583	1	1	10	10	6	7	0.906196	0.0985	8.48569e-07	9.36408e-07
584	0	0	0	0	0	0	1	-0	0	0
585	1	1	18	21	5	107	0.507844	0.67758	3.48922e-06	6.87065e-06
586	0	0	0	0	0	0	1	-0	0	0
587	1	1	1	1	1	0	0.99374	0.00628	5.60942e-08	5.64476e-08
588	1	1	7	7	4	4	0.937667	0.06436	5.69789e-07	6.07666e-07
589	0	0	0	0	0	0	1	-0	0	0
590	1	1	48	56	4	871	0.0082811	4.79378	4.09418e-07	4.94401e-05
591	0	0	0	0	0	0	1	-0	0	0
592	1	1	47	65	14	768	0.0132336	4.325	5.88567e-07	4.44754e-05
593	0	0	0	0	0	0	1	-0	0	0
594	1	1	40	48	6	354	0.121622	2.10684	2.61713e-06	2.15186e-05
595	0	0	0	0	0	0	1	-0	0	0
596	1	1	57	86	10	1153	0.00162804	6.42038	1.07641e-07	6.61171e-05
597	1	1	0	0	0	0	1	-0	0	0
598	0	0	0	0	0	0	1	-0	0	0
599	2	2	43	54	10	402	0.091692	2.38932	2.23799e-06	2.44077e-05
600	0	0	0	0	0	0	1	-0	0	0
601	5	5	108	128	19	1424	0.000313962	8.06624	2.60233e-08	8.2887e-05
602	0	0	0	0	0	0	1	-0	0	0
603	2	2	6	6	4	3	0.948399	0.05298	4.72383e-07	4.98085e-07
604	0	0	0	0	0	0	1	-0	0	0
605	2	2	16	17	7	39	0.736637	0.30566	2.23334e-06	3.0318e-06
606	1	1	8	8	5	4	0.931797	0.07064	6.18819e-07	6.64114e-07
607	0	0	0	0	0	0	1	-0	0	0
608	1	1	24	29	9	81	0.551441	0.59522	3.27599e-06	5.94077e-06
609	0	0	0	0	0	0	1	-0	0	0
610	1	1	27	39	7	244	0.225526	1.48932	3.42032e-06	1.5166e-05
611	0	0	0	0	0	0	1	-0	0	0
612	1	1	9	9	3	21	0.849065	0.16362	1.37873e-06	1.62383e-06
613	1	1	24	29	8	123	0.445116	0.80942	3.63765e-06	8.17236e-06
614	1	1	37	45	4	747	0.0167008	4.0923	7.05285e-07	4.22306e-05
615	1	1	42	51	7	394	0.0973269	2.32968	2.31768e-06	2.38133e-05
616	0	0	0	0	0	0	1	-0	0	0
617	1	1	8	8	5	6	0.922341	0.08084	7.10553e-07	7.7038e-07
618	0	0	0	0	0	0	1	-0	0	0
619	1	1	41	50	11	259	0.194972	1.6349	3.23339e-06	1.65839e-05
620	0	0	0	0	0	0	1	-0	0	0
621	1	1	22	35	4	194	0.298436	1.2092	3.66584e-06	1.22835e-05
622	1	1	2	2	2	0	0.987519	0.01256	1.11486e-07	1.12895e-07
623	1	1	39	51	7	386	0.10138	2.28888	2.3711e-06	2.33882e-05
624	1	0	1	1	1	0	0.99374	0.00628	5.60942e-08	5.64476e-08
625	0	0	0	0	0	0	1	-0	0	0
626	2	1	5	5	5	0	0.969088	0.0314	2.73513e-07	2.82238e-07
627	0	0	0	0	0	0	1	-0	0	0
628	2	2	53	58	21	131	0.356173	1.03234	3.64522e-06	1.02344e-05
629	0	0	0	0	0	0	1	-0	0	0
630	5	4	49	55	19	179	0.284137	1.2583	3.58451e-06	1.26155e-05
631	1	1	31	35	6	232	0.245858	1.403	3.5164e-06	1.43026e-05
632	0	0	0	0	0	0	1	-0	0	0
633	1	1	27	36	10	279	0.192246	1.64898	3.24055e-06	1.68563e-05
634	0	0	0	0	0	0	1	-0	0	0
635	1	1	10	11	8	4	0.914407	0.08948	7.62118e-07	8.33456e-07
636	0	0	0	0	0	0	1	-0	0	0
637	2	2	9	10	5	11	0.887897	0.1189	1.02014e-06	1.14894e-06
638	0	0	0	0	0	0	1	-0	0	0
639	1	1	8	11	2	45	0.741871	0.29858	2.23445e-06	3.01192e-06
640	1	1	31	40	5	371	0.117267	2.1433	2.5764e-06	2.19703e-05
641	0	0	0	0	0	0	1	-0	0	0
642	1	1	20	26	8	76	0.576442	0.55088	3.17375e-06	5.50576e-06
643	0	0	0	0	0	0	1	-0	0	0
644	1	1	44	56	9	498	0.055494	2.89148	1.64381e-06	2.96214e-05
645	0	0	0	0	0	0	1	-0	0	0
646	1	1	12	12	7	9	0.885804	0.12126	1.02361e-06	1.15557e-06
647	0	0	0	0	0	0	1	-0	0	0
648	1	1	26	39	8	261	0.206797	1.57602	3.32306e-06	1.60692e-05
649	1	1	12	18	7	38	0.735768	0.30684	2.23314e-06	3.03512e-06
650	0	0	0	0	0	0	1	-0	0	0
651	2	2	4	4	4	0	0.975193	0.02512	2.20189e-07	2.2579e-07
652	0	0	0	0	0	0	1	-0	0	0
653	3	3	81	107	17	1734	7.37109e-05	9.51536	7.23641e-09	9.81729e-05
654	0	0	0	0	0	0	1	-0	0	0
655	2	2	43	57	10	336	0.125989	2.07156	2.65462e-06	2.10703e-05
656	0	0	0	0	0	0	1	-0	0	0
657	2	2	21	24	10	92	0.537987	0.61992	3.35865e-06	6.243e-06
658	1	1	13	14	9	15	0.848386	0.16442	1.34661e-06	1.58726e-06
659	0	0	0	0	0	0	1	-0	0	0
660	2	2	43	50	13	250	0.20413	1.589	3.28765e-06	1.61057e-05
661	0	0	0	0	0	0	1	-0	0	0
662	2	1	24	30	8	176	0.337564	1.086	3.72835e-06	1.10449e-05
663	0	0	0	0	0	0	1	-0	0	0
664	2	2	34	44	12	259	0.202459	1.59722	3.28898e-06	1.62452e-05
665	0	0	0	0	0	0	1	-0	0	0
666	2	2	3	3	3	0	0.981336	0.01884	1.66182e-07	1.69343e-07
667	1	1	8	8	4	10	0.903716	0.10124	8.88274e-07	9.82913e-07
668	0	0	0	0	0	0	1	-0	0	0
669	1	1	25	31	7	215	0.274946	1.29118	3.62201e-06	1.31735e-05
670	0	0	0	0	0	0	1	-0	0	0
671	1	1	22	25	8	89	0.542862	0.6109	3.3332e-06	6.14004e-06
672	0	0	0	0	0	0	1	-0	0	0
673	1	1	5	5	5	0	0.969088	0.0314	2.73513e-07	2.82238e-07
674	1	1	5	5	5	0	0.969088	0.0314	2.73513e-07	2.82238e-07
675	1	1	11	11	7	6	0.905127	0.09968	8.50568e-07	9.39723e-07
676	1	1	19	22	2	191	0.328815	1.11226	3.7453e-06	1.13903e-05
677	0	0	0	0	0	0	1	-0	0	0
678	3	3	54	69	12	608	0.0291844	3.53412	1.05647e-06	3.61999e-05
679	0	0	0	0	0	0	1	-0	0	0
680	2	1	34	41	5	597	0.0368028	3.30218	1.25258e-06	3.40349e-05
681	0	0	0	0	0	0	1	-0	0	0
682	3	3	16	17	11	12	0.845388	0.16796	1.35026e-06	1.59721e-06
683	1	1	23	29	6	156	0.376168	0.97772	3.73375e-06	9.92576e-06
684	2	2	45	64	12	851	0.00872101	4.74202	4.25838e-07	4.8829e-05
685	1	1	45	55	10	509	0.052797	2.9413	1.5918e-06	3.01494e-05
686	0	0	0	0	0	0	1	-0	0	0
687	2	2	5	5	5	0	0.969088	0.0314	2.73513e-07	2.82238e-07
688	0	0	0	0	0	0	1	-0	0	0
689	2	2	10	10	9	1	0.934354	0.0679	5.77066e-07	6.17609e-07
690	0	0	0	0	0	0	1	-0	0	0
691	3	3	35	40	14	136	0.388757	0.9448	3.68698e-06	9.48402e-06
692	1	1	2	2	2	0	0.987519	0.01256	1.11486e-07	1.12895e-07
693	0	0	0	0	0	0	1	-0	0	0
694	1	1	2	2	2	0	0.987519	0.01256	1.11486e-07	1.12895e-07
695	0	0	0	0	0	0	1	-0	0	0
696	1	1	3	3	1	3	0.966436	0.03414	3.17709e-07	3.28742e-07
697	0	0	0	0	0	0	1	-0	0	0
698	1	1	16	16	6	55	0.683192	0.38098	2.61354e-06	3.82549e-06
699	0	0	0	0	0	0	1	-0	0	0
700	1	1	4	4	4	0	0.975193	0.02512	2.20189e-07	2.2579e-07
701	1	1	6	6	4	2	0.953248	0.04788	4.2415e-07	4.44952e-07
702	0	0	0	0	0	0	1	-0	0	0
703	1	1	4	4	3	1	0.970232	0.03022	2.70621e-07	2.78924e-07
704	0	0	0	0	0	0	1	-0	0	0
705	2	2	43	55	13	251	0.196813	1.6255	3.23582e-06	1.64411e-05
706	0	0	0	0	0	0	1	-0	0	0
707	3	3	17	18	14	5	0.870628	0.13854	1.1159e-06	1.28172e-06
708	0	0	0	0	0	0	1	-0	0	0
709	2	2	6	6	6	0	0.963021	0.03768	3.26161e-07	3.38686e-07
710	1	1	70	86	11	1201	0.00127453	6.66518	8.75186e-08	6.86675e-05
711	0	0	0	0	0	0	1	-0	0	0
712	2	2	92	117	12	2905	1.76444e-07	15.5503	2.83998e-11	0.000160956
713	0	0	0	0	0	0	1	-0	0	0
714	2	2	14	17	10	11	0.84971	0.16286	1.31202e-06	1.54407e-06
715	0	0	0	0	0	0	1	-0	0	0
716	2	2	40	50	4	673	0.0236049	3.7463	9.10702e-07	3.8581e-05
717	0	0	0	0	0	0	1	-0	0	0
718	2	2	10	10	10	0	0.939131	0.0628	5.30117e-07	5.64476e-07
719	1	1	9	9	5	10	0.898059	0.10752	9.33407e-07	1.03936e-06
720	0	0	0	0	0	0	1	-0	0	0
721	1	1	5	5	4	1	0.964158	0.0365	3.23351e-07	3.35371e-07
722	0	0	0	0	0	0	1	-0	0	0
723	1	1	5	5	5	0	0.969088	0.0314	2.73513e-07	2.82238e-07
724	0	0	0	0	0	0	1	-0	0	0
725	1	1	21	23	1	253	0.238177	1.43474	3.51097e-06	1.4741e-05
726	1	1	23	27	8	112	0.476751	0.74076	3.56372e-06	7.475e-06
727	1	1	5	5	3	2	0.959253	0.0416	3.72674e-07	3.88504e-07
728	1	1	12	13	5	21	0.828002	0.18874	1.53149e-06	1.84962e-06
729	0	0	0	0	0	0	1	-0	0	0
730	1	1	9	11	2	45	0.741871	0.29858	2.23445e-06	3.01192e-06
731	0	0	0	0	0	0	1	-0	0	0
732	2	2	39	45	13	179	0.302553	1.1955	3.64606e-06	1.2051e-05
733	0	0	0	0	0	0	1	-0	0	0
734	3	2	20	26	6	142	0.411692	0.88748	3.71039e-06	9.01255e-06
735	1	1	28	34	8	246	0.230358	1.46812	3.45307e-06	1.499e-05
736	2	2	27	34	5	247	0.229186	1.47322	3.44768e-06	1.50431e-05
737	2	2	5	5	5	0	0.969088	0.0314	2.73513e-07	2.82238e-07
738	0	0	0	0	0	0	1	-0	0	0
739	3	3	64	76	12	762	0.012734	4.36348	5.70197e-07	4.47775e-05
740	0	0	0	0	0	0	1	-0	0	0
741	2	2	69	94	12	1289	0.000773782	7.16422	5.71011e-08	7.37948e-05
742	0	0	0	0	0	0	1	-0	0	0
743	2	2	8	9	3	13	0.884423	0.12282	1.06021e-06	1.19876e-06
744	1	1	2	2	2	0	0.987519	0.01256	1.11486e-07	1.12895e-07
745	0	0	0	0	0	0	1	-0	0	0
746	1	1	0	0	0	0	1	-0	0	0
747	0	0	0	0	0	0	1	-0	0	0
748	1	1	3	3	3	0	0.981336	0.01884	1.66182e-07	1.69343e-07
749	0	0	0	0	0	0	1	-0	0	0
750	1	1	2	2	2	0	0.987519	0.01256	1.11486e-07	1.12895e-07
751	0	0	0	0	0	0	1	-0	0	0
752	1	1	4	4	4	0	0.975193	0.02512	2.20189e-07	2.2579e-07
753	1	1	44	60	3	1597	0.00019914	8.5215	1.75723e-08	8.82406e-05
754	0	0	0	0	0	0	1	-0	0	0
755	1	1	29	39	9	436	0.0847101	2.46852	2.14889e-06	2.53675e-05
756	0	0	0	0	0	0	1	-0	0	0
757	1	1	10	11	9	3	0.919082	0.08438	7.17181e-07	7.80323e-07
758	0	0	0	0	0	0	1	-0	0	0
759	3	3	75	92	13	617	0.0241261	3.72446	9.16222e-07	3.79764e-05
760	0	0	0	0	0	0	1	-0	0	0
761	2	2	61	72	14	735	0.0149857	4.20066	6.4614e-07	4.31171e-05
762	2	2	20	23	10	36	0.720334	0.32804	2.31306e-06	3.21109e-06
763	0	0	0	0	0	0	1	-0	0	0
764	2	2	14	16	8	23	0.804302	0.21778	1.70932e-06	2.12523e-06
765	0	0	0	0	0	0	1	-0	0	0
766	2	2	16	18	6	58	0.664421	0.40884	2.72265e-06	4.09778e-06
767	0	0	0	0	0	0	1	-0	0	0
768	2	2	21	23	9	69	0.608755	0.49634	3.02215e-06	4.96449e-06
769	0	0	0	0	0	0	1	-0	0	0
770	2	2	14	18	8	26	0.782204	0.24564	1.87535e-06	2.39752e-06
771	1	1	4	4	3	1	0.970232	0.03022	2.70621e-07	2.78924e-07
772	0	0	0	0	0	0	1	-0	0	0
773	1	1	1	1	1	0	0.99374	0.00628	5.60942e-08	5.64476e-08
774	0	0	0	0	0	0	1	-0	0	0
775	1	1	3	3	3	0	0.981336	0.01884	1.66182e-07	1.69343e-07
776	0	0	0	0	0	0	1	-0	0	0
777	1	0	3	4	1	6	0.945804	0.05572	5.15075e-07	5.4459e-07
778	0	0	0	0	0	0	1	-0	0	0
779	1	1	4	4	4	0	0.975193	0.02512	2.20189e-07	2.2579e-07
780	1	1	20	22	6	107	0.504665	0.68386	3.49587e-06	6.9271e-06
781	0	0	0	0	0	0	1	-0	0	0
782	1	1	17	19	8	26	0.777307	0.25192	1.90749e-06	2.45397e-06
783	0	0	0	0	0	0	1	-0	0	0
784	1	1	16	17	8	19	0.81574	0.20366	1.60631e-06	1.96914e-06
785	0	0	0	0	0	0	1	-0	0	0
786	3	3	31	40	13	352	0.129199	2.0464	2.70812e-06	2.09608e-05
787	1	1	3	3	3	0	0.981336	0.01884	1.66182e-07	1.69343e-07
788	3	3	23	26	9	52	0.651499	0.42848	2.75621e-06	4.23056e-06
789	2	2	7	9	6	6	0.916567	0.08712	7.57843e-07	8.26828e-07
790	0	0	0	0	0	0	1	-0	0	0
791	3	3	8	8	8	0	0.951001	0.05024	4.29454e-07	4.51581e-07
792	0	0	0	0	0	0	1	-0	0	0
793	2	2	11	14	4	46	0.724321	0.32252	2.34274e-06	3.23439e-06
794	0	0	0	0	0	0	1	-0	0	0
795	2	2	8	9	7	3	0.930698	0.07182	6.21174e-07	6.67428e-07
796	1	1	2	2	2	0	0.987519	0.01256	1.11486e-07	1.12895e-07
797	2	2	93	109	17	1202	0.0010975	6.81472	7.68458e-08	7.00189e-05
798	1	1	14	16	7	19	0.820879	0.19738	1.57009e-06	1.91269e-06
799	0	0	0	0	0	0	1	-0	0	0
800	1	1	6	6	4	3	0.948399	0.05298	4.72383e-07	4.98085e-07
801	0	0	0	0	0	0	1	-0	0	0
802	1	1	5	5	5	0	0.969088	0.0314	2.73513e-07	2.82238e-07
803	0	0	0	0	0	0	1	-0	0	0
804	1	1	16	18	2	136	0.446355	0.80664	3.67894e-06	8.24217e-06
805	1	1	46	54	11	303	0.151917	1.88442	2.90884e-06	1.91475e-05
806	0	0	0	0	0	0	1	-0	0	0
807	1	1	6	6	5	1	0.958122	0.04278	3.7541e-07	3.91819e-07
808	0	0	0	0	0	0	1	-0	0	0
809	1	1	37	39	9	146	0.371755	0.98952	3.70227e-06	9.9589e-06
810	0	0	0	0	0	0	1	-0	0	0
811	1	1	75	89	13	700	0.0161003	4.12892	6.79706e-07	4.22171e-05
812	0	0	0	0	0	0	1	-0	0	0
813	2	2	7	7	7	0	0.956992	0.04396	3.78139e-07	3.95133e-07
814	2	2	5	6	3	6	0.933999	0.06828	6.1409e-07	6.57485e-07
815	0	0	0	0	0	0	1	-0	0	0
816	2	2	10	10	9	1	0.934354	0.0679	5.77066e-07	6.17609e-07
817	0	0	0	0	0	0	1	-0	0	0
818	2	2	51	65	16	407	0.0834173	2.4839	2.10998e-06	2.52943e-05
819	0	0	0	0	0	0	1	-0	0	0
820	3	3	43	50	16	245	0.209402	1.5635	3.31693e-06	1.584e-05
821	0	0	0	0	0	0	1	-0	0	0
822	2	2	5	5	5	0	0.969088	0.0314	2.73513e-07	2.82238e-07
823	1	1	2	2	2	0	0.987519	0.01256	1.11486e-07	1.12895e-07
824	0	0	0	0	0	0	1	-0	0	0
825	1	1	5	5	4	1	0.964158	0.0365	3.23351e-07	3.35371e-07
826	0	0	0	0	0	0	1	-0	0	0
827	1	1	32	42	9	441	0.0810361	2.51286	2.09094e-06	2.58025e-05
828	0	0	0	0	0	0	1	-0	0	0
829	1	1	6	6	4	2	0.953248	0.04788	4.2415e-07	4.44952e-07
830	0	0	0	0	0	0	1	-0	0	0
831	1	1	4	4	4	0	0.975193	0.02512	2.20189e-07	2.2579e-07
832	1	1	26	27	12	55	0.63759	0.45006	2.83499e-06	4.44641e-06
833	0	0	0	0	0	0	1	-0	0	0
834	1	1	61	75	11	769	0.0123648	4.3929	5.57567e-07	4.5093e-05
835	0	0	0	0	0	0	1	-0	0	0
836	1	1	14	19	4	61	0.650236	0.43042	2.80488e-06	4.31363e-06
837	0	0	0	0	0	0	1	-0	0	0
838	1	1	32	39	7	184	0.30626	1.18332	3.66837e-06	1.1978e-05
839	1	1	8	9	3	21	0.849065	0.16362	1.37873e-06	1.62383e-06
840	3	3	40	48	11	269	0.187619	1.67334	3.18996e-06	1.70023e-05
841	2	2	26	31	10	91	0.517482	0.65878	3.40762e-06	6.585e-06
842	0	0	0	0	0	0	1	-0	0	0
843	4	4	28	36	14	71	0.555337	0.58818	3.22349e-06	5.80457e-06
844	0	0	0	0	0	0	1	-0	0	0
845	2	2	16	16	11	7	0.872686	0.13618	1.11276e-06	1.27509e-06
846	0	0	0	0	0	0	1	-0	0	0
847	2	2	42	52	9	308	0.149964	1.89736	2.89435e-06	1.93003e-05
848	1	1	21	23	7	136	0.432558	0.83804	3.6873e-06	8.52441e-06
849	3	3	22	27	8	112	0.476751	0.74076	3.56372e-06	7.475e-06
850	1	1	7	8	7	1	0.946163	0.05534	4.77542e-07	5.04714e-07
851	0	0	0	0	0	0	1	-0	0	0
852	1	1	4	4	3	1	0.970232	0.03022	2.70621e-07	2.78924e-07
853	0	0	0	0	0	0	1	-0	0	0
854	1	1	35	41	7	247	0.21933	1.51718	3.38606e-06	1.54383e-05
855	0	0	0	0	0	0	1	-0	0	0
856	1	1	18	27	4	233	0.257211	1.35786	3.57629e-06	1.39041e-05
857	1	1	7	7	7	0	0.956992	0.04396	3.78139e-07	3.95133e-07
858	0	0	0	0	0	0	1	-0	0	0
859	1	1	32	40	5	316	0.155237	1.8628	2.95696e-06	1.9048e-05
860	0	0	0	0	0	0	1	-0	0	0
861	1	1	15	19	4	53	0.677314	0.38962	2.63378e-06	3.88856e-06
862	0	0	0	0	0	0	1	-0	0	0
863	1	1	32	49	8	242	0.21397	1.54192	3.3431e-06	1.56242e-05
864	0	0	0	0	0	0	1	-0	0	0
865	1	1	8	8	4	5	0.927057	0.07574	6.64929e-07	7.17247e-07
866	2	2	12	15	4	66	0.649989	0.4308	2.82973e-06	4.35351e-06
867	0	0	0	0	0	0	1	-0	0	0
868	2	2	39	41	13	161	0.340078	1.07858	3.69624e-06	1.08688e-05
869	0	0	0	0	0	0	1	-0	0	0
870	2	2	25	27	5	126	0.443898	0.81216	3.64834e-06	8.21887e-06
871	0	0	0	0	0	0	1	-0	0	0
872	4	4	29	32	15	76	0.555126	0.58856	3.2444e-06	5.84445e-06
873	0	0	0	0	0	0	1	-0	0	0
874	2	2	44	53	11	340	0.126585	2.06684	2.66551e-06	2.1057e-05
875	1	1	24	25	8	137	0.424986	0.8557	3.69331e-06	8.69044e-06
876	0	0	0	0	0	0	1	-0	0	0
877	1	1	24	25	8	62	0.623005	0.4732	2.93152e-06	4.70545e-06
878	0	0	0	0	0	0	1	-0	0	0
879	1	1	6	6	6	0	0.963021	0.03768	3.26161e-07	3.38686e-07
880	0	0	0	0	0	0	1	-0	0	0
881	1	1	50	64	8	622	0.0280401	3.57412	1.02799e-06	3.66615e-05
882	0	0	0	0	0	0	1	-0	0	0
883	1	1	18	24	7	122	0.461663	0.77292	3.61805e-06	7.83699e-06
884	1	1	16	21	1	210	0.300328	1.20288	3.70706e-06	1.23434e-05
885	0	0	0	0	0	0	1	-0	0	0
886	1	1	4	4	4	0	0.975193	0.02512	2.20189e-07	2.2579e-07
887	0	0	0	0	0	0	1	-0	0	0
888	1	1	15	17	8	20	0.81159	0.20876	1.64126e-06	2.02227e-06
889	0	0	0	0	0	0	1	-0	0	0
890	1	1	44	55	9	422	0.0822822	2.4976	2.1004e-06	2.55268e-05
891	0	0	0	0	0	0	1	-0	0	0
892	1	1	8	9	6	6	0.916567	0.08712	7.57843e-07	8.26828e-07
893	2	2	35	44	12	231	0.233536	1.45442	3.4464e-06	1.47575e-05
894	0	0	0	0	0	0	1	-0	0	0
895	2	2	53	69	9	1083	0.00258865	5.95662	1.59042e-07	6.14381e-05
896	0	0	0	0	0	0	1	-0	0	0
897	2	2	62	90	9	1290	0.00078943	7.1442	5.81195e-08	7.36221e-05
898	0	0	0	0	0	0	1	-0	0	0
899	2	2	4	5	3	3	0.954374	0.0467	4.21487e-07	4.41638e-07
900	1	1	42	58	11	671	0.0226785	3.78634	8.82789e-07	3.89263e-05
901	4	4	80	91	26	601	0.0263423	3.63658	9.76503e-07	3.70698e-05
902	1	1	19	21	7	40	0.714709	0.33588	2.36621e-06	3.31073e-06
903	0	0	0	0	0	0	1	-0	0	0
904	1	1	20	22	9	43	0.699451	0.35746	2.46667e-06	3.52657e-06
905	0	0	0	0	0	0	1	-0	0	0
906	1	1	3	3	3	0	0.981336	0.01884	1.66182e-07	1.69343e-07
907	0	0	0	0	0	0	1	-0	0	0
908	1	1	33	41	7	339	0.137191	1.98638	2.78862e-06	2.03265e-05
909	1	1	28	30	8	193	0.30953	1.1727	3.69831e-06	1.19481e-05
910	1	1	3	3	3	0	0.981336	0.01884	1.66182e-07	1.69343e-07
911	1	1	5	5	4	1	0.964158	0.0365	3.23351e-07	3.35371e-07
912	0	0	0	0	0	0	1	-0	0	0
913	1	1	7	8	6	2	0.94135	0.06044	5.2513e-07	5.57847e-07
914	0	0	0	0	0	0	1	-0	0	0
915	1	1	16	20	7	91	0.554494	0.5897	3.30704e-06	5.96407e-06
916	0	0	0	0	0	0	1	-0	0	0
917	1	1	12	14	3	36	0.76222	0.27152	2.06033e-06	2.70306e-06
918	1	1	22	27	7	107	0.489065	0.71526	3.52583e-06	7.20934e-06
919	0	0	0	0	0	0	1	-0	0	0
920	3	3	14	15	12	4	0.891723	0.1146	9.44554e-07	1.05925e-06
921	0	0	0	0	0	0	1	-0	0	0
922	2	2	10	10	7	3	0.924872	0.0781	6.69492e-07	7.23876e-07
923	0	0	0	0	0	0	1	-0	0	0
924	3	3	20	23	13	20	0.781578	0.24644	1.84527e-06	2.36096e-06
925	0	0	0	0	0	0	1	-0	0	0
926	2	2	16	19	6	50	0.687757	0.37432	2.56476e-06	3.72916e-06
927	1	1	57	78	7	2108	1.31296e-05	11.2406	1.52839e-09	0.000116408
928	0	0	0	0	0	0	1	-0	0	0
929	1	1	16	19	4	106	0.516893	0.65992	3.46557e-06	6.70462e-06
930	0	0	0	0	0	0	1	-0	0	0
931	2	1	76	103	9	1556	0.000187367	8.58244	1.658e-08	8.84894e-05
932	0	0	0	0	0	0	1	-0	0	0
933	2	2	18	20	9	47	0.693988	0.3653	2.51655e-06	3.62621e-06
934	0	0	0	0	0	0	1	-0	0	0
935	1	1	23	29	5	300	0.180483	1.71212	3.17233e-06	1.75769e-05
936	1	1	2	2	2	0	0.987519	0.01256	1.11486e-07	1.12895e-07
937	0	0	0	0	0	0	1	-0	0	0
938	1	1	17	20	7	49	0.686946	0.3755	2.56401e-06	3.73248e-06
939	0	0	0	0	0	0	1	-0	0	0
940	1	1	13	13	8	11	0.871325	0.13774	1.14865e-06	1.31828e-06
941	0	0	0	0	0	0	1	-0	0	0
942	1	1	2	2	2	0	0.987519	0.01256	1.11486e-07	1.12895e-07
943	0	0	0	0	0	0	1	-0	0	0
944	1	1	31	39	5	472	0.0705016	2.65212	1.92331e-06	2.72803e-05
945	1	1	8	9	5	5	0.921254	0.08202	7.12769e-07	7.73694e-07
946	0	0	0	0	0	0	1	-0	0	0
947	2	1	9	10	8	2	0.929601	0.073	6.23523e-07	6.70742e-07
948	0	0	0	0	0	0	1	-0	0	0
949	3	3	19	19	15	6	0.860777	0.14992	1.1976e-06	1.3913e-06
950	0	0	0	0	0	0	1	-0	0	0
951	2	1	11	11	8	6	0.905127	0.09968	8.50568e-07	9.39723e-07
952	1	1	56	63	6	643	0.0253509	3.67494	9.56258e-07	3.77208e-05
953	3	3	33	37	15	77	0.535229	0.62506	3.30762e-06	6.17982e-06
954	1	1	30	36	8	210	0.273329	1.29708	3.60523e-06	1.31901e-05
955	0	0	0	0	0	0	1	-0	0	0
956	2	2	25	31	7	235	0.248285	1.39318	3.53462e-06	1.42362e-05
957	0	0	0	0	0	0	1	-0	0	0
958	2	2	36	41	10	262	0.203177	1.59368	3.29862e-06	1.62353e-05
959	0	0	0	0	0	0	1	-0	0	0
960	2	2	70	100	13	1256	0.000881752	7.0336	6.38212e-08	7.23801e-05
961	1	1	3	3	2	1	0.976344	0.02394	2.17213e-07	2.22476e-07
962	2	2	19	26	5	121	0.458232	0.78038	3.61854e-06	7.89675e-06
963	1	1	4	4	4	0	0.975193	0.02512	2.20189e-07	2.2579e-07
964	0	0	0	0	0	0	1	-0	0	0
965	1	1	4	4	4	0	0.975193	0.02512	2.20189e-07	2.2579e-07
966	0	0	0	0	0	0	1	-0	0	0
967	1	1	2	2	2	0	0.987519	0.01256	1.11486e-07	1.12895e-07
968	0	0	0	0	0	0	1	-0	0	0
969	1	1	28	39	2	703	0.0217048	3.83022	8.58515e-07	3.95541e-05
970	1	1	5	5	5	0	0.969088	0.0314	2.73513e-07	2.82238e-07
971	1	1	6	6	4	2	0.953248	0.04788	4.2415e-07	4.44952e-07
972	1	1	50	64	7	657	0.0234562	3.75262	9.0356e-07	3.85212e-05
973	0	0	0	0	0	0	1	-0	0	0
974	2	2	67	87	12	1104	0.00207715	6.17676	1.32044e-07	6.357e-05
975	0	0	0	0	0	0	1	-0	0	0
976	3	3	45	54	12	387	0.0989817	2.31282	2.33703e-06	2.36107e-05
977	0	0	0	0	0	0	1	-0	0	0
978	3	2	13	13	7	12	0.866893	0.14284	1.18887e-06	1.37142e-06
979	1	1	53	75	6	1245	0.00109118	6.8205	7.68017e-08	7.03844e-05
980	0	0	0	0	0	0	1	-0	0	0
981	2	2	73	92	15	886	0.00611898	5.09636	3.19834e-07	5.22692e-05
982	0	0	0	0	0	0	1	-0	0	0
983	2	1	13	19	2	153	0.406724	0.89962	3.74263e-06	9.20188e-06
984	0	0	0	0	0	0	1	-0	0	0
985	2	2	64	75	9	1110	0.00217223	6.132	1.3731e-07	6.32114e-05
986	0	0	0	0	0	0	1	-0	0	0
987	2	2	11	11	7	5	0.909755	0.09458	8.06579e-07	8.8659e-07
988	1	1	3	3	3	0	0.981336	0.01884	1.66182e-07	1.69343e-07
989	0	0	0	0	0	0	1	-0	0	0
990	1	1	3	3	2	1	0.976344	0.02394	2.17213e-07	2.22476e-07
991	0	0	0	0	0	0	1	-0	0	0
992	1	1	4	4	4	0	0.975193	0.02512	2.20189e-07	2.2579e-07
993	0	0	0	0	0	0	1	-0	0	0
994	1	1	7	10	3	22	0.839457	0.175	1.45512e-06	1.73341e-06
995	0	0	0	0	0	0	1	-0	0	0
996	1	1	4	4	4	0	0.975193	0.02512	2.20189e-07	2.2579e-07
997	1	1	6	6	5	1	0.958122	0.04278	3.7541e-07	3.91819e-07
998	0	0	0	0	0	0	1	-0	0	0
999	1	1	7	7	4	4	0.937667	0.06436	5.69789e-07	6.07666e-07
1000	0	0	0	0	0	0	1	-0	0	0