Hist	Tr_Tot	Tr_in	DSBs	DSBt	RIFs	NComb	PSurv	lPSurv	PMut*	PMut
1	1	1	7	8	7	1	0.946163	0.05534	4.77542e-07	5.04714e-07
2	1	1	7	7	7	0	0.956992	0.04396	3.78139e-07	3.95133e-07
3	1	1	2	7	1	21	0.859796	0.15106	1.29909e-06	1.51093e-06
4	1	1	10	17	5	67	0.638611	0.44846	2.88622e-06	4.51953e-06
5	1	1	5	5	5	0	0.969088	0.0314	2.73513e-07	2.82238e-07
6	0	0	0	0	0	0	1	-0	0	0
7	5	5	221	311	33	4832	2.81438e-12	26.5963	7.71969e-16	0.000274295
8	1	1	6	7	3	6	0.928152	0.07456	6.62638e-07	7.13932e-07
9	4	4	130	180	23	4039	3.65666e-10	21.7293	8.21892e-14	0.000224766
10	2	2	79	111	13	1761	6.26354e-05	9.67818	6.2531e-09	9.98332e-05
11	2	2	80	99	16	693	0.0156698	4.15602	6.6455e-07	4.24096e-05
12	3	3	90	109	24	1240	0.000904146	7.00852	6.51328e-08	7.2038e-05
13	5	5	105	158	28	1870	2.67429e-05	10.5292	2.89567e-09	0.000108278
14	3	3	45	50	17	360	0.116484	2.15	2.55687e-06	2.19503e-05
15	0	0	0	0	0	0	1	-0	0	0
16	2	2	14	15	11	5	0.887187	0.1197	9.86889e-07	1.11238e-06
17	1	1	10	10	9	1	0.934354	0.0679	5.77066e-07	6.17609e-07
18	3	3	43	62	14	561	0.0387564	3.25046	1.29088e-06	3.33075e-05
19	2	2	87	138	13	2641	5.94384e-07	14.3357	8.80369e-11	0.000148115
20	2	2	49	60	15	752	0.0148167	4.212	6.42201e-07	4.3343e-05
21	3	3	80	104	21	1499	0.000249009	8.29802	2.12946e-08	8.55172e-05
22	5	5	131	196	30	4156	1.82097e-10	22.4265	4.22257e-14	0.000231885
23	2	2	100	144	14	2180	6.00859e-06	12.0223	7.44818e-10	0.000123959
24	0	0	0	0	0	0	1	-0	0	0
25	2	2	39	50	12	536	0.0474727	3.0476	1.48598e-06	3.13018e-05
26	1	1	28	48	1	1128	0.00234789	6.05424	1.4708e-07	6.26437e-05
27	2	2	121	179	12	4835	6.34966e-12	25.7826	1.69538e-15	0.000267003
28	1	1	16	18	11	22	0.798325	0.22524	1.74433e-06	2.18499e-06
29	1	1	2	2	2	0	0.987519	0.01256	1.11486e-07	1.12895e-07
30	1	1	6	6	4	3	0.948399	0.05298	4.72383e-07	4.98085e-07
31	1	1	51	69	9	974	0.00451333	5.40072	2.51152e-07	5.56466e-05
32	1	1	21	25	8	87	0.548428	0.6007	3.30909e-06	6.03378e-06
33	0	0	0	0	0	0	1	-0	0	0
34	3	3	30	34	18	83	0.528972	0.63682	3.34801e-06	6.32927e-06
35	2	2	86	132	16	2655	5.74676e-07	14.3695	8.53507e-11	0.00014852
36	6	6	126	175	33	2121	6.68195e-06	11.9161	8.19033e-10	0.000122574
37	3	3	79	97	18	987	0.00354272	5.64286	2.05187e-07	5.79179e-05
38	4	4	131	168	31	1281	0.000506422	7.58814	3.92714e-08	7.75468e-05
39	2	2	58	87	12	1372	0.000529509	7.54356	4.12009e-08	7.78097e-05
40	5	5	89	105	23	766	0.0103995	4.566	4.84897e-07	4.6627e-05
41	3	3	106	152	20	2606	6.50737e-07	14.2452	9.56877e-11	0.000147045
42	0	0	0	0	0	0	1	-0	0	0
43	3	3	36	36	21	34	0.670669	0.39948	2.57446e-06	3.83864e-06
44	1	1	16	21	5	136	0.438025	0.82548	3.68445e-06	8.41151e-06
45	3	3	14	14	13	1	0.911175	0.09302	7.68485e-07	8.434e-07
46	2	2	58	86	14	1332	0.000653427	7.33328	4.94173e-08	7.56279e-05
47	3	3	39	47	16	250	0.208012	1.57016	3.31495e-06	1.59363e-05
48	2	2	19	19	14	6	0.860777	0.14992	1.1976e-06	1.3913e-06
49	2	2	28	32	13	71	0.569464	0.56306	3.17691e-06	5.57878e-06
50	3	3	117	167	22	2693	3.80013e-07	14.7831	5.79575e-11	0.000152514
51	0	0	0	0	0	0	1	-0	0	0
52	2	2	19	21	6	71	0.610193	0.49398	3.02525e-06	4.95786e-06
53	1	1	5	5	5	0	0.969088	0.0314	2.73513e-07	2.82238e-07
54	2	2	57	76	16	581	0.0320525	3.44038	1.12698e-06	3.51604e-05
55	1	1	2	2	2	0	0.987519	0.01256	1.11486e-07	1.12895e-07
56	1	1	69	111	11	2591	9.08764e-07	13.9112	1.30802e-10	0.000143934
57	1	1	3	3	3	0	0.981336	0.01884	1.66182e-07	1.69343e-07
58	1	1	9	9	9	0	0.945048	0.05652	4.80111e-07	5.08028e-07
59	1	1	8	9	5	5	0.921254	0.08202	7.12769e-07	7.73694e-07
60	0	0	0	0	0	0	1	-0	0	0
61	5	5	97	136	26	1440	0.000275181	8.19808	2.31672e-08	8.41887e-05
62	2	2	67	84	18	676	0.018777	3.97512	7.63468e-07	4.06596e-05
63	2	2	96	126	19	3566	5.72811e-09	18.9779	1.12606e-12	0.000196585
64	3	3	50	68	18	926	0.00580149	5.14964	3.0771e-07	5.30398e-05
65	4	4	206	317	35	5848	1.52292e-14	31.8156	5.00458e-18	0.000328617
66	3	3	126	205	17	5237	6.94142e-13	27.9961	2.01183e-16	0.00028983
67	0	0	0	0	0	0	1	-0	0	0
68	2	2	44	54	9	287	0.164833	1.80282	3.01602e-06	1.82974e-05
69	1	1	10	13	6	16	0.849387	0.16324	1.34539e-06	1.58395e-06
70	3	3	58	81	24	515	0.0434919	3.13518	1.38895e-06	3.19359e-05
71	2	2	67	85	10	1051	0.00275621	5.8939	1.67139e-07	6.0641e-05
72	2	2	6	6	6	0	0.963021	0.03768	3.26161e-07	3.38686e-07
73	2	2	40	48	7	675	0.0236607	3.74394	9.12697e-07	3.85744e-05
74	3	3	16	16	12	5	0.881632	0.12598	1.03048e-06	1.16883e-06
75	3	3	19	20	12	23	0.78435	0.2429	1.84402e-06	2.35102e-06
76	0	0	0	0	0	0	1	-0	0	0
77	2	2	19	19	13	7	0.856398	0.15502	1.23701e-06	1.44444e-06
78	1	1	0	0	0	0	1	-0	0	0
79	3	3	85	113	16	1241	0.000877231	7.03874	6.34386e-08	7.23169e-05
80	1	0	7	7	6	1	0.952124	0.04906	4.26805e-07	4.48266e-07
81	2	2	20	27	11	74	0.578706	0.54696	3.15739e-06	5.45594e-06
82	1	1	4	4	3	1	0.970232	0.03022	2.70621e-07	2.78924e-07
83	1	1	64	106	8	2100	1.14711e-05	11.3757	1.34858e-09	0.000117563
84	1	1	9	9	7	2	0.935457	0.06672	5.74646e-07	6.14295e-07
85	0	0	0	0	0	0	1	-0	0	0
86	1	1	2	2	2	0	0.987519	0.01256	1.11486e-07	1.12895e-07
87	2	2	120	182	16	4209	1.51739e-10	22.6089	3.54934e-14	0.000233911
88	5	5	92	126	21	1828	4.05052e-05	10.1141	4.22226e-09	0.00010424
89	3	3	56	80	17	1662	0.000126079	8.9786	1.17031e-08	9.28232e-05
90	5	5	141	200	26	2758	2.21731e-07	15.3218	3.4996e-11	0.000157831
91	2	2	113	161	10	2629	5.46911e-07	14.419	8.13668e-11	0.000148775
92	2	2	9	9	8	1	0.94024	0.06162	5.27627e-07	5.61162e-07
93	3	3	17	17	13	5	0.876113	0.13226	1.07348e-06	1.22528e-06
94	0	0	0	0	0	0	1	-0	0	0
95	3	3	27	34	14	140	0.395533	0.92752	3.70135e-06	9.35787e-06
96	1	1	22	22	8	52	0.668072	0.40336	2.67548e-06	4.00477e-06
97	3	3	116	184	23	3295	1.58512e-08	17.96	2.93977e-12	0.00018546
98	3	2	8	8	7	1	0.946163	0.05534	4.77542e-07	5.04714e-07
99	3	3	48	66	17	733	0.0157207	4.15278	6.70834e-07	4.26722e-05
100	2	2	9	9	9	0	0.945048	0.05652	4.80111e-07	5.08028e-07
101	2	2	4	4	4	0	0.975193	0.02512	2.20189e-07	2.2579e-07
102	4	4	58	71	22	547	0.0393374	3.23558	1.30095e-06	3.30716e-05
103	0	0	0	0	0	0	1	-0	0	0
104	2	2	58	79	14	1557	0.000216738	8.43682	1.88969e-08	8.71878e-05
105	1	1	10	10	6	7	0.906196	0.0985	8.48569e-07	9.36408e-07
106	2	2	26	31	10	80	0.547343	0.60268	3.28435e-06	6.00053e-06
107	1	1	9	9	8	1	0.94024	0.06162	5.27627e-07	5.61162e-07
108	2	2	44	54	11	752	0.0153857	4.17432	6.6165e-07	4.30043e-05
109	1	1	1	3	1	3	0.966436	0.03414	3.17709e-07	3.28742e-07
110	2	2	46	66	9	631	0.0264479	3.63258	9.85251e-07	3.72526e-05
111	1	1	1	1	1	0	0.99374	0.00628	5.60942e-08	5.64476e-08
112	0	0	0	0	0	0	1	-0	0	0
113	1	1	6	6	4	2	0.953248	0.04788	4.2415e-07	4.44952e-07
114	2	2	55	82	9	2629	8.98212e-07	13.9229	1.29626e-10	0.000144316
115	4	4	104	141	18	2201	5.501e-06	12.1106	6.87104e-10	0.000124905
116	4	3	72	104	18	1763	6.47861e-05	9.64442	6.44909e-09	9.95444e-05
117	5	5	279	402	35	8388	2.11349e-20	45.3034	9.89903e-24	0.000468373
118	3	3	60	83	21	891	0.00631176	5.06534	3.28381e-07	5.20268e-05
119	0	0	0	0	0	0	1	-0	0	0
120	2	2	13	16	8	24	0.800211	0.22288	1.74315e-06	2.17836e-06
121	1	1	5	6	5	1	0.958122	0.04278	3.7541e-07	3.91819e-07
122	3	3	63	83	16	682	0.0183259	3.99944	7.49932e-07	4.0922e-05
123	2	2	69	98	19	1673	0.00010646	9.14774	1.00524e-08	9.44237e-05
124	3	3	77	107	18	1006	0.00301981	5.80256	1.79654e-07	5.94919e-05
125	2	2	19	23	10	59	0.640606	0.44534	2.83991e-06	4.43315e-06
126	3	3	79	119	20	2458	1.703e-06	13.2831	2.33853e-10	0.000137319
127	3	3	27	36	15	127	0.417371	0.87378	3.66453e-06	8.78003e-06
128	0	0	0	0	0	0	1	-0	0	0
129	2	2	47	57	13	497	0.0554286	2.89266	1.64206e-06	2.96247e-05
130	1	1	7	9	3	16	0.870994	0.13812	1.18295e-06	1.35816e-06
131	4	4	122	183	23	2093	7.32996e-06	11.8235	8.90867e-10	0.000121538
132	1	1	10	12	6	13	0.867916	0.14166	1.1874e-06	1.3681e-06
133	2	2	75	106	14	1266	0.000806925	7.12228	5.91073e-08	7.32501e-05
134	1	1	58	101	7	2212	6.6861e-06	11.9155	8.2394e-10	0.000123232
135	3	3	142	203	29	2653	3.71714e-07	14.8051	5.66572e-11	0.000152421
136	1	1	5	5	4	1	0.964158	0.0365	3.23351e-07	3.35371e-07
137	0	0	0	0	0	0	1	-0	0	0
138	1	1	4	4	3	1	0.970232	0.03022	2.70621e-07	2.78924e-07
139	1	1	71	85	14	929	0.00513487	5.2717	2.78099e-07	5.41588e-05
140	1	1	2	2	2	0	0.987519	0.01256	1.11486e-07	1.12895e-07
141	3	3	61	72	23	446	0.0654309	2.72676	1.81647e-06	2.77616e-05
142	7	7	151	187	40	1340	0.00033267	8.00836	2.71972e-08	8.17542e-05
143	2	2	27	34	14	173	0.334265	1.09582	3.71411e-06	1.11113e-05
144	2	2	11	12	11	1	0.922692	0.08046	6.7403e-07	7.30504e-07
145	4	4	212	303	32	7427	5.29092e-18	39.7805	2.1784e-21	0.000411724
146	0	0	0	0	0	0	1	-0	0	0
147	3	3	90	115	13	1361	0.000469755	7.6633	3.70194e-08	7.88058e-05
148	2	2	3	3	3	0	0.981336	0.01884	1.66182e-07	1.69343e-07
149	2	2	5	5	4	1	0.964158	0.0365	3.23351e-07	3.35371e-07
150	4	4	16	18	12	9	0.853048	0.15894	1.27467e-06	1.49426e-06
151	3	3	26	28	13	63	0.608268	0.49714	2.9975e-06	4.92792e-06
152	2	2	49	63	9	501	0.052301	2.95074	1.57823e-06	3.01759e-05
153	2	2	110	159	14	5039	2.54365e-12	26.6974	7.03863e-16	0.000276713
154	5	5	106	152	27	2440	1.51733e-06	13.3986	2.09733e-10	0.000138225
155	0	0	0	0	0	0	1	-0	0	0
156	3	3	6	6	6	0	0.963021	0.03768	3.26161e-07	3.38686e-07
157	1	1	4	4	4	0	0.975193	0.02512	2.20189e-07	2.2579e-07
158	2	2	16	17	9	15	0.832552	0.18326	1.46247e-06	1.75661e-06
159	1	1	21	32	6	153	0.374839	0.98126	3.72428e-06	9.9357e-06
160	3	3	16	16	14	3	0.890671	0.11578	9.46393e-07	1.06256e-06
161	1	1	23	27	7	121	0.455363	0.78666	3.6216e-06	7.9532e-06
162	2	2	21	32	10	113	0.459664	0.77726	3.59015e-06	7.81037e-06
163	1	1	4	4	3	1	0.970232	0.03022	2.70621e-07	2.78924e-07
164	0	0	0	0	0	0	1	-0	0	0
165	1	1	5	5	5	0	0.969088	0.0314	2.73513e-07	2.82238e-07
166	1	1	71	107	10	4289	1.61606e-10	22.5459	3.78042e-14	0.000233928
167	1	1	16	26	5	211	0.289564	1.23938	3.6713e-06	1.26787e-05
168	2	2	69	78	20	389	0.0842691	2.47374	2.11277e-06	2.50717e-05
169	3	3	13	13	12	1	0.916915	0.08674	7.21568e-07	7.86952e-07
170	4	4	39	51	15	347	0.12369	2.08998	2.63657e-06	2.1316e-05
171	4	4	27	29	17	15	0.772116	0.25862	1.87931e-06	2.43398e-06
172	2	2	4	4	4	0	0.975193	0.02512	2.20189e-07	2.2579e-07
173	0	0	0	0	0	0	1	-0	0	0
174	4	3	28	30	16	30	0.710775	0.3414	2.33662e-06	3.28742e-06
175	2	2	32	36	12	118	0.436975	0.82788	3.62769e-06	8.30183e-06
176	3	3	47	60	16	283	0.16201	1.8201	2.98479e-06	1.84236e-05
177	2	2	19	20	14	8	0.846707	0.1664	1.3158e-06	1.55402e-06
178	4	4	167	213	29	3352	9.87914e-09	18.4328	1.87828e-12	0.000190126
179	4	4	82	96	24	753	0.0117585	4.44318	5.34168e-07	4.54283e-05
180	0	0	0	0	0	0	1	-0	0	0
181	2	2	106	142	10	3382	1.32408e-08	18.14	2.48546e-12	0.000187712
182	1	1	38	50	12	462	0.0692384	2.6702	1.89505e-06	2.73699e-05
183	5	5	134	191	31	1602	8.52707e-05	9.36968	8.17753e-09	9.59009e-05
184	1	1	15	15	12	4	0.891723	0.1146	9.44554e-07	1.05925e-06
185	3	3	78	113	19	2373	2.728e-06	12.8119	3.61362e-10	0.000132464
186	1	1	26	46	7	780	0.0140255	4.26688	6.17689e-07	4.40405e-05
187	2	2	41	60	14	544	0.0428007	3.1512	1.38209e-06	3.22913e-05
188	1	1	8	9	7	2	0.935457	0.06672	5.74646e-07	6.14295e-07
189	0	0	0	0	0	0	1	-0	0	0
190	1	1	44	66	5	1604	0.000185051	8.59488	1.64605e-08	8.89512e-05
191	1	1	115	183	12	6298	3.55991e-15	33.269	1.22804e-18	0.000344963
192	1	1	9	9	8	1	0.94024	0.06162	5.27627e-07	5.61162e-07
193	1	1	34	48	10	383	0.104901	2.25474	2.41896e-06	2.30595e-05
194	3	3	24	25	18	12	0.803965	0.2182	1.64715e-06	2.04879e-06
195	3	3	6	6	6	0	0.963021	0.03768	3.26161e-07	3.38686e-07
196	3	3	38	59	14	511	0.0509648	2.97662	1.55348e-06	3.04815e-05
197	5	5	53	61	28	161	0.299938	1.20418	3.59858e-06	1.19977e-05
198	0	0	0	0	0	0	1	-0	0	0
199	5	5	169	226	29	3962	4.0567e-10	21.6255	9.05744e-14	0.000223271
200	2	2	30	34	16	123	0.431357	0.84082	3.64695e-06	8.4546e-06
201	2	2	19	23	11	28	0.750332	0.28724	2.09044e-06	2.78602e-06
202	4	4	153	218	32	1698	4.41093e-05	10.0288	4.52234e-09	0.000102526
203	4	4	191	242	29	4605	1.38151e-11	25.0053	3.56897e-15	0.000258339
204	2	2	59	72	15	569	0.0349422	3.35406	1.19841e-06	3.4297e-05
205	3	3	51	66	16	1132	0.00205459	6.18768	1.31231e-07	6.38723e-05
206	2	2	13	13	11	3	0.90761	0.09694	8.10694e-07	8.93218e-07
207	0	0	0	0	0	0	1	-0	0	0
208	4	4	74	96	27	464	0.0513403	2.96928	1.54394e-06	3.00728e-05
209	1	1	17	20	10	32	0.749162	0.2888	2.11954e-06	2.82921e-06
210	2	2	50	90	16	691	0.016751	4.0893	7.00112e-07	4.17953e-05
211	1	1	11	12	6	13	0.867916	0.14166	1.1874e-06	1.3681e-06
212	5	5	40	45	24	45	0.599236	0.5121	2.95491e-06	4.93114e-06
213	2	2	14	15	11	4	0.891723	0.1146	9.44554e-07	1.05925e-06
214	2	2	15	16	12	5	0.881632	0.12598	1.03048e-06	1.16883e-06
215	1	1	11	11	6	8	0.895942	0.10988	9.37145e-07	1.04599e-06
216	0	0	0	0	0	0	1	-0	0	0
217	1	1	35	45	10	177	0.305654	1.1853	3.65096e-06	1.19447e-05
218	1	1	16	16	7	25	0.79614	0.22798	1.77658e-06	2.23149e-06
219	1	1	30	48	6	606	0.03364	3.39204	1.17431e-06	3.49082e-05
220	1	1	25	39	3	631	0.031335	3.46302	1.11955e-06	3.57285e-05
221	4	4	23	24	18	7	0.829925	0.18642	1.43301e-06	1.72667e-06
222	4	4	76	102	19	1008	0.00308452	5.78136	1.82961e-07	5.93159e-05
223	3	3	9	9	8	1	0.94024	0.06162	5.27627e-07	5.61162e-07
224	3	3	36	50	14	564	0.0411554	3.1904	1.34947e-06	3.27895e-05
225	0	0	0	0	0	0	1	-0	0	0
226	5	5	120	167	25	2248	3.67646e-06	12.5136	4.73786e-10	0.00012887
227	2	2	69	109	13	1915	2.89188e-05	10.451	3.12042e-09	0.000107903
228	4	4	49	52	22	144	0.346123	1.06096	3.66422e-06	1.05865e-05
229	2	2	12	15	10	15	0.843074	0.1707	1.38577e-06	1.64371e-06
230	4	3	16	16	14	2	0.895225	0.11068	9.03665e-07	1.00943e-06
231	3	3	13	13	12	1	0.916915	0.08674	7.21568e-07	7.86952e-07
232	0	0	0	0	0	0	1	-0	0	0
233	2	2	38	59	6	768	0.0137417	4.28732	6.06514e-07	4.41367e-05
234	1	1	50	74	9	1220	0.00124737	6.68672	8.60679e-08	6.89996e-05
235	4	4	58	93	17	992	0.00354138	5.64324	2.0525e-07	5.79578e-05
236	1	1	23	32	6	190	0.310379	1.16996	3.69402e-06	1.19016e-05
237	4	4	126	182	27	2411	1.4571e-06	13.4391	2.0163e-10	0.000138378
238	2	2	29	39	14	216	0.260144	1.34652	3.55831e-06	1.36782e-05
239	2	2	105	149	17	2849	1.92029e-07	15.4656	3.06838e-11	0.000159787
240	2	2	11	11	8	3	0.919082	0.08438	7.17181e-07	7.80323e-07
241	0	0	0	0	0	0	1	-0	0	0
242	2	2	7	7	6	1	0.952124	0.04906	4.26805e-07	4.48266e-07
243	1	1	34	55	2	1431	0.000479148	7.6435	3.7919e-08	7.91382e-05
244	1	1	73	100	12	1531	0.000216894	8.4361	1.8868e-08	8.69917e-05
245	1	1	52	93	4	3199	4.58019e-08	16.8989	8.02554e-12	0.000175223
246	1	1	41	66	7	1096	0.00246866	6.00408	1.52957e-07	6.19595e-05
247	1	1	14	17	6	40	0.73289	0.31076	2.26092e-06	3.08494e-06
248	3	3	180	235	24	3980	3.49751e-10	21.7738	7.86014e-14	0.000224735
249	4	4	79	104	23	1280	0.000760815	7.18112	5.62098e-08	7.3881e-05
250	0	0	0	0	0	0	1	-0	0	0
251	4	4	45	52	27	72	0.499694	0.69376	3.37836e-06	6.76087e-06
252	2	2	112	154	18	5424	3.68432e-13	28.6295	1.09383e-16	0.000296887
253	2	2	16	18	10	36	0.743312	0.29664	2.17705e-06	2.92885e-06
254	3	3	39	51	19	145	0.346532	1.05978	3.6674e-06	1.05831e-05
255	5	5	218	324	24	15810	1.25526e-36	82.6657	1.07742e-39	0.000858325
256	3	3	67	97	22	770	0.0107145	4.53616	4.97023e-07	4.6388e-05
257	3	3	63	81	17	1172	0.00152482	6.48588	1.01926e-07	6.68444e-05
258	2	2	40	52	14	634	0.02844	3.55996	1.04152e-06	3.66217e-05
259	0	0	0	0	0	0	1	-0	0	0
260	3	3	36	39	13	258	0.209985	1.56072	3.34082e-06	1.59098e-05
261	1	1	38	64	7	951	0.00523693	5.25202	2.83539e-07	5.41423e-05
262	2	2	37	44	9	630	0.0305216	3.48932	1.09748e-06	3.59576e-05
263	2	2	70	102	14	3743	2.70042e-09	19.7299	5.526e-13	0.000204635
264	4	4	197	286	22	4105	1.34215e-10	22.7316	3.14406e-14	0.000234256
265	2	1	18	19	13	12	0.834836	0.18052	1.42766e-06	1.7101e-06
266	3	3	43	49	19	143	0.35451	1.03702	3.67413e-06	1.0364e-05
267	2	2	172	276	23	12658	1.62562e-29	66.2891	1.11865e-32	0.00068814
268	0	0	0	0	0	0	1	-0	0	0
269	2	1	9	9	7	2	0.935457	0.06672	5.74646e-07	6.14295e-07
270	1	1	3	3	3	0	0.981336	0.01884	1.66182e-07	1.69343e-07
271	1	1	11	12	6	21	0.833218	0.18246	1.4941e-06	1.79317e-06
272	1	1	29	45	7	669	0.0248599	3.6945	9.4682e-07	3.80863e-05
273	1	1	30	38	11	153	0.360977	1.01894	3.70882e-06	1.02744e-05
274	1	1	12	17	6	66	0.641876	0.44336	2.86688e-06	4.4664e-06
275	4	4	135	196	21	2828	1.59108e-07	15.6537	2.56681e-11	0.000161324
276	3	3	65	76	20	407	0.0778493	2.55298	2.01748e-06	2.59152e-05
277	0	0	0	0	0	0	1	-0	0	0
278	4	4	91	111	19	1557	0.00017728	8.63778	1.57769e-08	8.89941e-05
279	2	2	102	138	15	2727	3.83341e-07	14.7743	5.85301e-11	0.000152684
280	4	4	136	178	24	3476	6.53927e-09	18.8454	1.27345e-12	0.000194739
281	2	1	67	98	17	1424	0.000379051	7.87784	3.07765e-08	8.11935e-05
282	2	2	62	83	13	742	0.0134949	4.30544	5.95262e-07	4.411e-05
283	3	3	89	132	17	1357	0.000430889	7.74966	3.42784e-08	7.95528e-05
284	4	4	64	71	18	287	0.148143	1.90958	2.85278e-06	1.9257e-05
285	3	3	62	79	25	467	0.0562573	2.87782	1.64679e-06	2.92726e-05
286	0	0	0	0	0	0	1	-0	0	0
287	3	3	32	45	7	633	0.02987	3.5109	1.0805e-06	3.61735e-05
288	1	1	35	44	10	243	0.219672	1.51562	3.38186e-06	1.53951e-05
289	3	3	42	53	13	463	0.0676005	2.69414	1.86526e-06	2.75924e-05
290	2	2	14	14	11	4	0.89734	0.10832	8.99852e-07	1.0028e-06
291	2	2	31	37	6	409	0.0984447	2.31826	2.34496e-06	2.382e-05
292	3	3	28	31	19	33	0.6956	0.36298	2.43688e-06	3.50327e-06
293	0	0	0	0	0	0	1	-0	0	0
294	2	2	44	58	18	327	0.131081	2.03194	2.70663e-06	2.06485e-05
295	1	1	5	5	4	1	0.964158	0.0365	3.23351e-07	3.35371e-07
296	2	2	17	17	13	4	0.880593	0.12716	1.03218e-06	1.17214e-06
297	1	1	3	4	3	1	0.970232	0.03022	2.70621e-07	2.78924e-07
298	1	1	29	36	10	326	0.151271	1.88868	2.92764e-06	1.93535e-05
299	1	1	5	5	4	1	0.964158	0.0365	3.23351e-07	3.35371e-07
300	1	1	9	9	7	2	0.935457	0.06672	5.74646e-07	6.14295e-07
301	1	1	13	19	7	58	0.660261	0.41512	2.74288e-06	4.15423e-06
302	0	0	0	0	0	0	1	-0	0	0
303	5	5	325	463	34	21393	2.25856e-49	112.012	2.62629e-52	0.00116281
304	2	2	26	35	12	213	0.270874	1.3061	3.60074e-06	1.3293e-05
305	3	3	43	53	21	219	0.234631	1.44974	3.43216e-06	1.46279e-05
306	3	3	87	141	15	2558	8.90681e-07	13.9313	1.28146e-10	0.000143874
307	4	4	98	134	19	1434	0.000287318	8.15492	2.40649e-08	8.3757e-05
308	3	3	20	20	17	4	0.864158	0.146	1.15925e-06	1.34148e-06
309	4	4	62	79	28	474	0.0542843	2.91352	1.60923e-06	2.96445e-05
310	2	2	55	80	12	652	0.0217618	3.8276	8.52162e-07	3.91587e-05
311	0	0	0	0	0	0	1	-0	0	0
312	3	2	61	80	17	700	0.0170365	4.0724	7.10574e-07	4.1709e-05
313	1	1	11	12	9	3	0.913328	0.09066	7.64246e-07	8.36771e-07
314	2	2	27	36	12	157	0.358158	1.02678	3.71554e-06	1.0374e-05
315	2	2	44	55	14	672	0.0229922	3.7726	8.9233e-07	3.88101e-05
316	3	3	31	38	16	74	0.540079	0.61604	3.28199e-06	6.07687e-06
317	2	1	10	10	8	3	0.924872	0.0781	6.69492e-07	7.23876e-07
318	3	3	81	99	18	1008	0.00314318	5.76252	1.85908e-07	5.91466e-05
319	2	2	11	11	6	9	0.891384	0.11498	9.7974e-07	1.09912e-06
320	0	0	0	0	0	0	1	-0	0	0
321	3	3	96	140	20	2728	3.76631e-07	14.792	5.75681e-11	0.00015285
322	1	1	0	0	0	0	1	-0	0	0
323	2	2	34	42	18	162	0.33623	1.08996	3.69126e-06	1.09784e-05
324	1	1	5	5	4	1	0.964158	0.0365	3.23351e-07	3.35371e-07
325	1	1	85	127	9	3055	7.71079e-08	16.3781	1.30691e-11	0.000169491
326	1	1	9	9	7	2	0.935457	0.06672	5.74646e-07	6.14295e-07
327	1	1	34	45	9	301	0.162399	1.8177	3.00978e-06	1.85332e-05
328	1	1	5	5	5	0	0.969088	0.0314	2.73513e-07	2.82238e-07
329	0	0	0	0	0	0	1	-0	0	0
330	7	7	200	262	38	3889	4.69544e-10	21.4793	1.03968e-13	0.000221424
331	3	3	55	67	16	747	0.0145457	4.23046	6.32338e-07	4.34725e-05
332	5	5	202	258	28	3971	3.1693e-10	21.8723	7.14853e-14	0.000225555
333	2	1	15	16	7	14	0.84208	0.17188	1.38693e-06	1.64703e-06
334	2	2	9	9	7	2	0.935457	0.06672	5.74646e-07	6.14295e-07
335	3	2	86	142	24	1235	0.000753893	7.19026	5.5513e-08	7.36351e-05
336	5	5	25	26	19	17	0.778816	0.24998	1.8465e-06	2.3709e-06
337	3	2	9	9	9	0	0.945048	0.05652	4.80111e-07	5.08028e-07
338	0	0	0	0	0	0	1	-0	0	0
339	2	2	57	78	13	667	0.0204139	3.89154	8.13345e-07	3.98428e-05
340	2	2	6	6	5	1	0.958122	0.04278	3.7541e-07	3.91819e-07
341	3	3	90	131	22	1161	0.00117819	6.74378	8.13917e-08	6.90823e-05
342	2	2	57	70	12	454	0.063609	2.755	1.78575e-06	2.80738e-05
343	2	2	47	58	13	454	0.0685878	2.67964	1.87906e-06	2.73964e-05
344	3	3	79	124	26	1555	0.000165057	8.70922	1.47927e-08	8.96216e-05
345	0	0	0	0	0	0	1	-0	0	0
346	2	2	14	14	11	3	0.901929	0.10322	8.56531e-07	9.49666e-07
347	0	0	0	0	0	0	1	-0	0	0
348	2	2	17	23	7	121	0.466947	0.76154	3.60829e-06	7.72741e-06
349	1	1	7	7	6	1	0.952124	0.04906	4.26805e-07	4.48266e-07
350	2	2	49	62	10	766	0.0136235	4.29596	6.02155e-07	4.41998e-05
351	1	1	1	1	1	0	0.99374	0.00628	5.60942e-08	5.64476e-08
352	1	1	107	146	13	2005	1.44852e-05	11.1424	1.66252e-09	0.000114773
353	1	0	0	0	0	0	1	-0	0	0
354	0	0	0	0	0	0	1	-0	0	0
355	1	1	3	3	3	0	0.981336	0.01884	1.66182e-07	1.69343e-07
356	2	2	28	31	14	109	0.472093	0.75058	3.56024e-06	7.54139e-06
357	4	4	111	158	25	2430	1.53767e-06	13.3852	2.12249e-10	0.000138032
358	2	2	59	84	12	1431	0.000399371	7.82562	3.22593e-08	8.07752e-05
359	5	5	154	212	23	2559	5.67367e-07	14.3823	8.39333e-11	0.000147935
360	3	2	72	102	14	999	0.0032294	5.73546	1.9001e-07	5.88377e-05
361	5	5	127	158	32	1454	0.000223156	8.40764	1.92303e-08	8.61744e-05
362	2	2	14	15	11	7	0.878183	0.1299	1.07019e-06	1.21865e-06
363	0	0	0	0	0	0	1	-0	0	0
364	3	3	12	12	11	1	0.922692	0.08046	6.7403e-07	7.30504e-07
365	1	1	7	8	6	3	0.936562	0.06554	5.72221e-07	6.1098e-07
366	3	3	32	41	15	194	0.2874	1.24688	3.62762e-06	1.26222e-05
367	2	2	63	93	16	2428	2.33654e-06	12.9668	3.13697e-10	0.000134257
368	3	3	41	53	14	249	0.201344	1.60274	3.26618e-06	1.62219e-05
369	3	2	24	26	18	15	0.786801	0.23978	1.78182e-06	2.26464e-06
370	3	2	39	52	13	481	0.0620596	2.77966	1.76822e-06	2.84923e-05
371	2	2	117	180	19	3729	1.77707e-09	20.1483	3.70153e-13	0.000208294
372	0	0	0	0	0	0	1	-0	0	0
373	4	4	55	73	17	941	0.0052081	5.25754	2.81857e-07	5.4119e-05
374	1	1	25	32	8	277	0.199157	1.61366	3.29092e-06	1.65242e-05
375	2	2	51	71	17	1485	0.000329024	8.01938	2.72796e-08	8.29106e-05
376	1	1	6	6	5	1	0.958122	0.04278	3.7541e-07	3.91819e-07
377	2	2	18	21	13	23	0.77944	0.24918	1.87647e-06	2.40746e-06
378	1	1	2	2	2	0	0.987519	0.01256	1.11486e-07	1.12895e-07
379	1	1	35	48	14	341	0.129959	2.04054	2.70676e-06	2.08279e-05
380	1	1	8	10	4	21	0.843749	0.1699	1.41773e-06	1.68027e-06
381	0	0	0	0	0	0	1	-0	0	0
382	1	0	6	6	6	0	0.963021	0.03768	3.26161e-07	3.38686e-07
383	3	2	26	31	17	53	0.628148	0.46498	2.86808e-06	4.56594e-06
384	4	4	51	59	33	90	0.436259	0.82952	3.5391e-06	8.1124e-06
385	2	2	25	26	15	29	0.732582	0.31118	2.20397e-06	3.0085e-06
386	2	2	110	168	21	3137	3.92333e-08	17.0537	6.91142e-12	0.000176162
387	4	4	132	182	31	3358	1.16407e-08	18.2688	2.19654e-12	0.000188695
388	5	5	82	101	26	891	0.00563713	5.17838	2.9901e-07	5.30429e-05
389	3	3	99	120	22	1014	0.00267181	5.925	1.62047e-07	6.06508e-05
390	0	0	0	0	0	0	1	-0	0	0
391	2	2	38	39	15	136	0.391206	0.93852	3.68813e-06	9.42757e-06
392	2	2	22	28	13	70	0.586936	0.53284	3.11068e-06	5.29986e-06
393	3	2	8	8	7	1	0.946163	0.05534	4.77542e-07	5.04714e-07
394	2	2	21	34	8	351	0.134846	2.00362	2.77365e-06	2.0569e-05
395	2	2	44	49	19	163	0.320133	1.13902	3.65804e-06	1.14266e-05
396	2	2	12	12	10	2	0.917998	0.08556	7.19378e-07	7.83638e-07
397	3	2	43	64	10	1145	0.00194709	6.24142	1.2549e-07	6.44502e-05
398	3	3	172	239	23	4522	2.14967e-11	24.5631	5.455e-15	0.000253759
399	0	0	0	0	0	0	1	-0	0	0
400	2	2	43	50	12	507	0.0550397	2.8997	1.63803e-06	2.97609e-05
401	1	1	13	13	10	4	0.902993	0.10204	8.54549e-07	9.46352e-07
402	3	3	17	23	10	79	0.578487	0.54734	3.17926e-06	5.49582e-06
403	1	1	29	32	9	90	0.516872	0.65996	3.40531e-06	6.58831e-06
404	2	2	19	19	13	9	0.847707	0.16522	1.31454e-06	1.5507e-06
405	1	1	7	7	6	1	0.952124	0.04906	4.26805e-07	4.48266e-07
406	0	0	0	0	0	0	1	-0	0	0
407	1	1	11	16	4	78	0.607575	0.49828	3.06676e-06	5.04755e-06
408	1	1	88	126	8	2640	6.44185e-07	14.2553	9.49426e-11	0.000147384
409	3	2	102	145	23	1635	9.61982e-05	9.2491	9.14438e-09	9.50577e-05
410	2	2	8	8	7	1	0.946163	0.05534	4.77542e-07	5.04714e-07
411	3	3	26	28	19	24	0.742123	0.29824	2.1193e-06	2.85573e-06
412	3	3	61	90	17	767	0.0113686	4.4769	5.21062e-07	4.58334e-05
413	3	3	29	30	23	9	0.791124	0.2343	1.71803e-06	2.17163e-06
414	2	2	10	10	8	2	0.929601	0.073	6.23523e-07	6.70742e-07
415	0	0	0	0	0	0	1	-0	0	0
416	4	4	122	199	23	6528	9.96263e-16	34.5425	3.56749e-19	0.000358087
417	1	1	9	10	9	1	0.934354	0.0679	5.77066e-07	6.17609e-07
418	3	2	75	101	20	741	0.0121142	4.41338	5.46021e-07	4.50729e-05
419	2	2	22	22	17	7	0.840415	0.17386	1.35624e-06	1.61378e-06
420	4	4	62	82	20	857	0.00755414	4.88566	3.78945e-07	5.01639e-05
421	4	4	130	162	26	1749	4.83396e-05	9.93726	4.93424e-09	0.000102074
422	3	2	40	49	13	631	0.0294277	3.52582	1.06802e-06	3.6293e-05
423	2	2	17	17	14	3	0.885095	0.12206	9.90429e-07	1.11901e-06
424	0	0	0	0	0	0	1	-0	0	0
425	6	5	84	98	25	504	0.0413435	3.18584	1.33585e-06	3.2311e-05
426	1	1	13	18	4	105	0.522809	0.64854	3.44794e-06	6.59504e-06
427	3	2	55	73	21	1043	0.0030957	5.77774	1.84314e-07	5.95386e-05
428	1	1	10	13	5	29	0.794899	0.22954	1.80814e-06	2.27468e-06
429	2	2	58	77	19	957	0.00468092	5.36426	2.58363e-07	5.51949e-05
430	1	1	29	39	5	275	0.192546	1.64742	3.23729e-06	1.68131e-05
431	2	2	12	13	12	1	0.916915	0.08674	7.21568e-07	7.86952e-07
432	1	1	4	4	4	0	0.975193	0.02512	2.20189e-07	2.2579e-07
433	0	0	0	0	0	0	1	-0	0	0
434	1	1	19	26	3	276	0.207862	1.57088	3.35332e-06	1.61324e-05
435	1	1	19	20	9	33	0.745351	0.2939	2.14836e-06	2.88235e-06
436	3	3	148	205	18	3493	5.06101e-09	19.1017	9.97859e-13	0.000197166
437	2	2	50	68	13	447	0.0667541	2.70674	1.84168e-06	2.7589e-05
438	3	2	10	10	10	0	0.939131	0.0628	5.30117e-07	5.64476e-07
439	5	5	123	169	33	1448	0.000214732	8.44612	1.85693e-08	8.64765e-05
440	3	2	32	35	11	234	0.243363	1.4132	3.50658e-06	1.44088e-05
441	4	3	64	103	20	1254	0.000874166	7.04224	6.33273e-08	7.24431e-05
442	0	0	0	0	0	0	1	-0	0	0
443	2	2	131	187	16	5615	1.1306e-13	29.8109	3.4924e-17	0.000308899
444	4	3	41	51	16	375	0.10723	2.23278	2.44525e-06	2.28038e-05
445	5	5	94	134	29	1352	0.000436501	7.73672	3.46582e-08	7.94001e-05
446	2	2	7	7	5	2	0.947281	0.05416	4.74966e-07	5.014e-07
447	3	3	89	146	16	4379	7.99372e-11	23.2498	1.92578e-14	0.000240912
448	2	2	37	54	12	822	0.0107665	4.53132	5.03048e-07	4.67237e-05
449	4	4	42	47	18	118	0.407808	0.89696	3.63877e-06	8.92275e-06
450	4	4	20	21	15	16	0.807768	0.21348	1.64424e-06	2.03553e-06
451	0	0	0	0	0	0	1	-0	0	0
452	2	2	16	16	10	8	0.868246	0.14128	1.15323e-06	1.32823e-06
453	1	1	18	30	4	231	0.254998	1.3665	3.56161e-06	1.39672e-05
454	4	4	66	81	21	921	0.00548477	5.20578	2.93479e-07	5.35079e-05
455	1	1	28	35	9	183	0.315657	1.1531	3.69288e-06	1.1699e-05
456	2	2	65	87	11	1843	4.79352e-05	9.94566	4.92944e-09	0.000102835
457	1	1	62	97	9	2345	3.47937e-06	12.5687	4.52571e-10	0.000130073
458	4	4	80	98	26	504	0.0413435	3.18584	1.33585e-06	3.2311e-05
459	1	1	71	117	9	2089	1.13232e-05	11.3887	1.3316e-09	0.0001176
460	0	0	0	0	0	0	1	-0	0	0
461	1	1	4	4	3	1	0.970232	0.03022	2.70621e-07	2.78924e-07
462	1	1	14	15	11	10	0.864849	0.1452	1.1918e-06	1.37805e-06
463	4	4	137	210	21	3610	2.70058e-09	19.7298	5.50013e-13	0.000203665
464	4	4	205	296	29	6586	4.03046e-16	35.4475	1.47774e-19	0.000366644
465	3	2	102	146	20	1380	0.000350945	7.95488	2.86249e-08	8.15652e-05
466	3	2	68	96	17	672	0.0177729	4.03008	7.30902e-07	4.11245e-05
467	0	0	0	0	0	0	1	-0	0	0
468	4	4	139	178	18	4470	4.11071e-11	23.9148	1.01762e-14	0.000247553
469	1	1	1	1	1	0	0.99374	0.00628	5.60942e-08	5.64476e-08
470	4	4	114	154	30	1431	0.000257312	8.26522	2.18012e-08	8.47265e-05
471	2	2	52	72	9	1073	0.00267325	5.92446	1.63272e-07	6.10762e-05
472	2	2	57	70	21	435	0.0700812	2.6581	1.8967e-06	2.70643e-05
473	3	1	46	54	21	175	0.291819	1.23162	3.60294e-06	1.23465e-05
474	5	5	132	188	25	1886	2.0415e-05	10.7992	2.26242e-09	0.000110821
475	2	2	17	17	12	5	0.876113	0.13226	1.07348e-06	1.22528e-06
476	0	0	0	0	0	0	1	-0	0	0
477	4	4	43	48	21	77	0.499504	0.69414	3.397e-06	6.80074e-06
478	1	1	76	105	11	1223	0.00101112	6.8967	7.16972e-08	7.09089e-05
479	4	4	153	198	31	1713	4.63291e-05	9.97974	4.73455e-09	0.000102194
480	1	1	27	40	9	263	0.203416	1.5925	3.30184e-06	1.62319e-05
481	2	2	14	14	12	3	0.901929	0.10322	8.56531e-07	9.49666e-07
482	1	1	14	15	11	4	0.891723	0.1146	9.44554e-07	1.05925e-06
483	4	4	39	44	24	156	0.342351	1.07192	3.68796e-06	1.07725e-05
484	1	1	103	160	11	4210	1.73334e-10	22.4758	4.03387e-14	0.000232722
485	0	0	0	0	0	0	1	-0	0	0
486	1	1	8	8	7	1	0.946163	0.05534	4.77542e-07	5.04714e-07
487	1	1	5	5	4	1	0.964158	0.0365	3.23351e-07	3.35371e-07
488	1	1	14	16	3	44	0.722614	0.32488	2.34201e-06	3.24102e-06
489	1	1	5	5	5	0	0.969088	0.0314	2.73513e-07	2.82238e-07
490	3	3	25	28	18	46	0.663358	0.41044	2.66979e-06	4.02466e-06
491	2	2	67	109	10	4756	1.4745e-11	24.9401	3.8168e-15	0.000258854
492	4	4	157	215	32	3165	2.53193e-08	17.4917	4.56514e-12	0.000180303
493	4	4	268	389	39	7880	3.05933e-19	42.6309	1.34809e-22	0.000440648
494	0	0	0	0	0	0	1	-0	0	0
495	2	2	34	52	9	863	0.00884538	4.72786	4.31559e-07	4.87892e-05
496	3	3	47	68	17	549	0.0396787	3.22694	1.30974e-06	3.30086e-05
497	4	4	59	79	17	950	0.0047905	5.34112	2.63171e-07	5.49359e-05
498	3	2	60	80	15	748	0.0133372	4.3172	5.90296e-07	4.42594e-05
499	4	4	151	215	28	4110	2.04347e-10	22.3112	4.71049e-14	0.000230514
500	2	2	51	61	19	585	0.0345075	3.36658	1.19141e-06	3.45262e-05
501	5	5	47	55	20	367	0.108925	2.2171	2.46218e-06	2.26045e-05
502	3	3	51	65	15	438	0.0712187	2.642	1.91873e-06	2.69414e-05
503	0	0	0	0	0	0	1	-0	0	0
504	2	2	50	57	11	760	0.0144949	4.23396	6.31958e-07	4.35987e-05
505	1	1	28	34	11	91	0.507824	0.67762	3.43002e-06	6.75434e-06
506	4	4	27	27	20	8	0.810292	0.21036	1.57938e-06	1.94915e-06
507	1	1	61	74	15	465	0.0586469	2.83622	1.69396e-06	2.88841e-05
508	4	3	173	244	29	3807	7.98713e-10	20.948	1.72563e-13	0.000216051
509	2	2	43	58	11	574	0.0371928	3.29164	1.25609e-06	3.37724e-05
510	2	2	11	11	9	2	0.923781	0.07928	6.71764e-07	7.2719e-07
511	1	1	22	22	12	31	0.743594	0.29626	2.14823e-06	2.88898e-06
512	0	0	0	0	0	0	1	-0	0	0
513	1	1	15	20	9	47	0.693988	0.3653	2.51655e-06	3.62621e-06
514	1	1	16	24	6	154	0.392146	0.93612	3.74e-06	9.53726e-06
515	1	1	34	47	12	286	0.173122	1.75376	3.09007e-06	1.78491e-05
516	1	1	10	11	9	2	0.923781	0.07928	6.71764e-07	7.2719e-07
517	6	6	160	235	26	7733	1.70307e-18	40.9141	7.22347e-22	0.000424144
518	4	3	40	49	19	191	0.277532	1.28182	3.58415e-06	1.29144e-05
519	0	0	0	0	0	0	1	-0	0	0
520	5	5	157	219	21	3571	3.11381e-09	19.5874	6.29302e-13	0.000202101
521	1	1	9	9	6	4	0.925964	0.07692	6.67214e-07	7.20561e-07
522	5	5	25	30	18	23	0.736608	0.3057	2.14757e-06	2.91549e-06
523	2	2	17	20	13	8	0.846707	0.1664	1.3158e-06	1.55402e-06
524	2	2	16	17	14	3	0.885095	0.12206	9.90429e-07	1.11901e-06
525	3	3	67	96	11	1198	0.0012154	6.71268	8.39509e-08	6.90725e-05
526	4	4	132	183	34	1502	0.000149317	8.80944	1.34588e-08	9.0136e-05
527	3	3	26	31	14	66	0.587852	0.53128	3.09014e-06	5.25667e-06
528	0	0	0	0	0	0	1	-0	0	0
529	2	2	73	82	12	1516	0.000262159	8.24656	2.23303e-08	8.51786e-05
530	1	1	62	82	9	866	0.00721524	4.93156	3.65395e-07	5.06421e-05
531	3	3	70	93	18	595	0.0268218	3.61854	9.88756e-07	3.68639e-05
532	1	1	48	67	13	656	0.0231361	3.76636	8.93919e-07	3.86374e-05
533	2	2	8	8	8	0	0.951001	0.05024	4.29454e-07	4.51581e-07
534	2	2	24	32	14	94	0.506435	0.68036	3.44418e-06	6.80084e-06
535	4	4	60	72	24	220	0.207182	1.57416	3.26384e-06	1.57535e-05
536	2	2	42	50	17	220	0.237877	1.436	3.452e-06	1.45117e-05
537	0	0	0	0	0	0	1	-0	0	0
538	2	2	11	11	9	2	0.923781	0.07928	6.71764e-07	7.2719e-07
539	1	1	4	4	3	1	0.970232	0.03022	2.70621e-07	2.78924e-07
540	1	1	26	33	11	134	0.410393	0.89064	3.6864e-06	8.98262e-06
541	1	1	9	9	5	5	0.921254	0.08202	7.12769e-07	7.73694e-07
542	1	1	33	38	6	528	0.0533202	2.93144	1.61023e-06	3.01993e-05
543	1	1	3	3	2	1	0.976344	0.02394	2.17213e-07	2.22476e-07
544	5	5	188	262	27	4756	5.641e-12	25.901	1.50892e-15	0.000267491
545	5	3	36	45	21	196	0.277426	1.2822	3.59385e-06	1.29542e-05
546	0	0	0	0	0	0	1	-0	0	0
547	3	3	16	17	13	5	0.876113	0.13226	1.07348e-06	1.22528e-06
548	2	2	62	102	18	1081	0.00212569	6.15366	1.34332e-07	6.31946e-05
549	6	6	190	291	35	4576	1.17746e-11	25.1651	3.05625e-15	0.000259564
550	3	3	54	70	15	1138	0.00194324	6.2434	1.25177e-07	6.44169e-05
551	5	5	118	163	34	1490	0.000179984	8.62264	1.59051e-08	8.83694e-05
552	2	2	21	27	12	93	0.525261	0.64386	3.39606e-06	6.46547e-06
553	2	2	5	5	5	0	0.969088	0.0314	2.73513e-07	2.82238e-07
554	3	3	33	36	15	118	0.436975	0.82788	3.62769e-06	8.30183e-06
555	0	0	0	0	0	0	1	-0	0	0
556	3	2	23	25	15	23	0.760104	0.2743	2.00155e-06	2.63325e-06
557	1	1	33	39	11	147	0.369864	0.99462	3.70309e-06	1.0012e-05
558	3	3	27	29	17	28	0.722585	0.32492	2.25787e-06	3.12471e-06
559	2	2	14	15	13	2	0.900865	0.1044	8.58507e-07	9.5298e-07
560	3	3	125	172	19	3655	2.72537e-09	19.7207	5.55733e-13	0.000203911
561	2	2	44	63	11	589	0.0333886	3.39954	1.16365e-06	3.48517e-05
562	2	2	7	9	6	4	0.925964	0.07692	6.67214e-07	7.20561e-07
563	3	3	74	95	18	1679	0.000105215	9.1595	9.95056e-09	9.45732e-05
564	0	0	0	0	0	0	1	-0	0	0
565	2	2	46	63	12	755	0.0143194	4.24614	6.25353e-07	4.36718e-05
566	1	1	3	3	2	1	0.976344	0.02394	2.17213e-07	2.22476e-07
567	1	1	40	53	13	605	0.0327668	3.41834	1.15134e-06	3.51373e-05
568	1	1	3	3	2	1	0.976344	0.02394	2.17213e-07	2.22476e-07
569	1	1	27	41	7	283	0.182541	1.70078	3.16728e-06	1.7351e-05
570	1	1	14	15	7	23	0.809369	0.2115	1.67441e-06	2.06878e-06
571	3	3	38	43	17	177	0.309518	1.17274	3.66216e-06	1.18318e-05
572	2	2	25	30	12	68	0.585552	0.5352	3.10722e-06	5.30649e-06
573	0	0	0	0	0	0	1	-0	0	0
574	4	4	33	40	12	176	0.317017	1.1488	3.68036e-06	1.16093e-05
575	2	2	38	47	13	245	0.213384	1.54466	3.34388e-06	1.56707e-05
576	2	2	39	58	13	949	0.00549377	5.20414	2.95001e-07	5.36974e-05
577	3	3	32	43	16	304	0.161954	1.82044	3.00907e-06	1.85797e-05
578	5	5	161	213	37	2292	2.20047e-06	13.0268	2.94433e-10	0.000133805
579	3	3	22	26	11	39	0.696157	0.36218	2.46428e-06	3.53983e-06
580	0	0	0	0	0	0	1	-0	0	0
581	2	2	14	15	14	1	0.905471	0.0993	8.14786e-07	8.99847e-07
582	1	1	7	8	4	10	0.903716	0.10124	8.88274e-07	9.82913e-07
583	3	2	19	19	15	5	0.865178	0.14482	1.15776e-06	1.33817e-06
584	2	2	54	66	18	338	0.117857	2.13828	2.55569e-06	2.16846e-05
585	2	2	103	139	12	3780	1.77242e-09	20.1509	3.69886e-13	0.00020869
586	2	2	62	101	16	1432	0.000357105	7.93748	2.92069e-08	8.17879e-05
587	3	3	50	66	21	239	0.195268	1.63338	3.20716e-06	1.64244e-05
588	2	1	31	41	15	175	0.316643	1.14998	3.67707e-06	1.16127e-05
589	0	0	0	0	0	0	1	-0	0	0
590	2	2	47	64	11	1012	0.00383679	5.56312	2.20168e-07	5.73834e-05
591	1	1	7	7	7	0	0.956992	0.04396	3.78139e-07	3.95133e-07
592	2	2	42	53	15	447	0.073348	2.61254	1.96149e-06	2.67423e-05
593	1	1	8	8	7	1	0.946163	0.05534	4.77542e-07	5.04714e-07
594	1	1	53	75	10	678	0.0196673	3.9288	7.91762e-07	4.02579e-05
595	1	0	5	5	4	1	0.964158	0.0365	3.23351e-07	3.35371e-07
596	1	1	79	136	9	3176	3.93142e-08	17.0517	6.93612e-12	0.000176428
597	1	1	11	11	9	3	0.919082	0.08438	7.17181e-07	7.80323e-07
598	0	0	0	0	0	0	1	-0	0	0
599	4	4	109	147	24	1957	1.83871e-05	10.9039	2.0645e-09	0.000112279
600	2	2	58	80	14	1340	0.000651391	7.3364	4.93196e-08	7.57143e-05
601	6	6	31	32	20	25	0.720032	0.32846	2.25705e-06	3.13465e-06
602	3	3	73	94	17	1122	0.00181346	6.31252	1.17732e-07	6.49215e-05
603	4	4	62	89	17	858	0.00719247	4.93472	3.64026e-07	5.06121e-05
604	2	2	61	79	21	546	0.0376012	3.28072	1.25851e-06	3.34701e-05
605	2	2	33	37	14	160	0.350512	1.04836	3.71188e-06	1.05899e-05
606	3	3	131	193	15	4666	1.37685e-11	25.0086	3.56347e-15	0.000258814
607	0	0	0	0	0	0	1	-0	0	0
608	3	3	120	181	22	3395	9.69961e-09	18.4512	1.84879e-12	0.000190604
609	1	1	4	4	4	0	0.975193	0.02512	2.20189e-07	2.2579e-07
610	2	1	7	7	5	2	0.947281	0.05416	4.74966e-07	5.014e-07
611	2	2	19	24	10	54	0.653038	0.42612	2.75839e-06	4.22394e-06
612	3	3	112	161	12	3968	5.91784e-10	21.2479	1.30145e-13	0.000219921
613	2	2	20	28	11	84	0.54649	0.60424	3.30283e-06	6.04372e-06
614	2	1	100	164	11	4428	5.56066e-11	23.6127	1.35975e-14	0.000244531
615	3	3	64	92	20	851	0.00731477	4.91786	3.68734e-07	5.04095e-05
616	0	0	0	0	0	0	1	-0	0	0
617	2	2	10	10	7	3	0.924872	0.0781	6.69492e-07	7.23876e-07
618	1	1	4	4	4	0	0.975193	0.02512	2.20189e-07	2.2579e-07
619	2	2	24	27	11	72	0.584639	0.53676	3.12763e-06	5.34968e-06
620	1	1	37	57	8	711	0.0186099	3.98406	7.62918e-07	4.09952e-05
621	1	1	49	64	12	461	0.0637351	2.75302	1.79141e-06	2.81071e-05
622	1	1	10	10	8	2	0.929601	0.073	6.23523e-07	6.70742e-07
623	1	1	63	86	8	1070	0.002486	5.99708	1.53404e-07	6.1707e-05
624	1	0	0	0	0	0	1	-0	0	0
625	0	0	0	0	0	0	1	-0	0	0
626	5	4	44	51	21	188	0.278293	1.27908	3.58104e-06	1.28679e-05
627	2	2	42	53	20	126	0.377026	0.97544	3.65207e-06	9.68651e-06
628	4	4	80	139	24	5014	3.27626e-12	26.4443	8.98533e-16	0.000274256
629	2	2	11	11	9	3	0.919082	0.08438	7.17181e-07	7.80323e-07
630	5	4	85	114	31	878	0.00555132	5.19372	2.94697e-07	5.3086e-05
631	3	3	48	74	18	876	0.00720976	4.93232	3.65692e-07	5.07218e-05
632	0	0	0	0	0	0	1	-0	0	0
633	2	2	29	42	15	304	0.162975	1.81416	3.01883e-06	1.85233e-05
634	1	1	27	45	9	631	0.0301763	3.5007	1.08837e-06	3.60672e-05
635	3	3	22	30	12	124	0.440079	0.8208	3.64471e-06	8.28194e-06
636	2	2	41	66	14	549	0.0401802	3.21438	1.32176e-06	3.28957e-05
637	3	3	116	179	18	5107	1.58598e-12	27.1698	4.46382e-16	0.000281455
638	2	1	11	11	10	1	0.928505	0.07418	6.25865e-07	6.74057e-07
639	3	3	22	25	10	93	0.5319	0.6313	3.37894e-06	6.35258e-06
640	3	3	85	109	19	938	0.00421831	5.46832	2.36191e-07	5.59917e-05
641	0	0	0	0	0	0	1	-0	0	0
642	2	1	41	57	9	961	0.00520019	5.25906	2.82259e-07	5.42785e-05
643	1	1	47	64	8	561	0.0382726	3.26302	1.27909e-06	3.34204e-05
644	3	3	40	49	16	208	0.254483	1.36852	3.51636e-06	1.38176e-05
645	1	1	6	6	5	1	0.958122	0.04278	3.7541e-07	3.91819e-07
646	2	1	17	17	6	40	0.73289	0.31076	2.26092e-06	3.08494e-06
647	1	1	24	45	5	616	0.0325753	3.4242	1.14894e-06	3.52702e-05
648	1	1	51	78	13	1779	7.02999e-05	9.56274	6.95455e-09	9.89269e-05
649	1	1	25	45	8	211	0.256995	1.3587	3.534e-06	1.37512e-05
650	0	0	0	0	0	0	1	-0	0	0
651	3	3	35	42	15	168	0.326097	1.12056	3.68398e-06	1.12972e-05
652	2	2	62	85	11	1580	0.000185622	8.5918	1.64736e-08	8.87485e-05
653	3	3	116	169	16	6116	9.8341e-15	32.2529	3.28953e-18	0.000334502
654	3	3	83	122	22	1793	4.96526e-05	9.91046	5.07223e-09	0.000102154
655	3	3	117	164	21	2119	7.23327e-06	11.8368	8.81349e-10	0.000121847
656	2	2	131	210	21	5924	2.02383e-14	31.5312	6.61013e-18	0.000326615
657	2	2	41	52	13	670	0.0236697	3.74356	9.121e-07	3.85345e-05
658	5	3	146	198	28	3257	1.76216e-08	17.8541	3.24645e-12	0.000184231
659	0	0	0	0	0	0	1	-0	0	0
660	3	3	46	58	11	569	0.0381534	3.26614	1.2784e-06	3.35068e-05
661	1	1	10	10	7	6	0.910829	0.0934	8.04513e-07	8.83275e-07
662	2	1	53	76	14	1397	0.000499462	7.60198	3.92163e-08	7.85171e-05
663	4	4	167	241	28	7661	2.36778e-18	40.5846	9.96023e-22	0.000420657
664	3	3	152	246	25	5419	2.12087e-13	29.1818	6.4011e-17	0.000301815
665	2	2	9	9	7	2	0.935457	0.06672	5.74646e-07	6.14295e-07
666	2	2	5	5	5	0	0.969088	0.0314	2.73513e-07	2.82238e-07
667	2	2	57	96	12	1641	0.000126917	8.97198	1.17538e-08	9.26106e-05
668	0	0	0	0	0	0	1	-0	0	0
669	3	3	85	120	17	1424	0.000330138	8.016	2.7215e-08	8.24354e-05
670	1	1	16	25	5	111	0.485246	0.7231	3.54665e-06	7.30898e-06
671	2	2	13	13	12	1	0.916915	0.08674	7.21568e-07	7.86952e-07
672	1	1	17	25	6	120	0.463476	0.769	3.60917e-06	7.78717e-06
673	2	1	19	19	12	7	0.856398	0.15502	1.23701e-06	1.44444e-06
674	1	1	5	5	4	1	0.964158	0.0365	3.23351e-07	3.35371e-07
675	1	1	24	31	9	131	0.421987	0.86278	3.67565e-06	8.71032e-06
676	1	1	17	28	4	277	0.204224	1.58854	3.32852e-06	1.62984e-05
677	0	0	0	0	0	0	1	-0	0	0
678	3	3	88	131	11	2050	1.26522e-05	11.2777	1.47167e-09	0.000116318
679	2	2	8	8	6	2	0.94135	0.06044	5.2513e-07	5.57847e-07
680	3	3	65	81	16	1100	0.00220136	6.11868	1.38727e-07	6.30188e-05
681	2	2	12	12	11	1	0.922692	0.08046	6.7403e-07	7.30504e-07
682	3	3	26	26	16	26	0.743877	0.29588	2.11938e-06	2.8491e-06
683	4	4	109	142	28	1745	5.59384e-05	9.79126	5.63484e-09	0.000100733
684	3	3	41	47	21	94	0.460907	0.77456	3.52481e-06	7.64756e-06
685	2	2	55	80	10	1579	0.000192522	8.5553	1.70215e-08	8.84131e-05
686	0	0	0	0	0	0	1	-0	0	0
687	5	5	71	99	23	1219	0.00107158	6.83862	7.5394e-08	7.03577e-05
688	2	2	86	119	15	2086	1.13542e-05	11.3859	1.33473e-09	0.000117553
689	3	3	15	16	12	5	0.881632	0.12598	1.03048e-06	1.16883e-06
690	2	2	107	175	12	5121	1.51425e-12	27.2161	4.26979e-16	0.000281973
691	4	4	76	103	26	759	0.0109137	4.51774	5.0358e-07	4.61422e-05
692	4	4	141	196	31	2838	1.51197e-07	15.7047	2.44722e-11	0.000161856
693	0	0	0	0	0	0	1	-0	0	0
694	2	2	1	1	1	0	0.99374	0.00628	5.60942e-08	5.64476e-08
695	1	1	8	8	7	1	0.946163	0.05534	4.77542e-07	5.04714e-07
696	4	4	30	31	21	23	0.731996	0.31198	2.17545e-06	2.97194e-06
697	1	1	66	104	10	4102	4.27392e-10	21.5733	9.56601e-14	0.000223823
698	2	2	11	11	9	3	0.919082	0.08438	7.17181e-07	7.80323e-07
699	1	1	62	98	7	2072	1.39137e-05	11.1826	1.60875e-09	0.000115624
700	2	2	68	88	13	1047	0.00276051	5.89234	1.67281e-07	6.05978e-05
701	1	1	7	7	7	0	0.956992	0.04396	3.78139e-07	3.95133e-07
702	0	0	0	0	0	0	1	-0	0	0
703	1	1	8	8	7	1	0.946163	0.05534	4.77542e-07	5.04714e-07
704	1	1	26	47	10	345	0.128136	2.05466	2.68881e-06	2.0984e-05
705	2	2	65	77	15	464	0.0578466	2.84996	1.67757e-06	2.90003e-05
706	4	4	69	81	15	406	0.0758286	2.57928	1.98249e-06	2.61443e-05
707	3	3	12	13	8	7	0.889283	0.11734	9.83326e-07	1.10575e-06
708	3	3	87	119	28	958	0.0035774	5.63312	2.06126e-07	5.76189e-05
709	3	3	15	15	13	2	0.900865	0.1044	8.58507e-07	9.5298e-07
710	4	4	49	69	21	430	0.0723442	2.62632	1.93464e-06	2.67422e-05
711	0	0	0	0	0	0	1	-0	0	0
712	4	4	168	232	25	5282	4.65735e-13	28.3952	1.36807e-16	0.000293745
713	1	1	5	5	4	1	0.964158	0.0365	3.23351e-07	3.35371e-07
714	2	2	12	16	9	28	0.784052	0.24328	1.87458e-06	2.39089e-06
715	3	2	9	9	9	0	0.945048	0.05652	4.80111e-07	5.08028e-07
716	4	4	103	141	22	2166	6.57603e-06	11.9321	8.09151e-10	0.000123046
717	2	2	57	83	13	981	0.0039885	5.52434	2.26582e-07	5.68088e-05
718	3	3	24	24	18	7	0.829925	0.18642	1.43301e-06	1.72667e-06
719	2	2	24	27	13	45	0.67095	0.39906	2.62682e-06	3.91508e-06
720	0	0	0	0	0	0	1	-0	0	0
721	4	4	44	59	13	362	0.108966	2.21672	2.45878e-06	2.25646e-05
722	1	1	41	52	10	676	0.0229564	3.77416	8.91931e-07	3.88533e-05
723	2	2	20	25	10	73	0.589017	0.5293	3.11585e-06	5.28991e-06
724	1	1	14	17	8	18	0.819911	0.19856	1.57095e-06	1.91601e-06
725	4	4	258	353	23	14124	5.67499e-33	74.2492	4.37189e-36	0.000770379
726	1	1	31	35	9	222	0.258722	1.352	3.56293e-06	1.37712e-05
727	2	2	8	8	8	0	0.951001	0.05024	4.29454e-07	4.51581e-07
728	1	1	18	21	8	49	0.682645	0.38178	2.58649e-06	3.78893e-06
729	0	0	0	0	0	0	1	-0	0	0
730	1	1	20	25	7	124	0.454117	0.7894	3.6328e-06	7.99971e-06
731	1	1	30	40	13	213	0.262501	1.3375	3.56352e-06	1.35753e-05
732	3	3	49	56	17	202	0.251106	1.38188	3.48886e-06	1.3894e-05
733	2	2	49	61	21	246	0.194431	1.63768	3.21084e-06	1.65141e-05
734	4	4	55	70	22	319	0.126628	2.0665	2.64663e-06	2.09008e-05
735	5	5	232	356	34	8305	4.30821e-20	44.5912	1.98766e-23	0.000461367
736	3	3	30	33	18	30	0.697509	0.36024	2.41113e-06	3.45677e-06
737	3	3	57	84	15	676	0.018777	3.97512	7.63468e-07	4.06596e-05
738	0	0	0	0	0	0	1	-0	0	0
739	4	4	25	26	18	11	0.803017	0.21938	1.64787e-06	2.0521e-06
740	2	2	74	100	16	972	0.003753	5.5852	2.1501e-07	5.72902e-05
741	4	4	121	171	26	2602	5.89448e-07	14.3441	8.71823e-11	0.000147905
742	2	2	10	10	10	0	0.939131	0.0628	5.30117e-07	5.64476e-07
743	2	2	15	17	8	27	0.783127	0.24446	1.87497e-06	2.39421e-06
744	3	3	60	89	16	2285	4.96836e-06	12.2124	6.28166e-10	0.000126433
745	0	0	0	0	0	0	1	-0	0	0
746	2	2	25	25	15	14	0.795806	0.2284	1.71501e-06	2.15505e-06
747	1	1	30	36	12	96	0.48886	0.71568	3.48699e-06	7.1329e-06
748	5	5	165	242	31	3611	2.19769e-09	19.9359	4.51678e-13	0.000205524
749	1	1	30	43	9	500	0.0596036	2.82004	1.72814e-06	2.89938e-05
750	4	4	131	177	29	2019	1.11012e-05	11.4085	1.3018e-09	0.000117267
751	1	1	42	59	9	712	0.0182842	4.00172	7.52599e-07	4.11612e-05
752	2	2	42	56	13	365	0.109352	2.21318	2.46641e-06	2.25547e-05
753	1	1	72	97	8	3413	1.49963e-08	18.0155	2.8016e-12	0.000186819
754	0	0	0	0	0	0	1	-0	0	0
755	1	1	36	58	12	829	0.0101312	4.59214	4.7942e-07	4.73214e-05
756	1	1	5	5	4	1	0.964158	0.0365	3.23351e-07	3.35371e-07
757	1	1	13	15	7	19	0.82605	0.1911	1.53335e-06	1.85624e-06
758	1	1	6	6	6	0	0.963021	0.03768	3.26161e-07	3.38686e-07
759	4	4	136	175	27	2675	3.96139e-07	14.7415	6.0217e-11	0.00015201
760	3	3	124	171	17	3269	1.96384e-08	17.7458	3.6006e-12	0.000183345
761	3	3	89	126	19	1327	0.000521407	7.55898	4.04717e-08	7.76202e-05
762	2	2	41	51	15	133	0.368402	0.99858	3.66396e-06	9.94554e-06
763	0	0	0	0	0	0	1	-0	0	0
764	5	5	139	195	34	2654	3.88878e-07	14.76	5.91183e-11	0.000152023
765	1	1	7	8	4	10	0.903716	0.10124	8.88274e-07	9.82913e-07
766	2	2	19	25	11	69	0.601156	0.5089	3.0523e-06	5.07738e-06
767	3	3	80	113	21	1112	0.0016937	6.38084	1.10874e-07	6.54627e-05
768	4	3	57	87	18	547	0.0355769	3.33606	1.20872e-06	3.39748e-05
769	3	3	60	91	19	2419	2.4772e-06	12.9084	3.31118e-10	0.000133666
770	3	3	94	137	17	3318	1.89368e-08	17.7822	3.48492e-12	0.000184029
771	2	2	5	5	4	1	0.964158	0.0365	3.23351e-07	3.35371e-07
772	0	0	0	0	0	0	1	-0	0	0
773	3	3	64	85	18	932	0.00505691	5.287	2.74682e-07	5.43182e-05
774	1	1	43	64	14	565	0.0374998	3.28342	1.26123e-06	3.36329e-05
775	2	2	46	67	8	1770	7.8866e-05	9.44776	7.71529e-09	9.78278e-05
776	1	1	38	45	13	297	0.165746	1.7973	3.03658e-06	1.83207e-05
777	6	6	168	236	39	2664	2.85655e-07	15.0685	4.4239e-11	0.000154868
778	1	1	47	66	8	1204	0.00142315	6.55488	9.63445e-08	6.76979e-05
779	2	2	8	8	8	0	0.951001	0.05024	4.29454e-07	4.51581e-07
780	1	1	29	37	10	239	0.234275	1.45126	3.46432e-06	1.47874e-05
781	0	0	0	0	0	0	1	-0	0	0
782	1	1	24	30	11	57	0.619341	0.4791	2.92454e-06	4.72202e-06
783	1	1	19	31	4	378	0.119734	2.12248	2.61431e-06	2.18342e-05
784	1	1	26	35	11	196	0.295407	1.2194	3.66003e-06	1.23898e-05
785	1	1	2	2	2	0	0.987519	0.01256	1.11486e-07	1.12895e-07
786	6	6	88	106	36	652	0.0184834	3.99088	7.50914e-07	4.06263e-05
787	4	4	181	257	30	6115	5.68776e-15	32.8005	1.93052e-18	0.000339417
788	4	4	39	42	17	221	0.248861	1.39086	3.51224e-06	1.41132e-05
789	4	4	50	56	29	121	0.379546	0.96878	3.63991e-06	9.59018e-06
790	0	0	0	0	0	0	1	-0	0	0
791	6	6	104	126	29	1315	0.000554314	7.49778	4.26725e-08	7.69826e-05
792	2	2	38	49	11	668	0.0243671	3.71452	9.3226e-07	3.82589e-05
793	5	5	145	203	33	2911	9.9716e-08	16.1209	1.65658e-11	0.00016613
794	2	2	58	74	12	640	0.0240236	3.72872	9.17277e-07	3.81824e-05
795	2	2	14	15	11	5	0.887187	0.1197	9.86889e-07	1.11238e-06
796	3	3	76	95	14	1094	0.00207873	6.176	1.31979e-07	6.34902e-05
797	5	5	145	199	29	4270	9.99131e-11	23.0267	2.37905e-14	0.000238112
798	3	3	18	20	13	13	0.825389	0.1919	1.50195e-06	1.81968e-06
799	0	0	0	0	0	0	1	-0	0	0
800	2	2	23	27	9	124	0.448449	0.80196	3.63809e-06	8.1126e-06
801	1	1	7	7	7	0	0.956992	0.04396	3.78139e-07	3.95133e-07
802	3	3	93	137	14	2077	1.06169e-05	11.4531	1.25376e-09	0.000118091
803	1	1	19	19	10	16	0.817978	0.20092	1.57267e-06	1.92264e-06
804	2	2	56	71	24	505	0.0487339	3.02138	1.50296e-06	3.084e-05
805	2	2	44	60	16	202	0.244877	1.407	3.4576e-06	1.41198e-05
806	0	0	0	0	0	0	1	-0	0	0
807	1	1	11	11	9	2	0.923781	0.07928	6.71764e-07	7.2719e-07
808	1	0	3	3	2	1	0.976344	0.02394	2.17213e-07	2.22476e-07
809	1	1	62	92	11	1278	0.000828777	7.09556	6.05814e-08	7.30974e-05
810	1	1	6	6	5	1	0.958122	0.04278	3.7541e-07	3.91819e-07
811	1	1	79	123	10	2009	1.63982e-05	11.0183	1.86427e-09	0.000113688
812	1	1	0	0	0	0	1	-0	0	0
813	3	3	62	98	19	1880	3.70427e-05	10.2034	3.90512e-09	0.000105422
814	2	2	14	17	7	46	0.710803	0.34136	2.41939e-06	3.40374e-06
815	0	0	0	0	0	0	1	-0	0	0
816	4	4	134	202	24	4485	3.27519e-11	24.1421	8.17831e-15	0.000249705
817	1	1	43	75	11	1097	0.00232113	6.0657	1.45119e-07	6.25207e-05
818	3	3	55	83	14	907	0.00581718	5.14694	3.07595e-07	5.2877e-05
819	2	2	24	30	10	127	0.433397	0.8361	3.65846e-06	8.44134e-06
820	6	6	150	215	37	2507	7.25866e-07	14.1359	1.05498e-10	0.000145341
821	3	3	73	82	18	1260	0.000967341	6.94096	6.92389e-08	7.15765e-05
822	4	4	179	244	19	4689	8.88888e-12	25.4462	2.33702e-15	0.000262915
823	2	2	17	22	9	50	0.674921	0.39316	2.63118e-06	3.89851e-06
824	0	0	0	0	0	0	1	-0	0	0
825	3	3	65	82	23	585	0.0302439	3.49846	1.08006e-06	3.57116e-05
826	1	1	27	43	6	667	0.0254322	3.67174	9.63043e-07	3.78671e-05
827	2	2	13	15	6	45	0.723467	0.3237	2.34238e-06	3.23771e-06
828	1	1	109	160	9	4955	3.87956e-12	26.2753	1.05643e-15	0.000272307
829	3	3	95	119	21	1509	0.000215356	8.44322	1.87134e-08	8.68953e-05
830	2	2	14	14	13	1	0.911175	0.09302	7.68485e-07	8.434e-07
831	3	3	23	24	15	27	0.749447	0.28842	2.09046e-06	2.78934e-06
832	2	2	90	123	17	1435	0.000306302	8.09094	2.5481e-08	8.31892e-05
833	0	0	0	0	0	0	1	-0	0	0
834	1	1	79	101	9	1351	0.000539763	7.52438	4.18231e-08	7.74842e-05
835	1	1	7	7	6	1	0.952124	0.04906	4.26805e-07	4.48266e-07
836	1	1	33	51	9	484	0.0615023	2.78868	1.75868e-06	2.85953e-05
837	1	0	3	3	3	0	0.981336	0.01884	1.66182e-07	1.69343e-07
838	1	1	50	66	12	521	0.0463479	3.07158	1.45569e-06	3.14079e-05
839	1	1	12	20	2	171	0.368727	0.9977	3.76644e-06	1.02147e-05
840	5	5	78	98	23	995	0.0033798	5.68994	1.97378e-07	5.83994e-05
841	5	5	185	238	34	4573	1.66778e-11	24.8169	4.27641e-15	0.000256413
842	0	0	0	0	0	0	1	-0	0	0
843	4	4	57	65	21	220	0.216492	1.5302	3.32498e-06	1.53584e-05
844	3	3	49	56	21	248	0.198597	1.61648	3.24469e-06	1.63381e-05
845	4	4	84	121	28	2284	4.08463e-06	12.4083	5.23594e-10	0.000128186
846	2	2	58	74	12	1468	0.000352127	7.95152	2.89366e-08	8.21767e-05
847	2	2	60	81	11	696	0.0172787	4.05828	7.17982e-07	4.1553e-05
848	3	2	14	14	9	6	0.888234	0.11852	9.8511e-07	1.10907e-06
849	5	5	58	61	28	123	0.364081	1.01038	3.63305e-06	9.97869e-06
850	3	3	31	37	19	99	0.478423	0.73726	3.51581e-06	7.34875e-06
851	0	0	0	0	0	0	1	-0	0	0
852	2	2	97	134	12	3319	1.91988e-08	17.7684	3.5309e-12	0.000183913
853	1	1	58	92	8	3175	5.20917e-08	16.7703	9.05828e-12	0.000173891
854	3	3	17	17	13	7	0.867222	0.14246	1.15474e-06	1.33154e-06
855	2	2	59	77	13	1250	0.00105043	6.85856	7.43312e-08	7.0763e-05
856	2	2	6	6	6	0	0.963021	0.03768	3.26161e-07	3.38686e-07
857	2	1	59	95	19	1721	8.49286e-05	9.3737	8.22149e-09	9.68048e-05
858	0	0	0	0	0	0	1	-0	0	0
859	2	2	13	13	10	4	0.902993	0.10204	8.54549e-07	9.46352e-07
860	0	0	0	0	0	0	1	-0	0	0
861	2	2	78	114	19	818	0.00753859	4.88772	3.7616e-07	4.9898e-05
862	1	1	7	7	5	2	0.947281	0.05416	4.74966e-07	5.014e-07
863	1	1	54	73	11	470	0.0575305	2.85544	1.67375e-06	2.90933e-05
864	1	1	3	3	3	0	0.981336	0.01884	1.66182e-07	1.69343e-07
865	1	1	11	13	6	28	0.798964	0.22444	1.77494e-06	2.22155e-06
866	2	2	26	41	11	382	0.110176	2.20568	2.49121e-06	2.26112e-05
867	0	0	0	0	0	0	1	-0	0	0
868	6	6	314	500	32	25827	2.70424e-59	134.858	3.78727e-62	0.00140049
869	2	2	45	57	17	344	0.120952	2.11236	2.59991e-06	2.14953e-05
870	5	5	104	138	25	4237	1.73414e-10	22.4753	4.03907e-14	0.000232915
871	2	1	9	9	8	1	0.94024	0.06162	5.27627e-07	5.61162e-07
872	4	4	36	43	14	157	0.342755	1.07074	3.69118e-06	1.07692e-05
873	3	3	115	175	21	2788	2.2262e-07	15.3178	3.5177e-11	0.000158014
874	4	4	175	257	22	5356	2.7293e-13	28.9296	8.16303e-17	0.000299088
875	2	2	39	46	16	206	0.261982	1.33948	3.54777e-06	1.3542e-05
876	0	0	0	0	0	0	1	-0	0	0
877	3	3	67	95	14	1034	0.00282287	5.87	1.70226e-07	6.03023e-05
878	1	1	2	2	2	0	0.987519	0.01256	1.11486e-07	1.12895e-07
879	3	3	145	197	23	5317	4.85372e-13	28.3539	1.4252e-16	0.000293629
880	2	2	74	100	14	2030	1.70221e-05	10.981	1.93209e-09	0.000113505
881	3	3	46	58	10	355	0.113638	2.17474	2.51551e-06	2.21362e-05
882	2	2	87	138	18	1366	0.000396339	7.83324	3.18537e-08	8.03697e-05
883	3	3	67	95	13	2666	6.85443e-07	14.1932	1.00771e-10	0.000147016
884	2	2	7	7	7	0	0.956992	0.04396	3.78139e-07	3.95133e-07
885	0	0	0	0	0	0	1	-0	0	0
886	3	3	90	128	15	3108	5.84766e-08	16.6546	1.00792e-11	0.000172363
887	1	1	6	6	6	0	0.963021	0.03768	3.26161e-07	3.38686e-07
888	2	2	70	97	14	977	0.00372809	5.59186	2.13942e-07	5.73866e-05
889	1	1	28	42	5	539	0.0491607	3.01266	1.52445e-06	3.10096e-05
890	1	1	71	100	17	1032	0.00276366	5.8912	1.67141e-07	6.04782e-05
891	1	1	12	12	7	15	0.859109	0.15186	1.26664e-06	1.47437e-06
892	1	1	21	22	10	26	0.7628	0.27076	2.00106e-06	2.62331e-06
893	3	3	44	56	20	394	0.0943183	2.36108	2.27265e-06	2.40955e-05
894	0	0	0	0	0	0	1	-0	0	0
895	2	2	67	92	11	1779	6.43831e-05	9.65066	6.42009e-09	9.97171e-05
896	3	3	53	80	19	1022	0.00329747	5.7146	1.9395e-07	5.88179e-05
897	3	3	90	132	24	1239	0.000786545	7.14786	5.76405e-08	7.32831e-05
898	2	2	14	14	11	4	0.89734	0.10832	8.99852e-07	1.0028e-06
899	2	2	7	7	5	2	0.947281	0.05416	4.74966e-07	5.014e-07
900	4	4	246	359	27	11202	1.62011e-26	59.3847	9.97116e-30	0.000615463
901	5	5	137	171	31	2098	7.7047e-06	11.7737	9.33239e-10	0.000121126
902	3	3	81	109	22	1250	0.00085919	7.05952	6.23508e-08	7.25693e-05
903	0	0	0	0	0	0	1	-0	0	0
904	2	2	93	129	14	2528	1.11917e-06	13.7029	1.58478e-10	0.000141602
905	1	1	3	3	2	1	0.976344	0.02394	2.17213e-07	2.22476e-07
906	3	3	59	72	23	417	0.0758604	2.57886	1.98912e-06	2.62208e-05
907	2	2	13	14	9	7	0.883716	0.12362	1.02705e-06	1.1622e-06
908	2	2	16	19	7	49	0.691273	0.36922	2.54114e-06	3.67603e-06
909	2	2	67	81	18	672	0.0195285	3.93588	7.86565e-07	4.02778e-05
910	3	2	67	85	16	1086	0.00230563	6.0724	1.44104e-07	6.25007e-05
911	2	2	57	84	9	1207	0.00125174	6.68322	8.62116e-08	6.88734e-05
912	0	0	0	0	0	0	1	-0	0	0
913	2	2	45	69	17	1008	0.00379481	5.57412	2.18024e-07	5.74531e-05
914	1	1	11	11	9	2	0.923781	0.07928	6.71764e-07	7.2719e-07
915	2	2	22	25	14	23	0.760104	0.2743	2.00155e-06	2.63325e-06
916	1	1	14	14	8	9	0.874748	0.13382	1.10959e-06	1.26847e-06
917	1	1	39	56	10	462	0.066678	2.70788	1.84755e-06	2.77086e-05
918	1	1	33	47	7	421	0.0869641	2.44226	2.17603e-06	2.50221e-05
919	0	0	0	0	0	0	1	-0	0	0
920	3	3	23	23	15	12	0.814126	0.20564	1.57606e-06	1.93589e-06
921	1	1	12	17	6	56	0.675461	0.39236	2.65798e-06	3.93507e-06
922	3	3	23	27	15	39	0.691799	0.36846	2.4879e-06	3.59628e-06
923	2	2	27	30	18	28	0.718062	0.3312	2.28427e-06	3.18116e-06
924	3	3	23	24	13	20	0.776685	0.25272	1.87756e-06	2.41741e-06
925	3	3	12	12	7	9	0.885804	0.12126	1.02361e-06	1.15557e-06
926	3	3	83	105	15	1694	9.1534e-05	9.2988	8.78128e-09	9.59346e-05
927	2	2	10	10	9	1	0.934354	0.0679	5.77066e-07	6.17609e-07
928	0	0	0	0	0	0	1	-0	0	0
929	4	4	79	113	25	713	0.0129593	4.34594	5.73613e-07	4.42626e-05
930	1	1	8	8	6	2	0.94135	0.06044	5.2513e-07	5.57847e-07
931	3	3	22	25	14	39	0.700543	0.3559	2.44026e-06	3.48338e-06
932	2	2	48	69	15	425	0.0742127	2.60082	1.96489e-06	2.64765e-05
933	2	2	28	40	8	528	0.0526547	2.944	1.59608e-06	3.03122e-05
934	4	4	158	257	22	4360	4.38626e-11	23.85	1.07975e-14	0.000246168
935	3	3	176	244	28	3879	5.53245e-10	21.3152	1.21646e-13	0.000219877
936	2	2	41	53	17	444	0.0744789	2.59724	1.97986e-06	2.65829e-05
937	0	0	0	0	0	0	1	-0	0	0
938	4	3	43	64	16	607	0.0302693	3.49762	1.08559e-06	3.58645e-05
939	1	1	17	19	10	20	0.80146	0.22132	1.71125e-06	2.13517e-06
940	2	2	22	22	14	11	0.823444	0.19426	1.50387e-06	1.82631e-06
941	1	1	5	6	4	2	0.953248	0.04788	4.2415e-07	4.44952e-07
942	2	2	13	13	11	3	0.90761	0.09694	8.10694e-07	8.93218e-07
943	1	1	9	13	5	36	0.767022	0.26524	2.03001e-06	2.64661e-06
944	1	1	52	87	4	2812	3.42306e-07	14.8876	5.28252e-11	0.000154321
945	1	1	7	8	6	2	0.94135	0.06044	5.2513e-07	5.57847e-07
946	0	0	0	0	0	0	1	-0	0	0
947	2	1	21	23	14	16	0.797686	0.22604	1.71377e-06	2.14843e-06
948	3	3	43	65	12	735	0.0156591	4.1567	6.6899e-07	4.2722e-05
949	3	3	22	22	17	9	0.831886	0.18406	1.43088e-06	1.72005e-06
950	2	2	41	69	9	901	0.00654915	5.02842	3.39036e-07	5.17679e-05
951	3	3	19	19	12	11	0.839105	0.17542	1.39037e-06	1.65697e-06
952	2	2	51	70	16	395	0.0859405	2.4541	2.14327e-06	2.49389e-05
953	3	3	47	68	19	348	0.110599	2.20184	2.46955e-06	2.23288e-05
954	4	4	132	193	23	2178	4.46233e-06	12.3198	5.65013e-10	0.000126618
955	0	0	0	0	0	0	1	-0	0	0
956	2	2	29	37	11	217	0.262092	1.33906	3.56929e-06	1.36185e-05
957	2	2	77	131	10	6464	2.11636e-15	33.7891	7.42519e-19	0.000350848
958	4	4	140	205	32	2188	3.93264e-06	12.4462	5.02698e-10	0.000127827
959	2	1	58	95	14	791	0.00974793	4.6307	4.61963e-07	4.73909e-05
960	3	3	15	16	9	28	0.784052	0.24328	1.87458e-06	2.39089e-06
961	2	2	117	176	20	6530	1.13939e-15	34.4083	4.06643e-19	0.000356895
962	5	5	110	134	34	946	0.00346127	5.66612	2.00158e-07	5.7828e-05
963	4	4	83	100	20	674	0.0171561	4.0654	7.11234e-07	4.14565e-05
964	0	0	0	0	0	0	1	-0	0	0
965	2	2	67	88	17	1085	0.00227417	6.08614	1.42402e-07	6.26169e-05
966	1	1	22	36	6	436	0.0863212	2.44968	2.17514e-06	2.51982e-05
967	4	4	174	252	27	4151	1.31415e-10	22.7527	3.08537e-14	0.000234781
968	1	1	11	19	5	105	0.519536	0.65482	3.45569e-06	6.65149e-06
969	2	2	60	81	8	1059	0.00271333	5.90958	1.6508e-07	6.08403e-05
970	1	1	9	9	8	1	0.94024	0.06162	5.27627e-07	5.61162e-07
971	1	1	14	16	9	17	0.829294	0.18718	1.49806e-06	1.80643e-06
972	1	1	68	109	7	2636	7.31536e-07	14.1281	1.06959e-10	0.000146212
973	0	0	0	0	0	0	1	-0	0	0
974	3	3	74	98	24	925	0.00482985	5.33294	2.64097e-07	5.46801e-05
975	2	1	12	12	11	1	0.922692	0.08046	6.7403e-07	7.30504e-07
976	5	5	148	191	38	1568	0.000101416	9.19628	9.54267e-09	9.40943e-05
977	5	5	125	187	25	5548	1.59113e-13	29.4692	4.85834e-17	0.000305339
978	3	2	33	42	14	175	0.314661	1.15626	3.67181e-06	1.16691e-05
979	3	3	53	78	14	759	0.0127689	4.36074	5.71167e-07	4.4731e-05
980	0	0	0	0	0	0	1	-0	0	0
981	5	5	150	212	28	3186	2.31804e-08	17.58	4.20143e-12	0.000181249
982	1	1	42	55	8	552	0.0424003	3.1606	1.37522e-06	3.24341e-05
983	4	4	19	25	14	56	0.642364	0.4426	2.81783e-06	4.38665e-06
984	2	1	64	88	13	1302	0.000751951	7.19284	5.57547e-08	7.41468e-05
985	2	2	95	126	10	3089	6.52409e-08	16.5452	1.11719e-11	0.000171241
986	3	3	30	37	17	90	0.500894	0.69136	3.44142e-06	6.87055e-06
987	4	4	41	52	22	155	0.32724	1.11706	3.65558e-06	1.11709e-05
988	2	2	58	82	15	1276	0.00089154	7.02256	6.45713e-08	7.24267e-05
989	0	0	0	0	0	0	1	-0	0	0
990	2	2	26	35	5	465	0.0749226	2.5913	1.99913e-06	2.66826e-05
991	1	1	60	92	13	1810	5.4968e-05	9.80876	5.57179e-09	0.000101364
992	4	4	102	144	25	1666	8.2648e-05	9.40092	7.98779e-09	9.66484e-05
993	1	1	37	52	11	677	0.0228396	3.77926	8.88607e-07	3.89065e-05
994	2	2	47	70	15	562	0.0366699	3.3058	1.23989e-06	3.38122e-05
995	1	1	39	50	9	439	0.0778556	2.5529	2.03576e-06	2.61479e-05
996	2	2	38	52	13	705	0.0198003	3.92206	7.99815e-07	4.03942e-05
997	1	1	6	6	4	2	0.953248	0.04788	4.2415e-07	4.44952e-07
998	0	0	0	0	0	0	1	-0	0	0
999	1	1	7	7	7	0	0.956992	0.04396	3.78139e-07	3.95133e-07
1000	1	1	22	24	7	153	0.394151	0.93102	3.73818e-06	9.48412e-06