Hist	Tr_Tot	Tr_in	DSBs	DSBt	RIFs	NComb	PSurv	lPSurv	PMut*	PMut
1	27	23	82	92	31	180	0.224078	1.49576	3.30676e-06	1.47572e-05
2	26	20	52	64	19	153	0.306597	1.18222	3.60007e-06	1.1742e-05
3	25	20	42	48	19	115	0.411503	0.88794	3.62937e-06	8.8198e-06
4	24	21	45	48	16	119	0.403193	0.90834	3.64177e-06	9.03234e-06
5	24	19	31	32	13	36	0.68075	0.38456	2.53179e-06	3.71912e-06
6	23	14	30	37	10	154	0.361404	1.01776	3.712e-06	1.02711e-05
7	23	22	83	95	23	380	0.0792934	2.5346	2.0262e-06	2.55531e-05
8	22	17	86	106	17	652	0.0184834	3.99088	7.50914e-07	4.06263e-05
9	21	16	84	99	22	330	0.0997867	2.30472	2.3073e-06	2.31223e-05
10	25	21	116	128	35	309	0.0925746	2.37974	2.18878e-06	2.36435e-05
11	20	17	44	48	14	120	0.401142	0.91344	3.64456e-06	9.08547e-06
12	20	15	60	66	17	212	0.224096	1.49568	3.35915e-06	1.49898e-05
13	19	13	38	47	12	159	0.33086	1.10606	3.67295e-06	1.11012e-05
14	18	12	43	45	17	54	0.572353	0.558	3.09605e-06	5.40933e-06
15	21	14	72	87	17	379	0.0838052	2.47926	2.09919e-06	2.50484e-05
16	31	25	102	124	26	607	0.0207664	3.87442	8.15109e-07	3.92514e-05
17	15	14	42	51	16	118	0.397691	0.92208	3.63829e-06	9.14855e-06
18	14	8	40	44	15	117	0.417688	0.87302	3.634e-06	8.70028e-06
19	19	16	31	33	10	70	0.568792	0.56424	3.17505e-06	5.58209e-06
20	24	22	55	59	19	131	0.353943	1.03862	3.64237e-06	1.02909e-05
21	24	19	66	81	16	275	0.147906	1.91118	2.83741e-06	1.91839e-05
22	24	17	65	76	21	208	0.214793	1.53808	3.2953e-06	1.53417e-05
23	27	23	74	87	19	388	0.0800455	2.52516	2.04329e-06	2.55266e-05
24	21	17	65	82	19	297	0.13138	2.02966	2.68137e-06	2.04093e-05
25	18	13	57	67	17	274	0.162324	1.81816	2.9771e-06	1.83405e-05
26	15	10	60	74	16	310	0.129287	2.04572	2.66957e-06	2.06484e-05
27	21	17	41	45	11	132	0.384504	0.9558	3.67345e-06	9.55372e-06
28	26	19	21	21	15	8	0.841407	0.17268	1.35506e-06	1.61047e-06
29	27	20	53	61	15	209	0.23481	1.44898	3.41604e-06	1.45481e-05
30	22	18	110	127	26	495	0.0360784	3.32206	1.20754e-06	3.34698e-05
31	19	14	60	71	12	339	0.113633	2.17478	2.50219e-06	2.20199e-05
32	17	10	30	39	9	132	0.399269	0.91812	3.67928e-06	9.21504e-06
33	24	15	46	53	12	157	0.321892	1.13354	3.6482e-06	1.13336e-05
34	30	20	64	73	20	184	0.247377	1.39684	3.43785e-06	1.38972e-05
35	29	21	69	82	21	273	0.148487	1.90726	2.84115e-06	1.91341e-05
36	28	25	159	173	37	629	0.0136456	4.29434	5.89301e-07	4.31862e-05
37	27	21	79	91	19	268	0.143951	1.93828	2.78926e-06	1.93764e-05
38	26	20	36	39	16	66	0.559048	0.58152	3.19118e-06	5.70825e-06
39	25	21	111	125	31	439	0.0486113	3.0239	1.47688e-06	3.03814e-05
40	25	14	51	64	19	153	0.306597	1.18222	3.60007e-06	1.1742e-05
41	24	19	69	78	21	316	0.12228	2.10144	2.59149e-06	2.1193e-05
42	23	19	62	73	18	226	0.19968	1.61104	3.22059e-06	1.61288e-05
43	23	16	22	25	11	31	0.729716	0.3151	2.2317e-06	3.05832e-06
44	22	21	64	70	15	296	0.142388	1.9492	2.80202e-06	1.96788e-05
45	22	17	52	60	17	258	0.18404	1.6926	3.14621e-06	1.70952e-05
46	21	17	45	51	17	98	0.440396	0.82008	3.56099e-06	8.08588e-06
47	20	15	39	45	15	225	0.239285	1.4301	3.46846e-06	1.44951e-05
48	20	17	29	29	14	35	0.697244	0.36062	2.43801e-06	3.49664e-06
49	19	14	118	157	23	1008	0.00218364	6.12676	1.36304e-07	6.24205e-05
50	28	23	28	33	14	43	0.652764	0.42654	2.70734e-06	4.1475e-06
51	18	14	72	86	24	247	0.165335	1.79978	2.97246e-06	1.79784e-05
52	17	14	29	33	11	60	0.598553	0.51324	3.02315e-06	5.05076e-06
53	16	12	67	81	17	441	0.0634324	2.75778	1.77636e-06	2.8004e-05
54	25	19	103	120	26	484	0.0398752	3.222	1.29555e-06	3.24902e-05
55	27	18	46	57	14	315	0.140232	1.96446	2.79825e-06	1.99545e-05
56	11	9	12	14	4	31	0.781907	0.24602	1.90582e-06	2.4374e-06
57	16	16	75	90	22	380	0.0818227	2.5032	2.06773e-06	2.52709e-05
58	27	19	102	124	30	640	0.0175497	4.04272	7.1962e-07	4.10048e-05
59	26	22	73	83	25	250	0.165922	1.79624	2.98135e-06	1.79685e-05
60	22	20	96	110	21	755	0.0106595	4.5413	4.93801e-07	4.63248e-05
61	19	16	62	76	19	281	0.148024	1.91038	2.84509e-06	1.92204e-05
62	23	17	67	75	16	318	0.123341	2.0928	2.60619e-06	2.11299e-05
63	21	18	60	68	25	134	0.329414	1.11044	3.60981e-06	1.09583e-05
64	16	12	70	81	14	564	0.0338749	3.38508	1.17002e-06	3.45394e-05
65	18	12	31	36	8	119	0.434752	0.83298	3.63234e-06	8.35496e-06
66	22	19	44	50	20	80	0.48578	0.722	3.43594e-06	7.07304e-06
67	14	14	35	39	11	95	0.482189	0.72942	3.49544e-06	7.24911e-06
68	35	26	67	78	22	315	0.122905	2.09634	2.59821e-06	2.11399e-05
69	32	27	98	117	31	410	0.0592636	2.82576	1.68243e-06	2.8389e-05
70	31	19	62	73	24	140	0.309611	1.17244	3.57889e-06	1.15593e-05
71	29	18	101	116	33	305	0.101878	2.28398	2.31808e-06	2.27535e-05
72	19	15	58	60	9	407	0.0860781	2.4525	2.15299e-06	2.50121e-05
73	19	14	59	64	24	215	0.223483	1.49842	3.36035e-06	1.50363e-05
74	26	19	58	65	11	349	0.11213	2.1881	2.49069e-06	2.22126e-05
75	25	19	74	93	19	479	0.0484637	3.02694	1.48786e-06	3.07004e-05
76	25	22	38	46	16	74	0.513616	0.66628	3.35311e-06	6.52845e-06
77	24	21	75	92	22	437	0.0604185	2.80646	1.71663e-06	2.84124e-05
78	23	18	56	63	21	137	0.33476	1.09434	3.62728e-06	1.08354e-05
79	23	17	39	42	16	87	0.492895	0.70746	3.447e-06	6.99339e-06
80	22	20	69	81	17	276	0.147153	1.91628	2.83079e-06	1.9237e-05
81	22	14	75	86	23	232	0.17848	1.72328	3.06653e-06	1.71814e-05
82	21	19	18	20	14	6	0.855388	0.1562	1.23839e-06	1.44775e-06
83	21	15	15	17	6	39	0.736637	0.30566	2.23334e-06	3.0318e-06
84	21	16	44	53	12	277	0.174551	1.74554	3.09123e-06	1.77096e-05
85	19	14	51	65	14	317	0.132007	2.0249	2.70777e-06	2.05123e-05
86	19	15	34	38	10	126	0.414269	0.88124	3.66205e-06	8.83979e-06
87	18	12	27	31	9	119	0.44862	0.80158	3.62158e-06	8.07273e-06
88	17	14	71	79	17	275	0.149775	1.89862	2.85636e-06	1.9071e-05
89	22	15	27	30	16	33	0.699982	0.3567	2.41272e-06	3.44682e-06
90	12	9	45	50	12	247	0.207277	1.5737	3.30529e-06	1.59463e-05
91	13	10	17	18	8	20	0.806509	0.21504	1.67651e-06	2.07872e-06
92	24	19	34	38	12	67	0.559708	0.58034	3.1931e-06	5.70493e-06
93	21	16	29	31	12	38	0.678087	0.38848	2.55567e-06	3.76894e-06
94	13	11	8	11	2	45	0.741871	0.29858	2.23445e-06	3.01192e-06
95	26	18	72	94	21	362	0.0874647	2.43652	2.14641e-06	2.45403e-05
96	23	14	24	28	7	88	0.535454	0.62464	3.34994e-06	6.25625e-06
97	27	24	85	96	19	455	0.0537517	2.92338	1.59076e-06	2.95946e-05
98	26	21	98	110	32	315	0.10053	2.2973	2.30678e-06	2.29462e-05
99	21	16	47	58	22	103	0.410845	0.88954	3.59353e-06	8.74668e-06
100	24	16	46	59	15	207	0.240215	1.42622	3.44204e-06	1.4329e-05
101	18	14	74	87	17	371	0.0872952	2.43846	2.1495e-06	2.46234e-05
102	22	20	71	80	17	375	0.0893763	2.4149	2.18442e-06	2.44408e-05
103	30	24	112	125	37	352	0.0757589	2.5802	1.95146e-06	2.57588e-05
104	22	16	58	64	20	227	0.210216	1.55962	3.2949e-06	1.56739e-05
105	24	18	92	108	23	457	0.049344	3.00894	1.49898e-06	3.03782e-05
106	17	13	21	24	8	41	0.697802	0.35982	2.46548e-06	3.5332e-06
107	27	22	85	104	26	427	0.0589645	2.83082	1.68393e-06	2.85584e-05
108	28	23	85	100	23	268	0.136041	1.9948	2.7051e-06	1.98845e-05
109	27	21	76	88	23	246	0.164106	1.80724	2.96018e-06	1.80382e-05
110	26	20	123	139	29	647	0.0154118	4.17262	6.5074e-07	4.22234e-05
111	26	17	56	70	16	241	0.188492	1.6687	3.15845e-06	1.67564e-05
112	25	20	60	67	24	174	0.270317	1.30816	3.52146e-06	1.30272e-05
113	24	19	71	88	19	476	0.0507806	2.98024	1.53656e-06	3.02588e-05
114	24	23	108	130	29	530	0.0296172	3.5194	1.05137e-06	3.54988e-05
115	23	17	79	97	24	517	0.0389351	3.24586	1.28273e-06	3.29453e-05
116	22	21	45	49	18	100	0.441437	0.81772	3.56648e-06	8.07925e-06
117	22	14	67	75	14	312	0.127174	2.0622	2.64663e-06	2.08111e-05
118	21	18	103	127	16	821	0.0068421	4.98466	3.47519e-07	5.07912e-05
119	21	18	64	74	21	205	0.220861	1.51022	3.32825e-06	1.50694e-05
120	20	18	62	74	15	367	0.0966731	2.33642	2.28893e-06	2.3677e-05
121	19	17	41	45	19	80	0.501275	0.6906	3.40406e-06	6.7908e-06
122	19	15	51	58	13	199	0.251795	1.37914	3.48672e-06	1.38475e-05
123	18	14	48	55	20	95	0.436093	0.8299	3.55515e-06	8.15227e-06
124	17	15	72	84	19	288	0.135834	1.99632	2.72266e-06	2.0044e-05
125	16	13	73	91	18	353	0.0933145	2.37178	2.22954e-06	2.38928e-05
126	15	11	40	46	10	199	0.271504	1.30378	3.57573e-06	1.31701e-05
127	29	23	135	161	25	958	0.00274801	5.89688	1.64852e-07	5.99897e-05
128	24	20	67	78	19	249	0.17209	1.75974	3.03447e-06	1.76331e-05
129	16	9	22	26	12	29	0.732582	0.31118	2.20397e-06	3.0085e-06
130	27	16	85	97	29	247	0.154299	1.86886	2.86986e-06	1.85993e-05
131	26	21	98	107	26	419	0.0602737	2.80886	1.70591e-06	2.83027e-05
132	22	13	39	42	11	110	0.43834	0.82476	3.60116e-06	8.21545e-06
133	20	15	42	52	16	322	0.13963	1.96876	2.79876e-06	2.00442e-05
134	13	9	15	16	8	24	0.800211	0.22288	1.74315e-06	2.17836e-06
135	21	15	92	106	18	546	0.0317367	3.45028	1.1106e-06	3.49942e-05
136	23	17	29	32	9	73	0.563685	0.57326	3.20457e-06	5.68505e-06
137	25	17	55	66	14	368	0.101137	2.29128	2.35432e-06	2.32786e-05
138	22	14	28	36	12	87	0.511821	0.66978	3.40602e-06	6.6547e-06
139	14	11	11	11	5	12	0.87785	0.13028	1.10479e-06	1.25852e-06
140	33	25	112	131	33	565	0.0246204	3.70418	9.2117e-07	3.74149e-05
141	24	16	76	89	22	265	0.148018	1.91042	2.82776e-06	1.91041e-05
142	31	24	78	97	21	416	0.0651697	2.73076	1.79731e-06	2.75788e-05
143	30	26	127	158	27	1070	0.00158172	6.44924	1.04032e-07	6.57712e-05
144	29	25	50	59	14	209	0.237777	1.43642	3.43238e-06	1.44352e-05
145	28	20	74	87	21	346	0.099166	2.31096	2.31007e-06	2.3295e-05
146	34	29	67	76	28	224	0.197962	1.61968	3.20537e-06	1.61919e-05
147	30	21	65	79	21	396	0.0808047	2.51572	2.06053e-06	2.55001e-05
148	25	18	40	46	14	82	0.493082	0.70708	3.42865e-06	6.95351e-06
149	24	19	49	55	14	238	0.210304	1.5592	3.31236e-06	1.57503e-05
150	24	20	110	133	22	614	0.018937	3.96664	7.59965e-07	4.01313e-05
151	23	16	42	48	14	214	0.248369	1.39284	3.49703e-06	1.408e-05
152	23	20	61	72	21	208	0.220257	1.51296	3.32939e-06	1.51159e-05
153	22	17	67	75	23	205	0.219479	1.5165	3.31981e-06	1.51259e-05
154	21	15	60	66	18	199	0.239457	1.42938	3.42401e-06	1.4299e-05
155	21	17	18	19	9	46	0.701931	0.35392	2.46843e-06	3.51663e-06
156	20	16	54	60	15	235	0.206945	1.5753	3.28488e-06	1.58732e-05
157	20	17	44	52	13	177	0.292509	1.22926	3.60952e-06	1.23399e-05
158	20	15	43	44	16	153	0.347629	1.05662	3.68941e-06	1.06131e-05
159	18	13	20	23	7	71	0.602577	0.50654	3.05552e-06	5.07075e-06
160	17	12	0	0	0	0	1	-0	0	0
161	16	13	72	82	17	387	0.0830211	2.48866	2.09141e-06	2.51913e-05
162	12	10	45	54	13	249	0.200084	1.60902	3.25703e-06	1.62783e-05
163	25	17	66	82	17	393	0.0805192	2.51926	2.05405e-06	2.55101e-05
164	24	17	100	113	23	398	0.0646065	2.73944	1.77833e-06	2.75256e-05
165	23	20	51	57	17	153	0.320376	1.13826	3.63527e-06	1.13469e-05
166	27	22	89	107	21	650	0.018556	3.98696	7.52939e-07	4.05765e-05
167	26	21	87	100	25	259	0.142431	1.9489	2.76405e-06	1.94063e-05
168	18	16	117	135	31	587	0.0214614	3.8415	8.32908e-07	3.88096e-05
169	18	14	38	40	11	115	0.432705	0.8377	3.62097e-06	8.36822e-06
170	22	18	23	30	10	90	0.523405	0.6474	3.38926e-06	6.47542e-06
171	20	17	62	71	14	283	0.151196	1.88918	2.87944e-06	1.90445e-05
172	25	20	64	70	15	271	0.161751	1.8217	2.96819e-06	1.83504e-05
173	33	28	53	57	19	103	0.413433	0.88326	3.59283e-06	8.69023e-06
174	22	14	53	60	11	349	0.115706	2.1567	2.53748e-06	2.19303e-05
175	19	12	56	69	18	247	0.183963	1.69302	3.13083e-06	1.70188e-05
176	37	30	137	166	41	699	0.00997793	4.60738	4.64077e-07	4.65104e-05
177	24	15	55	61	18	153	0.312428	1.16338	3.61563e-06	1.15727e-05
178	17	14	43	49	12	178	0.296556	1.21552	3.62499e-06	1.22236e-05
179	30	19	95	112	17	785	0.0090331	4.70686	4.33875e-07	4.80317e-05
180	27	23	59	66	12	319	0.129849	2.04138	2.68464e-06	2.0675e-05
181	19	16	57	64	19	203	0.237587	1.43722	3.42095e-06	1.43987e-05
182	27	17	62	80	19	319	0.118921	2.1293	2.55266e-06	2.14653e-05
183	26	20	25	28	13	38	0.690983	0.36964	2.48726e-06	3.59959e-06
184	25	18	33	36	12	72	0.552512	0.59328	3.23645e-06	5.8577e-06
185	25	18	38	40	12	107	0.450724	0.7969	3.58017e-06	7.94316e-06
186	24	17	58	70	17	331	0.119111	2.1277	2.56546e-06	2.15384e-05
187	23	19	40	42	20	46	0.607526	0.49836	2.92519e-06	4.81493e-06
188	23	20	91	108	24	368	0.0776891	2.55504	1.99268e-06	2.56494e-05
189	22	14	41	44	13	145	0.362105	1.01582	3.68913e-06	1.0188e-05
190	22	14	42	47	12	155	0.337679	1.08566	3.67688e-06	1.08887e-05
191	21	18	62	81	19	253	0.165468	1.79898	2.98089e-06	1.8015e-05
192	26	21	29	33	11	59	0.601614	0.50814	3.00664e-06	4.99763e-06
193	20	15	45	51	12	218	0.238812	1.43208	3.45366e-06	1.44619e-05
194	19	13	11	13	3	28	0.798964	0.22444	1.77494e-06	2.22155e-06
195	18	15	71	77	15	391	0.0839394	2.47766	2.10869e-06	2.51215e-05
196	17	15	45	53	14	171	0.29971	1.20494	3.61975e-06	1.20775e-05
197	17	10	9	11	3	24	0.825736	0.19148	1.5657e-06	1.89612e-06
198	24	16	20	21	11	22	0.783425	0.24408	1.84444e-06	2.35433e-06
199	14	10	42	54	10	256	0.193067	1.64472	3.21461e-06	1.66503e-05
200	13	11	29	32	7	110	0.466751	0.76196	3.5711e-06	7.65098e-06
201	16	14	37	43	11	198	0.278082	1.27984	3.6005e-06	1.29476e-05
202	25	22	39	43	12	117	0.42032	0.86674	3.63317e-06	8.64383e-06
203	26	16	41	45	19	65	0.541128	0.6141	3.24341e-06	5.9938e-06
204	22	16	62	71	20	293	0.143678	1.94018	2.81261e-06	1.95758e-05
205	26	18	43	50	14	112	0.412632	0.8852	3.62014e-06	8.7733e-06
206	34	26	85	96	19	683	0.0168033	4.08618	7.00848e-07	4.17089e-05
207	21	13	23	25	9	72	0.592029	0.5242	3.10032e-06	5.23678e-06
208	23	20	118	141	25	679	0.0129277	4.34838	5.69293e-07	4.40366e-05
209	16	11	46	63	11	496	0.0536518	2.92524	1.60474e-06	2.99103e-05
210	23	18	67	74	19	247	0.178276	1.72442	3.08436e-06	1.7301e-05
211	14	8	1	1	1	0	0.99374	0.00628	5.60942e-08	5.64476e-08
212	21	18	61	66	13	325	0.125936	2.07198	2.64388e-06	2.09938e-05
213	24	19	64	75	18	231	0.192223	1.6491	3.17309e-06	1.65073e-05
214	17	17	17	22	7	37	0.721185	0.32686	2.3134e-06	3.20778e-06
215	25	21	33	39	17	49	0.609681	0.49482	2.92951e-06	4.80498e-06
216	29	21	84	101	27	346	0.0908196	2.39888	2.18742e-06	2.40853e-05
217	28	21	93	110	13	2136	9.3102e-06	11.5844	1.11445e-09	0.000119702
218	27	24	60	68	23	165	0.281242	1.26854	3.54517e-06	1.26054e-05
219	26	23	91	104	25	378	0.0757043	2.58092	1.9649e-06	2.59549e-05
220	25	20	62	75	14	358	0.10058	2.2968	2.33902e-06	2.32553e-05
221	22	18	82	104	22	918	0.0048203	5.33492	2.63414e-07	5.46468e-05
222	24	17	63	72	15	397	0.0840066	2.47686	2.11345e-06	2.51581e-05
223	23	16	67	77	16	295	0.136961	1.98806	2.74206e-06	2.00208e-05
224	23	16	51	60	16	138	0.339392	1.0806	3.63802e-06	1.07192e-05
225	22	17	57	64	19	235	0.201812	1.60042	3.24896e-06	1.60989e-05
226	22	20	66	75	16	317	0.123972	2.0877	2.61293e-06	2.10768e-05
227	21	17	35	39	15	67	0.556204	0.58662	3.2045e-06	5.76138e-06
228	20	16	64	76	18	329	0.115882	2.15518	2.52286e-06	2.17708e-05
229	20	16	82	106	24	331	0.0950093	2.35378	2.23942e-06	2.35705e-05
230	19	13	48	57	12	424	0.0804306	2.52036	2.07077e-06	2.5746e-05
231	18	13	66	77	17	235	0.18599	1.68206	3.13073e-06	1.68328e-05
232	31	24	73	91	17	380	0.0813105	2.50948	2.05938e-06	2.53273e-05
233	17	13	35	40	13	77	0.52524	0.6439	3.33483e-06	6.34916e-06
234	16	12	23	31	6	91	0.517482	0.65878	3.40762e-06	6.585e-06
235	15	12	75	82	20	245	0.171279	1.76446	3.02245e-06	1.76463e-05
236	19	13	45	54	10	472	0.0641635	2.74632	1.80473e-06	2.8127e-05
237	28	21	38	41	18	40	0.63035	0.46148	2.79855e-06	4.43968e-06
238	21	13	44	52	19	131	0.369849	0.99466	3.65993e-06	9.89572e-06
239	26	20	72	82	20	269	0.151547	1.88686	2.8675e-06	1.89215e-05
240	19	15	75	91	13	603	0.026075	3.64678	9.69364e-07	3.71761e-05
241	27	20	41	45	20	71	0.52482	0.6447	3.31298e-06	6.3126e-06
242	24	20	93	107	17	567	0.0283349	3.56366	1.02477e-06	3.61664e-05
243	27	16	46	52	12	242	0.209976	1.56076	3.31626e-06	1.57935e-05
244	24	14	57	63	17	277	0.163926	1.80834	2.9956e-06	1.82741e-05
245	33	28	99	111	21	511	0.0367661	3.30318	1.2286e-06	3.34167e-05
246	17	13	34	38	8	103	0.465827	0.76394	3.54855e-06	7.61773e-06
247	25	16	45	53	15	136	0.35828	1.02644	3.66085e-06	1.02178e-05
248	29	21	66	78	18	237	0.18295	1.69854	3.10933e-06	1.69955e-05
249	24	20	67	74	20	310	0.129287	2.04572	2.66957e-06	2.06484e-05
250	33	22	78	84	27	183	0.232046	1.46082	3.35654e-06	1.4465e-05
251	31	23	82	93	24	293	0.125138	2.07834	2.60507e-06	2.08177e-05
252	29	27	106	118	31	367	0.0733333	2.61274	1.91845e-06	2.61607e-05
253	28	19	109	128	24	768	0.00890947	4.72064	4.27936e-07	4.80316e-05
254	27	21	69	79	16	304	0.129184	2.04652	2.66272e-06	2.06119e-05
255	30	26	81	92	15	578	0.0294353	3.52556	1.05685e-06	3.59042e-05
256	26	20	51	64	15	322	0.129494	2.04412	2.68332e-06	2.07215e-05
257	25	20	65	75	21	215	0.208566	1.5675	3.26556e-06	1.56572e-05
258	24	21	53	57	24	113	0.392876	0.93426	3.62294e-06	9.22156e-06
259	24	18	36	39	12	109	0.448961	0.80082	3.58853e-06	7.99298e-06
260	23	16	135	155	34	708	0.0102119	4.5842	4.73503e-07	4.63677e-05
261	22	17	86	99	19	766	0.0107988	4.52832	4.99859e-07	4.62883e-05
262	22	19	21	26	7	56	0.638343	0.44888	2.83622e-06	4.4431e-06
263	21	17	42	50	12	178	0.294699	1.2218	3.61893e-06	1.22801e-05
264	21	13	45	55	14	288	0.162968	1.8142	2.99975e-06	1.8407e-05
265	20	19	43	45	11	131	0.38647	0.9507	3.6717e-06	9.50059e-06
266	11	10	41	48	15	101	0.441958	0.81654	3.56923e-06	8.07594e-06
267	19	13	67	85	17	453	0.0581866	2.8441	1.6797e-06	2.88674e-05
268	18	14	40	50	12	180	0.291709	1.232	3.61321e-06	1.23864e-05
269	17	16	40	49	11	212	0.249344	1.38892	3.49835e-06	1.40302e-05
270	16	15	64	70	14	350	0.108111	2.2246	2.43767e-06	2.2548e-05
271	24	23	109	130	36	444	0.0459225	3.0808	1.42035e-06	3.09293e-05
272	24	22	87	102	20	446	0.0541954	2.91516	1.59633e-06	2.94551e-05
273	12	11	35	41	9	124	0.410705	0.88988	3.65645e-06	8.90287e-06
274	30	18	50	61	21	103	0.403177	0.90838	3.59473e-06	8.91602e-06
275	26	20	62	66	16	175	0.270636	1.30698	3.52472e-06	1.30239e-05
276	19	14	62	68	14	328	0.122476	2.09984	2.60459e-06	2.12661e-05
277	17	14	42	48	13	105	0.433034	0.83694	3.58919e-06	8.28847e-06
278	22	15	27	35	8	141	0.391058	0.9389	3.70232e-06	9.46745e-06
279	30	25	70	76	36	135	0.311679	1.16578	3.57278e-06	1.1463e-05
280	22	14	44	48	14	144	0.354928	1.03584	3.67729e-06	1.03607e-05
281	15	12	75	87	10	1366	0.000545963	7.51296	4.23071e-08	7.74909e-05
282	23	20	90	112	28	397	0.0653459	2.72806	1.79152e-06	2.7416e-05
283	14	8	12	13	7	9	0.880258	0.12754	1.06689e-06	1.21202e-06
284	39	28	109	132	22	848	0.00577764	5.15376	3.03373e-07	5.2508e-05
285	24	18	79	95	13	773	0.0106852	4.5389	4.9616e-07	4.64345e-05
286	17	14	43	46	17	104	0.440749	0.81928	3.57996e-06	8.12244e-06
287	16	12	37	46	13	115	0.416704	0.87538	3.6282e-06	8.70691e-06
288	21	14	25	28	9	56	0.630375	0.46144	2.87198e-06	4.55599e-06
289	20	17	67	77	18	226	0.194726	1.63616	3.18467e-06	1.63546e-05
290	27	22	61	68	18	167	0.278388	1.27874	3.53878e-06	1.27117e-05
291	27	23	96	114	22	592	0.0238703	3.73512	9.04443e-07	3.78899e-05
292	26	22	88	98	20	426	0.0615417	2.78804	1.73342e-06	2.81666e-05
293	25	16	63	74	13	268	0.16017	1.83152	2.94982e-06	1.84168e-05
294	24	18	26	34	14	79	0.539874	0.61642	3.30227e-06	6.11674e-06
295	23	21	61	73	22	203	0.224531	1.49374	3.34702e-06	1.49067e-05
296	23	14	70	78	14	380	0.0882272	2.42784	2.16982e-06	2.45935e-05
297	23	15	24	26	9	58	0.631865	0.45908	2.87458e-06	4.54936e-06
298	22	20	75	89	12	563	0.0323798	3.43022	1.13128e-06	3.49378e-05
299	21	16	91	106	16	757	0.0108198	4.52638	4.99931e-07	4.62053e-05
300	21	15	45	59	14	237	0.206136	1.57922	3.2823e-06	1.5923e-05
301	20	16	30	37	10	83	0.519099	0.65566	3.37343e-06	6.49862e-06
302	20	18	44	51	14	233	0.221224	1.50858	3.37563e-06	1.52589e-05
303	19	13	41	46	16	144	0.359414	1.02328	3.68319e-06	1.02478e-05
304	18	14	51	59	12	168	0.293077	1.22732	3.59218e-06	1.22568e-05
305	17	12	51	59	15	164	0.299117	1.20692	3.60264e-06	1.20443e-05
306	12	9	48	54	9	206	0.249145	1.38972	3.48644e-06	1.39936e-05
307	15	12	62	78	13	431	0.0680209	2.68794	1.8572e-06	2.73033e-05
308	14	12	37	45	15	130	0.388446	0.9456	3.66983e-06	9.44746e-06
309	22	17	42	46	16	82	0.493082	0.70708	3.42865e-06	6.95351e-06
310	21	17	57	66	15	273	0.164182	1.80678	2.99319e-06	1.82309e-05
311	26	18	69	83	20	316	0.1185	2.13284	2.54482e-06	2.14752e-05
312	19	15	53	61	18	200	0.245839	1.40308	3.45894e-06	1.40699e-05
313	25	20	89	108	20	613	0.0222694	3.80454	8.61092e-07	3.8667e-05
314	31	21	58	71	16	209	0.220517	1.51178	3.33259e-06	1.51126e-05
315	28	19	72	89	20	352	0.094977	2.35412	2.25349e-06	2.37267e-05
316	21	17	45	54	18	186	0.275899	1.28772	3.56764e-06	1.29309e-05
317	33	24	63	68	28	88	0.416512	0.87584	3.54625e-06	8.51416e-06
318	18	14	79	88	18	343	0.100065	2.30194	2.3207e-06	2.31921e-05
319	26	20	30	35	12	52	0.615697	0.485	2.91754e-06	4.73859e-06
320	20	18	112	126	31	473	0.0406165	3.20358	1.30966e-06	3.22444e-05
321	24	17	64	69	19	230	0.200625	1.60632	3.23317e-06	1.61155e-05
322	17	13	37	39	8	113	0.439895	0.82122	3.60956e-06	8.20551e-06
323	24	20	97	109	26	519	0.0357423	3.33142	1.20555e-06	3.37289e-05
324	30	23	61	66	19	230	0.20444	1.58748	3.26004e-06	1.59462e-05
325	29	25	106	119	33	407	0.0594262	2.82302	1.68429e-06	2.83425e-05
326	28	24	63	75	15	448	0.0635582	2.7558	1.782e-06	2.80372e-05
327	27	22	77	90	22	249	0.159598	1.8351	2.9223e-06	1.83105e-05
328	26	17	45	50	14	127	0.382243	0.9617	3.65817e-06	9.5703e-06
329	23	21	50	54	18	108	0.410689	0.88992	3.60854e-06	8.78656e-06
330	25	18	36	40	16	74	0.533338	0.6286	3.30123e-06	6.18976e-06
331	24	20	40	51	16	92	0.454081	0.78948	3.52688e-06	7.76708e-06
332	23	21	53	65	14	222	0.214295	1.5404	3.31401e-06	1.54647e-05
333	23	18	82	100	23	383	0.0756756	2.5813	1.96717e-06	2.59948e-05
334	22	16	33	36	12	70	0.558177	0.58308	3.21032e-06	5.75144e-06
335	18	12	30	35	9	168	0.340752	1.0766	3.71489e-06	1.0902e-05
336	21	15	51	56	20	100	0.422452	0.86168	3.58002e-06	8.47439e-06
337	20	15	41	50	16	139	0.359551	1.0229	3.67026e-06	1.02079e-05
338	20	14	65	79	18	294	0.135943	1.99552	2.72981e-06	2.00805e-05
339	19	16	31	35	10	75	0.547551	0.6023	3.26376e-06	5.96066e-06
340	20	17	68	81	17	337	0.107811	2.22738	2.42338e-06	2.24781e-05
341	17	15	66	68	23	173	0.269998	1.30934	3.51821e-06	1.30305e-05
342	17	14	18	21	9	57	0.655354	0.42258	2.76166e-06	4.21399e-06
343	15	14	50	59	18	146	0.327876	1.11512	3.63544e-06	1.10879e-05
344	24	18	69	80	19	389	0.0832173	2.4863	2.0958e-06	2.51846e-05
345	16	15	30	38	13	97	0.480302	0.73334	3.50569e-06	7.29893e-06
346	20	13	81	94	17	698	0.0157625	4.15012	6.68221e-07	4.2393e-05
347	26	22	40	44	16	62	0.552932	0.59252	3.19482e-06	5.77795e-06
348	19	17	66	77	18	392	0.0835124	2.48276	2.1024e-06	2.51747e-05
349	20	14	27	32	7	158	0.365401	1.00676	3.72759e-06	1.02014e-05
350	18	14	27	33	13	64	0.586466	0.53364	3.08675e-06	5.2633e-06
351	15	13	47	50	15	126	0.384197	0.9566	3.65646e-06	9.51716e-06
352	21	18	50	53	15	145	0.342207	1.07234	3.66026e-06	1.0696e-05
353	22	19	94	106	30	365	0.079884	2.52718	2.02722e-06	2.53771e-05
354	23	15	89	102	24	350	0.0884286	2.42556	2.15361e-06	2.43543e-05
355	14	11	14	15	6	14	0.847385	0.1656	1.34783e-06	1.59058e-06
356	26	17	63	78	14	581	0.0316524	3.45294	1.11649e-06	3.52733e-05
357	24	19	42	51	15	202	0.259116	1.35048	3.52702e-06	1.36117e-05
358	34	26	103	126	29	566	0.0252765	3.67788	9.39927e-07	3.71858e-05
359	32	23	78	91	18	373	0.0842657	2.47378	2.10289e-06	2.49554e-05
360	30	23	87	94	35	229	0.172351	1.75822	3.0116e-06	1.74736e-05
361	29	22	42	51	16	79	0.485207	0.72318	3.43349e-06	7.07635e-06
362	28	21	87	100	26	515	0.0386001	3.2545	1.27413e-06	3.30084e-05
363	30	23	54	73	20	272	0.157924	1.84564	2.93311e-06	1.85729e-05
364	26	20	112	132	22	641	0.0166049	4.09806	6.89259e-07	4.15095e-05
365	25	20	50	52	18	110	0.411659	0.88756	3.61434e-06	8.77993e-06
366	25	21	54	61	12	197	0.249629	1.38778	3.47247e-06	1.39105e-05
367	24	17	80	89	18	338	0.102006	2.28272	2.3444e-06	2.29829e-05
368	23	17	65	75	16	267	0.159981	1.8327	2.94687e-06	1.84201e-05
369	13	11	54	67	10	572	0.0355093	3.33796	1.2135e-06	3.41742e-05
370	22	18	35	39	12	220	0.254891	1.36692	3.54063e-06	1.38908e-05
371	22	19	51	65	14	201	0.238521	1.4333	3.4225e-06	1.43489e-05
372	21	14	61	74	19	222	0.202519	1.59692	3.23478e-06	1.59727e-05
373	20	15	52	60	14	292	0.154741	1.866	2.92488e-06	1.89018e-05
374	20	17	58	64	17	192	0.251297	1.38112	3.47147e-06	1.38142e-05
375	19	14	46	55	15	161	0.311455	1.1665	3.63128e-06	1.16591e-05
376	18	16	34	39	16	85	0.507418	0.67842	3.40872e-06	6.71778e-06
377	18	14	72	87	20	232	0.177362	1.72956	3.05735e-06	1.72378e-05
378	17	12	15	17	6	29	0.77518	0.25466	1.93832e-06	2.50047e-06
379	40	30	187	214	39	958	0.00197	6.22972	1.24074e-07	6.29814e-05
380	15	12	27	29	9	75	0.568576	0.56462	3.19652e-06	5.62197e-06
381	13	12	31	35	9	172	0.333871	1.097	3.71084e-06	1.11146e-05
382	27	21	68	74	21	267	0.160989	1.82642	2.95635e-06	1.83637e-05
383	26	25	32	34	14	36	0.672253	0.39712	2.57608e-06	3.83201e-06
384	19	18	119	133	28	647	0.0160036	4.13494	6.70307e-07	4.18847e-05
385	20	16	36	46	8	337	0.134313	2.00758	2.75376e-06	2.05025e-05
386	21	17	64	75	17	433	0.0686112	2.6793	1.86898e-06	2.72402e-05
387	29	23	93	109	17	537	0.0326073	3.42322	1.13099e-06	3.46853e-05
388	25	18	70	79	21	258	0.16334	1.81192	2.96752e-06	1.81677e-05
389	34	27	126	146	33	565	0.022407	3.79838	8.57329e-07	3.82616e-05
390	23	18	44	48	18	72	0.512405	0.66864	3.34861e-06	6.53508e-06
391	17	12	89	101	14	617	0.0228003	3.78098	8.77457e-07	3.84844e-05
392	16	10	13	17	6	24	0.795201	0.22916	1.77712e-06	2.23481e-06
393	24	20	86	96	26	281	0.130552	2.03598	2.65666e-06	2.03494e-05
394	17	14	27	31	12	40	0.671205	0.39868	2.60106e-06	3.8752e-06
395	25	21	83	95	24	377	0.0805159	2.5193	2.0446e-06	2.53937e-05
396	27	18	57	68	15	189	0.248841	1.39094	3.45407e-06	1.38806e-05
397	20	17	78	86	20	418	0.0691222	2.67188	1.87073e-06	2.70642e-05
398	28	21	98	117	24	429	0.0537904	2.92266	1.58136e-06	2.93985e-05
399	27	18	88	100	22	441	0.0562978	2.8771	1.63694e-06	2.90765e-05
400	26	20	70	85	15	315	0.11762	2.1403	2.53294e-06	2.1535e-05
401	26	18	57	64	17	168	0.284017	1.25872	3.5613e-06	1.2539e-05
402	25	20	51	58	16	170	0.29193	1.23124	3.59267e-06	1.23066e-05
403	23	17	59	67	18	220	0.21379	1.54276	3.30761e-06	1.54713e-05
404	24	18	80	88	21	548	0.0351743	3.34744	1.19889e-06	3.40844e-05
405	23	19	55	63	18	177	0.272985	1.29834	3.53809e-06	1.29608e-05
406	22	19	109	128	34	468	0.0411455	3.19064	1.32043e-06	3.20916e-05
407	22	18	42	49	16	84	0.478969	0.73612	3.46252e-06	7.22912e-06
408	21	18	73	81	24	220	0.195796	1.63068	3.18395e-06	1.62616e-05
409	28	21	98	116	26	453	0.0478933	3.03878	1.46636e-06	3.06173e-05
410	20	17	33	35	14	67	0.570353	0.5615	3.15724e-06	5.53559e-06
411	19	14	23	26	9	39	0.696157	0.36218	2.46428e-06	3.53983e-06
412	19	12	35	39	13	90	0.494642	0.70392	3.45431e-06	6.98344e-06
413	18	14	51	60	15	179	0.275353	1.2897	3.55142e-06	1.28977e-05
414	22	21	52	58	17	152	0.319998	1.13944	3.63205e-06	1.13502e-05
415	16	10	31	35	10	84	0.522986	0.6482	3.36743e-06	6.43885e-06
416	15	13	15	15	6	20	0.821848	0.1962	1.56922e-06	1.90938e-06
417	16	12	22	22	11	29	0.751218	0.28606	2.09042e-06	2.78271e-06
418	20	17	68	76	17	269	0.157366	1.84918	2.92431e-06	1.85828e-05
419	26	18	95	108	23	382	0.0723355	2.62644	1.90917e-06	2.63932e-05
420	19	16	29	32	12	40	0.667003	0.40496	2.62243e-06	3.93165e-06
421	21	18	51	58	21	161	0.305642	1.18534	3.61526e-06	1.18284e-05
422	29	20	43	44	17	68	0.536269	0.62312	3.2695e-06	6.09675e-06
423	15	13	43	54	12	233	0.217095	1.52742	3.34939e-06	1.54282e-05
424	14	12	53	61	13	215	0.227733	1.47958	3.3857e-06	1.48669e-05
425	22	20	61	80	15	376	0.0889216	2.42	2.17804e-06	2.44939e-05
426	23	19	52	62	16	182	0.267788	1.31756	3.52677e-06	1.317e-05
427	14	14	21	22	5	78	0.585107	0.53596	3.15153e-06	5.38624e-06
428	18	11	30	33	9	89	0.516262	0.66114	3.40301e-06	6.59163e-06
429	24	21	114	132	34	515	0.0315728	3.45546	1.0992e-06	3.48147e-05
430	17	15	47	61	9	358	0.109824	2.20888	2.46719e-06	2.2465e-05
431	21	19	70	77	19	227	0.193736	1.64126	3.17876e-06	1.64077e-05
432	31	21	44	49	18	90	0.464534	0.76672	3.50627e-06	7.54792e-06
433	30	23	64	78	26	188	0.23489	1.44864	3.38052e-06	1.4392e-05
434	28	19	68	80	21	235	0.182519	1.7009	3.10321e-06	1.70021e-05
435	27	18	29	30	14	55	0.62569	0.4689	2.88803e-06	4.61575e-06
436	27	25	87	94	32	245	0.158846	1.83982	2.91065e-06	1.83237e-05
437	24	16	46	56	12	222	0.226756	1.48388	3.39151e-06	1.49566e-05
438	25	18	85	99	18	464	0.0503821	2.98812	1.52366e-06	3.02421e-05
439	24	21	27	32	12	53	0.624215	0.47126	2.88536e-06	4.62238e-06
440	24	17	61	66	19	196	0.243149	1.41408	3.43804e-06	1.41396e-05
441	23	17	40	42	17	50	0.595258	0.51876	2.99264e-06	5.02746e-06
442	22	11	36	41	12	158	0.345321	1.06328	3.69818e-06	1.07094e-05
443	18	13	80	92	9	539	0.0359129	3.32666	1.215e-06	3.3832e-05
444	21	18	72	83	16	345	0.102209	2.28074	2.35244e-06	2.30161e-05
445	21	19	52	64	15	217	0.221215	1.50862	3.34976e-06	1.51426e-05
446	20	17	38	40	12	84	0.50682	0.6796	3.40638e-06	6.72109e-06
447	19	18	71	80	20	251	0.168217	1.7825	3.00305e-06	1.78522e-05
448	19	16	16	17	9	11	0.84971	0.16286	1.31202e-06	1.54407e-06
449	18	17	42	43	13	93	0.475048	0.74434	3.50045e-06	7.36863e-06
450	17	14	51	57	15	159	0.310721	1.16886	3.62478e-06	1.16657e-05
451	16	12	29	32	19	29	0.705492	0.34886	2.36141e-06	3.34719e-06
452	15	12	62	69	15	324	0.124218	2.08572	2.62224e-06	2.111e-05
453	24	15	64	72	16	253	0.175089	1.74246	3.06527e-06	1.75069e-05
454	18	13	47	52	14	182	0.285144	1.25476	3.59439e-06	1.26055e-05
455	10	9	18	20	8	33	0.745351	0.2939	2.14836e-06	2.88235e-06
456	19	15	27	30	9	70	0.57961	0.5454	3.13728e-06	5.41275e-06
457	27	21	102	118	24	577	0.0251288	3.68374	9.37774e-07	3.73187e-05
458	29	23	74	87	20	455	0.0568772	2.86686	1.65436e-06	2.90865e-05
459	29	22	65	75	21	364	0.097549	2.3274	2.29963e-06	2.35741e-05
460	21	17	35	44	10	146	0.360263	1.02092	3.68951e-06	1.02411e-05
461	34	25	75	90	19	373	0.0847966	2.4675	2.11135e-06	2.4899e-05
462	33	21	55	62	26	121	0.365511	1.00646	3.62911e-06	9.92887e-06
463	35	28	123	152	29	712	0.010196	4.58576	4.73205e-07	4.64109e-05
464	25	23	70	80	24	232	0.185333	1.6856	3.12151e-06	1.68427e-05
465	25	23	66	75	19	186	0.241811	1.4196	3.41348e-06	1.41163e-05
466	17	14	65	74	16	380	0.0904715	2.40272	2.20459e-06	2.43677e-05
467	34	27	71	84	14	330	0.109644	2.21052	2.44237e-06	2.22756e-05
468	32	25	129	153	28	612	0.016873	4.08204	6.94392e-07	4.1154e-05
469	30	26	83	97	20	861	0.0067362	5.00026	3.45049e-07	5.12231e-05
470	26	21	81	89	21	337	0.102528	2.27762	2.35094e-06	2.29297e-05
471	30	22	70	78	25	217	0.202596	1.59654	3.22793e-06	1.59328e-05
472	27	19	46	54	23	127	0.37276	0.98682	3.65159e-06	9.79609e-06
473	26	22	30	37	12	69	0.557518	0.58426	3.20838e-06	5.75475e-06
474	25	22	79	93	24	318	0.110158	2.20584	2.43956e-06	2.2146e-05
475	24	22	56	72	21	184	0.248936	1.39056	3.44546e-06	1.38407e-05
476	24	21	25	29	10	56	0.626429	0.46772	2.88937e-06	4.61244e-06
477	24	16	29	36	11	94	0.493871	0.70548	3.47025e-06	7.02663e-06
478	23	19	86	94	21	307	0.115785	2.15602	2.50304e-06	2.1618e-05
479	22	15	43	54	16	108	0.410689	0.88992	3.60854e-06	8.78656e-06
480	21	15	30	34	13	59	0.597847	0.51442	3.02157e-06	5.05408e-06
481	21	11	58	67	14	345	0.113012	2.18026	2.49903e-06	2.21129e-05
482	20	13	62	72	23	404	0.0810605	2.51256	2.06948e-06	2.553e-05
483	23	13	35	38	9	139	0.387694	0.94754	3.69492e-06	9.53052e-06
484	19	14	19	19	9	17	0.813817	0.20602	1.60791e-06	1.97577e-06
485	18	10	28	36	8	187	0.307346	1.17978	3.67833e-06	1.1968e-05
486	17	11	24	29	10	68	0.589241	0.52892	3.09354e-06	5.25004e-06
487	21	15	17	19	9	20	0.80146	0.22132	1.71125e-06	2.13517e-06
488	24	18	58	79	19	340	0.107516	2.23012	2.42175e-06	2.25246e-05
489	14	11	85	92	14	450	0.0565427	2.87276	1.64557e-06	2.91031e-05
490	13	11	38	45	11	149	0.352572	1.0425	3.68684e-06	1.0457e-05
491	26	19	44	51	13	154	0.330986	1.10568	3.66115e-06	1.10613e-05
492	19	13	61	69	17	197	0.237397	1.43802	3.40953e-06	1.43621e-05
493	21	17	80	93	20	397	0.0736273	2.60874	1.9396e-06	2.63435e-05
494	20	15	44	54	14	137	0.354226	1.03782	3.65824e-06	1.03274e-05
495	23	19	62	74	13	309	0.129948	2.04062	2.67632e-06	2.05953e-05
496	29	25	48	51	17	120	0.393655	0.93228	3.6432e-06	9.25481e-06
497	30	25	107	121	24	571	0.0254261	3.67198	9.45067e-07	3.71692e-05
498	23	16	80	90	21	258	0.152438	1.881	2.8641e-06	1.87886e-05
499	14	13	72	80	16	285	0.141437	1.9559	2.78048e-06	1.96588e-05
500	25	16	76	92	16	489	0.0463442	3.07166	1.44479e-06	3.11753e-05
501	25	16	42	47	19	76	0.505221	0.68276	3.38051e-06	6.69116e-06
502	17	13	58	69	10	407	0.0813479	2.50902	2.07601e-06	2.55201e-05
503	22	20	88	99	19	465	0.0501258	2.99322	1.51857e-06	3.02953e-05
504	15	13	18	22	8	62	0.634854	0.45436	2.87977e-06	4.53611e-06
505	20	15	66	71	17	233	0.195112	1.63418	3.19746e-06	1.63878e-05
506	29	21	145	164	30	1044	0.00173922	6.35432	1.12577e-07	6.47285e-05
507	28	24	70	86	23	205	0.204829	1.58558	3.2254e-06	1.57468e-05
508	27	24	60	66	23	108	0.380877	0.96528	3.60459e-06	9.46393e-06
509	26	19	96	113	24	454	0.0485559	3.02504	1.48101e-06	3.05011e-05
510	25	20	60	66	27	125	0.349246	1.05198	3.6207e-06	1.03672e-05
511	23	17	49	55	14	199	0.256584	1.3603	3.50959e-06	1.36781e-05
512	24	21	45	49	18	99	0.443694	0.81262	3.56114e-06	8.02612e-06
513	23	18	52	63	21	213	0.227196	1.48194	3.37922e-06	1.48736e-05
514	23	21	60	72	20	439	0.067809	2.69106	1.85727e-06	2.73897e-05
515	22	18	72	77	16	250	0.172293	1.75856	3.03748e-06	1.76298e-05
516	22	20	30	32	13	69	0.575302	0.55286	3.14835e-06	5.47251e-06
517	28	26	107	121	29	557	0.0273079	3.60058	9.94699e-07	3.64254e-05
518	20	18	48	57	19	134	0.352974	1.04136	3.64882e-06	1.03374e-05
519	20	16	11	15	7	14	0.847385	0.1656	1.34783e-06	1.59058e-06
520	19	14	48	59	14	217	0.228271	1.47722	3.39218e-06	1.48603e-05
521	18	15	42	51	5	374	0.107778	2.22768	2.45202e-06	2.27506e-05
522	18	15	23	28	10	49	0.653286	0.42574	2.73339e-06	4.18406e-06
523	21	14	53	62	18	135	0.340323	1.07786	3.63218e-06	1.06727e-05
524	16	10	26	29	8	76	0.565684	0.56972	3.21031e-06	5.6751e-06
525	14	11	31	35	14	61	0.588075	0.5309	3.06787e-06	5.21679e-06
526	29	20	79	84	18	487	0.0492316	3.01122	1.50735e-06	3.06175e-05
527	26	19	37	43	11	145	0.364387	1.00954	3.6918e-06	1.01316e-05
528	19	17	56	59	20	137	0.343276	1.06922	3.64204e-06	1.06097e-05
529	16	12	16	16	5	22	0.808415	0.21268	1.67511e-06	2.07209e-06
530	29	24	126	140	37	461	0.0395456	3.2303	1.28116e-06	3.23971e-05
531	29	21	51	60	17	177	0.278176	1.2795	3.55827e-06	1.27914e-05
532	19	14	44	50	18	162	0.319755	1.1402	3.65479e-06	1.143e-05
533	15	12	54	69	19	213	0.218795	1.51962	3.32837e-06	1.52123e-05
534	32	23	114	135	28	545	0.0265879	3.6273	9.72532e-07	3.6578e-05
535	25	22	66	85	22	265	0.151784	1.8853	2.86542e-06	1.88783e-05
536	24	19	21	24	10	45	0.683711	0.38022	2.561e-06	3.74574e-06
537	25	19	72	81	24	181	0.238883	1.43178	3.3896e-06	1.41894e-05
538	17	7	28	33	11	126	0.427483	0.84984	3.65821e-06	8.55755e-06
539	22	18	94	115	24	585	0.024583	3.7057	9.23691e-07	3.75744e-05
540	27	23	59	63	23	133	0.34166	1.07394	3.62942e-06	1.06229e-05
541	31	19	48	59	15	185	0.268738	1.31402	3.5366e-06	1.31601e-05
542	29	20	67	79	22	200	0.219562	1.51612	3.31231e-06	1.5086e-05
543	28	19	34	39	7	202	0.279397	1.27512	3.61383e-06	1.29344e-05
544	27	15	64	83	18	331	0.109773	2.20934	2.44489e-06	2.22722e-05
545	26	18	57	62	20	122	0.363651	1.01156	3.62997e-06	9.982e-06
546	25	18	53	59	15	194	0.256681	1.35992	3.50068e-06	1.36382e-05
547	25	15	37	39	14	60	0.576419	0.55092	3.10658e-06	5.38945e-06
548	24	20	61	78	18	337	0.109861	2.20854	2.45087e-06	2.23088e-05
549	24	19	80	94	22	324	0.106169	2.24272	2.39106e-06	2.25212e-05
550	23	18	42	44	19	81	0.501867	0.68942	3.40641e-06	6.78748e-06
551	18	14	52	65	22	182	0.26279	1.3364	3.50544e-06	1.33393e-05
552	22	19	52	61	20	130	0.351312	1.04608	3.6363e-06	1.03506e-05
553	21	19	57	65	18	158	0.297007	1.214	3.58313e-06	1.20641e-05
554	21	15	40	49	8	213	0.248076	1.39402	3.49373e-06	1.40833e-05
555	20	18	90	104	19	580	0.0270216	3.61112	9.91362e-07	3.66878e-05
556	19	16	45	56	13	290	0.160305	1.83068	2.97681e-06	1.85697e-05
557	22	17	39	47	12	161	0.327502	1.11626	3.67048e-06	1.12075e-05
558	18	16	55	65	20	195	0.245932	1.4027	3.45044e-06	1.40301e-05
559	17	12	38	45	12	138	0.372917	0.9864	3.68163e-06	9.87252e-06
560	16	14	17	21	7	92	0.548219	0.60108	3.32969e-06	6.07365e-06
561	17	12	30	36	13	65	0.572593	0.55758	3.14111e-06	5.48577e-06
562	17	14	80	92	21	320	0.109727	2.20976	2.43548e-06	2.21958e-05
563	12	10	32	36	11	86	0.514438	0.66468	3.3961e-06	6.60157e-06
564	19	15	49	58	12	327	0.131081	2.03194	2.70663e-06	2.06485e-05
565	23	15	62	69	15	274	0.160298	1.83072	2.95804e-06	1.84534e-05
566	26	21	28	31	12	53	0.628148	0.46498	2.86808e-06	4.56594e-06
567	16	12	30	31	11	80	0.547343	0.60268	3.28435e-06	6.00053e-06
568	20	17	70	81	20	263	0.15724	1.84998	2.91622e-06	1.85463e-05
569	24	19	16	16	11	5	0.881632	0.12598	1.03048e-06	1.16883e-06
570	23	18	85	99	20	354	0.0882907	2.42712	2.15407e-06	2.43975e-05
571	14	10	50	57	11	211	0.238339	1.43406	3.43891e-06	1.44286e-05
572	24	18	62	77	15	353	0.10189	2.28386	2.35392e-06	2.31025e-05
573	25	20	48	56	12	174	0.289651	1.23908	3.59348e-06	1.24062e-05
574	17	14	53	75	15	556	0.0366405	3.3066	1.23756e-06	3.37756e-05
575	35	25	58	63	19	156	0.303844	1.19124	3.59903e-06	1.1845e-05
576	33	21	65	78	23	186	0.237298	1.43844	3.38996e-06	1.42857e-05
577	31	25	94	104	23	441	0.0549012	2.90222	1.60873e-06	2.93023e-05
578	19	15	35	53	12	273	0.178148	1.72514	3.11707e-06	1.74971e-05
579	28	22	47	52	16	368	0.110431	2.20336	2.48342e-06	2.24883e-05
580	27	19	43	55	17	157	0.317874	1.1461	3.63856e-06	1.14465e-05
581	26	21	95	115	22	428	0.0547488	2.905	1.60044e-06	2.92325e-05
582	26	21	50	58	16	187	0.267686	1.31794	3.5361e-06	1.32099e-05
583	25	18	28	28	9	63	0.608268	0.49714	2.9975e-06	4.92792e-06
584	24	16	31	40	7	155	0.352854	1.0417	3.70269e-06	1.04936e-05
585	24	18	37	39	13	64	0.564779	0.57132	3.16388e-06	5.60198e-06
586	23	21	53	67	13	273	0.163154	1.81306	2.98366e-06	1.82874e-05
587	22	15	31	36	8	146	0.378825	0.97068	3.70853e-06	9.78956e-06
588	22	16	39	40	16	78	0.522568	0.649	3.34563e-06	6.40229e-06
589	21	19	95	118	25	527	0.0324278	3.42874	1.12401e-06	3.4662e-05
590	21	15	64	73	24	183	0.248642	1.39174	3.44222e-06	1.38441e-05
591	22	20	61	66	14	239	0.195268	1.63338	3.20716e-06	1.64244e-05
592	19	14	53	59	18	126	0.363084	1.01312	3.63999e-06	1.00252e-05
593	19	15	71	85	14	566	0.0326994	3.4204	1.14027e-06	3.48714e-05
594	18	14	99	118	19	557	0.0278272	3.58174	1.0089e-06	3.6256e-05
595	17	11	22	28	9	62	0.611378	0.49204	2.98034e-06	4.87479e-06
596	16	11	29	32	9	69	0.575302	0.55286	3.14835e-06	5.47251e-06
597	20	18	42	50	17	165	0.3149	1.1555	3.64949e-06	1.15894e-05
598	14	10	22	22	11	23	0.77456	0.25546	1.90845e-06	2.46391e-06
599	26	23	110	130	32	716	0.0114702	4.468	5.20537e-07	4.53816e-05
600	19	14	27	29	11	94	0.516066	0.66152	3.42229e-06	6.6315e-06
601	18	14	57	69	21	230	0.200625	1.60632	3.23317e-06	1.61155e-05
602	29	22	106	114	37	341	0.0858615	2.45502	2.1082e-06	2.45534e-05
603	17	11	63	73	9	630	0.0254398	3.67144	9.56399e-07	3.75946e-05
604	27	24	88	108	24	493	0.0410674	3.19254	1.32611e-06	3.2291e-05
605	24	16	68	76	21	237	0.185263	1.68598	3.12771e-06	1.68826e-05
606	21	16	12	13	7	12	0.866893	0.14284	1.18887e-06	1.37142e-06
607	23	20	64	75	17	248	0.176259	1.7358	3.06878e-06	1.74106e-05
608	25	23	41	48	16	101	0.441958	0.81654	3.56923e-06	8.07594e-06
609	25	18	45	53	21	76	0.486538	0.72044	3.42029e-06	7.02985e-06
610	17	13	47	57	11	192	0.26259	1.33716	3.52372e-06	1.34191e-05
611	23	20	43	46	13	186	0.290114	1.23748	3.62044e-06	1.24794e-05
612	27	19	57	67	16	249	0.184398	1.69066	3.137e-06	1.70122e-05
613	20	19	73	84	17	404	0.0751762	2.58792	1.97017e-06	2.62074e-05
614	27	22	74	86	24	278	0.141157	1.95788	2.77029e-06	1.96255e-05
615	29	26	107	117	38	292	0.10818	2.22396	2.39286e-06	2.21193e-05
616	28	23	92	110	24	550	0.0303245	3.4958	1.07447e-06	3.54325e-05
617	27	20	58	65	17	214	0.223219	1.4996	3.35713e-06	1.50396e-05
618	26	23	81	98	21	436	0.0584818	2.83904	1.67831e-06	2.86979e-05
619	25	19	61	75	16	297	0.137284	1.9857	2.74763e-06	2.00141e-05
620	24	16	83	91	25	244	0.162695	1.81588	2.94497e-06	1.81012e-05
621	24	21	49	56	16	120	0.381486	0.96368	3.63826e-06	9.53705e-06
622	23	19	56	66	15	323	0.127227	2.06178	2.65747e-06	2.08876e-05
623	23	18	66	83	14	468	0.0545826	2.90804	1.613e-06	2.95515e-05
624	22	18	59	68	18	221	0.211371	1.55414	3.29335e-06	1.55809e-05
625	28	21	93	116	27	424	0.0555273	2.89088	1.61453e-06	2.90764e-05
626	21	15	22	30	9	115	0.46075	0.7749	3.59557e-06	7.80375e-06
627	20	13	28	34	11	81	0.534395	0.62662	3.32554e-06	6.22301e-06
628	20	15	31	31	11	51	0.634588	0.45478	2.83005e-06	4.45967e-06
629	19	16	42	48	14	109	0.424289	0.85734	3.60688e-06	8.501e-06
630	18	11	42	52	17	118	0.395201	0.92836	3.63783e-06	9.20499e-06
631	28	18	115	137	33	656	0.0149065	4.20596	6.34847e-07	4.25887e-05
632	16	15	25	28	12	36	0.698067	0.35944	2.43858e-06	3.49333e-06
633	15	10	41	45	17	70	0.527503	0.6396	3.30189e-06	6.25947e-06
634	29	23	45	52	19	90	0.455864	0.78556	3.51803e-06	7.71726e-06
635	26	22	67	76	20	398	0.0815059	2.50708	2.07327e-06	2.5437e-05
636	19	14	59	73	10	594	0.0305668	3.48784	1.09068e-06	3.56818e-05
637	8	5	54	63	9	386	0.0940207	2.36424	2.26267e-06	2.40656e-05
638	34	26	72	84	28	213	0.199125	1.61382	3.19775e-06	1.6059e-05
639	16	14	44	53	10	207	0.249439	1.38854	3.48973e-06	1.39903e-05
640	17	13	56	66	17	180	0.263822	1.33248	3.50607e-06	1.32895e-05
641	28	20	66	71	18	210	0.219395	1.51688	3.3273e-06	1.51658e-05
642	20	18	38	42	11	128	0.399892	0.91656	3.66775e-06	9.17185e-06
643	14	12	41	48	16	157	0.33216	1.10214	3.67083e-06	1.10514e-05
644	14	11	34	35	10	63	0.582108	0.5411	3.09859e-06	5.32306e-06
645	25	18	41	42	16	143	0.370441	0.99306	3.69287e-06	9.96885e-06
646	17	14	13	13	8	7	0.889283	0.11734	9.83326e-07	1.10575e-06
647	20	16	88	103	25	344	0.0906055	2.40124	2.18286e-06	2.40919e-05
648	27	22	120	145	22	910	0.00388124	5.5516	2.1943e-07	5.65361e-05
649	32	28	59	74	22	328	0.117947	2.13752	2.54822e-06	2.16048e-05
650	30	23	32	36	15	47	0.627645	0.46578	2.84284e-06	4.52937e-06
651	29	23	65	77	23	248	0.174059	1.74836	3.05013e-06	1.75235e-05
652	28	22	61	67	21	193	0.245352	1.40506	3.44394e-06	1.40367e-05
653	27	20	56	67	19	429	0.0736331	2.60866	1.95688e-06	2.65761e-05
654	23	18	57	63	23	125	0.355888	1.03314	3.62929e-06	1.01978e-05
655	25	17	25	29	14	36	0.693697	0.36572	2.46247e-06	3.54978e-06
656	25	21	73	84	28	174	0.242945	1.41492	3.39802e-06	1.39868e-05
657	24	20	39	46	12	125	0.395985	0.92638	3.6582e-06	9.23824e-06
658	23	17	77	89	12	600	0.0268116	3.61892	9.89449e-07	3.69038e-05
659	23	19	49	57	10	477	0.0613807	2.79066	1.75316e-06	2.8562e-05
660	22	14	43	55	10	223	0.227024	1.4827	3.39476e-06	1.49533e-05
661	22	17	42	46	16	136	0.374381	0.98248	3.67744e-06	9.8227e-06
662	21	18	57	65	13	355	0.10875	2.2187	2.4503e-06	2.25314e-05
663	20	13	29	33	11	77	0.548845	0.59994	3.26784e-06	5.95403e-06
664	20	16	52	58	18	215	0.232064	1.46074	3.41079e-06	1.46976e-05
665	22	19	90	105	28	367	0.0795714	2.5311	2.02325e-06	2.54269e-05
666	18	14	81	97	17	565	0.0304807	3.49066	1.08193e-06	3.54957e-05
667	18	14	22	22	6	38	0.717516	0.33196	2.33975e-06	3.26091e-06
668	17	12	61	74	17	314	0.126676	2.06612	2.64259e-06	2.08609e-05
669	16	11	49	56	11	176	0.286711	1.24928	3.58748e-06	1.25125e-05
670	23	19	33	35	15	92	0.502078	0.689	3.44622e-06	6.86392e-06
671	26	20	59	68	14	240	0.19185	1.65104	3.18287e-06	1.65904e-05
672	19	16	56	69	18	179	0.260222	1.34622	3.48847e-06	1.34057e-05
673	21	17	47	62	15	336	0.122094	2.10296	2.60702e-06	2.13525e-05
674	29	24	72	91	20	506	0.0427631	3.15208	1.36937e-06	3.20221e-05
675	30	24	78	95	19	355	0.0900761	2.4071	2.18208e-06	2.42248e-05
676	19	16	41	58	12	373	0.10367	2.26654	2.39402e-06	2.30926e-05
677	23	20	56	65	23	182	0.26279	1.3364	3.50544e-06	1.33393e-05
678	27	23	77	89	24	244	0.164751	1.80332	2.9636e-06	1.79883e-05
679	32	29	113	129	36	555	0.0262361	3.64062	9.64718e-07	3.67707e-05
680	23	19	62	69	21	251	0.180248	1.71342	3.10592e-06	1.72313e-05
681	25	17	88	99	17	505	0.0408757	3.19722	1.32521e-06	3.24206e-05
682	18	14	69	88	18	380	0.0828569	2.49064	2.08451e-06	2.5158e-05
683	28	20	43	50	14	147	0.345176	1.0637	3.67025e-06	1.0633e-05
684	27	22	68	79	18	237	0.181805	1.70482	3.10013e-06	1.70519e-05
685	20	16	36	41	14	60	0.569225	0.56348	3.13207e-06	5.50234e-06
686	28	21	102	113	21	787	0.00888545	4.72334	4.28229e-07	4.81944e-05
687	30	23	61	75	18	260	0.165796	1.797	2.99231e-06	1.80482e-05
688	22	20	18	23	10	24	0.765796	0.26684	1.97077e-06	2.57349e-06
689	27	21	17	19	10	13	0.830589	0.18562	1.46452e-06	1.76324e-06
690	26	24	70	81	19	258	0.161301	1.82448	2.94869e-06	1.82806e-05
691	25	21	83	100	25	544	0.0332933	3.4024	1.15026e-06	3.45492e-05
692	25	21	127	143	33	570	0.0222583	3.80504	8.53783e-07	3.83579e-05
693	24	20	92	108	20	579	0.026486	3.63114	9.76285e-07	3.68605e-05
694	23	19	33	37	11	61	0.580735	0.54346	3.09514e-06	5.32969e-06
695	23	20	81	90	18	418	0.0674074	2.697	1.83955e-06	2.729e-05
696	22	18	48	57	9	495	0.0559968	2.88246	1.65294e-06	2.95184e-05
697	22	18	75	81	19	312	0.122471	2.09988	2.59024e-06	2.11498e-05
698	21	16	46	48	15	115	0.411503	0.88794	3.62937e-06	8.8198e-06
699	21	17	50	58	15	243	0.201183	1.60354	3.25621e-06	1.61853e-05
700	20	13	46	52	15	121	0.389201	0.94366	3.64463e-06	9.36439e-06
701	19	18	24	24	11	21	0.772734	0.25782	1.90907e-06	2.47054e-06
702	19	14	38	40	10	182	0.307463	1.1794	3.66747e-06	1.19281e-05
703	18	13	71	90	24	274	0.140493	1.9626	2.7591e-06	1.96388e-05
704	17	11	18	25	8	56	0.642364	0.4426	2.81783e-06	4.38665e-06
705	17	15	39	46	13	118	0.410377	0.89068	3.63853e-06	8.86631e-06
706	15	12	31	36	14	44	0.637322	0.45048	2.78508e-06	4.36997e-06
707	26	18	71	77	20	278	0.149365	1.90136	2.85549e-06	1.91175e-05
708	19	16	52	61	18	139	0.335551	1.09198	3.63363e-06	1.08288e-05
709	22	18	18	21	7	44	0.700277	0.35628	2.46726e-06	3.52326e-06
710	21	19	64	68	22	150	0.303601	1.19204	3.58505e-06	1.18084e-05
711	21	20	43	51	11	407	0.0910834	2.39598	2.23191e-06	2.4504e-05
712	26	19	67	70	18	179	0.258593	1.3525	3.48122e-06	1.34622e-05
713	18	16	48	53	15	114	0.400821	0.91424	3.62699e-06	9.04891e-06
714	23	16	18	20	8	43	0.708291	0.3449	2.41788e-06	3.41368e-06
715	14	12	28	29	4	221	0.270031	1.30922	3.61285e-06	1.33794e-05
716	23	16	47	51	12	189	0.276878	1.28418	3.57754e-06	1.2921e-05
717	25	20	49	54	14	170	0.299357	1.20612	3.61647e-06	1.20808e-05
718	18	14	51	61	19	229	0.21204	1.55098	3.31012e-06	1.56108e-05
719	22	19	113	130	25	554	0.0262051	3.6418	9.63667e-07	3.6774e-05
720	24	19	37	52	15	108	0.415879	0.87736	3.6072e-06	8.67366e-06
721	20	16	59	72	15	382	0.0906853	2.40036	2.20919e-06	2.43611e-05
722	29	25	86	99	18	391	0.0731078	2.61582	1.92737e-06	2.63634e-05
723	30	23	86	103	29	316	0.104513	2.25844	2.36244e-06	2.26042e-05
724	28	23	155	178	43	598	0.0154888	4.16764	6.47761e-07	4.18213e-05
725	27	21	65	71	22	219	0.209553	1.56278	3.27823e-06	1.5644e-05
726	26	23	79	92	21	344	0.0970858	2.33216	2.2787e-06	2.3471e-05
727	26	20	116	139	27	448	0.0425226	3.15772	1.34584e-06	3.16499e-05
728	16	14	54	66	19	151	0.305875	1.18458	3.59362e-06	1.17487e-05
729	24	17	91	109	21	680	0.0157247	4.15252	6.64895e-07	4.22834e-05
730	24	20	64	72	12	368	0.097397	2.32896	2.30025e-06	2.36172e-05
731	23	16	56	61	16	251	0.189535	1.66318	3.18035e-06	1.67797e-05
732	22	18	93	100	21	366	0.0825295	2.4946	2.07079e-06	2.50915e-05
733	22	19	26	33	8	206	0.284267	1.25784	3.64096e-06	1.28082e-05
734	21	16	59	74	17	290	0.14317	1.94372	2.8041e-06	1.95858e-05
735	21	17	54	59	18	110	0.393954	0.93152	3.61456e-06	9.17506e-06
736	20	15	51	54	16	228	0.222702	1.50192	3.37673e-06	1.51625e-05
737	19	16	32	40	10	129	0.402887	0.9091	3.67114e-06	9.11209e-06
738	19	13	16	19	11	14	0.826364	0.19072	1.50098e-06	1.81637e-06
739	26	24	70	75	21	219	0.204354	1.5879	3.24305e-06	1.58697e-05
740	17	15	58	67	21	222	0.211621	1.55296	3.29653e-06	1.55776e-05
741	16	15	38	43	9	188	0.292632	1.22884	3.6334e-06	1.24163e-05
742	15	12	18	19	7	29	0.765505	0.26722	2.00054e-06	2.61337e-06
743	26	22	62	71	22	147	0.302528	1.19558	3.57539e-06	1.18184e-05
744	19	15	74	84	24	301	0.12712	2.06262	2.6358e-06	2.07347e-05
745	25	19	48	56	18	196	0.258909	1.35128	3.51473e-06	1.35752e-05
746	29	25	76	84	30	199	0.213863	1.54242	3.27533e-06	1.53151e-05
747	21	19	53	59	21	128	0.3594	1.02332	3.64124e-06	1.01315e-05
748	27	20	111	128	23	772	0.00872956	4.74104	4.2115e-07	4.82441e-05
749	24	21	90	111	19	515	0.0360236	3.32358	1.21145e-06	3.36293e-05
750	19	13	47	51	17	145	0.346532	1.05978	3.6674e-06	1.05831e-05
751	21	15	57	69	14	329	0.12109	2.11122	2.58839e-06	2.13757e-05
752	31	27	84	100	23	339	0.0947134	2.3569	2.24063e-06	2.36569e-05
753	25	23	108	123	28	483	0.0393311	3.23574	1.28244e-06	3.26064e-05
754	18	14	101	114	19	824	0.0073114	4.91832	3.67155e-07	5.02168e-05
755	19	10	47	55	12	240	0.20817	1.5694	3.30087e-06	1.58566e-05
756	27	18	45	56	16	170	0.29562	1.21868	3.60471e-06	1.21937e-05
757	33	29	113	136	27	627	0.0173914	4.05178	7.12897e-07	4.09914e-05
758	31	25	55	63	19	123	0.359536	1.02294	3.62829e-06	1.00916e-05
759	30	24	99	114	26	452	0.0487466	3.02112	1.48439e-06	3.04512e-05
760	29	24	37	44	18	86	0.489231	0.71492	3.45062e-06	7.05315e-06
761	20	16	58	63	19	136	0.336472	1.08924	3.62795e-06	1.07823e-05
762	23	17	78	91	26	207	0.196483	1.62718	3.17031e-06	1.61353e-05
763	26	19	127	147	31	451	0.039825	3.22326	1.28479e-06	3.22609e-05
764	25	23	111	132	34	491	0.0356837	3.33306	1.19681e-06	3.35395e-05
765	24	19	80	92	20	378	0.0816299	2.50556	2.0634e-06	2.52775e-05
766	24	20	50	56	16	114	0.39334	0.93308	3.62591e-06	9.21825e-06
767	23	16	72	85	19	294	0.130916	2.0332	2.6732e-06	2.04192e-05
768	23	16	37	39	10	111	0.444405	0.81102	3.59934e-06	8.09924e-06
769	22	16	24	30	8	86	0.534192	0.627	3.34558e-06	6.26288e-06
770	21	18	98	115	33	455	0.0477059	3.0427	1.463e-06	3.06671e-05
771	21	13	38	44	11	133	0.384958	0.95462	3.67651e-06	9.55041e-06
772	20	14	43	51	13	115	0.403822	0.90678	3.63002e-06	8.98915e-06
773	20	17	107	117	22	631	0.0191997	3.95286	7.70512e-07	4.01314e-05
774	19	16	42	53	14	199	0.259827	1.34774	3.52461e-06	1.35652e-05
775	18	11	27	30	10	52	0.635337	0.4536	2.83129e-06	4.45635e-06
776	17	10	28	30	9	78	0.556438	0.5862	3.24838e-06	5.83782e-06
777	16	13	58	64	8	577	0.0352736	3.34462	1.20884e-06	3.42705e-05
778	19	16	70	80	15	425	0.0692592	2.6699	1.87674e-06	2.70974e-05
779	26	19	80	89	23	288	0.131635	2.02772	2.67565e-06	2.03262e-05
780	12	11	31	33	8	92	0.508424	0.67644	3.43238e-06	6.75103e-06
781	22	18	85	105	18	502	0.039971	3.2196	1.30305e-06	3.25999e-05
782	35	30	81	97	27	292	0.122657	2.09836	2.57462e-06	2.09903e-05
783	21	17	74	88	15	572	0.031122	3.46984	1.10046e-06	3.53596e-05
784	18	14	62	78	16	288	0.14105	1.95864	2.77943e-06	1.97053e-05
785	22	20	93	109	23	533	0.0332793	3.40282	1.14723e-06	3.44728e-05
786	26	23	85	96	24	350	0.0918241	2.38788	2.20521e-06	2.40156e-05
787	23	19	49	65	13	312	0.135417	1.9994	2.74173e-06	2.02467e-05
788	22	14	29	30	17	23	0.736608	0.3057	2.14757e-06	2.91549e-06
789	25	23	75	94	20	409	0.0688228	2.67622	1.8608e-06	2.70376e-05
790	18	13	28	31	7	74	0.56435	0.57208	3.20649e-06	5.68173e-06
791	23	19	117	141	27	1050	0.00194892	6.24048	1.24242e-07	6.3749e-05
792	20	16	70	80	13	487	0.0504839	2.9861	1.53429e-06	3.03917e-05
793	20	18	49	61	19	152	0.314026	1.15828	3.61744e-06	1.15196e-05
794	15	10	18	20	6	42	0.711913	0.3398	2.39242e-06	3.36055e-06
795	30	25	104	124	20	634	0.018095	4.01212	7.36212e-07	4.0686e-05
796	22	21	86	109	21	553	0.0300522	3.50482	1.06792e-06	3.55354e-05
797	28	20	61	71	22	219	0.209553	1.56278	3.27823e-06	1.5644e-05
798	27	25	139	160	34	710	0.00979582	4.6258	4.58015e-07	4.67562e-05
799	26	18	83	100	21	420	0.062662	2.77	1.75207e-06	2.79607e-05
800	25	20	56	63	20	125	0.355888	1.03314	3.62929e-06	1.01978e-05
801	25	23	72	78	27	219	0.20054	1.60674	3.21648e-06	1.60391e-05
802	27	22	66	75	16	728	0.0152405	4.1838	6.54038e-07	4.29145e-05
803	23	17	44	49	14	115	0.408926	0.89422	3.62973e-06	8.87625e-06
804	23	19	104	124	25	669	0.0151369	4.19062	6.44009e-07	4.25456e-05
805	22	16	78	89	23	245	0.163913	1.80842	2.95723e-06	1.80415e-05
806	22	16	53	59	16	124	0.366807	1.00292	3.63833e-06	9.91893e-06
807	21	18	104	133	25	695	0.0125286	4.37974	5.5671e-07	4.44351e-05
808	20	16	52	63	18	146	0.319742	1.14024	3.61745e-06	1.13136e-05
809	20	16	26	33	12	43	0.652764	0.42654	2.70734e-06	4.1475e-06
810	19	12	42	50	11	318	0.144309	1.9358	2.84559e-06	1.97187e-05
811	18	17	35	39	14	75	0.533968	0.62742	3.30336e-06	6.18645e-06
812	22	14	35	43	11	150	0.355212	1.03504	3.69322e-06	1.03972e-05
813	29	24	61	76	17	251	0.172496	1.75738	3.0405e-06	1.76265e-05
814	16	15	26	31	11	58	0.612332	0.49048	2.95855e-06	4.8316e-06
815	14	11	42	50	12	125	0.386161	0.9515	3.65464e-06	9.46403e-06
816	19	12	13	15	9	12	0.856073	0.1554	1.27068e-06	1.48431e-06
817	26	21	71	78	21	534	0.0402261	3.21324	1.31845e-06	3.2776e-05
818	29	22	91	100	22	368	0.0816919	2.5048	2.05846e-06	2.51978e-05
819	21	20	77	87	26	231	0.178269	1.72446	3.06351e-06	1.71847e-05
820	25	22	55	62	18	138	0.335156	1.09316	3.63045e-06	1.08321e-05
821	32	19	41	46	14	103	0.443002	0.81418	3.57472e-06	8.06931e-06
822	22	19	66	75	14	655	0.022115	3.8115	8.63276e-07	3.90358e-05
823	20	17	81	96	26	297	0.120322	2.11758	2.55078e-06	2.11995e-05
824	31	24	87	102	19	561	0.0301473	3.50166	1.0722e-06	3.55654e-05
825	25	17	47	54	16	129	0.368977	0.99702	3.65374e-06	9.90235e-06
826	18	12	44	54	11	194	0.264869	1.32852	3.53759e-06	1.3356e-05
827	21	15	49	57	10	340	0.123445	2.09196	2.62725e-06	2.12828e-05
828	27	18	75	91	20	319	0.110983	2.19838	2.45119e-06	2.20862e-05
829	20	17	37	42	13	94	0.475609	0.74316	3.50301e-06	7.36532e-06
830	22	15	36	43	11	252	0.211139	1.55524	3.33954e-06	1.58168e-05
831	30	20	154	182	29	1046	0.00153756	6.47756	1.01249e-07	6.58508e-05
832	29	21	43	48	18	87	0.474668	0.74514	3.4803e-06	7.33207e-06
833	28	21	95	112	24	522	0.0345427	3.36556	1.17644e-06	3.40577e-05
834	27	24	94	111	22	542	0.0313896	3.46128	1.10064e-06	3.50639e-05
835	26	16	82	93	20	300	0.120749	2.11404	2.55862e-06	2.11896e-05
836	16	13	79	92	16	607	0.0253885	3.67346	9.50672e-07	3.7445e-05
837	25	20	82	100	23	416	0.0639534	2.7496	1.77459e-06	2.77482e-05
838	24	19	40	50	16	165	0.3149	1.1555	3.64949e-06	1.15894e-05
839	23	20	38	43	14	62	0.556415	0.58624	3.18353e-06	5.72151e-06
840	23	15	67	81	13	416	0.0720583	2.63028	1.9222e-06	2.66757e-05
841	22	17	50	54	17	121	0.384343	0.95622	3.64253e-06	9.47729e-06
842	20	18	53	60	17	154	0.312797	1.1622	3.61887e-06	1.15694e-05
843	21	17	77	91	19	312	0.115016	2.16268	2.4975e-06	2.17143e-05
844	20	15	89	107	21	674	0.0164183	4.10936	6.87132e-07	4.18517e-05
845	20	16	39	44	11	129	0.392892	0.93422	3.66878e-06	9.33788e-06
846	19	17	40	44	15	110	0.432869	0.83732	3.60508e-06	8.32835e-06
847	24	18	51	59	17	183	0.271493	1.30382	3.54401e-06	1.30538e-05
848	18	16	41	49	13	111	0.417354	0.87382	3.61584e-06	8.66372e-06
849	17	14	26	33	9	94	0.503264	0.68664	3.45103e-06	6.85729e-06
850	16	12	24	27	9	68	0.596689	0.51636	3.06527e-06	5.13714e-06
851	15	10	34	41	12	105	0.452494	0.79298	3.57169e-06	7.89334e-06
852	19	15	31	35	11	104	0.472272	0.7502	3.54276e-06	7.50152e-06
853	22	20	47	56	11	285	0.164445	1.80518	3.01e-06	1.8304e-05
854	24	22	74	82	19	354	0.0982382	2.32036	2.30249e-06	2.34379e-05
855	21	16	27	34	8	85	0.523604	0.64702	3.36967e-06	6.43554e-06
856	23	17	48	53	14	112	0.40493	0.90404	3.62115e-06	8.94264e-06
857	22	19	82	94	21	325	0.105629	2.24782	2.38451e-06	2.25744e-05
858	17	14	33	38	10	118	0.431521	0.84044	3.63113e-06	8.41473e-06
859	22	21	21	22	14	12	0.819255	0.19936	1.53975e-06	1.87945e-06
860	22	20	59	69	22	254	0.177511	1.72872	3.08705e-06	1.73907e-05
861	25	19	44	53	17	123	0.382839	0.96014	3.64735e-06	9.52711e-06
862	18	12	32	37	8	104	0.466377	0.76276	3.55119e-06	7.61441e-06
863	23	22	57	64	15	209	0.230427	1.46782	3.39131e-06	1.47175e-05
864	26	23	33	34	10	61	0.59178	0.52462	3.05379e-06	5.16034e-06
865	35	25	93	107	26	450	0.0514595	2.96696	1.5412e-06	2.99498e-05
866	33	29	71	81	22	239	0.177714	1.72758	3.06931e-06	1.72711e-05
867	31	24	102	109	31	286	0.117288	2.14312	2.50397e-06	2.13489e-05
868	29	26	60	66	25	142	0.320241	1.13868	3.60927e-06	1.12705e-05
869	28	19	58	67	18	322	0.127077	2.06296	2.65476e-06	2.08909e-05
870	20	18	53	64	16	220	0.217856	1.52392	3.33362e-06	1.5302e-05
871	26	18	36	46	13	81	0.495603	0.70198	3.41985e-06	6.90038e-06
872	26	17	57	65	17	158	0.297007	1.214	3.58313e-06	1.20641e-05
873	25	18	66	74	21	301	0.13536	1.99982	2.73023e-06	2.01702e-05
874	24	20	61	79	14	427	0.0689882	2.67382	1.87284e-06	2.71472e-05
875	24	18	64	73	19	276	0.154735	1.86604	2.90677e-06	1.87854e-05
876	16	13	37	41	11	84	0.503647	0.68588	3.41349e-06	6.77754e-06
877	22	20	70	77	24	277	0.150129	1.89626	2.86211e-06	1.90644e-05
878	22	15	102	121	24	804	0.00774831	4.86028	3.83923e-07	4.95493e-05
879	21	18	71	80	24	225	0.192069	1.6499	3.16353e-06	1.64708e-05
880	21	15	32	39	10	116	0.433215	0.83652	3.62381e-06	8.36491e-06
881	20	18	54	63	10	380	0.0969422	2.33364	2.30207e-06	2.37468e-05
882	19	14	38	47	13	132	0.379705	0.96836	3.67047e-06	9.66662e-06
883	19	14	60	73	21	454	0.0624218	2.77384	1.76299e-06	2.82431e-05
884	18	16	50	56	20	115	0.391339	0.93818	3.62826e-06	9.27138e-06
885	17	12	11	14	4	55	0.691827	0.36842	2.56847e-06	3.71259e-06
886	21	17	52	57	14	152	0.322014	1.13316	3.63675e-06	1.12938e-05
887	26	19	43	50	14	128	0.380298	0.9668	3.65977e-06	9.62343e-06
888	14	10	58	70	12	417	0.0768193	2.5663	2.00559e-06	2.61079e-05
889	17	13	24	28	8	49	0.653286	0.42574	2.73339e-06	4.18406e-06
890	29	21	56	61	17	230	0.210961	1.55608	3.30449e-06	1.56639e-05
891	21	18	58	75	14	527	0.0424809	3.1587	1.36936e-06	3.22348e-05
892	22	16	25	28	11	43	0.673586	0.39514	2.60358e-06	3.86526e-06
893	21	15	43	45	18	67	0.535636	0.6243	3.26742e-06	6.10007e-06
894	25	21	94	116	21	677	0.0152805	4.18118	6.49712e-07	4.25191e-05
895	21	19	84	89	16	455	0.0561673	2.87942	1.64005e-06	2.91994e-05
896	20	16	35	43	16	102	0.453736	0.79024	3.56039e-06	7.84683e-06
897	25	19	63	71	15	402	0.0824074	2.49608	2.09046e-06	2.53673e-05
898	18	13	54	67	17	220	0.21379	1.54276	3.30761e-06	1.54713e-05
899	21	16	36	40	14	80	0.517265	0.6592	3.36665e-06	6.50856e-06
900	27	22	114	130	27	613	0.0193958	3.9427	7.74063e-07	3.99088e-05
901	20	16	32	36	11	84	0.519712	0.65448	3.37569e-06	6.4953e-06
902	26	19	48	58	18	155	0.315139	1.15474	3.62713e-06	1.15096e-05
903	31	26	112	131	29	583	0.0224609	3.79598	8.61853e-07	3.83713e-05
904	22	17	60	70	17	192	0.242004	1.4188	3.42506e-06	1.41529e-05
905	29	22	41	47	13	123	0.39754	0.92246	3.65276e-06	9.18842e-06
906	27	23	139	167	31	863	0.00429605	5.45006	2.37488e-07	5.52807e-05
907	27	20	59	65	21	230	0.205728	1.5812	3.26896e-06	1.58897e-05
908	26	21	59	68	18	227	0.205001	1.58474	3.25945e-06	1.58997e-05
909	25	22	93	104	22	304	0.110414	2.20352	2.43165e-06	2.2023e-05
910	25	19	65	72	17	279	0.153346	1.87506	2.89645e-06	1.88884e-05
911	24	20	72	84	16	619	0.0251117	3.68442	9.44981e-07	3.7631e-05
912	23	15	66	82	25	341	0.104972	2.25406	2.38782e-06	2.27471e-05
913	23	18	79	96	23	415	0.0659156	2.71938	1.81065e-06	2.74692e-05
914	22	15	56	68	16	286	0.151732	1.88564	2.88815e-06	1.90345e-05
915	21	18	104	122	22	892	0.00491551	5.31536	2.66821e-07	5.42814e-05
916	14	12	51	62	16	212	0.229797	1.47056	3.39272e-06	1.4764e-05
917	20	17	100	112	23	1002	0.00298678	5.81356	1.77897e-07	5.95616e-05
918	20	15	50	55	11	193	0.264557	1.3297	3.5343e-06	1.33593e-05
919	19	15	64	71	20	303	0.136534	1.99118	2.74531e-06	2.01071e-05
920	18	18	58	66	17	197	0.241912	1.41918	3.43341e-06	1.41928e-05
921	17	12	48	57	13	180	0.279163	1.27596	3.56812e-06	1.27815e-05
922	16	13	49	54	17	125	0.376582	0.97662	3.64901e-06	9.68982e-06
923	15	11	93	107	17	563	0.0289189	3.54326	1.03975e-06	3.59539e-05
924	14	11	52	60	17	209	0.236289	1.4427	3.42423e-06	1.44917e-05
925	22	15	53	63	20	149	0.314887	1.15554	3.61272e-06	1.1473e-05
926	19	15	16	18	8	25	0.786203	0.24054	1.84316e-06	2.34439e-06
927	21	13	26	29	9	83	0.545845	0.60542	3.30075e-06	6.04704e-06
928	14	12	76	91	11	687	0.0169892	4.07518	7.07416e-07	4.16392e-05
929	30	22	62	70	21	232	0.197345	1.6228	3.21243e-06	1.62782e-05
930	16	13	82	99	18	447	0.0549451	2.90142	1.61203e-06	2.93389e-05
931	31	25	114	122	27	572	0.0251384	3.68336	9.37128e-07	3.72788e-05
932	28	23	102	123	25	500	0.0360647	3.32244	1.20852e-06	3.35097e-05
933	25	19	48	59	17	217	0.228271	1.47722	3.39218e-06	1.48603e-05
934	18	16	41	47	15	105	0.435762	0.83066	3.5872e-06	8.23202e-06
935	23	20	60	70	19	187	0.248255	1.3933	3.44757e-06	1.38872e-05
936	26	21	125	143	21	978	0.00277851	5.88584	1.66811e-07	6.00363e-05
937	20	15	20	25	7	57	0.639096	0.4477	2.83745e-06	4.43978e-06
938	20	17	32	38	11	122	0.422807	0.86084	3.64766e-06	8.62726e-06
939	32	22	101	118	29	374	0.0707615	2.64844	1.87749e-06	2.65326e-05
940	30	24	100	126	24	672	0.014721	4.21848	6.30323e-07	4.28179e-05
941	29	23	57	67	18	231	0.202127	1.59886	3.2453e-06	1.60558e-05
942	28	27	115	130	29	437	0.0475916	3.0451	1.45427e-06	3.05574e-05
943	27	17	47	55	16	169	0.299003	1.2073	3.6132e-06	1.20841e-05
944	16	11	28	31	11	41	0.667791	0.40378	2.62331e-06	3.92834e-06
945	25	21	73	86	13	616	0.0251806	3.68168	9.46403e-07	3.75845e-05
946	25	19	69	80	20	294	0.135092	2.0018	2.72034e-06	2.0137e-05
947	24	19	99	114	25	516	0.0351715	3.34752	1.19062e-06	3.38518e-05
948	23	15	46	51	16	142	0.351875	1.04448	3.66785e-06	1.04237e-05
949	23	19	49	54	10	211	0.242872	1.41522	3.46318e-06	1.42593e-05
950	21	15	47	55	14	289	0.162139	1.8193	2.99311e-06	1.84601e-05
951	22	15	44	51	14	140	0.355482	1.03428	3.66768e-06	1.03175e-05
952	21	17	31	36	13	49	0.621276	0.47598	2.88001e-06	4.63564e-06
953	20	17	40	45	19	51	0.581177	0.5427	3.05114e-06	5.24994e-06
954	20	14	31	37	10	176	0.323046	1.12996	3.69565e-06	1.144e-05
955	19	15	41	48	12	121	0.399101	0.91854	3.64723e-06	9.1386e-06
956	18	14	60	72	14	253	0.175089	1.74246	3.06527e-06	1.75069e-05
957	17	16	45	53	15	153	0.328526	1.11314	3.65357e-06	1.11211e-05
958	17	14	61	71	13	368	0.0980106	2.32268	2.30921e-06	2.35608e-05
959	26	24	64	75	24	250	0.17447	1.746	3.05618e-06	1.75169e-05
960	19	15	52	60	16	202	0.244877	1.407	3.4576e-06	1.41198e-05
961	13	11	19	23	8	40	0.705788	0.34844	2.41635e-06	3.42362e-06
962	11	11	23	24	8	62	0.62693	0.46692	2.9146e-06	4.649e-06
963	21	18	67	80	27	212	0.205235	1.5836	3.23862e-06	1.578e-05
964	19	12	23	26	10	53	0.648184	0.43358	2.77663e-06	4.2837e-06
965	25	18	107	122	23	637	0.0180455	4.01486	7.35037e-07	4.07325e-05
966	16	14	40	45	13	109	0.432359	0.8385	3.60226e-06	8.33166e-06
967	21	16	91	101	26	306	0.111372	2.19488	2.44572e-06	2.196e-05
968	25	21	53	61	18	264	0.177377	1.72948	3.09885e-06	1.74705e-05
969	25	18	75	83	20	243	0.171952	1.76054	3.02576e-06	1.75965e-05
970	18	14	66	73	13	553	0.0376757	3.27874	1.26226e-06	3.35033e-05
971	15	13	103	111	16	668	0.0165085	4.10388	6.89373e-07	4.17587e-05
972	27	21	80	97	18	456	0.0531435	2.93476	1.57858e-06	2.97042e-05
973	20	14	114	139	24	864	0.00509589	5.27932	2.73921e-07	5.37533e-05
974	34	28	80	95	23	281	0.131375	2.0297	2.66598e-06	2.0293e-05
975	32	25	70	80	26	198	0.220425	1.5122	3.31434e-06	1.50362e-05
976	30	23	86	102	23	364	0.0823349	2.49696	2.06645e-06	2.50981e-05
977	29	22	71	87	22	210	0.198422	1.61736	3.18842e-06	1.60689e-05
978	19	16	47	53	13	253	0.197278	1.62314	3.24215e-06	1.64344e-05
979	27	18	49	60	13	208	0.237497	1.4376	3.42912e-06	1.44386e-05
980	26	22	80	91	22	312	0.115016	2.16268	2.4975e-06	2.17143e-05
981	25	19	90	108	16	747	0.0112438	4.48794	5.14817e-07	4.57868e-05
982	25	15	37	42	16	58	0.57146	0.55956	3.1159e-06	5.45252e-06
983	24	20	52	60	15	200	0.247387	1.3968	3.46676e-06	1.40135e-05
984	31	23	101	127	25	904	0.00448077	5.40796	2.47344e-07	5.52013e-05
985	23	19	75	91	17	473	0.0506012	2.98378	1.53163e-06	3.02687e-05
986	22	14	54	59	17	104	0.406196	0.90092	3.59738e-06	8.85626e-06
987	22	18	61	67	15	422	0.0763093	2.57296	1.99963e-06	2.62042e-05
988	21	18	39	43	18	53	0.58255	0.54034	3.05449e-06	5.24331e-06
989	20	14	24	28	10	57	0.627169	0.46654	2.8907e-06	4.60913e-06
990	18	16	61	66	18	187	0.25457	1.36818	3.47779e-06	1.36615e-05
991	19	14	54	67	19	179	0.263511	1.33366	3.50281e-06	1.32928e-05
992	18	16	103	116	18	660	0.0166644	4.09448	6.93503e-07	4.16158e-05
993	18	12	28	31	13	53	0.628148	0.46498	2.86808e-06	4.56594e-06
994	17	12	11	14	7	17	0.839776	0.17462	1.42219e-06	1.69353e-06
995	26	20	83	97	22	294	0.121413	2.10856	2.56139e-06	2.10966e-05
996	15	12	50	61	9	445	0.0704692	2.65258	1.90884e-06	2.70876e-05
997	13	6	2	2	1	1	0.982495	0.01766	1.63122e-07	1.66028e-07
998	23	18	36	43	14	82	0.50246	0.68824	3.40877e-06	6.78417e-06
999	21	19	62	70	18	277	0.156876	1.8523	2.92875e-06	1.86692e-05
1000	21	15	19	21	7	46	0.69317	0.36648	2.51588e-06	3.62953e-06