Well	Directory	num_nuc	avg_nfoci	std_nfoci	num_nuc_no_outl	avg_foci_no_outl	std_foci_no_outl	avg_fitc	avg_fitc_bg	avg_nuc_area	avg_nuc_dapi	avg_p2a	spot_fitc_sum
A1	Foci_processed_22-Oct-2019	225	 1.08	 1.79	187	 0.91	 1.51	4627.60	2661.20	 0.49	20267.49	 1.05	12362.16
A10	Foci_processed_22-Oct-2019	518	 0.47	 1.37	473	 0.37	 0.74	3563.28	2119.08	 0.47	16880.50	 1.05	4092.90
A11	Foci_processed_22-Oct-2019	801	 0.21	 0.75	716	 0.18	 0.51	2582.24	1661.26	 0.46	16947.45	 1.05	1443.22
A12	Foci_processed_22-Oct-2019	801	 0.25	 1.02	704	 0.20	 0.57	2464.74	1711.07	 0.42	2046.88	 1.16	1504.55
A2	Foci_processed_22-Oct-2019	401	 0.57	 1.27	345	 0.52	 1.20	3550.25	2073.58	 0.47	21289.22	 1.04	5444.12
A3	Foci_processed_22-Oct-2019	286	 0.62	 1.11	245	 0.50	 0.87	3794.19	2236.87	 0.48	19217.11	 1.05	5785.19
A4	Foci_processed_22-Oct-2019	193	 0.64	 1.03	167	 0.56	 0.90	2630.67	1716.37	 0.48	16739.06	 1.05	4253.08
A5	Foci_processed_22-Oct-2019	319	 0.32	 0.80	268	 0.25	 0.56	3303.83	2036.34	 0.46	22000.86	 1.05	2247.09
A6	Foci_processed_22-Oct-2019	317	 0.33	 0.80	279	 0.27	 0.65	3258.07	2016.86	 0.46	19426.94	 1.05	2972.69
A7	Foci_processed_22-Oct-2019	801	 0.39	 0.72	685	 0.37	 0.67	3600.27	2217.30	 0.47	17766.18	 1.05	3987.47
A8	Foci_processed_22-Oct-2019	445	 0.22	 0.53	387	 0.21	 0.54	3045.29	1882.88	 0.46	16950.48	 1.05	1905.98
A9	Foci_processed_22-Oct-2019	527	 0.30	 0.81	465	 0.28	 0.83	3569.49	2165.13	 0.44	2715.66	 1.09	2958.75
B1	Foci_processed_22-Oct-2019	444	 0.65	 1.17	391	 0.57	 1.04	2883.67	1807.24	 0.48	19724.70	 1.05	5354.48
B10	Foci_processed_22-Oct-2019	6	 0.00	 0.00	5	 0.00	 0.00	2528.05	1718.13	 0.38	836.05	 1.61	 0.00
B11	Foci_processed_22-Oct-2019	801	 0.26	 0.71	737	 0.23	 0.63	3439.67	2370.35	 0.41	27236.38	 1.05	2305.73
B12	Foci_processed_22-Oct-2019	641	 0.75	 1.50	529	 0.67	 1.38	3544.47	2103.82	 0.49	16350.00	 1.05	6732.62
B2	Foci_processed_22-Oct-2019	237	 0.27	 0.64	210	 0.23	 0.59	2655.04	1692.77	 0.45	22674.66	 1.04	1908.55
B3	Foci_processed_22-Oct-2019	801	 0.30	 0.77	691	 0.23	 0.58	2464.48	1580.11	 0.45	23782.82	 1.04	1796.29
B4	Foci_processed_22-Oct-2019	141	 0.08	 0.29	130	 0.07	 0.28	2462.86	1495.29	 0.47	16754.85	 1.04	515.48
B5	Foci_processed_22-Oct-2019	736	 0.32	 0.69	645	 0.29	 0.63	2805.88	1777.17	 0.45	24600.99	 1.05	2375.21
B6	Foci_processed_22-Oct-2019	402	 0.44	 0.82	348	 0.40	 0.78	2997.84	1755.74	 0.46	25733.50	 1.04	3597.91
B7	Foci_processed_22-Oct-2019	459	 0.43	 1.02	397	 0.36	 0.78	3810.03	2284.85	 0.45	23464.16	 1.05	3731.90
B8	Foci_processed_22-Oct-2019	518	 0.50	 1.51	465	 0.46	 1.13	3226.55	1960.24	 0.46	9265.43	 1.04	4917.83
B9	Foci_processed_22-Oct-2019	590	 0.59	 1.23	506	 0.52	 1.09	3675.32	2160.20	 0.47	20471.94	 1.05	5926.80
C1	Foci_processed_22-Oct-2019	219	 0.91	 1.79	191	 0.75	 1.49	3535.90	2039.24	 0.48	22306.64	 1.04	7463.92
C10	Foci_processed_22-Oct-2019	195	 0.52	 0.92	167	 0.50	 0.78	3192.80	1984.60	 0.54	9243.28	 1.07	5258.54
C11	Foci_processed_22-Oct-2019	53	 0.94	 1.49	41	 1.02	 1.46	3402.62	2108.85	 0.52	7317.61	 1.08	11554.24
C12	Foci_processed_22-Oct-2019	701	 0.69	 1.31	601	 0.59	 1.07	3665.68	2285.55	 0.50	16311.64	 1.06	6940.41
C2	Foci_processed_22-Oct-2019	183	 0.69	 1.75	157	 0.53	 1.14	3175.84	1899.35	 0.47	20696.51	 1.04	7204.46
C3	Foci_processed_22-Oct-2019	323	 0.12	 0.39	270	 0.11	 0.36	2199.55	1401.66	 0.45	22859.49	 1.04	802.12
C4	Foci_processed_22-Oct-2019	315	 0.31	 1.24	291	 0.21	 0.53	2974.55	1854.19	 0.44	24120.92	 1.04	1839.68
C5	Foci_processed_22-Oct-2019	715	 0.44	 1.22	633	 0.38	 0.91	3631.08	2156.85	 0.46	24981.92	 1.04	4015.57
C6	Foci_processed_22-Oct-2019	398	 0.26	 0.85	351	 0.26	 0.87	3722.12	2205.84	 0.46	22432.01	 1.04	2927.75
C7	Foci_processed_22-Oct-2019	271	 0.38	 0.76	257	 0.39	 0.77	3825.48	2200.36	 0.46	25536.39	 1.04	4260.20
C8	Foci_processed_22-Oct-2019	143	 0.36	 1.17	131	 0.31	 0.78	2908.82	1838.62	 0.47	19322.60	 1.05	2663.45
C9	Foci_processed_22-Oct-2019	428	 0.14	 0.65	392	 0.11	 0.41	2650.51	1632.77	 0.48	17724.47	 1.04	1000.29
D1	Foci_processed_22-Oct-2019	212	 0.93	 1.58	187	 0.88	 1.30	3991.89	2352.14	 0.51	11091.54	 1.06	10937.37
D10	Foci_processed_22-Oct-2019	585	 0.29	 0.83	488	 0.27	 0.68	2377.16	1455.46	 0.56	17575.53	 1.06	1836.12
D11	Foci_processed_22-Oct-2019	384	 0.20	 0.62	327	 0.19	 0.61	2250.46	1474.16	 0.71	13779.42	 1.09	2018.72
D12	Foci_processed_22-Oct-2019	405	 0.17	 0.59	339	 0.12	 0.40	2258.65	1493.51	 0.58	15936.10	 1.09	881.01
D2	Foci_processed_22-Oct-2019	632	 0.75	 1.23	548	 0.74	 1.14	4140.91	2423.15	 0.49	17570.49	 1.04	8724.16
D3	Foci_processed_22-Oct-2019	147	 0.84	 1.43	115	 0.92	 1.49	3599.68	2143.51	 0.51	13558.93	 1.05	10013.08
D4	Foci_processed_22-Oct-2019	314	 0.56	 0.95	278	 0.54	 0.89	2868.47	1759.01	 0.51	15658.78	 1.05	4856.49
D5	Foci_processed_22-Oct-2019	416	 0.33	 0.69	362	 0.30	 0.62	2212.85	1477.23	 0.50	18060.61	 1.05	1961.80
D6	Foci_processed_22-Oct-2019	167	 0.46	 0.70	142	 0.50	 0.70	2322.70	1426.12	 0.51	17187.05	 1.06	3330.79
D7	Foci_processed_22-Oct-2019	437	 0.14	 0.47	383	 0.14	 0.46	2650.78	1544.71	 0.50	23619.70	 1.05	1016.68
D8	Foci_processed_22-Oct-2019	162	 0.42	 1.02	133	 0.29	 0.65	2058.88	1410.55	 0.70	12722.50	 1.08	1861.20
D9	Foci_processed_22-Oct-2019	535	 0.10	 0.40	467	 0.07	 0.30	2057.18	1332.44	 0.51	19984.16	 1.06	567.14
E1	Foci_processed_22-Oct-2019	416	 0.42	 0.91	340	 0.40	 0.82	2052.91	1341.71	 0.60	13871.29	 1.06	2459.81
E10	Foci_processed_22-Oct-2019	217	 0.16	 0.65	193	 0.09	 0.34	2896.87	1787.94	 0.46	18151.58	 1.05	929.35
E11	Foci_processed_22-Oct-2019	478	 0.20	 0.55	418	 0.19	 0.51	3944.34	2356.62	 0.48	17820.17	 1.05	2649.98
E12	Foci_processed_22-Oct-2019	354	 0.26	 0.73	315	 0.26	 0.74	2914.49	1739.61	 0.49	19789.69	 1.04	2130.92
E2	Foci_processed_22-Oct-2019	312	 0.43	 1.02	249	 0.37	 0.85	2166.60	1485.39	 0.57	15274.12	 1.07	2226.17
E3	Foci_processed_22-Oct-2019	212	 0.38	 0.96	175	 0.30	 0.62	2240.69	1550.41	 0.54	15241.53	 1.06	1814.65
E4	Foci_processed_22-Oct-2019	414	 0.50	 0.98	350	 0.46	 0.90	1861.39	1251.17	 0.63	14700.20	 1.06	2619.15
E5	Foci_processed_22-Oct-2019	226	 0.24	 0.62	191	 0.15	 0.41	2584.63	1575.91	 0.50	14819.39	 1.05	1130.05
E6	Foci_processed_22-Oct-2019	173	 0.42	 0.87	137	 0.36	 0.74	2033.83	1302.45	 0.66	13686.57	 1.07	2232.99
E7	Foci_processed_22-Oct-2019	118	 0.23	 0.60	99	 0.24	 0.62	1757.17	1285.51	 0.98	8963.82	 1.12	1988.81
E8	Foci_processed_22-Oct-2019	294	 0.17	 0.46	247	 0.18	 0.48	2003.44	1295.31	 0.59	15464.47	 1.07	1074.43
E9	Foci_processed_22-Oct-2019	239	 0.60	 1.35	208	 0.50	 0.93	3729.37	2272.84	 0.49	15262.47	 1.05	5767.87
F1	Foci_processed_22-Oct-2019	297	 0.25	 0.62	267	 0.25	 0.63	2659.77	1757.09	 0.46	20899.53	 1.05	1846.89
F10	Foci_processed_22-Oct-2019	77	 0.52	 0.77	66	 0.48	 0.66	2909.32	1741.45	 0.49	21693.41	 1.04	4569.58
F11	Foci_processed_22-Oct-2019	290	 0.49	 1.10	247	 0.35	 0.73	3437.01	2058.05	 0.48	20778.17	 1.05	3966.51
F12	Foci_processed_22-Oct-2019	125	 0.63	 1.07	103	 0.44	 0.74	3367.81	2028.15	 0.50	16281.62	 1.05	4077.94
F2	Foci_processed_22-Oct-2019	520	 0.35	 0.70	454	 0.32	 0.65	2971.22	1867.62	 0.46	22197.40	 1.04	2905.57
F3	Foci_processed_22-Oct-2019	364	 0.35	 1.05	304	 0.25	 0.60	3287.80	2003.97	 0.48	13153.07	 1.06	2442.51
F4	Foci_processed_22-Oct-2019	568	 0.40	 0.96	490	 0.30	 0.68	2864.68	1801.40	 0.49	16943.75	 1.05	2585.38
F5	Foci_processed_22-Oct-2019	554	 0.40	 0.89	481	 0.36	 0.73	3505.88	2120.89	 0.48	17961.33	 1.05	3606.98
F6	Foci_processed_22-Oct-2019	469	 0.19	 0.58	391	 0.16	 0.50	2326.11	1537.00	 0.48	18761.00	 1.05	1116.13
F7	Foci_processed_22-Oct-2019	473	 0.40	 1.26	413	 0.29	 0.80	3204.10	1955.29	 0.48	21433.68	 1.04	2688.81
F8	Foci_processed_22-Oct-2019	425	 0.26	 0.72	381	 0.25	 0.65	3354.60	2068.05	 0.49	17698.48	 1.05	2834.89
F9	Foci_processed_22-Oct-2019	459	 0.12	 0.70	396	 0.08	 0.26	2716.73	1693.07	 0.45	22184.91	 1.05	796.31
G1	Foci_processed_22-Oct-2019	147	 0.39	 0.78	134	 0.40	 0.81	3179.82	1942.72	 0.51	12297.11	 1.04	3520.27
G10	Foci_processed_22-Oct-2019	147	 0.66	 1.30	121	 0.74	 1.38	3509.55	2049.94	 0.51	14698.29	 1.04	8118.48
G11	Foci_processed_22-Oct-2019	345	 0.32	 1.07	292	 0.25	 0.60	3694.23	2254.26	 0.50	12326.24	 1.06	2700.86
G12	Foci_processed_22-Oct-2019	791	 0.38	 1.08	694	 0.29	 0.74	2960.50	1932.12	 0.50	16671.35	 1.06	2488.90
G2	Foci_processed_22-Oct-2019	318	 0.53	 1.20	281	 0.49	 0.92	3536.21	2158.08	 0.50	15376.64	 1.05	4805.69
G3	Foci_processed_22-Oct-2019	314	 0.47	 0.90	271	 0.47	 0.89	3056.58	1852.73	 0.50	20516.31	 1.04	3902.79
G4	Foci_processed_22-Oct-2019	304	 0.03	 0.19	279	 0.03	 0.18	2296.37	1480.89	 0.48	18041.46	 1.04	141.56
G5	Foci_processed_22-Oct-2019	238	 0.21	 0.53	204	 0.21	 0.54	3156.88	1840.07	 0.48	23562.23	 1.04	1773.12
G6	Foci_processed_22-Oct-2019	411	 0.35	 0.83	350	 0.31	 0.76	3477.79	2014.31	 0.48	19954.54	 1.04	3159.26
G7	Foci_processed_22-Oct-2019	279	 0.26	 0.66	234	 0.23	 0.58	2993.76	1917.05	 0.51	9809.89	 1.07	2285.15
G8	Foci_processed_22-Oct-2019	519	 0.39	 1.36	466	 0.31	 0.69	3387.37	2099.76	 0.49	13375.97	 1.05	3490.47
G9	Foci_processed_22-Oct-2019	328	 0.31	 0.75	280	 0.30	 0.73	3230.24	2007.03	 0.48	17051.25	 1.05	2572.34
H1	Foci_processed_22-Oct-2019	255	 0.25	 0.61	225	 0.18	 0.50	3046.36	1927.71	 0.49	10767.36	 1.05	1477.19
H10	Foci_processed_22-Oct-2019	202	 0.10	 0.38	170	 0.07	 0.28	3401.45	1964.02	 0.52	13884.51	 1.05	633.25
H11	Foci_processed_22-Oct-2019	152	 0.18	 0.57	135	 0.19	 0.59	3436.10	2059.72	 0.52	13686.79	 1.06	1994.19
H12	Foci_processed_22-Oct-2019	343	 0.26	 0.61	298	 0.27	 0.63	3312.47	2047.60	 0.54	11523.71	 1.07	2561.36
H2	Foci_processed_22-Oct-2019	272	 0.33	 1.56	245	 0.21	 0.51	3577.65	2143.58	 0.50	14643.71	 1.05	1941.19
H3	Foci_processed_22-Oct-2019	234	 0.46	 0.93	207	 0.49	 0.96	3574.47	2069.52	 0.50	15723.07	 1.05	5017.58
H4	Foci_processed_22-Oct-2019	325	 0.12	 0.41	287	 0.09	 0.33	3607.28	2081.32	 0.48	18182.37	 1.04	1105.32
H5	Foci_processed_22-Oct-2019	425	 0.28	 0.72	369	 0.24	 0.62	3724.98	2196.00	 0.49	15783.61	 1.05	2927.53
H6	Foci_processed_22-Oct-2019	330	 0.08	 0.38	283	 0.04	 0.20	3188.40	1904.17	 0.48	14248.03	 1.05	349.98
H7	Foci_processed_22-Oct-2019	332	 0.05	 0.33	290	 0.02	 0.20	3128.47	1880.06	 0.49	17279.31	 1.05	446.33
H8	Foci_processed_22-Oct-2019	249	 0.27	 0.69	217	 0.24	 0.62	2994.22	1759.76	 0.49	13889.02	 1.05	1880.13
H9	Foci_processed_22-Oct-2019	151	 0.21	 0.77	126	 0.16	 0.71	3698.20	2157.11	 0.51	10886.96	 1.06	1096.51
